Date,Open,High,Low,Close,Volume,OpenInt
20070724,36.9,36.9,33.8,34.5,712043,0
20070725,32.9,33.74,32.01,33.74,54174,0
20070726,33.1,34.45,32.5,34,56400,0
20070727,32.4,33.5,32.4,32.8,3341,0
20070730,32.25,32.9,32,32.1,11436,0
20070731,31.1,32,31,32,12906,0
20070801,30.2,31.9,30.15,30.9,1670,0
20070802,30.31,31,29.9,30,21747,0
20070803,29.96,30.75,29.4,30.4,7620,0
20070806,31,31,30,30,5038,0
20070807,30.55,31,30.5,31,7002,0
20070808,31.1,31.4,30,31,3157,0
20070809,31.94,31.94,30.8,30.95,868,0
20070810,30,30.44,29,30.3,21641,0
20070813,30,31.3,29,31.3,23965,0
20070814,29.75,30.44,29.7,30.44,4824,0
20070816,29,29.8,25.5,26,12962,0
20070817,25.5,26.5,24.74,26.5,3211,0
20070820,26.9,26.9,25.74,26.26,465,0
20070821,26.26,26.26,25,25.65,13279,0
20070822,26.05,29.2,26.05,29.2,35119,0
20070823,29.4,29.4,28.13,29,1901,0
20070824,29.39,29.39,28,28.99,604,0
20070827,29.5,29.95,29,29.65,2719,0
20070828,30.3,30.3,29,29,860,0
20070829,28.5,29.5,27.5,29,1178,0
20070830,29.85,29.9,27.6,28.8,1688,0
20070831,29.99,29.99,28.6,29.7,414,0
20070903,29.99,30,29,30,7870,0
20070904,30.45,30.45,30,30,1026,0
20070905,30,30,28.11,29.7,6125,0
20070906,30.1,30.1,29.1,30,2972,0
20070907,30.47,30.47,29,30,915,0
20070910,29.4,30.3,29.4,30,5758,0
20070911,29.11,30.85,29.11,30,687,0
20070912,29.1,30.95,29.1,30.95,23467,0
20070913,31.49,31.49,30.2,31.3,895,0
20070914,31.3,31.3,30.5,30.5,1178,0
20070917,30.48,30.48,29.5,30.3,1914,0
20070918,30.3,30.3,30,30.05,1058,0
20070919,30.11,30.3,30.02,30.1,1151,0
20070920,29.51,30.07,29.51,30.07,2030,0
20070921,29.56,30.07,29.56,30,3106,0
20070924,30,30,29.45,29.74,151,0
20070925,29.55,30.45,29.45,30.45,8050,0
20070926,30.44,31.2,30.44,31,55894,0
20070927,31.23,31.5,30.71,31.02,1840,0
20070928,31,31,30.05,30.9,1313,0
20071001,30.11,30.11,29.7,30,399,0
20071002,30.02,30.49,29.7,30.49,2206,0
20071003,29.61,30.17,29.61,30.17,23527,0
20071004,30,30.1,30,30.1,157,0
20071005,31,31,30,30.85,4834,0
20071008,30,30.84,30,30.84,490,0
20071009,30.01,30.85,30.01,30.85,908,0
20071010,30.85,30.85,30.85,30.85,29,0
20071011,30.01,30.85,30.01,30.85,1080,0
20071012,30.1,30.99,30.1,30.99,1522,0
20071015,30.15,33,30.15,33,9540,0
20071016,33,34.45,32.3,34.45,4814,0
20071017,35,36,33.25,34.7,16205,0
20071018,34.7,34.7,33.25,34.39,1023,0
20071019,33.4,33.4,31.21,33,4829,0
20071022,32.5,32.5,30,30.81,4635,0
20071023,31.45,31.45,30.6,31,872,0
20071024,31.19,31.19,30.12,31.15,642,0
20071025,30.19,31,30.19,31,1466,0
20071026,31,31,30.01,30.5,1186,0
20071029,30.7,31.49,30.05,31.49,950,0
20071030,30.99,31.94,30.99,31.94,303,0
20071031,31.99,32,31.18,32,1264,0
20071105,30.5,32.4,30.5,31,232,0
20071106,31,31.49,30.5,31.4,1517,0
20071107,30.28,31,29.7,30,1424,0
20071108,30,30.98,28.6,30.98,3396,0
20071109,30.01,30.01,30.01,30.01,50,0
20071112,29.5,31,29.5,31,76,0
20071113,29.61,31.51,29.61,31.51,310,0
20071114,32.99,32.99,31,32.3,400,0
20071115,32.01,32.01,29.6,30.9,1255,0
20071116,30.5,30.85,30.5,30.85,406,0
20071119,31.3,31.3,30.5,30.5,7322,0
20071120,29.55,30,29.5,29.7,633,0
20071121,30.5,31.3,30.5,30.85,9955,0
20071122,29,30.85,28.5,28.5,3772,0
20071123,30.3,30.3,23.66,23.76,67543,0
20071126,24.4,24.8,24,24.39,6221,0
20071127,24.49,24.7,24,24.5,16008,0
20071128,24,24,23.9,24,966,0
20071129,24.9,24.9,24.03,24.5,1347,0
20071130,24.7,24.7,24.5,24.5,36,0
20071203,23.66,24.4,23.66,24.35,179,0
20071204,23.66,24.2,23.32,24.19,1461,0
20071205,23.8,23.8,23.6,23.8,1243,0
20071206,24.45,24.45,24.4,24.43,221,0
20071207,24.3,25.2,23.71,24.89,423,0
20071210,25.15,25.15,23.81,24.5,405,0
20071211,24.5,24.5,23.81,24.3,575,0
20071212,24.3,24.3,23.5,24.3,1018,0
20071213,24.49,24.49,23.55,23.6,384,0
20071214,23.6,24.2,23.5,24.2,1019,0
20071217,24.35,24.35,24.35,24.35,2,0
20071218,23.5,24.32,23.5,24.2,3826,0
20071219,23.7,24,23.7,24,211,0
20071220,23.5,23.9,23.5,23.85,6161,0
20071221,23.9,24.25,23.5,24.14,4953,0
20071227,23.65,24.39,23.65,24.36,67,0
20071228,24.38,24.38,24.37,24.37,547,0
20080103,23.05,23.8,23.02,23.8,215,0
20080104,23.6,23.6,23.6,23.6,40,0
20080107,23.5,23.5,23.5,23.5,70,0
20080108,23.3,23.4,23.02,23.4,32,0
20080109,23.31,23.31,23.31,23.31,30,0
20080110,23.01,23.01,23,23,368,0
20080111,22,22.49,19.99,20,2454,0
20080114,19.5,19.5,18.2,19.4,466,0
20080115,18.5,18.95,16.91,16.91,752,0
20080116,17,17,15.1,16.4,728,0
20080117,16.35,16.39,16,16,600,0
20080118,15.99,15.99,15.03,15.49,729,0
20080121,15.5,15.5,14.83,15,420,0
20080122,14.5,14.93,13.06,14.89,851,0
20080123,16,16,14.9,15,339,0
20080124,15.93,15.94,15.6,15.94,1728,0
20080125,15.94,16.21,15.94,16.21,148,0
20080128,16.2,17.23,14.7,17.23,1041,0
20080129,17.43,17.44,17.39,17.44,912,0
20080130,17.6,17.92,17.6,17.92,181,0
20080131,17.89,17.89,17.5,17.5,573,0
20080201,17.89,17.94,16.78,17.94,84,0
20080204,17.94,18.5,17.94,18.5,455,0
20080205,18.2,18.2,18.2,18.2,100,0
20080206,18.58,18.58,18.58,18.58,10,0
20080208,17.01,18.39,17.01,18.39,14,0
20080211,18,18,17,17.79,3640,0
20080212,18.4,18.4,16.8,18,2039,0
20080213,17.89,17.95,17.89,17.95,135,0
20080214,17.02,18.39,17,18.3,1494,0
20080215,17.95,18.29,17.1,18.29,478,0
20080218,18.29,18.29,18.29,18.29,5,0
20080219,18.29,18.29,18.29,18.29,2,0
20080220,17.6,18,17.6,18,2286,0
20080222,18.28,18.3,18.28,18.29,606,0
20080225,18.29,18.29,18.29,18.29,65,0
20080226,18.27,18.27,17.3,18.24,479,0
20080227,17.3,18.19,17.3,18.19,94,0
20080228,18,18,18,18,300,0
20080303,18.15,18.15,18,18.15,139,0
20080304,18.15,18.15,18.15,18.15,10,0
20080305,18.15,18.15,18.15,18.15,100,0
20080306,18.15,18.15,18.15,18.15,5,0
20080307,18,18,18,18,30,0
20080310,18,18,18,18,28,0
20080311,18,18,18,18,41,0
20080312,18.15,18.15,18,18,292,0
20080313,17.7,18,17.3,18,639,0
20080314,18,18.29,18,18.29,31,0
20080317,17.99,17.99,17.2,17.97,800,0
20080318,17.83,18.29,17.83,18.29,2479,0
20080319,18.55,18.88,18.29,18.88,2095,0
20080320,18.83,18.83,18,18.31,231,0
20080325,18.82,18.82,18.82,18.82,1000,0
20080326,18.5,19.27,18.5,19.27,309,0
20080327,19.17,19.17,19.17,19.17,14,0
20080328,19.17,19.29,19.17,19.2,1100,0
20080331,19.2,19.2,19.2,19.2,10,0
20080401,19.29,19.6,19.29,19.6,294,0
20080402,20.01,20.01,19.4,19.6,1288,0
20080403,19.6,19.6,19.31,19.6,322,0
20080404,21,21,20.49,20.49,745,0
20080407,20.29,20.29,19.6,19.6,112,0
20080408,20.29,20.29,19.6,19.6,28469,0
20080409,20.27,20.27,20.27,20.27,22,0
20080410,20.27,20.27,20.27,20.27,49,0
20080414,20,20,20,20,14,0
20080415,19.89,19.89,19.89,19.89,12,0
20080416,19.88,19.88,19.88,19.88,12,0
20080417,19,20.19,19,20.19,1240,0
20080418,19.82,20.1,19.8,20.1,3549,0
20080421,19.15,20,19.1,20,4379,0
20080422,20.29,21.5,20.29,21.4,24009,0
20080423,21.35,21.4,20.84,20.84,330,0
20080424,21.1,21.39,21.1,21.39,647,0
20080425,21.36,22.8,21.1,22.8,946,0
20080428,23,23.77,22.8,23.77,219,0
20080429,24.25,24.25,24,24,268,0
20080430,23.99,23.99,23,23.95,218,0
20080505,23.92,23.92,23.79,23.79,66,0
20080506,21.55,23.77,21.55,23.74,327,0
20080507,23,23.66,22.8,23.66,26970,0
20080508,23,23.47,22.5,23.47,52431,0
20080509,23,23,23,23,152506,0
20080512,22,22.03,22,22,1320,0
20080513,22,23,22,23,582,0
20080514,22.99,23,22.99,23,1684,0
20080515,23.1,23.1,23.1,23.1,749,0
20080516,22.5,22.6,22.5,22.5,654,0
20080519,22.5,22.5,22.01,22.1,10669,0
20080520,21.99,21.99,21.99,21.99,15,0
20080521,21.99,21.99,21.99,21.99,15,0
20080523,21.89,21.89,21.88,21.88,148,0
20080526,21.88,21.88,21.88,21.88,13,0
20080528,22,22.45,22,22.45,740,0
20080529,22.45,22.46,22,22.46,36,0
20080530,22.44,22.44,22.44,22.44,20,0
20080602,22.46,22.5,22.46,22.5,373,0
20080603,22.05,22.6,22.05,22.06,1122,0
20080604,22.1,22.11,22.1,22.11,260,0
20080605,23.02,23.02,23.02,23.02,15,0
20080606,22.5,22.99,22.5,22.99,1001,0
20080609,22.2,22.99,22.2,22.99,261,0
20080610,22.2,22.6,22,22.6,833,0
20080611,22.98,23.98,22.02,22.02,1158,0
20080612,22.6,23.1,22.2,22.97,1129,0
20080613,22.9,22.99,22.9,22.9,855,0
20080616,23,23.8,23,23.54,1114,0
20080617,23.54,23.54,23.54,23.54,20,0
20080618,22.16,23.4,22.16,23.4,335,0
20080619,22.51,23.39,22.5,23.36,117,0
20080620,23.29,23.29,23.2,23.2,34,0
20080623,22.71,23.2,22.71,23.2,146,0
20080624,22.55,23,22.55,23,126,0
20080625,23.2,23.6,22.4,23.48,176,0
20080626,23.5,23.5,23.5,23.5,50,0
20080627,23.2,23.2,23.2,23.2,10,0
20080630,22.5,23.8,22.5,23.5,79,0
20080701,22.41,23.64,22.41,23.64,50,0
20080702,23.65,23.8,22,22,30946,0
20080703,22,23,22,23,981,0
20080704,22.5,22.99,22.5,22.99,231,0
20080707,22.1,22.49,22.1,22.47,68,0
20080708,21.3,21.94,21.3,21.94,283,0
20080709,21.95,22.18,21.95,22.18,734,0
20080710,22,22,22,22,1009,0
20080711,22,22,21.8,22,29086,0
20080715,21.5,21.69,21,21.69,11695,0
20080716,21.68,21.68,21.68,21.68,1005,0
20080717,22.09,22.18,21.8,22.18,10731,0
20080718,22,22.18,22,22.05,5472,0
20080721,22,22.14,22,22.14,7155,0
20080723,22.3,22.99,22.3,22.99,1278,0
20080724,23,23.5,22.55,23.5,2127,0
20080725,23.17,23.18,23.17,23.18,45,0
20080728,23.18,23.18,23.18,23.18,30,0
20080729,23.2,23.2,23.2,23.2,10,0
20080730,23,23.25,23,23.25,45,0
20080731,23.5,23.5,23,23,1400,0
20080801,23,23,23,23,110,0
20080804,22.6,22.6,22.6,22.6,150,0
20080805,23.2,23.2,22.9,22.9,101,0
20080806,23.4,23.4,23.29,23.29,252,0
20080807,22,23.19,22,22,8031,0
20080808,22,22,20,20.5,1245,0
20080811,19,20.99,19,20.99,106,0
20080812,20.5,20.98,20.5,20.98,351,0
20080813,20.8,20.99,20.5,20.99,213,0
20080814,20.99,20.99,20.99,20.99,30,0
20080818,20.99,21.57,20.99,21.57,60,0
20080819,21,21.4,20,20.99,2721,0
20080820,21.57,21.57,18.7,19.66,5701,0
20080821,19.58,19.58,18.25,18.25,28,0
20080822,19,19,19,19,5,0
20080825,19.48,19.94,19.45,19.94,1104,0
20080826,20.2,20.2,20.2,20.2,1,0
20080827,20.3,20.48,20.3,20.48,210,0
20080828,20.35,20.35,20.35,20.35,71,0
20080829,20.4,20.4,19.6,20.08,636,0
20080901,20.2,20.2,20.2,20.2,10,0
20080902,20.08,20.2,20.08,20.2,60,0
20080903,20.25,20.25,20.25,20.25,10,0
20080904,20.29,20.29,20.29,20.29,15,0
20080905,19.5,19.5,19.5,19.5,400,0
20080908,19.4,19.4,19.4,19.4,511,0
20080909,19.4,19.4,19.4,19.4,20,0
20080910,18.8,19.4,18.8,19.4,642,0
20080911,19.4,19.4,19.4,19.4,20,0
20080912,19.38,19.38,18.6,19.38,415,0
20080915,19.3,19.3,19.3,19.3,2070,0
20080916,19.24,19.24,19.24,19.24,10,0
20080917,18.5,18.5,18,18.5,794,0
20080918,19.25,19.3,19.25,19.3,105,0
20080919,19.3,19.3,19.3,19.3,36,0
20080922,19.2,19.23,18.41,19.23,75,0
20080923,19.29,19.29,19.29,19.29,5,0
20080924,19.18,19.18,19.16,19.16,305,0
20080926,19.28,19.28,19.28,19.28,5,0
20080929,18.5,18.89,18.5,18.89,444,0
20080930,19.29,19.29,19.29,19.29,2,0
20081001,19.19,19.19,16.5,16.5,14033,0
20081002,17.5,17.5,16,16,686,0
20081003,15,15.75,15,15.75,1030,0
20081006,15,15,12.77,12.77,6569,0
20081007,13.5,13.5,10.83,11.5,3353,0
20081008,11,11.5,11,11.5,57,0
20081009,12.9,12.9,12.9,12.9,10,0
20081010,13.3,13.3,11,11,180,0
20081013,13,13,11,11,769,0
20081014,12.8,12.8,10.99,11,7666,0
20081015,11,11.5,10.02,10.02,1343,0
20081016,10.02,10.02,9.1,9.4,1500,0
20081017,10.5,11.97,10,11.85,1629,0
20081020,11.89,11.97,11.89,11.97,51,0
20081021,11.9,12.5,11.9,12.5,77,0
20081022,12.5,12.5,12.5,12.5,1,0
20081023,13.16,13.16,11.45,13.02,407,0
20081024,12.68,12.68,12.68,12.68,5,0
20081029,12.5,12.5,12.5,12.5,109,0
20081030,12.79,12.79,12.79,12.79,2,0
20081031,12.5,12.5,12.49,12.5,495,0
20081103,12.45,12.45,12.45,12.45,4,0
20081104,12.4,12.4,12.4,12.4,10,0
20081105,11.4,12,10.5,12,1584,0
20081106,11.5,11.55,11.5,11.55,417,0
20081107,11.3,11.45,11.3,11.45,1000,0
20081110,11.49,12.25,11.49,12.17,59,0
20081112,11.63,12.16,10.51,12.16,1269,0
20081114,11,12.1,11,12.1,820,0
20081117,12.2,12.25,12,12.2,788,0
20081118,12.22,12.22,12.22,12.22,2,0
20081119,12.21,12.21,12.21,12.21,14,0
20081120,10.6,12.08,10.6,12.08,633,0
20081121,11,12,11,12,152,0
20081124,11.97,11.97,11.97,11.97,10,0
20081126,11.96,11.96,11.96,11.96,200,0
20081127,11.97,11.97,11.97,11.97,800,0
20081128,11.96,11.96,11.96,11.96,200,0
20081201,12,12,11.6,11.96,244,0
20081202,11.5,11.96,11.5,11.96,104,0
20081204,11.96,11.96,11.96,11.96,501,0
20081205,11.94,11.96,11.94,11.96,500,0
20081208,11.96,11.96,11.96,11.96,5,0
20081209,11.41,11.6,11.4,11.6,780,0
20081210,11.05,11.55,11,11.5,1204,0
20081211,11,11.5,11,11.5,681,0
20081212,10,11.45,10,11.45,2566,0
20081215,11.03,11.42,10.1,11.42,375,0
20081216,11.43,11.43,10.27,11,711,0
20081217,11,11.14,10,11.14,2354,0
20081218,11.13,11.13,11.13,11.13,2,0
20081219,11.13,11.13,11.13,11.13,1,0
20081222,10.98,10.98,10,10,250,0
20081223,9.5,10,9.5,9.98,340,0
20081229,10.92,10.92,10.5,10.5,3,0
20081230,10.93,10.93,9.44,10,371,0
20081231,10,10,10,10,78,0
20090105,10.89,10.89,10.78,10.78,110,0
20090106,10.42,10.78,9.74,10.75,176,0
20090107,10.7,10.7,10.7,10.7,30,0
20090108,10.69,10.69,10.69,10.69,18,0
20090109,10.69,10.69,10.69,10.69,8,0
20090112,10.69,10.69,10.63,10.63,137,0
20090113,10.65,10.65,10,10.09,829,0
20090114,10.7,10.7,9.5,9.5,1737,0
20090115,9.5,9.5,8.7,9,3566,0
20090116,9.89,9.89,8.88,8.88,429,0
20090119,9.15,9.15,8.45,9.08,122,0
20090120,9.08,9.08,9.08,9.08,5,0
20090121,8.4,9.19,8.3,9.19,190,0
20090122,9.19,9.19,9.19,9.19,2,0
20090126,9.16,9.16,9.16,9.16,2,0
20090127,8,8.1,7.85,8.1,217,0
20090128,8.2,8.2,7.7,8,204,0
20090129,8.8,9.25,8.8,9.25,250,0
20090130,9.35,9.37,9.25,9.25,515,0
20090202,9.35,9.35,9.35,9.35,10,0
20090204,9.46,9.46,9.46,9.46,2,0
20090205,8.5,8.7,8.5,8.7,964,0
20090206,9.46,9.46,8,9.36,228,0
20090209,9.41,9.41,8.4,8.87,1710,0
20090210,9.71,9.71,8.45,8.72,487,0
20090212,9.1,9.1,8,8,1552,0
20090213,7.99,8.2,7.7,8.19,1151,0
20090216,8.19,8.19,8,8.19,511,0
20090217,7.2,7.2,7.2,7.2,708,0
20090218,7.5,8.16,6.74,8.16,518,0
20090219,8.79,8.79,7.58,7.58,1337,0
20090220,7.56,8.05,7.09,7.09,212,0
20090223,7.78,7.78,7.78,7.78,6,0
20090224,7.71,8,6.79,7.28,174,0
20090225,8,8,8,8,2,0
20090226,8.2,8.2,7,7.98,103,0
20090227,7.5,7.98,7.5,7.98,247,0
20090302,7.95,7.95,7.95,7.95,2,0
20090303,7.6,7.6,7.58,7.58,12,0
20090304,7,7,6.6,7,3979,0
20090305,6.99,7,6.6,7,2875,0
20090306,7.7,7.7,7.7,7.7,100,0
20090309,7.47,7.47,6.9,7.15,1167,0
20090310,7.3,7.8,7.3,7.8,581,0
20090312,7.02,7.02,6.97,6.99,1867,0
20090313,6.99,7.7,6.99,7.25,123,0
20090316,7.45,7.45,7.45,7.45,1,0
20090317,6.81,7.49,6.81,7.47,401,0
20090318,7.47,7.47,7.47,7.47,200,0
20090320,7,7.35,7,7.35,394,0
20090323,7.24,7.24,6.45,6.9,16785,0
20090324,6.99,7,6.7,6.95,8894,0
20090325,7.01,7.1,6.56,6.98,5091,0
20090326,7.13,7.68,6.82,7.3,20613,0
20090327,7.5,7.5,6.8,7,13268,0
20090330,7,7.28,6.5,6.5,9668,0
20090331,7.25,7.25,6.7,6.87,22919,0
20090401,6.9,7.15,6.9,6.9,4566,0
20090402,6.91,7.69,6.8,7.3,17525,0
20090403,7.71,7.9,7.51,7.72,8581,0
20090406,7.71,7.75,7.55,7.55,10384,0
20090407,7.51,7.51,7.2,7.5,930,0
20090408,7.6,7.82,7.37,7.82,5250,0
20090409,8,9.1,8,8.9,15534,0
20090414,8.7,10.54,8.7,10.35,13100,0
20090415,10.35,11.45,10.1,11.25,4806,0
20090416,11.69,12.8,11.52,12.45,12406,0
20090417,12.6,12.6,10.61,10.85,12603,0
20090420,10.61,10.61,9.6,9.78,21698,0
20090421,9.51,9.75,9.5,9.7,22783,0
20090422,9.85,11,9.85,10.42,82762,0
20090423,10.5,10.5,9.73,10,105860,0
20090424,9.99,9.99,9.3,9.7,12707,0
20090427,9.17,9.44,9.06,9.3,7886,0
20090428,9.35,9.6,8.8,9.29,7753,0
20090429,9.39,9.78,9.3,9.78,3634,0
20090430,9.99,10.49,9.9,9.91,7654,0
20090504,10.27,10.27,9.52,9.89,6491,0
20090505,10.05,10.3,9.6,9.94,10029,0
20090506,9.94,10.25,9.7,9.84,6096,0
20090507,9.93,9.93,9.55,9.65,3212,0
20090508,9.6,9.8,9.16,9.2,4401,0
20090511,9.38,9.38,8.95,9,4356,0
20090512,9.18,9.18,8.94,9,7534,0
20090513,9.01,9.01,8.61,8.61,6458,0
20090514,8.6,8.79,8.21,8.49,4686,0
20090515,8.5,8.51,8.35,8.48,4932,0
20090518,8.5,8.5,7.7,8.1,4404,0
20090519,8.35,8.85,8.3,8.4,4193,0
20090520,8.4,8.5,8.15,8.15,6266,0
20090521,8.3,8.3,8.1,8.3,431,0
20090522,8.3,8.3,7.81,8,4924,0
20090525,7.82,7.82,7.25,7.3,26082,0
20090526,7.31,7.31,7.15,7.2,12764,0
20090527,7.38,7.38,7.1,7.2,27692,0
20090528,7.34,7.4,6.7,7,11967,0
20090529,7.2,7.2,7,7.1,7264,0
20090601,7.28,8.55,7.28,8.1,20861,0
20090602,8.25,8.44,7.82,7.86,12874,0
20090603,8.09,8.6,8,8.23,14816,0
20090604,8.03,8.37,7.91,8.24,7791,0
20090605,8.31,8.48,8.2,8.28,11165,0
20090608,8.2,8.39,7.81,8,41402,0
20090609,8,8.1,8,8,14500,0
20090610,8.28,8.6,8.05,8.3,32120,0
20090612,8.59,8.77,8.3,8.55,4615,0
20090615,8.6,8.8,8.25,8.49,20639,0
20090616,8.36,8.48,7.81,8.45,6802,0
20090617,8.4,8.45,8.13,8.13,1458,0
20090618,8.11,8.22,8.09,8.22,2363,0
20090619,8.14,8.47,8.02,8.33,9798,0
20090622,8.39,8.39,7.74,7.78,5502,0
20090623,7.59,7.64,7.3,7.55,2943,0
20090624,7.55,7.7,7.55,7.7,930,0
20090625,7.73,7.9,7.55,7.7,2068,0
20090626,7.75,7.95,7.7,7.71,5244,0
20090629,7.6,7.95,7.6,7.95,4898,0
20090630,7.85,7.9,7.85,7.86,1021,0
20090701,7.9,7.9,7.75,7.89,217,0
20090702,8,8,7.71,7.71,1678,0
20090703,7.6,7.6,7.46,7.52,2366,0
20090706,7.58,7.75,7.58,7.58,1879,0
20090707,7.74,7.75,7.6,7.75,1923,0
20090708,7.75,7.75,7.75,7.75,25,0
20090709,7.8,7.8,7.7,7.75,583,0
20090710,7.72,7.75,7.41,7.41,1111,0
20090713,7.41,7.58,7.41,7.58,1041,0
20090714,7.33,7.46,7.31,7.31,1377,0
20090715,7.57,7.85,7.57,7.72,4474,0
20090716,7.72,7.72,7.5,7.72,1748,0
20090717,7.95,7.95,7.75,7.8,4462,0
20090720,7.85,8.2,7.85,8.15,4216,0
20090721,8.15,8.39,8.15,8.3,7908,0
20090722,8.35,8.35,8.05,8.2,1975,0
20090723,8.2,8.35,8.17,8.35,4978,0
20090724,8.41,8.44,8.14,8.44,6549,0
20090727,8.45,8.8,8.33,8.78,5941,0
20090728,8.69,8.72,8.5,8.5,6009,0
20090729,8.51,8.51,8.32,8.47,636,0
20090730,8.35,8.65,8.35,8.65,4675,0
20090731,8.7,9.2,8.7,9,17684,0
20090803,9.16,9.5,9.1,9.49,4277,0
20090804,9.7,9.9,9.3,9.45,6429,0
20090805,9.48,9.48,9.22,9.4,5841,0
20090806,9.35,9.35,9.16,9.2,1577,0
20090807,9.16,9.16,8.8,8.98,10557,0
20090810,9,9,8.55,8.6,27441,0
20090811,8.9,8.95,8.39,8.39,23610,0
20090812,8.22,8.4,8.2,8.3,6499,0
20090813,8.62,8.8,8.35,8.35,13044,0
20090814,8.6,8.75,8.45,8.45,22504,0
20090817,8.58,8.58,8.19,8.35,9726,0
20090818,8.45,8.69,8.45,8.69,13723,0
20090819,8.7,9.56,8.7,9.56,70452,0
20090820,9.8,9.8,9.31,9.49,29357,0
20090821,9.6,9.89,9.35,9.8,30313,0
20090824,10.04,10.5,10.04,10.4,28505,0
20090825,10.89,10.93,10.21,10.76,21309,0
20090826,11,11.28,10.7,10.75,21953,0
20090827,10.75,11,10.5,10.5,9084,0
20090828,10.5,10.7,9.5,9.99,32644,0
20090831,10,10.05,9.85,10,14367,0
20090901,10.03,10.03,9.35,9.66,13061,0
20090902,9.4,9.4,8.7,8.72,28396,0
20090903,8.8,9.4,8.8,9.06,16712,0
20090904,9.33,9.34,9,9.01,10992,0
20090907,9.06,9.45,9,9,21289,0
20090908,9.35,9.35,9.15,9.25,15565,0
20090909,9.25,9.3,9.22,9.25,3430,0
20090910,9.5,9.5,8.9,9,22634,0
20090911,8.85,8.86,8.61,8.75,7069,0
20090914,8.8,8.8,8.25,8.5,10236,0
20090915,8.71,8.71,8.1,8.45,16573,0
20090916,8.55,9.2,8.55,8.85,10193,0
20090917,9.01,9.15,8.9,8.9,14485,0
20090918,8.91,9.1,8.85,8.9,4617,0
20090921,8.9,9.1,8.9,8.91,1574,0
20090922,9.1,9.1,8.32,8.32,98108,0
20090923,8.59,8.79,8.45,8.45,9716,0
20090924,8.5,8.57,8.45,8.56,5722,0
20090925,8.56,8.57,8.41,8.52,4933,0
20090928,8.57,8.6,8.45,8.6,4796,0
20090929,8.64,8.65,8.55,8.56,2948,0
20090930,8.6,8.9,8.6,8.85,10880,0
20091001,8.8,8.8,8.62,8.66,501,0
20091002,8.65,8.65,8.36,8.48,3463,0
20091005,8.49,8.69,8.36,8.64,2130,0
20091006,8.5,8.64,8.5,8.63,5530,0
20091007,8.63,8.88,8.6,8.8,11854,0
20091008,8.86,8.86,8.71,8.8,3924,0
20091009,8.7,8.88,8.7,8.75,3643,0
20091012,8.89,8.9,8.77,8.87,5550,0
20091013,8.8,8.9,8.8,8.8,7808,0
20091014,8.75,8.85,8.6,8.8,2510,0
20091015,8.71,8.8,8.71,8.8,2034,0
20091016,8.7,8.7,8.7,8.7,611,0
20091019,8.84,8.85,8.7,8.79,9109,0
20091020,8.81,9.45,8.72,9.16,32367,0
20091021,9.24,9.5,8.72,9.27,28057,0
20091022,9.3,9.3,8.7,8.87,10075,0
20091023,8.98,9.09,8.92,9.08,4151,0
20091026,9.07,9.07,8.72,8.98,1137,0
20091027,8.9,8.9,8.63,8.63,3745,0
20091028,8.6,8.6,8.35,8.6,3242,0
20091029,8.63,8.78,8.4,8.78,4197,0
20091030,8.85,8.85,8.73,8.8,3841,0
20091102,8.79,8.8,8.7,8.79,3512,0
20091103,9,9,8.6,8.75,7161,0
20091104,8.75,8.88,8.75,8.88,4330,0
20091105,8.9,9.44,8.88,9,49232,0
20091106,9.4,9.4,9.1,9.1,47538,0
20091109,9.2,9.45,9.2,9.3,33037,0
20091110,9.33,9.64,9.33,9.52,34590,0
20091112,9.65,9.9,9.55,9.7,57595,0
20091113,9.7,9.8,9.35,9.5,24266,0
20091116,9.7,9.85,9.6,9.7,16660,0
20091117,9.95,10.47,9.9,10.2,30114,0
20091118,10.3,10.35,9.81,9.9,11337,0
20091119,9.85,9.89,9.41,9.41,11252,0
20091120,9.5,9.65,9.3,9.45,9061,0
20091123,9.45,9.45,9.31,9.4,14373,0
20091124,9.4,9.5,9.19,9.5,7354,0
20091125,9.25,9.48,9.22,9.47,4498,0
20091126,9.21,9.27,9.02,9.15,9133,0
20091127,8.9,8.95,8.72,8.9,9943,0
20091130,9.16,9.16,8.83,9.03,4495,0
20091201,9.05,9.44,9.05,9.43,9940,0
20091202,9.43,9.55,9.26,9.4,7056,0
20091203,9.4,9.4,9.26,9.26,2581,0
20091204,9.07,9.38,8.85,9.08,9583,0
20091207,8.91,8.91,8.51,8.52,39988,0
20091208,8.54,8.69,8.32,8.32,32173,0
20091209,8.32,8.52,8.3,8.3,13627,0
20091210,8.3,8.4,8.11,8.22,7155,0
20091211,8.4,8.45,8.3,8.4,16825,0
20091214,8.48,8.48,8.26,8.38,2807,0
20091215,8.45,8.45,8.24,8.39,8353,0
20091216,8.39,8.39,8.14,8.25,15735,0
20091217,8.26,8.26,7.8,7.82,17932,0
20091218,7.81,7.97,7.55,7.9,8655,0
20091221,7.81,7.82,7.61,7.67,7119,0
20091222,7.7,7.8,7.6,7.8,13242,0
20091223,7.89,7.89,7.65,7.72,5215,0
20091228,7.75,7.88,7.4,7.56,17955,0
20091229,7.6,7.98,7.6,7.95,11721,0
20091230,7.8,7.99,7.8,7.8,3880,0
20091231,7.82,7.93,7.82,7.86,3036,0
20100104,7.9,8.44,7.7,8.3,10043,0
20100105,8.43,8.75,8.35,8.72,22735,0
20100106,8.7,8.7,8.35,8.65,8649,0
20100107,8.44,8.69,8.44,8.65,4330,0
20100108,8.55,8.68,8.55,8.66,6171,0
20100111,8.69,9.1,8.61,9,23338,0
20100112,8.98,9,8.61,8.75,11879,0
20100113,8.6,8.86,8.2,8.35,13253,0
20100114,8.46,8.6,8.46,8.56,7979,0
20100115,8.58,8.75,8.56,8.65,4051,0
20100118,8.65,8.7,8.5,8.68,2831,0
20100119,8.68,8.68,8.4,8.63,2717,0
20100120,8.6,8.65,8.51,8.65,2139,0
20100121,8.65,8.65,8.26,8.53,6191,0
20100122,8.3,8.45,8.26,8.45,7826,0
20100125,8.26,8.45,8.26,8.45,7358,0
20100126,8.21,8.4,8.1,8.3,3733,0
20100127,8.35,8.4,8.25,8.35,3383,0
20100128,8.3,8.45,8.3,8.4,4683,0
20100129,8.32,8.7,8.3,8.66,8801,0
20100201,8.67,8.67,8.52,8.63,4687,0
20100202,8.63,8.72,8.51,8.69,2054,0
20100203,8.69,8.98,8.62,8.83,7721,0
20100204,8.82,8.85,8.6,8.6,17320,0
20100205,8.45,8.5,8.3,8.5,35359,0
20100208,8.45,8.59,8.45,8.57,6718,0
20100209,8.57,8.57,8.57,8.57,241,0
20100210,8.5,8.53,8.5,8.53,282,0
20100211,8.57,8.57,8.5,8.57,4192,0
20100212,8.57,8.94,8.57,8.92,24641,0
20100215,9.06,9.25,8.94,9,22789,0
20100216,9.23,9.23,8.6,8.9,11345,0
20100217,8.97,10.09,8.97,9.92,91005,0
20100218,9.91,10.35,9.75,9.9,36507,0
20100219,9.9,10.25,9.81,10.07,32853,0
20100222,10.2,10.7,10.11,10.7,39705,0
20100223,10.75,11.65,10.73,11.49,61955,0
20100224,11.5,12.18,11.03,11.25,31250,0
20100225,11.04,11.3,10.73,10.76,23336,0
20100226,10.73,10.98,10.73,10.97,8555,0
20100301,10.99,11.8,10.97,11.8,13513,0
20100302,11.93,11.93,11.5,11.7,12600,0
20100303,11.52,11.85,11.52,11.85,8168,0
20100304,11.7,11.73,11.6,11.6,6892,0
20100305,11.7,12.1,11.7,12.04,16135,0
20100308,12.1,12.6,12.1,12.55,52572,0
20100309,12.6,13.5,12.4,13.41,14851,0
20100310,13.45,13.89,13.45,13.89,18859,0
20100311,13.94,14.4,13.52,13.8,13519,0
20100312,13.25,13.93,13.25,13.7,12232,0
20100315,13.73,14.4,13.13,14.39,22530,0
20100316,14.02,14.79,14,14.79,23221,0
20100317,14.7,14.8,14.52,14.65,10083,0
20100318,14.75,14.75,14,14.51,3643,0
20100319,14.5,14.5,13.71,13.72,8004,0
20100322,13.6,13.6,12.75,12.9,17119,0
20100323,12.86,12.9,12.61,12.85,6491,0
20100324,12.9,13.3,12.9,13.05,6643,0
20100325,12.9,13.8,12.8,13.58,34746,0
20100326,13.58,14,13.58,13.7,4022,0
20100329,13.67,14.2,13.67,14.2,6765,0
20100330,14.21,14.9,14.21,14.55,17221,0
20100331,14.6,15.04,14.6,15.02,15511,0
20100401,15,15.45,14.92,15.42,24332,0
20100406,15.49,15.88,15.31,15.5,18169,0
20100407,15.5,15.5,14.31,14.8,5816,0
20100408,14.77,14.77,14.04,14.15,5682,0
20100409,14.13,14.59,14.13,14.5,47080,0
20100412,14.16,14.39,14.16,14.39,1026,0
20100413,14.39,14.4,14.21,14.31,2846,0
20100414,14.25,14.39,14.2,14.37,2256,0
20100415,14.37,14.55,14.1,14.15,1236,0
20100416,14.39,14.39,13.41,14,3308,0
20100419,13.9,14,13.39,13.95,4365,0
20100420,13.93,14.36,13.93,14.01,3409,0
20100421,14.25,14.4,13.95,14.4,2644,0
20100422,14.4,14.43,14.11,14.12,2912,0
20100423,14.3,14.3,13.6,14,5175,0
20100426,14,14.35,13.53,14.35,16585,0
20100427,14.35,14.6,14.18,14.6,13081,0
20100428,14.37,14.55,13.8,14.35,5238,0
20100429,14.35,14.37,13.91,14.34,2192,0
20100430,14.37,14.37,13.9,14.29,2588,0
20100504,14.4,14.4,13.92,13.98,3209,0
20100505,13.97,13.97,13.55,13.87,1353,0
20100506,13.65,13.8,13.6,13.74,3116,0
20100507,13.3,13.5,13.01,13.4,7853,0
20100510,13.4,14,13.4,13.6,11224,0
20100511,13.3,13.75,13,13.19,4925,0
20100512,13.39,13.4,12.9,13.29,8834,0
20100513,13.48,13.5,13.18,13.4,3963,0
20100514,13.3,13.5,13.02,13.5,8000,0
20100517,13.01,13.3,13.01,13.29,1136,0
20100518,12.95,13.19,12.95,13,5108,0
20100519,12.8,12.8,12.35,12.5,6739,0
20100520,12.48,12.48,12.3,12.4,19653,0
20100521,12.2,12.99,12.2,12.9,36225,0
20100524,12.9,13.77,12.9,13.62,2629,0
20100525,13.58,13.77,13.2,13.77,32302,0
20100526,13.9,14.47,13.9,14.35,4977,0
20100527,14.49,14.49,13.64,14.28,4052,0
20100528,14.38,14.38,14.28,14.33,2263,0
20100531,14.39,14.39,13.51,14.2,5416,0
20100601,14.29,14.29,13.99,14.05,1522,0
20100602,13.99,14,13.94,13.94,1318,0
20100604,13.94,14.05,13.65,13.9,1446,0
20100607,13.21,13.51,13.21,13.5,973,0
20100608,13.5,13.6,13.49,13.6,1324,0
20100609,13.6,13.6,13.2,13.55,571,0
20100610,13.06,13.25,13.06,13.25,39,0
20100611,13.31,13.31,13.25,13.25,388,0
20100614,13.11,13.2,12.86,13.2,1318,0
20100615,13.2,13.2,12.9,13,668,0
20100616,13,13,12.6,12.79,2214,0
20100617,12.6,12.6,12.23,12.23,3168,0
20100618,12.23,12.3,11.5,12.25,3088,0
20100621,11.91,12.6,11.91,12.55,4647,0
20100622,12.6,12.98,12.6,12.98,20905,0
20100623,13.19,13.19,12.4,12.4,14886,0
20100624,12.6,12.6,12.4,12.6,1672,0
20100625,12.96,12.96,12.51,12.9,996,0
20100628,12.96,12.96,12.89,12.89,263,0
20100629,12.8,12.88,12.01,12.8,1404,0
20100630,12.6,12.6,12.1,12.4,453,0
20100701,12.01,12.25,12,12.03,3994,0
20100702,12.3,13.58,12.04,13.23,13141,0
20100705,13.3,13.3,12.81,13.04,3186,0
20100706,13.1,13.3,12.86,13,1065,0
20100707,13.3,13.3,13.24,13.24,253,0
20100708,13.24,13.9,12.85,13.65,3681,0
20100709,13.6,13.8,13.6,13.75,800,0
20100712,13.87,13.89,13.75,13.89,9912,0
20100713,13.9,14.15,13.85,13.9,2498,0
20100714,14,14.5,14,14.07,7119,0
20100715,14.27,14.4,14.1,14.12,2698,0
20100716,14.36,14.37,14.36,14.36,652,0
20100719,14.3,14.3,14,14,1740,0
20100720,13.92,14,13.92,14,308,0
20100721,14,14.35,13.85,14.02,8790,0
20100722,14.34,14.34,13.95,14.3,2466,0
20100723,14.34,15.2,14.34,14.71,21601,0
20100726,15,15.3,14.99,15.3,5130,0
20100727,15.5,16.99,15.5,16.75,19828,0
20100728,17,17.15,16.41,17.1,12563,0
20100729,17.05,17.1,16.7,17,5897,0
20100730,17.07,17.4,16.9,16.9,6032,0
20100802,16.9,17.3,16.72,17.01,2763,0
20100803,17,17,16.25,16.4,2751,0
20100804,16.4,16.55,15.96,16.55,3488,0
20100805,16.73,17.11,16.73,17,3304,0
20100806,16.8,18.05,16.8,17.8,16511,0
20100809,18,18.3,17.62,18.25,11352,0
20100810,18.25,18.25,17.88,18.15,3220,0
20100811,17.61,17.95,17.6,17.78,8677,0
20100812,17.22,17.55,17.22,17.3,5992,0
20100813,17.3,18,17.3,17.34,1989,0
20100816,17.8,18.19,17.4,18.15,66942,0
20100817,18.19,18.99,18.19,18.99,6677,0
20100818,18.99,19,18.65,18.99,6850,0
20100819,18.8,18.95,18.66,18.66,21267,0
20100820,18.21,18.74,18.21,18.23,7195,0
20100823,18.7,18.7,18.45,18.59,2473,0
20100824,18.6,19.48,18.5,18.5,12720,0
20100825,18.33,18.9,18.32,18.8,33794,0
20100826,18.98,19.15,18.58,19.15,4685,0
20100827,19.14,19.5,18.8,19.4,7001,0
20100830,19.05,19.75,18.99,19.48,4088,0
20100831,19.25,19.49,18.8,19.3,30981,0
20100901,18.95,19.2,18.3,19,42227,0
20100902,19.3,19.48,18.85,19.44,19387,0
20100903,19.44,19.9,19.44,19.9,6230,0
20100906,20.1,20.8,20,20.35,4149,0
20100907,20.4,20.78,20.35,20.52,2011,0
20100908,20.5,20.95,20.02,20.95,109975,0
20100909,21,21,20.01,20.75,4047,0
20100910,20.2,20.49,20.15,20.49,1568,0
20100913,20.1,20.97,20.1,20.85,15024,0
20100914,20.97,21,20.13,20.45,2112,0
20100915,20.99,21,20.45,20.75,143866,0
20100916,20.9,22.49,20.9,22.49,10662,0
20100917,22.47,22.47,21.71,21.88,8065,0
20100920,22.44,22.44,21.32,21.99,4671,0
20100921,22.18,22.18,20.62,21.4,6430,0
20100922,21.4,21.4,20.06,20.69,7236,0
20100923,20.16,20.48,20.11,20.4,3401,0
20100924,20.01,20.86,20.01,20.86,4563,0
20100927,20.9,21.49,20.25,21.45,2706,0
20100928,20.72,21.3,20.72,21.18,2841,0
20100929,21.19,21.19,20.58,21.08,22971,0
20100930,21.2,21.3,20.63,20.74,7938,0
20101001,20.76,21.4,20.76,21.4,9863,0
20101004,21.49,21.58,21.11,21.57,1444,0
20101005,21.6,21.6,20.81,21.6,3157,0
20101006,21.84,22,21.5,22,6524,0
20101007,21.95,22,21.56,22,3766,0
20101008,22,22,21.8,21.85,4468,0
20101011,21.83,22,21.7,21.93,7309,0
20101012,21.93,21.93,21.21,21.8,8111,0
20101013,21.8,22.8,21.4,22.8,10587,0
20101014,23,23,22.7,22.8,22900,0
20101015,22.9,23.51,22.81,23.51,9771,0
20101018,23.91,26.1,23.91,25,15263,0
20101019,24.99,25.05,24.31,24.8,9025,0
20101020,24.9,25,24.8,24.94,14330,0
20101021,24.98,25,24.41,24.87,14837,0
20101022,24.42,25.5,24.42,24.95,13071,0
20101025,24.8,25.4,24.65,24.65,18767,0
20101026,24.65,24.65,24.31,24.5,8154,0
20101027,24.3,24.8,24.02,24.8,9096,0
20101028,24.9,25.25,24.72,25.25,8811,0
20101029,25.25,25.65,25.25,25.25,16272,0
20101102,25.25,25.7,25.25,25.55,19198,0
20101103,25.55,25.65,25.36,25.55,18355,0
20101104,25.75,25.95,25.55,25.9,7047,0
20101105,25.99,25.99,25.7,25.98,3426,0
20101108,25.98,25.98,25.8,25.85,2192,0
20101109,25.85,25.85,24.82,24.93,5458,0
20101110,24.95,24.95,24.04,24.04,5170,0
20101112,24.1,24.4,24.1,24.35,3524,0
20101115,24.1,24.1,23.13,23.36,3453,0
20101116,21,21,20,20.25,45972,0
20101117,20.15,20.15,18.69,19.45,16052,0
20101118,19.89,19.9,19.5,19.61,5151,0
20101119,19.75,20.37,19.7,19.8,3310,0
20101122,19.8,20.29,19.8,19.9,7770,0
20101123,19.99,19.99,18,18.28,8100,0
20101124,18,18,16.23,16.58,33877,0
20101125,16.56,16.98,16.12,16.4,9557,0
20101126,15.9,15.95,15.25,15.28,11312,0
20101129,15.5,15.94,15.1,15.6,6955,0
20101130,15.85,17.6,15.6,16.86,20021,0
20101201,17.39,17.47,16.7,16.9,10175,0
20101202,17.1,17.18,16.9,17.09,3764,0
20101203,17.1,17.68,16.9,17.65,6295,0
20101206,17.7,18.6,17.6,17.89,8354,0
20101207,17.95,17.95,17.25,17.48,4716,0
20101208,17.89,17.89,16.84,17.21,1700,0
20101209,17.21,17.25,16.91,16.91,1685,0
20101210,16.95,17.2,16.4,16.85,3508,0
20101213,16.86,16.86,16.2,16.4,2273,0
20101214,16.4,16.6,15.91,16.05,6746,0
20101215,16.27,16.56,15.75,15.99,5665,0
20101216,15.8,16.04,15.55,15.91,4258,0
20101217,15.55,16.04,15.55,15.8,5021,0
20101220,15.8,15.8,15.2,15.25,2956,0
20101221,15.3,16,15.25,15.96,3395,0
20101222,15.25,16.5,15.25,16.1,2354,0
20101223,16.1,16.1,16,16.1,639,0
20101227,16,16,15.25,15.83,2448,0
20101228,15.93,15.93,15.32,15.6,1028,0
20101229,15.6,15.6,15.27,15.35,3099,0
20101230,15.33,15.5,15.28,15.5,1464,0
20101231,15.3,15.3,15.01,15.01,2148,0
20110103,15.01,15.37,15,15.34,1348,0
20110104,15.01,15.49,15.01,15.3,3882,0
20110105,15.3,15.3,13.95,14.49,13174,0
20110107,14.5,14.5,14.1,14.1,4760,0
20110110,14.1,14.18,13.7,14,5706,0
20110111,14,14.3,13.6,14.3,6347,0
20110112,14.3,14.7,14.29,14.7,6765,0
20110113,14.7,15.4,14.7,15.3,7759,0
20110114,15.49,15.49,14.5,15.05,7747,0
20110117,15.15,15.15,15,15,1468,0
20110118,15.14,15.14,14.65,14.65,1490,0
20110119,14.6,14.68,14,14.2,4835,0
20110120,14,14.52,14,14.52,2283,0
20110121,14.3,14.45,14.09,14.41,5203,0
20110124,14.1,14.38,14.1,14.29,86,0
20110125,14.15,14.15,13.7,13.98,1882,0
20110126,13.99,13.99,13.3,13.74,3852,0
20110127,13.97,13.99,13.1,13.4,3396,0
20110128,13.4,13.4,12.78,12.93,5911,0
20110131,12.89,13,12.82,13,2349,0
20110201,13,13.77,13,13.2,4968,0
20110202,13.51,13.51,12.84,13.2,5316,0
20110203,13.2,14.3,13.2,14.25,4990,0
20110204,14.5,14.55,14.21,14.23,5297,0
20110207,14.5,14.65,14.25,14.65,3259,0
20110208,14.63,14.8,14.5,14.65,1330,0
20110209,14.8,14.8,14.29,14.4,2342,0
20110210,14.49,14.5,14.25,14.5,2097,0
20110211,14.25,14.25,13.75,14.2,1771,0
20110214,14.18,14.79,14.18,14.79,176,0
20110215,14.75,14.75,14.65,14.7,555,0
20110216,14.65,14.65,14.21,14.5,328,0
20110217,14.65,14.65,14.2,14.3,653,0
20110218,14.1,14.1,13.5,13.5,2996,0
20110221,13.8,13.88,13.18,13.5,1981,0
20110222,13.2,13.5,12.5,13.39,2865,0
20110223,13.45,13.45,12.9,13,846,0
20110224,13,13,12.9,12.9,552,0
20110225,13.2,13.7,12.8,13.35,3655,0
20110228,13.04,13.8,13,13.6,3539,0
20110301,13.8,13.8,13,13.2,5603,0
20110302,13.2,13.2,12.8,12.85,1294,0
20110303,12.86,13.4,12.75,13.29,2355,0
20110304,13.29,13.29,12.7,12.8,6349,0
20110307,12.8,13.07,12.77,13,3325,0
20110308,13,13,12.63,12.99,2326,0
20110309,12.99,12.99,12.63,12.8,2466,0
20110310,12.55,12.8,12.5,12.65,3360,0
20110311,12.6,12.8,12.3,12.8,964,0
20110314,12.84,12.98,12.3,12.9,854,0
20110315,12.31,12.59,12.16,12.16,3280,0
20110316,12.15,12.4,12.15,12.4,1906,0
20110317,12.5,12.5,12.19,12.5,1205,0
20110318,12.2,12.25,11.76,12.2,5175,0
20110321,12.4,12.4,11.79,12.2,2466,0
20110322,12.4,12.4,12,12.25,1347,0
20110323,12.25,12.7,12.05,12.49,2985,0
20110324,12.21,12.7,12.21,12.23,224,0
20110325,12.21,12.68,12.21,12.5,4190,0
20110328,12.65,12.65,12.31,12.4,3730,0
20110329,12.55,13.33,12.55,13.3,11340,0
20110330,13.32,14.18,13.32,13.69,9911,0
20110331,13.79,14.09,13.7,13.99,6360,0
20110401,14.1,14.3,14.1,14.27,8437,0
20110404,14.3,14.72,14.3,14.72,8620,0
20110405,14.72,14.72,14.05,14.34,5076,0
20110406,14.15,14.3,13.49,14.05,5628,0
20110407,13.59,14.45,13.59,14.16,1180,0
20110408,14.12,14.12,13.75,13.85,512,0
20110411,14,14,13.35,13.55,3414,0
20110412,13.54,13.54,13.2,13.5,813,0
20110413,13.26,13.45,13.1,13.29,3029,0
20110414,13.4,13.4,12.81,13,2259,0
20110415,13,13.23,12.83,13.22,754,0
20110418,13.45,13.45,13.22,13.25,225,0
20110419,13.44,13.44,13,13.11,967,0
20110420,13.11,13.3,13,13.24,2751,0
20110421,13.24,13.25,13.1,13.25,533,0
20110426,13.21,13.3,13.2,13.3,1583,0
20110427,13.26,14.31,13.26,14,7230,0
20110428,14,14.5,14,14.4,7901,0
20110429,14.5,15.1,14.4,14.6,13296,0
20110502,14.6,14.95,14.2,14.56,1625,0
20110504,14.56,14.6,14.07,14.37,2332,0
20110505,14.4,14.4,13.8,14,3294,0
20110506,13.9,13.9,13.51,13.8,2269,0
20110509,13.65,14.2,13.65,14.16,2045,0
20110510,14.16,14.16,13.75,14,1509,0
20110511,14,14,13.66,13.97,1416,0
20110512,13.7,13.89,13.66,13.66,1781,0
20110513,13.67,13.67,12.91,13.19,1665,0
20110516,12.94,12.94,12,12.65,2753,0
20110517,11.9,11.95,10.81,10.84,18273,0
20110518,10.65,11.3,10.58,10.58,14130,0
20110519,10.88,10.88,10.1,10.15,25777,0
20110520,10.14,10.18,9.82,9.82,9688,0
20110523,9.8,9.99,9.05,9.25,10489,0
20110524,9.26,9.3,8.56,9.29,16345,0
20110525,9.3,9.52,9.25,9.28,12838,0
20110526,9.47,9.47,8.8,8.99,10469,0
20110527,8.85,9.39,8.8,8.8,9570,0
20110530,8.92,9.12,8.91,8.94,2700,0
20110531,9.1,9.2,8.93,8.95,27693,0
20110601,9.16,9.16,8.8,8.95,13897,0
20110602,8.88,9.01,8.8,9,10190,0
20110603,9,9.16,8.85,9.16,16850,0
20110606,9.22,9.22,8.95,9.09,5669,0
20110607,9,9.09,8.95,9,1977,0
20110608,9.1,9.1,8.85,9.04,5475,0
20110609,8.87,9,8.85,9,1086,0
20110610,9,9,8.85,9,4339,0
20110613,9,9.25,8.9,9.18,4997,0
20110614,9.19,9.29,9,9.18,4483,0
20110615,9.25,9.28,8.9,8.9,4701,0
20110616,8.9,8.9,8.71,8.85,3316,0
20110617,8.71,8.71,8.5,8.7,16794,0
20110620,8.6,8.6,8.4,8.4,9384,0
20110621,8.41,8.45,8.12,8.12,1263,0
20110622,8.2,8.3,8.12,8.29,1657,0
20110624,8.44,8.45,8.19,8.19,721,0
20110627,8.5,8.55,8.3,8.3,407,0
20110628,8.12,8.49,8.1,8.49,741,0
20110629,8.01,8.49,8.01,8.48,875,0
20110630,8.4,8.69,8.13,8.65,1411,0
20110701,8.6,8.6,8.22,8.58,836,0
20110704,8.57,8.57,8.44,8.56,112,0
20110705,8.2,8.21,8,8.11,3156,0
20110706,8.01,8.25,7.81,8.14,5892,0
20110707,8.24,8.24,8.02,8.15,1739,0
20110708,8.45,8.45,8,8,3299,0
20110711,7.9,8.19,7.9,8.19,877,0
20110712,8.18,8.18,7.8,7.89,2011,0
20110713,7.96,7.96,7.5,7.75,2552,0
20110714,7.73,7.73,7.22,7.51,2629,0
20110715,7.35,7.4,7.27,7.4,5309,0
20110718,7.3,7.3,7,7.05,6301,0
20110719,7.01,7.01,6.45,6.69,16728,0
20110720,6.65,6.65,6.31,6.45,4084,0
20110721,6.7,6.7,6.1,6.4,11826,0
20110722,6.2,6.69,6.2,6.6,5336,0
20110725,6.55,6.55,6.4,6.4,1539,0
20110726,6.5,6.5,6.09,6.45,3505,0
20110727,6.26,6.35,6.06,6.25,2342,0
20110728,6.18,6.67,6.12,6.45,4500,0
20110729,6.45,6.45,6.02,6.11,10431,0
20110801,6.11,6.38,6.11,6.25,7271,0
20110802,6.18,6.18,6.05,6.05,7312,0
20110803,6,6,5.65,5.86,8192,0
20110804,5.81,5.81,5.33,5.48,3885,0
20110805,4.48,5.3,4.48,5.26,18858,0
20110808,4.75,5,4.75,4.9,10147,0
20110809,4.95,5,4.81,4.94,14951,0
20110810,5.38,5.38,4.85,4.85,17311,0
20110811,4.76,4.96,4.64,4.96,4894,0
20110812,5.01,5.2,4.9,5.19,12619,0
20110816,5.07,5.1,4.95,4.95,4586,0
20110817,4.95,5.19,4.95,5.15,11261,0
20110818,5.25,5.25,4.97,5,9792,0
20110819,4.97,5.05,4.97,5.05,50610,0
20110822,5.11,5.13,5.01,5.1,828,0
20110823,4.95,4.95,4.81,4.92,1876,0
20110824,4.89,4.92,4.82,4.92,1267,0
20110825,4.99,4.99,4.64,4.76,5273,0
20110826,4.8,4.8,4.68,4.76,1542,0
20110829,4.8,5,4.8,4.96,2440,0
20110830,5,5,4.96,4.96,651,0
20110831,4.97,4.97,4.8,4.95,2636,0
20110901,4.8,4.8,4.6,4.64,8384,0
20110902,4.65,4.65,4.36,4.37,4464,0
20110905,4.2,4.2,3.95,4,9389,0
20110906,4.04,4.18,3.7,3.8,9405,0
20110907,3.7,4,3.57,3.65,23537,0
20110908,3.64,3.64,3.59,3.6,1112,0
20110909,3.59,3.6,3.24,3.48,6820,0
20110912,3.27,3.43,3.14,3.2,7890,0
20110913,3.13,3.28,3.05,3.09,6547,0
20110914,3.1,3.1,2.75,2.75,20980,0
20110915,2.88,2.88,2.55,2.67,28806,0
20110916,2.77,2.93,2.66,2.76,40785,0
20110919,2.74,2.74,2.55,2.6,25147,0
20110920,2.6,2.6,2.45,2.5,22097,0
20110921,2.46,2.87,2.46,2.73,16407,0
20110922,2.66,2.88,2.6,2.7,22190,0
20110923,2.8,2.89,2.62,2.8,9904,0
20110926,2.85,3.08,2.8,3.08,16361,0
20110927,3.22,3.61,3.19,3.3,50852,0
20110928,3.38,3.38,2.92,2.92,28232,0
20110929,2.9,2.92,2.63,2.79,41843,0
20110930,2.78,2.84,2.73,2.84,4805,0
20111003,2.8,2.82,2.56,2.57,42971,0
20111004,2.58,2.8,2.55,2.69,22802,0
20111005,2.89,2.93,2.73,2.85,33151,0
20111006,2.95,3.09,2.85,2.95,50123,0
20111007,3.07,3.14,2.78,2.96,69195,0
20111010,3,3.07,2.96,3.05,31830,0
20111011,3.07,3.1,2.96,3,10836,0
20111012,3.12,3.12,3,3.02,12680,0
20111013,3.06,3.11,3,3.03,30165,0
20111014,3.1,3.1,2.99,3.09,34944,0
20111017,3.12,3.12,2.99,3,14677,0
20111018,2.97,2.98,2.88,2.95,30324,0
20111019,3.03,3.03,2.95,2.95,1967,0
20111020,2.98,2.98,2.9,2.95,2346,0
20111021,2.91,3,2.87,2.99,14077,0
20111024,3.09,3.09,2.99,3.05,12640,0
20111025,3.03,3.03,2.96,3,6005,0
20111026,2.95,3.19,2.95,3.01,26670,0
20111027,3.19,3.19,2.96,3,87006,0
20111028,3.04,3.04,2.96,3,16296,0
20111031,2.9,2.98,2.9,2.93,6882,0
20111102,2.87,2.94,2.76,2.9,9546,0
20111103,2.84,2.93,2.8,2.9,13104,0
20111104,2.93,3.02,2.89,2.9,26307,0
20111107,2.91,2.98,2.9,2.98,3908,0
20111108,2.98,3.06,2.94,3.04,7474,0
20111109,3.09,3.1,2.84,2.9,15938,0
20111110,2.9,2.9,2.65,2.7,51092,0
20111114,2.69,2.69,1.96,1.96,288644,0
20111115,2,2.03,1.6,1.62,471215,0
20111116,1.69,1.73,1.63,1.73,134807,0
20111117,1.74,1.83,1.69,1.69,207759,0
20111118,1.73,1.73,1.64,1.72,98866,0
20111121,1.72,1.72,1.53,1.53,118715,0
20111122,1.59,1.67,1.57,1.66,62798,0
20111123,1.68,1.68,1.54,1.61,21374,0
20111124,1.63,1.63,1.5,1.54,40959,0
20111125,1.54,1.59,1.51,1.53,48751,0
20111128,1.58,1.62,1.56,1.6,33573,0
20111129,1.63,1.64,1.53,1.6,22753,0
20111130,1.59,1.6,1.55,1.59,18403,0
20111201,1.53,1.57,1.49,1.54,25661,0
20111202,1.55,1.56,1.5,1.55,11417,0
20111205,1.54,1.62,1.49,1.62,35124,0
20111206,1.61,2.04,1.61,2.04,450707,0
20111207,2.06,2.2,1.89,1.91,280853,0
20111208,1.99,2,1.82,1.93,100821,0
20111209,1.86,1.95,1.85,1.91,57428,0
20111212,1.9,1.91,1.72,1.72,102861,0
20111213,1.78,1.78,1.63,1.66,49368,0
20111214,1.65,1.65,1.56,1.63,20888,0
20111215,1.64,1.65,1.56,1.59,29949,0
20111216,1.58,1.7,1.58,1.64,38975,0
20111219,1.66,1.75,1.6,1.72,37198,0
20111220,1.75,1.83,1.71,1.83,54928,0
20111221,1.8,1.85,1.72,1.72,30990,0
20111222,1.79,1.81,1.64,1.69,39438,0
20111223,1.65,1.74,1.65,1.68,17116,0
20111227,1.65,1.73,1.6,1.7,40090,0
20111228,1.7,1.72,1.63,1.67,12374,0
20111229,1.65,1.71,1.63,1.69,23681,0
20111230,1.7,1.7,1.55,1.6,89246,0
20120102,1.57,1.7,1.57,1.7,167757,0
20120103,1.7,1.75,1.64,1.7,97335,0
20120104,1.7,1.7,1.64,1.64,29291,0
20120105,1.67,1.67,1.6,1.64,28838,0
20120109,1.61,1.69,1.6,1.65,25382,0
20120110,1.67,1.84,1.66,1.81,112693,0
20120111,1.82,1.96,1.8,1.84,65176,0
20120112,1.84,1.92,1.84,1.91,34359,0
20120113,1.95,2.18,1.92,2.18,207963,0
20120116,2.17,2.54,2.1,2.46,398078,0
20120117,2.76,2.78,2.56,2.7,530167,0
20120118,2.8,2.8,2.52,2.55,258188,0
20120119,2.54,2.64,2.45,2.62,90390,0
20120120,2.65,2.69,2.5,2.57,73027,0
20120123,2.57,2.57,2.32,2.37,129915,0
20120124,2.35,2.35,2.2,2.24,66446,0
20120125,2.26,2.54,2.25,2.42,119611,0
20120126,2.42,2.51,2.31,2.33,59766,0
20120127,2.47,2.48,2.31,2.36,18764,0
20120130,2.39,2.39,2.25,2.26,61981,0
20120131,2.32,2.45,2.21,2.35,95183,0
20120201,2.38,2.45,2.36,2.36,52802,0
20120202,2.4,2.45,2.36,2.45,35503,0
20120203,2.47,2.68,2.47,2.63,129673,0
20120206,2.71,2.88,2.68,2.8,143162,0
20120207,2.82,2.85,2.6,2.68,80328,0
20120208,2.85,2.85,2.74,2.8,102140,0
20120209,2.84,2.84,2.67,2.67,70853,0
20120210,2.67,2.68,2.53,2.56,48236,0
20120213,2.56,2.74,2.56,2.67,48092,0
20120214,2.7,2.7,2.6,2.65,50827,0
20120215,2.7,2.74,2.62,2.69,27431,0
20120216,2.66,2.66,2.59,2.6,70540,0
20120217,2.6,2.69,2.57,2.68,39234,0
20120220,2.73,2.74,2.61,2.62,30165,0
20120221,2.67,2.7,2.62,2.69,27473,0
20120222,2.63,2.67,2.56,2.58,42810,0
20120223,2.59,2.65,2.55,2.6,16627,0
20120224,2.63,2.66,2.57,2.65,29663,0
20120227,2.63,2.63,2.55,2.62,10461,0
20120228,2.62,2.72,2.62,2.66,29706,0
20120229,2.67,2.67,2.46,2.46,53918,0
20120301,2.45,2.48,2.32,2.34,49959,0
20120302,2.32,2.43,2.32,2.43,9992,0
20120305,2.38,2.38,2.3,2.31,56885,0
20120306,2.27,2.27,2.09,2.13,85136,0
20120307,2,2.35,1.93,2.3,163802,0
20120308,2.36,2.38,2.25,2.3,46023,0
20120309,2.35,2.39,2.28,2.28,36645,0
20120312,2.33,2.33,2.13,2.23,11781,0
20120313,2.15,2.33,2.13,2.3,64893,0
20120314,2.3,2.31,2.22,2.24,12537,0
20120315,2.31,2.31,2.21,2.25,14952,0
20120316,2.24,2.27,2.22,2.23,26879,0
20120319,2.23,2.31,2.16,2.31,108039,0
20120320,2.39,2.49,2.24,2.25,127002,0
20120321,2.22,2.24,2.08,2.1,70695,0
20120322,2.1,2.1,1.89,1.96,108239,0
20120323,1.95,2.01,1.91,1.99,19506,0
20120326,2.04,2.18,1.99,2.17,30032,0
20120327,2.2,2.59,2.17,2.56,159753,0
20120328,2.59,3.12,2.57,3.12,604277,0
20120329,3.24,3.93,3.17,3.92,545968,0
20120330,4.5,4.75,3.2,3.2,1044332,0
20120402,3.15,3.46,2.95,3.02,418244,0
20120403,3.05,3.49,2.92,3.39,513734,0
20120404,3.39,3.39,3.06,3.07,212556,0
20120405,3.11,3.11,2.95,3,67791,0
20120410,3,3.05,2.76,2.8,99536,0
20120411,2.76,2.88,2.65,2.8,104385,0
20120412,2.8,2.87,2.7,2.74,56811,0
20120413,2.75,2.95,2.69,2.85,88913,0
20120416,2.79,2.93,2.74,2.85,28380,0
20120417,2.8,2.83,2.73,2.75,28354,0
20120418,2.74,2.82,2.6,2.61,55779,0
20120419,2.66,2.66,2.36,2.46,79779,0
20120420,2.39,2.44,2.25,2.43,43460,0
20120423,2.42,2.42,2.02,2.1,86148,0
20120424,2.08,2.5,2.08,2.5,132277,0
20120425,2.61,2.63,2.31,2.35,147268,0
20120426,2.35,2.83,2.31,2.83,247413,0
20120427,2.99,3.15,2.73,2.8,311102,0
20120430,2.84,2.92,2.56,2.7,70222,0
20120502,2.71,2.78,2.55,2.57,47508,0
20120504,2.6,2.73,2.52,2.55,47713,0
20120507,2.55,2.59,2.41,2.45,42150,0
20120508,2.51,2.51,2.3,2.3,62186,0
20120509,2.33,2.43,2.22,2.43,76344,0
20120510,2.44,2.6,2.35,2.5,75025,0
20120511,2.45,2.55,2.36,2.46,18900,0
20120514,2.36,2.59,2.33,2.58,67910,0
20120515,2.59,2.68,2.55,2.56,23745,0
20120516,2.56,2.59,2.34,2.56,106111,0
20120517,2.48,2.52,2.35,2.39,26143,0
20120518,2.39,2.5,2.35,2.49,39958,0
20120521,2.48,2.5,2.34,2.37,29223,0
20120522,2.37,2.37,2.15,2.17,91535,0
20120523,2.18,2.18,1.97,2.02,43301,0
20120524,1.91,2.04,1.82,1.96,131149,0
20120525,2.02,2.05,1.93,1.95,22463,0
20120528,1.95,2.1,1.95,2.04,21623,0
20120529,2.05,2.05,1.95,2.04,7479,0
20120530,1.91,1.99,1.9,1.91,10234,0
20120531,1.93,2.1,1.93,1.99,41792,0
20120601,2.04,2.16,1.95,2.14,43117,0
20120604,2.01,2.09,1.97,2.04,19910,0
20120605,1.97,2.01,1.84,1.84,21777,0
20120606,1.84,1.98,1.75,1.92,46264,0
20120608,1.81,1.95,1.79,1.83,15443,0
20120611,1.82,1.93,1.82,1.9,9212,0
20120612,1.97,2.38,1.97,2.38,142649,0
20120613,2.26,2.37,2.06,2.07,90433,0
20120614,2.05,2.05,1.85,1.89,88886,0
20120615,1.89,2.06,1.89,2,23056,0
20120618,2,2,1.91,1.97,19489,0
20120619,1.98,1.99,1.93,1.99,28656,0
20120620,1.95,1.96,1.9,1.94,25257,0
20120621,1.91,2.01,1.91,1.93,23102,0
20120622,1.91,1.95,1.85,1.86,60565,0
20120625,1.78,1.84,1.45,1.59,350773,0
20120626,1.59,1.6,1.51,1.51,55794,0
20120627,1.53,1.53,1.43,1.49,55645,0
20120629,0.81,0.89,0.75,0.82,957112,0
20120702,0.83,0.85,0.75,0.79,130468,0
20120703,0.78,0.85,0.76,0.83,192544,0
20120704,0.85,0.85,0.73,0.78,132987,0
20120705,0.78,0.84,0.75,0.8,103980,0
20120706,0.79,0.79,0.73,0.76,89155,0
20120709,0.76,0.78,0.75,0.78,17362,0
20120710,0.78,0.78,0.71,0.71,59274,0
20120711,0.69,0.69,0.61,0.62,62662,0
20120712,0.6,0.65,0.59,0.65,60431,0
20120713,0.65,0.65,0.6,0.61,30336,0
20120716,0.61,0.61,0.58,0.59,26257,0
20120717,0.57,0.63,0.54,0.58,58816,0
20120718,0.58,0.58,0.51,0.54,109070,0
20120719,0.56,0.56,0.45,0.47,61595,0
20120720,0.49,0.59,0.48,0.58,101718,0
20120723,0.62,0.62,0.53,0.55,52737,0
20120724,0.55,0.55,0.47,0.53,65249,0
20120725,0.49,0.5,0.49,0.49,37181,0
20120726,0.49,0.51,0.47,0.51,47657,0
20120727,0.51,0.51,0.49,0.5,17932,0
20120730,0.61,0.67,0.61,0.66,128116,0
20120731,0.8,0.88,0.79,0.87,148956,0
20120801,0.93,1.02,0.72,0.72,526805,0
20120802,0.7,0.73,0.6,0.61,206658,0
20120803,0.61,0.73,0.56,0.67,277736,0
20120806,0.67,0.71,0.62,0.65,124000,0
20120807,0.63,0.65,0.61,0.63,42380,0
20120808,0.62,0.63,0.61,0.63,24191,0
20120809,0.62,0.67,0.36,0.37,440799,0
20120810,0.37,0.39,0.31,0.32,313786,0
20120813,0.3,0.3,0.28,0.29,124853,0
20120814,0.29,0.31,0.27,0.27,124024,0
20120816,0.29,0.29,0.25,0.25,85903,0
20120817,0.24,0.29,0.23,0.29,64593,0
20120820,0.28,0.28,0.25,0.26,28491,0
20120821,0.26,0.28,0.26,0.26,49444,0
20120822,0.27,0.28,0.24,0.28,36874,0
20120823,0.29,0.29,0.28,0.29,32556,0
20120824,0.29,0.29,0.27,0.27,16632,0
20120827,0.27,0.27,0.25,0.27,23286,0
20120828,0.27,0.28,0.26,0.28,60377,0
20120829,0.28,0.28,0.26,0.26,13603,0
20120830,0.26,0.28,0.25,0.26,45125,0
20120831,0.25,0.27,0.25,0.25,4392,0
20120903,0.25,0.26,0.25,0.25,29785,0
20120904,0.24,0.25,0.24,0.25,20894,0
20120905,0.25,0.25,0.25,0.25,689,0
20120906,0.26,0.26,0.24,0.24,25731,0
20120907,0.25,0.26,0.25,0.26,17566,0
20120910,0.25,0.26,0.25,0.25,2920,0
20120911,0.25,0.25,0.24,0.25,10844,0
20120912,0.26,0.26,0.22,0.23,57835,0
20120913,0.22,0.22,0.2,0.2,57987,0
20120914,0.2,0.21,0.15,0.17,155737,0
20120917,0.16,0.17,0.15,0.15,151970,0
20120918,0.14,0.14,0.11,0.11,224378,0
20120919,0.11,0.11,0.11,0.11,39042,0
20120920,0.11,0.12,0.11,0.12,9485,0
20120921,0.14,0.14,0.12,0.12,54204,0
20120924,0.12,0.12,0.12,0.12,155,0
20120925,0.12,0.12,0.11,0.11,30283,0
20120926,0.11,0.12,0.11,0.12,14121,0
20120927,0.12,0.12,0.12,0.12,1000,0
20120928,0.12,0.12,0.12,0.12,889,0
20121001,0.13,0.13,0.13,0.13,33220,0
20121002,0.12,0.13,0.12,0.13,8131,0
20121003,0.12,0.13,0.12,0.13,8100,0
20121004,0.13,0.13,0.13,0.13,1010,0
20121005,0.12,0.12,0.12,0.12,990,0
20121008,0.12,0.12,0.12,0.12,115,0
20121009,0.13,0.13,0.13,0.13,4769,0
20121010,0.12,0.12,0.12,0.12,5407,0
20121011,0.12,0.12,0.12,0.12,600,0
20121012,0.14,0.14,0.14,0.14,246297,0
20121015,0.15,0.18,0.15,0.18,162081,0
20121016,0.2,0.2,0.2,0.2,218337,0
20121017,0.18,0.2,0.18,0.2,81516,0
20121018,0.18,0.18,0.17,0.17,61764,0
20121019,0.15,0.15,0.15,0.15,113547,0
20121022,0.16,0.16,0.16,0.16,149709,0
20121023,0.15,0.15,0.13,0.13,74433,0
20121024,0.16,0.16,0.16,0.16,12462,0
20121029,0.14,0.14,0.14,0.14,6200,0
20121030,0.13,0.13,0.13,0.13,400,0
20121031,0.15,0.15,0.15,0.15,10230,0
20121102,0.16,0.16,0.14,0.14,120,0
20121105,0.15,0.15,0.15,0.15,10000,0
20121106,0.15,0.15,0.15,0.15,5360,0
20121108,0.14,0.14,0.14,0.14,4934,0
20121109,0.14,0.14,0.14,0.14,61,0
20121112,0.14,0.14,0.14,0.14,6438,0
20121113,0.14,0.14,0.14,0.14,23070,0
20121114,0.14,0.14,0.14,0.14,30,0
20121115,0.14,0.14,0.14,0.14,55,0
20121116,0.13,0.13,0.13,0.13,3855,0
20121119,0.13,0.13,0.13,0.13,350,0
20121120,0.13,0.13,0.13,0.13,100,0
20121121,0.13,0.13,0.13,0.13,2350,0
20121122,0.12,0.13,0.12,0.13,27084,0
20121123,0.12,0.12,0.12,0.12,413,0
20121126,0.12,0.12,0.12,0.12,15164,0
20121127,0.11,0.11,0.11,0.11,45160,0
20121128,0.12,0.12,0.11,0.11,12640,0
20121129,0.12,0.12,0.12,0.12,17937,0
20121130,0.13,0.13,0.12,0.12,1006,0
20121203,0.13,0.13,0.13,0.13,10005,0
20121204,0.13,0.13,0.13,0.13,5000,0
20121205,0.13,0.13,0.13,0.13,16100,0
20121206,0.12,0.12,0.12,0.12,411,0
20121207,0.13,0.13,0.13,0.13,20000,0
20121210,0.13,0.13,0.13,0.13,10000,0
20121211,0.13,0.13,0.13,0.13,13172,0
20121212,0.13,0.13,0.13,0.13,17500,0
20121213,0.13,0.13,0.13,0.13,10851,0
20121214,0.12,0.12,0.12,0.12,8570,0
20121217,0.12,0.12,0.12,0.12,4457,0
20121218,0.12,0.12,0.12,0.12,343,0
20121219,0.12,0.12,0.11,0.11,14571,0
20121220,0.11,0.11,0.11,0.11,12695,0
20121227,0.14,0.14,0.14,0.14,43151,0
20121228,0.17,0.17,0.17,0.17,57982,0
20130102,0.14,0.14,0.14,0.14,36500,0
20130103,0.14,0.14,0.13,0.13,45555,0
20130104,0.12,0.12,0.11,0.11,75130,0
20130107,0.12,0.12,0.12,0.12,3972,0
20130108,0.12,0.17,0.12,0.17,148528,0
20130109,0.3,0.3,0.3,0.3,235760,0
20130110,0.34,0.34,0.27,0.27,150464,0
20130111,0.24,0.24,0.22,0.22,60349,0
20130114,0.25,0.25,0.25,0.25,16291,0
20130115,0.27,0.28,0.27,0.28,52065,0
20130116,0.27,0.3,0.27,0.3,40111,0
20130117,0.28,0.28,0.28,0.28,20791,0
20130118,0.27,0.27,0.27,0.27,9950,0
20130121,0.26,0.26,0.26,0.26,6600,0
20130122,0.27,0.27,0.27,0.27,100,0
20130123,0.28,0.3,0.28,0.3,38249,0
20130124,0.27,0.27,0.27,0.27,6670,0
20130125,0.3,0.3,0.28,0.28,26294,0
20130128,0.29,0.29,0.27,0.27,8186,0
20130129,0.29,0.29,0.29,0.29,4000,0
20130131,0.27,0.27,0.27,0.27,23151,0
20130201,0.24,0.27,0.24,0.27,7200,0
20130204,0.26,0.26,0.24,0.24,36592,0
20130205,0.24,0.24,0.24,0.24,10055,0
20130208,0.27,0.27,0.22,0.22,39650,0
20130212,0.14,0.14,0.13,0.13,41546,0
20130213,0.13,0.13,0.13,0.13,61344,0
20130214,0.14,0.14,0.14,0.14,31677,0
20130215,0.13,0.14,0.13,0.14,30429,0
20130218,0.13,0.13,0.13,0.13,10606,0
20130219,0.13,0.13,0.13,0.13,37789,0
20130220,0.11,0.11,0.11,0.11,64200,0
20130221,0.13,0.13,0.13,0.13,7411,0
20130222,0.1,0.1,0.1,0.1,24722,0
20130225,0.1,0.1,0.1,0.1,153342,0
20130226,0.12,0.12,0.12,0.12,61199,0
20130227,0.15,0.16,0.15,0.16,54013,0
20130228,0.16,0.16,0.15,0.15,34877,0
20130301,0.15,0.16,0.15,0.16,33016,0
20130304,0.16,0.17,0.16,0.17,37706,0
20130305,0.22,0.22,0.22,0.22,26419,0
20130306,0.28,0.28,0.28,0.28,80964,0
20130307,0.33,0.33,0.33,0.33,171543,0
20130308,0.5,0.55,0.5,0.55,260928,0
20130311,0.7,0.7,0.7,0.7,98783,0
20130312,0.79,0.79,0.65,0.65,162508,0
20130313,0.57,0.64,0.57,0.64,121744,0
20130314,0.62,0.62,0.62,0.62,12246,0
20130315,0.54,0.54,0.52,0.52,34051,0
20130318,0.52,0.53,0.52,0.53,15969,0
20130319,0.56,0.6,0.56,0.6,57734,0
20130320,0.58,0.58,0.57,0.57,5700,0
20130321,0.58,0.58,0.57,0.57,14516,0
20130322,0.54,0.54,0.54,0.54,40400,0
20130325,0.55,0.55,0.48,0.48,13525,0
20130326,0.38,0.38,0.38,0.38,11440,0
20130327,0.34,0.34,0.33,0.33,26680,0
20130328,0.33,0.33,0.33,0.33,3747,0
20130402,0.34,0.34,0.34,0.34,4558,0
20130403,0.35,0.35,0.35,0.35,20703,0
20130404,0.4,0.4,0.4,0.4,25545,0
20130405,0.43,0.43,0.43,0.43,21062,0
20130408,0.43,0.43,0.35,0.35,16016,0
20130409,0.38,0.38,0.38,0.38,6500,0
20130410,0.35,0.43,0.35,0.43,2100,0
20130411,0.43,0.43,0.43,0.43,1625,0
20130412,0.44,0.44,0.43,0.43,4339,0
20130415,0.45,0.45,0.45,0.45,77,0
20130417,0.45,0.45,0.45,0.45,310,0
20130418,0.45,0.45,0.45,0.45,4187,0
20130419,0.44,0.44,0.44,0.44,1766,0
20130424,0.35,0.35,0.35,0.35,4000,0
20130425,0.37,0.37,0.37,0.37,1671,0
20130507,0.39,0.39,0.39,0.39,20,0
20130508,0.38,0.39,0.38,0.39,3710,0
20130509,0.39,0.39,0.39,0.39,150,0
20130515,0.33,0.33,0.31,0.31,15496,0
20130517,0.34,0.34,0.34,0.34,500,0
20130520,0.31,0.31,0.31,0.31,5000,0
20130523,0.31,0.31,0.28,0.28,7920,0
20130527,0.28,0.28,0.28,0.28,1530,0
20130528,0.29,0.29,0.29,0.29,4271,0
20130529,0.35,0.35,0.35,0.35,1029,0
20130531,0.34,0.34,0.34,0.34,3450,0
20130603,0.34,0.35,0.34,0.35,12771,0
20130604,0.42,0.42,0.42,0.42,4387,0
20130605,0.48,0.52,0.48,0.52,29802,0
20130607,0.62,0.62,0.62,0.62,20920,0
20130610,0.53,0.53,0.53,0.53,8181,0
20130611,0.48,0.48,0.48,0.48,9307,0
20130612,0.44,0.44,0.44,0.44,5791,0
20130613,0.48,0.48,0.48,0.48,10201,0
20130614,0.53,0.57,0.53,0.57,29153,0
20130617,0.55,0.55,0.53,0.53,9110,0
20130618,0.54,0.54,0.53,0.53,25133,0
20130619,0.48,0.48,0.48,0.48,400,0
20130620,0.48,0.48,0.48,0.48,1301,0
20130621,0.51,0.51,0.51,0.51,50,0
20130624,0.51,0.51,0.51,0.51,10,0
20130625,0.45,0.45,0.45,0.45,1399,0
20130626,0.44,0.44,0.44,0.44,13801,0
20130627,0.5,0.5,0.5,0.5,2414,0
20130628,0.5,0.5,0.5,0.5,80,0
20130701,0.31,0.31,0.31,0.31,350,0
20130704,0.36,0.36,0.36,0.36,3399,0
20130705,0.39,0.39,0.39,0.39,9057,0
20130708,0.39,0.42,0.39,0.42,4523,0
20130709,0.47,0.5,0.47,0.5,86,0
20130712,0.49,0.49,0.4,0.4,13532,0
20130715,0.39,0.39,0.39,0.39,2800,0
20130716,0.39,0.39,0.39,0.39,1600,0
20130722,0.39,0.39,0.39,0.39,1000,0
20130723,0.45,0.45,0.45,0.45,50,0
20130725,0.44,0.44,0.43,0.43,1090,0
20130726,0.37,0.37,0.37,0.37,4000,0
20130729,0.37,0.37,0.37,0.37,20500,0
20130731,0.37,0.37,0.37,0.37,1495,0
20130801,0.36,0.36,0.36,0.36,21577,0
20130802,0.37,0.37,0.37,0.37,4205,0
20130805,0.41,0.41,0.41,0.41,4730,0
20130806,0.4,0.41,0.4,0.41,887,0
20130808,0.41,0.41,0.41,0.41,2914,0
20130809,0.37,0.37,0.37,0.37,3027,0
20130812,0.37,0.37,0.37,0.37,100,0
20130813,0.37,0.4,0.37,0.4,5850,0
20130821,0.36,0.36,0.36,0.36,9500,0
20130822,0.36,0.36,0.36,0.36,5000,0
20130823,0.34,0.34,0.34,0.34,500,0
20130826,0.35,0.35,0.35,0.35,4950,0
20130827,0.39,0.39,0.39,0.39,1700,0
20130828,0.36,0.36,0.35,0.35,4050,0
20130829,0.35,0.35,0.35,0.35,500,0
20130902,0.35,0.35,0.35,0.35,1001,0
20130903,0.32,0.32,0.32,0.32,12104,0
20130904,0.35,0.35,0.35,0.35,5650,0
20130905,0.34,0.34,0.34,0.34,500,0
20130909,0.35,0.35,0.35,0.35,35,0
20130910,0.32,0.32,0.32,0.32,115,0
20130911,0.33,0.33,0.33,0.33,3000,0
20130912,0.34,0.34,0.34,0.34,50,0
20130913,0.34,0.34,0.34,0.34,28750,0
20130917,0.35,0.35,0.35,0.35,3911,0
20130918,0.37,0.37,0.37,0.37,59085,0
20130919,0.39,0.39,0.39,0.39,11597,0
20130920,0.39,0.39,0.39,0.39,12883,0
20130923,0.39,0.39,0.39,0.39,6117,0
20130924,0.39,0.39,0.39,0.39,6438,0
20130925,0.39,0.39,0.39,0.39,5000,0
20130926,0.4,0.4,0.4,0.4,5322,0
20130927,0.41,0.43,0.41,0.43,23360,0
20130930,0.43,0.43,0.43,0.43,14300,0
20131001,0.45,0.45,0.45,0.45,6611,0
20131002,0.45,0.45,0.45,0.45,26420,0
20131008,0.45,0.45,0.45,0.45,200,0
20131011,0.41,0.41,0.41,0.41,1250,0
20131014,0.41,0.41,0.41,0.41,17579,0
20131015,0.45,0.45,0.45,0.45,8450,0
20131016,0.41,0.41,0.41,0.41,3330,0
20131017,0.45,0.45,0.45,0.45,50,0
20131018,0.45,0.45,0.45,0.45,1000,0
20131028,0.43,0.47,0.43,0.47,10200,0
20131029,0.47,0.5,0.47,0.5,8854,0
20131030,0.48,0.5,0.48,0.5,3109,0
20131031,0.51,0.51,0.5,0.5,2135,0
20131104,0.51,0.51,0.5,0.5,1535,0
20131105,0.48,0.48,0.48,0.48,3307,0
20131106,0.5,0.51,0.5,0.51,2182,0
20131107,0.54,0.54,0.54,0.54,8270,0
20131108,0.55,0.62,0.55,0.62,16822,0
20131112,0.74,0.74,0.74,0.74,7867,0
20131113,0.83,0.88,0.83,0.88,34823,0
20131114,0.98,1,0.98,1,86401,0
20131115,0.99,0.99,0.89,0.89,27538,0
20131118,0.79,0.79,0.79,0.79,8705,0
20131119,0.82,0.87,0.82,0.87,2957,0
20131120,0.87,0.87,0.87,0.87,5380,0
20131121,0.87,0.87,0.87,0.87,106,0
20131122,0.94,0.94,0.94,0.94,1376,0
20131125,0.99,0.99,0.98,0.98,12000,0
20131126,0.98,0.98,0.96,0.96,1847,0
20131127,0.94,0.94,0.94,0.94,20,0
20131128,0.9,0.9,0.9,0.9,350,0
20131129,0.81,0.81,0.81,0.81,680,0
20131202,0.81,0.81,0.73,0.73,4969,0
20131203,0.73,0.73,0.73,0.73,1960,0
20131204,0.73,0.75,0.73,0.75,3694,0
20131205,0.75,0.75,0.75,0.75,50,0
20131206,0.69,0.7,0.69,0.7,1366,0
20131209,0.75,0.75,0.75,0.75,4181,0
20131210,0.7,0.7,0.7,0.7,2500,0
20131211,0.69,0.69,0.69,0.69,190,0
20131212,0.69,0.7,0.69,0.7,2164,0
20131217,0.65,0.65,0.65,0.65,1400,0
20131218,0.68,0.68,0.68,0.68,4500,0
20131219,0.69,0.72,0.69,0.72,1760,0
20131220,0.71,0.71,0.68,0.68,7260,0
20131223,0.68,0.68,0.68,0.68,71,0
20131227,0.71,0.71,0.69,0.69,2250,0
20131230,0.69,0.7,0.69,0.7,2091,0
20140102,0.7,0.7,0.7,0.7,1091,0
20140103,0.72,0.72,0.7,0.7,14494,0
20140107,0.69,0.69,0.69,0.69,450,0
20140108,0.71,0.71,0.7,0.7,1600,0
20140109,0.75,0.75,0.69,0.69,15200,0
20140110,0.71,0.73,0.71,0.73,1900,0
20140113,0.78,0.78,0.78,0.78,300,0
20140115,0.78,0.78,0.78,0.78,1327,0
20140116,0.8,0.8,0.79,0.79,2145,0
20140122,0.7,0.7,0.7,0.7,1000,0
20140123,0.7,0.7,0.7,0.7,1142,0
20140124,0.74,0.74,0.74,0.74,35,0
20140127,0.74,0.74,0.74,0.74,26,0
20140129,0.71,0.71,0.71,0.71,4212,0
20140130,0.7,0.7,0.61,0.61,1038,0
20140131,0.69,0.69,0.69,0.69,1253,0
20140203,0.69,0.69,0.69,0.69,314,0
20140204,0.6,0.6,0.6,0.6,23730,0
20140205,0.66,0.66,0.66,0.66,66,0
20140206,0.68,0.68,0.68,0.68,27,0
20140207,0.61,0.62,0.61,0.62,5000,0
20140210,0.67,0.67,0.67,0.67,2000,0
20140212,0.67,0.67,0.67,0.67,150,0
20140213,0.73,0.73,0.72,0.72,23003,0
20140214,0.71,0.71,0.69,0.69,13871,0
20140217,0.67,0.67,0.67,0.67,2800,0
20140218,0.67,0.67,0.67,0.67,14481,0
20140219,0.67,0.67,0.67,0.67,85,0
20140220,0.67,0.67,0.67,0.67,11,0
20140221,0.64,0.64,0.64,0.64,4950,0
20140224,0.67,0.67,0.67,0.67,12540,0
20140225,0.68,0.68,0.68,0.68,2005,0
20140303,0.65,0.65,0.64,0.64,1953,0
20140304,0.6,0.6,0.59,0.59,612,0
20140305,0.59,0.67,0.59,0.67,4740,0
20140306,0.71,0.71,0.71,0.71,100,0
20140307,0.68,0.68,0.68,0.68,1000,0
20140312,0.61,0.61,0.6,0.6,6000,0
20140313,0.65,0.65,0.6,0.6,700,0
20140314,0.6,0.6,0.6,0.6,2380,0
20140317,0.65,0.65,0.65,0.65,300,0
20140321,0.65,0.71,0.65,0.71,9706,0
20140324,0.73,0.73,0.73,0.73,188,0
20140325,0.72,0.72,0.72,0.72,100,0
20140327,0.74,0.77,0.74,0.77,9426,0
20140328,0.8,0.8,0.8,0.8,2966,0
20140331,0.84,0.84,0.84,0.84,4545,0
20140401,0.83,0.83,0.8,0.8,4682,0
20140402,0.81,0.81,0.81,0.81,100,0
20140407,0.75,0.75,0.75,0.75,1730,0
20140408,0.8,0.8,0.8,0.8,28,0
20140410,0.67,0.67,0.67,0.67,1927,0
20140411,0.7,0.7,0.7,0.7,66,0
20140414,0.7,0.76,0.7,0.76,8657,0
20140417,0.7,0.7,0.7,0.7,1565,0
20140422,0.7,0.7,0.7,0.7,1200,0
20140425,0.71,0.71,0.71,0.71,8,0
20140428,0.7,0.7,0.7,0.7,20,0
20140430,0.7,0.7,0.7,0.7,150,0
20140505,0.7,0.7,0.7,0.7,3000,0
20140506,0.7,0.7,0.7,0.7,3350,0
20140508,0.69,0.69,0.69,0.69,86,0
20140515,0.69,0.69,0.69,0.69,5409,0
20140521,0.52,0.52,0.52,0.52,981,0
20140522,0.52,0.52,0.52,0.52,334,0
20140523,0.53,0.53,0.53,0.53,1200,0
20140526,0.53,0.53,0.53,0.53,100,0
20140527,0.64,0.64,0.62,0.62,1644,0
20140528,0.62,0.62,0.62,0.62,19,0
20140602,0.54,0.54,0.54,0.54,9709,0
20140603,0.55,0.55,0.55,0.55,500,0
20140604,0.54,0.59,0.54,0.59,1450,0
20140605,0.62,0.62,0.62,0.62,103,0
20140609,0.54,0.54,0.54,0.54,3896,0
20140610,0.64,0.64,0.64,0.64,355,0
20140611,0.64,0.64,0.64,0.64,226,0
