Date,Open,High,Low,Close,Volume,OpenInt
20061010,16.523,19.18,16.228,17.915,1232717,0
20061011,18.59,18.59,18.059,18.59,241115,0
20061012,18.59,18.59,17.999,18.177,24806,0
20061013,18.168,18.177,17.13,17.13,10759,0
20061016,16.709,17.94,16.709,17.704,58914,0
20061017,17.763,18.059,17.417,17.696,46393,0
20061018,17.704,18.118,17.477,18.092,21028,0
20061019,17.704,18.05,17.704,17.704,21553,0
20061020,17.645,17.94,17.527,17.94,18673,0
20061023,17.704,17.822,17.518,17.527,6353,0
20061024,17.485,17.485,17.291,17.324,39547,0
20061025,17.291,17.459,16.675,17.459,21570,0
20061026,17.409,17.704,17.409,17.704,87178,0
20061027,17.409,18.177,17.409,17.704,18673,0
20061030,17.409,17.704,17.409,17.704,8354,0
20061031,17.704,17.704,17.409,17.409,15335,0
20061102,17.409,17.763,17.409,17.763,948,0
20061103,17.763,17.763,17.409,17.409,9946,0
20061106,17.409,17.881,17.409,17.873,3253,0
20061107,17.94,17.94,17.35,17.822,9574,0
20061108,17.94,18.294,17.881,18.294,12065,0
20061109,18.294,18.565,18.118,18.565,2812,0
20061110,18.565,18.767,17.35,18.294,19944,0
20061113,18.294,18.294,17.999,18.294,1982,0
20061114,18.235,18.235,17.721,18.177,356,0
20061115,18.412,18.59,17.999,18.59,38394,0
20061116,18.531,18.59,18.531,18.581,3795,0
20061117,18.531,18.531,18.531,18.531,23264,0
20061120,18.581,18.944,18.581,18.944,42784,0
20061121,18.944,19.509,18.826,19.29,182743,0
20061122,19.476,20.53,19.416,20.53,60033,0
20061123,20.656,20.656,20.066,20.597,2305,0
20061124,20.656,20.656,20.301,20.656,6948,0
20061127,20.597,21.98,20.479,21.98,4812,0
20061128,21.955,22.31,21.626,22.31,5270,0
20061129,22.132,22.132,21.837,21.837,7592,0
20061130,22.368,23.018,22.31,23.018,2475,0
20061201,23.431,24.199,23.431,24.199,85770,0
20061204,24.493,24.553,22.841,23.608,15368,0
20061205,23.136,24.317,22.79,24.317,3170,0
20061206,24.553,24.553,22.79,24.199,25857,0
20061207,24.199,24.199,23.608,23.911,36143,0
20061208,24.14,24.199,24.14,24.199,2440,0
20061211,24.199,24.199,23.608,23.608,813,0
20061212,23.6,23.903,23.549,23.903,69064,0
20061213,23.962,24.789,23.962,24.789,27179,0
20061214,24.789,26.443,24.789,25.97,6744,0
20061215,25.498,27.092,23.49,27.092,23993,0
20061218,27.564,29.63,26.56,28.036,19435,0
20061219,28.652,28.652,27.607,28.028,3288,0
20061220,28.626,28.626,26.501,27.682,6676,0
20061221,27.209,27.209,27.092,27.151,4864,0
20061222,25.379,26.501,25.379,25.675,10573,0
20061227,25.557,25.557,24.199,25.379,8693,0
20061228,25.97,25.97,24.612,25.379,13979,0
20061229,25.379,25.675,23.668,24.199,126759,0
20070102,24.199,24.493,23.752,24.199,2117,0
20070103,24.317,24.317,24.317,24.317,34549,0
20070104,24.485,24.485,24.485,24.485,51,0
20070105,23.911,24.14,23.785,23.785,18520,0
20070108,23.727,23.727,23.372,23.372,304,0
20070109,23.372,24.477,23.372,24.046,17096,0
20070110,24.046,24.687,24.046,24.687,356,0
20070111,24.199,24.713,24.199,24.671,24824,0
20070112,24.671,24.671,24.662,24.671,5761,0
20070115,24.671,24.966,24.671,24.797,2456,0
20070116,25.085,25.261,24.747,24.747,13216,0
20070117,24.789,25.97,24.781,25.97,9539,0
20070118,25.97,26.974,25.97,26.974,6049,0
20070119,26.974,28.036,26.443,28.036,12453,0
20070122,28.036,28.273,28.036,28.036,1729,0
20070124,27.446,27.741,26.855,27.741,1915,0
20070125,27.741,27.741,27.328,27.328,237,0
20070126,26.974,26.974,25.32,25.32,1169,0
20070129,24.797,25.936,24.199,25.936,14081,0
20070130,26.088,26.56,25.085,26.56,1422,0
20070131,27.074,27.151,26.56,27.117,102088,0
20070201,27.403,27.403,26.56,27.134,253,0
20070202,27.151,27.151,27.092,27.151,57254,0
20070205,27.209,27.328,27.092,27.092,85195,0
20070206,26.56,27.328,25.734,26.974,53341,0
20070207,27.328,27.328,26.678,26.678,237,0
20070208,27.268,27.268,26.56,26.619,593,0
20070209,27.084,27.084,25.438,26.501,17300,0
20070212,27.084,27.084,27.084,27.084,51,0
20070213,27.074,27.074,26.56,26.56,1710,0
20070214,26.029,26.915,25.97,26.915,51052,0
20070215,26.56,26.56,26.383,26.56,2456,0
20070216,26.906,26.906,26.855,26.855,33940,0
20070219,26.56,26.855,26.56,26.855,14352,0
20070220,27.058,27.058,25.97,26.56,34023,0
20070222,27.074,27.074,26.619,26.855,46274,0
20070223,26.855,26.855,26.56,26.56,202,0
20070226,26.847,26.847,26.847,26.847,35,0
20070227,25.692,25.7,24.14,25.085,2693,0
20070228,25.379,25.379,25.085,25.346,14012,0
20070301,24.291,25.405,23.608,24.755,17723,0
20070302,24.021,25.026,24.021,25.026,999,0
20070305,24.038,25.026,24.03,25.026,1390,0
20070306,24.207,24.781,24.14,24.781,2101,0
20070307,24.789,24.789,24.199,24.671,730,0
20070308,24.258,24.73,24.199,24.199,5219,0
20070309,24.021,24.081,23.819,24.081,644,0
20070312,24.671,24.671,23.827,24.662,660,0
20070313,24.603,24.603,24.199,24.477,560,0
20070314,24.199,24.199,23.827,24.199,221,0
20070315,23.911,24.165,23.811,24.165,678,0
20070316,24.299,24.434,24.224,24.317,70267,0
20070319,24.342,25.97,24.317,25.961,37582,0
20070320,25.97,25.97,25.379,25.97,11556,0
20070321,26.501,26.501,25.97,26.501,8980,0
20070322,26.56,26.796,26.56,26.729,135,0
20070323,27.134,27.446,25.97,27.446,17791,0
20070326,27.86,27.86,26.855,26.855,830,0
20070327,26.56,27.564,26.443,26.796,304,0
20070328,26.56,26.855,26.56,26.855,186,0
20070329,26.181,27.564,26.181,26.443,11726,0
20070330,25.936,25.936,25.936,25.936,51,0
20070402,25.936,25.936,25.32,25.498,2626,0
20070403,25.379,26.265,25.379,26.265,1576,0
20070404,26.265,27.092,26.265,26.974,14505,0
20070405,26.974,27.176,26.974,27.134,29127,0
20070410,27.134,27.227,27.109,27.109,10595,0
20070411,27.699,27.699,27.109,27.109,11023,0
20070412,27.109,27.53,27.109,27.345,2479,0
20070413,27.1,27.227,26.316,27.219,31949,0
20070416,26.627,27.227,26.627,27.227,80754,0
20070417,27.472,28.677,27.227,28.677,176616,0
20070418,28.677,28.677,27.235,27.235,1967,0
20070419,27.227,27.227,27.227,27.227,250593,0
20070420,27.927,27.952,27.227,27.227,39005,0
20070423,28.07,28.07,26.746,26.746,1619,0
20070424,26.864,27.522,26.864,27.522,9751,0
20070425,27.413,27.413,27.413,27.413,331,0
20070426,26.619,27.227,26.619,27.227,166417,0
20070427,26.746,27.472,26.746,27.472,23519,0
20070430,27.472,27.472,27.472,27.472,248,0
20070502,27.472,27.834,27.472,27.834,66,0
20070504,27.707,27.707,27.707,27.707,281,0
20070507,27.952,28.348,27.893,28.348,496,0
20070508,28.256,28.256,27.227,27.227,177540,0
20070509,26.637,27.168,26.619,27.168,826,0
20070511,26.139,26.746,25.414,26.746,1008,0
20070514,26.746,27.159,26.08,27.159,182,0
20070515,27.151,27.345,27.109,27.345,3868,0
20070516,27.345,27.53,27.345,27.53,661,0
20070517,27.53,28.5,27.53,28.373,40427,0
20070518,28.256,28.256,27.834,28.197,612,0
20070521,27.834,28.256,27.648,28.256,2017,0
20070522,28.256,28.256,28.256,28.256,462,0
20070523,28.138,28.138,27.707,27.707,992,0
20070524,27.53,27.707,27.53,27.707,248,0
20070525,26.923,27.716,26.923,27.716,810,0
20070528,27.775,28.197,27.707,28.197,1818,0
20070529,28.011,28.981,28.011,28.981,11007,0
20070530,28.981,28.981,28.736,28.804,2743,0
20070531,28.981,29.04,28.442,28.981,3735,0
20070601,28.5,29.588,28.5,29.588,37865,0
20070604,29.706,29.706,29.285,29.647,6099,0
20070605,29.402,29.647,29.285,29.647,3322,0
20070606,30.128,30.128,28.559,28.736,35550,0
20070608,28.138,28.559,28.138,28.442,17256,0
20070611,28.922,29.048,28.922,29.04,3720,0
20070612,29.226,29.461,29.226,29.461,232,0
20070613,29.344,29.647,29.344,29.647,1653,0
20070614,29.647,30.128,29.04,30.01,43583,0
20070615,29.192,29.943,29.192,29.943,165,0
20070618,29.293,29.749,29.04,29.749,1669,0
20070619,29.588,29.765,29.588,29.765,248230,0
20070620,29.765,29.765,29.048,29.647,6842,0
20070625,28.567,29.639,28.567,29.639,5835,0
20070626,28.804,29.69,28.804,29.69,2826,0
20070628,28.804,29.04,28.442,29.04,11289,0
20070629,28.442,29.588,28.442,29.344,106075,0
20070703,28.5,29.529,28.5,29.529,50,0
20070709,29.521,29.521,28.442,28.442,116,0
20070710,28.677,28.677,28.677,28.677,165,0
20070711,28.019,28.019,26.619,27.227,1505,0
20070712,26.864,27.834,26.619,27.834,19933,0
20070716,27.227,28.07,27.227,28.07,10264,0
20070717,27.842,28.07,27.834,28.07,44658,0
20070718,27.86,29.344,27.834,29.344,17684,0
20070719,28.442,29.04,28.442,29.04,115908,0
20070720,28.256,29.04,28.138,29.04,116,0
20070723,29.04,29.04,29.04,29.04,16,0
20070724,29.04,29.04,28.736,28.736,247998,0
20070725,27.834,27.834,27.834,27.834,331,0
20070726,28.373,28.373,26.02,26.686,3305,0
20070727,26.257,27.707,26.08,27.227,1884,0
20070731,27.227,28.138,27.227,28.138,8478,0
20070801,26.805,28.129,26.805,28.129,100,0
20070802,27.834,28.138,27.834,28.138,446,0
20070803,27.235,27.53,27.227,27.53,381,0
20070806,27.235,27.834,27.227,27.834,20345,0
20070807,27.235,27.834,27.227,27.834,16908,0
20070808,27.286,28.442,27.286,28.442,17370,0
20070809,28.442,29.04,28.442,29.04,40013,0
20070810,28.442,28.981,27.834,28.432,16148,0
20070813,27.834,28.424,26.619,28.424,1207,0
20070816,27.227,27.227,24.199,27.168,24676,0
20070817,27.648,27.648,27.648,27.648,34,0
20070820,27.648,29.529,27.227,27.775,5256,0
20070821,27.227,27.227,26.619,27.227,1619,0
20070822,27.817,27.817,27.817,27.817,5123,0
20070823,27.227,27.53,26.923,27.53,3223,0
20070824,26.923,27.227,26.923,27.227,710,0
20070827,27.227,27.53,26.619,27.53,2843,0
20070828,27.766,27.766,26.686,26.686,66,0
20070829,26.686,27.53,26.686,27.53,26212,0
20070830,27.707,27.707,27.707,27.707,83,0
20070831,27.707,27.707,27.707,27.707,83,0
20070904,27.227,27.227,27.227,27.227,314,0
20070905,26.864,27.791,26.864,27.791,66,0
20070906,26.686,26.686,26.619,26.619,462,0
20070907,26.02,26.746,26.02,26.619,194548,0
20070910,26.383,27.227,26.383,27.227,992,0
20070911,26.686,27.615,26.686,27.615,148,0
20070912,27.615,27.656,27.227,27.53,7371,0
20070913,27.707,27.707,27.53,27.53,3223,0
20070914,27.707,28.121,27.707,28.121,3025,0
20070917,28.416,28.416,28.416,28.416,34,0
20070918,28.399,28.399,28.399,28.399,34,0
20070919,28.407,28.407,28.407,28.407,83,0
20070920,28.407,28.407,28.407,28.407,331,0
20070921,27.893,28.432,27.648,28.432,595,0
20070926,28.432,28.432,28.432,28.432,165,0
20070928,28.491,28.491,28.491,28.491,381,0
20071001,28.601,28.601,28.601,28.601,66,0
20071002,28.559,28.559,28.559,28.559,66,0
20071003,28.551,28.551,28.526,28.526,165,0
20071004,28.526,28.542,28.095,28.542,298,0
20071005,28.442,28.442,28.442,28.442,66,0
20071008,27.834,27.834,27.834,27.834,182,0
20071009,27.227,27.825,27.227,27.825,83,0
20071010,28.129,28.129,28.129,28.129,83,0
20071011,27.539,27.994,27.53,27.994,35352,0
20071012,27.235,27.817,27.227,27.817,331,0
20071015,27.834,27.834,27.775,27.834,446,0
20071016,27.825,27.825,27.825,27.825,50,0
20071017,27.775,27.775,26.686,27.227,429,0
20071018,27.219,27.219,27.219,27.219,34,0
20071022,26.686,27.168,26.686,27.168,100,0
20071023,27.522,27.522,27.522,27.522,66,0
20071024,27.227,27.227,26.923,26.923,264,0
20071025,27.522,27.825,26.923,27.825,182,0
20071031,27.825,27.825,27.825,27.825,16,0
20071105,27.227,27.53,27.227,27.53,198,0
20071106,27.825,27.825,27.825,27.825,100,0
20071109,26.923,27.53,26.619,27.53,992,0
20071112,27.227,27.513,26.501,27.513,264,0
20071114,27.53,27.53,26.754,27.53,78489,0
20071116,26.619,27.834,26.619,27.834,414,0
20071119,27.775,27.775,27.775,27.775,66,0
20071122,27.707,28.011,27.227,28.011,4480,0
20071126,28.138,28.138,27.893,28.138,429,0
20071128,28.197,28.442,28.197,28.442,232,0
20071129,27.834,28.432,27.53,28.432,512,0
20071203,28.315,28.315,27.834,28.315,214,0
20071204,28.315,28.315,28.315,28.315,165,0
20071205,28.315,28.315,28.315,28.315,83,0
20071206,28.23,28.23,28.23,28.23,83,0
20071207,28.424,28.424,28.373,28.373,66,0
20071210,28.373,28.373,28.373,28.373,694,0
20071211,28.315,28.315,28.315,28.315,133,0
20071217,27.227,27.825,27.227,27.825,347,0
20071218,26.627,27.817,26.627,27.817,34,0
20071219,26.931,28.306,26.619,28.306,83332,0
20071220,27.109,28.07,27.109,28.07,116,0
20071221,27.227,27.472,27.227,27.472,414,0
20071227,27.834,27.834,26.619,26.619,347,0
20071228,26.619,26.619,26.619,26.619,6032,0
20080102,26.619,27.168,26.619,27.168,281,0
20080104,26.02,26.316,26.02,26.316,165,0
20080107,25.414,25.438,25.295,25.295,512,0
20080108,24.199,24.199,24.199,24.199,331,0
20080110,23.903,23.903,22.874,22.874,2050,0
20080111,21.718,22.259,21.718,22.259,909,0
20080114,22.124,22.326,21.297,21.297,546,0
20080115,22.36,22.36,22.36,22.36,826,0
20080117,22.385,22.385,20.454,20.572,70688,0
20080118,22.385,22.385,20.276,20.276,4842,0
20080121,20.268,20.327,19.366,19.366,4049,0
20080122,18.994,18.994,18.935,18.935,232,0
20080123,19.062,19.062,19.062,19.062,16577,0
20080124,19.484,19.897,19.484,19.897,628,0
20080125,19.897,20.268,19.897,20.268,1455,0
20080128,19.897,20.446,19.897,20.446,314,0
20080129,20.858,21.179,20.858,21.179,4958,0
20080130,20.875,21.179,20.572,21.179,7090,0
20080131,21.534,23.296,21.534,23.296,1636,0
20080201,22.385,23.474,22.385,23.17,3205,0
20080204,23.423,23.658,23.423,23.658,4958,0
20080205,23.06,23.06,23.051,23.051,381,0
20080207,23.094,23.094,21.778,22.385,381,0
20080208,22.688,22.933,22.688,22.933,478,0
20080211,22.688,22.933,22.688,22.933,16627,0
20080212,23.296,23.296,22.992,22.992,562,0
20080213,22.992,22.992,22.874,22.874,17899,0
20080214,23.355,23.533,22.992,22.992,3322,0
20080215,23.6,23.6,23.6,23.6,1653,0
20080218,25.953,25.953,25.716,25.716,83,0
20080219,24.806,24.991,24.806,24.856,5058,0
20080220,23.903,24.747,23.903,24.747,100,0
20080221,24.503,24.747,24.503,24.503,2265,0
20080222,24.503,24.503,23.903,23.903,4876,0
20080225,24.081,24.687,24.081,24.503,3620,0
20080226,24.199,24.367,24.199,24.367,133,0
20080227,24.434,24.444,24.434,24.444,13502,0
20080228,24.434,24.444,23.735,24.426,3900,0
20080303,23.296,23.296,22.571,22.933,19089,0
20080304,23.474,23.768,22.992,22.992,4297,0
20080305,23.406,23.406,22.992,22.992,926,0
20080306,22.992,23.406,22.992,23.406,198,0
20080310,22.688,22.765,22.688,22.765,429,0
20080311,22.992,22.992,22.992,22.992,331,0
20080312,22.992,22.992,22.992,22.992,364,0
20080313,22.984,22.992,22.807,22.992,8297,0
20080314,22.992,22.992,22.992,22.992,281,0
20080317,22.688,22.984,22.688,22.984,232,0
20080318,23.288,23.288,23.288,23.288,16,0
20080325,23.288,23.288,23.288,23.288,1322,0
20080326,22.992,23.28,22.992,23.28,83,0
20080327,23.27,23.27,23.17,23.27,1223,0
20080328,23.347,23.347,23.347,23.347,414,0
20080331,23.296,24.199,22.992,24.199,86175,0
20080401,24.317,24.325,24.317,24.325,546,0
20080402,24.199,24.797,24.199,24.797,381,0
20080403,25.295,25.346,25.295,25.346,793,0
20080404,24.806,25.295,24.806,25.295,50,0
20080408,24.713,24.713,24.503,24.713,678,0
20080409,25.16,25.16,25.16,25.16,83,0
20080411,24.503,25.118,24.503,25.118,446,0
20080414,24.207,24.384,24.199,24.376,992,0
20080415,24.434,24.503,24.434,24.503,331,0
20080416,24.679,24.679,24.679,24.679,50,0
20080417,24.679,24.679,24.679,24.679,83,0
20080421,24.224,24.722,23.903,24.722,496,0
20080422,24.503,24.503,23.533,24.199,381,0
20080425,24.207,24.207,24.199,24.199,677,0
20080428,23.448,23.76,23.448,23.76,435,0
20080429,23.827,24.199,23.827,24.19,3273,0
20080430,24.131,24.747,24.131,24.747,8141,0
20080505,24.806,24.806,24.806,24.806,49,0
20080506,23.642,23.642,23.642,23.642,32,0
20080507,22.647,24.317,22.647,24.317,3336,0
20080508,24.434,24.814,24.325,24.814,34688,0
20080509,24.806,24.924,24.806,24.924,89,0
20080512,24.873,24.881,24.873,24.881,183,0
20080513,24.873,25.067,23.903,25.067,1732,0
20080514,24.873,24.873,24.873,24.873,225,0
20080515,24.199,24.199,24.199,24.199,751,0
20080516,24.738,24.738,23.727,24.19,2524,0
20080519,23.574,23.574,22.706,22.882,1853,0
20080520,22.613,22.647,21.71,22.208,8032,0
20080521,21.221,21.618,20.842,21.618,8147,0
20080523,21.71,21.71,20.47,20.47,10944,0
20080526,20.47,20.47,19.855,19.855,2960,0
20080527,19.855,19.855,19.231,19.829,4879,0
20080528,19.67,19.67,18.623,18.623,4986,0
20080529,19.4,19.855,19.4,19.788,1619,0
20080530,19.67,20.023,19.543,20.023,763,0
20080602,20.04,21.095,20.04,20.538,2449,0
20080603,20.538,20.538,20.226,20.538,120,0
20080604,20.47,20.47,20.352,20.352,73,0
20080605,19.391,19.543,18.894,18.894,2747,0
20080606,19.096,19.476,19.096,19.476,522,0
20080609,19.602,19.602,19.602,19.602,403,0
20080610,19.231,19.231,18.649,19.231,596,0
20080611,18.641,19.231,18.641,19.231,752,0
20080612,18.615,18.615,18.488,18.488,935,0
20080613,18.91,18.91,18.859,18.902,194,0
20080616,17.999,18.851,17.999,18.851,109,0
20080618,18.615,18.919,18.615,18.919,515,0
20080619,18.8,18.919,18.303,18.859,1161931,0
20080620,19.172,19.172,19.172,19.172,82,0
20080623,18.919,18.986,18.919,18.919,588,0
20080624,18.859,18.986,18.615,18.986,38869,0
20080625,18.919,18.919,18.919,18.919,9,0
20080626,18.986,18.986,18.986,18.986,9,0
20080627,19.037,19.045,19.037,19.045,497,0
20080630,19.113,19.113,18.919,19.113,497,0
20080701,19.155,19.155,19.155,19.155,9,0
20080703,18.615,18.733,18.429,18.733,219,0
20080704,18.859,18.859,17.797,17.805,528,0
20080707,17.814,17.957,17.814,17.957,198,0
20080708,17.797,17.797,17.797,17.797,24,0
20080709,17.797,18.708,17.797,18.674,1273,0
20080711,17.493,17.645,17.493,17.645,215,0
20080714,17.004,17.839,17.004,17.839,530,0
20080715,16.995,17.004,16.995,16.995,548,0
20080721,16.995,16.995,16.995,16.995,645,0
20080722,16.995,17.679,16.995,17.679,228,0
20080723,17.679,18.547,17.679,18.547,776,0
20080725,17.839,17.839,16.785,17.122,1422,0
20080728,17.156,17.156,16.751,16.751,57,0
20080729,16.127,16.742,16.127,16.742,145,0
20080730,16.742,16.751,16.742,16.751,706,0
20080731,16.751,16.751,16.313,16.742,24658,0
20080801,16.751,16.801,16.751,16.801,274,0
20080804,17.13,17.13,16.801,17.122,124,0
20080805,16.81,16.936,16.751,16.936,137,0
20080806,17.257,17.257,16.448,17.257,121,0
20080807,17.299,18.615,17.198,18.615,82346,0
20080808,17.738,18.235,17.73,18.235,451,0
20080811,18.235,18.547,18.235,18.547,608,0
20080812,18.615,19.113,18.202,18.615,381,0
20080813,17.999,18.615,17.991,18.615,210,0
20080818,18.547,18.547,17.679,18.547,132,0
20080819,17.991,18.606,17.738,18.606,194,0
20080822,18.143,18.539,18.143,18.539,32245,0
20080825,18.539,18.539,17.746,18.539,186236,0
20080826,18.539,18.539,17.746,18.531,3108,0
20080828,17.746,18.547,17.746,18.547,683,0
20080829,17.746,18.547,17.746,18.547,291,0
20080901,17.746,18.488,17.746,18.488,301,0
20080902,18.59,18.59,17.991,18.59,643,0
20080903,18.826,19.172,18.429,19.172,847,0
20080904,19.172,19.484,18.674,19.484,16238,0
20080905,19.788,19.788,18.733,18.919,15701,0
20080908,18.674,18.919,17.991,18.733,3098,0
20080909,18.919,18.919,18.024,18.792,4684,0
20080910,18.919,18.919,18.024,18.606,3362,0
20080911,18.598,19.003,18.429,19.003,1722,0
20080912,18.919,19.037,18.143,19.037,23,0
20080915,18.143,19.037,18.143,19.037,134,0
20080916,18.024,18.665,17.865,18.665,645,0
20080917,18.547,18.547,17.62,17.865,5009,0
20080918,17.679,17.805,17.679,17.805,385,0
20080919,17.932,17.932,17.434,17.62,822,0
20080922,17.983,17.983,17.375,17.746,376,0
20080923,17.679,17.679,17.089,17.611,708,0
20080924,17.561,17.561,16.599,17.426,1794,0
20080925,17.181,17.181,17.181,17.181,91,0
20080926,17.586,17.586,16.38,17.181,5630,0
20080929,17.156,17.156,16.751,16.751,259,0
20080930,16.936,16.936,16.127,16.566,766,0
20081001,16.498,16.507,16.498,16.507,1460,0
20081002,16.599,16.717,16.203,16.717,7545,0
20081003,16.717,16.717,16.127,16.709,265,0
20081006,15.511,16.194,15.511,16.194,2785,0
20081007,16.607,16.81,15.519,16.127,21267,0
20081008,16.439,16.439,15.233,15.941,17413,0
20081009,16.287,16.287,15.022,15.427,2398,0
20081010,15.14,15.14,13.529,14.102,2723,0
20081013,14.33,14.33,13.293,13.647,9110,0
20081014,14.111,14.271,13.175,13.647,4008,0
20081015,14.069,14.069,13.335,13.335,808,0
20081016,14.693,14.693,12.905,12.905,1290,0
20081017,13.335,13.335,12.719,12.897,2501,0
20081020,13.031,13.031,12.095,12.095,9447,0
20081021,12.407,12.66,12.095,12.66,7268,0
20081022,12.534,12.534,11.943,12.517,309,0
20081023,12.407,12.407,11.792,12.407,1602,0
20081024,12.036,12.036,11.167,12.036,5335,0
20081027,12.036,12.036,11.167,11.167,8259,0
20081028,11.521,11.521,10.442,11.437,3358,0
20081029,11.715,12.407,10.551,11.294,6272,0
20081030,11.48,11.715,11.167,11.167,4460,0
20081031,11.167,11.589,11.041,11.488,2828,0
20081103,11.395,11.488,11.167,11.48,5523,0
20081104,11.471,11.665,11.471,11.665,3769,0
20081105,11.598,11.91,11.539,11.91,4617,0
20081106,11.724,12.162,11.606,12.162,1589,0
20081107,12.5,12.897,12.415,12.897,8069,0
20081110,13.242,14.516,13.242,13.959,31745,0
20081112,13.951,13.951,12.719,13.335,5413,0
20081113,12.407,13.031,12.407,13.031,49427,0
20081114,12.593,13.15,12.534,12.803,11712,0
20081117,13.293,13.293,13.293,13.293,58,0
20081118,12.803,13.352,12.407,13.318,28460,0
20081119,13.411,13.411,12.778,13.031,1257,0
20081120,12.525,13.394,12.407,13.394,32667,0
20081121,13.031,13.031,12.458,12.627,1431,0
20081124,13.15,13.15,12.627,13.15,1529,0
20081125,12.905,13.031,12.601,13.031,358,0
20081126,12.812,12.997,12.593,12.997,369,0
20081127,12.719,12.997,12.593,12.997,161,0
20081128,12.517,12.627,12.517,12.627,194,0
20081201,12.997,12.997,12.997,12.997,16,0
20081202,12.719,12.997,12.424,12.997,1167,0
20081203,12.964,12.964,12.964,12.964,468,0
20081204,12.997,12.997,12.424,12.424,2191,0
20081205,12.424,12.424,12.095,12.095,16793,0
20081208,12.129,12.559,11.977,11.977,22525,0
20081209,11.859,11.884,11.48,11.48,14157,0
20081210,11.539,11.539,11.269,11.48,3709,0
20081211,11.294,11.294,10.923,10.923,16890,0
20081212,10.754,10.754,10.113,10.113,24703,0
20081215,10.299,10.299,9.675,9.675,6185,0
20081216,9.928,9.928,9.4888,9.556,15239,0
20081217,9.742,9.742,9.3115,9.3198,13028,0
20081218,9.3032,9.3032,8.4683,8.5947,105174,0
20081219,8.5694,8.6116,8.5694,8.5694,10806,0
20081222,8.4092,8.4092,8.3501,8.3501,62887,0
20081223,8.4683,8.4683,8.1308,8.1393,987,0
20081229,8.4683,8.4683,8.1308,8.1308,1977,0
20081230,8.1561,8.173,8.1561,8.1561,12208,0
20081231,8.4935,8.502,8.1308,8.1561,38473,0
20090105,8.3754,8.7128,8.3754,8.3923,105484,0
20090106,8.9577,9.742,8.9577,9.742,3874,0
20090107,9.893,11.159,9.801,9.987,7992,0
20090108,10.054,10.113,9.987,10.02,3339,0
20090109,10.45,10.543,9.961,9.961,4383,0
20090112,9.961,10.543,9.961,10.299,34482,0
20090113,10.543,10.855,10.426,10.855,47192,0
20090114,10.948,11.353,10.669,10.948,17047,0
20090115,11.075,11.075,10.669,10.83,19894,0
20090116,10.729,11.167,10.729,11.041,3846,0
20090119,11.176,11.176,10.948,11.159,18045,0
20090120,11.057,11.133,10.889,10.889,6002,0
20090121,10.855,10.855,9.928,10.518,9623,0
20090122,10.83,10.83,10.172,10.222,1040,0
20090123,10.24,10.24,10.24,10.24,485,0
20090126,10.678,11.133,10.669,10.982,5035,0
20090127,10.982,11.133,10.982,10.982,4796,0
20090128,11.133,11.792,10.982,10.982,20076,0
20090129,11.167,11.251,10.99,11.251,7051,0
20090130,11.176,11.294,11.167,11.269,34903,0
20090202,11.125,11.125,10.83,10.83,27809,0
20090203,11.075,11.075,9.936,10.695,801,0
20090204,10.814,10.814,10.299,10.357,4909,0
20090205,10.02,11.041,10.02,10.653,3614,0
20090206,10.814,11.159,10.577,10.855,1211,0
20090209,11.041,11.041,10.518,10.889,688,0
20090210,10.804,10.804,10.518,10.669,849,0
20090211,10.518,10.518,10.299,10.426,2421,0
20090212,10.426,10.426,9.987,10.172,2050,0
20090213,9.936,10.206,9.928,10.054,2742,0
20090216,9.869,9.869,9.742,9.801,3085,0
20090217,9.4888,10.206,9.244,9.244,9481,0
20090218,9.928,10.054,8.8228,9.919,15361,0
20090219,10.543,10.923,9.987,10.923,16409,0
20090220,11.167,11.167,10.332,10.931,5461,0
20090223,11.159,11.336,11.041,11.31,25336,0
20090224,11.286,11.286,11.041,11.108,64528,0
20090225,11.286,11.294,11.049,11.108,95729,0
20090226,11.251,11.251,10.426,10.804,43976,0
20090227,10.83,10.982,10.83,10.973,2789,0
20090302,11.167,11.167,10.72,10.729,21225,0
20090303,11.066,11.235,10.72,11.235,13015,0
20090304,11.294,12.34,11.294,11.968,18437,0
20090305,12.374,12.374,11.792,11.977,6470,0
20090306,11.91,12.938,11.91,12.382,46496,0
20090309,12.466,12.466,12.07,12.39,27877,0
20090310,11.851,12.517,11.851,12.517,18183,0
20090311,12.989,12.989,12.593,12.862,11554,0
20090312,12.905,13.579,12.871,13.571,13427,0
20090313,13.638,13.832,13.158,13.647,10651,0
20090316,13.638,13.638,13.031,13.25,8900,0
20090317,13.25,13.52,13.15,13.385,6496,0
20090318,13.293,13.571,12.542,13.209,4520,0
20090319,12.677,13.082,12.677,13.048,2368,0
20090320,12.677,12.677,12.221,12.525,9996,0
20090323,12.542,13.082,11.707,13.082,16906,0
20090324,13.015,13.074,12.601,13.065,6107,0
20090325,13.15,13.15,12.568,13.082,11859,0
20090326,13.074,13.082,12.677,13.082,12962,0
20090327,13.082,13.217,12.744,13.217,13108,0
20090330,13.285,13.697,13.209,13.697,24908,0
20090331,13.706,14.145,13.428,14.145,10580,0
20090401,14.229,14.229,13.765,14.17,18957,0
20090402,14.145,14.179,13.976,14.077,3093,0
20090403,14.111,14.735,14.111,14.592,9383,0
20090406,14.592,15.131,14.592,15.131,5194,0
20090407,15.131,15.131,14.802,14.836,3090,0
20090408,14.735,14.937,14.389,14.87,7610,0
20090409,14.878,14.896,14.87,14.896,6009,0
20090414,14.937,15.216,14.937,15.149,7609,0
20090415,14.996,15.275,14.802,15.14,5514,0
20090416,15.149,15.823,15.149,15.823,10436,0
20090417,15.823,16.658,15.562,16.523,8567,0
20090420,16.523,16.726,15.975,16.481,14608,0
20090421,16.313,16.313,15.696,15.975,11538,0
20090422,15.975,16.043,15.705,15.781,9326,0
20090423,15.798,15.933,15.781,15.933,493,0
20090424,16.313,16.346,15.831,16.178,5781,0
20090427,16.178,16.388,14.558,15.005,26604,0
20090428,14.996,14.996,14.389,14.457,3713,0
20090429,14.592,15.072,14.533,15.022,29145,0
20090430,15.149,15.309,15.149,15.284,3998,0
20090504,15.418,16.194,15.072,15.562,4985,0
20090505,15.772,15.772,15.216,15.351,8108,0
20090506,15.359,15.688,15.359,15.368,2753,0
20090507,15.604,16.135,15.039,15.039,12094,0
20090508,15.216,15.469,13.538,14.381,14975,0
20090511,13.841,14.963,13.571,13.951,9779,0
20090512,14.01,14.44,13.765,14.44,11018,0
20090513,14.971,14.971,14.44,14.583,61380,0
20090514,14.381,14.761,14.187,14.761,2511,0
20090515,14.761,14.769,14.482,14.769,2196,0
20090518,14.802,14.802,14.22,14.49,5360,0
20090519,14.659,14.735,14.634,14.727,4127,0
20090520,14.727,14.87,14.558,14.659,5952,0
20090521,14.735,14.735,14.212,14.212,3250,0
20090522,14.448,14.448,13.908,14.322,4015,0
20090525,14.322,14.322,13.85,14.01,1716,0
20090526,14.01,14.322,13.697,13.773,2077,0
20090527,13.706,14.094,13.706,13.765,1304,0
20090528,14.061,14.069,13.428,13.462,9144,0
20090529,13.428,13.765,13.082,13.765,12182,0
20090601,13.976,14.077,13.765,13.942,995,0
20090602,13.976,14.937,13.976,14.735,8090,0
20090603,14.937,15.764,14.465,15.562,3956,0
20090604,15.486,15.899,15.486,15.629,6416,0
20090605,15.696,15.696,15.149,15.182,6222,0
20090608,15.182,15.182,14.516,15.005,1438,0
20090609,14.929,15.351,14.929,15.351,1459,0
20090610,15.149,15.233,14.659,15.233,2014,0
20090612,15.233,15.233,14.769,14.996,2133,0
20090615,14.499,14.735,14.457,14.457,3457,0
20090616,14.322,14.592,13.908,14.592,1201,0
20090617,14.558,14.592,14.558,14.592,219,0
20090618,14.583,14.583,13.917,14.558,1999,0
20090619,14.702,14.702,14.12,14.626,1636,0
20090622,14.642,14.642,14.288,14.288,3055,0
20090623,14.288,14.904,13.765,14.802,3336,0
20090624,14.937,15.005,14.49,14.592,1075,0
20090625,14.659,14.904,14.592,14.904,271,0
20090626,14.735,14.735,14.508,14.508,585,0
20090629,14.87,15.486,14.87,15.486,2052,0
20090630,15.452,16.329,15.292,16.329,14925,0
20090701,16.321,16.819,16.321,16.76,2788,0
20090702,16.751,16.936,16.751,16.936,1317,0
20090703,16.388,16.456,15.899,16.439,126619,0
20090706,16.38,16.38,15.831,16.068,2935,0
20090707,15.831,16.101,15.764,16.101,29129,0
20090708,16.076,16.093,16.076,16.076,452,0
20090709,16.076,16.076,16.076,16.076,91,0
20090710,16.076,16.169,15.866,16.009,77489,0
20090714,15.798,16.515,15.798,16.422,147284,0
20090715,16.194,16.507,16.194,16.507,12069,0
20090716,16.523,16.523,16.219,16.219,37319,0
20090717,16.515,16.92,16.472,16.523,22574,0
20090720,16.86,16.936,16.793,16.936,3097,0
20090721,16.726,16.936,16.726,16.936,1921,0
20090722,16.936,16.936,16.936,16.936,146,0
20090723,16.523,16.936,16.245,16.869,7010,0
20090724,16.936,16.936,16.692,16.903,1265,0
20090727,17.105,17.105,16.557,16.793,62290,0
20090728,16.936,16.936,16.793,16.793,711,0
20090729,16.557,16.557,16.388,16.523,1329,0
20090730,16.793,16.793,16.178,16.582,637,0
20090731,16.388,17.485,15.907,17.207,8423,0
20090803,17.207,18.59,17.207,18.539,2753,0
20090804,18.691,18.691,17.915,18.244,2069,0
20090805,18.244,18.244,17.207,17.207,3684,0
20090806,17.207,17.544,17.071,17.207,1287,0
20090807,17.283,17.283,16.523,16.523,3837,0
20090810,16.523,17.62,16.211,17.544,8531,0
20090811,17.518,17.536,17.004,17.35,6773,0
20090812,17.51,17.898,16.869,17.898,3213,0
20090813,17.561,18.033,17.417,17.417,24408,0
20090814,17.889,17.889,17.207,17.207,1180,0
20090817,16.903,17.763,16.607,17.207,3346,0
20090818,17.038,17.477,17.038,17.477,659,0
20090819,17.004,17.207,17.004,17.004,5980,0
20090820,17.746,17.746,16.936,16.995,3329,0
20090821,17.029,17.62,16.658,17.62,30622,0
20090824,17.696,18.447,17.283,17.898,2333,0
20090825,17.889,18.447,17.552,18.412,2485,0
20090826,18.447,18.581,17.915,17.924,4284,0
20090827,18.244,18.312,17.924,17.924,37386,0
20090828,18.573,19.719,17.932,19.678,43037,0
20090831,19.273,19.678,19.003,19.551,3123,0
20090901,18.725,19.476,17.924,18.759,2532,0
20090902,18.177,18.244,17.83,17.83,7818,0
20090903,17.071,17.485,17.071,17.105,3903,0
20090904,16.692,17.35,16.658,17.35,792,0
20090907,17.35,19.719,16.869,18.927,9458,0
20090908,18.927,18.927,17.038,17.248,7120,0
20090909,17.881,17.881,17.696,17.881,79,0
20090910,17.316,17.62,17.283,17.62,2612,0
20090911,17.417,17.881,17.08,17.173,5632,0
20090914,16.869,16.869,16.591,16.726,937,0
20090915,16.397,16.97,16.397,16.97,781,0
20090916,17.274,17.898,16.97,17.898,1838,0
20090917,17.898,18.32,17.898,18.32,1033,0
20090918,18.556,18.59,18.556,18.59,1453,0
20090921,18.244,18.59,18.244,18.59,1905,0
20090922,17.898,18.522,17.283,18.522,8192,0
20090923,18.522,18.522,18.379,18.522,4212,0
20090924,17.965,18.522,17.932,17.932,1864,0
20090925,17.898,18.244,17.763,18.244,7865,0
20090928,17.73,18.244,17.358,18.244,6991,0
20090929,17.771,18.244,17.771,18.244,5155,0
20090930,18.244,18.244,17.965,18.244,5565,0
20091001,17.771,19.754,17.771,19.754,32138,0
20091002,18.59,19.264,17.78,17.805,31602,0
20091005,17.898,17.898,17.291,17.291,5265,0
20091006,17.965,17.965,17.316,17.451,2078,0
20091007,17.552,17.991,17.485,17.485,4726,0
20091008,17.485,17.999,17.485,17.485,160,0
20091009,17.207,17.881,17.207,17.856,1182,0
20091012,18.008,18.008,17.358,17.957,800,0
20091013,17.316,17.552,17.071,17.552,343,0
20091014,17.004,17.207,16.515,16.515,7523,0
20091015,16.515,16.869,16.515,16.869,148220,0
20091016,17.097,17.097,16.313,16.439,149473,0
20091019,16.422,16.717,16.422,16.717,2851,0
20091020,16.523,16.717,16.278,16.717,15357,0
20091021,16.852,16.852,16.523,16.523,124,0
20091022,16.515,16.515,16.27,16.27,396,0
20091023,16.211,16.245,15.351,15.806,5619,0
20091026,15.519,16.076,15.519,16.076,87813,0
20091027,16.009,16.009,15.486,15.494,2586,0
20091028,15.519,15.984,15.469,15.823,489,0
20091029,15.672,15.672,15.384,15.486,379,0
20091030,15.672,15.696,15.486,15.696,297,0
20091102,15.663,15.764,15.562,15.562,763,0
20091103,16.186,16.869,16.16,16.16,7752,0
20091104,15.831,16.388,15.831,16.388,760,0
20091105,16.388,16.388,15.562,15.933,3695,0
20091106,15.629,15.696,15.629,15.663,5543,0
20091109,15.696,15.696,15.596,15.629,84522,0
20091110,16.262,16.262,16.245,16.262,687,0
20091112,16.313,16.625,16.313,16.313,16251,0
20091113,16.523,16.523,15.831,15.831,3254,0
20091116,15.899,16.169,15.857,16.043,1378,0
20091117,16.043,16.523,15.831,15.831,4520,0
20091118,15.831,16.076,15.831,16.076,174,0
20091119,15.831,15.831,15.696,15.696,2027,0
20091120,15.629,15.629,15.486,15.629,289,0
20091123,15.149,15.831,15.149,15.663,851,0
20091124,15.216,15.351,14.01,14.457,1114215,0
20091125,14.541,14.608,14.448,14.448,115830,0
20091126,14.457,14.971,14.288,14.87,4926,0
20091127,14.457,14.794,14.364,14.457,1527,0
20091130,14.802,14.861,14.457,14.845,2494,0
20091201,14.802,14.802,14.508,14.802,7914,0
20091202,14.794,14.802,14.549,14.592,5054,0
20091203,14.659,14.659,14.592,14.659,2365,0
20091204,14.659,14.659,14.592,14.592,385,0
20091207,14.592,14.592,14.49,14.49,3961,0
20091208,14.592,14.592,14.288,14.288,23203,0
20091209,14.524,14.802,14.457,14.802,940379,0
20091210,14.802,14.802,14.592,14.802,76170,0
20091211,14.955,15.284,14.49,15.149,26772,0
20091214,15.149,15.596,15.149,15.351,2450,0
20091215,15.149,15.503,15.149,15.351,6474,0
20091216,15.486,16.178,15.486,16.178,13724,0
20091217,16.203,16.346,15.984,16.346,15768,0
20091218,16.178,16.388,16.178,16.388,6026,0
20091221,16.313,16.313,15.157,16.313,8374,0
20091222,16.313,16.422,16.245,16.313,51842,0
20091223,16.313,16.346,16.186,16.313,11243,0
20091228,16.245,17.207,16.211,17.207,8759,0
20091229,16.591,17.207,16.523,17.207,5924,0
20091230,17.071,17.207,17.071,17.207,1263,0
20091231,17.105,17.207,16.726,16.726,1045,0
20100104,16.658,16.658,16.313,16.313,86,0
20100105,16.658,17.054,16.245,16.245,1653,0
20100106,16.793,16.793,16.346,16.726,1205,0
20100107,16.793,16.793,16.532,16.532,4817,0
20100108,16.388,16.869,16.388,16.869,66,0
20100111,16.987,16.987,16.523,16.869,1236,0
20100112,16.388,16.616,16.388,16.616,1710,0
20100113,16.431,16.599,16.413,16.582,677,0
20100114,16.852,16.903,16.658,16.658,1492,0
20100115,16.869,17.004,16.726,16.726,548,0
20100118,17.054,17.054,16.388,16.726,743,0
20100119,16.86,16.903,16.726,16.726,2384,0
20100120,16.726,17.038,16.726,16.936,30009,0
20100121,16.793,16.835,16.793,16.835,299,0
20100122,16.835,16.835,16.793,16.793,822,0
20100125,16.726,16.726,16.557,16.557,208,0
20100126,16.388,16.388,16.11,16.178,1993,0
20100127,15.696,16.119,15.696,16.119,1188,0
20100128,16.245,16.245,16.245,16.245,55,0
20100201,16.852,16.936,15.705,16.936,1341,0
20100202,16.869,16.869,16.388,16.793,379,0
20100203,16.523,16.523,16.523,16.523,690,0
20100204,16.523,16.523,15.831,15.831,1026,0
20100205,15.857,16.388,15.384,15.418,16999,0
20100208,15.376,15.376,14.937,14.937,1092,0
20100209,14.735,14.735,14.735,14.735,146,0
20100210,15.115,15.258,14.735,15.047,1316,0
20100211,15.005,15.005,14.861,14.912,580,0
20100212,14.971,15.005,14.963,15.005,607,0
20100215,15.216,15.216,15.072,15.149,706,0
20100216,15.284,15.284,15.149,15.216,791,0
20100217,15.216,15.216,15.182,15.216,1581,0
20100218,15.216,15.216,15.005,15.005,3121,0
20100219,15.005,15.005,14.457,14.457,5220,0
20100222,14.735,15.149,14.735,15.149,1527,0
20100223,15.149,15.149,14.87,14.87,961,0
20100224,15.14,15.149,15.005,15.149,2715,0
20100225,15.149,15.149,14.769,15.115,71373,0
20100226,14.87,15.149,14.87,15.149,4244,0
20100301,15.149,15.149,14.921,15.149,31442,0
20100302,15.351,15.351,15.149,15.149,733,0
20100303,14.904,15.149,14.904,15.149,1045,0
20100304,15.149,15.149,15.14,15.14,37345,0
20100305,15.149,15.486,15.149,15.292,7289,0
20100308,15.317,15.317,15.149,15.149,2825,0
20100309,15.149,15.149,15.055,15.149,3877,0
20100310,15.486,15.831,15.443,15.831,2503,0
20100311,15.831,16.178,15.831,16.178,3344,0
20100312,16.178,17.138,15.933,17.138,20934,0
20100315,17.138,17.603,16.869,17.603,24470,0
20100316,17.417,17.62,17.207,17.207,328839,0
20100317,17.283,17.552,16.532,17.552,5800,0
20100318,16.895,17.696,16.827,17.696,4258,0
20100319,17.552,18.253,17.552,18.244,4968,0
20100322,18.21,18.547,17.763,18.48,5113,0
20100323,18.244,18.244,17.595,17.915,6188,0
20100324,17.965,18.581,17.755,18.581,13992,0
20100325,17.932,18.927,17.932,18.902,24690,0
20100326,18.632,18.927,18.59,18.927,7560,0
20100329,19.037,19.619,18.8,19.273,9486,0
20100330,19.273,19.619,19.273,19.416,7330,0
20100331,19.484,19.602,19.003,19.476,10699,0
20100401,19.484,19.484,19.264,19.264,6029,0
20100406,19.205,19.205,18.851,18.885,2028,0
20100407,18.59,18.59,17.814,18.312,733,0
20100408,18.067,18.927,17.898,18.927,6577,0
20100409,18.927,19.003,18.598,18.623,373,0
20100412,18.59,18.894,18.59,18.894,1162,0
20100413,19.07,19.07,18.387,18.59,73328,0
20100414,18.59,18.59,17.73,17.898,4037,0
20100415,17.763,17.763,17.696,17.696,3436,0
20100419,17.696,17.696,17.138,17.138,1465,0
20100420,17.207,17.889,17.207,17.889,5629,0
20100421,17.577,18.134,17.485,18.134,1999,0
20100422,18.033,18.168,17.35,18.168,2187,0
20100423,18.177,18.21,17.898,18.193,496,0
20100426,17.898,18.21,17.898,18.21,886,0
20100427,17.898,17.932,17.898,17.906,191,0
20100428,18.21,18.21,17.552,18.033,1233,0
20100429,17.898,18.244,17.552,18.244,3410,0
20100430,18.244,18.244,17.83,17.898,2849,0
20100504,17.696,17.696,17.696,17.696,340,0
20100505,17.696,17.696,17.207,17.207,618,0
20100506,16.936,17.316,16.869,16.869,4307,0
20100507,16.219,16.439,15.798,16.219,5166,0
20100510,16.751,18.227,16.742,17.527,3290,0
20100511,17.865,17.865,17.51,17.51,829,0
20100512,17.51,17.856,17.434,17.856,1911,0
20100513,17.51,17.51,17.51,17.51,180,0
20100514,17.375,17.51,17.375,17.51,10376,0
20100518,17.51,18.21,17.442,18.21,12948,0
20100519,17.324,17.839,17.324,17.839,165,0
20100520,17.763,17.763,16.06,16.666,34015,0
20100521,16.329,16.329,16.262,16.262,457,0
20100524,16.92,16.936,16.076,16.084,2481,0
20100525,15.772,16.481,15.772,16.481,495,0
20100526,16.548,16.548,16.548,16.548,140,0
20100527,17.198,17.198,17.198,17.198,831,0
20100528,17.198,17.198,17.198,17.198,9,0
20100531,16.793,16.869,16.76,16.76,262,0
20100601,16.439,16.448,16.439,16.448,1604,0
20100602,16.363,16.363,16.363,16.363,301,0
20100607,15.882,16.372,15.882,16.372,360,0
20100608,16.793,16.793,15.89,15.89,15,0
20100609,16.439,16.472,15.89,15.899,9001,0
20100610,16.354,16.363,16.354,16.363,1134,0
20100614,16.093,16.363,16.076,16.363,1156,0
20100615,16.084,16.101,16.076,16.101,1477,0
20100616,16.16,16.16,16.152,16.152,1295,0
20100617,16.119,16.439,16.101,16.439,1153,0
20100621,16.439,16.439,16.152,16.152,1298,0
20100622,16.186,16.186,16.152,16.152,1120,0
20100623,16.152,16.152,16.152,16.152,1062,0
20100624,16.152,16.152,16.152,16.152,1925,0
20100625,16.076,16.076,16.076,16.076,482,0
20100628,16.354,16.354,15.722,15.722,3887,0
20100629,16.076,16.076,14.794,14.794,1009,0
20100630,15.005,15.292,14.296,14.296,1524,0
20100701,14.651,14.651,14.651,14.651,210,0
20100702,14.718,14.828,14.153,14.541,147453,0
20100706,14.651,15.292,14.651,15.014,9334,0
20100707,15.368,15.368,15.081,15.081,9727,0
20100708,15.713,15.713,15.081,15.655,328,0
20100709,15.655,15.713,15.022,15.713,1801,0
20100712,15.655,15.655,15.655,15.655,107,0
20100714,15.578,15.823,15.578,15.823,140,0
20100716,15.756,15.756,15.722,15.722,475,0
20100719,15.815,15.815,15.815,15.815,29,0
20100720,15.233,15.233,15.224,15.224,140,0
20100722,15.224,15.224,15.224,15.224,14,0
20100723,15.233,15.578,15.233,15.578,202,0
20100727,15.713,15.933,15.713,15.722,27430,0
20100728,16.254,16.439,16.219,16.219,747,0
20100729,16.076,16.076,16.076,16.076,140,0
20100730,15.629,15.629,15.435,15.435,1328,0
20100802,15.916,15.916,15.713,15.713,652,0
20100803,15.511,15.722,15.435,15.435,9471,0
20100804,15.469,15.857,15.435,15.857,41064,0
20100805,15.739,15.857,15.435,15.857,38087,0
20100806,15.46,15.511,15.435,15.435,1259,0
20100809,15.452,15.452,15.435,15.435,154,0
20100810,15.149,15.823,15.149,15.823,78,0
20100811,15.368,15.368,15.368,15.368,210,0
20100812,15.149,15.149,15.149,15.149,634,0
20100813,15.621,15.621,15.359,15.359,77,0
20100816,15.359,15.578,15.359,15.578,476,0
20100817,15.368,15.731,15.368,15.731,8569,0
20100818,15.722,15.975,15.722,15.975,279,0
20100819,15.722,15.722,15.722,15.722,3499,0
20100820,15.722,16.869,15.722,16.54,8083,0
20100823,16.54,16.582,16.498,16.582,1477,0
20100825,16.439,16.582,16.439,16.582,3108,0
20100826,16.439,16.642,16.439,16.642,309,0
20100827,16.439,16.86,16.439,16.86,7362,0
20100830,16.852,16.979,16.852,16.979,635,0
20100831,16.548,17.324,16.548,17.223,15940,0
20100901,17.746,17.94,17.746,17.94,21826,0
20100902,17.94,18.118,17.687,18.118,117318,0
20100903,17.299,17.865,17.299,17.865,4163,0
20100906,17.839,17.865,17.156,17.797,240992,0
20100908,17.763,17.763,17.071,17.746,62,0
20100909,17.24,17.653,17.24,17.653,855,0
20100913,16.954,17.51,16.954,17.198,3588,0
20100914,17.013,18.008,17.013,17.527,1564,0
20100915,17.865,17.865,17.518,17.518,1076,0
20100916,17.577,17.577,17.51,17.51,839,0
20100917,17.434,17.477,17.013,17.156,220860,0
20100920,17.013,17.156,17.013,17.156,510970,0
20100921,17.51,17.51,17.51,17.51,2274,0
20100922,17.51,17.671,17.223,17.671,40041,0
20100923,17.789,17.789,17.24,17.24,221,0
20100924,17.712,17.712,17.712,17.712,1,0
20100927,17.257,17.257,17.24,17.24,1315,0
20100928,17.105,17.215,17.105,17.215,724,0
20100929,17.215,17.223,17.215,17.223,150,0
20100930,17.013,17.013,16.954,16.954,769,0
20101001,17.156,17.156,17.156,17.156,273,0
20101004,17.291,17.291,16.954,17.156,1910,0
20101005,17.291,17.291,16.979,16.979,1168,0
20101006,17.029,17.029,17.029,17.029,5598,0
20101007,17.013,17.013,17.013,17.013,7395,0
20101008,17.013,17.013,17.013,17.013,6996,0
20101011,16.827,16.835,16.827,16.835,55,0
20101012,16.835,16.869,16.835,16.869,1259,0
20101013,16.835,17.156,16.835,17.156,759,0
20101014,17.822,17.822,17.577,17.577,596,0
20101015,17.83,17.83,17.274,17.51,341,0
20101018,17.477,17.477,17.477,17.477,130,0
20101019,17.434,17.434,17.013,17.013,182,0
20101020,16.726,16.726,16.726,16.726,86,0
20101022,16.717,16.793,16.683,16.793,266,0
20101025,16.793,16.793,16.793,16.793,273,0
20101026,16.793,16.793,16.793,16.793,475,0
20101027,16.793,17.156,16.793,17.156,27309,0
20101028,16.793,16.793,16.793,16.793,341,0
20101029,16.793,16.793,16.793,16.793,4590,0
20101102,16.793,16.793,16.439,16.54,13396,0
20101103,16.448,16.448,16.439,16.439,53844,0
20101104,16.439,16.507,16.439,16.507,84,0
20101105,16.726,16.936,16.726,16.936,70172,0
20101108,16.936,16.936,16.472,16.472,1854,0
20101109,16.582,16.886,16.574,16.886,558,0
20101110,16.507,16.936,16.507,16.936,126,0
20101115,16.936,16.936,16.658,16.675,303,0
20101116,16.726,16.726,16.472,16.472,769,0
20101118,16.472,16.599,16.295,16.599,1346,0
20101119,16.599,16.599,16.152,16.152,17050,0
20101122,16.076,16.076,16.076,16.076,5,0
20101123,15.722,15.722,15.722,15.722,483,0
20101125,16.025,16.076,15.655,15.655,1810,0
20101129,16.025,16.439,16.025,16.439,2099,0
20101130,14.802,16.127,14.802,16.127,4346,0
20101201,15.764,15.866,15.756,15.866,468,0
20101202,16.119,16.119,15.866,15.866,2153,0
20101203,16.16,16.186,16.152,16.186,336,0
20101206,16.287,16.287,16.186,16.186,992,0
20101207,16.295,16.295,16.295,16.295,126,0
20101208,16.776,16.776,16.54,16.751,5484,0
20101209,17.038,17.038,16.262,16.262,57215,0
20101210,16.295,16.295,16.295,16.295,140,0
20101216,16.295,16.295,16.27,16.295,1375,0
20101217,16.16,16.548,16.16,16.548,366,0
20101220,16.262,16.262,16.076,16.076,1484,0
20101222,16.076,16.076,15.705,15.705,77,0
20101223,15.722,15.722,15.722,15.722,27985,0
20101227,16.034,16.043,16.034,16.043,630,0
20101229,16.051,17.156,16.051,17.156,2102,0
20101230,17.223,17.865,17.223,17.856,14078,0
20101231,17.865,17.865,16.084,17.797,40830,0
20110103,17.721,17.721,17.156,17.156,2194,0
20110104,17.671,17.94,17.291,17.291,8410,0
20110105,17.822,17.822,17.156,17.156,496,0
20110111,16.903,16.903,16.819,16.819,140,0
20110112,16.819,16.819,16.793,16.793,55,0
20110114,16.801,16.801,16.793,16.793,202,0
20110117,16.507,16.507,16.439,16.439,665,0
20110118,16.16,16.16,16.16,16.16,201,0
20110119,16.219,16.219,16.084,16.084,119,0
20110120,16.574,16.582,16.574,16.582,134,0
20110121,16.582,16.582,16.329,16.329,954,0
20110124,16.169,16.186,16.169,16.186,294,0
20110125,16.119,16.119,16.119,16.119,75,0
20110126,16.119,16.119,16.119,16.119,278,0
20110128,16.119,16.119,15.756,15.756,1047,0
20110201,16.219,16.219,16.219,16.219,55,0
20110203,16.152,16.152,16.152,16.152,126,0
20110204,16.152,16.152,16.152,16.152,55,0
20110207,15.764,16.219,15.756,15.756,2623,0
20110208,15.756,15.756,15.756,15.756,2,0
20110209,15.756,15.866,15.756,15.866,7094,0
20110210,15.756,15.756,15.756,15.756,4,0
20110211,15.722,15.722,15.722,15.722,70,0
20110214,15.756,15.756,15.756,15.756,28,0
20110215,15.722,16.009,15.722,16.009,45,0
20110216,15.722,15.722,15.722,15.722,188,0
20110217,15.756,15.756,15.545,15.545,304,0
20110218,15.511,15.511,15.469,15.469,678,0
20110221,15.376,15.941,15.376,15.941,17,0
20110222,15.376,15.89,15.376,15.89,96,0
20110223,15.368,16.076,15.368,15.933,1951,0
20110224,16.076,16.219,15.418,16.219,3208,0
20110225,16.009,16.219,16.009,16.219,2099,0
20110228,16.152,16.219,16.152,16.219,2099,0
20110301,16.219,16.219,15.907,16.219,2755,0
20110302,16.219,16.219,16.219,16.219,705,0
20110303,16.219,16.219,16.219,16.219,112,0
20110304,16.228,16.228,16.219,16.219,1100,0
20110307,16.203,16.219,16.203,16.219,770,0
20110308,16.219,16.295,16.219,16.295,2099,0
20110309,16.076,16.295,16.009,16.295,2658,0
20110310,15.933,16.439,15.933,16.439,1710,0
20110311,15.984,16.439,15.975,16.439,2518,0
20110314,15.933,16.439,15.722,16.439,17446,0
20110315,16.186,16.439,15.975,16.439,2051,0
20110316,16.363,16.439,15.722,16.439,49514,0
20110317,16.127,16.439,16.127,16.439,2064,0
20110318,16.439,16.582,16.439,16.582,12120,0
20110321,16.869,17.156,16.869,17.156,1539,0
20110322,17.08,17.83,16.869,17.83,2070,0
20110323,17.83,17.83,17.156,17.83,3665,0
20110324,17.653,17.856,17.653,17.856,3078,0
20110325,17.51,17.865,17.502,17.865,3485,0
20110328,17.518,17.847,17.51,17.814,6941,0
20110329,17.189,17.814,17.189,17.814,2548,0
20110330,17.805,17.856,17.805,17.856,1792,0
20110331,17.342,17.865,17.342,17.865,1729,0
20110401,17.94,18.227,17.94,18.227,1679,0
20110404,18.227,18.227,18.202,18.227,488,0
20110405,17.865,18.083,17.401,18.083,2988,0
20110406,18.083,18.083,17.51,18.008,2485,0
20110407,17.451,18.227,17.451,18.227,1726,0
20110408,18.404,18.404,17.687,18.235,14163,0
20110411,18.235,18.294,18.227,18.294,279877,0
20110412,18.471,18.471,18.185,18.185,180936,0
20110413,18.539,18.539,18.083,18.514,11750,0
20110414,18.1,18.581,18.1,18.581,47756,0
20110415,18.118,18.581,18.118,18.581,62,0
20110418,18.581,18.581,18.227,18.573,7236,0
20110419,18.573,19.298,18.573,19.298,21004,0
20110420,19.222,19.441,19.222,19.441,7780,0
20110421,18.868,19.441,18.868,19.298,2234,0
20110426,19.644,19.644,19.644,19.644,14,0
20110427,19.576,19.652,19.576,19.652,217200,0
20110428,19.476,19.652,19.476,19.652,70129,0
20110502,19.121,19.61,19.121,19.61,224,0
20110504,19.121,19.644,19.121,19.298,99716,0
20110505,19.298,19.543,19.298,19.543,7778,0
20110506,19.779,19.931,19.635,19.635,950,0
20110509,20.15,20.15,19.56,19.56,247,0
20110510,19.476,19.931,19.433,19.476,490,0
20110511,19.433,19.931,19.357,19.931,131819,0
20110512,20.007,20.099,19.56,20.099,20659,0
20110513,20.117,20.117,19.298,19.298,202,0
20110516,19.298,19.298,19.298,19.298,48,0
20110518,19.349,19.349,19.188,19.197,67659,0
20110524,18.565,19.188,18.565,19.188,1151,0
20110525,19.188,19.652,19.188,19.231,757,0
20110526,19.231,19.416,19.188,19.416,738,0
20110527,19.231,19.416,19.231,19.416,136,0
20110530,19.188,19.416,18.598,18.598,627,0
20110531,18.598,18.826,18.598,18.598,320,0
20110602,18.083,18.083,18.083,18.083,420,0
20110606,17.51,17.51,17.308,17.308,288,0
20110607,17.054,17.595,16.793,17.595,1742,0
20110608,17.991,18.059,17.991,18.059,576,0
20110613,18.447,18.447,18.447,18.447,234,0
20110615,17.94,17.94,17.94,17.94,420,0
20110616,17.417,17.645,17.417,17.645,315,0
20110620,17.645,17.645,17.645,17.645,159,0
20110621,17.712,17.712,17.569,17.712,110633,0
20110622,17.645,17.645,17.417,17.417,1452,0
20110627,16.987,16.987,16.979,16.979,1965,0
20110628,16.903,16.903,16.313,16.313,1361,0
20110629,16.321,16.321,16.321,16.321,53,0
20110630,16.607,16.607,16.313,16.313,600,0
20110701,16.313,16.313,16.313,16.313,51,0
20110704,16.254,16.321,16.254,16.321,120,0
20110705,16.321,16.439,16.245,16.388,36209,0
20110706,16.439,16.439,16.439,16.439,88,0
20110708,16.388,16.388,16.388,16.388,162,0
20110711,16.237,16.237,16.237,16.237,11,0
20110714,16.237,16.472,16.237,16.472,777,0
20110715,16.464,16.81,16.464,16.81,6876,0
20110719,16.464,16.464,16.464,16.464,74,0
20110721,17.021,17.021,17.021,17.021,1,0
20110722,16.237,16.237,16.237,16.237,23,0
20110725,16.237,16.237,16.237,16.237,88,0
20110729,16.785,16.785,16.717,16.76,721,0
20110801,16.76,16.76,16.607,16.607,1793,0
20110804,16.607,16.607,16.025,16.025,99284,0
20110805,15.511,16.237,15.511,16.237,1521,0
20110808,16.237,16.237,15.503,15.503,4654,0
20110809,15.503,15.503,15.131,15.131,11974,0
20110810,15.545,15.545,15.503,15.503,21668,0
20110811,15.503,15.503,14.912,15.503,33257,0
20110812,15.587,15.587,15.587,15.587,542,0
20110816,16.093,16.093,15.646,15.646,14368,0
20110817,15.646,16.051,15.503,16.051,94514,0
20110823,15.933,16.051,15.578,15.578,1104,0
20110829,15.882,15.882,15.882,15.882,1585,0
20110901,15.46,15.46,15.46,15.46,74,0
20110902,15.503,15.503,15.503,15.503,54,0
20110905,15.578,15.578,15.443,15.443,677,0
20110908,15.427,15.427,15.427,15.427,4563,0
20110909,15.351,15.351,15.317,15.317,3180,0
20110912,14.988,14.988,14.988,14.988,67,0
20110913,14.761,14.761,14.761,14.761,779,0
20110914,15.081,15.09,15.081,15.09,520,0
20110915,14.988,14.988,14.988,14.988,21,0
20110922,14.988,14.988,14.921,14.921,1883,0
20110928,14.912,14.912,14.912,14.912,8,0
20110929,14.946,15.284,14.946,15.284,2462,0
20111004,14.912,14.912,14.912,14.912,434,0
20111005,15.317,15.317,15.317,15.317,21,0
20111006,14.761,14.761,14.617,14.617,358,0
20111010,15.317,15.317,15.317,15.317,495,0
20111014,15.317,15.317,15.317,15.317,134,0
20111017,15.696,15.696,15.351,15.351,7180,0
20111018,15.165,15.165,15.165,15.165,82,0
20111019,15.351,15.351,15.351,15.351,1,0
20111021,15.131,15.131,15.131,15.131,38298,0
20111024,15.131,15.131,14.355,14.355,13466,0
20111025,14.761,14.761,13.875,13.875,15560,0
20111027,14.026,14.077,14.026,14.026,68273,0
20111028,14.026,14.026,13.951,13.951,29263,0
20111031,13.765,13.807,13.732,13.732,27796,0
20111102,13.807,13.807,13.436,13.47,26974,0
20111103,13.47,13.47,13.47,13.47,74,0
20111107,13.47,13.47,13.285,13.36,16464,0
20111109,13.85,13.85,13.85,13.85,112,0
20111110,13.85,13.85,13.285,13.285,7894,0
20111117,13.369,13.394,13.36,13.394,13586,0
20111118,13.656,13.656,13.394,13.394,13548,0
20111121,13.36,13.36,13.36,13.36,693,0
20111122,13.36,13.36,13.285,13.285,14905,0
20111123,13.285,13.285,13.285,13.285,12193,0
20111124,13.225,13.225,13.209,13.209,6773,0
20111125,13.209,13.209,13.209,13.209,370,0
20111130,13.285,13.285,13.285,13.285,542,0
20111205,13.419,13.419,13.419,13.419,26,0
20111206,13.285,13.285,13.285,13.285,12522,0
20111207,13.285,13.285,13.285,13.285,135,0
20111212,13.285,13.411,13.285,13.411,695,0
20111213,13.141,13.141,13.141,13.141,21305,0
20111214,13.141,13.141,13.141,13.141,984,0
20111215,13.285,13.285,13.285,13.285,54,0
20111219,12.88,12.88,12.88,12.88,246,0
20111228,12.913,12.913,12.913,12.913,331,0
20111229,12.913,13.04,12.913,13.04,747,0
20111230,12.913,12.913,12.846,12.846,904,0
20120103,12.736,12.736,12.736,12.736,67,0
20120109,12.618,12.618,12.618,12.618,407,0
20120112,12.568,12.568,12.568,12.568,21,0
20120113,12.618,12.618,12.618,12.618,122,0
20120117,12.618,13.462,12.618,13.462,1412,0
20120118,12.913,13.065,12.913,13.065,813,0
20120120,13.065,13.285,13.065,13.285,1151,0
20120123,12.846,13.732,12.846,13.732,1521,0
20120124,14.026,14.246,14.026,14.246,770,0
20120127,14.667,14.667,14.667,14.667,67,0
20120130,14.608,14.735,14.608,14.735,1621,0
20120131,14.761,14.761,14.761,14.761,2574,0
20120201,14.761,14.761,14.761,14.761,6502,0
20120202,15.005,15.494,15.005,15.494,1936,0
20120206,15.005,15.427,15.005,15.427,222,0
20120207,15.131,15.131,15.131,15.131,117,0
20120208,14.988,14.988,14.988,14.988,117,0
20120209,15.351,15.351,15.351,15.351,13,0
20120210,15.351,15.351,15.351,15.351,15245,0
20120213,15.14,15.14,14.761,14.761,40643,0
20120214,14.761,15.317,14.761,15.317,138125,0
20120215,15.317,15.781,15.317,15.781,4280,0
20120216,17.038,17.712,16.979,16.979,1029,0
20120217,16.979,17.645,16.979,16.979,10819,0
20120220,17.636,17.645,17.636,17.645,735,0
20120221,17.671,17.671,17.645,17.645,188,0
20120222,17.493,17.704,17.493,17.704,202,0
20120223,17.704,17.704,16.979,16.979,57,0
20120224,16.987,16.987,16.979,16.979,4222,0
20120227,16.532,17.332,16.532,17.332,77,0
20120301,16.532,17.274,16.532,17.274,10,0
20120302,17.332,17.332,17.332,17.332,3,0
20120305,17.332,17.332,17.332,17.332,13,0
20120306,16.979,16.979,16.979,16.979,116,0
20120307,16.683,17.332,16.683,17.332,127,0
20120308,17.477,17.477,17.477,17.477,5,0
20120309,16.683,17.021,16.607,17.021,4523,0
20120312,17.021,17.021,16.548,16.548,3735,0
20120313,16.313,16.313,16.313,16.313,1355,0
20120315,15.806,15.806,15.612,15.612,918,0
20120316,15.612,15.612,15.612,15.612,1491,0
20120319,15.578,15.578,15.578,15.578,189,0
20120327,16.084,16.093,15.722,15.722,26749,0
20120329,16.313,16.321,16.237,16.237,788,0
20120330,16.245,16.245,16.245,16.245,538,0
20120402,16.532,16.97,16.532,16.903,779,0
20120403,17.114,17.114,16.548,16.548,1674,0
20120404,16.557,16.557,16.464,16.464,1157,0
20120410,16.464,16.464,16.464,16.464,677,0
20120411,16.237,16.237,16.237,16.237,277,0
20120412,16.237,16.237,14.988,16.203,1671,0
20120413,16.203,16.203,15.874,15.874,1897,0
20120416,16.093,16.093,16.093,16.093,3,0
20120417,16.093,16.194,16.093,16.194,200,0
20120418,16.237,16.481,16.219,16.219,2278,0
20120419,16.228,16.346,16.203,16.346,4487,0
20120420,18.691,18.767,18.691,18.767,2001,0
20120423,18.725,18.978,18.641,18.978,1736,0
20120424,18.978,19.003,18.809,18.969,1621,0
20120425,18.556,18.556,17.089,17.097,2661,0
20120426,16.911,18.471,16.911,17.839,1040,0
20120427,17.375,17.375,17.375,17.375,183,0
20120507,17.164,17.291,17.164,17.291,189,0
20120508,17.712,17.712,17.712,17.712,2,0
20120509,17.712,17.712,17.712,17.712,11,0
20120510,17.291,17.375,17.291,17.375,12373,0
20120511,17.207,17.207,17.207,17.207,5928,0
20120514,17.08,17.08,17.038,17.038,569,0
20120515,17.24,17.24,16.785,16.785,53605,0
20120516,16.489,16.489,16.363,16.397,1267,0
20120517,16.928,17.122,16.532,16.532,19279,0
20120518,16.119,16.194,16.119,16.194,94809,0
20120521,16.11,16.11,16.11,16.11,36,0
20120522,16.11,16.11,16.11,16.11,837,0
20120524,15.857,16,15.182,16,1802,0
20120525,15.663,16.397,15.655,15.663,611,0
20120528,16.523,16.616,16.523,16.616,498,0
20120529,16.616,17.063,16.616,17.063,450,0
20120601,17.595,17.94,17.291,17.94,107625,0
20120611,17.94,17.94,17.94,17.94,315,0
20120618,17.291,17.332,17.291,17.332,21,0
20120622,17.332,17.332,17.291,17.291,555,0
20120626,16.877,16.877,16.785,16.785,525,0
20120628,17.063,17.063,17.063,17.063,16,0
20120629,16.801,17.063,16.801,17.063,593,0
20120717,17.324,17.324,17.324,17.324,119,0
20120723,16.701,16.701,16.701,16.701,336,0
20120730,17.038,17.038,17.038,17.038,534,0
20120731,16.954,16.954,16.701,16.701,225,0
20120802,16.532,16.532,16.532,16.532,182,0
20120806,16.532,16.532,16.363,16.363,107,0
20120817,16.86,16.97,16.86,16.97,546,0
20120820,16.97,16.97,16.954,16.954,899,0
20120822,17.038,18.387,17.038,18.387,1297,0
20120823,18.05,18.387,17.965,17.965,2480,0
20120824,18.556,18.556,18.556,18.556,53,0
20120827,18.556,18.556,18.556,18.556,53,0
20120829,18.556,18.556,18.556,18.556,71,0
20120830,17.839,17.839,17.839,17.839,421,0
20120904,18.556,18.556,18.556,18.556,1939,0
20120905,18.978,18.978,18.978,18.978,44,0
20120907,18.978,18.978,18.978,18.978,1741,0
20120910,18.556,18.556,18.556,18.556,36,0
20120912,18.556,18.556,18.556,18.556,2413,0
20120913,18.303,18.303,17.712,17.712,24895,0
20120919,17.814,17.814,17.814,17.814,178,0
20120920,17.814,17.814,17.814,17.814,110,0
20121001,17.797,17.797,17.797,17.797,41,0
20121005,18.303,18.303,18.303,18.303,142,0
20121008,17.797,17.797,17.797,17.797,326,0
20121009,17.712,17.712,17.459,17.459,857,0
20121010,17.459,17.459,17.459,17.459,395,0
20121015,16.954,16.954,16.954,16.954,445,0
20121016,16.954,16.954,16.954,16.954,20096,0
20121018,17.24,17.712,17.24,17.712,2592,0
20121024,17.291,17.291,17.291,17.291,285,0
20121025,16.869,16.869,16.869,16.869,644,0
20121030,16.869,17.148,16.869,17.148,146,0
20121105,17.324,17.324,17.324,17.324,5,0
20121106,16.54,16.54,16.54,16.54,5,0
20121108,16.701,16.701,16.532,16.532,515,0
20121109,16.448,16.448,16.448,16.448,120,0
20121113,16.043,16.11,16.025,16.025,2821,0
20121114,16.025,16.025,16.025,16.025,126,0
20121115,16.194,16.869,15.519,16.869,7280,0
20121119,16.532,16.954,16.532,16.954,178,0
20121120,17.114,17.114,16.448,16.448,830,0
20121121,16.448,16.448,16.448,16.448,9,0
20121122,16.532,16.532,16.076,16.076,1586,0
20121123,16.194,16.607,16.194,16.607,2368,0
20121126,15.857,16.954,15.857,16.954,3814,0
20121128,16.448,16.448,16.448,16.448,52,0
20121129,16.448,16.869,16.448,16.869,180,0
20121130,16.869,17.24,16.532,16.532,245,0
20121205,16.54,16.54,16.448,16.448,522,0
20121207,16.793,16.793,16.793,16.793,12,0
20121211,16.793,16.793,16.793,16.793,5,0
20121212,16.793,17.173,16.793,16.869,1093,0
20121214,16.869,16.995,16.869,16.995,102,0
20121217,16.995,16.995,16.995,16.995,4,0
20121220,16.793,16.793,16.793,16.793,450,0
20121227,16.456,16.456,16.456,16.456,237,0
20130102,16.456,16.456,16.456,16.456,102,0
20130104,16.489,16.489,16.489,16.489,372,0
20130107,16.464,16.464,16.464,16.464,94,0
20130109,16.97,16.97,16.97,16.97,1404,0
20130110,16.616,16.616,16.616,16.616,119,0
20130111,16.625,16.869,16.625,16.869,368,0
20130114,16.625,17.409,16.625,17.409,836,0
20130118,17.409,17.409,17.409,17.409,2,0
20130128,16.869,17.248,16.869,17.248,95,0
20130129,16.625,16.625,16.625,16.625,21,0
20130131,16.785,16.785,16.785,16.785,452,0
20130201,17.248,17.248,17.248,17.248,14,0
20130205,17.248,17.248,17.248,17.248,36,0
20130206,17.248,17.417,17.248,17.417,200,0
20130207,16.801,16.801,16.801,16.801,52,0
20130208,17.417,17.417,17.417,17.417,237,0
20130212,16.801,16.801,16.801,16.801,197,0
20130221,16.827,16.827,16.827,16.827,237,0
20130222,17.417,17.417,17.417,17.417,438,0
20130228,17.441,17.459,17.441,17.459,102,0
20130304,17.712,17.712,17.704,17.712,710,0
20130305,17.712,17.712,17.485,17.485,522,0
20130312,17.704,18.118,17.704,18.118,633,0
20130314,18.134,18.193,18.134,18.193,107,0
20130322,18.345,18.345,18.345,18.345,266,0
20130326,18.345,18.345,18.345,18.345,29,0
20130327,18.345,18.641,18.345,18.641,26,0
20130328,18.641,18.641,18.641,18.641,29,0
20130403,19.484,19.484,19.484,19.484,80,0
20130409,18.784,18.784,18.784,18.784,16,0
20130410,18.965,18.974,18.965,18.974,130,0
20130412,19.482,19.482,18.974,18.974,79,0
20130415,18.974,18.974,18.725,18.725,217,0
20130417,19.648,19.648,19.648,19.648,107,0
20130419,18.798,18.798,18.798,18.798,1,0
20130422,18.798,18.798,18.106,18.106,467,0
20130425,18.106,18.882,18.106,18.882,77,0
20130426,18.882,18.882,18.882,18.882,270,0
20130429,19.205,19.205,19.205,19.205,38,0
20130506,19.205,19.205,19.205,19.205,10,0
20130507,19.205,19.205,18.429,18.429,139,0
20130508,19.316,19.316,19.316,19.316,2,0
20130513,19.029,19.029,19.029,19.029,3,0
20130517,18.438,18.438,18.438,18.438,65,0
20130520,19.316,19.316,18.429,18.429,93,0
20130521,19.214,19.214,19.214,19.214,27,0
20130529,19.196,19.196,19.196,19.196,32,0
20130531,19.196,19.214,19.196,19.214,303,0
20130607,19.214,19.214,18.937,18.937,227,0
20130612,18.937,18.937,18.937,18.937,15,0
20130614,19.214,19.214,19.214,19.214,1353,0
20130621,19.316,19.316,19.316,19.316,11,0
20130626,18.937,18.937,18.937,18.937,23,0
20130628,18.937,18.937,18.937,18.937,5,0
20130709,18.447,18.447,18.429,18.429,529,0
20130715,18.429,18.429,18.429,18.429,121,0
20130722,18.669,19.584,18.669,19.584,260,0
20130723,18.882,18.882,18.882,18.882,109,0
20130729,18.253,18.253,18.253,18.253,1,0
20130802,18.281,18.281,18.281,18.281,61,0
20130805,18.152,18.152,18.013,18.013,205,0
20130809,18.023,18.023,18.023,18.023,170,0
20130812,18.882,18.882,18.882,18.882,162,0
20130816,18.66,18.66,18.475,18.475,115,0
20130820,18.937,18.937,18.475,18.475,227,0
20130821,18.484,18.484,18.484,18.484,25,0
20130823,18.484,18.484,18.484,18.484,48,0
20130903,18.937,18.937,18.937,18.937,5,0
20130906,18.484,18.484,18.484,18.484,35,0
20130910,18.937,18.937,18.937,18.937,3,0
20130916,18.937,18.937,18.937,18.937,9,0
20130924,18.484,18.484,16.637,16.637,1756,0
20130925,17.422,18.752,17.043,17.062,888,0
20130926,17.838,18.937,17.838,18.937,2138,0
20130927,18.78,20.286,18.78,20.286,1325,0
20130930,20.785,20.785,20.785,20.785,93,0
20131001,20.775,20.775,20.775,20.775,15,0
20131003,20.775,20.812,20.775,20.812,392,0
20131004,20.812,20.812,20.812,20.812,74,0
20131007,20.812,20.812,20.812,20.812,114,0
20131008,20.822,20.822,20.822,20.822,5,0
20131011,21.154,21.246,21.154,21.246,70,0
20131025,20.701,20.701,20.692,20.692,363,0
20131031,21.2,21.2,21.2,21.2,5,0
20131104,20.23,20.276,20.23,20.276,68,0
20131105,20.23,20.23,20.23,20.23,373,0
20131106,19.584,19.584,19.584,19.584,17,0
20131112,19.741,19.741,19.741,19.741,57,0
20131113,19.584,19.584,19.584,19.584,379,0
20131114,19.584,19.584,18.891,18.891,541,0
20131115,18.937,18.937,18.937,18.937,103,0
20131118,18.937,18.937,18.937,18.937,541,0
20131119,18.438,18.438,18.438,18.438,38,0
20131121,18.752,18.752,18.752,18.752,90,0
20131122,18.743,18.743,18.484,18.484,560,0
20131125,19.214,19.214,18.207,18.207,918,0
20131126,18.207,18.207,17.967,17.967,2120,0
20131127,17.644,17.644,16.997,17.228,1873,0
20131128,17.422,17.616,17.136,17.136,585,0
20131129,17.958,17.958,17.958,17.958,422,0
20131202,17.958,17.958,17.274,17.274,1813,0
20131203,17.912,17.912,17.829,17.829,81,0
20131204,17.902,17.902,17.902,17.902,55,0
20131205,17.274,17.902,17.136,17.902,438,0
20131206,17.81,17.81,17.099,17.801,480,0
20131209,17.773,17.773,17.773,17.773,1104,0
20131210,17.801,17.801,17.801,17.801,325,0
20131211,17.367,17.367,17.099,17.099,69,0
20131213,17.441,17.441,17.441,17.441,260,0
20131216,17.459,17.459,17.441,17.441,189,0
20131217,17.459,17.459,17.459,17.459,339,0
20131218,17.459,18.272,17.441,18.272,2733,0
20131219,18.244,18.309,17.551,18.309,1698,0
20131223,18.309,18.835,18.309,18.835,65,0
20140102,18.309,18.309,18.013,18.013,161,0
20140103,18.069,19.214,18.032,18.937,1290,0
20140107,18.29,18.29,18.29,18.29,27,0
20140108,18.29,18.29,18.29,18.29,43,0
20140109,18.706,18.706,18.106,18.106,64,0
20140110,18.032,18.29,18.032,18.29,228,0
20140113,18.845,18.845,18.845,18.845,32,0
20140114,18.66,18.66,18.66,18.66,436,0
20140115,18.66,18.9,18.66,18.9,119,0
20140116,18.9,18.9,18.66,18.66,270,0
20140122,18.678,18.678,18.66,18.66,31,0
20140123,18.66,18.66,18.032,18.032,549,0
20140124,18.29,18.337,18.29,18.3,487,0
20140127,18.318,18.318,18.318,18.318,10,0
20140129,17.838,17.838,17.829,17.829,2,0
20140130,17.856,17.856,17.829,17.829,130,0
20140131,17.829,17.829,17.829,17.829,74,0
20140203,17.967,17.967,17.829,17.829,563,0
20140205,17.829,17.829,17.829,17.829,153,0
20140207,18.004,18.004,18.004,18.004,217,0
20140211,17.838,17.838,17.829,17.829,758,0
20140212,18.013,18.059,18.013,18.013,87,0
20140213,18.3,18.3,17.551,18.253,692,0
20140214,17.69,17.736,17.191,17.191,2195,0
20140217,17.21,17.644,17.21,17.644,433,0
20140218,17.69,17.69,17.69,17.69,27,0
20140219,17.413,17.459,17.413,17.459,152,0
20140224,17.718,17.736,17.718,17.736,60,0
20140225,17.736,17.736,17.736,17.736,28,0
20140226,17.727,17.727,17.727,17.727,54,0
20140228,17.69,17.69,17.459,17.459,468,0
20140303,17.459,17.459,17.459,17.459,650,0
20140304,17.459,17.459,17.459,17.459,5,0
20140305,17.459,17.459,17.413,17.413,142,0
20140306,17.293,17.293,17.043,17.043,81,0
20140307,17.053,17.736,17.043,17.736,3543,0
20140310,17.736,17.801,17.662,17.764,4672,0
20140311,17.782,18.374,17.773,18.364,3939,0
20140312,18.392,18.475,18.383,18.475,3330,0
20140313,18.475,18.641,18.327,18.475,972,0
20140314,18.475,18.475,18.244,18.29,3425,0
20140317,18.475,18.817,18.383,18.383,3119,0
20140318,18.475,18.475,18.383,18.475,260,0
20140319,18.494,18.494,18.475,18.475,2779,0
20140320,18.475,18.475,18.337,18.337,545,0
20140321,18.475,18.475,18.475,18.475,751,0
20140324,18.383,18.383,18.383,18.383,87,0
20140325,18.383,18.475,18.383,18.475,1608,0
20140326,18.475,18.475,18.475,18.475,5405,0
20140327,18.484,18.503,18.475,18.475,1970,0
20140328,18.715,18.715,18.494,18.715,545,0
20140331,18.752,18.872,18.697,18.697,3470,0
20140401,18.882,18.882,18.688,18.688,1946,0
20140402,18.669,18.669,18.669,18.669,146,0
20140403,18.383,18.651,18.29,18.484,4279,0
20140407,18.494,18.494,18.013,18.013,4525,0
20140409,18.475,18.604,18.475,18.604,823,0
20140410,18.632,18.743,18.632,18.743,2140,0
20140411,18.78,19.168,18.725,19.159,9792,0
20140414,19.159,19.159,18.78,18.78,13352,0
20140415,19,19.55,18.72,19.38,848,0
20140416,18.7,19.25,17.95,18.6,2231,0
20140417,18.59,18.59,18.4,18.4,458,0
20140422,17.4,17.9,17.4,17.9,2430,0
20140423,17.55,17.9,17.23,17.9,2741,0
20140424,17.47,17.47,16.51,17.35,3359,0
20140425,17.3,17.55,16.75,17.25,2790,0
20140428,17.55,17.55,17.5,17.5,191,0
20140429,17.5,17.5,17.5,17.5,313,0
20140430,17.1,17.28,16.77,16.77,1888,0
20140502,16.72,16.72,16.22,16.47,2179,0
20140505,16.98,17.09,16.3,16.75,2460,0
20140506,16.6,16.6,16.24,16.24,2770,0
20140507,16.24,16.75,16.24,16.29,1677,0
20140508,16.29,16.29,16.1,16.1,1750,0
20140509,16.25,16.74,16.25,16.74,180,0
20140512,16.75,16.75,16.75,16.75,30,0
20140513,16.4,16.75,16.4,16.41,3076,0
20140514,16.15,16.74,16.15,16.72,994,0
20140515,16.5,16.74,16.35,16.37,820,0
20140519,16.5,16.5,16.5,16.5,82,0
20140521,16.67,16.67,16.67,16.67,22,0
20140522,16.69,16.69,15.7,16.07,3209,0
20140523,15.95,15.95,15.9,15.9,578,0
20140526,16.22,16.22,15.9,15.9,775,0
20140527,15.9,16.22,15.9,16.21,120,0
20140528,16.22,16.36,15.35,16.36,3620,0
20140529,16.3,16.3,16.3,16.3,30,0
20140530,16.3,16.3,15.81,16.3,239,0
20140602,16.3,16.3,16,16,255,0
20140603,15.73,16.25,15.73,16.25,500,0
20140604,16.25,16.25,15.6,16,1620,0
20140605,15.99,15.99,15.99,15.99,38,0
20140606,16.09,16.09,15.8,15.8,298,0
20140609,16,16,16,16,9,0
20140610,15.73,15.8,15.73,15.8,151,0
20140611,15.73,15.73,15.62,15.62,461,0
20140612,15.62,16,15.6,15.6,450,0
20140613,15.6,15.6,15.6,15.6,54,0
