Date,Open,High,Low,Close,Volume,OpenInt
20050622,7.3795,7.3795,7.1094,7.2286,56701,0
20050623,7.1094,7.1492,6.8791,6.9903,27121,0
20050624,6.9188,6.9506,6.8393,6.9506,3584,0
20050627,6.9188,6.9903,6.9188,6.9903,25968,0
20050628,7.0698,7.0698,7.0698,7.0698,17318,0
20050629,7.1094,7.1492,7.1094,7.1094,5748,0
20050630,7.03,7.1889,7.03,7.0698,7716,0
20050701,7.0698,7.3002,7.0698,7.3002,10806,0
20050704,7.2684,7.3002,7.2684,7.3002,6139,0
20050705,7.3002,7.4988,7.3002,7.4193,66035,0
20050706,7.3795,7.459,7.3795,7.4193,44415,0
20050707,7.3002,7.4193,7.3002,7.4193,14722,0
20050708,7.4193,7.459,7.4193,7.4193,58653,0
20050711,7.3002,7.3002,7.3002,7.3002,4333,0
20050712,7.3002,7.3795,7.3002,7.3002,5419,0
20050713,7.3795,7.3795,7.3002,7.3398,4206,0
20050714,7.3795,7.3795,7.3398,7.3795,37200,0
20050715,7.3795,7.4193,7.3795,7.4193,6760,0
20050718,7.4193,7.4193,7.3398,7.4193,47802,0
20050719,7.3398,7.4193,7.3002,7.3795,7364,0
20050720,7.4193,7.459,7.3795,7.4193,10381,0
20050721,7.4193,7.4988,7.3002,7.4988,97787,0
20050722,7.4988,7.5385,7.4193,7.4193,16041,0
20050725,7.459,7.459,7.459,7.459,4513,0
20050726,7.459,7.459,7.4193,7.4193,47294,0
20050727,7.4193,7.5385,7.4193,7.5385,70079,0
20050728,7.459,7.459,7.4193,7.4193,16654,0
20050729,7.4988,7.4988,7.459,7.459,339,0
20050801,7.4988,7.4988,7.3398,7.4193,2408,0
20050802,7.3795,7.459,7.3795,7.459,708,0
20050803,7.459,7.4988,7.3398,7.4988,1691,0
20050804,7.3398,7.459,7.3398,7.459,545,0
20050805,7.4193,7.4988,7.4193,7.4988,13522,0
20050808,7.4988,7.4988,7.4193,7.4988,1523,0
20050809,7.4193,7.4193,7.4193,7.4193,1083,0
20050810,7.4193,7.4193,7.4193,7.4193,1146,0
20050811,7.4193,7.4193,7.4193,7.4193,5402,0
20050812,7.4193,7.4193,7.4193,7.4193,42910,0
20050816,7.4193,7.459,7.4193,7.459,5248,0
20050817,7.459,7.6495,7.459,7.6495,95289,0
20050818,7.6894,8.0389,7.6894,7.7688,63881,0
20050819,7.9275,7.9992,7.8084,7.9674,9058,0
20050822,7.9674,8.7061,7.9674,8.7061,92626,0
20050823,8.7061,8.7061,8.3169,8.3486,22171,0
20050824,8.2375,8.3486,8.1978,8.2375,15405,0
20050825,8.1978,8.3486,8.158,8.2771,7134,0
20050826,8.158,8.3169,8.158,8.1978,4920,0
20050829,7.8482,8.2375,7.8482,8.158,20402,0
20050830,8.1978,8.2771,8.158,8.2375,12365,0
20050831,8.2375,8.2771,8.158,8.158,42989,0
20050901,8.158,8.1978,7.8879,8.1978,59269,0
20050902,8.0389,8.1978,7.9992,7.9992,15372,0
20050905,7.9992,8.3169,7.9992,8.2375,77141,0
20050906,8.2375,8.2375,7.9674,7.9674,45880,0
20050907,8.158,8.2375,7.8879,8.1978,30123,0
20050908,8.2375,8.3169,8.158,8.158,18556,0
20050909,8.158,8.2375,8.1182,8.1182,4100,0
20050912,8.158,8.3169,8.0389,8.2375,3795,0
20050913,8.2375,8.2375,8.158,8.1978,6952,0
20050914,8.158,8.2375,8.158,8.2375,2213,0
20050915,8.0389,8.2375,8.0389,8.2375,9829,0
20050916,8.2375,8.2375,8.1978,8.2375,2846,0
20050919,8.158,8.3884,8.158,8.3884,65146,0
20050920,8.3486,8.3486,8.3169,8.3169,1815,0
20050921,8.158,8.2771,8.158,8.2771,2723,0
20050922,8.158,8.2375,8.158,8.2375,2664,0
20050923,8.158,8.2375,7.9992,8.158,174880,0
20050926,8.0786,8.2375,8.0786,8.2375,61157,0
20050927,8.158,8.158,7.8879,7.9674,83734,0
20050928,7.9992,7.9992,7.9275,7.9275,26548,0
20050929,7.9275,7.9275,7.8482,7.8482,915,0
20050930,7.8482,7.8879,7.8084,7.8879,2065,0
20051003,7.8482,7.8482,7.6179,7.8482,134910,0
20051004,7.7688,7.8084,7.6894,7.7688,11027,0
20051005,7.7291,7.7688,7.7291,7.7688,7281,0
20051006,7.6894,7.6894,7.6894,7.6894,923,0
20051007,7.6179,7.6495,7.6179,7.6179,15182,0
20051010,7.6179,7.6894,7.6179,7.6894,14293,0
20051011,7.578,7.6894,7.578,7.6894,3328,0
20051012,7.6894,7.6894,7.5385,7.5385,339,0
20051013,7.578,7.578,7.578,7.578,466,0
20051014,7.5385,7.6179,7.5385,7.6179,775,0
20051017,7.3002,7.6495,7.3002,7.6495,642,0
20051019,7.1094,7.6495,7.1094,7.6495,2931,0
20051020,7.4193,7.6495,7.4193,7.6495,2005,0
20051021,7.3795,7.6495,7.3795,7.6495,1975,0
20051024,7.6179,7.6495,7.6179,7.6495,2547,0
20051025,7.578,7.6894,7.578,7.6894,6423,0
20051026,7.6179,7.7291,7.578,7.7291,11096,0
20051028,7.5385,7.7688,7.5385,7.7688,1988,0
20051031,7.7688,8.158,7.7688,7.8084,8233,0
20051102,7.7688,7.8084,7.7688,7.8084,551,0
20051103,7.8482,7.8482,7.8482,7.8482,1311,0
20051104,7.8482,7.8482,7.6495,7.8482,1126,0
20051107,7.6179,7.7688,7.6179,7.7688,1082,0
20051108,7.7688,7.7688,7.5385,7.7688,521,0
20051109,7.7688,7.8482,7.7688,7.8482,735,0
20051110,7.7688,7.8482,7.6894,7.8482,903,0
20051114,7.7688,7.8482,7.7688,7.8482,7857,0
20051115,7.7688,7.7688,7.7688,7.7688,392,0
20051116,7.8482,7.9275,7.7688,7.7688,17143,0
20051117,7.7688,8.1182,7.7688,8.1182,11235,0
20051118,8.0786,8.158,7.9992,8.0786,62737,0
20051121,8.0389,8.0389,8.0389,8.0389,593,0
20051122,7.8084,8.158,7.8084,8.0389,14559,0
20051123,8.0389,8.1182,8.0389,8.1182,2334,0
20051124,8.158,8.2375,8.0389,8.0786,5287,0
20051125,8.0389,8.0389,7.8879,7.9275,4210,0
20051128,7.9674,8.1182,7.8084,8.0786,1594,0
20051129,8.0786,8.1978,7.8879,8.1978,20174,0
20051130,8.1978,8.1978,8.158,8.158,222,0
20051201,7.9674,8.1978,7.9674,8.1978,41876,0
20051202,8.1978,8.1978,8.1182,8.158,2024,0
20051205,7.9674,8.1182,7.9674,8.1182,358,0
20051206,7.9275,8.1182,7.9275,8.1182,769,0
20051207,8.1182,8.1978,8.1182,8.158,2794,0
20051208,8.158,8.2375,8.158,8.2375,715,0
20051209,8.2375,8.2375,8.1978,8.1978,848,0
20051212,8.1978,8.2375,8.1182,8.158,3222,0
20051213,8.1182,8.158,8.0389,8.158,1735,0
20051214,8.0786,8.2771,8.0389,8.2375,65522,0
20051215,8.2375,8.3169,8.1978,8.3169,15677,0
20051216,8.158,8.5473,8.158,8.5473,18458,0
20051219,8.5473,8.5473,8.3565,8.5473,3175,0
20051220,8.5473,8.5473,8.3565,8.5473,5410,0
20051221,8.5473,8.5473,8.4757,8.5076,7845,0
20051222,8.4361,8.865,8.4361,8.865,37900,0
20051223,8.9443,9.3336,8.9443,9.3336,15161,0
20051227,9.4925,10.199,9.4131,9.691,14627,0
20051228,9.651,9.731,9.2145,9.2145,7590,0
20051229,9.0239,9.3336,8.5869,8.5869,22168,0
20051230,8.5473,8.7855,8.5473,8.6267,2553,0
20060102,8.4361,8.8253,8.4361,8.8253,2266,0
20060103,8.6664,9.0239,8.6664,8.9841,18185,0
20060104,8.865,9.0239,8.865,9.0239,41369,0
20060105,9.0239,9.0239,8.8253,8.9047,20558,0
20060106,8.9047,9.1033,8.9047,9.0636,144495,0
20060109,9.0636,9.2542,8.6664,9.1033,25970,0
20060110,9.2542,9.3336,9.2542,9.3336,1465,0
20060111,9.294,9.3735,9.294,9.3735,87229,0
20060112,9.4131,9.691,9.4131,9.691,32460,0
20060113,9.572,9.763,9.4131,9.763,52112,0
20060116,9.651,9.763,9.572,9.763,16017,0
20060117,9.763,9.802,9.4925,9.651,1682,0
20060118,9.4527,9.651,9.4527,9.651,1937,0
20060119,9.572,9.572,9.4527,9.4925,2580,0
20060120,9.4925,9.4925,9.4131,9.4131,3012,0
20060123,9.3735,9.802,9.294,9.802,3276,0
20060124,9.763,9.763,9.4925,9.4925,644,0
20060125,9.4925,9.731,9.4925,9.731,6144,0
20060126,9.731,9.731,9.572,9.612,2505,0
20060127,9.612,9.731,9.612,9.691,7533,0
20060130,9.731,9.731,9.4131,9.731,4616,0
20060131,9.731,9.731,9.731,9.731,67,0
20060201,9.4131,9.612,9.3735,9.4131,2326,0
20060202,9.4527,9.691,9.4527,9.4925,3622,0
20060203,9.572,9.572,9.3735,9.4925,3469,0
20060206,9.4925,9.4925,9.2145,9.2145,1104,0
20060207,9.4131,9.731,8.7061,9.572,11257,0
20060208,9.4925,9.572,9.4925,9.4925,868,0
20060209,9.572,9.572,9.4925,9.572,1039,0
20060210,9.4925,9.651,9.4925,9.651,2808,0
20060213,9.532,9.763,9.532,9.763,65639,0
20060214,9.731,10.199,9.691,10.04,10762,0
20060215,10.509,11.177,10.199,10.47,64483,0
20060216,10.708,10.787,10.279,10.549,10698,0
20060217,10.549,11.057,10.358,11.057,29708,0
20060220,11.137,11.137,10.668,10.986,22657,0
20060221,11.216,11.764,11.057,11.685,24847,0
20060222,11.844,11.923,11.296,11.296,11253,0
20060223,11.415,11.415,11.256,11.375,156606,0
20060224,11.375,11.375,10.867,10.986,48932,0
20060227,11.018,11.335,11.018,11.057,35240,0
20060228,11.057,11.057,10.787,11.057,45304,0
20060301,11.177,11.177,10.748,10.946,160462,0
20060302,11.057,11.057,10.668,10.668,59268,0
20060303,10.946,10.946,10.549,10.787,14156,0
20060306,10.827,11.415,10.827,11.335,17467,0
20060307,11.335,11.375,10.986,11.296,184561,0
20060308,10.867,11.256,10.867,11.256,109937,0
20060309,10.906,11.645,10.906,11.645,15049,0
20060310,11.844,11.844,11.177,11.764,29600,0
20060313,11.804,11.804,11.455,11.685,4784,0
20060314,11.455,11.455,11.335,11.335,41347,0
20060315,11.296,11.455,11.296,11.415,143818,0
20060316,11.455,11.534,11.335,11.534,47866,0
20060317,11.534,11.764,11.534,11.764,19250,0
20060320,11.764,12.432,11.764,12.241,187866,0
20060321,12.312,12.829,12.312,12.551,373109,0
20060322,12.551,12.829,12.241,12.71,247131,0
20060323,12.789,12.869,12.511,12.71,158122,0
20060324,12.71,12.71,12.003,12.63,56430,0
20060327,12.392,12.63,12.241,12.392,20996,0
20060328,12.003,12.63,12.003,12.162,34249,0
20060329,12.082,12.241,11.884,12.162,8030,0
20060330,12.511,12.63,12.312,12.551,144917,0
20060331,12.551,12.829,12.162,12.241,12477,0
20060403,12.392,12.392,11.923,12.241,8525,0
20060404,12.392,12.789,12.241,12.749,52856,0
20060405,12.749,12.869,12.471,12.789,16012,0
20060406,12.789,12.94,12.63,12.869,22881,0
20060407,12.94,13.337,12.869,13.019,98378,0
20060410,13.258,13.258,12.749,12.869,51629,0
20060411,12.789,13.099,12.312,12.67,22581,0
20060412,12.67,12.789,12.471,12.63,30983,0
20060413,12.551,12.67,12.392,12.551,1260,0
20060418,12.67,12.67,12.392,12.471,5054,0
20060419,12.432,12.67,12.392,12.591,14830,0
20060420,12.71,12.829,12.511,12.71,44388,0
20060421,12.71,12.71,12.471,12.551,53331,0
20060424,12.471,12.869,12.392,12.551,31859,0
20060425,12.471,12.551,12.471,12.551,3583,0
20060426,12.551,12.551,12.392,12.471,3388,0
20060427,12.67,12.67,11.764,12.162,66400,0
20060428,11.923,12.162,11.923,12.162,69480,0
20060502,12.162,12.551,12.082,12.082,37620,0
20060504,12.082,12.789,12.082,12.551,127425,0
20060505,12.63,12.71,12.312,12.432,36569,0
20060508,12.71,12.749,12.432,12.63,9297,0
20060509,12.63,12.63,12.392,12.471,6385,0
20060510,12.67,12.67,12.471,12.471,11266,0
20060511,12.471,12.63,12.352,12.511,21555,0
20060512,12.591,12.63,12.352,12.511,4794,0
20060515,12.551,12.551,11.764,11.923,54112,0
20060516,11.455,12.122,11.455,12.082,98385,0
20060517,11.764,12.201,11.725,12.162,43605,0
20060518,11.923,12.162,11.764,12.122,7059,0
20060519,11.804,12.042,11.725,12.003,7749,0
20060522,11.613,11.613,11.097,11.455,18992,0
20060523,10.986,11.844,9.3735,11.844,57386,0
20060524,11.804,11.884,11.455,11.494,54200,0
20060525,11.764,11.764,10.787,11.574,21609,0
20060526,11.685,12.162,11.455,12.162,30997,0
20060529,11.613,12.162,11.613,11.764,4384,0
20060530,11.685,12.042,11.534,11.923,2807,0
20060531,11.923,11.923,11.923,11.923,70,0
20060601,11.455,11.764,11.455,11.764,7010,0
20060602,11.764,11.764,11.764,11.764,6782,0
20060605,11.455,11.923,11.455,11.923,15062,0
20060606,11.455,11.764,11.455,11.764,7468,0
20060607,11.725,11.725,11.725,11.725,1,0
20060608,11.645,11.645,11.645,11.645,1,0
20060609,11.415,11.764,11.375,11.764,6988,0
20060612,11.375,11.375,10.986,11.375,3209,0
20060613,10.319,10.748,10.279,10.43,12290,0
20060614,10.358,10.549,10.358,10.549,1453,0
20060616,10.748,10.748,10.279,10.589,993,0
20060619,10.199,10.509,10.199,10.509,1551,0
20060620,10.509,10.509,10.509,10.509,648,0
20060621,10.589,10.589,10.589,10.589,510,0
20060622,10.748,11.685,10.748,11.685,2899,0
20060623,10.986,11.613,10.906,11.216,1682,0
20060626,11.137,11.137,11.137,11.137,318,0
20060627,10.748,10.946,10.708,10.787,2232,0
20060628,10.708,10.708,10.43,10.43,2300,0
20060629,10.549,10.549,10.39,10.47,1415,0
20060630,10.589,11.057,10.509,10.509,1286,0
20060703,10.748,10.906,10.549,10.668,3208,0
20060704,10.748,10.986,10.589,10.708,8119,0
20060705,10.946,11.137,10.827,10.827,6985,0
20060706,11.057,11.296,10.867,10.867,2390,0
20060707,10.986,11.216,10.867,11.216,5421,0
20060710,10.827,11.685,10.827,11.685,3698,0
20060711,11.534,11.764,11.137,11.764,2814,0
20060712,11.923,11.923,11.764,11.764,5290,0
20060713,11.884,11.884,11.216,11.216,1313,0
20060714,10.827,11.613,10.827,11.613,2889,0
20060717,11.613,11.613,11.613,11.613,721,0
20060718,11.613,11.613,11.613,11.613,84,0
20060719,11.613,11.685,11.613,11.685,93,0
20060720,11.844,12.162,11.844,11.923,1127,0
20060721,12.082,12.082,11.764,11.764,193,0
20060724,10.986,11.534,10.986,11.534,2046,0
20060725,11.613,11.923,11.534,11.923,27932,0
20060726,11.963,11.963,11.764,11.923,26721,0
20060727,11.764,11.764,11.764,11.764,43021,0
20060728,11.613,11.613,11.574,11.574,256,0
20060731,11.574,11.574,11.296,11.296,1921,0
20060801,11.296,11.296,11.057,11.057,133,0
20060802,11.057,11.574,10.986,11.455,7424,0
20060803,11.455,11.534,11.177,11.177,1370,0
20060804,11.216,11.216,10.946,11.177,460,0
20060807,11.216,11.216,11.216,11.216,864,0
20060808,11.216,11.216,11.216,11.216,53,0
20060809,11.296,11.296,11.296,11.296,141,0
20060810,11.296,11.534,11.018,11.018,555,0
20060811,11.057,11.534,11.057,11.534,182,0
20060814,11.057,11.455,11.057,11.455,1042,0
20060816,11.455,11.455,11.455,11.455,218,0
20060817,11.455,11.534,11.455,11.534,3824,0
20060818,11.534,11.534,11.018,11.057,1081,0
20060821,11.057,11.296,10.986,11.296,5444,0
20060822,11.494,11.494,11.494,11.494,5,0
20060823,11.494,11.534,11.018,11.296,41912,0
20060824,11.534,11.534,10.986,11.256,5073,0
20060825,11.455,11.455,10.748,10.748,10937,0
20060828,10.787,11.057,10.748,10.827,1266,0
20060829,11.057,11.057,10.867,10.986,492,0
20060830,11.494,11.494,11.137,11.375,1590,0
20060831,11.296,11.375,11.296,11.375,318,0
20060901,10.986,11.057,10.875,10.986,464,0
20060904,10.986,11.216,10.986,11.216,375,0
20060905,11.002,11.455,10.994,11.455,2200,0
20060906,11.494,11.494,11.415,11.415,2526,0
20060907,11.455,11.455,11.375,11.375,9977,0
20060908,11.375,11.494,11.375,11.455,277,0
20060911,11.494,11.764,11.455,11.455,6552,0
20060912,11.455,11.645,11.455,11.645,7901,0
20060913,11.375,11.645,11.375,11.645,239,0
20060914,11.645,11.645,11.423,11.574,508,0
20060915,11.455,11.455,11.399,11.399,665,0
20060918,11.407,11.407,11.399,11.399,561,0
20060919,11.455,11.455,11.296,11.439,605,0
20060920,11.097,11.097,10.906,11.057,1955,0
20060921,10.986,11.375,10.922,11.375,2582,0
20060922,11.057,11.534,11.057,11.534,2586,0
20060925,11.494,11.574,11.057,11.574,1235,0
20060926,11.574,11.574,11.153,11.296,1963,0
20060927,11.455,11.455,11.296,11.296,1387,0
20060928,11.502,11.534,11.375,11.526,1868,0
20060929,11.455,11.526,11.296,11.296,2220,0
20061002,11.304,11.304,11.296,11.296,638,0
20061003,11.296,11.296,11.296,11.296,1742,0
20061004,11.296,11.296,11.018,11.137,1626,0
20061005,11.018,11.375,11.018,11.375,399,0
20061006,11.057,11.137,11.057,11.057,330,0
20061009,11.455,11.455,11.216,11.415,2204,0
20061010,11.415,12.154,11.026,12.154,9143,0
20061011,12.082,12.082,11.764,11.764,321,0
20061012,11.534,11.995,11.534,11.995,1007,0
20061013,11.844,11.987,11.844,11.923,4253,0
20061016,11.995,12.281,11.923,12.233,4816,0
20061017,12.034,12.034,11.971,11.971,1601,0
20061018,12.019,12.019,11.963,12.003,1252,0
20061019,12.233,12.233,11.923,11.923,3342,0
20061020,11.923,11.923,11.836,11.836,177,0
20061023,11.836,11.836,11.177,11.764,14358,0
20061024,11.264,11.764,11.264,11.764,6082,0
20061025,11.423,11.645,11.423,11.534,4812,0
20061026,11.463,11.534,11.439,11.455,94595,0
20061027,11.439,11.439,11.375,11.375,1395,0
20061030,11.264,11.272,11.057,11.177,78101,0
20061031,11.613,11.613,11.121,11.137,1754,0
20061102,11.137,11.177,11.129,11.177,9074,0
20061103,11.216,11.216,11.057,11.057,5154,0
20061106,11.455,11.455,11.137,11.431,2840,0
20061107,11.455,11.455,11.256,11.256,3408,0
20061108,11.28,11.28,11.137,11.216,51742,0
20061109,11.097,11.177,11.002,11.065,4403,0
20061110,11.121,11.129,10.986,10.986,3041,0
20061113,10.946,11.216,10.835,10.986,46271,0
20061114,10.986,11.756,10.986,11.415,83815,0
20061115,11.645,12.106,11.645,11.78,19318,0
20061116,11.844,12.241,11.534,11.669,14871,0
20061117,11.756,11.756,11.256,11.304,12624,0
20061120,11.319,11.375,11.097,11.296,81460,0
20061121,11.749,11.749,11.256,11.296,233404,0
20061122,11.375,11.574,11.296,11.534,147904,0
20061123,11.534,11.764,11.534,11.709,146514,0
20061124,11.701,11.764,11.534,11.677,8477,0
20061127,11.709,11.764,11.685,11.764,146644,0
20061128,11.764,12.392,11.558,12.233,660824,0
20061129,12.384,13.139,12.082,12.908,293034,0
20061130,12.829,13.258,12.551,12.71,15329,0
20061201,12.551,13.059,12.551,12.98,317557,0
20061204,13.019,13.019,12.71,12.94,213037,0
20061205,12.63,13.099,12.591,13.099,60912,0
20061206,13.099,13.099,12.67,13.019,17341,0
20061207,12.829,12.829,11.764,12.551,17542,0
20061208,12.162,12.551,11.995,12.551,13402,0
20061211,12.551,12.71,12.551,12.702,7641,0
20061212,12.71,12.94,12.71,12.861,33756,0
20061213,12.869,12.869,12.424,12.789,47979,0
20061214,12.551,12.71,12.551,12.71,99637,0
20061215,12.63,12.63,11.804,12.551,12047,0
20061218,12.249,12.463,11.931,12.463,5998,0
20061219,12.162,12.543,12.162,12.543,12245,0
20061220,12.201,12.392,11.891,12.392,7108,0
20061221,12.082,12.551,11.828,12.551,10882,0
20061222,12.551,12.551,12.162,12.162,113,0
20061227,12.177,12.297,12.177,12.297,435,0
20061228,11.939,12.591,11.939,12.591,1352,0
20061229,12.71,12.71,12.312,12.312,2415,0
20070102,12.71,12.71,12.392,12.392,238,0
20070103,12.4,12.519,12.233,12.519,164,0
20070104,12.471,12.471,11.995,12.447,2001,0
20070105,12.447,12.471,11.995,12.471,7442,0
20070108,12.622,12.789,12.591,12.789,8023,0
20070109,12.869,13.147,12.869,13.107,65533,0
20070110,13.147,13.147,12.749,13.107,2106,0
20070111,12.797,13.107,12.718,13.107,6187,0
20070112,12.908,13.107,12.551,13.107,10274,0
20070115,13.019,13.345,13.019,13.345,5975,0
20070116,13.345,13.385,12.805,13.107,1384,0
20070117,13.027,13.266,13.027,13.266,2486,0
20070118,13.266,13.385,13.107,13.385,37490,0
20070119,13.107,13.496,13.107,13.425,3478,0
20070122,13.345,13.417,13.107,13.417,1921,0
20070123,13.107,13.345,12.805,13.147,15378,0
20070124,13.266,13.266,12.869,13.186,3834,0
20070125,13.186,13.456,13.186,13.345,6752,0
20070126,13.107,13.345,12.948,13.345,2981,0
20070129,13.035,13.147,13.035,13.107,300,0
20070130,13.107,13.345,13.107,13.266,7089,0
20070131,13.266,13.425,13.266,13.425,9766,0
20070201,13.425,13.504,13.345,13.504,4572,0
20070202,13.504,13.504,13.504,13.504,3265,0
20070205,13.345,13.742,13.345,13.703,8486,0
20070206,13.703,13.901,13.544,13.822,5346,0
20070207,13.544,13.734,13.194,13.504,1462,0
20070208,13.154,13.154,12.869,13.107,3759,0
20070209,12.805,13.496,12.805,13.496,3252,0
20070212,13.496,13.496,13.147,13.147,641,0
20070213,13.385,13.385,13.385,13.385,46,0
20070214,13.226,13.504,12.876,13.504,629921,0
20070215,13.623,13.893,13.464,13.742,3726,0
20070216,13.663,13.901,13.663,13.885,8585,0
20070219,13.901,14.179,13.901,14.052,6342,0
20070220,14.179,14.282,14.179,14.179,6511,0
20070221,14.282,14.282,13.544,13.941,127104,0
20070222,13.591,14.1,13.584,13.885,2065,0
20070223,13.901,14.14,13.901,14.132,478,0
20070226,14.14,14.251,14.124,14.251,508,0
20070227,14.282,14.282,12.884,13.584,2900,0
20070228,12.471,13.107,12.471,13.107,28674,0
20070301,13.742,13.742,12.233,13.027,1202,0
20070302,12.71,12.829,12.352,12.71,5859,0
20070305,12.432,12.789,11.915,12.392,2893,0
20070306,12.114,12.829,11.995,12.114,5182,0
20070307,12.312,12.312,12.273,12.273,9568,0
20070308,12.71,12.71,12.273,12.312,2869,0
20070309,13.107,13.107,12.392,12.392,2954,0
20070312,12.71,12.71,12.63,12.63,710,0
20070313,12.71,12.718,12.551,12.551,338697,0
20070314,12.67,12.71,12.551,12.551,1752,0
20070315,12.71,12.718,12.71,12.718,133,0
20070316,12.718,12.781,12.71,12.71,1632,0
20070319,12.781,12.781,12.551,12.734,1869,0
20070320,12.741,12.741,12.471,12.471,4365,0
20070321,12.511,13.274,12.511,13.266,574991,0
20070322,13.504,13.584,12.725,12.948,22495,0
20070323,13.067,14.457,13.067,13.973,23845,0
20070326,14.688,14.696,14.378,14.378,12633,0
20070327,14.298,14.298,14.147,14.147,1933,0
20070328,13.711,14.06,13.584,14.06,15539,0
20070329,13.901,14.298,13.822,14.298,26073,0
20070330,14.378,15.569,14.37,15.093,32321,0
20070402,15.101,16.364,14.934,14.934,50353,0
20070403,15.498,15.887,15.331,15.609,17056,0
20070404,14.1,15.879,14.1,15.553,8305,0
20070405,15.553,15.879,15.093,15.879,65059,0
20070410,15.808,15.808,15.172,15.498,6017,0
20070411,15.498,16.205,15.331,15.728,91297,0
20070412,15.887,16.157,15.101,15.728,6926,0
20070413,15.291,16.006,15.291,15.776,3839,0
20070416,15.728,15.966,15.577,15.728,11558,0
20070417,15.617,15.649,15.331,15.569,2092,0
20070418,15.53,15.958,14.934,15.371,968,0
20070419,14.989,15.093,14.457,15.093,18511,0
20070420,15.053,15.093,14.854,15.053,126399,0
20070423,14.497,14.696,14.497,14.497,88701,0
20070424,14.576,14.696,14.497,14.616,64229,0
20070425,14.417,14.696,14.306,14.417,177763,0
20070426,14.425,14.767,14.386,14.767,96161,0
20070427,14.664,14.664,14.417,14.417,110989,0
20070430,14.767,14.767,14.457,14.608,1423,0
20070502,14.767,14.767,14.33,14.33,540,0
20070504,14.616,14.934,14.537,14.696,31757,0
20070507,15.093,15.093,14.664,14.664,5517,0
20070508,14.775,14.775,14.298,14.298,3758,0
20070509,14.06,14.259,13.981,13.981,24056,0
20070510,14.14,14.14,13.79,14.14,25493,0
20070511,13.663,14.124,13.663,14.1,858,0
20070514,14.1,14.1,13.758,14.1,880,0
20070515,14.1,14.282,13.584,13.584,3780,0
20070516,13.584,13.822,13.266,13.504,12443,0
20070517,13.504,13.504,13.353,13.353,39594,0
20070518,13.861,13.861,13.504,13.504,606,0
20070521,13.83,13.83,13.313,13.496,4961,0
20070522,13.901,14.012,13.464,13.504,1105,0
20070523,13.989,13.989,13.425,13.425,2069,0
20070524,13.504,13.584,13.194,13.584,3575,0
20070525,13.742,13.981,13.186,13.282,14659,0
20070528,13.711,13.814,13.305,13.504,16240,0
20070529,13.877,13.877,13.353,13.504,41170,0
20070530,13.512,13.623,13.305,13.584,47071,0
20070531,13.798,13.798,13.107,13.504,99790,0
20070601,13.504,13.512,13.266,13.504,41860,0
20070604,13.726,13.726,13.504,13.584,446,0
20070605,13.584,13.663,13.504,13.623,40649,0
20070606,13.623,13.623,13.425,13.584,2407,0
20070608,13.385,13.385,13.345,13.385,27420,0
20070611,13.584,13.623,13.313,13.584,4138,0
20070612,13.584,13.584,13.345,13.504,16645,0
20070613,13.568,13.568,13.329,13.52,1765,0
20070614,13.496,13.575,13.313,13.504,5599,0
20070615,13.575,13.575,13.425,13.504,3365,0
20070618,13.425,13.504,13.345,13.496,6770,0
20070619,13.504,13.504,13.313,13.504,638,0
20070620,13.504,13.504,13.504,13.504,239,0
20070621,13.56,13.568,13.218,13.568,1285,0
20070622,13.56,13.568,13.226,13.496,1398,0
20070625,13.345,13.504,12.964,13.067,13854,0
20070626,13.075,13.075,12.9,13.067,7655,0
20070627,13.043,13.051,12.725,12.757,5228,0
20070628,13.075,13.107,13.075,13.107,2474,0
20070629,13.25,13.266,12.996,13.258,7573,0
20070702,13.107,13.107,12.781,12.781,2039,0
20070703,13.099,13.099,12.773,12.773,6930,0
20070704,12.749,13.242,12.63,12.749,490153,0
20070705,12.749,13.099,12.447,12.948,80710,0
20070706,13.067,13.067,12.734,12.734,951,0
20070709,12.543,12.948,12.535,12.869,21445,0
20070710,12.892,12.916,12.884,12.908,691,0
20070711,12.781,12.829,12.352,12.352,7644,0
20070712,12.471,12.678,12.471,12.487,1012,0
20070713,12.479,12.511,12.471,12.471,1289,0
20070716,12.392,12.392,11.804,12.154,29044,0
20070717,11.915,11.915,11.621,11.907,41716,0
20070718,11.756,11.915,11.756,11.836,23320,0
20070719,11.995,11.995,11.677,11.709,77360,0
20070720,11.677,11.677,11.041,11.049,52221,0
20070723,11.907,11.907,11.057,11.391,73749,0
20070724,11.391,11.391,11.121,11.121,285816,0
20070725,11.129,11.598,11.121,11.121,69096,0
20070726,11.55,11.598,11.121,11.145,64543,0
20070727,11.129,11.2,11.129,11.2,821,0
20070730,11.121,11.232,11.081,11.121,45603,0
20070731,11.478,11.478,11.478,11.478,1,0
20070801,11.2,11.24,10.938,11.24,3151,0
20070802,11.24,11.24,11.24,11.24,1,0
20070803,11.24,11.24,10.843,11.026,32045,0
20070806,11.002,11.002,10.644,10.644,31609,0
20070807,10.803,10.883,10.724,10.724,6591,0
20070808,10.803,11.034,10.724,11.034,49788,0
20070809,11.034,11.034,10.883,10.883,130949,0
20070810,10.573,10.724,10.573,10.724,253,0
20070813,10.589,10.724,10.565,10.724,1538,0
20070814,10.565,10.938,10.565,10.938,2466,0
20070816,10.446,10.787,10.446,10.787,8208,0
20070817,10.215,10.938,10.215,10.938,24003,0
20070820,10.97,11.272,10.97,11.177,3734,0
20070821,11.24,11.24,10.764,10.93,3967,0
20070822,10.954,10.994,10.406,10.549,5203,0
20070823,10.716,11.121,10.716,10.843,3169,0
20070824,11.216,11.216,11.121,11.216,684,0
20070827,11.407,11.518,11.28,11.51,3884,0
20070828,10.994,11.177,10.883,11.169,1492,0
20070829,11.002,11.121,10.962,11.121,59201,0
20070830,11.439,11.439,10.565,10.803,5743,0
20070831,11.121,11.756,10.883,11.756,7770,0
20070903,11.518,11.637,11.208,11.208,2012,0
20070904,11.439,11.439,11.121,11.28,6296,0
20070905,11.327,11.383,11.121,11.383,8983,0
20070906,11.081,11.343,11.081,11.343,1453,0
20070907,11.049,11.049,11.041,11.041,756,0
20070910,10.962,11.041,10.724,11.041,336,0
20070911,10.811,10.962,10.327,10.406,7252,0
20070912,10.565,10.724,9.699,9.699,10221,0
20070913,10.319,10.486,10.287,10.295,8492,0
20070914,10.438,10.438,10.295,10.295,1134,0
20070917,10.303,10.327,10.303,10.327,133,0
20070918,10.565,10.565,10.565,10.565,1339,0
20070919,10.764,10.875,10.764,10.764,1263,0
20070920,10.565,10.922,10.525,10.922,1423,0
20070921,10.525,11.121,10.525,11.121,15069,0
20070924,11.24,11.478,11.24,11.478,2988,0
20070925,11.2,11.2,11.137,11.137,215,0
20070926,11.161,11.24,11.161,11.24,750,0
20070927,11.24,11.756,11.24,11.756,444731,0
20070928,11.756,11.756,11.439,11.677,1334,0
20071001,11.391,11.629,11.359,11.629,88602,0
20071002,11.312,11.312,11.28,11.28,637,0
20071003,11.137,11.677,11.137,11.669,998,0
20071004,11.359,11.582,11.359,11.582,252394,0
20071005,11.518,11.518,11.359,11.439,2291,0
20071008,11.507,11.596,11.28,11.288,2330,0
20071009,11.319,11.319,11.145,11.145,3298,0
20071010,11.478,11.478,11.121,11.383,1984,0
20071011,11.2,11.439,11.169,11.431,2750,0
20071012,11.216,11.216,11.216,11.216,1,0
20071015,11.272,12.042,10.565,11.2,47670,0
20071016,11.041,11.28,11.041,11.121,2474,0
20071017,11.359,12.074,11.359,12.074,447718,0
20071018,12.312,12.312,11.439,11.812,7888,0
20071019,11.836,11.915,11.836,11.836,2237,0
20071022,11.796,11.796,11.28,11.709,2076,0
20071023,11.796,11.836,11.677,11.717,378677,0
20071024,11.907,11.915,11.677,11.677,969,0
20071025,11.915,11.915,11.915,11.915,90,0
20071026,11.637,11.637,11.637,11.637,322,0
20071029,11.717,11.717,11.717,11.717,51,0
20071030,11.478,11.478,11.359,11.359,1016,0
20071031,11.629,11.915,11.629,11.915,6296,0
20071102,11.907,11.907,11.582,11.836,1029,0
20071105,11.756,11.756,11.518,11.518,252,0
20071106,11.359,11.677,11.359,11.677,119,0
20071107,11.391,11.391,11.002,11.002,694,0
20071108,10.406,11.002,10.406,10.629,896,0
20071109,10.994,11.002,10.994,10.994,6433,0
20071112,10.724,10.724,10.486,10.724,316958,0
20071113,10.462,10.724,10.406,10.605,1193,0
20071114,10.644,10.835,10.486,10.835,252959,0
20071115,10.605,10.605,10.454,10.454,1721,0
20071116,10.454,10.47,10.454,10.454,46579,0
20071119,10.454,10.454,10.454,10.454,1,0
20071120,9.81,10.287,9.81,10.009,2279,0
20071121,9.429,9.771,9.3416,9.771,1793,0
20071122,9.771,10.049,9.771,10.049,231,0
20071123,10.049,10.049,10.049,10.049,390,0
20071126,10.128,10.128,9.89,10.04,509,0
20071127,10.152,10.152,10.152,10.152,1,0
20071128,10.239,10.803,10.239,10.803,552,0
20071129,10.319,10.366,10.319,10.366,2853,0
20071130,10.104,10.327,10.104,10.327,54252,0
20071203,10.478,10.724,10.327,10.724,215,0
20071204,10.716,10.724,10.716,10.724,284,0
20071205,10.708,10.724,10.708,10.724,5174,0
20071206,10.724,10.724,10.486,10.716,233,0
20071207,10.724,10.724,10.724,10.724,377,0
20071210,10.724,10.724,10.509,10.509,457,0
20071211,10.327,10.327,10.263,10.263,1920,0
20071212,10.033,10.263,10.033,10.263,12,0
20071214,10.017,10.017,9.969,9.969,6605,0
20071217,9.81,9.81,9.691,9.81,1692,0
20071218,9.578,9.578,9.1566,9.1566,1975,0
20071219,9.789,9.789,9.2133,9.2133,5220,0
20071220,8.9946,9.0595,8.9946,8.9946,831,0
20071221,9.0188,9.2133,8.638,9.2133,14666,0
20071227,9.3349,9.513,8.7353,8.7353,72548,0
20071228,8.9053,9.0595,8.0627,8.0627,70276,0
20080102,8.7109,8.7109,8.5002,8.6542,812,0
20080103,8.5975,8.5975,8.5083,8.5083,2887,0
20080104,8.1923,8.5083,8.1923,8.4679,1147,0
20080107,8.3139,8.3462,8.2247,8.2247,73253,0
20080108,8.3868,8.5327,8.3868,8.4272,2814,0
20080109,8.5975,8.5975,8.2247,8.2247,5484,0
20080110,8.2247,8.2247,7.7467,7.9411,10911,0
20080111,7.9816,8.0627,7.9816,8.0627,2377,0
20080114,7.7467,7.86,7.4226,7.6251,4493,0
20080115,7.6332,8.0384,7.455,8.0384,622904,0
20080116,7.2362,7.6089,7.2362,7.6089,2020,0
20080117,7.779,7.779,7.2523,7.6899,1207,0
20080118,7.5036,7.5036,7.2929,7.374,19962,0
20080121,7.5036,7.5036,6.8796,7.2848,1082,0
20080122,6.7175,7.4144,6.7175,7.4144,4701,0
20080123,7.5117,7.5117,7.2929,7.455,1618,0
20080124,7.455,7.698,7.455,7.698,295,0
20080125,7.698,7.9331,7.698,7.9331,2308,0
20080128,7.925,7.925,7.698,7.698,2411,0
20080129,7.852,7.852,7.7062,7.8196,6608,0
20080130,7.9331,7.9331,7.698,7.698,160,0
20080131,7.5117,7.5117,7.455,7.455,4116,0
20080201,7.455,7.5117,7.455,7.5117,609,0
20080204,7.617,7.7062,7.5359,7.7062,897,0
20080205,7.5117,7.5117,7.455,7.455,247050,0
20080206,7.7386,7.7386,7.7386,7.7386,1,0
20080207,7.455,7.455,7.3821,7.455,134823,0
20080208,7.455,7.7386,7.455,7.7386,300,0
20080211,7.852,7.852,7.5926,7.698,432,0
20080212,7.779,7.86,7.779,7.86,2427,0
20080213,7.9655,8.3382,7.9655,8.3382,2208,0
20080214,8.3462,8.3462,8.1437,8.3462,4985,0
20080215,8.1518,8.1518,7.779,8.1032,1449,0
20080218,7.779,8.3058,7.779,8.3058,868,0
20080219,8.095,8.1032,7.9006,8.1032,1635,0
20080220,7.9411,7.9411,7.7467,7.9411,877,0
20080221,7.7629,8.0709,7.7629,8.0709,15,0
20080222,7.9492,8.0709,7.8196,7.8196,476,0
20080225,7.7629,7.779,7.7629,7.779,185305,0
20080226,7.7629,7.7629,7.7629,7.7629,61704,0
20080227,7.5765,7.7386,7.5359,7.7386,1711,0
20080228,7.5522,7.5522,7.5522,7.5522,347,0
20080229,7.5359,7.5359,7.5359,7.5359,284,0
20080303,7.3496,7.3496,7.2119,7.2929,1050,0
20080304,7.2929,7.4631,7.2929,7.2929,1641,0
20080305,7.4712,7.4712,7.4712,7.4712,1,0
20080306,7.5359,7.5359,7.3091,7.3091,144659,0
20080307,7.455,7.8196,7.1551,7.3658,29934,0
20080310,7.4144,7.7954,7.4144,7.698,151734,0
20080311,7.7062,7.8196,7.7062,7.8196,5367,0
20080312,7.8682,7.8682,7.86,7.86,432,0
20080313,7.7143,7.7629,7.5846,7.7629,20732,0
20080314,7.617,7.7629,7.617,7.7629,14,0
20080317,7.6899,7.6899,7.455,7.617,1401,0
20080318,7.455,7.4631,7.455,7.4631,694,0
20080319,7.455,7.455,7.455,7.455,493,0
20080320,7.455,7.5359,7.455,7.5359,1480,0
20080325,7.374,7.6818,7.374,7.6818,2298,0
20080326,7.6576,7.6818,7.6576,7.6656,63968,0
20080327,7.6818,7.8196,7.6818,7.8196,6812,0
20080328,7.8196,7.925,7.8196,7.925,444,0
20080331,7.86,7.86,7.779,7.779,879,0
20080401,7.5117,7.925,7.5117,7.86,392,0
20080402,7.86,7.86,7.86,7.86,130,0
20080403,7.4954,7.8034,7.4631,7.8034,740,0
20080404,7.5198,7.698,7.5198,7.698,65418,0
20080407,7.5926,7.771,7.5846,7.771,386,0
20080408,7.5522,7.7143,7.5522,7.7143,130,0
20080409,7.5036,7.617,7.5036,7.617,253,0
20080410,7.4226,7.4226,7.4144,7.4144,456,0
20080411,7.4386,7.4386,7.4386,7.4386,1,0
20080414,7.4386,7.617,7.4063,7.617,866,0
20080415,7.3901,7.617,7.374,7.617,809,0
20080417,7.3901,7.5441,7.374,7.5441,50016,0
20080418,7.6008,7.6008,7.3821,7.3821,105,0
20080421,7.6089,7.617,6.9525,6.9687,7143,0
20080422,7.1227,7.1227,6.8958,7.0498,93125,0
20080423,6.8877,7.0498,6.6122,6.6122,63538,0
20080424,6.7094,6.9687,6.2395,6.2395,77411,0
20080425,6.2395,6.7014,6.2395,6.604,230162,0
20080428,6.4744,6.4826,6.4744,6.4826,689,0
20080505,6.4826,6.4826,6.4826,6.4826,165,0
20080506,6.4826,6.604,6.4826,6.604,569,0
20080507,6.604,6.6447,6.4826,6.4826,11315,0
20080508,6.8715,6.8877,6.7094,6.7985,739,0
20080509,6.7985,7.0498,6.7985,7.0498,5119,0
20080512,6.8067,6.8067,6.4826,6.4826,15729,0
20080513,6.7419,6.7419,6.7337,6.7337,394,0
20080514,6.4988,6.4988,6.4826,6.4826,532,0
20080515,6.4826,6.4826,5.9153,5.9153,2947,0
20080516,5.9153,5.9721,5.7127,5.9721,1714,0
20080519,5.6722,5.6722,5.6075,5.6075,7302,0
20080520,5.7451,5.7451,5.5102,5.5102,7822,0
20080521,5.3887,5.3887,5.2266,5.2266,11380,0
20080523,5.097,5.3077,5.0321,5.0321,1891,0
20080526,4.9107,4.9592,4.9107,4.9511,2468,0
20080527,4.878,4.9592,4.8457,4.862,26761,0
20080528,4.862,4.9753,4.862,4.862,1528,0
20080529,4.7808,4.7808,4.5379,4.5944,4361,0
20080530,4.4406,4.862,4.4406,4.862,645,0
20080602,5.0078,5.0159,4.8862,4.8943,3135,0
20080603,4.862,4.943,4.862,4.943,1885,0
20080604,4.9025,4.9025,4.862,4.862,1609,0
20080605,4.9025,4.9267,4.862,4.862,7236,0
20080609,5.0483,5.0483,5.0483,5.0483,2,0
20080610,4.4568,5.0402,4.4568,5.0402,130,0
20080611,4.5379,4.5379,4.5379,4.5379,27185,0
20080612,4.4568,4.4568,4.2298,4.2298,6574,0
20080613,4.2542,4.2542,4.2138,4.2138,18030,0
20080616,4.1164,4.1164,4.0435,4.0435,4271,0
20080617,4.1245,4.1245,4.0517,4.0517,50,0
20080618,3.9786,4.1245,3.9786,4.1245,558,0
20080619,4.1164,4.2785,4.0111,4.2785,1662,0
20080623,4.2138,4.2866,4.1406,4.2866,587,0
20080624,4.1731,4.2138,4.1084,4.1084,3605,0
20080625,4.0192,4.0192,3.922,3.922,1972,0
20080626,3.8085,3.8085,3.8004,3.8004,321,0
20080627,3.768,3.768,3.606,3.6465,20387,0
20080630,3.6546,3.6546,3.4682,3.4682,16499,0
20080701,3.4601,3.4601,3.4601,3.4601,6632,0
20080702,3.3384,3.3627,3.3384,3.3627,163,0
20080703,3.3627,3.3627,3.2817,3.2817,8028,0
20080704,3.2088,3.4438,3.1602,3.4438,1628,0
20080707,3.3548,3.3548,3.1602,3.1683,32701,0
20080708,3.1441,3.2412,3.0548,3.2412,4236,0
20080709,3.1683,3.2412,3.1197,3.1602,56449,0
20080710,3.1846,3.2333,3.1602,3.2333,349,0
20080711,3.1602,3.1683,3.1197,3.1683,3753,0
20080714,3.1765,3.2412,3.0792,3.2412,3199,0
20080715,3.2412,3.2817,3.1846,3.2412,3769,0
20080716,3.1602,3.2412,3.1602,3.2412,637,0
20080718,3.2574,3.2574,3.2494,3.2494,518,0
20080721,3.2412,3.2412,3.2412,3.2412,766,0
20080722,3.2817,3.2817,3.1602,3.2088,13917,0
20080723,3.2088,3.2817,3.2007,3.2817,2437,0
20080724,3.2817,3.3142,3.2817,3.2817,494,0
20080728,3.2412,3.3952,3.2412,3.3952,116,0
20080729,3.3142,3.3223,3.2412,3.2412,2813,0
20080730,3.2412,3.2899,3.2412,3.2899,468,0
20080731,3.2494,3.379,3.1765,3.2899,3333,0
20080801,3.2088,3.217,3.2007,3.217,4143,0
20080804,3.217,3.379,3.217,3.371,1996,0
20080805,3.371,3.3952,3.1846,3.3952,3533,0
20080806,3.3142,3.3223,3.2412,3.3223,4153,0
20080807,3.3223,3.3223,3.2412,3.2412,6794,0
20080808,3.2412,3.2412,3.2412,3.2412,150,0
20080811,3.2412,3.2412,3.1683,3.1765,199674,0
20080812,3.1765,3.2494,3.1278,3.1278,1751,0
20080813,3.0873,3.0873,3.0792,3.0792,1710,0
20080814,3.1521,3.2333,3.1521,3.2333,2765,0
20080818,3.2333,3.2333,3.2007,3.2007,2801,0
20080819,3.2412,3.2412,3.1683,3.1683,2652,0
20080822,3.1765,3.1765,3.1765,3.1765,371,0
20080825,3.1765,3.1765,3.1278,3.1278,2357,0
20080826,3.1278,3.1278,3.0792,3.0792,14988,0
20080827,3.1116,3.1116,3.0792,3.0792,8070,0
20080828,3.063,3.0792,3.063,3.0792,7466,0
20080829,3.0711,3.0711,3.0711,3.0711,1234,0
20080901,2.9982,2.9982,2.9253,2.9253,12515,0
20080902,2.917,2.9738,2.836,2.8686,24852,0
20080903,2.8686,2.8686,2.7551,2.7876,5106,0
20080904,2.7876,2.836,2.7876,2.7956,4771,0
20080905,2.7956,2.7956,2.7066,2.7066,11509,0
20080908,2.7308,2.8199,2.7146,2.7146,17039,0
20080909,2.7632,2.7632,2.2609,2.2932,210154,0
20080910,2.3499,2.3499,2.0501,2.1798,110973,0
20080911,2.1474,2.1555,2.0582,2.1555,22242,0
20080912,2.1798,2.2284,2.1798,2.2202,7882,0
20080915,2.1878,2.2202,2.0015,2.1068,55709,0
20080916,2.0664,2.0664,1.9529,2.042,29171,0
20080917,2.0907,2.0907,1.9852,1.9852,4257,0
20080918,1.9447,1.9934,1.8556,1.9124,27064,0
20080919,2.0257,2.0257,1.8314,1.8556,61464,0
20080922,1.9042,1.9042,1.7827,1.7827,43562,0
20080923,1.7827,1.7827,1.7261,1.7422,17354,0
20080924,1.7016,1.7261,1.5719,1.6125,692524,0
20080925,1.653,1.7503,1.653,1.7016,207439,0
20080926,1.7016,1.9124,1.6611,1.8232,92236,0
20080929,1.9124,1.9124,1.7908,1.7989,44668,0
20080930,1.7908,2.1474,1.7422,1.9529,132659,0
20081001,2.0257,2.1068,1.9366,1.961,119604,0
20081002,2.0907,2.0907,1.88,1.88,13098,0
20081003,1.8475,1.9447,1.8071,1.8394,7000,0
20081006,1.8961,1.8961,1.6693,1.6773,50504,0
20081007,1.7584,1.7989,1.6855,1.7827,23043,0
20081008,1.7503,1.8961,1.653,1.8637,34465,0
20081009,1.8961,1.9366,1.7584,1.7584,5492,0
20081010,1.7016,1.7827,1.6045,1.6045,61248,0
20081013,1.734,1.7422,1.653,1.7179,14605,0
20081014,1.88,1.88,1.7503,1.8151,19420,0
20081015,1.8151,1.8151,1.6693,1.7989,21288,0
20081016,1.6369,1.7097,1.5883,1.6855,7095,0
20081017,1.6855,1.6855,1.6287,1.6773,18968,0
20081020,1.6773,1.6936,1.6287,1.6936,1968,0
20081021,1.6287,1.7016,1.5477,1.5477,73019,0
20081022,1.6045,1.6045,1.3532,1.3532,80563,0
20081023,1.3451,1.4505,1.2155,1.2398,15474,0
20081024,1.2965,1.2965,1.1831,1.2641,34337,0
20081027,1.3614,1.3614,1.1506,1.2965,40775,0
20081028,1.3614,1.3614,1.2155,1.2478,65304,0
20081029,1.3209,1.337,1.2965,1.3128,358086,0
20081030,1.3451,1.3775,1.2155,1.2398,87854,0
20081031,1.2317,1.3209,1.1912,1.2803,145622,0
20081103,1.337,1.4586,1.2965,1.4342,180081,0
20081104,1.4991,1.7097,1.4909,1.7097,81645,0
20081105,1.8637,1.8637,1.6773,1.7746,79780,0
20081106,1.7016,1.7016,1.5315,1.5801,76840,0
20081107,1.6045,1.7016,1.4748,1.5801,46124,0
20081110,1.6611,1.7016,1.5963,1.7016,20899,0
20081112,1.6936,1.6936,1.5801,1.5801,35933,0
20081113,1.5396,1.5801,1.5234,1.5801,11345,0
20081114,1.6207,1.7016,1.5883,1.6207,34958,0
20081117,1.6773,1.7016,1.5801,1.5801,16373,0
20081118,1.6207,1.653,1.5559,1.6207,6794,0
20081119,1.6207,1.6287,1.4991,1.4991,27368,0
20081120,1.4991,1.4991,1.3614,1.3775,38544,0
20081121,1.3775,1.4829,1.3451,1.4181,81779,0
20081124,1.4829,1.5234,1.4586,1.5073,21553,0
20081125,1.5315,1.5315,1.3614,1.3775,175869,0
20081126,1.4505,1.4667,1.3451,1.4667,21700,0
20081127,1.3856,1.4505,1.3451,1.4262,12758,0
20081128,1.4342,1.5315,1.337,1.3614,69919,0
20081201,1.4099,1.4099,1.337,1.3695,57147,0
20081202,1.3046,1.3695,1.2965,1.3451,45713,0
20081203,1.3451,1.3532,1.3289,1.3532,3384,0
20081204,1.3775,1.3775,1.337,1.3614,7971,0
20081205,1.3695,1.3775,1.3209,1.3451,17166,0
20081208,1.3532,1.3856,1.3289,1.3856,38449,0
20081209,1.3856,1.3856,1.337,1.3775,31360,0
20081210,1.3695,1.3775,1.337,1.3775,17973,0
20081211,1.3614,1.3775,1.3614,1.3695,18595,0
20081212,1.3695,1.4181,1.3451,1.4181,154342,0
20081215,1.4505,1.4667,1.3128,1.3695,109031,0
20081216,1.3614,1.3938,1.3209,1.3938,27321,0
20081217,1.3938,1.3938,1.3451,1.3775,34713,0
20081218,1.337,1.3775,1.3209,1.3775,6950,0
20081219,1.3532,1.3938,1.3128,1.3775,9728,0
20081222,1.337,1.3775,1.2965,1.3695,19375,0
20081223,1.337,1.337,1.3209,1.3289,3209,0
20081229,1.3289,1.3532,1.3289,1.337,1711,0
20081230,1.3451,1.3451,1.2965,1.2965,7760,0
20081231,1.2965,1.3451,1.256,1.2723,54562,0
20090105,1.3532,1.3532,1.2723,1.2965,4847,0
20090106,1.2965,1.3209,1.2965,1.3128,22648,0
20090107,1.3209,1.3856,1.3209,1.3695,21178,0
20090108,1.3209,1.3695,1.3209,1.3695,9259,0
20090109,1.3451,1.3856,1.3451,1.3856,150584,0
20090112,1.3775,1.3938,1.3532,1.3938,3746,0
20090113,1.3532,1.3856,1.3532,1.3856,15278,0
20090114,1.3532,1.3856,1.3451,1.3775,11773,0
20090115,1.337,1.337,1.337,1.337,3111,0
20090116,1.337,1.3614,1.337,1.3532,5052,0
20090119,1.2641,1.3451,1.256,1.3451,158551,0
20090120,1.2883,1.2965,1.256,1.2723,18064,0
20090121,1.2965,1.2965,1.2478,1.2883,9809,0
20090122,1.2965,1.2965,1.2317,1.2398,1901,0
20090123,1.2883,1.2883,1.2398,1.2803,11292,0
20090126,1.2965,1.3451,1.2723,1.3046,39569,0
20090127,1.3128,1.3128,1.2965,1.2965,113535,0
20090128,1.3209,1.3209,1.2723,1.3128,145024,0
20090129,1.3289,1.3289,1.2155,1.2478,61099,0
20090130,1.256,1.256,1.2236,1.2478,18568,0
20090202,1.2236,1.256,1.2236,1.2236,4881,0
20090203,1.2236,1.256,1.175,1.2317,16234,0
20090204,1.2155,1.2155,1.1345,1.1912,24926,0
20090205,1.1831,1.1831,1.1831,1.1831,26961,0
20090206,1.2317,1.2317,1.1588,1.2155,4058,0
20090209,1.2723,1.2723,1.2073,1.2073,4269,0
20090210,1.2641,1.3695,1.2398,1.3209,235515,0
20090211,1.256,1.2965,1.2155,1.2723,71128,0
20090212,1.2965,1.2965,1.1993,1.2236,75933,0
20090213,1.2965,1.4262,1.2398,1.2478,1165891,0
20090216,1.2641,1.2641,1.1345,1.1345,134801,0
20090217,1.1183,1.1263,1.0128,1.0128,109684,0
20090218,1.0534,1.0939,1.0128,1.0534,24144,0
20090219,1.1263,1.175,1.0939,1.1345,67542,0
20090220,1.102,1.1183,1.0939,1.1183,11296,0
20090223,1.1912,1.2155,1.1425,1.175,116779,0
20090224,1.1831,1.3614,1.175,1.2478,300351,0
20090225,1.2641,1.2965,1.2155,1.2155,349061,0
20090226,1.256,1.2883,1.1668,1.1993,283423,0
20090227,1.1993,1.2398,1.1506,1.1831,188380,0
20090302,1.1993,1.1993,1.0939,1.1588,24225,0
20090303,1.1993,1.1993,1.0292,1.0372,277107,0
20090304,1.0534,1.0534,0.9642,0.9968,215287,0
20090305,1.0128,1.0292,0.9318,0.9561,217213,0
20090306,0.9482,0.9724,0.9157,0.9724,123100,0
20090309,0.9561,0.9724,0.9318,0.9318,253776,0
20090310,0.94,1.0128,0.94,1.0048,202109,0
20090311,1.0534,1.102,1.0128,1.102,362297,0
20090312,1.102,1.102,1.021,1.0372,100791,0
20090313,1.0778,1.0858,1.0048,1.0128,154785,0
20090316,1.0534,1.0696,1.0292,1.0534,234333,0
20090317,1.0534,1.102,1.0372,1.0939,280815,0
20090318,1.102,1.1183,1.0858,1.0939,222110,0
20090319,1.1183,1.1912,1.0858,1.1425,241822,0
20090320,1.175,1.2478,1.175,1.2155,903429,0
20090323,1.2155,1.2883,1.1993,1.2723,529113,0
20090324,1.3046,1.5073,1.3046,1.3532,632944,0
20090325,1.3532,1.4991,1.3532,1.4991,431614,0
20090326,1.5396,1.6045,1.4667,1.4748,307261,0
20090327,1.4909,1.4909,1.3775,1.4505,168667,0
20090330,1.4099,1.4181,1.2965,1.2965,436252,0
20090331,1.3046,1.3614,1.3046,1.3289,196548,0
20090401,1.3451,1.3451,1.3128,1.337,119181,0
20090402,1.3856,1.4342,1.3451,1.4099,401458,0
20090403,1.3775,1.5396,1.3775,1.4586,330916,0
20090406,1.4748,1.5477,1.4342,1.5152,417575,0
20090407,1.564,1.6936,1.5559,1.6611,424182,0
20090408,1.6855,1.8475,1.6855,1.8151,567036,0
20090409,1.8718,1.9124,1.7422,1.8151,420923,0
20090414,1.88,1.9691,1.8314,1.9205,426207,0
20090415,1.9447,1.9934,1.8881,1.9205,420890,0
20090416,1.9366,1.9447,1.8071,1.8394,264701,0
20090417,1.8475,1.8637,1.6693,1.8071,172312,0
20090420,1.8071,1.8071,1.7097,1.7422,133360,0
20090421,1.7016,1.7665,1.6855,1.7179,226376,0
20090422,1.734,1.8232,1.7261,1.8232,210382,0
20090423,1.8718,1.8881,1.8314,1.8475,175319,0
20090424,1.8394,1.8637,1.7908,1.8314,157021,0
20090427,1.8314,1.8314,1.7827,1.7908,117885,0
20090428,1.7746,1.7827,1.7016,1.7665,122441,0
20090429,1.7908,1.8718,1.7827,1.7989,210383,0
20090430,1.8556,1.8556,1.7989,1.7989,124630,0
20090504,1.8394,1.9366,1.8314,1.8718,384835,0
20090505,1.88,1.9286,1.7989,1.8232,172419,0
20090506,1.8232,1.9286,1.7989,1.8637,299993,0
20090507,1.9205,1.9772,1.8394,1.8394,340208,0
20090508,1.8394,1.9042,1.8314,1.8881,209704,0
20090511,1.9286,2.3742,1.9286,2.3337,1176441,0
20090512,2.3337,2.5201,2.2042,2.4229,627061,0
20090513,2.4634,2.5119,2.115,2.2042,854616,0
20090514,2.1474,2.342,2.123,2.2852,287836,0
20090515,2.4877,2.5525,2.3499,2.3499,517922,0
20090518,2.3824,2.4309,2.2446,2.3824,381533,0
20090519,2.4229,2.5444,2.3256,2.3824,488811,0
20090520,2.3824,2.4309,2.342,2.3905,89446,0
20090521,2.3742,2.3824,2.2284,2.2932,150897,0
20090522,2.2688,2.2688,2.1474,2.1717,154953,0
20090525,2.1798,2.1878,2.0988,2.1474,310290,0
20090526,2.115,2.1717,2.0744,2.1717,110003,0
20090527,2.2042,2.3337,2.1717,2.2932,266091,0
20090528,2.2446,2.2932,2.1878,2.1878,172693,0
20090529,2.2313,2.2971,2.2066,2.2313,70871,0
20090601,2.2365,2.3985,2.2365,2.3499,275519,0
20090602,2.3905,2.3905,2.3094,2.3174,140865,0
20090603,2.2932,2.3256,2.2769,2.2852,100678,0
20090604,2.2769,2.342,2.2769,2.3094,75351,0
20090605,2.3094,2.4553,2.2528,2.3905,371318,0
20090608,2.358,2.3905,2.2932,2.2932,98589,0
20090609,2.3337,2.6335,2.3337,2.593,842431,0
20090610,2.6741,2.7226,2.6011,2.6011,375402,0
20090612,2.6174,2.6659,2.5769,2.6335,164286,0
20090615,2.6498,2.6498,2.4634,2.5039,374618,0
20090616,2.4796,2.5119,2.3174,2.5039,224645,0
20090617,2.4634,2.4958,2.358,2.358,75167,0
20090618,2.3742,2.3985,2.2284,2.3337,222089,0
20090619,2.3094,2.4229,2.3094,2.358,92831,0
20090622,2.3499,2.3499,2.1717,2.1798,128501,0
20090623,2.1474,2.2446,2.0988,2.2042,135933,0
20090624,2.2122,2.2609,2.2042,2.2528,45270,0
20090625,2.2769,2.2932,2.196,2.2365,58553,0
20090626,2.2932,2.3014,2.2446,2.2609,25636,0
20090629,2.2932,2.3337,2.2609,2.2769,52225,0
20090630,2.3174,2.342,2.3094,2.3256,29325,0
20090701,2.3174,2.3174,2.2688,2.3174,19771,0
20090702,2.3174,2.3337,2.2446,2.3094,24709,0
20090703,2.2688,2.2688,2.2122,2.2688,23029,0
20090706,2.2284,2.2446,2.196,2.2122,53993,0
20090707,2.2284,2.2852,2.196,2.2528,27023,0
20090708,2.2446,2.2446,2.1717,2.2122,88346,0
20090709,2.2446,2.2446,2.1717,2.2042,18740,0
20090710,2.2284,2.2284,2.2122,2.2122,3441,0
20090713,2.1878,2.2122,2.1474,2.2122,71339,0
20090714,2.2284,2.2852,2.2284,2.2688,51844,0
20090715,2.2852,2.3824,2.2852,2.3662,99855,0
20090716,2.3742,2.4553,2.358,2.3985,122093,0
20090717,2.3824,2.3905,2.3256,2.3256,39865,0
20090720,2.3662,2.4229,2.3499,2.3742,28860,0
20090721,2.3742,2.3985,2.3256,2.3256,48597,0
20090722,2.3499,2.3985,2.3499,2.3499,108722,0
20090723,2.3985,2.4877,2.3985,2.4147,151699,0
20090724,2.4714,2.4877,2.4472,2.4877,245835,0
20090727,2.5282,2.6498,2.5282,2.6335,268673,0
20090728,2.6498,2.6498,2.6174,2.6174,136347,0
20090729,2.6093,2.7876,2.5687,2.747,237504,0
20090730,2.7956,3.0873,2.7956,3.0143,306825,0
20090731,3.0792,3.0873,2.9253,3.0143,162817,0
20090803,3.1683,3.2088,3.0792,3.2088,207998,0
20090804,3.2251,3.2251,3.1846,3.2251,138403,0
20090805,3.2412,3.3627,3.2412,3.2574,51581,0
20090806,3.2899,3.298,3.0792,3.2007,131822,0
20090807,3.2029,3.244,3.1123,3.244,90007,0
20090810,3.244,3.2851,3.2029,3.2604,156079,0
20090811,3.2574,3.2738,3.2088,3.2412,127189,0
20090812,3.1846,3.2251,3.0873,3.1602,70873,0
20090813,3.1846,3.2817,3.1846,3.2494,43024,0
20090814,3.2817,3.4844,3.2333,3.4601,90498,0
20090817,3.4195,3.4195,3.2412,3.2738,69094,0
20090818,3.2574,3.3305,3.2088,3.2738,66387,0
20090819,3.2738,3.3223,3.2333,3.3223,22924,0
20090820,3.3627,3.606,3.3627,3.5492,111670,0
20090821,3.5654,3.6465,3.5087,3.6465,106109,0
20090824,3.6546,3.8085,3.6546,3.8085,67843,0
20090825,3.841,4.0517,3.8165,4.0517,83379,0
20090826,4.0838,4.3556,4.0838,4.2484,80414,0
20090827,4.3271,4.3352,4.2138,4.2138,84829,0
20090828,4.2138,4.5379,4.0517,4.5216,96127,0
20090831,4.5379,4.5379,4.1327,4.1974,61449,0
20090901,4.2403,4.2403,3.8367,3.9932,137267,0
20090902,3.6474,3.7709,3.5652,3.664,255842,0
20090903,3.606,3.922,3.606,3.8571,103527,0
20090904,3.9625,4.0435,3.9139,3.9707,44380,0
20090907,3.9707,3.9868,3.9139,3.9381,58135,0
20090908,3.9625,3.9868,3.849,3.9139,66976,0
20090909,3.9139,3.9139,3.8247,3.8896,56799,0
20090910,3.9301,4.0921,3.9301,3.9625,134204,0
20090911,4.076,4.1894,4.0517,4.1327,126272,0
20090914,4.0596,4.1245,3.9543,4.0111,57523,0
20090915,4.0435,4.238,4.0111,4.2056,90591,0
20090916,4.2623,4.4243,4.2623,4.4081,137188,0
20090917,4.5379,4.6998,4.5379,4.6998,166777,0
20090918,4.7079,4.7322,4.6188,4.6998,42686,0
20090921,4.7403,4.7647,4.6108,4.6269,70843,0
20090922,4.6269,4.6594,4.4081,4.6431,99527,0
20090923,4.7079,4.7322,4.6431,4.7322,32898,0
20090924,4.6188,4.7243,4.5944,4.5944,24435,0
20090925,4.5379,4.5379,4.4406,4.5053,48302,0
20090928,4.4163,4.4568,4.2461,4.3352,106845,0
20090929,4.2623,4.4001,4.2623,4.2948,20277,0
20090930,4.2948,4.3595,4.1731,4.2542,38492,0
20091001,4.1731,4.2948,4.1164,4.2298,29236,0
20091002,4.2056,4.2056,4.0921,4.1245,22607,0
20091005,4.1327,4.2138,4.1002,4.1164,12394,0
20091006,4.1245,4.3352,4.1245,4.3352,29537,0
20091007,4.3758,4.4568,4.2542,4.3676,29900,0
20091008,4.3758,4.3758,4.1812,4.2138,84883,0
20091009,4.2138,4.3028,4.2056,4.2217,15323,0
20091012,4.2948,4.2948,4.2138,4.2542,48331,0
20091013,4.2785,4.2866,4.1974,4.2138,27751,0
20091014,4.2542,4.3758,4.2542,4.3758,63163,0
20091015,4.4406,4.6026,4.4163,4.5379,55561,0
20091016,4.5944,4.6026,4.4243,4.4973,19565,0
20091019,4.4243,4.5379,4.4081,4.5053,23621,0
20091020,4.4243,4.4892,4.3028,4.319,28922,0
20091021,4.3028,4.4081,4.3028,4.3758,14014,0
20091022,4.3758,4.4973,4.3352,4.4973,32140,0
20091023,4.4973,4.5379,4.4163,4.4973,26449,0
20091026,4.4243,4.4973,4.3595,4.3919,7051,0
20091027,4.4081,4.4243,4.2138,4.2542,37402,0
20091028,4.3352,4.3352,4.2056,4.2704,43844,0
20091029,4.2056,4.2704,4.1731,4.2704,55614,0
20091030,4.2948,4.3433,4.2704,4.3352,8982,0
20091102,4.3433,4.3433,4.2542,4.2542,11663,0
20091103,4.238,4.2948,4.1974,4.1974,16998,0
20091104,4.2138,4.2542,4.1731,4.1731,72825,0
20091105,4.2542,4.2866,4.2138,4.2542,75334,0
20091106,4.2542,4.3758,4.2542,4.3758,60934,0
20091109,4.3758,4.5298,4.3758,4.5134,50925,0
20091110,4.5134,4.6836,4.5134,4.6188,87170,0
20091112,4.5784,4.7647,4.5784,4.6755,75097,0
20091113,4.6512,4.6918,4.6188,4.6512,48791,0
20091116,4.6512,4.7729,4.6512,4.7485,60013,0
20091117,4.7403,4.8943,4.7079,4.8943,166162,0
20091118,4.9348,5.097,4.9348,5.024,169861,0
20091119,5.0564,5.0564,4.8133,4.8133,78530,0
20091120,4.8457,4.9025,4.7403,4.8295,57835,0
20091123,4.9267,5.0645,4.8295,5.0483,57095,0
20091124,5.0807,5.332,5.024,5.2185,122052,0
20091125,5.34,5.6317,5.332,5.5749,139210,0
20091126,5.6317,5.6317,5.3481,5.5344,59207,0
20091127,5.3887,5.5589,5.3481,5.5344,54082,0
20091130,5.5507,5.6236,5.413,5.5749,39731,0
20091201,5.5669,5.5749,5.3887,5.4616,42702,0
20091202,5.4372,5.5507,5.4372,5.5344,17141,0
20091203,5.5507,5.5589,5.4454,5.5102,20555,0
20091204,5.5021,5.5749,5.4372,5.5507,18654,0
20091207,5.5741,5.5741,5.5082,5.5659,15656,0
20091208,5.5741,5.5741,5.393,5.4588,18690,0
20091209,5.4616,5.4616,4.9267,5.186,77284,0
20091210,4.9835,5.34,4.9025,5.024,55445,0
20091211,5.0321,5.2266,5.0321,5.186,17566,0
20091214,5.1132,5.2266,5.1132,5.2022,13692,0
20091215,5.1292,5.1942,5.1292,5.178,14548,0
20091216,5.1942,5.1942,5.105,5.1537,18319,0
20091217,5.1456,5.186,4.7161,4.9511,65353,0
20091218,4.862,5.1456,4.7808,5.1456,35408,0
20091221,5.2185,5.2185,5.024,5.105,19788,0
20091222,5.024,5.1292,5.024,5.105,16709,0
20091223,5.105,5.105,4.9835,5.0321,8315,0
20091228,4.9511,5.0807,4.9511,5.0483,10570,0
20091229,5.0078,5.0483,5.0078,5.0483,12483,0
20091230,5.0483,5.1456,5.024,5.1456,8987,0
20091231,4.9813,5.1048,4.9813,4.9813,26852,0
20100104,5.024,5.5102,4.9107,5.4777,67788,0
20100105,5.5493,5.6317,5.4176,5.5659,25714,0
20100106,5.5741,5.5741,5.3518,5.4506,10421,0
20100107,5.3481,5.4211,5.186,5.2671,34287,0
20100108,5.2671,5.3967,5.186,5.2266,15422,0
20100111,5.4211,5.4291,5.259,5.3481,9113,0
20100112,5.4211,5.4211,5.2753,5.3481,19337,0
20100113,5.2671,5.3644,5.2671,5.3481,19414,0
20100114,5.3644,5.3644,5.2833,5.332,4390,0
20100115,5.3077,5.3562,5.2833,5.3562,11594,0
20100118,5.3682,5.3682,5.2941,5.3188,20164,0
20100119,5.3157,5.5021,5.2913,5.2913,42805,0
20100120,5.4259,5.4259,5.3023,5.3188,26918,0
20100121,5.3107,5.3188,5.2365,5.2694,21274,0
20100122,5.1871,5.2283,5.0636,5.1541,26031,0
20100125,5.1377,5.1377,5.0224,5.113,23898,0
20100126,5.146,5.2199,5.113,5.1212,21001,0
20100127,5.1212,5.2529,5.1212,5.2447,44458,0
20100128,5.2199,5.2859,5.1541,5.2365,15848,0
20100129,5.1741,5.2592,5.1231,5.2592,21674,0
20100201,5.1624,5.2612,5.1624,5.2283,15638,0
20100202,5.1871,5.2694,5.1871,5.2365,10368,0
20100203,5.2777,5.3435,5.2447,5.3435,10514,0
20100204,5.3435,5.3435,5.2365,5.3352,20041,0
20100205,5.2199,5.2199,4.9319,4.9813,41681,0
20100208,4.9402,5.0224,4.8907,4.9235,44778,0
20100209,4.9402,5.0554,4.9072,4.9813,15029,0
20100210,4.9813,5.0882,4.9402,4.9813,14258,0
20100211,4.9813,5.0554,4.5284,5.006,41266,0
20100212,5.0224,5.0224,4.8989,5.0224,27224,0
20100215,5.0636,5.0636,5.0142,5.0224,6219,0
20100216,5.0224,5.0389,4.9813,5.0389,14857,0
20100217,5.0719,5.2036,5.0719,5.1871,12380,0
20100218,5.2283,5.2283,5.146,5.1871,6853,0
20100219,5.1954,5.4012,5.146,5.4012,31835,0
20100222,5.4753,5.64,5.4753,5.5576,25281,0
20100223,5.5329,5.5329,5.1707,5.2612,87330,0
20100224,5.2283,5.2283,5.0307,5.146,18583,0
20100225,5.1541,5.1541,4.9648,5.0224,170894,0
20100226,4.9402,5.0636,4.9072,5.0142,23797,0
20100301,5.0389,5.1294,5.0389,5.113,39878,0
20100302,5.1788,5.1788,5.1212,5.1788,15501,0
20100303,5.1871,5.2283,5.1048,5.1871,21030,0
20100304,5.146,5.1871,5.0966,5.1707,41374,0
20100305,5.1871,5.2694,5.1871,5.2694,20810,0
20100308,5.2612,5.3107,5.1624,5.3107,39841,0
20100309,5.2036,5.3023,5.1212,5.2859,11266,0
20100310,5.2694,5.2694,5.1871,5.2694,12696,0
20100311,5.2529,5.393,5.2283,5.3846,33142,0
20100312,5.393,5.467,5.3518,5.467,38433,0
20100315,5.467,5.5082,5.3518,5.4918,46343,0
20100316,5.5082,5.8952,5.4753,5.8952,277963,0
20100317,5.9281,6.3068,5.9116,6.2986,163433,0
20100318,6.2986,6.3645,6.0928,6.0928,32513,0
20100319,6.175,6.2575,6.0352,6.0352,33576,0
20100322,6.0516,6.0516,5.7881,5.9857,102049,0
20100323,6.0103,6.0187,5.9035,6.0103,55039,0
20100324,6.0599,6.0599,5.9775,5.9775,28287,0
20100325,6.0103,6.0103,5.887,5.9116,64576,0
20100326,5.8457,5.9445,5.7388,5.9445,27510,0
20100329,5.961,6.2986,5.9445,6.2986,148023,0
20100330,6.3068,6.4962,6.2986,6.4633,48535,0
20100331,6.4506,6.5272,6.306,6.306,35325,0
20100401,6.3397,6.5128,6.2986,6.4056,13964,0
20100406,6.4386,6.6691,6.4221,6.6691,65423,0
20100407,6.702,6.7185,6.3563,6.4386,32074,0
20100408,6.4221,6.4221,6.2162,6.3397,42560,0
20100409,6.3397,6.5292,6.2986,6.4056,25142,0
20100412,6.2657,6.2739,6.175,6.2246,28643,0
20100413,6.175,6.2822,6.1092,6.1092,60302,0
20100414,6.1834,6.2904,6.175,6.2575,26496,0
20100415,6.2575,6.4139,6.2162,6.3397,20181,0
20100416,6.3068,6.3397,6.1916,6.2409,8554,0
20100419,6.0599,6.0599,5.9198,5.9445,65418,0
20100420,5.887,6.0103,5.887,6.0103,30871,0
20100421,6.0103,6.0103,5.9281,6.0103,30576,0
20100422,6.0103,6.0103,5.5988,5.7964,30371,0
20100423,5.8039,6.0591,5.8039,6.0591,16454,0
20100426,6.1339,6.175,6.0187,6.175,9172,0
20100427,6.175,6.175,6.0599,6.1422,4287,0
20100428,6.0599,6.0762,5.8952,5.9364,56413,0
20100429,6.0681,6.0845,5.9281,6.0845,7531,0
20100430,6.1175,6.1175,5.994,6.0103,4295,0
20100504,6.0928,6.1339,5.9116,5.9198,20267,0
20100505,5.8047,5.9198,5.7635,5.854,70424,0
20100506,5.7635,5.8457,5.7635,5.8457,23474,0
20100507,5.6812,5.7223,5.4341,5.64,65027,0
20100510,5.6071,5.9198,5.6071,5.9198,17202,0
20100511,5.9035,5.9035,5.6729,5.887,16007,0
20100512,5.7881,5.8457,5.7223,5.8457,23512,0
20100513,5.8786,5.9198,5.8786,5.9198,8853,0
20100514,5.9281,5.9857,5.8705,5.9693,10669,0
20100517,5.8457,5.9035,5.821,5.854,7489,0
20100518,5.887,5.887,5.8457,5.887,16793,0
20100519,5.9198,5.9198,5.7635,5.8786,54002,0
20100520,5.8293,5.8786,5.7635,5.8457,61583,0
20100521,5.6152,5.8457,5.6152,5.8047,58669,0
20100524,5.8047,5.9364,5.8047,5.9281,66357,0
20100525,5.8047,5.9281,5.8047,5.887,12508,0
20100526,5.8952,6.0762,5.8952,6.0762,16903,0
20100527,6.0845,6.101,6.0516,6.101,10064,0
20100528,6.1339,6.3645,6.0928,6.3645,55239,0
20100531,6.374,6.4932,6.374,6.4251,17969,0
20100601,6.3645,6.4139,6.2575,6.3151,67526,0
20100602,6.3151,6.5539,6.2986,6.5539,14846,0
20100604,6.5456,6.6691,6.3068,6.3068,14753,0
20100607,6.4715,6.4715,5.8457,6.1504,83092,0
20100608,6.4221,6.4221,5.961,6.3645,28678,0
20100609,6.2162,6.2822,6.175,6.2328,11200,0
20100610,6.1092,6.4221,6.1092,6.3727,10760,0
20100611,6.3809,6.5044,6.3809,6.5044,12749,0
20100614,6.5044,6.5867,6.4304,6.5867,31287,0
20100615,6.5456,6.5456,6.3809,6.5292,32766,0
20100616,6.4633,6.4962,6.2986,6.3315,8319,0
20100617,6.3315,6.4221,6.1916,6.4221,178018,0
20100618,6.4715,6.5374,6.2575,6.5374,29188,0
20100621,6.5374,6.7102,6.4633,6.7102,57471,0
20100622,6.7514,6.8667,6.7514,6.8338,28624,0
20100623,6.8503,7.196,6.8338,7.0396,229930,0
20100624,7.0808,7.1631,6.9573,7.0396,19844,0
20100625,7.0396,7.196,7.0232,7.1879,51262,0
20100628,7.1879,7.2619,7.0396,7.155,32916,0
20100629,7.0396,7.0396,6.7926,6.8338,96415,0
20100630,6.825,6.9016,6.7655,6.8336,6339,0
20100701,6.8338,6.9326,6.8008,6.9326,20513,0
20100702,6.8173,7.0232,6.8173,6.9985,33737,0
20100705,6.9985,7.0562,6.9985,6.9985,50481,0
20100706,7.0313,7.0562,6.9738,6.9985,68777,0
20100707,6.9985,6.9985,6.9738,6.9985,42154,0
20100708,6.9985,7.0562,6.9161,6.9985,88407,0
20100709,7.0313,7.0313,6.9161,7.0313,36898,0
20100712,6.9985,7.0808,6.982,7.0808,17462,0
20100713,7.1138,7.1301,6.9985,7.1301,16871,0
20100714,7.155,7.3277,7.155,7.3277,42533,0
20100715,7.3444,7.7147,7.3444,7.6077,76630,0
20100716,7.4761,7.5996,7.4183,7.5996,12350,0
20100719,7.5996,7.6735,7.5912,7.6324,23975,0
20100720,7.6901,7.7806,7.5748,7.7065,27654,0
20100721,7.8054,7.8135,7.6571,7.6983,39471,0
20100722,7.7395,7.8218,7.6159,7.7395,39597,0
20100723,7.8382,7.8382,7.7395,7.7888,70798,0
20100726,7.8465,8.0029,7.7806,8.0029,18231,0
20100727,8.0606,8.1923,8.0029,8.0688,52849,0
20100728,8.0688,8.1511,8.0606,8.1429,24569,0
20100729,8.1347,8.1511,7.8629,8.1511,45948,0
20100730,8.1527,8.1527,8.059,8.1186,38259,0
20100802,8.1511,8.1923,7.9041,8.1429,27275,0
20100803,8.1018,8.1429,7.8629,7.9865,23796,0
20100804,8.1593,8.1593,8.0688,8.1511,15978,0
20100805,8.1923,8.1923,7.9865,8.11,9362,0
20100806,7.9865,8.11,7.9865,8.1018,5114,0
20100809,8.1018,8.1018,7.9865,8.0688,9722,0
20100810,8.0688,8.11,7.4924,7.8959,58321,0
20100811,7.6654,7.7971,7.583,7.6077,25553,0
20100812,7.5007,7.7888,7.5007,7.6983,24021,0
20100813,7.7806,7.9041,7.7806,7.8712,13595,0
20100816,7.8301,7.8959,7.6735,7.6735,6500,0
20100817,7.7147,7.7724,7.7065,7.7065,5207,0
20100818,7.7065,8.1264,7.7065,8.1264,25659,0
20100819,8.1429,8.2499,8.0853,8.1923,43645,0
20100820,8.2335,8.357,8.1923,8.2993,45719,0
20100823,8.2253,8.3816,8.2006,8.2335,24268,0
20100824,8.2335,8.2335,8.0276,8.0688,15342,0
20100825,7.9206,8.0276,7.7395,7.9123,14558,0
20100826,7.9206,8.2006,7.9123,8.0688,3978,0
20100827,8.0688,8.1182,7.9123,8.1182,5353,0
20100830,8.2006,8.357,8.1182,8.1511,8124,0
20100831,8.1101,8.1101,7.9825,8.025,27746,0
20100901,7.9947,8.0524,7.8794,7.8794,12758,0
20100902,7.9825,8.1527,7.9144,8.1527,39093,0
20100903,8.2335,8.2335,8.0606,8.1511,23963,0
20100906,8.2377,8.3399,7.974,8.0676,35004,0
20100907,8.0688,8.1511,7.8218,7.8382,37144,0
20100908,7.8719,7.8719,7.7783,7.8207,29960,0
20100909,7.9825,7.9825,7.7016,7.7357,21798,0
20100910,7.8629,7.8629,7.6983,7.723,17043,0
20100913,7.6983,8.0194,6.9326,7.4431,84565,0
20100914,7.4102,7.4102,7.2455,7.3855,20255,0
20100915,7.4102,7.6077,7.3444,7.4019,35125,0
20100916,7.574,7.574,7.3783,7.3868,13583,0
20100917,7.5583,7.6159,7.4019,7.6159,11487,0
20100920,7.6901,8.2335,7.6818,8.1347,67116,0
20100921,8.1347,8.1511,8.0276,8.0853,28406,0
20100922,8.0853,8.0853,7.8218,7.9288,55142,0
20100923,7.8629,8.0853,7.8548,7.9206,33670,0
20100924,7.7783,7.9825,7.6421,7.8207,6557,0
20100927,7.9865,7.9865,7.6571,7.7724,6134,0
20100928,7.6983,7.7642,7.3525,7.6983,9350,0
20100929,7.608,7.7357,7.4889,7.6591,21519,0
20100930,7.4379,7.6421,7.4379,7.6421,6810,0
20101001,7.6591,7.6591,7.4889,7.523,1567,0
20101004,7.5336,7.6654,7.5007,7.6654,5133,0
20101005,7.5484,7.5484,7.4974,7.54,9795,0
20101006,7.5748,7.6571,7.5748,7.6159,30791,0
20101007,7.6166,7.6166,7.591,7.6166,1303,0
20101008,7.5314,7.574,7.5314,7.5655,3900,0
20101011,7.5826,7.6591,7.5826,7.5826,9894,0
20101012,7.5826,7.6166,7.5655,7.5826,33103,0
20101013,7.5996,7.6166,7.574,7.5996,20988,0
20101014,7.8123,7.8123,7.625,7.6506,51513,0
20101015,7.6506,7.6506,7.5826,7.6336,8125,0
20101018,7.574,7.574,7.3613,7.4463,17373,0
20101019,7.3357,7.4038,7.0719,7.1485,30458,0
20101020,7.14,7.14,6.8506,6.9527,18848,0
20101021,6.9442,7.4038,6.9357,7.2336,16493,0
20101022,7.1485,7.3953,7.106,7.157,15009,0
20101025,7.2336,7.2761,7.191,7.2761,13205,0
20101026,7.3187,7.3953,7.123,7.3017,12030,0
20101027,7.2336,7.2761,7.123,7.2251,2099,0
20101028,7.2251,7.2336,7.2166,7.2336,3685,0
20101029,7.2336,7.2336,7.106,7.174,2184,0
20101102,7.2251,7.4804,7.1485,7.2166,37153,0
20101103,7.2166,7.4463,7.174,7.4463,29216,0
20101104,7.4889,7.7357,7.4719,7.7187,14751,0
20101105,7.8293,7.8633,7.4293,7.7272,25073,0
20101108,7.7016,7.7783,7.6166,7.7016,24343,0
20101109,7.6676,7.6931,7.5059,7.574,23339,0
20101110,7.7016,7.9144,7.7016,7.8719,32790,0
20101112,7.8974,7.9484,7.8719,7.8719,31125,0
20101115,7.9059,7.9059,7.7442,7.8463,23763,0
20101116,7.6591,7.7272,7.4208,7.7272,46194,0
20101117,7.7016,7.7016,7.4038,7.4293,41074,0
20101118,7.4293,7.625,7.4293,7.625,5257,0
20101119,7.6166,7.6591,7.4038,7.6506,13161,0
20101122,7.6506,7.6506,7.4889,7.5996,3437,0
20101123,7.4889,7.4889,7.0974,7.0974,68156,0
20101124,7.0803,7.0803,6.8336,7.0548,28082,0
20101125,7.1826,7.3102,7.0889,7.1996,23955,0
20101126,7.2166,7.2336,7.1996,7.2251,37186,0
20101129,7.2251,7.3102,7.0633,7.123,27312,0
20101130,7.123,7.2336,6.9867,6.9867,26073,0
20101201,7.0293,7.191,7.0293,7.191,3068,0
20101202,7.2336,7.3017,7.0633,7.2761,23868,0
20101203,7.2761,7.3273,7.2421,7.3273,8045,0
20101206,7.3357,7.3357,7.2336,7.3273,5305,0
20101207,7.3273,7.4463,7.3273,7.4038,4541,0
20101208,7.4038,7.4038,7.2931,7.3187,10611,0
20101209,7.2336,7.3187,7.1315,7.3017,1880,0
20101210,7.3187,7.3187,7.1485,7.2336,2144,0
20101213,7.1485,7.3187,7.0633,7.3187,26406,0
20101214,7.3953,7.4038,7.3187,7.3273,5667,0
20101215,7.4208,7.4208,7.3613,7.3613,6104,0
20101216,7.4038,7.4804,7.3443,7.4549,12913,0
20101217,7.3443,7.6591,7.3443,7.6591,52968,0
20101220,7.6591,7.6931,7.523,7.6591,10096,0
20101221,7.6591,7.6591,7.3613,7.574,201659,0
20101222,7.574,7.6591,7.4974,7.6506,9809,0
20101223,7.6591,7.6846,7.4974,7.6166,4646,0
20101227,7.574,7.574,7.3953,7.3953,13644,0
20101228,7.3953,7.4804,7.3613,7.4463,4699,0
20101229,7.3783,7.5059,7.3783,7.5059,5531,0
20101230,7.5484,7.5484,7.4123,7.4889,11444,0
20101231,7.4506,7.5411,7.4506,7.5411,505,0
20110103,7.6506,7.6506,7.4038,7.5314,31656,0
20110104,7.4549,7.5314,7.4463,7.5314,137194,0
20110105,7.4463,7.4549,7.4038,7.4038,75235,0
20110107,7.3613,7.4379,7.3613,7.4038,11194,0
20110110,7.4463,7.4463,7.1996,7.2761,194121,0
20110111,7.2761,7.4463,7.2761,7.2761,7136,0
20110112,7.2677,7.2677,7.1485,7.2591,13638,0
20110113,7.3187,7.5655,7.3187,7.4889,30702,0
20110114,7.4889,7.4889,7.3357,7.3697,22869,0
20110117,7.4463,7.4463,7.3273,7.4038,22338,0
20110118,7.4549,7.4889,7.3697,7.4804,21787,0
20110119,7.4804,7.4889,7.3613,7.3613,84225,0
20110120,7.3187,7.3613,7.3017,7.3102,2199,0
20110121,7.3017,7.4038,7.3017,7.4038,1191,0
20110124,7.3613,7.3953,7.3187,7.3868,6686,0
20110125,7.3953,7.3953,7.2336,7.3527,4965,0
20110126,7.3783,7.3868,7.3017,7.3613,4428,0
20110127,7.3953,7.4463,7.2761,7.4038,30288,0
20110128,7.4379,7.4379,7.2677,7.3527,4352,0
20110131,7.2695,7.2695,7.1972,7.1972,31956,0
20110201,7.3187,7.3187,7.1655,7.2761,5405,0
20110202,7.2336,7.3187,7.1655,7.3102,67642,0
20110203,7.3613,8.1527,7.3527,8.1527,148797,0
20110204,8.3399,8.4675,7.7867,7.8719,68705,0
20110207,7.8123,7.8123,7.4379,7.4889,118765,0
20110208,7.523,7.5314,7.3273,7.5314,15613,0
20110209,7.5144,7.5144,7.3953,7.4804,5187,0
20110210,7.4974,7.4974,7.3017,7.4634,8977,0
20110211,7.4463,7.4463,7.3187,7.3783,4938,0
20110214,7.3613,7.4719,7.3187,7.4719,9845,0
20110215,7.4804,7.7697,7.4719,7.625,69393,0
20110216,7.6506,7.9144,7.6506,7.8889,18779,0
20110217,7.8974,8.1016,7.7697,7.8719,45978,0
20110218,7.7527,7.8803,7.7527,7.8803,11199,0
20110221,8.0846,8.0846,7.8293,7.8719,47250,0
20110222,7.7953,7.8974,7.7953,7.8293,43201,0
20110223,7.7612,7.8123,7.5314,7.6591,29349,0
20110224,7.574,7.8633,7.574,7.8037,9692,0
20110225,7.8123,7.8123,7.5826,7.7357,10433,0
20110228,7.6591,7.6591,7.5996,7.5996,10316,0
20110301,7.608,7.608,7.3187,7.3357,89425,0
20110302,7.191,7.3613,7.1485,7.3613,94530,0
20110303,7.4889,7.7272,7.4038,7.6931,162842,0
20110304,7.7016,8.0165,7.6931,7.7867,49422,0
20110307,7.8293,7.9144,7.8293,7.9059,39218,0
20110308,7.9059,7.9059,7.4549,7.7442,84028,0
20110309,7.8293,7.8549,7.6421,7.7357,73986,0
20110310,7.7187,7.7357,7.6421,7.6421,41207,0
20110311,7.6421,7.7016,7.6421,7.6506,8894,0
20110314,7.7357,7.7357,7.4974,7.6506,4119,0
20110315,7.5314,7.6506,7.5314,7.557,48214,0
20110316,7.5484,7.6591,7.5484,7.6506,2304,0
20110317,7.6591,7.7016,7.6166,7.6591,10565,0
20110318,7.6591,7.7357,7.6591,7.7016,6612,0
20110321,7.6931,7.7102,7.6591,7.6591,9051,0
20110322,7.6591,7.6591,7.625,7.6591,4161,0
20110323,7.6591,7.6846,7.625,7.6591,12459,0
20110324,7.6591,7.6846,7.5826,7.6846,38069,0
20110325,7.6846,7.6846,7.6591,7.6591,6245,0
20110328,7.6591,7.7187,7.5059,7.7187,17741,0
20110329,7.6931,7.7016,7.6166,7.7016,10198,0
20110330,7.6421,7.6931,7.591,7.6931,3994,0
20110331,7.6951,7.6951,7.5592,7.6951,3138,0
20110401,7.5655,7.7102,7.5655,7.6166,31297,0
20110404,7.5996,7.6591,7.5996,7.6591,6424,0
20110405,7.6166,7.6166,7.4889,7.5996,41320,0
20110406,7.6166,7.6336,7.4974,7.6336,47953,0
20110407,7.5996,7.5996,7.523,7.5314,9117,0
20110408,7.6166,7.6166,7.5144,7.5314,10438,0
20110411,7.6166,7.6166,7.4123,7.4123,15369,0
20110412,7.2761,7.3953,7.2591,7.3953,24804,0
20110413,7.4038,7.4293,7.3953,7.4038,6006,0
20110414,7.2847,7.4379,7.2761,7.4208,8394,0
20110415,7.4208,7.4208,7.1826,7.2336,10142,0
20110418,7.2251,7.2506,7.1144,7.2336,58661,0
20110419,7.2761,7.4038,7.14,7.4038,17031,0
20110420,7.4379,7.4379,7.2251,7.4038,12364,0
20110421,7.3953,7.4038,7.2506,7.3613,6009,0
20110426,7.2847,7.3102,7.0803,7.2931,21286,0
20110427,7.1655,7.2847,7.1655,7.191,33613,0
20110428,7.2336,7.2677,7.1826,7.2591,32395,0
20110429,7.3601,7.3601,7.2334,7.2786,3264,0
20110502,7.191,7.3017,6.8932,7.3017,11985,0
20110504,7.2761,7.2761,7.1655,7.2761,3779,0
20110505,7.2847,7.3102,7.2336,7.2506,5648,0
20110506,7.2506,7.3017,7.191,7.2931,7252,0
20110509,7.2591,7.2931,7.2251,7.2336,11399,0
20110510,7.2336,7.2506,7.2251,7.2251,9522,0
20110511,7.2166,7.2166,7.174,7.1826,7151,0
20110512,7.1826,7.1826,7.0208,7.106,11339,0
20110513,7.0293,7.2336,7.0293,7.2336,22505,0
20110516,7.0633,7.0633,6.6293,6.9867,62406,0
20110517,6.808,6.842,6.4676,6.7229,44577,0
20110518,6.7229,6.808,6.6379,6.7229,18424,0
20110519,6.6379,6.8761,6.6379,6.774,7172,0
20110520,6.7655,6.791,6.5697,6.7484,169313,0
20110523,6.6379,7.0463,6.5613,6.9782,34862,0
20110524,7.0463,7.0463,6.6379,6.8932,11333,0
20110525,6.8506,6.8932,6.757,6.8761,16033,0
20110526,6.8761,6.8761,6.774,6.8506,4265,0
20110527,6.825,6.9272,6.7229,6.9272,4744,0
20110530,6.9102,7.0037,6.74,6.859,27111,0
20110531,6.8169,6.8803,6.7445,6.8803,15945,0
20110601,6.9186,6.9527,6.774,6.9357,17020,0
20110602,6.9357,6.9357,6.808,6.8932,46428,0
20110603,6.825,6.9782,6.825,6.9442,8989,0
20110606,6.9953,7.0463,6.9357,7.0037,8181,0
20110607,7.0463,7.0463,6.8506,6.9697,2105,0
20110608,6.9697,6.9697,6.8336,6.9697,11863,0
20110609,6.9697,6.9697,6.8336,6.9357,3482,0
20110610,6.8166,6.9357,6.8166,6.825,92042,0
20110613,6.8166,6.8166,6.7484,6.757,33611,0
20110614,6.757,6.808,6.757,6.757,4596,0
20110615,6.757,6.791,6.757,6.791,985,0
20110616,6.7229,6.74,6.6463,6.74,23821,0
20110617,6.6379,6.757,6.6379,6.757,13317,0
20110620,6.7655,6.7825,6.5613,6.5613,33907,0
20110621,6.5527,6.5527,6.34,6.4676,77595,0
20110622,6.3826,6.5613,6.2634,6.5613,19825,0
20110624,6.5527,6.5527,6.2634,6.391,12382,0
20110627,6.4251,6.4251,6.2549,6.3826,172809,0
20110628,6.2974,6.391,6.2974,6.391,41968,0
20110629,6.3826,6.808,6.3826,6.7144,33153,0
20110630,6.6993,6.8531,6.6268,6.8531,10504,0
20110701,6.5017,6.8846,6.5017,6.808,1919,0
20110704,6.8506,6.8506,6.6463,6.7655,3029,0
20110705,6.6463,6.7655,6.6379,6.6379,100191,0
20110706,6.5102,6.7229,6.5102,6.7144,12155,0
20110707,6.6379,6.7144,6.408,6.7144,3545,0
20110708,6.5697,6.808,6.5697,6.808,8202,0
20110711,6.6633,6.808,6.5953,6.6889,10770,0
20110712,6.5527,6.7229,6.408,6.6379,12294,0
20110713,6.408,6.6209,6.408,6.6209,3418,0
20110714,6.6379,6.7059,6.3996,6.7059,9926,0
20110715,6.4932,6.6379,6.4932,6.6379,514,0
20110718,6.3996,6.5953,6.306,6.5102,123690,0
20110719,6.306,6.5527,6.306,6.5527,7686,0
20110720,6.306,6.5527,6.306,6.3826,8176,0
20110721,6.306,6.4251,6.306,6.4251,33599,0
20110722,6.4676,6.4676,6.2974,6.4251,2540,0
20110725,6.289,6.4591,6.289,6.374,1284,0
20110726,6.2974,6.3826,6.2974,6.3826,4333,0
20110727,6.2974,6.3826,6.2974,6.3826,3024,0
20110728,6.2974,6.357,6.2974,6.357,8791,0
20110729,6.3824,6.4186,6.3099,6.4186,23176,0
20110801,6.4506,6.4506,6.2634,6.391,1901,0
20110802,6.2379,6.2549,6.1103,6.1103,13344,0
20110803,6.1103,6.1103,5.489,5.506,75284,0
20110804,5.506,5.5315,5.1487,5.3614,22680,0
20110805,4.8252,5.3614,4.8252,5.3614,61356,0
20110808,4.9444,5.2167,4.9358,5.1061,41404,0
20110809,4.8593,5.021,4.1699,4.9358,106479,0
20110810,4.9358,5.3358,4.9358,5.0635,175147,0
20110811,5.1061,5.1061,4.8508,5.038,47100,0
20110812,5.021,5.5315,5.021,5.5315,34333,0
20110816,5.7868,5.872,5.5231,5.6167,22734,0
20110817,5.7698,5.7698,5.5315,5.6763,2169,0
20110818,5.5401,5.5401,4.7061,5.1911,9105,0
20110819,5.0975,5.3103,4.6891,4.9358,25910,0
20110822,5.021,5.1827,5.021,5.1827,3331,0
20110823,5.1487,5.5315,5.021,5.021,7292,0
20110824,5.0295,5.3444,5.0295,5.3444,3064,0
20110825,5.4039,5.4039,5.3444,5.3444,12020,0
20110826,5.5997,5.5997,5.3444,5.5997,6794,0
20110829,5.5997,5.6167,5.1571,5.5997,12700,0
20110830,5.5315,5.6677,5.4124,5.489,91328,0
20110831,5.6672,5.6672,5.4499,5.6128,5041,0
20110901,5.421,5.5315,5.3954,5.5315,4334,0
20110902,5.5223,5.6672,5.3774,5.6491,1131,0
20110905,5.2507,5.5741,5.1911,5.2678,10718,0
20110906,5.0891,5.6507,5.0891,5.3273,9152,0
20110907,5.6038,5.6128,5.3503,5.6128,21455,0
20110908,5.6167,5.6167,5.455,5.6167,2390,0
20110909,5.1571,5.6167,5.1571,5.5145,26257,0
20110912,5.1231,5.438,5.1231,5.3614,994,0
20110913,5.489,5.5401,5.3444,5.5401,20286,0
20110914,5.6081,5.6081,5.3103,5.5231,2889,0
20110915,5.2337,5.5315,5.2337,5.5315,4857,0
20110916,5.5315,5.855,5.5315,5.855,16853,0
20110919,5.7017,6.0762,5.7017,5.7868,16190,0
20110920,5.9315,6.1698,5.872,6.1698,8359,0
20110921,6.3826,6.3826,6.2123,6.34,8639,0
20110922,6.2123,6.2974,5.957,6.2123,16473,0
20110923,6.2123,6.2123,5.7188,6.2123,104052,0
20110926,6.1273,6.1273,5.8209,5.8209,16447,0
20110927,5.8634,5.957,5.7868,5.8294,11747,0
20110928,5.872,5.872,5.7017,5.7784,6698,0
20110929,5.855,5.855,5.7017,5.7017,12818,0
20110930,5.8301,5.8663,5.6491,5.8573,6838,0
20111003,5.7017,5.7868,5.438,5.7784,5161,0
20111004,5.4771,5.7215,5.4771,5.7033,14080,0
20111005,5.821,5.821,5.821,5.821,58,0
20111006,5.7033,5.7396,5.6128,5.6128,4463,0
20111007,5.6038,5.7396,5.5314,5.5766,23850,0
20111010,5.8039,5.8039,5.6592,5.7017,9838,0
20111011,5.8379,5.8974,5.8294,5.8634,10463,0
20111012,5.7868,5.957,5.7868,5.957,19540,0
20111013,6.0421,6.0677,6.0081,6.0081,6773,0
20111014,6.0022,6.0202,6.0022,6.0202,797,0
20111017,6.0384,6.0384,5.9659,5.9659,4207,0
20111018,5.9297,6.0293,5.7125,6.0293,3919,0
20111019,6.0293,6.0384,5.8754,5.8754,10400,0
20111020,5.8754,6.0293,5.6763,5.6763,55587,0
20111021,5.9659,6.0655,5.803,6.0112,7006,0
20111024,6.0565,6.2013,6.0112,6.2013,32907,0
20111025,6.2919,6.2919,6.2104,6.2104,6046,0
20111026,6.2466,6.2466,6.1198,6.1198,374,0
20111027,6.1289,6.1289,6.0384,6.1107,8080,0
20111031,5.6763,5.975,5.6763,5.975,4592,0
20111102,5.5766,5.8845,5.5766,5.8845,7381,0
20111103,5.8392,5.9478,5.6581,5.8845,2769,0
20111104,5.794,5.8392,5.794,5.8392,494,0
20111107,5.794,5.803,5.6038,5.7848,5016,0
20111108,5.6128,5.7486,5.5314,5.7033,5689,0
20111109,5.7033,5.7033,5.5223,5.6853,3986,0
20111110,5.5676,5.64,5.468,5.468,40493,0
20111114,5.5766,5.5766,5.4499,5.5223,4207,0
20111115,5.5676,5.5676,5.5404,5.5585,2416,0
20111116,5.4318,5.5585,5.3956,5.5223,1574,0
20111117,5.3684,5.6038,5.3684,5.4318,1816,0
20111118,5.5223,5.5223,5.3594,5.4318,898,0
20111121,5.4771,5.4771,5.2507,5.3051,2891,0
20111122,5.4771,5.4771,5.3051,5.4137,831,0
20111123,5.4137,5.4137,5.0244,5.0244,9643,0
20111124,5.0244,5.2507,5.0244,5.1602,32862,0
20111128,5.1692,5.3956,5.1692,5.3956,8810,0
20111129,5.3413,5.3413,5.3413,5.3413,221,0
20111130,5.1602,5.3774,5.1602,5.3774,862,0
20111201,5.3866,5.3866,5.1331,5.2236,5217,0
20111202,5.3141,5.3141,5.0516,5.2507,6033,0
20111205,5.2507,5.3503,5.2507,5.3413,1385,0
20111209,5.1692,5.3684,5.1692,5.3684,267,0
20111212,5.1692,5.3141,5.1692,5.296,866,0
20111213,5.1692,5.2507,5.1059,5.2507,519,0
20111214,5.0697,5.2598,5.0335,5.2598,4111,0
20111215,5.1692,5.1692,5.1602,5.1602,2472,0
20111216,5.1964,5.2054,5.0969,5.2054,1540,0
20111219,5.0335,5.1331,4.9792,5.1331,3647,0
20111220,5.0335,5.0335,4.6623,4.8162,7974,0
20111221,4.8162,4.9339,4.8162,4.9339,11599,0
20111222,4.961,4.9792,4.6713,4.7166,15849,0
20111223,4.7075,4.7075,4.5355,4.5718,33486,0
20111227,4.5536,4.617,4.5265,4.5355,53217,0
20111228,4.5446,4.7075,4.5265,4.6623,14443,0
20111229,4.6804,4.7075,4.6804,4.7075,2191,0
20111230,4.6216,4.7081,4.6216,4.7081,647,0
20120102,4.6623,4.9067,4.6442,4.9067,14618,0
20120103,4.9701,4.9792,4.8887,4.952,1050,0
20120104,4.961,4.9792,4.8434,4.8434,663,0
20120105,4.8252,4.8434,4.6442,4.7166,7690,0
20120109,4.6713,4.789,4.6713,4.78,579,0
20120110,4.7709,4.8343,4.7166,4.8343,3116,0
20120111,4.8343,4.8887,4.8252,4.8705,38656,0
20120112,4.8887,5.0606,4.8162,4.9792,4661,0
20120113,5.0697,5.2869,4.798,4.9701,9699,0
20120116,4.9792,4.9792,4.7438,4.961,449,0
20120117,4.8252,5.0154,4.7075,4.9972,6800,0
20120118,4.8887,5.0154,4.789,4.8977,2529,0
20120119,4.8977,4.9882,4.8615,4.9792,6301,0
20120120,4.9792,5.1421,4.9792,5.1421,4128,0
20120123,5.1149,5.1149,5.1059,5.1149,727,0
20120124,5.1964,5.3866,5.1964,5.3594,9120,0
20120125,5.2869,5.4951,5.2869,5.468,9063,0
20120126,5.5133,5.631,5.5133,5.5948,17808,0
20120127,5.8663,5.8663,5.7033,5.7033,8296,0
20120130,5.7215,5.7215,5.4771,5.631,2310,0
20120131,5.717,5.717,5.6593,5.6593,3550,0
20120201,5.6672,5.6672,5.4861,5.64,962,0
20120202,5.6581,5.6581,5.6038,5.64,3940,0
20120203,5.64,5.64,5.4499,5.5948,4696,0
20120206,5.6128,5.6581,5.5223,5.6581,3785,0
20120207,5.6853,5.6853,5.5404,5.6581,1853,0
20120208,5.6581,5.7848,5.6581,5.6581,7398,0
20120209,5.6581,5.6581,5.5314,5.5314,67933,0
20120210,5.5404,5.5676,5.5314,5.5676,2682,0
20120213,5.6581,5.6581,5.5676,5.6581,1807,0
20120214,5.5314,5.8663,5.5314,5.7486,10399,0
20120215,5.7396,6.2827,5.7396,6.1832,20776,0
20120216,5.9025,6.156,5.9025,6.156,3234,0
20120217,6.2013,6.2013,6.0293,6.147,4861,0
20120220,6.0022,6.0836,5.8845,5.9297,9308,0
20120221,5.9116,5.9116,5.7486,5.794,8906,0
20120222,5.794,5.794,5.6581,5.7668,2257,0
20120223,5.7848,5.794,5.7848,5.794,921,0
20120224,5.794,5.794,5.7848,5.794,4436,0
20120227,5.6672,5.794,5.5585,5.7033,8773,0
20120228,5.7033,5.794,5.7033,5.794,2832,0
20120229,5.6128,5.794,5.6128,5.794,9851,0
20120301,5.7033,5.7033,5.5314,5.5314,4926,0
20120302,5.5676,5.6128,5.4499,5.6038,13682,0
20120305,5.5223,5.5857,5.5223,5.5766,506,0
20120306,5.5314,5.5314,5.4318,5.4318,3483,0
20120307,5.5585,5.6038,5.4408,5.6038,2678,0
20120308,5.6038,5.9659,5.6038,5.9659,10426,0
20120309,5.794,6.156,5.7396,6.1107,18599,0
20120312,6.1107,6.2375,5.8935,5.984,14009,0
20120313,5.984,6.0655,5.975,6.0655,12824,0
20120314,6.2284,6.3914,6.0655,6.2647,10145,0
20120315,6.3371,6.3914,6.2647,6.2919,3548,0
20120316,6.2919,6.2919,6.2919,6.2919,732,0
20120319,6.2919,6.2919,6.2556,6.2919,1212,0
20120320,6.2556,6.2556,5.9388,5.9388,2901,0
20120321,5.8663,6.0927,5.6581,5.8392,4152,0
20120322,5.7668,5.9207,5.7486,5.9207,530,0
20120323,6.0022,6.0112,5.7486,6.0112,2786,0
20120326,6.0112,6.0112,6.0112,6.0112,51,0
20120327,6.0112,6.2466,6.0112,6.2466,7798,0
20120328,6.2466,6.2919,6.2466,6.2737,9805,0
20120329,6.2013,6.4729,5.9297,6.4457,14402,0
20120330,6.4857,6.5049,6.3415,6.3415,3579,0
20120402,6.3371,6.3371,6.0655,6.1922,577979,0
20120403,6.1289,6.4819,6.0202,6.4276,588263,0
20120404,6.4276,6.4276,6.0202,6.3371,5193,0
20120405,6.3371,6.3371,6.0927,6.0927,1056,0
20120410,5.993,6.156,5.9388,5.9388,3119,0
20120411,5.9388,6.2466,5.9388,6.2466,2546,0
20120412,6.2827,6.3371,6.0474,6.319,125530,0
20120413,6.2466,6.2466,6.0836,6.2466,111730,0
20120416,6.0655,6.3099,6.0655,6.2375,3572,0
20120417,6.2375,6.2466,6.2375,6.2375,2571,0
20120418,6.2375,6.3281,6.1198,6.3281,8172,0
20120419,6.3371,6.4096,6.156,6.3371,23180,0
20120420,6.3824,6.3824,6.156,6.2919,17796,0
20120423,6.0293,6.2284,6.0293,6.1922,12771,0
20120424,5.993,6.2284,5.993,6.1922,6052,0
20120425,6.2375,6.2375,6.0745,6.2375,1599,0
20120426,6.156,6.2827,6.1198,6.2827,1041,0
20120427,6.1289,6.2556,6.1289,6.2556,238,0
20120430,6.3415,6.3415,6.1302,6.3319,3350,0
20120502,5.984,6.1651,5.984,6.156,1322,0
20120504,5.993,6.3552,5.993,6.3552,206,0
20120507,6.2827,6.3281,6.1651,6.3281,2632,0
20120508,6.2375,6.3552,6.1742,6.2919,12017,0
20120509,6.319,6.319,6.0655,6.156,37175,0
20120510,6.1107,6.3371,6.1017,6.3281,18849,0
20120511,6.156,6.2466,6.156,6.2466,50195,0
20120514,6.0384,6.2737,6.0384,6.147,3007,0
20120515,6.147,6.147,5.984,5.993,2556,0
20120516,5.5223,5.8845,5.1149,5.8754,8587,0
20120517,5.7033,5.8754,5.3051,5.3051,6760,0
20120518,5.1602,5.5223,5.1602,5.4951,11696,0
20120521,5.5676,5.6763,5.4046,5.6219,5252,0
20120522,5.7215,5.7215,5.296,5.4771,3349,0
20120523,5.2507,5.2507,4.9882,5.2507,12250,0
20120524,5.0877,5.2507,5.0697,5.2507,9379,0
20120528,5.2417,5.2417,5.1602,5.1602,57,0
20120529,5.1059,5.2236,5.1059,5.2236,7665,0
20120530,5.124,5.1602,5.124,5.1602,4513,0
20120531,5.2236,5.3413,5.2236,5.3413,221,0
20120601,5.2507,5.3594,5.2236,5.3594,1527,0
20120604,5.3503,5.3503,5.1602,5.1602,1262,0
20120605,5.1602,5.1692,5.1602,5.1692,190,0
20120606,5.2054,5.296,5.2054,5.296,721,0
20120608,5.296,5.3594,5.2054,5.3594,1974,0
20120611,5.3774,5.5043,5.3684,5.5043,1883,0
20120612,5.4861,5.4861,5.4861,5.4861,168,0
20120613,5.5043,5.5043,5.4861,5.4861,230,0
20120614,5.3413,5.3413,5.3413,5.3413,54680,0
20120615,5.4771,5.4771,5.2054,5.4228,1041,0
20120618,5.2146,5.3594,5.2054,5.3594,2217,0
20120619,5.3594,5.3594,5.3594,5.3594,574,0
20120620,5.3051,5.3322,5.2054,5.3322,2109,0
20120621,5.1602,5.1602,5.1602,5.1602,218,0
20120622,5.296,5.296,5.296,5.296,1,0
20120625,5.0969,5.5043,5.0969,5.5043,7411,0
20120626,5.4771,5.4771,5.3503,5.4228,1769,0
20120627,5.4228,5.4228,5.1602,5.4137,341,0
20120628,5.3051,5.4318,5.3051,5.4318,4742,0
20120629,5.3615,5.3615,5.3519,5.3519,553,0
20120702,5.4318,5.4318,5.4318,5.4318,5606,0
20120703,5.2054,5.5043,5.2054,5.5043,4085,0
20120704,5.3141,5.4228,5.3051,5.4228,636,0
20120705,5.3866,5.4771,5.3866,5.4771,1302,0
20120706,5.3503,5.5585,5.3503,5.4318,12592,0
20120709,5.4318,5.4318,5.4318,5.4318,4540,0
20120710,5.4318,5.4499,5.4318,5.4408,358,0
20120711,5.4318,5.4771,5.3956,5.4318,85785,0
20120712,5.4408,5.4771,5.4408,5.4408,663,0
20120713,5.3866,5.468,5.296,5.468,1280,0
20120717,5.468,5.468,5.2689,5.2689,454,0
20120718,5.2598,5.2689,5.1692,5.2689,2178,0
20120719,5.3413,5.3413,5.3413,5.3413,55,0
20120720,5.2146,5.2146,5.2146,5.2146,221,0
20120723,5.2146,5.3322,4.7709,4.8795,5232,0
20120724,4.7347,5.0697,4.7347,4.8977,1655,0
20120725,5.0244,5.3322,4.9972,5.3322,3899,0
20120726,5.3231,5.3231,5.0063,5.0787,2937,0
20120727,5.0335,5.2507,4.9339,5.1692,14744,0
20120730,5.2779,5.2779,5.1512,5.2417,860,0
20120731,4.9964,5.2462,4.9868,5.2462,16196,0
20120801,5.0697,5.3413,4.9882,5.2236,4460,0
20120802,5.1149,5.2236,5.0697,5.2146,968,0
20120803,5.0335,5.0787,5.0063,5.0787,2777,0
20120806,5.0787,5.0787,5.0787,5.0787,410,0
20120807,5.0154,5.124,5.0063,5.124,1303,0
20120808,5.124,5.1964,4.9701,4.9792,3809,0
20120809,5.1149,5.1149,4.9792,4.9792,620,0
20120810,5.0244,5.1602,4.9972,5.1421,7853,0
20120813,5.1331,5.2054,5.1331,5.2054,1314,0
20120814,5.1874,5.2869,5.1149,5.1602,123656,0
20120816,5.124,5.3322,5.124,5.3322,221,0
20120817,5.3322,5.4318,5.3322,5.4318,199330,0
20120820,5.3503,5.3503,5.3503,5.3503,221,0
20120821,5.3866,5.4228,5.3866,5.4228,718,0
20120823,5.4046,5.4318,5.3866,5.4318,925,0
20120824,5.4318,5.468,5.3866,5.4408,2022,0
20120828,5.4318,5.4499,5.4318,5.4499,44295,0
20120829,5.4318,5.4408,5.4318,5.4318,2202,0
20120830,5.4318,5.4499,5.4318,5.4318,533,0
20120831,5.4287,5.5344,5.2942,5.5344,73286,0
20120903,5.5314,5.5404,5.4589,5.4589,83965,0
20120904,5.4576,5.4576,5.4287,5.4287,2397,0
20120905,5.4287,5.4287,5.4287,5.4287,660,0
20120907,5.4408,5.4589,5.4318,5.4589,2827,0
20120910,5.4771,5.7577,5.4408,5.6491,5750,0
20120911,5.64,5.794,5.5223,5.794,4912,0
20120912,5.794,5.794,5.794,5.794,329,0
20120913,5.5314,5.794,5.5314,5.794,332,0
20120914,5.794,5.9388,5.5766,5.8845,5335,0
20120917,5.8845,5.9388,5.6581,5.794,4724,0
20120918,5.8301,5.8301,5.6672,5.794,692,0
20120919,5.8301,5.8301,5.6672,5.6672,2342,0
20120920,5.6672,5.794,5.631,5.794,1445,0
20120921,5.7939,5.7939,5.6882,5.6978,6306,0
20120924,5.7758,5.7848,5.7758,5.7848,342,0
20120925,5.7668,5.9569,5.7668,5.794,1999,0
20120926,5.7939,5.7939,5.7939,5.7939,2065,0
20120927,5.7939,5.938,5.7939,5.938,1497,0
20120928,5.8611,6.2455,5.7939,6.0245,10296,0
20121001,6.0202,6.2013,6.0202,6.1922,1493,0
20121002,6.2455,6.2455,5.8131,5.8803,12861,0
20121003,5.8803,5.8803,5.7939,5.8227,47883,0
20121004,5.8803,6.1494,5.8803,6.1494,11176,0
20121005,6.1494,6.2455,6.0725,6.2455,18542,0
20121008,6.2455,6.2743,6.1109,6.1109,7670,0
20121009,6.2358,6.2743,6.1205,6.2647,9654,0
20121010,6.3415,6.5721,5.9764,6.5337,11793,0
20121011,6.5337,6.5721,6.5337,6.5337,4836,0
20121012,6.4857,6.4857,6.4376,6.4376,435,0
20121015,6.3127,6.428,6.2551,6.3896,2493,0
20121016,6.3896,6.428,6.3896,6.3896,3599,0
20121017,6.3992,6.3992,6.3992,6.3992,5918,0
20121018,6.3896,6.4857,6.2743,6.3992,3301,0
20121022,6.3415,6.3415,6.2647,6.2935,895,0
20121023,6.2935,6.2935,6.2455,6.2455,4329,0
20121024,6.2455,6.3031,6.2455,6.3031,1122,0
20121025,6.2455,6.2935,6.2455,6.2935,2476,0
20121026,6.2935,6.3319,6.2935,6.3319,4,0
20121029,6.159,6.3415,6.1013,6.3415,480,0
20121030,6.3319,6.3319,6.2839,6.2839,258,0
20121031,6.1013,6.3127,6.1013,6.3127,2634,0
20121102,6.2455,6.3127,6.2455,6.3127,635,0
20121105,6.1205,6.1494,6.1109,6.1494,1154,0
20121106,6.2166,6.2166,6.1494,6.2166,1393,0
20121107,6.207,6.207,6.1494,6.207,2892,0
20121108,6.1013,6.1494,6.1013,6.1494,2602,0
20121109,6.159,6.1878,6.1013,6.159,1431,0
20121112,6.1013,6.1494,6.1013,6.1013,28365,0
20121113,6.1013,6.1494,6.1013,6.1109,10364,0
20121114,6.1205,6.2358,6.1109,6.2358,3342,0
20121115,6.2455,6.6106,6.1205,6.6106,26153,0
20121116,6.6106,6.6778,6.4472,6.6298,3014,0
20121119,6.6298,6.8027,6.5817,6.8027,14490,0
20121120,6.7835,7.0814,6.7739,6.9373,17238,0
20121121,7.0718,7.3024,7.0141,7.3024,35795,0
20121122,7.2351,7.3504,7.1102,7.3024,8529,0
20121123,7.0622,7.2543,7.0237,7.0526,2177,0
20121126,6.7451,6.9084,6.7451,6.8027,2074,0
20121127,6.8123,6.8988,6.7739,6.7835,1052,0
20121128,6.8796,7.0045,6.822,7.0045,2164,0
20121129,6.918,7.0526,6.918,7.0429,2607,0
20121130,7.0429,7.0526,6.8508,6.9373,6724,0
20121203,6.822,7.1871,6.822,7.1871,16929,0
20121204,6.9276,7.5426,6.9276,7.5426,29622,0
20121205,7.5426,7.5906,7.5426,7.5906,571,0
20121206,7.4945,7.6002,7.3888,7.6002,3677,0
20121207,7.5906,7.6867,7.4657,7.6867,3282,0
20121210,7.6867,7.6867,7.3024,7.4945,8732,0
20121211,7.5041,7.6771,7.5041,7.6771,14623,0
20121212,7.6771,7.8308,7.6771,7.7828,5999,0
20121213,7.7828,7.9942,7.754,7.9942,10062,0
20121214,7.975,8.3593,7.581,7.975,43256,0
20121217,7.9654,7.9654,7.5426,7.7347,3164,0
20121218,7.7924,7.8212,7.6483,7.7828,32841,0
20121219,7.6867,7.7347,7.5906,7.5906,4436,0
20121220,7.4945,7.6867,7.3024,7.6579,6940,0
20121221,7.6579,7.6579,7.3024,7.6387,16706,0
20121227,7.2639,7.6579,7.2639,7.6579,7725,0
20121228,7.6867,7.7732,7.6579,7.7732,21193,0
20130102,8.3497,8.3497,7.7732,7.802,6096,0
20130103,7.8308,7.8308,7.6867,7.7732,4773,0
20130104,7.7732,7.7732,7.6387,7.7059,1025,0
20130107,7.6387,7.6963,7.4945,7.6387,2195,0
20130108,7.5618,7.5618,7.5426,7.5426,863,0
20130109,7.4465,7.4945,7.4465,7.4945,582,0
20130110,7.581,7.5906,7.4657,7.4657,1612,0
20130111,7.4273,7.5041,7.4273,7.5041,813,0
20130114,7.5138,7.7347,7.5138,7.6867,6367,0
20130115,7.6867,7.7828,7.6387,7.6387,70230,0
20130116,7.6387,7.7732,7.6387,7.7732,21418,0
20130117,7.7732,8.0038,7.7732,8.0038,5116,0
20130118,8.023,8.071,7.975,8.023,13380,0
20130121,7.975,8.071,7.8789,8.071,8380,0
20130122,8.071,8.071,8.023,8.023,889,0
20130123,7.802,8.0614,7.36,7.8789,2932,0
20130124,8.023,8.0614,8.023,8.0614,2526,0
20130125,8.0614,8.071,8.0518,8.0614,5846,0
20130128,8.0614,8.1191,8.0422,8.0422,10594,0
20130129,7.8308,8.0422,7.7828,8.0422,4644,0
20130130,8.023,8.0326,7.975,7.975,2009,0
20130131,7.975,7.975,7.8308,7.8308,3315,0
20130201,7.5714,8.023,7.5618,8.023,849,0
20130204,8.1575,8.1575,7.8501,7.9269,1893,0
20130205,7.8501,8.1671,7.8501,8.1671,15727,0
20130206,8.0518,8.0518,7.9365,8.0518,588,0
20130207,7.9942,7.9942,7.9269,7.9269,383,0
20130208,7.9269,8.0422,7.9269,8.0422,541,0
20130211,7.7924,7.9173,7.5906,7.7828,8369,0
20130212,7.7924,7.8789,7.7828,7.7828,8460,0
20130213,7.7828,7.8597,7.7828,7.7828,149,0
20130214,7.6963,7.8597,7.6963,7.7828,2941,0
20130215,7.7828,7.8693,7.7828,7.7924,4172,0
20130218,7.6098,7.9654,7.5906,7.8212,1624,0
20130219,7.754,7.754,7.754,7.754,205,0
20130220,7.8308,7.8789,7.8308,7.8789,129,0
20130221,7.8789,7.8789,7.7828,7.8789,1488,0
20130222,7.8789,7.8981,7.754,7.8981,942,0
20130225,7.8981,8.1191,7.8981,8.1191,21510,0
20130226,7.8981,8.1191,7.8981,8.1191,527,0
20130227,8.1095,8.2632,8.1095,8.2152,7229,0
20130228,8.2632,8.2632,7.975,8.1671,6876,0
20130301,8.0134,8.2632,7.9942,8.2632,5022,0
20130304,8.2632,8.2632,8.023,8.023,3091,0
20130305,8.0903,8.2824,8.0903,8.2632,52043,0
20130306,8.2632,8.3593,8.1287,8.2632,2968,0
20130307,8.2632,8.2632,8.1287,8.2632,2732,0
20130308,8.2632,8.4362,8.2152,8.4362,40729,0
20130311,8.5515,8.6475,8.5034,8.5995,10171,0
20130312,8.6475,8.6956,8.6091,8.6475,11612,0
20130313,8.6475,8.6475,8.4362,8.6379,12019,0
20130314,8.6187,8.6187,8.3593,8.6187,2479,0
20130315,8.4554,8.5515,8.4554,8.5419,5764,0
20130318,8.5322,8.5419,8.3689,8.3785,1425,0
20130319,8.292,8.5034,8.2632,8.4073,2436,0
20130320,8.5515,8.6379,8.4554,8.6283,8020,0
20130321,8.6187,8.6187,8.4554,8.5995,15335,0
20130322,8.4266,8.5995,8.3689,8.5995,2266,0
20130325,8.6379,8.6475,8.4842,8.6475,11905,0
20130326,8.3881,8.6475,8.3881,8.6475,22040,0
20130327,8.3785,8.5515,8.3593,8.4169,14274,0
20130328,8.071,8.4169,8.0614,8.4073,7008,0
20130402,7.8885,8.3113,7.8885,8.3113,1370,0
20130403,8.3305,8.3305,8.3305,8.3305,3,0
20130404,8.3497,8.3593,8.3497,8.3593,4034,0
20130405,8.2632,8.4073,8.1095,8.4073,13223,0
20130408,8.3593,8.3593,8.0422,8.0422,335,0
20130409,7.9942,8.1095,7.9942,8.1095,11279,0
20130410,7.9942,8.4073,7.9942,8.4073,12168,0
20130411,8.4073,8.4073,8.3785,8.3785,734,0
20130412,8.1863,8.2728,8.1863,8.2248,695,0
20130415,8.3593,8.3593,8.3593,8.3593,1,0
20130417,8.1767,8.1863,8.1671,8.1671,10857,0
20130418,8.023,8.023,7.8885,7.9846,365,0
20130419,7.8885,7.9654,7.8885,7.9654,130,0
20130422,7.8789,7.8789,7.8789,7.8789,153,0
20130423,8.0518,8.0518,7.8789,7.9654,108,0
20130424,7.7828,7.7828,7.1294,7.5906,3974,0
20130425,7.5714,7.6387,7.5714,7.5714,104447,0
20130426,7.4753,8.1191,7.4657,8.1191,17141,0
20130429,8.1287,8.1287,7.7347,8.1191,9051,0
20130430,7.8885,7.8885,7.7347,7.7347,833,0
20130502,7.6675,7.6675,7.6675,7.6675,102,0
20130506,7.6194,7.6194,7.1967,7.2063,11505,0
20130507,7.2063,7.4849,7.2063,7.4273,389,0
20130508,7.4369,7.5426,7.3985,7.4945,3212,0
20130509,7.4945,7.8885,7.3408,7.8885,5264,0
20130510,7.5522,7.6867,7.5522,7.6867,585,0
20130513,7.4753,7.5522,7.4753,7.5522,230,0
20130514,7.7347,7.7347,7.7347,7.7347,1,0
20130515,7.7347,8.2536,7.7347,8.2536,16105,0
20130516,8.2536,8.292,8.1191,8.1191,2942,0
20130517,7.8789,8.0614,7.7828,8.0614,1353,0
20130520,8.023,8.023,8.023,8.023,1041,0
20130521,8.1191,8.1191,8.023,8.023,718,0
20130523,7.975,7.975,7.6387,7.6867,2238,0
20130524,7.7828,7.7828,7.5906,7.6291,1583,0
20130527,7.6291,7.6291,7.4945,7.5906,8559,0
20130528,7.5906,7.5906,7.4945,7.581,1156,0
20130529,7.581,7.6675,7.581,7.6675,1825,0
20130531,7.6867,7.6867,7.5041,7.5041,1261,0
20130603,7.6579,7.6579,7.5426,7.6483,12705,0
20130604,7.5906,7.6579,7.5906,7.6387,10974,0
20130605,7.5906,7.7828,7.5906,7.7828,2599,0
20130606,7.6867,7.7059,7.6867,7.6963,1733,0
20130607,7.7732,7.8116,7.7444,7.7444,32109,0
20130610,7.754,7.8212,7.754,7.7828,6564,0
20130611,7.7828,7.9269,7.7828,7.9269,1221,0
20130612,7.802,7.8789,7.6963,7.8501,391091,0
20130613,7.8212,8.0518,7.8116,8.0518,54125,0
20130614,8.071,8.1671,8.071,8.1191,8526,0
20130617,8.1671,8.4554,8.071,8.071,29597,0
20130618,8.071,8.3593,8.071,8.3593,2094,0
20130619,8.1287,8.3593,8.0807,8.3593,1428,0
20130620,8.0422,8.2152,8.0422,8.1671,9704,0
20130621,8.0326,8.1095,8.0326,8.1095,2917,0
20130624,8.071,8.2152,7.9846,8.1863,23773,0
20130625,8.2152,8.3016,8.0903,8.3016,17009,0
20130626,8.0038,8.2344,8.0038,8.2344,438,0
20130627,8.1767,8.1767,7.8308,7.9269,3970,0
20130628,7.3985,7.6867,7.3504,7.6675,3119,0
20130701,7.4561,7.6771,7.4561,7.5426,1764,0
20130702,7.5041,7.5906,7.4465,7.5906,645,0
20130703,7.581,7.7828,7.581,7.7828,3669,0
20130704,7.7059,7.7059,7.7059,7.7059,603,0
20130705,7.9173,7.9173,7.8308,7.8308,1413,0
20130708,8.0903,8.0903,8.0903,8.0903,1,0
20130710,8.071,8.071,7.8308,7.8308,2120,0
20130711,8.023,8.023,8.023,8.023,24,0
20130712,7.9557,7.9654,7.9557,7.9654,1067,0
20130715,7.9269,7.9269,7.8404,7.9173,55,0
20130716,7.9173,7.9173,7.9173,7.9173,311,0
20130717,7.9173,7.9173,7.8501,7.8501,990,0
20130718,7.8404,7.8789,7.8308,7.8789,15253,0
20130722,7.8693,7.8693,7.8693,7.8693,26,0
20130723,7.6963,7.8789,7.5906,7.8789,75215,0
20130724,7.6867,7.9461,7.6867,7.9461,977,0
20130725,7.7828,7.9461,7.7828,7.7924,910,0
20130726,7.8308,8.0326,7.7828,8.0326,21274,0
20130729,7.7347,7.975,7.7347,7.975,232,0
20130730,7.7828,7.975,7.7828,7.975,2950,0
20130731,7.975,8.0134,7.8404,8.0134,3942,0
20130801,8.0134,8.1575,8.0134,8.1575,4294,0
20130802,8.1479,8.3016,8.071,8.1671,6681,0
20130805,8.1671,8.3016,8.1671,8.2632,2185,0
20130806,8.292,8.5322,8.292,8.5322,38790,0
20130807,8.5322,8.7917,8.513,8.7917,48655,0
20130808,8.5515,8.7917,8.5515,8.7821,22263,0
20130809,8.7436,8.7436,8.6572,8.6572,568,0
20130812,8.6572,8.7148,8.6475,8.6956,1553,0
20130813,8.6956,8.7917,8.6956,8.7917,17694,0
20130814,8.7917,8.9262,8.7917,8.9262,6074,0
20130816,8.9358,9.0607,8.9358,8.9358,2886,0
20130819,8.9358,8.9358,8.8397,8.8397,1856,0
20130820,8.8397,8.9838,8.8397,8.9838,68135,0
20130822,8.9742,9.128,8.9742,9.0799,157397,0
20130823,9.0895,9.0895,9.0895,9.0895,104,0
20130826,9.0511,9.0511,8.6475,8.6572,1597,0
20130827,8.7436,9.0127,8.6475,9.0127,11160,0
20130828,8.7244,8.8685,8.6572,8.8589,222632,0
20130829,8.8493,8.9358,8.8493,8.9358,1106,0
20130830,8.8397,9.0031,8.7052,8.7052,834,0
20130902,8.4169,8.907,8.4169,8.907,799,0
20130903,8.8205,8.8205,8.7244,8.8205,200,0
20130904,8.74,8.84,8.74,8.84,1757,0
20130905,8.74,8.8,8.02,8.36,3697,0
20130906,8.3497,8.8013,8.3497,8.8013,3377,0
20130909,8.9358,8.9358,8.6475,8.9262,2937,0
20130910,8.6187,9.1856,8.6187,9.176,24126,0
20130911,9.176,9.176,9.128,9.1664,2590,0
20130912,9.1664,9.1664,9.0799,9.0799,309,0
20130913,9.0799,9.1856,9.0799,9.1856,9517,0
20130916,9.1856,9.512,9.1856,9.512,8138,0
20130917,9.608,9.772,9.608,9.753,7839,0
20130918,9.628,9.849,9.628,9.849,1739,0
20130919,9.858,9.887,9.704,9.801,2535,0
20130920,9.801,9.801,9.608,9.801,2615,0
20130923,9.608,9.801,9.608,9.753,3070,0
20130924,9.695,9.753,9.608,9.743,1909,0
20130925,9.753,9.839,9.628,9.839,4659,0
20130926,9.801,9.849,9.801,9.801,14732,0
20130927,9.9,10.18,9.85,10.18,87969,0
20130930,10.444,10.444,9.81,10.185,68278,0
20131001,10.185,10.329,10.156,10.329,5611,0
20131002,10.185,10.185,10.156,10.185,50411,0
20131003,10.271,10.271,10.041,10.185,24616,0
20131004,9.95,10.18,9.95,10.18,647,0
20131007,9.887,9.916,9.128,9.801,30795,0
20131008,10.098,10.118,9.945,10.108,4744,0
20131009,10.185,10.444,10.185,10.358,11057,0
20131010,10.358,10.502,10.358,10.444,25491,0
20131011,10.502,10.56,10.339,10.473,10637,0
20131014,10.6,10.6,10.47,10.55,4727,0
20131015,10.6,10.9,10.57,10.85,23040,0
20131016,10.83,11.2,10.8,11.2,19188,0
20131017,11.2,11.25,10.95,11.18,25646,0
20131018,11.15,11.24,11,11.24,11894,0
20131021,11.25,11.7,11.24,11.6,9579,0
20131022,11.72,12.44,11.61,12.25,11994,0
20131023,12.35,12.4,11.83,12.24,4906,0
20131024,12.01,12.24,11.85,12.1,60240,0
20131025,12,12.23,11.8,11.85,10642,0
20131028,11.72,11.85,11.34,11.75,22516,0
20131029,11.7,11.8,11.47,11.78,6391,0
20131030,11.8,11.95,11.8,11.8,6698,0
20131104,11.8,11.84,11.46,11.8,5670,0
20131105,11.9,12,11.8,11.8,13195,0
20131106,11.8,11.91,11.8,11.91,5101,0
20131107,11.52,11.69,11.52,11.61,2016,0
20131108,11.61,11.78,11.44,11.64,8485,0
20131112,11.62,12.2,11.62,12.09,10910,0
20131113,12.09,12.39,11.8,11.8,9792,0
20131114,12.2,12.2,11.5,11.7,1467,0
20131115,12.3,12.3,11.97,11.97,3615,0
20131118,11.98,12.17,11.95,11.95,1284,0
20131119,11.95,11.99,11.88,11.88,651,0
20131120,11.9,11.9,11.35,11.45,2907,0
20131121,11.44,11.44,11.07,11.07,2704,0
20131122,11,11.05,10.81,11.05,6400,0
20131125,11,11.63,10.95,11.49,5005,0
20131126,11.49,11.49,11.34,11.36,946,0
20131127,11.38,11.4,11.38,11.4,5098,0
20131128,11.6,11.6,10.9,11.03,10955,0
20131129,11,11.24,11,11.05,2938,0
20131202,11.15,11.18,11.03,11.17,2753,0
20131203,11.05,11.1,10.86,10.95,4576,0
20131204,10.86,10.86,10.32,10.35,20643,0
20131205,10.35,10.35,9.99,9.99,5321,0
20131206,9.88,10.57,9.88,10.21,3861,0
20131209,10.56,10.72,10.56,10.61,7032,0
20131210,10.7,10.7,10.33,10.36,1646,0
20131211,10.68,10.68,10.61,10.61,389,0
20131212,10.4,10.52,10.1,10.24,3479,0
20131213,10.24,10.26,10.12,10.15,492,0
20131216,10.16,10.2,9.9,10.15,3218,0
20131217,10.15,10.27,9.8,9.82,4306,0
20131218,9.8,10.25,9.66,10,2052,0
20131219,9.98,10.2,9.98,10,30036,0
20131220,10,10.01,9.05,9.76,93245,0
20131223,9.8,10.5,9.8,10.2,7834,0
20131227,10.24,10.24,10.2,10.2,3166,0
20131230,10.18,10.19,9.92,10.18,2062,0
20140102,10.2,10.66,10.2,10.55,15368,0
20140103,10.56,10.56,10.36,10.51,11329,0
20140107,10.29,10.35,9.95,10.35,12298,0
20140108,10.53,10.53,9.85,9.87,1450,0
20140109,9.83,10.5,9.83,10.37,6526,0
20140110,10.37,10.37,10.02,10.02,2554,0
20140113,10.37,10.37,10.12,10.13,854,0
20140114,10.12,10.15,10.12,10.15,249,0
20140115,10.25,10.5,9.86,10.03,12770,0
20140116,10.07,10.43,10.07,10.43,2231,0
20140117,10.43,10.5,10.43,10.44,5041,0
20140120,10.54,10.54,10.41,10.52,5632,0
20140121,10.5,10.5,10.4,10.5,14905,0
20140122,10.48,10.66,10.46,10.51,3121,0
20140123,10.7,10.7,10.44,10.48,7277,0
20140124,10.75,10.75,10.27,10.45,1479,0
20140127,10.26,10.26,10.16,10.16,2266,0
20140128,10.16,10.66,10.16,10.66,4639,0
20140129,10.74,10.74,10.31,10.31,1161,0
20140130,10.63,10.63,10.32,10.46,2725,0
20140131,10.63,10.75,10.63,10.75,2296,0
20140203,10.74,10.85,10.52,10.85,2003,0
20140204,10.56,10.72,10.51,10.61,1042,0
20140205,10.98,10.98,10.85,10.93,1021,0
20140206,10.9,10.9,10.72,10.9,1005,0
20140207,10.9,10.9,10.62,10.71,6381,0
20140210,10.84,10.84,10.65,10.66,1097,0
20140211,10.93,10.93,10.7,10.89,1141,0
20140212,10.73,10.75,10.05,10.29,25784,0
20140213,10.59,10.6,10.22,10.56,2467,0
20140214,10.52,10.52,10.39,10.5,1270,0
20140217,10.6,10.6,10.23,10.49,3031,0
20140218,10.31,10.5,10.3,10.34,2273,0
20140219,10.31,10.44,10.31,10.36,945,0
20140220,10.27,10.34,10.27,10.3,1568,0
20140221,10.24,10.25,9.35,9.76,15229,0
20140224,9.76,10.1,9.76,10.1,2862,0
20140225,10.1,10.1,9.99,10,1103,0
20140226,9.91,10.1,9,9.5,33811,0
20140227,9.5,9.52,9.05,9.05,8287,0
20140228,9.08,9.35,8.62,9,8102,0
20140303,8.9,8.93,8.73,8.85,7245,0
20140304,8.52,9.4,8.48,9.4,17158,0
20140305,9.5,9.75,9.49,9.75,8256,0
20140306,9.75,9.76,9.6,9.64,50357,0
20140307,9.64,9.64,9.35,9.42,2020,0
20140310,9.36,9.57,9.12,9.12,1365,0
20140311,9.12,9.29,8.93,9.04,2378,0
20140312,8.96,9.22,8.8,8.95,2556,0
20140313,8.7,8.83,8.52,8.54,8774,0
20140314,8.21,8.54,7.39,8.15,36260,0
20140317,7.96,8.22,7.96,8.1,5777,0
20140318,8.1,8.2,7.66,7.85,26552,0
20140319,7.9,8,7.64,7.89,34412,0
20140320,7.89,7.94,7.68,7.8,11113,0
20140321,7.82,7.94,7.74,7.94,15903,0
20140324,7.95,8.47,7.95,8.37,19852,0
20140325,8.22,8.6,8.22,8.6,5380,0
20140326,8.65,9.2,8.65,8.7,81989,0
20140327,8.62,8.7,8.62,8.62,1348,0
20140328,8.62,8.68,8.62,8.64,2008,0
20140331,8.62,8.74,8.62,8.74,3478,0
20140401,8.66,8.88,8.66,8.86,3565,0
20140402,8.86,9.2,8.86,9.03,5023,0
20140403,9.03,9.25,9.03,9.03,2252,0
20140404,9.04,9.1,9.03,9.03,964,0
20140407,8.9,8.9,8.61,8.64,1336,0
20140408,8.61,8.76,8.61,8.7,983,0
20140409,8.61,8.7,8.61,8.61,4601,0
20140410,8.6,8.6,8.54,8.55,1165,0
20140411,8.35,8.55,8.35,8.55,1251,0
20140414,8.36,8.49,8.36,8.49,1432,0
20140415,8.26,8.46,8.26,8.28,1082,0
20140416,8.28,8.35,8.05,8.06,12042,0
20140417,8.06,8.42,7.85,8.1,27869,0
20140422,8.1,8.37,8.01,8.36,2544,0
20140423,8.23,8.4,8.23,8.36,1110,0
20140424,8.26,8.32,8.22,8.32,2269,0
20140425,8.3,8.31,7.96,8.1,3678,0
20140428,8.1,8.43,8.1,8.38,6137,0
20140429,8.39,8.39,8.01,8.35,467,0
20140430,8.35,8.35,8.04,8.05,5462,0
20140502,8.05,8.15,8.01,8.15,1325,0
20140505,8.11,8.17,8.1,8.17,305,0
20140506,8.21,8.25,8.05,8.22,1400,0
20140507,8.22,8.22,7.66,7.93,23723,0
20140508,8.18,8.18,7.93,7.96,7309,0
20140509,7.98,8,7.94,8,15105,0
20140512,8.01,8.01,7.23,7.49,50656,0
20140513,7.67,7.89,7.52,7.89,8881,0
20140514,7.9,7.98,7.89,7.97,3569,0
20140515,7.97,8.17,7.9,8.03,14794,0
20140516,8,8,7.92,8,1659,0
20140519,8,8.01,7.95,7.95,2122,0
20140520,8,8.09,7.96,7.96,4464,0
20140521,8,8,7.81,7.82,3207,0
20140522,7.86,7.98,7.82,7.82,2696,0
20140523,7.99,7.99,7.85,7.85,2865,0
20140526,7.86,7.9,7.81,7.9,1642,0
20140527,7.9,8.22,7.81,8.22,188045,0
20140528,8.43,8.64,8.1,8.5,53636,0
20140529,8.41,8.61,8.3,8.42,4576,0
20140530,8.4,8.48,8.12,8.45,6702,0
20140602,8.24,8.4,8.22,8.23,1867,0
20140603,8.16,8.23,8.13,8.13,2543,0
20140604,8.13,8.49,8.13,8.49,1366,0
20140605,8.32,8.5,8.21,8.5,2448,0
20140606,8.33,8.88,8.33,8.74,5091,0
20140609,8.56,8.82,8.56,8.6,2141,0
20140610,8.55,8.56,8.55,8.55,1181,0
20140611,8.5,8.6,8.5,8.54,1300,0
20140612,8.41,8.67,8.4,8.67,7170,0
20140613,8.4,8.45,8.4,8.41,1716,0
