Date,Open,High,Low,Close,Volume,OpenInt
20070910,13.866,14.422,13.192,13.426,343976,0
20070911,13.671,13.749,12.548,12.675,88229,0
20070912,12.636,12.968,12.216,12.343,62096,0
20070913,12.304,13.153,11.845,12.977,60983,0
20070914,13.046,13.046,12.557,12.694,24892,0
20070917,12.645,13.016,12.616,12.938,11810,0
20070918,12.694,12.88,12.694,12.811,3770,0
20070919,12.977,12.977,12.596,12.626,20342,0
20070920,12.606,12.665,12.362,12.45,28954,0
20070921,12.372,12.636,12.372,12.401,16194,0
20070924,12.411,12.499,12.362,12.499,10060,0
20070925,12.596,12.596,12.05,12.069,5275,0
20070926,12.304,12.304,11.776,11.952,10652,0
20070927,12.157,12.157,11.532,11.62,12726,0
20070928,11.434,11.6,11.054,11.102,25210,0
20071001,10.546,10.595,9.931,10.272,78857,0
20071002,10.595,11.229,10.272,10.927,16879,0
20071003,10.927,11.122,10.321,10.585,3364,0
20071004,10.849,10.849,10.253,10.536,10592,0
20071005,10.722,10.722,10.37,10.702,2254,0
20071008,10.399,10.702,10.399,10.409,4344,0
20071009,10.634,10.634,10.312,10.36,4512,0
20071010,10.272,10.272,9.862,10.048,12009,0
20071011,9.931,10.009,9.726,9.98,23429,0
20071012,9.911,9.96,9.911,9.96,18183,0
20071015,10.048,10.644,10.048,10.644,14709,0
20071016,10.536,10.819,10.497,10.546,12407,0
20071017,10.546,10.77,10.507,10.595,1809,0
20071018,10.595,10.595,10.253,10.253,8952,0
20071019,10.438,10.438,10.194,10.39,1214,0
20071022,10.38,10.38,9.97,10.009,4948,0
20071023,10.243,10.37,9.931,10.302,7269,0
20071024,10.282,10.292,10.058,10.253,1653,0
20071025,10.067,10.302,9.97,10.155,9350,0
20071026,10.058,10.058,9.97,10.009,7706,0
20071029,9.892,10.009,9.892,10.009,8783,0
20071030,9.872,9.882,9.0421,9.589,23268,0
20071031,9.657,9.667,9.4132,9.618,8887,0
20071102,9.3741,9.3741,8.7882,8.8859,111989,0
20071105,8.7785,8.7882,8.3586,8.6418,62825,0
20071106,8.6418,9.0812,8.3977,8.7687,36452,0
20071107,8.8859,8.8859,8.7199,8.8175,47735,0
20071108,8.5929,9.0714,8.3,8.9542,46251,0
20071109,9.1691,9.1691,8.5734,8.7785,9413,0
20071112,8.7882,8.9738,8.6418,8.8859,13058,0
20071113,9.0714,9.2765,8.7882,9.2765,18284,0
20071114,9.3351,9.755,9.1007,9.667,5195,0
20071115,9.2765,9.521,9.0714,9.2277,17636,0
20071116,8.9933,9.2765,8.5539,8.6906,11616,0
20071119,9.1398,9.2765,8.8078,9.0812,8586,0
20071120,8.5929,8.7785,8.3977,8.7297,11833,0
20071121,8.6906,8.6906,8.1926,8.1926,32896,0
20071122,8.0364,8.3781,8.0266,8.2121,12299,0
20071123,8.2317,8.5441,8.2023,8.3879,4346,0
20071126,8.5441,8.5637,8.2609,8.2609,5837,0
20071127,8.5344,9.0812,7.8118,9.0812,36420,0
20071128,9.2277,10.009,9.13,9.3155,48446,0
20071129,9.3155,9.94,8.9835,9.94,27368,0
20071130,9.95,10.644,9.823,10.546,31933,0
20071203,10.546,11.425,10.077,11.21,46639,0
20071204,11.229,11.552,10.644,11.552,23458,0
20071205,11.6,11.806,11.19,11.19,15878,0
20071206,11.083,11.718,11.073,11.356,14021,0
20071207,11.513,11.522,10.692,10.702,1300,0
20071210,10.399,10.546,8.8371,8.8371,26265,0
20071211,9.0031,10.927,9.0031,10.917,23820,0
20071212,10.79,11.171,10.79,11.073,11720,0
20071213,10.546,11.806,10.546,11.62,48183,0
20071214,11.61,11.718,11.425,11.425,4928,0
20071217,11.698,11.698,11.132,11.151,6498,0
20071218,11.278,11.278,10.839,11.229,2538,0
20071219,11.22,11.22,10.927,10.936,20654,0
20071220,10.8,10.8,10.741,10.741,7226,0
20071221,10.751,10.819,10.37,10.38,13175,0
20071227,10.478,10.741,10.478,10.741,215,0
20071228,10.819,10.976,10.517,10.722,6073,0
20080102,10.722,10.888,10.722,10.888,393,0
20080103,11.2,11.2,11.2,11.2,758,0
20080104,11.112,11.19,10.653,10.653,2986,0
20080107,10.634,10.634,10.595,10.595,573,0
20080108,10.536,10.78,10.497,10.761,758,0
20080109,10.36,10.36,10.106,10.106,2483,0
20080110,10.585,10.585,9.96,9.96,282,0
20080114,10.058,10.155,9.569,9.569,618,0
20080115,10.253,10.253,9.569,9.765,1733,0
20080116,8.8859,9.618,8.8859,9.618,1161,0
20080118,9.569,9.569,9.569,9.569,614,0
20080121,8.7394,9.765,8.7394,9.706,4182,0
20080122,8.9933,9.765,8.9445,8.9445,1415,0
20080123,9.765,9.765,9.1788,9.2277,2204,0
20080124,9.765,9.765,9.745,9.745,368,0
20080125,9.755,9.765,9.4229,9.4229,1116,0
20080128,9.716,9.765,9.3839,9.3839,323,0
20080129,9.4718,9.765,9.4718,9.765,34138,0
20080130,9.765,10.526,9.765,10.058,2263,0
20080131,10.39,10.985,10.39,10.985,11340,0
20080201,10.888,11.718,10.888,11.659,5644,0
20080204,11.903,12.001,10.829,11.425,4411,0
20080205,11.718,11.962,10.761,11.669,973,0
20080206,11.522,11.522,11.229,11.522,1590,0
20080207,11.522,11.942,11.522,11.864,2933,0
20080208,12.059,12.059,11.425,11.425,3239,0
20080211,11.698,11.698,10.985,11.659,557,0
20080212,11.698,11.913,11.425,11.913,6987,0
20080213,12.03,12.401,11.903,11.962,5998,0
20080214,12.157,12.596,11.727,12.596,1682,0
20080215,12.499,13.221,12.499,12.645,10765,0
20080218,12.694,12.694,12.684,12.684,121,0
20080219,12.684,12.694,12.059,12.177,573,0
20080220,12.304,12.596,12.294,12.587,8246,0
20080221,12.206,12.841,12.167,12.167,13529,0
20080222,12.694,13.085,12.694,13.085,15829,0
20080225,13.085,13.573,13.085,13.085,1046,0
20080226,13.573,13.573,12.938,13.182,2227,0
20080227,12.362,13.085,12.362,13.085,22,0
20080228,13.065,13.065,13.065,13.065,14665,0
20080229,12.889,13.563,12.421,12.489,5190,0
20080303,13.319,13.319,11.923,12.743,878,0
20080304,12.723,12.928,11.972,12.011,585,0
20080305,12.011,12.684,12.011,12.684,103,0
20080306,12.694,12.694,12.684,12.694,725,0
20080310,11.942,12.694,11.942,12.694,305,0
20080311,12.665,13.173,12.665,13.173,16490,0
20080312,13.085,13.514,12.694,13.426,863,0
20080313,13.319,13.319,12.499,13.231,349,0
20080314,13.29,13.29,13.29,13.29,26,0
20080318,12.548,12.548,12.069,12.069,294,0
20080319,12.548,13.085,12.02,12.987,2481,0
20080325,13.075,13.075,13.075,13.075,10,0
20080401,12.753,13.124,12.255,13.085,660,0
20080402,12.264,12.968,11.903,12.772,2122,0
20080403,12.694,12.694,12.694,12.694,198,0
20080407,12.675,12.694,12.675,12.694,205,0
20080409,12.694,12.694,12.694,12.694,6,0
20080411,11.932,11.932,11.932,11.932,133,0
20080414,11.903,12.538,11.903,11.903,1583,0
20080415,11.903,12.489,11.903,12.489,316,0
20080417,11.327,12.401,11.327,12.401,2184,0
20080421,12.44,12.44,11.356,12.206,161,0
20080422,11.229,11.229,11.229,11.229,20,0
20080423,12.196,12.196,10.253,12.147,216,0
20080424,10.839,12.118,10.839,10.839,1142,0
20080425,11.991,11.991,10.839,10.839,1650,0
20080428,10.839,11.425,10.839,11.327,1037,0
20080505,11.22,11.22,10.253,10.936,16905,0
20080506,9.96,11.024,9.96,10.936,5074,0
20080507,10.927,10.936,10.927,10.936,922,0
20080508,10.936,10.936,10.936,10.936,3687,0
20080509,10.936,10.936,10.936,10.936,1717,0
20080512,11.034,11.229,11.034,11.229,2099,0
20080513,11.034,11.698,11.034,11.698,1026,0
20080514,11.991,11.991,11.991,11.991,2,0
20080515,10.155,11.913,10.155,11.913,718,0
20080516,11.903,11.903,11.903,11.903,1,0
20080519,11.893,11.893,10.936,11.864,21427,0
20080520,10.751,11.796,10.741,10.741,411,0
20080521,11.757,11.757,10.731,10.731,529,0
20080523,11.815,11.815,10.399,10.741,1929,0
20080526,11.669,11.669,11.669,11.669,1,0
20080529,10.448,10.448,10.155,10.155,1740,0
20080530,10.888,10.888,10.253,10.839,15481,0
20080602,10.204,10.692,10.204,10.692,2049,0
20080603,10.175,10.634,10.155,10.585,6147,0
20080604,10.722,10.722,10.253,10.253,208,0
20080605,10.624,10.624,10.019,10.019,206,0
20080606,10.419,10.526,9.882,10.243,33476,0
20080609,10.429,10.429,9.892,10.253,513,0
20080610,9.911,10.194,9.765,10.155,1538,0
20080611,9.774,10.194,9.765,10.194,5531,0
20080616,10.048,10.644,10.048,10.644,100,0
20080619,11.181,11.181,11.181,11.181,1,0
20080627,10.438,10.438,10.438,10.438,1772,0
20080630,9.765,9.765,9.755,9.755,8630,0
20080701,9.687,10.448,9.687,10.448,1142,0
20080702,9.667,9.765,9.667,9.765,411,0
20080703,9.96,9.96,9.96,9.96,1,0
20080707,10.058,10.058,9.0812,9.95,1538,0
20080708,10.058,10.253,8.9835,9.0812,2867,0
20080709,9.569,9.569,9.4718,9.56,206,0
20080710,9.56,10.243,9.56,10.243,7353,0
20080711,9.98,9.98,9.2765,9.755,769,0
20080714,9.735,9.735,9.667,9.667,37690,0
20080715,9.706,9.706,9.706,9.706,1,0
20080716,8.8078,9.53,8.8078,9.53,242,0
20080717,9.511,9.521,9.511,9.521,10,0
20080721,9.53,9.53,8.3,9.53,396,0
20080722,9.4522,9.4718,9.4522,9.4718,369,0
20080723,9.521,9.521,9.521,9.521,1,0
20080724,9.1788,9.1788,8.3098,9.1788,207,0
20080725,8.3488,9.1691,8.3488,9.1691,349,0
20080728,8.3098,9.1788,8.3098,9.0714,189,0
20080729,8.3098,8.7882,8.3098,8.7882,787,0
20080730,7.8118,8.9347,7.7337,8.9347,13682,0
20080731,8.5441,8.9347,8.0559,8.9054,254,0
20080801,9.0323,9.56,9.0323,9.56,102,0
20080804,8.4269,9.4718,8.4269,9.4718,587,0
20080805,9.54,9.54,9.54,9.54,102,0
20080806,9.4327,9.4327,9.4327,9.4327,51,0
20080807,8.4562,9.2667,8.4562,8.7882,3141,0
20080808,8.2414,8.7785,8.2414,8.7687,227,0
20080811,7.8704,8.7687,7.8704,8.7687,32,0
20080814,8.0168,8.7785,8.0168,8.7785,120,0
20080818,7.9094,7.9094,7.9094,7.9094,36,0
20080819,8.7785,8.7785,7.9582,8.6906,645,0
20080820,9.569,9.569,8.0168,8.8859,71,0
20080821,8.0559,8.8664,8.0559,8.8664,42,0
20080822,8.8859,8.8859,8.8859,8.8859,205,0
20080825,7.9582,8.8078,7.9582,8.5734,1922,0
20080826,8.5734,8.8078,8.5734,8.8078,51,0
20080828,8.4953,8.6906,8.4953,8.6906,513,0
20080902,8.3,8.7882,8.3,8.7882,2150,0
20080903,9.1691,9.1691,9.1691,9.1691,5,0
20080905,8.3,8.7882,8.3,8.7882,73,0
20080908,8.0949,8.7785,8.0949,8.7785,32,0
20080909,9.0812,9.0812,9.0812,9.0812,61,0
20080910,8.7882,8.7882,8.1047,8.7882,311,0
20080911,8.7882,8.7882,8.7882,8.7882,1,0
20080912,8.7882,8.7882,8.0949,8.7785,2711,0
20080916,8.7687,8.7687,8.7687,8.7687,1,0
20080918,7.8118,8.6906,7.8118,8.6906,3735,0
20080923,8.3,8.6808,8.3,8.6808,102,0
20080926,8.6808,8.6808,8.6808,8.6808,10,0
20080929,7.8215,8.6613,7.8215,8.6613,617,0
20081001,8.6515,8.6515,8.6515,8.6515,2,0
20081002,8.6515,8.6515,8.6515,8.6515,1,0
20081003,8.6515,8.6515,8.2414,8.6515,104,0
20081006,8.6515,8.6515,7.8118,8.2023,1538,0
20081007,8.2023,8.2023,7.8118,7.8118,52,0
20081008,7.7727,8.0852,7.3235,7.9582,1468,0
20081009,7.968,7.968,7.8313,7.8313,718,0
20081010,7.8411,8.3684,7.3431,7.802,1302,0
20081013,8.0852,8.4074,8.0852,8.4074,515,0
20081014,8.3879,8.5929,8.1242,8.5929,1124,0
20081015,8.632,8.632,8.1242,8.1242,825,0
20081016,8.632,8.6515,8.5832,8.6515,578,0
20081017,8.5929,8.5929,8.1926,8.1926,309,0
20081020,8.3195,8.6222,8.1926,8.1926,42908,0
20081021,8.6222,8.6222,8.0657,8.3195,104,0
20081022,8.5832,8.5832,7.5872,7.5872,1709,0
20081023,8.0559,8.0559,7.1087,7.4309,828,0
20081024,7.5677,7.5677,7.1087,7.2747,104,0
20081027,7.4993,7.9973,7.4993,7.9973,2258,0
20081028,8.1047,8.6222,7.8118,8.4269,412,0
20081029,8.632,8.632,7.8411,8.3391,225,0
20081030,7.8313,7.8313,7.8313,7.8313,102,0
20081031,7.8411,8.2902,7.8313,8.2902,207,0
20081103,7.8313,7.8313,7.8313,7.8313,102,0
20081104,8.2902,8.2902,7.7629,8.1145,346,0
20081105,8.2902,8.2902,7.7922,8.2902,516,0
20081110,8.2707,8.2805,7.8118,8.2805,627,0
20081112,8.2805,8.2805,7.5579,8.2121,317,0
20081113,7.8118,7.9387,7.8118,7.8606,1092,0
20081114,7.8606,7.8606,7.5091,7.8411,443,0
20081117,7.5188,7.7825,7.3138,7.7825,309,0
20081118,7.7337,7.7337,7.7337,7.7337,1,0
20081119,7.7044,7.7044,7.6946,7.6946,2,0
20081120,7.2161,7.6848,7.1966,7.1966,57814,0
20081121,7.1575,7.6165,7.1282,7.5969,825,0
20081124,7.1771,7.6262,6.8451,6.9818,1141,0
20081125,6.9818,7.3431,6.8353,7.2747,515,0
20081126,6.972,7.4212,6.972,7.2357,207,0
20081127,6.7962,7.2259,6.5424,6.8158,4686,0
20081128,6.8158,6.8158,6.8158,6.8158,1,0
20081201,6.806,6.8158,6.4447,6.4447,554,0
20081202,6.6302,6.6888,6.2885,6.6888,337,0
20081203,6.7181,6.7181,6.3471,6.6791,237,0
20081204,6.7084,6.7084,6.4447,6.4447,1365,0
20081205,6.6888,6.6888,6.64,6.64,22,0
20081208,6.7181,6.7181,5.976,6.4447,6531,0
20081209,6.3471,6.3471,5.9662,5.9662,924,0
20081210,6.3568,6.3568,5.4194,6.1713,2180,0
20081211,5.8588,6.0541,5.5757,6.0541,2463,0
20081212,6.0541,6.3471,5.8295,5.9077,718,0
20081215,6.0541,6.2006,5.8198,6.0541,3317,0
20081216,6.1518,6.1518,6.1518,6.1518,1,0
20081217,6.2494,6.2494,5.6733,6.0053,273,0
20081218,6.1029,6.1029,6.0053,6.0053,2,0
20081219,6.0541,6.0541,5.6635,6.0248,229,0
20081222,6.1029,6.3373,5.8588,5.9565,7581,0
20081223,6.0932,6.0932,5.7612,5.9955,1090,0
20081229,6.2397,6.2397,5.6733,6.0248,3949,0
20081230,5.8784,6.1322,5.6538,6.1029,5062,0
20081231,6.0053,6.6791,6.0053,6.64,6011,0
20090105,6.6302,7.2259,6.4545,7.2259,5361,0
20090106,7.2259,7.5969,6.5033,7.3724,2179,0
20090107,7.3235,7.3235,6.8939,7.2747,858,0
20090108,7.2552,7.2552,7.2552,7.2552,1,0
20090109,6.8353,7.2552,6.8158,7.1771,924,0
20090112,6.972,6.972,6.972,6.972,2,0
20090113,6.972,6.972,6.4447,6.7865,4927,0
20090114,6.9329,6.972,6.4545,6.972,1237,0
20090115,6.972,6.972,6.9622,6.9622,695,0
20090116,6.64,7.5188,6.64,7.5188,5299,0
20090119,7.5188,7.7629,7.5091,7.7141,9457,0
20090120,7.7141,7.7141,7.7141,7.7141,584,0
20090121,7.7629,7.7629,7.7434,7.7434,6,0
20090122,7.7434,7.7434,7.7434,7.7434,2,0
20090123,7.7434,7.7434,7.7141,7.7141,2,0
20090126,7.7044,7.7044,6.9427,7.3235,4092,0
20090127,7.3235,7.7044,7.3235,7.6165,1243,0
20090128,7.2357,7.6946,7.2259,7.3235,1427,0
20090129,7.4309,7.5188,7.3235,7.47,273,0
20090130,7.4798,7.5677,7.4798,7.5677,210,0
20090202,7.6653,7.6653,7.4212,7.4212,3,0
20090203,6.9525,7.3919,6.9427,6.9525,963,0
20090204,7.3724,7.3724,7.3724,7.3724,2,0
20090205,6.9232,7.3724,6.9232,7.3724,9,0
20090206,7.3724,7.3724,6.9525,7.3724,207,0
20090209,7.47,7.6653,7.1087,7.3724,136134,0
20090210,7.47,7.5091,7.0599,7.3235,1208,0
20090211,7.3235,7.3235,6.8353,7.1185,5418,0
20090212,7.2259,7.2259,6.7279,6.8353,373,0
20090213,7.0794,7.0794,6.9525,6.9525,3,0
20090216,7.0306,7.0306,6.9037,6.9037,3,0
20090217,6.9818,6.9818,6.2885,6.7865,1446,0
20090218,6.8353,6.8353,6.3764,6.7767,515,0
20090219,6.9818,6.9818,6.8841,6.8841,2,0
20090220,6.9818,6.9818,5.8588,6.3764,4577,0
20090223,6.3764,6.4447,6.3764,6.4447,80,0
20090224,6.4935,6.4935,6.1029,6.3959,257,0
20090225,6.4447,6.4935,6.3471,6.4447,412,0
20090226,6.4935,6.4935,6.4935,6.4935,10,0
20090227,6.5424,6.5424,6.5424,6.5424,1,0
20090302,6.4935,6.5912,6.4935,6.5912,769,0
20090303,6.6888,6.6888,6.6888,6.6888,5,0
20090304,6.5424,6.5424,5.9565,6.2201,1488,0
20090305,6.2104,6.2104,5.0386,5.2729,6703,0
20090306,5.2827,5.3218,5.2827,5.3218,1044,0
20090309,5.3413,5.3413,5.146,5.146,619,0
20090310,5.3218,5.3315,5.3218,5.3315,2,0
20090311,5.1753,5.1753,5.1753,5.1753,122,0
20090312,4.98,4.98,4.98,4.98,3446,0
20090313,4.7457,4.8335,4.7457,4.8335,1435,0
20090316,4.8824,4.8824,4.6871,4.6871,462,0
20090317,4.6675,4.6675,4.6578,4.6578,604,0
20090318,4.6871,4.6871,4.6871,4.6871,623,0
20090319,4.4527,4.6675,4.4527,4.6675,12540,0
20090320,5.1265,5.1265,5.0777,5.0777,2205,0
20090323,5.4585,5.4585,5.4487,5.4487,1019,0
20090324,5.7612,5.7612,5.7612,5.7612,758,0
20090325,5.7612,5.7612,5.7612,5.7612,9,0
20090326,5.81,5.81,5.81,5.81,9,0
20090327,5.5366,5.5952,5.5366,5.5952,103,0
20090330,5.6635,5.6635,5.3999,5.3999,124,0
20090331,5.146,5.3999,5.146,5.3999,103,0
20090401,5.4194,5.4194,5.4194,5.4194,3,0
20090402,5.4585,5.4585,5.4194,5.4194,2,0
20090403,5.8491,5.8491,5.7612,5.7612,3867,0
20090406,5.7514,8.5929,5.7514,7.8411,3291,0
20090407,7.8118,8.5832,7.3724,7.9094,2203,0
20090408,7.1185,7.8215,6.8353,7.7629,1655,0
20090409,7.7532,8.0266,7.3431,7.9973,2416,0
20090414,8.0071,8.0071,7.3235,7.7044,1349,0
20090415,7.7922,7.7922,7.3235,7.6165,613,0
20090416,7.7629,8.0266,7.7434,7.9778,997,0
20090417,7.9778,8.6906,7.8118,8.0071,4539,0
20090420,8.0168,8.0559,7.5286,7.9973,1518,0
20090421,7.9973,8.4269,7.7922,7.9192,2440,0
20090422,8.1047,8.7101,7.802,7.8313,2852,0
20090423,8.1828,8.9933,8.1828,8.2414,4548,0
20090424,9.2179,9.2667,8.3,8.3,15306,0
20090427,8.6711,8.6711,7.9582,8.2902,6220,0
20090428,8.3977,8.7687,7.8118,8.1828,6239,0
20090429,8.2707,8.5441,7.8118,7.9387,19209,0
20090430,8.0364,8.0364,7.8215,7.8508,963,0
20090504,8.0071,8.0071,7.4309,7.7727,2455,0
20090505,7.3333,7.7044,7.1282,7.2259,2122,0
20090506,7.1478,7.6458,7.0306,7.0306,3607,0
20090507,7.3235,7.4212,6.9232,7.1282,5027,0
20090508,7.4017,7.4017,6.9232,6.9329,343,0
20090511,7.2942,7.2942,6.6888,6.6888,1912,0
20090512,6.9329,7.0111,6.8646,7.0111,738,0
20090513,7.0306,7.0794,6.9329,6.9329,1108,0
20090514,7.1282,7.1282,7.1087,7.1087,2,0
20090515,7.1087,7.2161,7.0306,7.0306,1523,0
20090518,7.1771,7.1771,6.8744,7.1185,207,0
20090519,7.1575,7.1575,6.8646,7.138,1613,0
20090520,7.1185,7.1185,6.9818,7.0208,461,0
20090522,6.5521,7.2552,6.5424,7.2552,1279,0
20090525,6.9427,7.1282,6.9427,7.0794,348,0
20090526,7.0794,7.0794,6.5619,6.5619,617,0
20090527,6.806,6.806,6.5814,6.5814,1024,0
20090528,6.64,6.64,6.3471,6.3471,1859,0
20090529,6.5326,6.5326,6.3471,6.3959,181,0
20090601,6.64,6.7181,5.976,6.0541,3409,0
20090602,6.0541,6.0541,5.6635,5.7124,5058,0
20090603,5.7612,5.9955,5.478,5.7709,3157,0
20090604,5.81,6.8353,5.7807,6.8353,6936,0
20090605,6.8353,6.8353,6.6595,6.8353,1498,0
20090608,6.6107,6.6107,6.3275,6.3275,1343,0
20090609,6.3275,6.3275,6.0541,6.0541,612,0
20090610,6.0541,6.3275,6.0346,6.0346,4580,0
20090612,6.3275,6.3568,5.7807,6.2885,1869,0
20090615,6.2982,6.2982,5.9077,6.142,1239,0
20090616,6.1322,6.1322,5.7612,6.0444,2811,0
20090617,5.9955,5.9955,5.7221,5.9955,449,0
20090618,6.0151,6.0151,6.0151,6.0151,2,0
20090619,5.9955,5.9955,5.5659,5.7612,10864,0
20090622,5.8393,5.8393,5.6831,5.6831,1018,0
20090623,5.8393,5.8393,5.5366,5.5366,1978,0
20090624,5.8198,5.8295,5.478,5.478,1835,0
20090625,5.7124,5.8198,5.3706,5.8198,1810,0
20090626,5.8198,6.0053,5.5757,5.5757,1061,0
20090629,5.8491,5.8491,5.7514,5.7612,258,0
20090630,5.8198,5.8198,5.5757,5.8002,349,0
20090701,5.8198,5.8198,5.5171,5.8198,309,0
20090702,5.7612,5.7612,5.7612,5.7612,104,0
20090703,5.7612,5.7612,5.478,5.7612,687,0
20090706,5.4194,5.7612,5.2534,5.478,1400,0
20090707,5.5757,5.6245,5.2827,5.6245,67,0
20090708,5.7124,5.7612,5.3706,5.7612,105,0
20090709,5.8491,5.8491,5.4878,5.7612,208,0
20090710,5.81,5.81,5.81,5.81,2,0
20090713,5.81,5.81,5.2339,5.7612,927,0
20090714,5.8002,5.8002,5.7417,5.7417,3,0
20090715,5.8002,5.8002,5.4682,5.8002,309,0
20090716,5.8002,5.81,5.6928,5.7612,1994,0
20090717,5.81,5.81,5.5171,5.81,609,0
20090720,5.81,5.81,5.7124,5.7124,929,0
20090721,5.8491,5.8491,5.7124,5.81,136,0
20090722,5.81,5.8588,5.6635,5.6635,2574,0
20090723,5.81,5.8393,5.6635,5.8002,1229,0
20090724,5.8588,5.8588,5.5268,5.5757,732,0
20090727,5.7514,5.81,5.3804,5.6147,5764,0
20090728,5.5952,5.5952,5.1362,5.3999,1561,0
20090729,5.3413,5.4682,5.1558,5.4487,1240,0
20090730,5.4487,6.3471,5.4487,6.2397,15784,0
20090731,6.2299,6.2299,5.8784,6.0541,4401,0
20090803,6.2006,6.2494,5.7612,5.9858,4513,0
20090804,5.976,5.976,5.7221,5.7221,16850,0
20090805,5.7221,5.8491,5.7221,5.8002,533,0
20090806,5.7905,5.7905,5.6147,5.7124,2636,0
20090807,5.7612,5.7612,5.7514,5.7514,2,0
20090810,5.5854,5.7124,5.4585,5.5952,10069,0
20090811,5.478,5.5561,5.4682,5.5464,6595,0
20090812,5.5268,5.5268,5.4097,5.5073,1129,0
20090813,5.5171,5.5171,5.4194,5.4682,4888,0
20090814,5.5659,5.7905,5.4682,5.7514,25447,0
20090817,5.7514,6.1029,5.5659,5.9858,56621,0
20090818,5.81,6.0541,5.81,5.9565,5960,0
20090819,6.0053,6.0444,5.8979,6.0053,10442,0
20090820,6.0053,6.0053,5.9174,6.0053,10592,0
20090821,5.9467,5.9467,5.9174,5.9174,3141,0
20090824,6.0053,6.8353,5.9565,6.4252,22271,0
20090825,6.4252,6.5326,6.1518,6.3373,7102,0
20090826,6.2982,6.6302,6.2787,6.3568,2875,0
20090827,6.4935,6.5033,5.9662,5.9662,2311,0
20090828,6.0639,6.1811,5.8588,6.1811,2470,0
20090831,6.2885,6.2885,5.9272,6.0053,2565,0
20090901,5.8881,5.8881,5.4975,5.5952,7780,0
20090902,5.6147,5.6147,5.1362,5.1851,17272,0
20090903,5.3706,5.478,5.2729,5.478,3392,0
20090904,5.8295,6.0053,5.6831,5.6831,1825,0
20090907,5.6831,5.8979,5.6147,5.8588,1163,0
20090908,5.8979,5.8979,5.5561,5.7124,2006,0
20090909,5.8588,5.8686,5.4682,5.5854,4550,0
20090910,5.7319,5.7319,5.4389,5.5464,1743,0
20090911,5.6635,5.6635,5.5171,5.6538,817,0
20090914,5.3999,5.6147,5.3706,5.5464,2190,0
20090915,5.7026,5.7026,5.4682,5.5561,889,0
20090916,5.7124,5.7124,5.6538,5.6538,3,0
20090917,5.644,5.644,5.5757,5.5757,2101,0
20090918,5.7026,5.7026,5.7026,5.7026,2,0
20090921,5.6928,5.6928,5.5659,5.6928,643,0
20090922,5.6538,5.6733,5.6538,5.6733,2,0
20090923,5.6147,5.6245,5.3999,5.6245,2163,0
20090924,5.6245,6.2299,5.6147,6.0541,31489,0
20090925,6.0444,6.0444,5.7124,5.9565,437,0
20090928,5.8881,6.0346,5.8881,5.9565,1170,0
20090929,5.8588,6.142,5.8393,6.142,12457,0
20090930,6.1029,6.1518,5.976,6.0444,1731,0
20091001,6.1029,6.1029,6.0541,6.0541,2,0
20091002,6.0541,6.0541,5.81,5.976,1012,0
20091005,5.7807,5.9955,5.7807,5.9858,248,0
20091006,5.9369,5.9858,5.8588,5.9467,660,0
20091007,5.9077,5.9077,5.8588,5.8588,462,0
20091008,5.7417,5.8588,5.7221,5.8588,1496,0
20091009,5.8979,6.0541,5.8588,6.0346,8434,0
20091012,6.0541,6.0541,5.81,6.0346,2785,0
20091013,5.8295,6.0346,5.8295,6.0053,1071,0
20091014,5.8295,6.0248,5.8295,6.0248,1173,0
20091015,5.8295,5.9077,5.7124,5.9077,1398,0
20091016,5.9077,6.0248,5.9077,6.0248,18541,0
20091019,6.0248,6.0932,5.9565,6.0541,3522,0
20091020,6.0541,6.2006,5.8588,6.2006,16231,0
20091021,6.1908,7.2161,6.1908,6.8255,27153,0
20091022,6.8255,7.0306,6.2299,6.5131,10065,0
20091023,6.5033,6.5717,6.1518,6.2494,1106,0
20091026,6.0639,6.2397,6.0541,6.1518,412,0
20091027,5.8686,6.0541,5.7807,5.8588,3143,0
20091028,5.7124,6.1518,5.7124,5.8588,6382,0
20091029,6.0444,6.1713,5.7905,5.8588,10446,0
20091030,6.1029,6.1029,5.9565,5.9565,435,0
20091102,6.2201,6.2201,5.7221,5.9467,3730,0
20091103,5.9077,6.0444,5.7612,6.0444,7220,0
20091104,6.0541,6.0541,6.0444,6.0444,1492,0
20091105,6.0444,6.0444,6.0444,6.0444,1,0
20091106,6.0444,6.2104,6.0444,6.2104,10567,0
20091109,6.2006,6.2006,6.0541,6.1908,2609,0
20091110,6.2104,6.5424,6.2006,6.3471,4418,0
20091112,6.3373,6.3471,6.2104,6.3373,2679,0
20091113,6.3275,6.3373,6.3275,6.3373,570,0
20091116,6.3471,6.3471,5.9077,6.3471,5150,0
20091117,6.2885,6.474,6.1029,6.3959,6178,0
20091118,6.3861,6.474,6.2104,6.3959,527,0
20091119,6.1811,6.1811,5.7612,6.0053,5236,0
20091120,5.7709,5.9955,5.5464,5.9662,3599,0
20091123,5.9662,5.9662,5.9662,5.9662,2,0
20091124,5.9174,5.9467,5.7026,5.8491,3472,0
20091125,5.6049,5.8588,5.6049,5.8588,647,0
20091126,5.7124,5.8588,5.7124,5.7807,8048,0
20091127,5.7124,5.9565,5.5561,5.9565,5317,0
20091130,5.7319,5.9272,5.7221,5.9174,2199,0
20091201,5.9077,5.9955,5.9077,5.9955,3441,0
20091202,6.0053,6.0248,5.7026,6.0053,25738,0
20091203,6.0541,6.1322,5.81,6.0444,11374,0
20091204,5.8588,6.1322,5.8588,6.0541,566,0
20091207,5.8588,6.5228,5.8588,6.4349,9609,0
20091208,6.4349,6.4349,6.0053,6.2006,3425,0
20091209,6.142,6.142,5.8686,5.8686,4331,0
20091210,6.0053,6.0053,5.8784,5.8784,4,0
20091211,6.0053,6.0541,6.0053,6.0541,4762,0
20091214,6.0444,6.0444,5.8686,6.0346,526,0
20091215,6.0248,6.0248,5.8881,6.0151,26,0
20091216,6.0053,6.0151,5.9955,6.0151,51946,0
20091217,6.0346,6.0346,5.9077,6.0346,175,0
20091218,6.0248,6.0248,5.9077,6.0248,114,0
20091221,6.0151,6.0151,6.0151,6.0151,22,0
20091222,6.0151,6.0932,6.0053,6.0053,443,0
20091223,5.9565,6.142,5.8198,6.142,3490,0
20091228,5.9077,6.1127,5.8198,6.0932,10254,0
20091229,5.8588,6.4349,5.8588,6.4252,7802,0
20091230,6.1518,6.1518,6.1518,6.1518,487,0
20091231,5.9565,6.6595,5.9369,6.5424,9698,0
20100104,6.5424,6.6302,6.1518,6.1518,24158,0
20100105,6.1029,6.1029,5.8881,6.0932,2271,0
20100106,5.9565,6.142,5.8491,6.142,5140,0
20100107,5.8686,6.0834,5.8588,5.8588,3939,0
20100108,5.8784,6.0541,5.8784,6.0541,3332,0
20100111,5.8784,6.0248,5.8588,6.0248,2920,0
20100112,5.8881,6.0053,5.8686,5.8686,3181,0
20100113,5.9467,5.9467,5.8588,5.9369,2110,0
20100114,5.8979,5.9565,5.8588,5.9565,3035,0
20100115,6.0541,6.0541,5.8588,5.9565,3643,0
20100118,5.976,5.976,5.8588,5.8588,3200,0
20100119,5.8784,5.8784,5.8588,5.8588,1697,0
20100120,5.8686,6.1322,5.8588,6.0444,13842,0
20100121,6.0151,6.0151,5.8784,5.8881,2858,0
20100122,5.8979,5.976,5.8686,5.976,2910,0
20100125,5.9565,5.9662,5.9077,5.9174,1079,0
20100126,5.9077,6.0151,5.9077,6.0151,1670,0
20100127,5.9565,5.9565,5.8784,5.9565,1343,0
20100128,5.9565,5.9565,5.8979,5.8979,332,0
20100129,5.9467,6.1322,5.8881,6.0444,5144,0
20100201,5.8979,6.1127,5.8588,6.1127,8386,0
20100202,5.9565,6.0444,5.9174,6.0444,1449,0
20100203,6.0346,6.1127,5.9565,6.1127,1127,0
20100204,6.1127,6.1127,6.0541,6.0541,2180,0
20100205,6.0444,6.0444,5.8686,5.9565,4888,0
20100208,5.976,5.976,5.8686,5.9077,1775,0
20100209,5.4682,5.7124,5.4682,5.7026,2747,0
20100210,5.7319,5.9272,5.7319,5.9272,888,0
20100211,5.9077,5.9077,5.8002,5.8002,4,0
20100212,5.8491,5.8491,5.8393,5.8393,1469,0
20100215,5.7319,6.0053,5.3218,6.0053,25458,0
20100216,6.0053,6.1029,5.9955,5.9955,5084,0
20100217,5.9077,6.0639,5.8784,6.0444,1350,0
20100218,6.1029,6.1029,5.9174,5.9174,4173,0
20100222,5.9174,6.0737,5.9077,6.0737,6228,0
20100223,6.0541,6.0737,6.0541,6.0737,1547,0
20100224,5.9662,5.9662,5.9565,5.9565,1229,0
20100225,5.9565,6.1322,5.9565,6.1322,3479,0
20100226,6.1518,6.7279,6.1518,6.6986,24585,0
20100301,6.5912,6.5912,6.3178,6.3471,4744,0
20100302,6.5326,6.64,6.3666,6.5424,11871,0
20100303,6.5424,6.5424,6.474,6.474,2337,0
20100304,6.4252,6.4252,6.1615,6.3275,3339,0
20100305,6.2982,6.2982,6.2494,6.2494,2971,0
20100308,6.2494,6.4447,6.2006,6.3959,15346,0
20100309,6.3959,6.3959,6.3959,6.3959,2375,0
20100310,6.2201,6.6498,6.2201,6.6302,19010,0
20100311,6.64,7.2259,6.64,6.7474,37206,0
20100312,6.5131,7.1185,6.1029,7.0208,7758,0
20100315,6.8744,6.972,6.8353,6.972,1092,0
20100316,6.8451,7.1185,6.8353,6.8451,3620,0
20100317,6.9232,7.1282,6.9232,7.1087,5982,0
20100318,7.0306,7.1185,7.0306,7.1087,674,0
20100319,6.8744,7.0697,6.8646,7.0697,2495,0
20100322,7.1087,7.1087,7.0697,7.1087,23,0
20100323,7.1087,7.1087,7.1087,7.1087,1,0
20100324,7.1087,7.1087,6.8353,6.8353,482,0
20100325,7.1087,7.1087,7.0208,7.0306,33836,0
20100326,7.0306,7.0306,6.8353,7.0208,695,0
20100329,6.8841,6.9329,6.8353,6.8353,2380,0
20100330,6.7572,7.0111,6.6888,7.0013,6067,0
20100331,6.8841,7.0013,6.8841,7.0013,8052,0
20100401,7.0892,7.0892,7.0892,7.0892,1,0
20100406,7.0892,7.1282,7.0697,7.1282,505,0
20100407,7.0697,7.1282,7.0697,7.0697,83,0
20100408,7.1771,7.1771,6.9525,7.1282,1779,0
20100409,6.9525,7.1185,6.9525,7.1185,5,0
20100412,6.9525,7.1185,6.9525,7.1185,2,0
20100413,6.9525,6.9525,6.9037,6.9037,206,0
20100414,6.9037,7.0989,6.9037,7.0989,52,0
20100415,6.9037,6.9037,6.9037,6.9037,34,0
20100416,6.9134,6.9134,6.9037,6.9037,393,0
20100419,6.9037,6.9037,6.8353,6.8353,1766,0
20100420,6.8646,6.9232,6.8353,6.8841,1239,0
20100421,6.8451,6.9232,6.8451,6.9134,440,0
20100422,6.8353,6.8353,6.8353,6.8353,733,0
20100423,6.8451,6.8451,6.8353,6.8353,3471,0
20100426,6.8353,6.8353,6.8353,6.8353,3546,0
20100427,6.8353,6.8841,6.8353,6.8841,2868,0
20100428,6.6888,6.8841,6.4447,6.8841,3564,0
20100429,6.8841,7.1185,6.8841,7.0794,2322,0
20100430,7.0697,7.0697,6.8158,6.8158,1669,0
20100504,6.8353,6.9134,6.7377,6.9134,554,0
20100505,6.8255,7.0697,6.8255,7.0599,3636,0
20100506,7.0306,7.0306,6.9232,6.9232,415,0
20100507,6.9232,6.9232,6.7181,6.7377,7628,0
20100510,6.806,6.8744,6.3471,6.5619,18398,0
20100511,6.5717,6.6986,6.5717,6.6986,512,0
20100512,6.6205,6.8158,6.6205,6.8158,393,0
20100513,6.6791,6.6791,6.5619,6.5619,2090,0
20100514,6.5424,6.5424,6.3861,6.3959,3892,0
20100517,6.4447,6.9232,6.4447,6.9134,66414,0
20100518,6.8841,7.0697,6.7474,7.0599,61127,0
20100519,7.0697,7.0794,6.6205,6.8841,87187,0
20100520,6.7377,7.0208,6.6986,7.0208,13792,0
20100521,6.9329,7.0794,6.9232,7.0794,9094,0
20100524,7.1282,7.8118,7.1282,7.5188,7703,0
20100525,7.4212,7.4993,7.2845,7.4993,5123,0
20100526,7.4993,8.2219,7.4993,7.8215,22134,0
20100527,7.9582,8.0364,7.7239,7.8606,3880,0
20100528,8.0071,8.0071,7.5969,7.8606,859,0
20100531,7.9875,7.9875,7.8215,7.9778,367,0
20100601,7.8606,7.8606,7.5969,7.7044,3608,0
20100602,7.7239,7.7239,7.7141,7.7141,2087,0
20100604,7.7239,7.9973,7.7239,7.8118,9174,0
20100607,7.7239,7.7239,7.7141,7.7141,1139,0
20100608,7.6067,7.7629,7.6067,7.7141,248,0
20100609,7.8215,7.9582,7.8118,7.9582,1783,0
20100610,8.0364,8.0364,7.8313,7.8313,2418,0
20100611,7.8606,7.9582,7.8411,7.9582,2406,0
20100614,8.0364,8.0364,7.8899,7.9973,3174,0
20100615,7.9973,8.0461,7.8997,8.0461,5323,0
20100616,8.0852,8.1926,7.9875,8.1926,4364,0
20100617,8.2121,8.2121,8.0071,8.0071,441,0
20100618,8.1047,8.2023,8.0559,8.1535,1696,0
20100621,8.0657,8.0657,8.0559,8.0657,901,0
20100622,7.8899,8.1535,7.8118,8.1535,5168,0
20100623,8.1535,8.1535,7.8606,7.8704,2533,0
20100624,7.6751,7.8118,7.4798,7.5286,23817,0
20100625,7.47,7.802,7.47,7.7922,1228,0
20100628,7.7922,7.7922,7.7922,7.7922,195,0
20100629,7.7825,7.9094,7.3235,7.9094,2405,0
20100701,7.7141,7.8118,7.7141,7.8118,1270,0
20100702,7.9094,7.9094,7.8118,7.9094,637,0
20100705,7.9094,8.0852,7.8118,7.9094,6563,0
20100706,7.9094,8.0949,7.9094,7.9094,3718,0
20100707,7.8118,7.9094,7.8118,7.9094,78,0
20100708,7.9094,8.2219,7.9094,8.0364,6525,0
20100709,8.1535,8.1731,8.1047,8.1535,3469,0
20100712,8.2023,8.2023,8.1731,8.1731,662,0
20100713,8.1731,8.1731,7.6751,7.9094,1518,0
20100714,8.1535,8.1535,8.1438,8.1438,3073,0
20100715,7.8215,8.1438,7.8215,8.1438,4345,0
20100716,8.1731,8.1731,8.1731,8.1731,2,0
20100719,8.1926,8.3977,8.1731,8.3977,59815,0
20100720,8.3879,8.4465,8.3879,8.3977,29807,0
20100721,8.3879,9.1398,8.3879,9.0226,19995,0
20100722,8.8468,9.2765,8.8468,9.1691,9162,0
20100723,8.9347,9.1788,8.9347,9.1691,3239,0
20100726,9.0812,9.1691,9.0812,9.1691,4090,0
20100727,8.9347,9.0714,8.8566,9.0714,6637,0
20100728,9.1495,9.1495,9.1495,9.1495,205,0
20100729,9.1495,9.2374,8.8468,9.2374,301,0
20100730,8.8761,9.2667,8.8761,9.2179,1334,0
20100802,9.2179,9.2179,8.7882,9.2081,8000,0
20100803,9.1788,9.1788,9.13,9.13,2,0
20100804,9.1984,9.1984,8.6515,9.0714,4282,0
20100805,9.1105,9.1105,8.7882,9.0323,286,0
20100806,9.0226,9.1202,8.9347,9.1105,2738,0
20100809,9.1105,9.1105,9.0519,9.0519,810,0
20100810,9.1105,9.1105,8.8859,9.1007,423,0
20100811,9.0812,9.0812,8.7004,9.0812,5435,0
20100812,9.0323,9.0323,8.5734,8.964,4661,0
20100813,8.9445,8.9542,8.1047,8.9542,6394,0
20100816,8.9542,8.9542,8.6906,8.7882,3146,0
20100817,8.964,8.964,8.7882,8.7882,2,0
20100818,8.964,8.964,8.0071,8.3781,8962,0
20100819,8.3977,8.632,8.3977,8.632,1698,0
20100820,8.4074,8.7882,8.4074,8.7882,1304,0
20100823,8.6418,8.6515,8.5148,8.5246,2024,0
20100824,8.5441,8.9347,8.5148,8.9347,2338,0
20100825,8.9347,8.9347,8.5929,8.5929,2993,0
20100826,8.6711,8.6711,8.6711,8.6711,1,0
20100827,8.5929,9.0519,8.4953,8.9933,5771,0
20100830,8.8078,9.1691,8.8078,9.0031,4822,0
20100831,9.1593,9.1593,9.0128,9.0128,252,0
20100901,8.4367,8.8664,8.4367,8.6125,16635,0
20100902,8.6125,8.7004,8.4953,8.7004,1324,0
20100903,8.7004,8.8078,8.7004,8.8078,667,0
20100906,8.4953,8.7687,8.4953,8.5637,2220,0
20100907,8.5734,8.7589,8.5734,8.5734,660,0
20100908,8.6418,8.6418,8.6418,8.6418,1,0
20100909,8.6418,8.6418,8.5441,8.5441,270,0
20100910,8.5441,8.632,8.4953,8.632,2403,0
20100913,8.4855,8.5929,8.3879,8.5832,2037,0
20100914,8.5832,8.5832,8.3586,8.5441,700,0
20100915,8.5637,8.5637,8.5637,8.5637,1,0
20100916,8.5637,8.5637,8.3977,8.3977,462,0
20100917,8.3684,8.3684,8.0168,8.0657,7341,0
20100920,8.1731,8.1731,8.1047,8.1633,2075,0
20100921,8.0754,8.1535,8.0657,8.0852,3880,0
20100922,8.0657,8.5441,8.0364,8.3977,4358,0
20100923,8.3977,8.3977,8.3977,8.3977,123,0
20100924,8.4465,8.4465,8.4465,8.4465,5,0
20100927,8.0657,8.0657,8.0657,8.0657,104,0
20100928,8.3,8.3,7.8606,8.2023,1795,0
20100929,8.1047,8.1047,7.8997,7.9094,6463,0
20100930,7.5188,7.6653,7.5188,7.6262,6702,0
20101001,7.6262,7.6262,7.6165,7.6165,717,0
20101004,7.6165,7.6165,7.4309,7.6067,1344,0
20101005,7.6067,7.6067,7.4212,7.6067,590,0
20101006,7.6067,7.6067,7.4309,7.5969,722,0
20101007,7.5677,7.6067,7.5677,7.5969,3324,0
20101008,7.6067,7.6067,7.4407,7.5969,243,0
20101011,7.6067,7.6067,7.4407,7.5188,225,0
20101012,7.6067,7.6067,7.4309,7.4309,441,0
20101013,7.5188,7.5188,7.4309,7.5091,23,0
20101014,7.4212,7.6067,7.4212,7.6067,1894,0
20101015,7.5188,7.6067,7.4212,7.4212,6923,0
20101018,7.3431,7.4212,7.3431,7.4212,7042,0
20101019,7.4212,7.5579,7.2454,7.304,5992,0
20101020,7.304,7.304,6.9037,7.0306,12082,0
20101021,7.0208,7.0306,6.7865,6.8353,16375,0
20101022,7.0697,7.0697,6.8158,6.8353,4390,0
20101025,7.1087,7.1087,6.7865,6.7865,5123,0
20101026,6.7865,6.7865,6.7377,6.7767,1335,0
20101027,6.7767,6.7767,6.7669,6.7669,2,0
20101028,6.7669,6.7669,6.6986,6.7669,3779,0
20101029,6.7669,6.7669,6.6888,6.7377,3281,0
20101102,6.8158,6.8255,6.7377,6.8255,5118,0
20101103,6.8255,6.8255,6.6791,6.7377,6519,0
20101104,6.7279,6.7377,6.6791,6.7377,2126,0
20101105,6.7181,6.7181,6.7084,6.7084,1040,0
20101108,6.7084,6.7084,6.64,6.6986,513,0
20101109,6.6791,6.6888,6.6791,6.6791,1786,0
20101110,6.6791,6.6791,6.2982,6.6302,959,0
20101112,6.5814,6.5814,6.4642,6.5424,2056,0
20101115,6.5912,6.5912,6.5424,6.5814,155,0
20101116,6.4545,6.5424,6.4447,6.5424,1682,0
20101117,6.4935,6.6888,6.4935,6.6791,7782,0
20101118,6.7767,6.972,6.7377,6.972,2457,0
20101119,7.0111,7.1185,6.972,6.972,4620,0
20101122,7.1771,7.1771,7.1575,7.1673,5582,0
20101123,7.1673,7.1673,6.9427,7.138,1234,0
20101124,7.1282,7.1282,6.7669,7.1185,1232,0
20101125,7.0697,7.0697,6.8353,6.9818,155,0
20101126,7.2064,7.2064,6.7474,6.7474,974,0
20101129,6.8255,7.0794,6.8255,7.0794,1213,0
20101130,6.9818,6.9818,6.8646,6.8841,1001,0
20101201,6.8841,6.972,6.8255,6.972,923,0
20101202,6.972,7.1087,6.972,7.0794,3852,0
20101203,7.0697,7.1673,7.0697,7.1282,3523,0
20101206,7.1185,7.1282,7.1185,7.1282,2489,0
20101207,7.1282,7.1282,7.1282,7.1282,307,0
20101208,7.1282,7.1282,6.9329,7.1185,3176,0
20101209,7.1185,7.8118,7.1185,7.8118,23348,0
20101210,7.8118,8.4953,7.3528,8.0559,15487,0
20101213,8.2023,8.2023,7.7239,8.1047,2510,0
20101214,8.0852,8.0852,7.7239,7.9582,1377,0
20101215,7.7239,8.0071,7.3821,7.9973,81463,0
20101216,7.8997,7.8997,7.6262,7.8801,2574,0
20101217,7.8606,7.8606,7.6848,7.8411,1088,0
20101220,7.7141,7.8606,7.7044,7.8508,2279,0
20101221,7.7044,7.8606,7.7044,7.8606,4116,0
20101222,7.8508,7.8508,7.7044,7.8508,2969,0
20101223,7.7141,7.8508,7.7141,7.8508,2861,0
20101227,7.7044,8.4465,7.7044,8.3879,18175,0
20101228,7.968,8.5734,7.968,8.2902,13831,0
20101229,8.1047,8.2317,8.0266,8.1535,2698,0
20101230,7.9778,8.0852,7.8118,8.0852,4498,0
20101231,8.0852,8.0852,7.3235,7.6067,15790,0
20110103,7.5091,7.7434,7.5091,7.7239,1942,0
20110104,7.7922,7.7922,7.4993,7.6067,2321,0
20110105,7.6067,7.6067,6.8939,6.9622,11147,0
20110107,7.2942,7.5481,7.2747,7.5481,4333,0
20110110,7.5481,7.5481,7.1478,7.4212,2816,0
20110111,7.4212,7.4212,7.0794,7.3724,2446,0
20110112,7.3724,7.3821,7.0404,7.2942,10437,0
20110113,7.1185,7.47,7.0794,7.4602,6927,0
20110114,7.4505,7.4505,7.0306,7.0989,16738,0
20110117,7.1673,7.2161,7.0306,7.2161,3615,0
20110118,7.2161,7.2942,7.138,7.2649,10677,0
20110119,7.2747,7.4212,7.2747,7.4212,2374,0
20110120,7.4309,7.4309,7.1966,7.3724,3585,0
20110121,7.4212,7.4212,7.0892,7.304,11097,0
20110124,7.2259,7.3138,7.1087,7.2747,3562,0
20110125,7.2747,7.2942,7.2649,7.2649,924,0
20110126,7.3138,7.3138,7.2649,7.3138,3361,0
20110127,7.3138,7.3138,7.1575,7.2357,861,0
20110128,7.2357,7.2357,7.2357,7.2357,2,0
20110131,7.2357,7.2357,7.0794,7.0794,1481,0
20110201,7.2357,7.2357,7.2259,7.2259,1837,0
20110202,7.2649,7.3333,7.138,7.3333,2437,0
20110203,7.3333,7.3333,7.1771,7.2747,1486,0
20110204,7.2064,7.2259,7.1771,7.2259,2553,0
20110207,7.2259,7.3235,7.1575,7.3235,3893,0
20110208,7.1575,7.3138,7.1575,7.2259,3900,0
20110209,7.3333,7.3333,7.1771,7.2259,1025,0
20110210,7.304,7.304,7.0306,7.0306,7118,0
20110211,7.2064,7.2064,7.0013,7.1282,1995,0
20110214,7.1282,7.1966,7.0794,7.1966,960,0
20110215,7.0208,7.1185,7.0208,7.0599,4302,0
20110216,7.2942,7.2942,6.8841,7.1087,5909,0
20110217,7.2649,7.2649,6.9329,7.2552,1135,0
20110218,7.2747,7.2747,7.1771,7.2454,514,0
20110221,7.0013,7.1087,6.8255,7.1087,4507,0
20110222,7.0599,7.0599,7.0599,7.0599,1536,0
20110224,7.0599,7.2649,7.0306,7.2649,3852,0
20110225,7.2747,7.304,7.0794,7.1282,3191,0
20110228,7.1282,7.3235,7.1282,7.3138,2523,0
20110301,7.3235,7.3235,7.0989,7.2259,3031,0
20110302,7.3235,7.3235,7.0794,7.1575,2134,0
20110303,7.2259,7.2259,6.9329,7.0306,2235,0
20110304,7.0306,7.0306,7.0208,7.0306,2766,0
20110307,7.0013,7.0013,6.7865,6.9232,1231,0
20110308,7.0306,7.0306,6.9232,6.9232,790,0
20110309,6.8255,6.8255,6.8255,6.8255,20,0
20110310,6.8353,6.9232,6.7865,6.7865,2509,0
20110311,6.8353,6.8353,6.6791,6.8353,1267,0
20110314,6.9818,6.9818,6.9818,6.9818,1,0
20110315,6.7377,6.7377,6.3666,6.6107,5066,0
20110316,6.5033,6.6205,6.5033,6.6205,989,0
20110317,6.5424,6.6302,6.5228,6.6302,1646,0
20110318,6.6498,6.6498,6.6498,6.6498,421,0
20110321,6.7377,6.8255,6.7377,6.8255,3801,0
20110322,6.7377,6.9134,6.7084,6.9134,2058,0
20110323,6.9329,6.9329,6.8353,6.8353,358,0
20110324,6.8255,6.8255,6.7669,6.8255,103,0
20110325,6.8255,6.8255,6.64,6.64,2558,0
20110328,6.7084,6.7084,6.7084,6.7084,513,0
20110329,6.64,6.64,6.64,6.64,226,0
20110330,6.6986,6.6986,6.6986,6.6986,1,0
20110331,6.806,7.0306,6.5619,6.9818,4347,0
20110401,6.9818,6.9818,6.7377,6.7474,2788,0
20110404,6.9037,6.9037,6.7572,6.8939,771,0
20110405,6.8841,6.8841,6.7474,6.8841,507,0
20110406,6.8744,6.8744,6.8744,6.8744,1,0
20110407,6.8255,6.8353,6.7084,6.7084,1916,0
20110408,6.8158,6.8158,6.8158,6.8158,1,0
20110411,6.7962,6.7962,6.5521,6.5912,441,0
20110412,6.7962,6.7962,6.5912,6.5912,359,0
20110413,6.7181,6.7181,6.6888,6.6888,2,0
20110414,6.6791,6.6791,6.6791,6.6791,2,0
20110415,6.6791,6.6791,6.3471,6.5912,6092,0
20110418,6.5424,6.6888,6.5424,6.6888,2403,0
20110419,6.3764,6.6595,6.3764,6.6595,316,0
20110420,6.6595,6.7572,6.6302,6.7572,2921,0
20110421,6.7279,6.7572,6.7279,6.7279,2395,0
20110426,6.6791,6.7279,6.6791,6.7279,461,0
20110427,6.7377,6.8158,6.5912,6.8158,1660,0
20110428,6.7377,6.7377,6.7377,6.7377,1,0
20110429,6.6986,6.7669,6.5131,6.7669,3942,0
20110502,6.7865,6.8255,6.5424,6.8255,2561,0
20110504,6.806,6.8158,6.5521,6.7865,5047,0
20110505,6.7279,6.806,6.5619,6.806,1456,0
20110506,6.7865,6.7865,6.7377,6.7474,1742,0
20110509,6.64,6.7377,6.64,6.7377,369,0
20110510,6.64,6.7962,6.5717,6.7962,3783,0
20110511,6.806,6.806,6.5521,6.806,1776,0
20110512,6.5717,6.5717,6.5424,6.5424,10326,0
20110513,6.6302,6.6693,6.6302,6.6693,2,0
20110516,6.3861,6.6693,6.2494,6.6693,2585,0
20110517,6.6986,6.6986,6.5033,6.6888,1128,0
20110518,6.5131,6.7181,6.4935,6.7181,1701,0
20110520,6.7084,6.7084,6.7084,6.7084,1229,0
20110523,6.7084,6.7084,6.7084,6.7084,1,0
20110524,6.5033,6.5033,6.4447,6.4447,1629,0
20110526,6.5912,6.5912,6.2982,6.4349,758,0
20110527,6.4349,6.4349,6.2982,6.2982,410,0
20110530,6.4349,6.4349,6.2982,6.2982,73,0
20110531,6.4349,6.5912,6.2689,6.5912,1212,0
20110601,6.5912,6.5912,6.3861,6.5912,514,0
20110602,6.4154,6.6205,6.2689,6.6205,2327,0
20110603,6.6107,6.6107,6.4057,6.5814,1384,0
20110606,6.6498,6.6498,6.4252,6.6107,375,0
20110607,6.5619,6.5619,6.5619,6.5619,2,0
20110608,6.5424,6.5424,6.4057,6.5131,308,0
20110609,6.4838,6.4838,6.4838,6.4838,1,0
20110610,6.4838,6.4838,6.4838,6.4838,1,0
20110613,6.4838,6.4838,6.2397,6.4349,4046,0
20110614,6.5717,6.5717,6.3373,6.5521,308,0
20110615,6.4935,6.4935,6.4935,6.4935,1,0
20110616,6.4349,6.4447,6.4349,6.4447,209,0
20110617,6.5717,6.5717,6.5717,6.5717,1,0
20110620,6.5717,6.5717,6.4057,6.4057,585,0
20110621,6.5326,6.5326,6.3959,6.5131,226,0
20110622,6.3959,6.5619,6.3959,6.5619,199,0
20110624,6.5424,6.5424,6.2494,6.4838,769,0
20110627,6.4642,6.4642,6.4642,6.4642,1,0
20110628,6.4057,7.0989,6.2494,6.9525,22680,0
20110629,6.9622,7.2454,6.8451,7.1087,23244,0
20110630,7.0989,7.0989,6.8158,6.9525,4272,0
20110701,6.9818,7.0208,6.8451,6.9329,2695,0
20110704,6.9232,6.9232,6.6595,6.8744,407,0
20110705,6.9232,7.3138,6.9232,7.0697,5839,0
20110706,7.0794,7.0794,6.9329,7.0306,2587,0
20110707,7.0306,7.0306,7.0306,7.0306,23,0
20110708,7.0306,7.0306,6.9329,7.0208,432,0
20110711,7.0208,7.0208,7.0208,7.0208,1281,0
20110712,7.0306,7.0306,6.3275,6.5228,8044,0
20110713,6.4154,6.4447,6.2494,6.3959,5213,0
20110714,6.5228,6.5228,6.0444,6.0444,4203,0
20110715,6.0444,6.2885,6.0444,6.2885,1026,0
20110718,6.1225,6.2787,6.1225,6.2787,123119,0
20110719,6.2787,6.2787,6.0541,6.2006,842,0
20110720,6.2787,6.2787,6.2689,6.2787,145,0
20110721,6.2787,6.2787,6.2787,6.2787,1,0
20110722,6.2787,6.2787,6.1029,6.2787,514,0
20110725,6.2787,6.2787,6.0639,6.1518,3894,0
20110726,6.2787,6.2787,6.0639,6.2787,1537,0
20110727,6.2689,6.2689,6.0639,6.2689,2365,0
20110728,6.2397,6.2397,6.2397,6.2397,33,0
20110729,6.2299,6.2299,6.2299,6.2299,2,0
20110801,6.0639,6.2006,6.0639,6.2006,1614,0
20110803,6.2299,6.2299,5.9662,6.1518,5733,0
20110804,5.9858,5.9858,5.8686,5.8686,3250,0
20110805,5.3706,5.5464,5.2827,5.4682,5772,0
20110808,5.4292,5.4292,5.0386,5.1265,1944,0
20110809,5.0386,5.0386,4.7457,4.7847,4445,0
20110810,4.8921,4.8921,4.8824,4.8824,1946,0
20110811,4.7359,4.98,4.6871,4.98,4076,0
20110812,5.1948,5.312,5.1948,5.312,819,0
20110816,5.5854,5.6635,5.3706,5.6635,676,0
20110817,5.6635,5.6635,5.4097,5.6635,253,0
20110818,5.6538,5.6538,5.0972,5.3608,987,0
20110819,5.3901,5.3901,5.1753,5.1851,544,0
20110822,5.2534,5.2534,5.2534,5.2534,1,0
20110823,5.2437,5.2437,5.1851,5.1851,513,0
20110824,5.2925,5.2925,4.9702,4.98,8194,0
20110825,5.1167,5.1655,5.0288,5.1655,550,0
20110826,5.1655,5.1655,4.9409,5.0581,412,0
20110829,5.0288,5.4682,4.9702,5.4682,11687,0
20110830,5.4389,5.4389,5.3999,5.3999,513,0
20110831,5.3901,5.8198,5.3901,5.4097,5094,0
20110901,5.1851,5.1851,4.98,5.0874,4864,0
20110902,5.0874,5.0874,5.0874,5.0874,1,0
20110905,5.0777,5.0777,4.8335,4.8824,2462,0
20110906,4.8726,4.8726,4.6871,4.8335,468,0
20110907,4.8726,4.8726,4.8335,4.8335,787,0
20110908,5.0874,5.0874,4.6871,4.6871,5285,0
20110909,4.8042,4.8042,4.7261,4.7261,438,0
20110912,4.6871,4.6871,4.5894,4.5894,2254,0
20110913,4.6089,4.6089,4.3941,4.3941,2665,0
20110914,4.316,4.4332,4.3062,4.4332,1741,0
20110915,4.4234,4.4234,4.15,4.2379,2485,0
20110916,4.3258,4.3258,4.3258,4.3258,401,0
20110919,4.3258,4.3258,4.0035,4.1988,513,0
20110920,4.2086,4.2086,4.1012,4.1012,205,0
20110921,4.2086,4.2086,3.8082,3.9059,5325,0
20110922,3.9059,3.9059,3.9059,3.9059,1,0
20110923,3.8961,3.8961,3.7594,3.8473,412,0
20110926,3.8473,3.8473,3.8473,3.8473,1,0
20110927,3.8571,3.8571,3.8278,3.8278,1346,0
20110928,3.8082,3.8571,3.7106,3.8571,421,0
20110929,3.8571,4.0914,3.8571,3.8961,4334,0
20110930,3.8864,3.8961,3.8864,3.8961,2,0
20111003,3.8961,3.8961,3.652,3.652,7916,0
20111004,3.7301,3.7301,3.5153,3.6325,981,0
20111005,3.5934,3.6032,3.5934,3.6032,1093,0
20111006,3.7399,3.9547,3.7399,3.9547,1542,0
20111007,3.9059,3.9254,3.9059,3.9254,9,0
20111010,3.9254,3.9254,3.9254,3.9254,1,0
20111011,3.9254,3.9254,3.9254,3.9254,1,0
20111012,3.9059,3.9059,3.9059,3.9059,428,0
20111013,3.9254,3.9449,3.9254,3.9449,823,0
20111014,3.9449,3.9449,3.7789,3.9449,155,0
20111017,3.9449,3.9449,3.6715,3.7594,3868,0
20111018,3.7594,3.7594,3.7594,3.7594,175,0
20111019,3.7497,3.7497,3.7497,3.7497,1,0
20111020,3.7106,3.7106,3.5739,3.5739,1795,0
20111021,3.7106,3.7106,3.652,3.652,93,0
20111024,3.7497,3.818,3.7497,3.818,1861,0
20111025,3.7985,3.7985,3.6618,3.6618,3125,0
20111026,3.7497,3.7497,3.5446,3.5446,3585,0
20111027,3.6227,3.6227,3.3591,3.3591,2815,0
20111028,3.4665,3.4665,3.3591,3.3591,5248,0
20111031,3.2809,3.2809,3.2224,3.2224,3980,0
20111102,3.32,3.32,3.1638,3.1638,6876,0
20111103,3.2224,3.2224,3.0759,3.0759,11215,0
20111104,3.1638,3.3005,3.0271,3.2028,17007,0
20111107,3.1931,3.1931,3.0759,3.0759,3306,0
20111108,3.1638,3.2419,3.1638,3.2419,1294,0
20111109,3.3005,3.3395,3.1345,3.1345,13774,0
20111110,3.2712,3.2712,3.0271,3.0271,8453,0
20111114,2.9489,3.1149,2.9489,2.988,2602,0
20111115,3.1149,3.1149,2.988,3.1052,853,0
20111116,3.0271,3.1052,3.0271,3.1052,205,0
20111117,3.1052,3.1442,3.1052,3.1442,441,0
20111118,3.1442,3.154,2.9978,3.154,2539,0
20111121,3.2809,3.2809,3.0759,3.0759,339,0
20111122,3.2126,3.2712,3.1247,3.1247,1774,0
20111123,3.1247,3.1247,2.9782,2.9782,140,0
20111124,3.1345,3.1345,3.1247,3.1247,123,0
20111125,3.1247,3.1247,3.0173,3.1247,1978,0
20111128,3.154,3.2712,3.154,3.2712,820,0
20111129,3.32,3.4274,3.1735,3.3591,5102,0
20111130,3.3688,3.5055,3.32,3.3591,10497,0
20111201,3.4177,3.4177,3.2614,3.2614,2048,0
20111202,3.3591,3.3591,3.2224,3.3395,2775,0
20111205,3.3688,3.3688,3.2224,3.2224,1127,0
20111206,3.1247,3.2419,3.1247,3.2419,1434,0
20111207,3.1345,3.2907,3.1345,3.2907,425,0
20111208,3.3005,3.3005,3.3005,3.3005,102,0
20111209,3.2224,3.2224,3.0857,3.2224,199,0
20111212,3.0857,3.2126,3.0857,3.2126,103,0
20111213,3.1735,3.1735,3.0661,3.1247,1688,0
20111214,3.1247,3.1247,3.0661,3.1247,708,0
20111215,3.0759,3.1638,3.0661,3.1638,1129,0
20111216,3.1638,3.1638,3.1638,3.1638,57,0
20111219,3.1638,3.1638,2.9294,3.0271,4508,0
20111220,3.0271,3.0271,2.9587,3.0271,2355,0
20111221,3.0271,3.0271,2.9294,3.0271,2377,0
20111222,2.9001,3.0271,2.9001,2.9782,298,0
20111223,2.9782,3.0271,2.8806,3.0271,3554,0
20111227,2.9294,2.9489,2.7927,2.9489,3244,0
20111228,3.0564,3.0759,2.9294,3.0759,1207,0
20111229,3.1247,3.1247,2.9099,3.0466,6044,0
20111230,2.9294,2.9978,2.9001,2.9978,27759,0
20120102,2.9294,3.0075,2.9294,3.0075,1183,0
20120103,3.1638,3.1638,3.1638,3.1638,1,0
20120104,3.1247,3.1247,2.9294,2.9294,2118,0
20120105,2.9099,2.9685,2.9099,2.9685,1268,0
20120111,3.0564,3.0564,2.8318,2.9294,8042,0
20120112,2.9294,2.9782,2.9294,2.9782,5465,0
20120113,2.9294,2.988,2.9294,2.988,12,0
20120116,2.9294,2.988,2.9294,2.988,644,0
20120117,3.0271,3.0759,2.9392,2.9392,4358,0
20120118,2.9685,2.9685,2.9392,2.9392,1229,0
20120123,2.9782,3.0271,2.9685,3.0271,2319,0
20120125,2.9685,2.9685,2.9685,2.9685,2983,0
20120126,2.9685,3.2517,2.9685,3.2517,19378,0
20120127,3.2517,3.2712,3.1442,3.2712,935,0
20120130,3.2614,3.2614,3.2126,3.2126,268,0
20120131,3.1833,3.1833,3.1833,3.1833,1024,0
20120201,3.1442,3.1442,3.0271,3.0954,7996,0
20120202,3.1052,3.1247,3.0759,3.0759,4798,0
20120203,3.0759,3.2224,3.0075,3.0075,28747,0
20120206,3.0759,3.2126,3.0759,3.2126,17881,0
20120207,3.2224,3.3102,3.2224,3.2321,4713,0
20120208,3.2321,3.3981,3.1735,3.3981,18998,0
20120209,3.3981,3.486,3.3395,3.3981,17965,0
20120210,3.3981,3.3981,3.2712,3.3688,14481,0
20120213,3.4079,3.5837,3.4079,3.5153,29373,0
20120214,3.6129,3.6129,3.4177,3.5348,25399,0
20120215,3.5739,3.5739,3.3102,3.4079,10874,0
20120216,3.32,3.32,3.1247,3.2712,31266,0
20120217,3.32,3.3884,3.32,3.3786,4131,0
20120220,3.3786,3.5153,3.2907,3.3688,28647,0
20120221,3.3688,3.4665,3.3688,3.4177,4199,0
20120222,3.3786,3.3786,3.2224,3.3591,3928,0
20120223,3.3591,3.5055,3.3591,3.4177,8178,0
20120224,3.4469,3.7594,3.4372,3.652,16765,0
20120227,3.7106,3.8961,3.6129,3.8473,17898,0
20120228,3.7106,3.8766,3.7106,3.8571,10964,0
20120229,3.8571,4.1305,3.8571,3.9059,19139,0
20120301,3.8864,3.8864,3.5641,3.7497,13320,0
20120302,3.7106,3.7106,3.5837,3.6911,17013,0
20120305,3.6715,3.6911,3.5446,3.6911,4938,0
20120306,3.5446,3.5446,3.3884,3.5153,8387,0
20120307,3.4177,3.4177,3.4177,3.4177,826,0
20120308,3.5153,3.5153,3.3688,3.4665,3829,0
20120309,3.486,3.5055,3.3688,3.4177,20887,0
20120312,3.5153,3.5153,3.3688,3.4665,1468,0
20120313,3.4958,3.4958,3.3395,3.4665,3432,0
20120314,3.4177,3.4372,3.3688,3.3688,5922,0
20120315,3.32,3.3688,3.1735,3.3102,14377,0
20120316,3.2712,3.2809,3.2028,3.2517,2703,0
20120319,3.2224,3.2224,3.1345,3.2224,731,0
20120320,3.1345,3.2126,3.1247,3.2126,8817,0
20120321,3.1735,3.2126,3.1735,3.2126,774,0
20120322,3.1442,3.2028,2.9294,3.0759,7581,0
20120323,2.988,3.1052,2.9294,3.0661,10438,0
20120326,3.0271,3.0661,3.0271,3.0661,1031,0
20120327,3.0661,3.0759,3.0271,3.0661,4477,0
20120328,2.988,3.0661,2.9392,3.0564,3078,0
20120329,3.0564,3.0661,2.8415,3.0368,11427,0
20120330,3.0564,3.0954,2.9978,3.0954,9247,0
20120402,3.1052,3.1735,3.0271,3.0759,16999,0
20120403,3.0759,3.0759,2.9489,3.0661,1248,0
20120404,3.0368,3.0466,3.0368,3.0466,358,0
20120405,3.0564,3.0759,3.0564,3.0759,842,0
20120410,2.9489,2.9489,2.9392,2.9392,3241,0
20120411,2.9392,3.0661,2.8318,2.8318,16160,0
20120412,2.8318,2.9294,2.8318,2.8806,5154,0
20120413,2.9099,2.9099,2.8318,2.9099,61715,0
20120416,2.9099,2.9197,2.9099,2.9197,726,0
20120417,2.8318,2.9197,2.8318,2.8708,1863,0
20120418,2.8708,2.9392,2.8708,2.9392,1639,0
20120419,2.9392,2.9392,2.9392,2.9392,166,0
20120420,2.8806,2.8806,2.8318,2.8318,4061,0
20120423,2.8318,2.9294,2.7439,2.822,5818,0
20120424,2.822,2.822,2.822,2.822,133,0
20120425,2.822,2.9197,2.822,2.9197,4312,0
20120426,2.7927,2.8708,2.7537,2.7732,5602,0
20120427,2.7439,2.8415,2.7244,2.7732,4260,0
20120430,2.7634,2.7634,2.7634,2.7634,1,0
20120502,2.7146,2.7732,2.7146,2.7634,3894,0
20120504,2.7732,2.7732,2.656,2.7244,8523,0
20120507,2.7244,2.7244,2.7244,2.7244,1,0
20120508,2.7146,2.7146,2.5974,2.7146,564,0
20120509,2.7146,2.7146,2.7146,2.7146,1,0
20120510,2.7146,2.7146,2.7048,2.7146,1179,0
20120511,2.7146,2.7146,2.7146,2.7146,1,0
20120514,2.7244,2.7244,2.656,2.7146,3595,0
20120515,2.7048,2.7341,2.6755,2.6853,12770,0
20120516,2.6951,2.7341,2.6853,2.7244,11595,0
20120517,2.7146,2.7634,2.7146,2.7634,4096,0
20120518,2.7341,2.7537,2.7341,2.7537,4634,0
20120521,2.7439,2.7439,2.7439,2.7439,2079,0
20120522,2.7829,2.9197,2.7634,2.9197,55571,0
20120523,2.9587,2.9587,2.7927,2.9294,8418,0
20120524,2.9197,2.9197,2.9197,2.9197,7,0
20120525,2.9294,2.9294,2.8318,2.9099,2087,0
20120528,2.9099,2.9197,2.8318,2.9197,4462,0
20120529,2.8415,2.8708,2.7634,2.8708,2804,0
20120530,2.7927,2.8513,2.7927,2.8513,1223,0
20120531,2.7927,2.8318,2.7634,2.8122,1325,0
20120601,2.8415,2.8415,2.7341,2.822,4052,0
20120604,2.7829,2.8611,2.7829,2.8611,1025,0
20120605,2.7829,2.8611,2.7829,2.8611,522,0
20120606,2.7341,2.8415,2.7341,2.7829,1163,0
20120608,2.7829,2.8611,2.6853,2.7244,8549,0
20120611,2.6755,2.7244,2.6755,2.7146,4616,0
20120612,2.7244,2.7537,2.7244,2.7439,3196,0
20120613,2.6951,2.7439,2.6853,2.7439,1855,0
20120614,2.7439,2.8708,2.7341,2.7439,7113,0
20120615,2.822,2.822,2.6853,2.6853,5132,0
20120618,2.8025,2.8025,2.6853,2.8025,625,0
20120619,2.7634,2.7634,2.7439,2.7439,312,0
20120620,2.7732,2.7732,2.7341,2.7732,897,0
20120621,2.7927,2.7927,2.6853,2.7927,2918,0
20120622,2.7927,2.7927,2.6951,2.6951,316,0
20120625,2.6951,2.6951,2.5486,2.6462,13323,0
20120626,2.6462,2.656,2.5681,2.5681,843,0
20120627,2.6853,2.7829,2.6853,2.7829,4878,0
20120628,2.7048,2.8122,2.7048,2.8122,1128,0
20120629,2.8122,2.8122,2.7048,2.7048,1937,0
20120703,2.7439,2.7829,2.7439,2.7829,51207,0
20120704,2.7341,2.7341,2.7341,2.7341,205,0
20120705,2.7341,2.7341,2.6853,2.6853,2280,0
20120706,2.6755,2.6755,2.6755,2.6755,1,0
20120709,2.7341,2.7341,2.7341,2.7341,1025,0
20120710,2.6365,2.6365,2.5388,2.5388,3078,0
20120711,2.5388,2.6365,2.5388,2.5877,4360,0
20120712,2.5486,2.5486,2.3338,2.5095,23440,0
20120713,2.5095,2.5095,2.3435,2.4412,10707,0
20120716,2.3728,2.49,2.3435,2.49,1128,0
20120717,2.4412,2.49,2.4412,2.49,2049,0
20120718,2.4412,2.4412,2.4412,2.4412,1,0
20120719,2.5388,2.5486,2.5388,2.5486,1025,0
20120723,2.4607,2.5388,2.4607,2.5388,398,0
20120724,2.4412,2.4802,2.4412,2.4802,1367,0
20120725,2.4802,2.4802,2.4412,2.4412,7236,0
20120726,2.4412,2.4412,2.4412,2.4412,30698,0
20120727,2.3533,2.3533,2.3533,2.3533,768,0
20120730,2.2947,2.2947,2.2947,2.2947,1,0
20120801,2.3924,2.5193,2.3924,2.5193,59879,0
20120802,2.6072,2.6072,2.4412,2.5388,301,0
20120806,2.5095,2.5095,2.5095,2.5095,1024,0
20120807,2.5095,2.5095,2.5095,2.5095,333,0
20120808,2.6072,2.6755,2.6072,2.6755,2131,0
20120809,2.656,2.656,2.656,2.656,1,0
20120813,2.656,2.656,2.656,2.656,1,0
20120814,2.5388,2.5388,2.5388,2.5388,1953,0
20120816,2.5388,2.5486,2.5388,2.5486,1536,0
20120817,2.5877,2.5877,2.5877,2.5877,513,0
20120820,2.5291,2.5291,2.5291,2.5291,512,0
20120821,2.5388,2.5486,2.5291,2.5291,1072,0
20120822,2.5681,2.5681,2.4705,2.4705,2,0
20120827,2.4705,2.4705,2.4705,2.4705,247,0
20120829,2.4021,2.4021,2.4021,2.4021,217,0
20120830,2.4412,2.49,2.4412,2.4412,1207,0
20120831,2.4509,2.5584,2.4509,2.5584,1179,0
20120903,2.5584,2.5584,2.4607,2.5291,2223,0
20120904,2.5486,2.7829,2.5388,2.7732,13422,0
20120905,2.8122,2.8122,2.7048,2.7048,3265,0
20120906,2.7146,2.7146,2.6951,2.7146,370,0
20120907,2.7146,2.7146,2.656,2.7048,104,0
20120910,2.7146,2.7146,2.6853,2.6853,435,0
20120911,2.6853,2.6853,2.6853,2.6853,2,0
20120912,2.6853,2.6853,2.6658,2.6853,354,0
20120913,2.7244,2.8122,2.6853,2.6853,11347,0
20120914,2.6755,2.7244,2.656,2.7244,5600,0
20120917,2.7146,2.7146,2.6755,2.6755,1547,0
20120918,2.656,2.7146,2.656,2.6853,4914,0
20120919,2.7341,2.7341,2.656,2.656,8003,0
20120920,2.656,2.6853,2.6169,2.6853,12193,0
20120921,2.7048,2.7537,2.6853,2.6951,15451,0
20120924,2.6853,2.7634,2.6853,2.6853,4163,0
20120925,2.7829,2.7829,2.6853,2.7439,1076,0
20120926,2.7537,2.7537,2.7341,2.7341,1090,0
20120927,2.7341,2.7341,2.6853,2.7341,3266,0
20120928,2.8122,2.8122,2.6951,2.6951,1702,0
20121001,2.7829,2.7829,2.7341,2.7537,3152,0
20121002,2.7829,2.7829,2.6853,2.6853,3462,0
20121003,2.6658,2.6658,2.6658,2.6658,922,0
20121004,2.656,2.6755,2.656,2.6755,1050,0
20121005,2.6755,2.6755,2.5877,2.5877,3613,0
20121008,2.6462,2.6462,2.6462,2.6462,2,0
20121009,2.6462,2.6462,2.5974,2.6462,15811,0
20121010,2.6853,2.6853,2.5877,2.5877,2668,0
20121011,2.656,2.656,2.6462,2.6462,1076,0
20121012,2.6951,2.6951,2.5974,2.6169,3500,0
20121015,2.6169,2.7048,2.5877,2.5877,5832,0
20121016,2.6658,2.6658,2.6658,2.6658,48,0
20121017,2.5877,2.6365,2.5779,2.6365,2369,0
20121018,2.6365,2.6365,2.6267,2.6267,340,0
20121019,2.6267,2.6267,2.6267,2.6267,1,0
20121022,2.6365,2.6365,2.5877,2.5877,1102,0
20121023,2.5877,2.5877,2.5877,2.5877,1295,0
20121024,2.6072,2.6072,2.5974,2.6072,558,0
20121025,2.6365,2.6365,2.6072,2.6267,2050,0
20121026,2.5877,2.6365,2.5877,2.6365,632,0
20121029,2.5291,2.5291,2.5291,2.5291,89,0
20121030,2.5388,2.5388,2.5388,2.5388,2,0
20121031,2.5388,2.5779,2.5388,2.5681,156,0
20121102,2.6365,2.6365,2.5681,2.5877,2972,0
20121105,2.5388,2.5388,2.5388,2.5388,113,0
20121106,2.6267,2.6267,2.5877,2.5877,2,0
20121107,2.6267,2.6267,2.5193,2.5779,2190,0
20121108,2.5193,2.5193,2.4998,2.4998,1516,0
20121109,2.4998,2.5779,2.3924,2.4998,4217,0
20121112,2.5291,2.5681,2.5291,2.5681,1038,0
20121113,2.5193,2.5193,2.5095,2.5095,434,0
20121114,2.5681,2.7048,2.5388,2.5388,27800,0
20121115,2.5291,2.6951,2.5291,2.6658,5968,0
20121116,2.6365,2.6365,2.6365,2.6365,818,0
20121119,2.6365,2.7048,2.6267,2.7048,8960,0
20121120,2.6951,2.7829,2.6267,2.7829,40692,0
20121121,2.7829,3.2126,2.7732,3.2126,54410,0
20121122,3.2907,3.3981,3.1247,3.1833,26871,0
20121123,3.1833,3.3688,3.1735,3.2614,24282,0
20121126,3.3102,3.4079,3.2224,3.32,25341,0
20121127,3.3298,3.3688,3.2224,3.32,16404,0
20121128,3.3395,3.4079,3.2224,3.3102,25100,0
20121129,3.3005,3.3591,3.2126,3.3591,36550,0
20121130,3.3591,3.4469,3.3298,3.4177,15226,0
20121203,3.4177,3.6422,3.4177,3.5641,27412,0
20121204,3.6129,3.6129,3.4274,3.5544,22676,0
20121205,3.5934,3.5934,3.3981,3.486,8444,0
20121206,3.5055,3.5934,3.4274,3.5837,28860,0
20121207,3.5153,3.6422,3.3981,3.5055,17867,0
20121210,3.5348,3.6129,3.486,3.5153,14998,0
20121211,3.5934,3.6129,3.5251,3.5348,5542,0
20121212,3.6032,3.9449,3.6032,3.7985,73730,0
20121213,3.8961,3.8961,3.652,3.7985,24928,0
20121214,3.7789,3.8082,3.6618,3.7887,14506,0
20121217,3.7985,3.8473,3.5837,3.5934,17646,0
20121218,3.5934,3.7497,3.2614,3.7204,41463,0
20121219,3.6715,3.7985,3.5837,3.7301,12036,0
20121220,3.7594,3.7789,3.4762,3.7789,13233,0
20121221,3.6032,3.7594,3.6032,3.7594,1439,0
20121227,3.7594,3.7594,3.5348,3.7497,11463,0
20121228,3.7497,3.7497,3.5934,3.7399,46623,0
20130102,3.6422,3.7301,3.4469,3.7008,19971,0
20130103,3.4665,3.6325,3.4372,3.5934,14052,0
20130104,3.486,3.6325,3.486,3.5934,6175,0
20130107,3.5641,4.1891,3.5641,4.1012,136394,0
20130108,4.15,4.2672,3.9352,4.1109,69026,0
20130109,4.1207,4.482,4.0328,4.3941,119255,0
20130110,4.2965,4.9312,4.2965,4.8726,133829,0
20130111,4.8824,5.0777,4.6382,4.8335,114294,0
20130114,4.8238,5.1753,4.5406,4.7261,86451,0
20130115,4.7261,4.8824,4.5015,4.5992,23391,0
20130116,4.7164,5.3315,4.5113,5.0581,72199,0
20130117,5.0288,5.3315,4.7359,4.8726,43547,0
20130118,4.9995,4.9995,4.5894,4.8042,29510,0
20130121,4.8042,5.2827,4.7359,4.98,72409,0
20130122,4.98,5.0484,4.7554,4.9507,23853,0
20130123,4.8824,5.0386,4.7359,4.8921,14866,0
20130124,4.8921,5.3022,4.7457,5.0777,46610,0
20130125,4.9898,5.2925,4.9507,5.0679,19445,0
20130128,5.0484,5.0581,4.8628,4.8628,21543,0
20130129,4.8335,4.8335,4.5894,4.5992,31906,0
20130130,4.5894,4.7847,4.5015,4.7164,10269,0
20130131,4.7261,4.7261,4.4918,4.6382,10770,0
20130201,4.5308,4.7066,4.4429,4.6773,16427,0
20130204,4.6773,5.0581,4.5308,4.7359,97295,0
20130205,4.7359,5.0288,4.6871,4.8433,55050,0
20130206,4.7554,5.0191,4.7554,4.9507,16442,0
20130207,4.9507,5.0386,4.814,4.9214,10796,0
20130208,4.98,4.9995,4.8042,4.8531,10756,0
20130211,4.9898,4.9898,4.7945,4.8042,9589,0
20130212,4.8042,4.9507,4.7847,4.8824,22829,0
20130213,4.9409,4.9409,4.7847,4.8726,9431,0
20130214,4.7945,4.9409,4.7359,4.814,7387,0
20130215,4.7457,4.7457,4.5894,4.7359,2604,0
20130218,4.8726,4.9409,4.6773,4.9409,10634,0
20130219,4.9507,5.2046,4.9507,5.0777,40161,0
20130220,5.1948,5.1948,5.0386,5.1753,12204,0
20130221,5.1753,5.2241,4.7652,4.8238,26099,0
20130222,4.7749,4.9995,4.7749,4.8628,2856,0
20130225,4.98,4.9995,4.8433,4.98,5802,0
20130226,4.98,4.98,4.7066,4.7457,23606,0
20130227,4.7554,4.9312,4.7554,4.9312,3219,0
20130228,4.9605,4.9702,4.814,4.9214,2643,0
20130301,4.7457,4.7457,4.2379,4.2769,67420,0
20130304,3.9059,4.1109,3.8082,3.8082,60357,0
20130305,3.8082,4.1891,3.7301,3.9352,25207,0
20130306,4.0035,4.0817,3.9059,3.9059,15204,0
20130307,3.9059,3.984,3.8961,3.9645,4622,0
20130308,3.9059,4.0035,3.8668,3.9449,3879,0
20130311,3.9449,3.9547,3.8864,3.9547,4594,0
20130312,3.9059,3.9938,3.9059,3.9059,8505,0
20130313,3.9059,3.984,3.8766,3.984,2076,0
20130314,4.0133,4.0817,4.0035,4.0817,2915,0
20130315,4.0719,4.0817,3.9645,4.0817,3834,0
20130318,4.0817,4.0817,4.0035,4.0524,1458,0
20130319,4.0817,4.0817,3.9742,4.0621,1984,0
20130320,4.0621,4.0621,4.0426,4.0426,25,0
20130321,3.984,3.984,3.8571,3.9547,8269,0
20130322,3.8571,3.8571,3.5641,3.8278,7720,0
20130325,3.7204,3.8571,3.7204,3.7497,11533,0
20130326,3.7204,3.7204,3.6227,3.7204,5969,0
20130327,3.7594,3.9449,3.7594,3.9449,7480,0
20130328,3.9547,3.9547,3.9547,3.9547,1075,0
20130402,3.8082,4.2867,3.8082,4.1988,19901,0
20130403,4.2281,4.2477,4.0426,4.1012,9213,0
20130404,4.1012,4.1012,3.9742,4.0524,1529,0
20130405,4.0719,4.0719,4.0035,4.0621,2050,0
20130408,4.0719,4.0719,3.9742,4.0621,2903,0
20130409,4.0621,4.1891,4.0621,4.1109,11689,0
20130410,4.0133,4.0914,4.0035,4.0914,5459,0
20130411,3.9449,4.0035,3.9059,4.0035,4478,0
20130412,3.9059,3.9059,3.7106,3.7594,7527,0
20130415,3.7594,3.7594,3.6325,3.6325,2367,0
20130417,3.3688,3.6032,3.32,3.4274,17555,0
20130418,3.4469,3.4469,3.4274,3.4274,1106,0
20130419,3.486,3.486,3.3005,3.4469,1129,0
20130422,3.4469,3.486,3.3298,3.3298,4802,0
20130423,3.3298,3.3298,3.0564,3.0759,13892,0
20130424,3.0954,3.1735,3.0759,3.1735,8365,0
20130425,3.0173,3.6129,3.0173,3.5934,10354,0
20130426,3.8571,3.8571,3.32,3.6129,17128,0
20130429,3.6129,3.652,3.5153,3.5153,4643,0
20130430,3.43,3.73,3.42,3.73,13446,0
20130502,3.6422,3.8375,3.6422,3.7106,4798,0
20130506,3.6227,3.7497,3.5641,3.5739,10139,0
20130507,3.6911,3.7985,3.6911,3.7985,2984,0
20130508,3.8375,3.8375,3.7789,3.8375,5378,0
20130509,3.7399,3.7594,3.6618,3.7594,2212,0
20130510,3.6618,3.9547,3.6618,3.9547,13982,0
20130513,3.9547,4.0524,3.9547,3.9645,4301,0
20130514,4.0328,4.0328,3.8082,3.8375,13689,0
20130515,3.8375,3.8473,3.7301,3.8473,2949,0
20130516,3.5934,3.6325,3.4762,3.5837,20008,0
20130517,3.4958,3.5641,3.2809,3.3884,9944,0
20130520,3.4762,3.5544,3.3981,3.3981,3547,0
20130521,3.486,3.5446,3.4177,3.5446,989,0
20130522,3.4567,3.652,3.3884,3.5446,7120,0
20130523,3.5739,3.7106,3.5739,3.7106,3902,0
20130524,3.6325,3.6618,3.6325,3.6618,830,0
20130527,3.652,3.652,3.3395,3.5739,9962,0
20130528,3.5153,3.5641,3.4372,3.5641,2277,0
20130529,3.47,3.56,3.46,3.53,1590,0
20130531,3.57,3.61,3.51,3.51,4634,0
20130603,3.5446,3.5934,3.4665,3.5934,6370,0
20130604,3.45,3.56,3.38,3.56,5279,0
20130605,3.55,3.6,3.54,3.57,2153,0
20130606,3.57,3.71,3.57,3.71,4756,0
20130607,3.5641,3.6911,3.5153,3.6911,2299,0
20130610,3.652,3.8082,3.5544,3.8082,12414,0
20130611,3.7887,3.8961,3.6227,3.8961,4618,0
20130612,3.8864,4.0035,3.8864,4.0035,4237,0
20130613,4.0133,4.1109,3.9059,4.1109,9096,0
20130614,4.1207,4.2477,4.1207,4.2477,15960,0
20130617,4.3355,4.3355,4.2477,4.2477,1597,0
20130618,4.15,4.3,4.14,4.29,4849,0
20130619,4.2867,4.2965,3.8961,4.15,10232,0
20130620,4.1402,4.1402,3.9059,4.1402,8592,0
20130621,3.9,4.02,3.88,4.02,3029,0
20130624,4.0231,4.0231,3.8864,4.0231,2895,0
20130625,4,4,3.88,3.99,1148,0
20130626,3.9547,3.9547,3.9547,3.9547,2,0
20130627,3.8278,3.8278,3.7106,3.7887,9310,0
20130628,3.8571,3.8571,3.6911,3.8473,3981,0
20130701,3.8473,3.8473,3.6911,3.8082,563,0
20130702,3.85,4.22,3.64,4.03,33930,0
20130703,4.14,4.14,3.95,4.08,4200,0
20130704,4.1,4.2,3.99,4.17,12184,0
20130705,4.2,4.42,4.14,4.17,30888,0
20130708,4.3,4.3,4,4.12,1199,0
20130709,4.1,4.15,3.84,4.15,7408,0
20130710,3.92,4.15,3.92,4.15,5532,0
20130711,4.25,4.25,4.15,4.23,403,0
20130712,3.96,4.26,3.96,4.18,3806,0
20130715,4.05,4.17,3.86,4.05,5835,0
20130716,4.05,4.05,3.9,4,819,0
20130717,3.95,3.95,3.88,3.9,1060,0
20130718,3.97,4.1,3.78,3.92,14119,0
20130719,3.7,3.91,3.7,3.91,7114,0
20130722,3.91,4.09,3.89,4,13005,0
20130723,3.9,4.1,3.9,4.09,2835,0
20130724,3.99,4.16,3.98,3.98,2002,0
20130725,4,4.03,3.85,4.03,391,0
20130726,4.03,4.03,3.9,3.95,1785,0
20130729,3.99,3.99,3.87,3.87,326,0
20130730,3.99,3.99,3.85,3.98,573,0
20130731,3.98,3.98,3.85,3.98,574,0
20130801,3.95,3.95,3.56,3.85,9068,0
20130802,3.76,3.88,3.71,3.72,9746,0
20130805,3.73,3.75,3.7,3.75,10998,0
20130806,3.75,3.75,3.75,3.75,521,0
20130807,3.71,3.82,3.68,3.82,5526,0
20130808,3.82,3.83,3.7,3.83,2793,0
20130809,3.75,3.79,3.75,3.79,13389,0
20130812,3.79,3.84,3.72,3.73,8306,0
20130813,3.7,3.8,3.7,3.72,5006,0
20130814,3.7,3.98,3.7,3.83,9641,0
20130816,3.93,3.98,3.69,3.7,5382,0
20130819,3.68,3.79,3.45,3.48,16252,0
20130820,3.48,3.59,3.4,3.55,29270,0
20130821,3.59,3.78,3.51,3.52,29969,0
20130822,3.52,3.54,3.5,3.54,2201,0
20130823,3.44,3.5,3.4,3.5,2893,0
20130826,3.55,3.57,3.42,3.57,8794,0
20130827,3.5,3.7,3.5,3.7,6110,0
20130828,3.52,3.7,3.52,3.7,3610,0
20130829,3.61,3.67,3.56,3.67,4701,0
20130830,3.65,3.65,3.54,3.6,7468,0
20130902,3.64,3.68,3.3,3.3,16002,0
20130903,3.42,3.43,3.3,3.39,3936,0
20130904,3.41,3.41,3.11,3.2,7834,0
20130905,3.35,3.35,3.1,3.15,19008,0
20130906,3.05,3.16,2.77,2.93,24679,0
20130909,2.99,2.99,2.7,2.7,20199,0
20130910,2.78,2.93,2.73,2.89,7874,0
20130911,2.85,2.89,2.85,2.89,3193,0
20130912,2.87,2.92,2.8,2.8,7998,0
20130913,2.8,2.87,2.8,2.87,5326,0
20130916,2.81,2.81,2.7,2.8,7951,0
20130917,2.77,2.84,2.77,2.84,2472,0
20130918,2.85,2.85,2.79,2.84,1869,0
20130919,2.9,2.9,2.84,2.86,4002,0
20130920,2.84,2.84,2.82,2.83,902,0
20130923,2.8,2.94,2.8,2.94,8396,0
20130924,2.94,2.94,2.9,2.9,8913,0
20130925,2.9,2.93,2.84,2.88,9622,0
20130926,2.88,2.88,2.83,2.84,2093,0
20130927,2.84,2.92,2.84,2.88,2701,0
20130930,2.98,3,2.9,2.95,12528,0
20131001,2.97,2.97,2.95,2.95,6345,0
20131002,2.97,2.97,2.9,2.9,2105,0
20131003,2.96,3.14,2.93,2.95,14890,0
20131004,3.09,3.09,2.95,3,24784,0
20131007,3,3.07,2.93,3,10849,0
20131008,3.09,3.09,3.01,3.02,1773,0
20131009,2.99,3,2.98,3,1661,0
20131010,3.01,3.2,3.01,3.2,6785,0
20131011,3.04,3.16,3.03,3.11,9630,0
20131014,3.21,3.21,3.03,3.03,5995,0
20131015,3.04,3.25,3.03,3.1,15500,0
20131016,3.12,3.15,3,3.11,9645,0
20131017,3.16,3.16,3.06,3.08,1688,0
20131018,3.07,3.08,3.05,3.08,960,0
20131021,3.08,3.08,3.03,3.05,3142,0
20131022,3.03,3.05,3.03,3.05,1993,0
20131023,3.05,3.08,3.05,3.08,6413,0
20131024,3.08,3.19,3.08,3.15,27487,0
20131025,3.2,3.2,3.05,3.12,8775,0
20131028,3.2,3.3,3.14,3.26,35965,0
20131029,3.29,3.59,3.27,3.43,21506,0
20131030,3.44,3.44,3.26,3.28,19937,0
20131031,3.28,3.28,3.2,3.27,3216,0
20131104,3.27,3.44,3.22,3.36,7866,0
20131105,3.36,3.37,3.36,3.37,1309,0
20131106,3.37,3.43,3.37,3.41,4723,0
20131107,3.39,3.44,3.39,3.39,12791,0
20131108,3.43,3.46,3.39,3.46,17060,0
20131112,3.49,3.55,3.38,3.46,32344,0
20131113,3.46,3.46,3.39,3.46,6665,0
20131114,3.47,3.47,3.23,3.3,13268,0
20131115,3.1,3.2,3.02,3.07,37511,0
20131118,3.1,3.1,3,3.07,10179,0
20131119,3.07,3.08,3,3,7054,0
20131120,3.06,3.06,2.95,2.96,11575,0
20131121,2.96,3,2.92,3,13005,0
20131122,3,3,2.95,3,6533,0
20131125,3,3,3,3,1231,0
20131126,2.93,2.93,2.82,2.93,10917,0
20131127,3,3,2.9,2.9,5950,0
20131128,2.9,2.98,2.9,2.98,2276,0
20131129,2.98,3.07,2.95,3,7151,0
20131202,2.99,3.28,2.99,3.25,19546,0
20131203,3.27,3.59,3.27,3.37,22962,0
20131204,3.34,3.5,3.34,3.45,13466,0
20131205,3.45,3.5,3.45,3.49,3130,0
20131206,3.47,3.47,3.17,3.27,10284,0
20131209,3.29,3.49,3.29,3.37,8804,0
20131210,3.49,3.5,3.38,3.38,11852,0
20131211,3.39,3.48,3.39,3.48,10100,0
20131212,3.48,3.48,3.31,3.38,5172,0
20131213,3.39,3.4,3.23,3.23,2596,0
20131216,3.29,3.29,3.05,3.26,4195,0
20131217,3.38,3.38,3.05,3.07,4195,0
20131218,3.06,3.06,2.92,2.99,24036,0
20131219,3.01,3.01,2.44,2.44,52055,0
20131220,2.18,2.18,1.79,1.9,123265,0
20131223,1.98,2.34,1.98,2.3,30141,0
20131227,2.39,2.39,2.13,2.2,27017,0
20131230,2.26,2.26,2.13,2.21,21504,0
20140102,2.3,2.42,2.07,2.18,31810,0
20140103,2.13,2.2,2.1,2.2,4066,0
20140107,2.15,2.18,2.14,2.15,2393,0
20140108,2.15,2.2,2.12,2.13,10517,0
20140109,2.15,2.21,2.1,2.1,4333,0
20140110,2.1,2.15,2.09,2.15,720,0
20140113,2.15,2.25,2.13,2.14,12143,0
20140114,2.14,2.18,2.11,2.18,5585,0
20140115,2.2,2.2,2.15,2.15,720,0
20140116,2.2,2.24,2.13,2.24,4471,0
20140117,2.25,2.36,2.25,2.27,15008,0
20140120,2.24,2.33,2.24,2.3,7200,0
20140121,2.3,2.3,2.18,2.23,8009,0
20140122,2.3,2.3,2.24,2.24,1180,0
20140123,2.28,2.33,2.28,2.28,7933,0
20140124,2.28,2.28,2.25,2.25,1390,0
20140127,2.28,2.3,2.15,2.3,1350,0
20140128,2.3,2.3,2.3,2.3,2200,0
20140129,2.25,2.3,2.24,2.3,382,0
20140130,2.3,2.3,2.18,2.2,5601,0
20140131,2.24,2.24,2.14,2.14,3394,0
20140203,2.17,2.18,2.16,2.16,4884,0
20140204,2.15,2.2,2.15,2.19,710,0
20140205,2.23,2.32,2.18,2.18,6743,0
20140206,2.28,2.28,2.16,2.2,8236,0
20140207,2.18,2.22,2.15,2.15,5908,0
20140210,2.16,2.18,2.15,2.18,267,0
20140211,2.22,2.56,2.22,2.47,34634,0
20140212,2.55,2.55,2.4,2.49,37474,0
20140213,2.45,2.45,2.34,2.43,3122,0
20140214,2.45,2.51,2.36,2.49,5762,0
20140217,2.48,2.48,2.44,2.44,1200,0
20140218,2.4,2.41,2.39,2.39,3000,0
20140219,2.55,2.55,2.4,2.4,1670,0
20140220,2.4,2.4,2.35,2.39,1855,0
20140221,2.39,2.39,2.3,2.33,2587,0
20140224,2.73,3.02,2.63,2.73,198144,0
20140225,2.8,2.97,2.56,2.7,184098,0
20140226,2.68,2.85,2.56,2.6,30083,0
20140227,2.56,2.76,2.51,2.73,14795,0
20140228,2.68,2.82,2.65,2.82,13553,0
20140303,2.76,2.76,2.5,2.67,35009,0
20140304,2.67,2.75,2.66,2.74,11842,0
20140305,2.74,2.74,2.58,2.58,12362,0
20140306,2.63,2.76,2.63,2.74,16375,0
20140307,2.73,2.76,2.65,2.69,12910,0
20140310,2.72,2.72,2.61,2.61,12688,0
20140311,2.69,2.69,2.55,2.58,8442,0
20140312,2.58,2.73,2.44,2.54,30036,0
20140313,2.5,2.57,2.42,2.47,4607,0
20140314,2.46,2.54,2.4,2.43,8422,0
20140317,2.48,2.56,2.48,2.55,2795,0
20140318,2.54,2.65,2.54,2.57,10999,0
20140319,2.55,2.64,2.49,2.58,12135,0
20140320,2.62,2.62,2.41,2.58,7128,0
20140321,2.58,2.58,2.45,2.45,3402,0
20140324,2.3,2.5,2.3,2.48,3395,0
20140325,2.43,2.57,2.43,2.55,8603,0
20140326,2.57,2.62,2.57,2.62,15346,0
20140327,2.62,2.62,2.57,2.57,3236,0
20140328,2.55,2.6,2.55,2.6,1182,0
20140331,2.6,2.63,2.56,2.56,3908,0
20140401,2.62,2.62,2.51,2.56,7203,0
20140402,2.59,2.59,2.51,2.51,17488,0
20140403,2.52,2.63,2.52,2.55,2455,0
20140404,2.6,2.6,2.51,2.58,660,0
20140407,2.54,2.55,2.52,2.55,1003,0
20140408,2.55,2.63,2.55,2.63,5881,0
20140409,2.63,2.74,2.63,2.71,8348,0
20140410,2.71,2.73,2.66,2.66,5296,0
20140411,2.6,2.67,2.6,2.64,4280,0
20140414,2.69,2.69,2.53,2.62,3322,0
20140415,2.61,2.61,2.53,2.53,529,0
20140416,2.52,2.6,2.52,2.6,637,0
20140417,2.55,2.6,2.51,2.58,5453,0
20140422,2.52,2.6,2.51,2.6,1902,0
20140423,2.58,2.58,2.58,2.58,1,0
20140424,2.57,2.57,2.47,2.5,9666,0
20140425,2.42,2.46,2.41,2.46,934,0
20140428,2.45,2.45,2.35,2.36,4817,0
20140429,2.36,2.36,2.23,2.28,11424,0
20140430,2.36,2.57,2.25,2.46,19508,0
20140502,2.52,2.75,2.52,2.67,31967,0
20140505,2.72,2.72,2.62,2.66,3394,0
20140506,2.66,2.68,2.4,2.59,7015,0
20140507,2.67,2.67,2.5,2.57,2092,0
20140508,2.55,2.65,2.54,2.54,1604,0
20140509,2.64,2.64,2.52,2.52,1075,0
20140512,2.52,2.55,2.5,2.55,7137,0
20140513,2.6,2.6,2.51,2.6,1660,0
20140514,2.47,2.59,2.47,2.55,640,0
20140515,2.53,2.58,2.47,2.47,8313,0
20140516,2.34,2.34,2.11,2.31,45660,0
20140519,2.21,2.36,2.2,2.33,20748,0
20140520,2.36,2.42,2.3,2.32,8492,0
20140521,2.4,2.56,2.4,2.43,14118,0
20140522,2.43,2.49,2.38,2.47,3516,0
20140523,2.47,2.47,2.34,2.4,4310,0
20140526,2.41,2.5,2.41,2.42,16233,0
20140527,2.43,2.44,2.42,2.42,5129,0
20140528,2.42,2.42,2.42,2.42,3500,0
20140529,2.45,2.45,2.45,2.45,2,0
20140530,2.45,2.5,2.45,2.47,5836,0
20140602,2.53,2.53,2.48,2.48,1000,0
20140603,2.51,2.51,2.4,2.51,1083,0
20140604,2.51,2.51,2.43,2.51,2628,0
20140605,2.41,2.41,2.4,2.4,2,0
20140606,2.38,2.49,2.38,2.49,1824,0
20140609,2.41,2.41,2.41,2.41,166,0
20140610,2.47,2.47,2.4,2.41,3349,0
20140611,2.41,2.49,2.41,2.41,553,0
20140612,2.49,2.49,2.39,2.4,3497,0
20140613,2.4,2.4,2.39,2.39,401,0
