Date,Open,High,Low,Close,Volume,OpenInt
20091028,13.625,16.393,13.625,14.556,8063,0
20091029,14.387,16.079,14.387,14.683,6583,0
20091030,15.656,15.656,14.81,14.886,8145,0
20091102,14.92,14.979,14.378,14.548,2358,0
20091103,14.378,14.556,13.921,14.378,1107,0
20091104,13.921,14.81,13.921,14.81,104,0
20091105,14.81,14.81,14.81,14.81,142,0
20091106,14.81,16.079,14.81,14.81,2170,0
20091109,14.81,15.148,14.81,14.81,1311,0
20091110,14.81,14.979,14.81,14.81,551,0
20091112,14.81,14.81,14.725,14.725,265,0
20091116,14.725,14.725,14.725,14.725,380,0
20091118,14.641,14.725,14.641,14.641,40,0
20091119,14.573,14.573,14.395,14.395,154,0
20091123,14.81,14.81,14.81,14.81,236,0
20091124,14.81,14.81,14.81,14.81,118,0
20091125,14.81,14.81,14.768,14.768,4,0
20091126,13.295,14.641,13.295,14.641,8651,0
20091203,13.202,14.378,13.202,14.378,2719,0
20091204,13.473,14.378,13.473,14.378,226,0
20091217,14.048,14.387,14.048,14.387,224,0
20091218,13.244,14.387,13.244,14.387,1131,0
20091221,14.387,14.387,14.387,14.387,513,0
20091228,14.387,14.387,14.387,14.387,522,0
20091229,14.387,14.387,14.387,14.387,36,0
20091231,14.387,14.387,14.387,14.387,1574,0
20100104,13.126,14.378,13.126,14.378,92,0
20100105,13.549,13.71,13.54,13.71,1110,0
20100106,13.71,13.71,13.71,13.71,296,0
20100107,13.964,13.964,13.71,13.955,266,0
20100108,13.54,13.668,13.54,13.668,355,0
20100112,13.126,13.532,13.117,13.515,12376,0
20100113,13.701,13.701,13.693,13.693,77,0
20100114,13.117,13.684,13.117,13.684,11852,0
20100115,13.54,13.54,13.54,13.54,116,0
20100122,12.66,13.54,12.66,13.54,143,0
20100126,13.532,13.532,13.532,13.532,58,0
20100202,12.533,13.524,12.533,13.524,177,0
20100205,12.559,12.559,12.55,12.55,300,0
20100216,12.533,12.533,12.533,12.533,97,0
20100222,11.848,12.102,11.848,12.102,176,0
20100226,12.525,12.542,12.525,12.542,233,0
20100302,12.61,12.61,12.61,12.61,83,0
20100304,12.694,12.694,12.694,12.694,47,0
20100310,12.694,12.694,12.694,12.694,1016,0
20100311,12.271,12.271,12.271,12.271,47,0
20100312,12.694,13.447,12.694,13.447,5011,0
20100315,13.54,13.54,13.54,13.54,480,0
20100317,14.218,14.378,14.133,14.133,416,0
20100318,14.378,14.387,14.345,14.345,3240,0
20100329,13.117,14.345,13.117,14.345,237,0
20100330,14.345,14.378,14.345,14.378,193,0
20100331,14.388,14.388,14.26,14.26,1158,0
20100401,14.294,14.302,14.294,14.302,2,0
20100406,14.26,14.26,13.879,13.964,605,0
20100412,13.54,13.921,13.414,13.71,758,0
20100413,12.703,13.202,12.694,12.796,701,0
20100414,13.964,13.964,13.964,13.964,118,0
20100415,13.507,13.54,12.703,13.447,1562,0
20100416,12.948,13.71,12.948,13.117,1304,0
20100419,13.32,13.32,13.117,13.117,7,0
20100420,13.117,13.447,13.117,13.16,593,0
20100421,13.168,13.363,13.117,13.117,602,0
20100423,13.121,13.121,12.307,12.864,876,0
20100426,12.864,12.864,12.864,12.864,149,0
20100427,12.864,12.864,12.694,12.694,439,0
20100428,12.618,12.618,12.61,12.61,644,0
20100429,12.694,12.694,12.61,12.61,121,0
20100430,12.778,12.778,12.607,12.607,68,0
20100504,12.61,12.61,12.525,12.525,146,0
20100505,12.813,12.813,12.813,12.813,4,0
20100506,12.813,12.813,12.813,12.813,2,0
20100507,12.398,12.686,12.398,12.686,125,0
20100510,12.77,12.77,12.356,12.483,827,0
20100511,12.356,12.356,11.679,11.679,3712,0
20100512,11.509,11.509,11.002,11.002,8510,0
20100513,11.002,11.002,9.986,10.579,76008,0
20100514,11.171,11.171,10.054,10.054,24541,0
20100517,10.198,10.198,9.732,10.02,1570,0
20100518,10.232,10.232,9.2752,9.343,19802,0
20100519,9.343,9.343,8.522,8.522,7805,0
20100520,8.6321,8.6321,8.3358,8.4628,4792,0
20100521,8.4628,8.6152,8.4628,8.6152,2451,0
20100524,8.6152,8.6152,8.3698,8.6068,1811,0
20100525,8.539,8.539,7.9551,8.4037,7836,0
20100526,8.4544,8.6914,8.2935,8.6914,1589,0
20100527,8.7082,8.7082,8.5136,8.6997,3184,0
20100528,8.7082,8.7082,8.522,8.6321,6323,0
20100531,8.6328,9.0868,8.6328,8.9412,3504,0
20100601,9.0045,9.0045,8.7168,8.8859,1515,0
20100602,8.8859,8.8859,8.8436,8.8436,3109,0
20100604,8.8436,8.8859,8.8014,8.8014,1558,0
20100607,8.7082,8.7168,8.5475,8.5475,477,0
20100608,8.4544,8.4544,8.3782,8.3782,578,0
20100609,8.3698,8.3782,8.2935,8.3782,1277,0
20100610,8.3782,8.7168,8.3782,8.7168,1740,0
20100611,8.7168,8.7168,8.4712,8.5475,2347,0
20100614,8.6914,8.8859,8.5475,8.7168,1347,0
20100615,8.8014,8.8014,8.7168,8.7168,355,0
20100616,8.8041,8.8041,8.6328,8.7613,839,0
20100617,8.6928,8.6928,8.59,8.6928,803,0
20100618,8.59,8.59,8.4444,8.59,827,0
20100621,8.5898,8.5898,8.4628,8.5898,1005,0
20100622,8.59,8.59,8.1276,8.316,4512,0
20100623,8.2732,8.376,7.8792,8.0762,10937,0
20100624,8.0762,8.0762,7.7164,8.0162,3039,0
20100625,8.0076,8.1533,7.9049,8.1533,557,0
20100628,7.7422,7.8707,7.6908,7.8536,12276,0
20100629,8.119,8.119,7.7679,7.7764,1244,0
20100630,7.9312,7.9664,7.8609,7.9664,2685,0
20100701,7.8792,7.9648,7.7936,7.9648,112,0
20100702,7.9648,8.0333,7.9648,8.0333,185,0
20100705,7.7936,8.0848,7.7936,8.0848,118,0
20100706,7.8021,8.0505,7.7251,8.0505,806,0
20100707,8.0505,8.0505,8.0505,8.0505,81,0
20100708,8.0505,8.3845,8.0505,8.3074,4287,0
20100709,8.3074,8.3845,8.3074,8.3845,72,0
20100712,8.3845,8.3845,8.3845,8.3845,47,0
20100713,8.3845,8.3845,8.1447,8.3845,180,0
20100714,8.3931,8.3931,8.3503,8.3931,389,0
20100715,8.3931,8.4787,8.3074,8.3074,529,0
20100716,8.3074,8.3331,8.1618,8.3331,315,0
20100719,8.059,8.3417,8.0505,8.3417,187,0
20100720,8.3417,8.3417,8.0505,8.0505,401,0
20100721,8.376,8.376,8.2218,8.2218,140,0
20100722,8.2218,8.3674,8.1361,8.3674,505,0
20100723,8.3674,8.4016,8.1019,8.4016,980,0
20100726,8.3845,9.1639,8.1361,8.7356,6465,0
20100727,8.8213,9.4721,8.6928,8.6928,97515,0
20100728,9.1639,9.1639,8.8213,8.8213,7724,0
20100729,9.0782,9.0782,8.9926,9.0697,5919,0
20100730,9.0782,9.0782,8.7784,9.0268,2913,0
20100802,9.1211,9.1639,8.9069,9.1639,3368,0
20100803,9.2495,9.2495,9.0268,9.1639,1771,0
20100804,9.1639,9.1639,8.8898,8.9926,716,0
20100805,8.8898,8.8898,8.5472,8.6672,43690,0
20100806,8.6585,8.8041,8.6585,8.8041,103,0
20100809,8.6672,8.8641,8.6585,8.847,1153,0
20100810,8.8555,8.8555,8.4787,8.7271,1389,0
20100811,8.8128,8.8128,8.4616,8.6415,1271,0
20100812,8.5216,8.7956,8.5216,8.6928,610,0
20100813,8.6415,8.7356,8.6415,8.7356,378,0
20100816,8.7784,8.7784,8.77,8.7784,222,0
20100817,8.7784,8.7784,8.7356,8.7356,58,0
20100818,8.513,8.5472,8.3246,8.5472,1616,0
20100819,8.4188,8.7784,8.4188,8.7784,1217,0
20100820,8.5729,8.7356,8.4359,8.65,836,0
20100823,8.6415,8.7271,8.4274,8.5643,1759,0
20100824,8.5643,8.5643,8.4188,8.5643,3471,0
20100825,8.6928,8.6928,8.6928,8.6928,1,0
20100826,8.65,8.65,8.65,8.65,17,0
20100827,8.4188,8.5643,8.2218,8.5643,4900,0
20100830,8.6415,8.77,8.4787,8.7356,2047,0
20100831,8.7356,8.7356,8.3588,8.7185,274,0
20100901,8.7356,8.7356,8.5643,8.65,1769,0
20100902,8.65,8.9926,8.65,8.8898,5839,0
20100903,8.9069,9.0782,8.8898,8.984,5578,0
20100906,8.9926,9.0354,8.787,8.9926,6580,0
20100907,9.1553,9.1553,9.0354,9.0354,665,0
20100908,8.7784,9.0868,8.7784,9.0868,725,0
20100909,9.0954,9.2495,9.0954,9.2495,7666,0
20100910,9.2495,9.4208,9.1125,9.1125,28629,0
20100913,9.3266,9.506,9.1724,9.506,3366,0
20100914,9.592,9.849,9.506,9.849,6504,0
20100915,9.866,10.149,9.866,9.995,4839,0
20100916,10.097,10.277,9.935,10.217,4872,0
20100917,10.277,10.277,9.935,10.089,3236,0
20100920,10.063,10.277,10.02,10.183,4192,0
20100921,10.089,10.089,9.3008,9.515,7535,0
20100922,9.789,9.789,9.4293,9.755,963,0
20100923,9.823,9.9,9.558,9.798,8182,0
20100924,9.892,9.977,9.806,9.866,5537,0
20100927,9.866,9.977,9.866,9.969,361,0
20100928,9.652,9.96,9.652,9.798,1202,0
20100929,9.789,9.9,9.789,9.875,3128,0
20100930,9.875,9.883,9.849,9.849,3857,0
20101001,9.849,9.892,9.849,9.849,4249,0
20101004,9.849,9.96,9.849,9.96,1747,0
20101005,9.96,10.02,9.849,9.96,2066,0
20101006,10.02,10.02,9.9,10.02,411,0
20101007,10.012,10.012,9.849,9.849,1148,0
20101008,10.02,10.02,9.849,9.849,2359,0
20101011,9.858,10.012,9.858,10.012,526,0
20101012,10.02,10.055,9.815,10.055,874,0
20101013,10.055,10.055,9.815,9.815,764,0
20101014,9.832,9.969,9.832,9.969,130,0
20101015,9.858,9.935,9.815,9.935,691,0
20101018,9.858,10.003,9.858,9.935,893,0
20101019,9.926,9.926,9.815,9.883,5667,0
20101020,9.781,9.875,9.781,9.875,42,0
20101021,9.875,9.892,9.832,9.849,1836,0
20101022,9.849,9.892,9.772,9.772,2376,0
20101025,9.892,9.892,9.798,9.798,158,0
20101026,9.686,9.849,9.686,9.849,3232,0
20101027,9.9,9.9,9.841,9.849,1090,0
20101028,9.935,9.935,9.926,9.926,686,0
20101029,9.848,9.936,9.769,9.936,2160,0
20101102,10.277,10.483,10.277,10.423,7028,0
20101103,10.44,10.44,10.423,10.423,1341,0
20101104,10.431,10.431,10.431,10.431,248,0
20101105,10.277,10.277,10.063,10.063,1217,0
20101108,10.269,10.269,10.089,10.089,531,0
20101109,10.234,10.44,10.115,10.277,6886,0
20101110,10.277,10.44,10.234,10.363,1981,0
20101112,10.423,10.423,10.406,10.406,214,0
20101115,10.406,10.406,10.234,10.346,1226,0
20101116,10.277,10.363,10.277,10.277,1715,0
20101117,10.277,10.277,9.592,9.849,2076,0
20101118,10.32,10.32,9.892,9.892,3376,0
20101119,9.977,9.977,9.977,9.977,303,0
20101122,10.192,10.192,10.003,10.003,887,0
20101123,10.149,10.149,9.798,9.798,409,0
20101124,9.592,9.592,9.4208,9.592,1770,0
20101125,9.4636,9.4636,9.4293,9.4293,1016,0
20101126,9.4636,9.4636,9.4208,9.4636,1441,0
20101129,9.4208,9.4293,9.4208,9.4208,1282,0
20101130,9.4208,9.506,9.4208,9.506,165,0
20101201,9.4208,9.506,9.4208,9.506,178,0
20101202,9.506,9.506,9.4208,9.4208,470,0
20101203,9.506,9.506,9.506,9.506,215,0
20101206,9.4208,9.4208,9.378,9.378,579,0
20101207,9.378,10.192,9.378,10.02,137,0
20101208,9.3865,9.763,9.3865,9.763,64,0
20101209,9.3865,9.4208,9.3865,9.4208,337,0
20101210,9.4208,9.4208,9.4208,9.4208,229,0
20101213,9.678,9.678,9.592,9.592,246,0
20101214,9.3352,9.592,9.3352,9.592,24193,0
20101215,9.3352,9.549,9.3352,9.549,306,0
20101216,9.532,9.635,9.532,9.635,135,0
20101217,9.3352,9.592,9.2924,9.592,1642,0
20101220,9.3523,9.378,9.3437,9.378,362,0
20101221,9.3352,9.4208,9.3352,9.3352,68792,0
20101222,9.4123,9.4123,9.4123,9.4123,175,0
20101223,9.4123,9.4208,9.3352,9.4208,5508,0
20101227,9.3352,9.506,9.3352,9.506,4787,0
20101228,9.541,9.541,9.3865,9.4636,4675,0
20101229,9.4612,9.4612,9.4612,9.4612,211,0
20101230,9.4612,9.681,9.4172,9.681,2526,0
20101231,9.681,9.848,9.681,9.848,728,0
20110103,9.532,9.763,9.532,9.763,29716,0
20110104,9.763,9.763,9.609,9.609,380,0
20110105,9.721,9.721,9.575,9.575,876,0
20110107,9.584,9.721,9.584,9.721,1782,0
20110111,9.763,9.763,9.763,9.763,630,0
20110112,9.763,9.763,9.575,9.584,771,0
20110113,9.763,9.763,9.763,9.763,175,0
20110114,9.592,9.763,9.584,9.635,47117,0
20110117,9.4636,9.4636,9.4636,9.4636,11,0
20110118,9.781,9.806,9.781,9.806,359,0
20110119,9.849,9.849,9.849,9.849,104,0
20110120,9.96,9.977,9.96,9.977,177,0
20110121,10.106,10.106,9.849,9.849,752,0
20110126,9.524,9.532,9.524,9.532,326,0
20110127,9.524,9.524,9.524,9.524,117,0
20110128,9.524,9.524,9.524,9.524,93,0
20110131,9.523,9.523,9.505,9.505,501,0
20110201,9.858,9.866,9.849,9.866,340,0
20110202,9.892,9.892,9.892,9.892,335,0
20110203,9.875,9.883,9.875,9.883,211,0
20110204,9.678,9.678,9.678,9.678,350,0
20110207,9.763,9.763,9.721,9.721,199,0
20110208,9.883,9.926,9.883,9.926,120,0
20110209,9.772,9.772,9.601,9.601,390,0
20110210,9.558,9.558,9.558,9.558,80,0
20110211,9.678,9.678,9.669,9.678,829,0
20110214,9.678,9.678,9.678,9.678,63,0
20110215,9.506,9.935,9.506,9.935,11881,0
20110216,9.935,10.037,9.935,10.037,2504,0
20110217,10.02,10.063,9.943,9.943,906,0
20110218,10.183,10.277,10.183,10.277,975,0
20110221,10.277,10.363,10.277,10.363,761,0
20110222,10.234,10.234,9.763,9.763,277,0
20110223,10.012,10.02,10.012,10.02,234,0
20110224,9.686,9.686,9.678,9.678,350,0
20110228,9.681,9.681,9.681,9.681,406,0
20110301,9.935,9.935,9.678,9.678,60,0
20110302,10.012,10.012,10.012,10.012,117,0
20110303,10.003,10.012,10.003,10.012,147,0
20110307,10.02,10.02,10.02,10.02,11,0
20110308,9.678,10.012,9.678,10.012,103,0
20110309,9.977,9.977,9.977,9.977,11,0
20110310,9.678,9.678,9.678,9.678,360,0
20110311,9.678,9.678,9.592,9.592,813,0
20110314,9.592,9.592,9.3352,9.3352,1296,0
20110315,8.7356,9.0782,8.5729,8.8555,4403,0
20110316,9.1639,9.1639,8.7442,8.7442,17651,0
20110317,8.9926,8.9926,8.9926,8.9926,435,0
20110318,8.9926,8.9926,8.9926,8.9926,952,0
20110321,8.9926,8.9926,8.9926,8.9926,803,0
20110323,8.9926,8.9926,8.9926,8.9926,1284,0
20110324,8.984,8.984,8.8213,8.8213,409,0
20110325,8.984,8.984,8.984,8.984,189,0
20110328,8.984,8.984,8.984,8.984,58,0
20110329,8.8213,8.8213,8.1361,8.1533,50951,0
20110330,8.4872,8.4872,8.2218,8.3674,7072,0
20110331,8.4765,8.5555,8.4765,8.4765,7104,0
20110401,8.5643,8.5643,8.5216,8.5643,2791,0
20110404,8.5643,8.5643,8.4787,8.4787,2169,0
20110405,8.4787,8.5643,8.4787,8.5216,901,0
20110406,8.5558,8.5643,8.5216,8.5216,902,0
20110407,8.5216,8.5216,8.0933,8.1361,20257,0
20110408,8.1361,8.1361,7.6223,7.9563,13073,0
20110411,7.9563,8.0333,7.9563,8.0333,2948,0
20110412,8.0676,8.0676,8.0505,8.0505,1043,0
20110413,8.0505,8.0505,7.8449,7.8449,990,0
20110414,7.9992,7.9992,7.9648,7.9905,564,0
20110415,7.9905,8.1361,7.9648,8.1361,8752,0
20110418,8.256,8.3074,8.179,8.2218,2381,0
20110419,8.256,8.3503,8.256,8.3503,317,0
20110420,8.3503,8.3503,8.2817,8.2817,409,0
20110421,8.3931,8.3931,8.3074,8.3074,2132,0
20110426,8.3074,8.3074,7.9648,7.9648,5848,0
20110427,8.1361,8.2218,8.1361,8.2218,1248,0
20110428,8.3074,8.3931,8.3074,8.3931,1171,0
20110429,8.5116,8.5643,8.5116,8.5643,2067,0
20110502,8.5643,8.65,8.4787,8.4787,3621,0
20110504,8.4787,8.4787,8.2218,8.2218,1056,0
20110505,8.2389,8.3074,8.179,8.3074,1040,0
20110506,8.3845,8.4787,8.2989,8.453,6842,0
20110509,8.2646,8.2646,8.2646,8.2646,81,0
20110510,8.4787,8.6072,8.4787,8.6072,1027,0
20110511,8.6072,8.6328,8.3503,8.6072,6024,0
20110512,8.4016,8.8727,8.4016,8.8727,3569,0
20110513,8.8641,8.8641,8.6072,8.6072,702,0
20110516,8.6072,8.6072,8.6072,8.6072,292,0
20110517,8.6072,8.6072,8.6072,8.6072,117,0
20110518,8.4444,8.6072,8.3503,8.59,1390,0
20110519,8.513,8.5643,8.513,8.5643,1101,0
20110520,8.5643,8.59,8.5216,8.5643,1579,0
20110523,8.1533,8.65,8.1533,8.65,18452,0
20110524,8.65,8.65,8.3074,8.3074,14016,0
20110525,8.4787,8.5643,8.3931,8.5643,618,0
20110526,8.5643,8.5643,8.5216,8.5643,400,0
20110527,8.8213,8.8213,8.6928,8.6928,701,0
20110530,8.6928,8.7356,8.6928,8.7356,83,0
20110531,8.5732,8.5732,8.5732,8.5732,391,0
20110601,8.65,8.65,8.3588,8.4872,247,0
20110602,8.6843,8.6843,8.6843,8.6843,152,0
20110606,8.5216,8.6843,8.5216,8.6843,321,0
20110607,8.6084,8.6084,8.4765,8.4765,874,0
20110608,8.4765,8.4765,8.4765,8.4765,1,0
20110609,8.5643,8.5643,8.5643,8.5643,47,0
20110610,8.4765,8.4765,8.3973,8.3973,843,0
20110613,8.65,8.65,8.6072,8.6072,146,0
20110614,8.65,8.65,8.6072,8.6415,583,0
20110615,8.5558,8.5558,8.5558,8.5558,117,0
20110616,8.5555,8.5643,8.1247,8.5643,3173,0
20110617,8.5555,8.5643,8.5555,8.5555,395,0
20110620,8.2742,8.3533,8.2742,8.3533,467,0
20110621,8.4325,8.4325,8.4325,8.4325,117,0
20110624,8.4325,8.4325,8.3973,8.3973,350,0
20110627,8.3973,8.3973,8.3973,8.3973,583,0
20110628,8.5643,8.5643,8.5643,8.5643,1226,0
20110629,8.6259,8.6259,8.6259,8.6259,188,0
20110630,8.7754,8.7754,8.2654,8.2654,626,0
20110701,8.2654,8.5292,8.2214,8.5292,830,0
20110705,8.6171,8.7051,8.6171,8.7051,763,0
20110706,8.6611,8.6611,8.6611,8.6611,5,0
20110708,8.6523,8.6523,8.6523,8.6523,87,0
20110712,8.3093,8.4412,8.3093,8.4412,796,0
20110713,8.6962,8.6962,8.6962,8.6962,5,0
20110714,8.3093,8.3093,8.2214,8.3093,2548,0
20110715,7.9664,7.9664,7.9664,7.9664,91,0
20110718,7.9137,7.9137,7.9137,7.9137,455,0
20110719,8.3533,8.3533,8.3357,8.3357,216,0
20110720,8.3093,8.3093,8.3093,8.3093,56,0
20110721,7.9225,7.9225,7.9137,7.9137,430,0
20110725,7.9137,7.9137,7.9137,7.9137,397,0
20110728,7.9137,7.9137,7.9137,7.9137,273,0
20110729,8.239,8.2654,8.239,8.2654,568,0
20110801,8.2654,8.2654,8.2654,8.2654,1365,0
20110802,8.3446,8.3446,8.3446,8.3446,2,0
20110803,7.9137,7.9137,7.8345,7.8345,273,0
20110804,7.7378,7.7378,7.7378,7.7378,285,0
20110805,7.2542,7.474,7.2542,7.474,193,0
20110808,7.0344,7.2981,6.8585,6.8585,1903,0
20110809,6.9465,6.9465,6.199,6.4101,1529,0
20110810,6.4188,6.4188,6.2606,6.4188,982,0
20110811,6.4188,6.4188,6.1726,6.4101,803,0
20110812,6.4188,6.5947,6.3309,6.3309,8571,0
20110816,6.9465,6.9465,6.5947,6.5947,341,0
20110817,7.2102,7.2102,6.5068,6.5947,1018,0
20110818,6.5947,6.5947,6.5947,6.5947,114,0
20110819,6.5947,6.5947,6.5947,6.5947,2,0
20110822,6.5947,6.5947,6.0672,6.0672,443,0
20110823,6.5947,7.0344,6.5947,7.0344,108,0
20110824,6.6387,6.6387,6.5947,6.5947,313,0
20110825,6.8409,6.8409,6.5947,6.5947,663,0
20110829,6.8585,6.8585,6.8585,6.8585,341,0
20110830,6.9465,6.9465,6.9465,6.9465,23,0
20110901,6.9465,6.9465,6.5947,6.8497,589,0
20110902,6.5156,6.5156,6.5156,6.5156,267,0
20110905,6.5947,6.5947,6.5947,6.5947,5,0
20110906,6.1551,6.2518,6.1551,6.199,3362,0
20110907,6.5596,6.5596,6.1551,6.4892,512,0
20110908,6.5684,6.5684,6.5684,6.5684,114,0
20110909,6.4188,6.4188,6.1726,6.1726,902,0
20110912,6.1815,6.4101,6.1726,6.4101,1748,0
20110913,6.3309,6.3309,6.3309,6.3309,4236,0
20110915,6.4804,6.498,6.3309,6.3309,2365,0
20110916,6.243,6.243,6.1726,6.1726,18656,0
20110919,6.243,6.243,6.0672,6.0672,1728,0
20110920,6.4892,6.4892,6.4892,6.4892,568,0
20110921,6.3309,6.3309,6.3309,6.3309,8188,0
20110922,6.243,6.243,6.243,6.243,398,0
20110923,6.1551,6.1551,6.1551,6.1551,11373,0
20110926,6.1551,6.1551,6.1551,6.1551,6823,0
20110928,6.5947,6.7706,6.5947,6.7706,1429,0
20110929,6.9025,6.9465,6.9025,6.9465,2468,0
20110930,6.9025,7.0344,6.9025,7.0344,251,0
20111004,6.8585,6.8585,6.8585,6.8585,2388,0
20111005,7.0256,7.0256,6.5947,6.5947,85490,0
20111006,6.9992,6.9992,6.9992,6.9992,55,0
20111007,6.6827,6.6827,6.5947,6.5947,447,0
20111010,7.474,7.474,7.474,7.474,114,0
20111011,7.474,8.2654,7.474,8.2654,2165,0
20111017,7.9137,7.9137,7.4477,7.4477,1069,0
20111021,8.072,8.072,8.072,8.072,114,0
20111024,7.9577,7.9577,7.9577,7.9577,56,0
20111025,7.9577,7.9577,7.9577,7.9577,79,0
20111026,8.1335,8.1335,8.1335,8.1335,56,0
20111027,7.6499,8.116,7.3861,7.3861,89,0
20111028,8.116,8.1247,7.6499,7.6499,807,0
20111102,7.2981,7.2981,7.2981,7.2981,307,0
20111103,7.307,7.307,7.307,7.307,2,0
20111107,7.3157,7.3157,7.3157,7.3157,5,0
20111110,7.3157,7.562,7.0432,7.0432,649,0
20111114,7.6939,7.6939,7.6939,7.6939,5,0
20111115,7.3861,7.3861,7.3861,7.3861,97,0
20111116,7.6499,7.6499,7.6499,7.6499,56,0
20111117,7.6499,7.6499,7.6499,7.6499,56,0
20111118,7.6411,7.6411,7.6411,7.6411,17,0
20111121,7.6411,7.6411,7.6411,7.6411,11,0
20111122,7.6411,7.6411,7.0519,7.474,437,0
20111123,7.2102,7.2102,6.9465,6.9465,337,0
20111124,6.964,6.964,6.8585,6.8585,431,0
20111128,7.474,7.474,7.474,7.474,5,0
20111129,6.8585,7.4653,6.8585,7.4653,100,0
20111130,6.8673,7.2454,6.8673,7.2454,227,0
20111201,6.8585,6.8585,6.8585,6.8585,114,0
20111202,6.8585,6.8585,6.8322,6.8322,118,0
20111205,6.7706,6.7706,6.7706,6.7706,114,0
20111206,6.1551,6.3309,6.1551,6.1639,2997,0
20111207,6.4188,6.6739,6.4188,6.6739,93,0
20111208,6.5068,6.8497,6.1551,6.1551,1114,0
20111209,6.3309,6.6827,6.3309,6.6827,1324,0
20111212,6.7706,7.0344,6.7706,7.0344,6988,0
20111213,7.3861,7.43,7.3861,7.43,850,0
20111214,7.0344,7.0344,7.0344,7.0344,114,0
20111215,7.0256,7.0344,7.0256,7.0344,215,0
20111216,7.0344,7.0344,7.0344,7.0344,341,0
20111219,7.474,7.474,7.474,7.474,17,0
20111220,7.474,7.474,7.474,7.474,5,0
20111221,7.0344,7.0344,6.8673,6.8673,512,0
20111222,7.4653,7.4653,7.4653,7.4653,5,0
20111223,6.8673,7.3773,6.8585,7.3773,274,0
20111227,6.6827,7.263,6.6827,7.263,206,0
20111229,7.0344,7.6411,7.0344,7.3421,2967,0
20111230,7.6389,8.0715,7.4733,7.4733,1813,0
20120102,7.6059,7.6499,7.6059,7.6499,1056,0
20120103,8.0631,8.0631,7.9137,7.9137,226,0
20120104,7.9225,7.9225,7.0344,7.0344,982,0
20120105,7.6499,7.6499,7.0519,7.0519,124,0
20120110,7.0344,7.562,7.0344,7.562,1786,0
20120111,7.0519,7.43,7.0432,7.0432,603,0
20120112,7.5532,7.5532,7.5532,7.5532,114,0
20120113,7.5532,7.5532,7.5532,7.5532,91,0
20120118,7.6499,7.6499,7.6499,7.6499,16,0
20120119,7.2102,7.6323,7.0695,7.6323,148,0
20120120,7.562,7.8258,7.562,7.8258,739,0
20120123,7.0344,7.2981,7.0344,7.1662,7543,0
20120124,7.3421,7.3421,6.7706,6.9465,4624,0
20120125,7.1662,7.1662,6.7706,7.1399,955,0
20120126,6.9816,6.9905,6.9465,6.9465,2295,0
20120127,6.9465,6.9728,6.9465,6.9728,716,0
20120130,6.9728,7.1662,6.5947,6.709,6048,0
20120131,6.6818,6.6818,6.5989,6.5989,6952,0
20120201,6.6387,6.7442,6.5068,6.7442,4191,0
20120202,6.7266,6.8057,6.5771,6.5771,50996,0
20120203,6.6739,6.6827,6.4892,6.4892,6721,0
20120206,6.6299,6.6651,6.5596,6.6651,55586,0
20120207,6.6123,6.6123,6.3749,6.4013,6692,0
20120208,6.4188,6.6651,6.4188,6.6563,244507,0
20120209,6.709,6.8673,6.6827,6.8673,168818,0
20120210,6.797,6.8409,6.797,6.8146,71659,0
20120213,6.8585,6.9201,6.8585,6.9113,3267,0
20120214,6.8762,7.0256,6.8762,6.964,461408,0
20120215,7.0344,7.0344,6.964,6.964,3849,0
20120216,6.9201,6.9201,6.8585,6.8585,1464,0
20120217,6.9465,7.1662,6.9465,7.1662,7492,0
20120220,7.1223,7.1662,7.0519,7.1223,3772,0
20120221,7.1311,7.2894,7.1311,7.2894,1678,0
20120222,7.2806,7.2894,7.1399,7.2718,2135,0
20120223,6.9113,7.2718,6.9113,7.2542,6627,0
20120224,7.0344,7.2102,7.0344,7.0519,687,0
20120227,7.0784,7.1751,7.0784,7.1662,341,0
20120228,7.0344,7.0784,6.9552,6.9552,739,0
20120229,6.9671,7.1235,6.8566,6.8566,2859,0
20120301,6.9552,7.1399,6.9552,7.1223,7780,0
20120302,7.1223,7.1223,7.0695,7.1223,41408,0
20120305,7.2278,7.2278,7.1223,7.1223,7144,0
20120306,7.1662,7.2278,7.1662,7.1751,4728,0
20120307,7.1662,7.2102,7.1662,7.1662,1640,0
20120308,7.2191,7.2981,7.1751,7.1751,1231,0
20120309,7.2894,7.2981,7.2894,7.2981,568,0
20120312,7.3861,7.474,7.3861,7.4564,6015,0
20120313,7.518,8.0895,7.518,7.9137,16999,0
20120314,7.9137,7.9137,7.3949,7.3949,25974,0
20120315,7.2981,7.518,7.2981,7.518,63321,0
20120316,7.5883,7.6059,7.518,7.518,6855,0
20120319,7.351,7.5356,7.351,7.474,1239,0
20120320,7.4916,7.4916,7.474,7.474,2033,0
20120321,7.43,7.474,7.43,7.474,904,0
20120322,7.474,7.5972,7.4389,7.4389,5743,0
20120326,7.474,7.5883,7.474,7.5883,807,0
20120327,7.5883,7.5883,7.5883,7.5883,137,0
20120328,7.5443,7.5532,7.5443,7.5532,227,0
20120329,7.474,7.8169,7.474,7.8169,2414,0
20120330,7.7034,7.9979,7.6942,7.915,4671,0
20120402,8.0017,8.0017,7.9137,7.9137,237,0
20120405,7.7378,7.7378,7.7378,7.7378,341,0
20120410,7.7378,7.7378,7.6499,7.6499,774,0
20120411,7.474,7.518,7.4653,7.518,387,0
20120412,7.474,7.474,7.4653,7.4653,1437,0
20120413,7.4477,7.4829,7.4477,7.4829,250,0
20120416,7.7994,7.7994,7.4829,7.4829,142,0
20120417,7.474,7.474,7.474,7.474,67,0
20120418,7.562,7.7378,7.562,7.6059,705,0
20120419,7.474,7.474,7.474,7.474,2004,0
20120420,7.474,7.474,7.474,7.474,227,0
20120423,7.474,7.474,7.43,7.43,2578,0
20120424,7.6059,7.6059,7.2981,7.3861,768,0
20120425,7.474,7.474,7.474,7.474,341,0
20120426,7.518,7.518,7.518,7.518,285,0
20120427,7.518,7.5532,7.518,7.5532,250,0
20120504,7.4829,7.4829,7.474,7.474,341,0
20120507,7.4653,7.4653,7.4653,7.4653,66,0
20120508,7.4653,7.474,7.4653,7.474,715,0
20120510,7.474,7.474,7.474,7.474,217,0
20120514,7.474,7.474,7.474,7.474,216,0
20120515,7.474,7.474,7.474,7.474,10690,0
20120516,7.4653,7.4653,7.43,7.4389,2004,0
20120517,7.4564,7.4564,7.3949,7.3949,8653,0
20120518,7.0344,7.0344,7.0344,7.0344,38102,0
20120521,7.0344,7.0344,7.0344,7.0344,268,0
20120524,7.0344,7.0344,6.9289,6.9289,1866,0
20120525,6.9289,6.9289,6.9289,6.9289,456,0
20120529,7.3773,7.3773,6.8585,6.8585,115,0
20120530,6.8585,6.8585,6.8585,6.8585,114,0
20120601,6.8585,6.8937,6.8585,6.8937,327,0
20120604,6.8937,6.8937,6.8937,6.8937,79,0
20120611,6.8937,6.8937,6.8937,6.8937,536,0
20120619,7.3773,7.3773,7.3773,7.3773,13,0
20120620,6.8843,6.8843,6.8843,6.8843,114,0
20120621,7.1235,7.1235,7.1235,7.1235,113,0
20120622,7.3812,7.3812,7.3812,7.3812,1,0
20120626,7.3812,7.3812,7.3812,7.3812,1,0
20120627,7.142,7.142,7.0591,7.0959,911,0
20120702,7.5929,7.5929,7.5929,7.5929,136,0
20120703,7.5837,7.5837,7.5837,7.5837,21,0
20120711,7.5929,7.5929,7.5929,7.5929,1,0
20120712,7.5837,7.5837,7.5837,7.5837,1,0
20120713,7.4089,7.4089,7.0867,7.1327,2635,0
20120716,7.0867,7.1788,6.9947,7.1788,22274,0
20120717,6.9947,6.9947,6.9947,6.9947,1432,0
20120719,6.4793,7.3536,6.4793,7.3536,51661,0
20120720,7.3628,7.3628,7.3628,7.3628,1040,0
20120724,7.3628,7.3628,7.3628,7.3628,108,0
20120726,7.372,7.372,7.2708,7.2708,46,0
20120727,7.28,7.28,7.28,7.28,37,0
20120731,6.9303,6.9303,6.9303,6.9303,327,0
20120802,7.0867,7.1696,7.0867,7.1696,328,0
20120807,7.3444,7.3444,7.3444,7.3444,1,0
20120816,7.3444,7.3444,6.7462,6.7462,206,0
20120817,6.7646,6.7646,6.7646,6.7646,3,0
20120820,6.7646,6.7646,6.7646,6.7646,2,0
20120821,6.7646,6.7646,6.7646,6.7646,2,0
20120823,6.7738,6.7738,6.7738,6.7738,2,0
20120830,6.9027,6.9027,6.9027,6.9027,1,0
20120831,6.9027,6.9027,6.9027,6.9027,1,0
20120903,6.9027,6.9027,6.9027,6.9027,36,0
20120904,6.7646,6.8106,6.7646,6.8106,264,0
20120905,6.6818,6.6818,6.6358,6.6358,1184,0
20120906,6.2676,6.6358,6.2676,6.6358,1518,0
20120910,6.4517,6.4517,6.4517,6.4517,22,0
20120911,6.8106,6.8106,6.783,6.8106,1171,0
20120913,6.8106,6.8106,6.8106,6.8106,1,0
20120914,6.6266,6.6266,6.6266,6.6266,151,0
20120917,6.8106,6.8106,6.8106,6.8106,252,0
20120918,7.3536,7.3536,7.3536,7.3536,1,0
20120919,7.3536,7.5929,7.3536,7.5929,1543,0
20120920,7.6205,8.366,7.6205,8.366,6800,0
20120924,7.6574,8.366,7.6574,8.366,1217,0
20120925,8.4673,8.7434,8.4673,8.6974,1087,0
20120926,8.6329,8.6329,8.6329,8.6329,1,0
20120927,8.6145,9.1115,8.6145,9.1115,1779,0
20120928,8.2556,8.7434,8.2004,8.7434,1721,0
20121001,8.2648,8.2648,8.1451,8.2096,733,0
20121002,7.8322,7.915,7.7586,7.7586,544,0
20121003,8.1451,8.1451,7.7402,7.7402,768,0
20121004,7.731,7.731,7.731,7.731,1,0
20121005,7.731,8.182,7.3904,8.1359,1536,0
20121008,8.412,8.5593,7.823,7.869,2667,0
20121009,7.6389,7.6389,7.6389,7.6389,3364,0
20121010,7.4181,7.4549,7.372,7.372,413,0
20121012,7.731,7.731,7.731,7.731,1,0
20121015,7.731,7.731,7.731,7.731,22,0
20121016,7.731,7.731,7.731,7.731,1,0
20121017,7.731,7.731,7.731,7.731,1,0
20121018,7.6205,7.6205,7.6205,7.6205,1,0
20121019,7.6205,7.6389,7.6205,7.6389,93,0
20121022,8.1359,8.1359,8.1359,8.1359,1,0
20121023,8.1267,8.1267,8.1267,8.1267,1,0
20121024,8.0991,8.0991,8.0991,8.0991,1,0
20121025,8.0807,8.0807,8.0807,8.0807,1,0
20121030,7.731,7.731,7.731,7.731,1,0
20121031,7.7678,7.777,7.7678,7.777,12,0
20121102,7.777,7.777,7.3628,7.777,12,0
20121105,7.823,7.823,7.823,7.823,1,0
20121106,7.6389,7.731,7.6389,7.685,34700,0
20121107,7.823,7.823,7.823,7.823,1,0
20121108,8.1267,8.1267,8.1267,8.1267,1,0
20121109,8.0991,8.0991,8.0991,8.0991,1,0
20121112,8.0991,8.0991,8.0991,8.0991,1,0
20121114,8.0807,8.0807,8.0807,8.0807,37,0
20121115,8.0531,8.0531,8.0531,8.0531,1,0
20121116,8.0347,8.0347,8.0347,8.0347,16,0
20121120,8.0071,8.0071,8.0071,8.0071,1,0
20121121,7.9611,7.9611,7.9611,7.9611,1,0
20121122,7.915,7.915,7.915,7.915,1,0
20121123,7.915,7.915,7.915,7.915,125,0
20121126,7.915,7.915,7.915,7.915,142,0
20121127,7.915,7.915,7.915,7.915,1,0
20121128,7.915,7.915,7.915,7.915,1,0
20121129,8.0071,8.1912,8.0071,8.1912,511,0
20121130,8.182,8.182,8.182,8.182,1,0
20121203,8.1727,8.1727,8.1727,8.1727,1,0
20121204,8.1451,8.1451,8.1451,8.1451,22,0
20121205,7.915,8.2832,7.869,8.2832,1730,0
20121206,8.182,8.182,8.182,8.182,1,0
20121207,8.4673,8.4673,8.4673,8.4673,272,0
20121210,8.5777,8.5777,8.5777,8.5777,315,0
20121211,8.5593,8.5593,8.5593,8.5593,1,0
20121212,8.0991,8.5593,8.0991,8.5593,310,0
20121213,8.2832,8.2832,8.2832,8.2832,287,0
20121214,8.5593,8.5777,8.5593,8.5777,273,0
20121217,8.3292,8.3292,8.3292,8.3292,2,0
20121218,8.2832,8.2832,8.2832,8.2832,152,0
20121219,8.3752,8.3752,8.3752,8.3752,65,0
20121220,8.2832,8.2832,8.2832,8.2832,59,0
20121228,8.5593,8.6513,8.4673,8.4673,1184,0
20130102,8.4673,8.6053,8.4673,8.6053,1087,0
20130103,8.6053,8.6053,8.6053,8.6053,1,0
20130104,8.5593,8.5593,8.5593,8.5593,116,0
20130107,8.6053,8.6053,8.6053,8.6053,250,0
20130108,8.6053,8.6053,8.6053,8.6053,1,0
20130110,8.5593,8.5593,8.5593,8.5593,281,0
20130111,8.4673,8.6421,8.4673,8.6421,152,0
20130114,8.4673,8.4673,8.4673,8.4673,76,0
20130115,8.5133,8.5133,8.5133,8.5133,120,0
20130116,8.5133,8.5133,8.4673,8.5133,38507,0
20130121,8.4673,8.4673,8.3016,8.3016,113,0
20130124,8.5869,8.5869,8.5869,8.5869,1,0
20130125,8.6513,9.1115,8.6513,8.9274,2187,0
20130128,9.0655,9.0655,9.0655,9.0655,1,0
20130129,9.0655,9.0655,9.0655,9.0655,1,0
20130130,9.0655,9.3876,9.0655,9.3048,2004,0
20130201,9.222,9.222,9.222,9.222,54,0
20130204,9.222,9.3876,8.7526,9.3876,1331,0
20130205,9.2035,9.2035,9.2035,9.2035,54,0
20130206,9.2035,9.3876,9.2035,9.3876,34953,0
20130207,9.664,9.664,9.406,9.406,141,0
20130208,9.406,9.406,9.406,9.406,20,0
20130211,9.664,9.664,9.655,9.655,247,0
20130212,9.2956,10.124,9.2127,9.756,7905,0
20130213,10.124,10.584,10.105,10.105,8523,0
20130214,10.105,10.124,10.105,10.124,13651,0
20130215,9.673,10.124,9.3876,10.124,12414,0
20130218,9.756,9.756,9.756,9.756,87,0
20130219,9.783,9.783,9.783,9.783,104,0
20130220,10.253,10.722,10.253,10.492,306,0
20130221,9.526,10.492,9.526,10.492,4794,0
20130222,10.492,11.044,10.492,11.044,3337,0
20130225,11.228,11.228,11.044,11.145,13249,0
20130226,11.145,11.145,11.145,11.145,109,0
20130227,10.639,11.044,10.584,11.044,806,0
20130301,10.17,11.044,10.17,11.044,590,0
20130304,11.044,11.044,11.044,11.044,1,0
20130305,10.584,10.584,10.584,10.584,109,0
20130306,10.584,10.584,10.271,10.271,310,0
20130308,10.584,10.584,10.584,10.584,197,0
20130311,10.584,10.584,10.584,10.584,217,0
20130312,10.584,10.584,10.584,10.584,261,0
20130313,10.354,10.584,10.354,10.584,1684,0
20130314,10.584,10.584,10.584,10.584,163,0
20130315,10.584,10.584,10.584,10.584,1,0
20130318,10.354,10.492,10.354,10.409,706,0
20130319,10.492,10.492,10.354,10.354,380,0
20130320,10.188,10.188,10.161,10.161,278,0
20130321,10.161,10.161,10.161,10.161,109,0
20130322,10.584,10.584,10.161,10.161,141,0
20130325,10.575,10.575,10.575,10.575,543,0
20130326,10.566,10.566,10.566,10.566,27,0
20130327,10.216,10.538,10.216,10.538,1146,0
20130402,10.538,10.538,10.538,10.538,22,0
20130403,10.4,10.4,10.4,10.4,22,0
20130404,10.326,10.326,10.326,10.326,1,0
20130405,10.188,10.188,10.17,10.17,180,0
20130408,10.161,10.538,10.161,10.538,1815,0
20130411,10.529,10.529,10.4,10.4,2038,0
20130412,10.4,10.529,10.17,10.529,549,0
20130415,10.032,10.658,10.032,10.658,254,0
20130417,10.556,10.556,10.013,10.013,90,0
20130418,10.013,10.013,9.664,9.664,880,0
20130419,9.3968,9.3968,9.2035,9.3876,9740,0
20130422,9.3876,9.3876,9.3876,9.3876,174,0
20130423,9.664,9.664,9.664,9.664,1,0
20130424,9.664,9.664,9.664,9.664,1,0
20130425,9.2035,9.3876,9.2035,9.3876,163,0
20130426,9.2864,9.2864,9.2035,9.2035,25273,0
20130429,9.2035,9.2035,9.2035,9.2035,1087,0
20130430,9.2,9.2,9.2,9.2,130,0
20130502,9.2035,9.2035,9.2035,9.2035,9,0
20130506,9.2035,9.2035,9.2035,9.2035,402,0
20130507,9.2035,9.2035,9.2035,9.2035,293,0
20130508,9.2035,9.2864,9.2035,9.2035,16776,0
20130509,9.2035,9.2035,9.2035,9.2035,109,0
20130510,9.2035,9.2588,9.2035,9.2035,19433,0
20130514,9.2035,9.2035,9.1115,9.2035,6605,0
20130515,9.2035,9.2035,9.2035,9.2035,350,0
20130516,9.1115,9.1115,9.0747,9.0931,620,0
20130517,9.1391,9.1943,9.1391,9.1943,565,0
20130520,9.1207,9.1207,8.9735,9.0287,1575,0
20130521,9.0287,9.0287,8.9274,8.9274,11088,0
20130522,8.725,9.1943,8.6513,8.7434,17740,0
20130523,8.7434,8.7434,8.5593,8.5593,1496,0
20130524,8.7434,8.7434,8.4397,8.4397,1096,0
20130527,8.5317,8.5317,8.5317,8.5317,22,0
20130528,8.7342,9.2035,8.7342,9.2035,25867,0
20130529,9.2,9.2,9.2,9.2,799,0
20130531,9.2,9.2,9.2,9.2,37,0
20130603,9.2035,9.2035,9.2035,9.2035,1005,0
20130604,9.2,9.2,9.11,9.11,31100,0
20130605,9.11,9.11,9.02,9.02,11958,0
20130606,9.02,9.02,8.98,9.02,4529,0
20130607,9.0195,9.0195,8.8354,8.8354,3461,0
20130610,9.0195,9.0195,9.0195,9.0195,8394,0
20130611,8.9274,8.9274,8.6605,8.6974,6078,0
20130612,8.7434,8.7434,8.6974,8.7434,5609,0
20130613,8.7434,8.7434,8.7434,8.7434,554,0
20130614,8.7434,8.7434,8.7434,8.7434,369,0
20130617,8.7434,8.7434,8.7434,8.7434,404,0
20130619,8.7434,8.7434,8.6974,8.7434,8791,0
20130620,8.8354,8.8354,8.6974,8.6974,1331,0
20130621,8.7,8.83,8.7,8.79,2923,0
20130624,8.771,8.771,8.6974,8.6974,972,0
20130625,8.74,8.74,8.73,8.73,2240,0
20130626,8.74,8.74,8.74,8.74,11258,0
20130627,8.74,8.74,8.71,8.71,2369,0
20130628,8.7434,8.7434,8.7434,8.7434,1223,0
20130701,8.74,8.74,8.65,8.74,10322,0
20130702,8.65,8.74,8.65,8.74,2119,0
20130703,8.74,8.74,8.74,8.74,801,0
20130704,8.74,8.84,8.74,8.74,279276,0
20130705,8.97,9.19,8.97,9.09,207835,0
20130708,9.09,9.34,9.09,9.34,7428,0
20130709,9.38,9.43,9.34,9.36,7270,0
20130710,9.36,9.36,9.21,9.21,990,0
20130711,9.4,9.4,9.4,9.4,933,0
20130712,9.5,9.5,9.5,9.5,759,0
20130715,9.5,9.5,9.2,9.2,262,0
20130716,9.25,9.25,9.2,9.2,486,0
20130717,9.2,9.2,9.05,9.2,1451,0
20130719,9.14,9.14,9.14,9.14,105,0
20130722,9.05,9.13,9.05,9.13,140,0
20130724,9.36,9.36,9.34,9.34,577,0
20130725,9.35,9.35,9.08,9.08,308,0
20130726,9.21,9.4,8.91,9,2372,0
20130729,9.05,9.05,9.05,9.05,60,0
20130802,9.1,9.1,9.1,9.1,41799,0
20130805,8.95,9.1,8.95,8.95,140,0
20130807,9.05,9.05,9.05,9.05,90,0
20130809,9,9,9,9,90,0
20130812,8.95,9,8.88,9,460,0
20130813,8.98,8.98,8.98,8.98,12130,0
20130814,9.1,9.1,9,9,430,0
20130819,8.9,8.9,8.6,8.6,91,0
20130820,9.2,9.2,9.2,9.2,100,0
20130821,9,9,9,9,1000,0
20130822,8.99,9.15,8.99,9.15,497,0
20130823,8.75,9.2,8.75,9.2,455,0
20130826,8.77,8.77,8.77,8.77,100,0
20130827,8.78,8.78,8.78,8.78,10,0
20130829,9,9,8.81,8.81,210,0
20130903,8.95,9,8.95,9,50270,0
20130905,8.91,8.91,8.9,8.9,300,0
20130911,9.2,9.2,9.2,9.2,25,0
20130912,9.15,9.15,9.15,9.15,8,0
20130913,9.18,9.18,9.18,9.18,180,0
20130916,9.18,9.3,9.18,9.3,15391,0
20130917,9.45,9.5,9.45,9.5,2619,0
20130918,9.55,9.55,9.55,9.55,100,0
20130919,9.54,9.54,9.33,9.33,425,0
20130923,9.35,9.35,9.35,9.35,618,0
20130924,9.39,9.5,9.39,9.5,656,0
20130925,9.45,9.54,9.45,9.51,153,0
20130926,9.54,9.62,9.54,9.62,478,0
20130927,9.7,9.77,9.7,9.77,1438,0
20130930,9.8,9.8,9.8,9.8,10,0
20131001,9.8,9.85,9.8,9.8,766,0
20131002,9.8,9.8,9.8,9.8,170,0
20131003,9.85,9.9,9.85,9.89,163035,0
20131004,9.97,9.97,9.8,9.8,104388,0
20131007,9.8,9.8,9.8,9.8,1000,0
20131008,9.8,9.8,9.8,9.8,4,0
20131009,9.06,9.06,9.06,9.06,1,0
20131010,9.21,9.77,9.21,9.77,125,0
20131011,9.07,9.5,9.07,9.23,1078,0
20131014,9.26,9.26,9.2,9.22,1499,0
20131015,9.22,9.22,9.21,9.21,93,0
20131016,9.47,9.5,9.47,9.49,449,0
20131017,9.49,9.49,9.49,9.49,230,0
20131021,9.49,9.5,9.36,9.36,940,0
20131022,9.34,9.7,9.34,9.6,3888,0
20131024,9.7,9.97,9.7,9.9,502,0
20131025,9.85,9.9,9.8,9.8,115600,0
20131029,9.8,9.8,9.8,9.8,160000,0
20131030,9.5,9.5,9.39,9.39,1359,0
20131031,9.97,9.97,9.97,9.97,1,0
20131104,9.97,9.97,9.97,9.97,200,0
20131106,9.45,9.95,9.45,9.95,180,0
20131107,9.94,9.94,9.94,9.94,1,0
20131108,9.9,9.9,9.9,9.9,102,0
20131112,9.93,9.93,9.93,9.93,1,0
20131113,9.89,9.89,9.89,9.89,1,0
20131115,9.88,9.88,9.88,9.88,1,0
20131118,9.41,9.41,9.4,9.4,333,0
20131119,9.4,9.8,9.4,9.8,171711,0
20131120,9.42,9.42,9.42,9.42,1,0
20131121,9.4,9.4,9.4,9.4,115,0
20131122,9.41,9.85,9.41,9.8,80774,0
20131125,9.8,9.8,9.41,9.6,384,0
20131126,9.7,9.7,9.24,9.24,686,0
20131129,9.3,9.3,9.29,9.29,45,0
20131202,9.6,9.6,9.6,9.6,1,0
20131203,9.6,9.7,9.5,9.5,320,0
20131204,9.49,9.55,9.49,9.55,104,0
20131205,9.5,9.5,9.33,9.33,169,0
20131206,9.33,9.33,9.21,9.21,1115,0
20131209,9.21,9.21,9.2,9.2,200,0
20131210,9.49,9.49,9.49,9.49,1,0
20131211,9.49,9.49,9.21,9.49,275,0
20131212,9.48,9.48,9.48,9.48,75,0
20131216,9.21,9.5,9.21,9.5,51052,0
20131217,9.49,9.49,9.49,9.49,39,0
20131219,9.21,9.49,9.1,9.1,1615,0
20131223,9.1,9.5,9.1,9.5,1631,0
20131230,9.8,9.8,9.28,9.28,50435,0
20140102,9.8,9.8,9.8,9.8,5,0
20140107,9.3,9.3,9.3,9.3,157,0
20140108,9.4,9.4,9.4,9.4,48,0
20140109,9.4,9.4,9.4,9.4,5,0
20140113,9.48,9.48,9.48,9.48,2,0
20140114,9.48,9.48,9.48,9.48,10,0
20140115,9.46,9.48,9.46,9.48,120,0
20140120,9.35,9.35,9.27,9.27,793,0
20140121,9.26,9.27,9.02,9.02,327,0
20140124,9.03,9.03,9.03,9.03,50,0
20140127,9.03,9.03,9.02,9.02,100,0
20140128,9.39,9.39,9.39,9.39,5,0
20140129,9.38,9.38,8.82,8.82,1070,0
20140130,8.9,8.9,8.7,8.82,595,0
20140131,9.25,9.25,9.25,9.25,35,0
20140204,9.02,9.02,9.02,9.02,300,0
20140205,9.02,9.24,9.02,9.24,71,0
20140207,9.02,9.02,8.77,9,100126,0
20140210,9.24,9.24,9.24,9.24,1,0
20140211,9.24,9.25,9.24,9.24,333,0
20140212,9.4,9.4,9.4,9.4,1,0
20140213,9.4,9.4,9.4,9.4,100,0
20140218,9.42,9.45,9.3,9.45,7104,0
20140220,9.04,9.05,9.03,9.05,574,0
20140221,9.1,9.1,9.05,9.05,1043,0
20140224,9.05,9.05,9.02,9.02,2100,0
20140225,9.02,9.02,9.02,9.02,3,0
20140227,9,9,9,9,309,0
20140228,8.88,9,8.88,9,729,0
20140303,8.56,8.59,8.11,8.13,3967,0
20140304,8.22,8.22,8.13,8.13,1053,0
20140306,8.5,8.5,8.5,8.5,10,0
20140307,8.5,8.66,8.5,8.58,273,0
20140310,8.58,8.58,8.58,8.58,327,0
20140311,8.3,8.97,8.3,8.97,140,0
20140313,8.23,8.33,8.23,8.33,199,0
20140314,8.98,8.98,8.5,8.5,300,0
20140317,8.5,8.52,8.5,8.5,513,0
20140320,9,9,9,9,100,0
20140321,8.89,8.89,8.89,8.89,1,0
20140324,8.89,8.89,8.89,8.89,1,0
20140401,8.89,8.89,8.89,8.89,1,0
20140402,8.88,8.89,8.88,8.89,147,0
20140407,8.9,8.9,8.9,8.9,1,0
20140408,8.9,8.9,8.9,8.9,1,0
20140410,8.9,8.9,8.9,8.9,100,0
20140411,8.85,8.85,8.85,8.85,170,0
20140416,8.8,8.8,8.8,8.8,1,0
20140417,8.8,8.8,8.8,8.8,1,0
20140425,8.81,8.81,8.8,8.8,23,0
20140428,8.8,8.8,8.8,8.8,1,0
20140429,9.28,9.28,9.27,9.27,12,0
20140505,8.8,9.27,8.8,9.27,4,0
20140506,8.8,8.8,8.8,8.8,1,0
20140507,8.8,8.8,8.8,8.8,2,0
20140512,8.8,8.8,8.8,8.8,1,0
20140513,8.79,8.79,8.79,8.79,1,0
20140514,8.8,8.8,8.8,8.8,1,0
20140515,8.15,8.35,8,8.1,3630,0
20140519,8.1,8.1,7.98,7.98,473,0
20140520,7.95,8,7.9,8,301,0
20140521,7.75,8,7.75,8,2,0
20140522,8,8,8,8,69,0
20140523,8.27,8.27,8.27,8.27,1,0
20140527,8.2,8.2,8.2,8.2,1,0
20140529,8.2,8.2,8.2,8.2,306,0
20140530,8,8,8,8,300,0
20140602,7.77,7.77,7.76,7.76,306,0
20140603,7.9,7.9,7.9,7.9,922,0
20140604,7.9,7.9,7.9,7.9,326,0
20140605,7.9,7.9,7.9,7.9,96,0
20140606,7.98,7.98,7.98,7.98,1,0
20140609,7.99,7.99,7.99,7.99,113,0
20140610,7.9,7.9,7.9,7.9,377,0
20140611,7.79,7.79,7.76,7.76,1175,0
20140612,7.76,7.76,7.76,7.76,280,0
