Date,Open,High,Low,Close,Volume,OpenInt
20061211,9.2685,9.917,7.9153,8.0637,1416748,0
20061212,8.2026,8.3973,8.11,8.1192,219815,0
20061213,8.1563,8.3324,7.7393,7.9709,77534,0
20061214,7.9709,8.0637,7.7022,7.8041,62261,0
20061215,7.8041,7.8041,7.2295,7.7856,67853,0
20061218,7.7393,8.0358,7.7393,7.9709,24689,0
20061219,8.0637,8.0637,7.7856,7.7856,32386,0
20061220,7.9617,7.9617,7.5075,7.6188,42769,0
20061221,7.4612,7.4982,7.3406,7.489,74562,0
20061222,7.4797,7.4797,7.35,7.35,45780,0
20061227,7.4148,7.767,7.2387,7.6095,30453,0
20061228,7.7393,7.7393,7.3406,7.4148,37477,0
20061229,7.4148,7.5539,7.3314,7.4055,19284,0
20070102,7.3684,7.3684,7.2295,7.3684,19234,0
20070103,7.3777,7.526,7.3222,7.3684,55251,0
20070104,7.3593,7.4055,7.3222,7.3593,17110,0
20070105,7.3406,7.4148,7.3314,7.3963,30736,0
20070108,7.4055,7.4055,7.2758,7.35,17175,0
20070109,7.2851,7.3684,7.2387,7.2387,36003,0
20070110,7.2387,7.3406,7.2295,7.2387,8901,0
20070111,7.2387,7.2758,7.1368,7.2017,45782,0
20070112,7.2201,7.2201,7.1368,7.183,23257,0
20070115,7.183,7.6466,7.1368,7.4612,251954,0
20070116,7.5168,7.6928,7.4612,7.6002,78452,0
20070117,7.7206,7.7577,7.628,7.6928,48375,0
20070118,7.7022,8.1563,7.7022,7.7856,79903,0
20070119,7.9709,8.1563,7.6095,7.9246,86269,0
20070122,8.045,8.2026,8.045,8.1378,85236,0
20070123,8.1563,8.2491,7.9802,8.2397,69850,0
20070124,8.2953,8.4622,8.2491,8.3417,98252,0
20070125,8.5177,8.5177,8.0729,8.0821,61148,0
20070126,8.0637,8.1007,7.4148,8.1007,29543,0
20070129,8.1007,8.3788,7.8782,8.3046,163137,0
20070130,8.2491,8.3417,8.1563,8.1563,86863,0
20070131,8.1749,8.2491,8.0729,8.2397,18631,0
20070201,8.2304,8.2304,8.0637,8.1563,30039,0
20070202,8.0358,8.11,7.9246,8.0637,34265,0
20070205,8.0637,8.1007,7.8875,7.9709,108077,0
20070206,8.0173,8.0637,7.9709,7.9709,37867,0
20070207,8.0637,8.0637,7.9153,7.9709,15262,0
20070208,7.9153,7.9153,7.6466,7.7764,47349,0
20070209,7.5539,7.7764,7.5539,7.7393,85549,0
20070212,7.5631,7.6744,7.4242,7.5631,31730,0
20070213,7.4797,7.6002,7.4242,7.5446,15793,0
20070214,7.628,7.9246,7.5539,7.6002,74127,0
20070215,7.6928,7.8782,7.5817,7.5817,58666,0
20070216,7.6466,7.6928,7.5168,7.5539,35576,0
20070219,7.5724,7.6002,7.4612,7.5168,23954,0
20070220,7.5075,7.5817,7.4519,7.4612,26905,0
20070221,7.4704,7.5539,7.4242,7.4333,36223,0
20070222,7.5075,7.5446,7.4148,7.5446,57738,0
20070223,7.5446,7.5539,7.4612,7.4704,55780,0
20070226,7.4612,7.5075,7.3684,7.4148,94605,0
20070227,7.4148,7.4148,7.183,7.3222,51760,0
20070228,7.0441,7.3222,7.0349,7.2387,45891,0
20070301,7.0533,7.3222,6.9978,7.0441,35546,0
20070302,7.2666,7.2666,7.1368,7.2295,16121,0
20070305,7.0904,7.0904,6.9514,7.0626,30360,0
20070306,7.1275,7.2572,7.0626,7.183,11087,0
20070307,7.2201,7.2201,7.0904,7.2017,16536,0
20070308,7.2201,7.2943,7.183,7.2851,16941,0
20070309,7.3036,7.3314,7.2295,7.3036,15214,0
20070312,7.3222,7.4055,7.3036,7.3036,10302,0
20070313,7.3222,7.3222,7.0997,7.1646,13181,0
20070314,6.9607,7.1646,6.905,7.1646,21962,0
20070315,7.1646,7.3129,7.1368,7.2017,16089,0
20070316,7.2295,7.2295,7.0533,7.2201,11137,0
20070319,7.2295,7.4055,7.1368,7.3684,62587,0
20070320,7.5075,7.5446,7.3777,7.5075,26285,0
20070321,7.5539,7.5817,7.5075,7.5168,29352,0
20070322,7.5631,7.6373,7.5539,7.5539,60117,0
20070323,7.6095,7.6466,7.4333,7.5168,27824,0
20070326,7.4982,7.5539,7.3777,7.4797,18013,0
20070327,7.489,7.489,7.3593,7.4519,28959,0
20070328,7.5446,7.5446,7.4148,7.4148,15343,0
20070329,7.3871,7.7856,7.3406,7.6095,166632,0
20070330,7.9617,8.0079,7.6466,7.7393,212721,0
20070402,7.8782,7.8782,7.4704,7.5817,46095,0
20070403,7.5168,7.6373,7.489,7.6002,64549,0
20070404,7.6002,7.6002,7.4519,7.5075,61919,0
20070405,7.5075,7.5075,7.4148,7.4426,21895,0
20070410,7.4612,7.526,7.4148,7.489,53213,0
20070411,7.526,7.526,7.3222,7.35,144394,0
20070412,7.3871,7.3871,6.9421,7.1182,185291,0
20070413,7.1368,7.3222,7.0441,7.1182,61641,0
20070416,7.2295,7.3963,7.2295,7.3777,49129,0
20070417,7.3593,7.3593,7.183,7.2295,45947,0
20070418,7.2295,7.2758,6.9514,7.0255,126382,0
20070419,6.9978,6.9978,6.6734,6.6826,197586,0
20070420,6.766,6.8495,6.7104,6.7568,117419,0
20070423,6.8495,6.8495,6.6455,6.7011,109092,0
20070424,6.6826,6.766,6.6177,6.6734,42528,0
20070425,6.7197,6.7568,6.5806,6.7197,48826,0
20070426,6.766,6.8495,6.6455,6.6455,56660,0
20070427,6.7382,7.0441,6.6363,6.8124,287420,0
20070430,6.8587,6.8587,6.6826,6.766,45930,0
20070502,6.8217,6.8587,6.7197,6.7197,32405,0
20070504,6.7475,6.8402,6.6641,6.7475,46838,0
20070507,6.8402,6.8495,6.7197,6.7289,42873,0
20070508,6.7382,7.35,6.7289,6.9607,169802,0
20070509,7.1368,7.2201,6.8402,7.0441,61705,0
20070510,7.0349,7.0349,6.6734,6.7011,71376,0
20070511,6.6085,6.8402,6.6085,6.8402,47478,0
20070514,6.8587,6.8679,6.8031,6.8402,32964,0
20070515,6.766,6.8124,6.7197,6.766,20825,0
20070516,7.072,7.072,6.8587,6.905,39081,0
20070517,6.9885,7.5075,6.9236,7.2201,211602,0
20070518,7.3593,7.3593,7.0533,7.1368,51855,0
20070521,7.2295,7.3129,6.5806,6.9328,71118,0
20070522,6.9514,6.9885,6.7197,6.7475,52412,0
20070523,6.766,6.8866,6.766,6.8587,38243,0
20070524,6.8495,6.9514,6.7753,6.9328,21427,0
20070525,6.9328,6.9328,6.8124,6.8679,11321,0
20070528,6.8957,7.007,6.8587,6.9328,25344,0
20070529,7.2758,7.8319,7.2666,7.6002,412213,0
20070530,7.6002,7.6466,7.3222,7.4148,63249,0
20070531,7.4148,7.489,7.183,7.2851,64734,0
20070601,7.248,7.3871,7.183,7.2666,26638,0
20070604,7.2943,7.2943,7.1182,7.1275,21133,0
20070605,7.1182,7.2295,6.9514,6.9885,46322,0
20070606,6.9792,7.2017,6.9514,6.9885,32260,0
20070608,6.9885,7.0626,6.9144,7.0349,97599,0
20070611,7.1368,7.4704,7.1368,7.3129,24296,0
20070612,7.3129,7.4704,7.2666,7.2666,29421,0
20070613,7.2758,7.3129,7.1275,7.2295,28982,0
20070614,7.3222,7.3222,7.1368,7.2851,27345,0
20070615,7.183,7.3129,7.1368,7.2017,32492,0
20070618,7.35,7.35,7.1368,7.1738,15949,0
20070619,7.2295,7.2295,7.1368,7.1738,16087,0
20070620,7.2758,7.2758,7.0997,7.1368,22831,0
20070621,7.0904,7.1275,6.9885,7.0811,13605,0
20070622,7.0533,7.183,6.9699,6.9885,26262,0
20070625,6.9885,7.0441,6.9792,7.0349,17410,0
20070626,7.0349,7.2201,6.9699,7.007,27859,0
20070627,7.072,7.248,7.0626,7.1738,22831,0
20070628,7.1275,7.1646,7.0349,7.0533,21262,0
20070629,7.0255,7.1368,6.9514,7.1368,44025,0
20070702,7.1368,7.1368,6.8866,6.9978,4271,0
20070703,6.9514,7.0441,6.905,6.9514,27228,0
20070704,6.9607,7.5539,6.8679,7.4612,161917,0
20070705,7.4148,7.4148,7.2387,7.3871,54318,0
20070706,7.4055,7.4704,7.35,7.4055,79516,0
20070709,7.5539,7.7393,7.5539,7.6928,119130,0
20070710,7.628,7.628,7.3871,7.3871,44685,0
20070711,7.3684,7.6836,7.3684,7.4612,102759,0
20070712,7.6002,7.7856,7.4704,7.5631,163751,0
20070713,7.6928,7.6928,7.4148,7.5353,60659,0
20070716,7.6095,7.6095,7.2295,7.2295,53628,0
20070717,7.3314,7.5446,7.3314,7.5446,53175,0
20070718,7.5631,7.5631,7.4426,7.5446,14848,0
20070719,7.5075,7.5539,7.4148,7.5539,22596,0
20070720,7.5539,7.5539,7.3406,7.4333,14379,0
20070723,7.4242,7.5446,7.2572,7.4242,21058,0
20070724,7.4242,7.4797,7.2851,7.3406,21391,0
20070725,7.35,7.3684,7.1091,7.1738,40406,0
20070726,7.1461,7.2758,6.9699,6.9699,23409,0
20070727,6.9514,6.9514,6.4417,6.8587,25753,0
20070730,6.8587,7.0811,6.7753,7.0811,26935,0
20070731,6.9792,7.3222,6.9699,7.3222,33609,0
20070801,7.1924,7.1924,7.0441,7.0441,20663,0
20070802,7.1368,7.3036,6.9699,7.0904,2593,0
20070803,7.0904,7.1275,6.9792,7.1182,4541,0
20070806,7.0441,7.0441,6.8773,7.0255,8996,0
20070807,7.0255,7.0811,7.007,7.0441,10566,0
20070808,7.0441,7.1182,6.9792,7.1182,2357,0
20070809,7.1182,7.183,6.9514,7.007,9536,0
20070810,6.9328,6.9328,6.4417,6.6734,54170,0
20070813,6.6641,6.8031,6.4417,6.8031,34646,0
20070814,6.7938,6.7938,6.5344,6.6455,7540,0
20070816,6.2562,6.3952,5.6167,5.7465,72153,0
20070817,5.7465,6.1636,5.6631,6.1172,75995,0
20070820,6.3212,6.3212,6.1729,6.1729,15631,0
20070821,6.0709,6.0709,5.8762,6.0616,20475,0
20070822,6.0246,6.21,6.0246,6.1636,13577,0
20070823,6.2007,6.2748,6.1172,6.21,56627,0
20070824,6.0524,6.1543,5.9411,6.1172,11085,0
20070827,6.2841,6.3304,6.21,6.3026,46942,0
20070828,6.2933,6.3304,6.1821,6.3026,37909,0
20070829,6.1543,6.766,6.0987,6.6363,57111,0
20070830,6.8587,6.905,6.21,6.4973,36407,0
20070831,6.5622,6.9421,6.5622,6.9421,43905,0
20070903,7.0255,7.0255,6.7846,6.9514,36757,0
20070904,6.9514,7.3222,6.9421,7.2295,49692,0
20070905,7.3036,7.3036,7.0441,7.0904,6763,0
20070906,6.9607,6.9978,6.8587,6.9421,37143,0
20070907,6.9978,7.0349,6.8587,6.8587,14359,0
20070910,6.6363,6.8402,6.5993,6.6734,23687,0
20070911,6.766,6.8587,6.627,6.766,7760,0
20070912,6.905,6.905,6.6826,6.8587,40746,0
20070913,6.8587,6.8587,6.7568,6.8495,3826,0
20070914,6.7568,6.8495,6.7568,6.8124,8721,0
20070917,6.7197,6.7197,6.6085,6.6919,705,0
20070918,6.8309,6.8309,6.6734,6.8309,24931,0
20070919,6.8587,7.2295,6.766,6.8495,18485,0
20070920,6.8866,6.8866,6.6734,6.6919,7674,0
20070921,6.7011,6.9978,6.6548,6.8309,9635,0
20070924,6.6363,6.7938,6.6363,6.766,14490,0
20070925,6.627,6.8124,6.627,6.6919,3662,0
20070926,6.8124,6.8495,6.7104,6.7104,4705,0
20070927,6.7753,6.7753,6.6734,6.6734,6015,0
20070928,6.6734,6.766,6.5064,6.766,13522,0
20071001,6.7197,6.766,6.6363,6.766,4943,0
20071002,6.766,6.766,6.6548,6.766,2065,0
20071003,6.766,6.9514,6.5993,6.9236,27659,0
20071004,6.905,7.0626,6.905,7.0626,34652,0
20071005,6.905,7.0626,6.905,7.0626,32838,0
20071008,7.0963,7.1339,7.0494,7.1245,11732,0
20071009,7.0626,7.489,7.0626,7.3406,56339,0
20071010,7.4148,7.4612,7.2387,7.4333,49705,0
20071011,7.3222,7.4242,7.2295,7.4148,13589,0
20071012,7.3963,7.4242,7.3777,7.4148,47253,0
20071015,7.4519,7.4519,7.3963,7.4426,34379,0
20071016,7.3406,7.4426,7.3406,7.4333,5293,0
20071017,7.35,7.4242,7.3406,7.4242,7416,0
20071018,7.3222,7.6744,7.3222,7.5539,126533,0
20071019,7.5446,7.6373,7.5446,7.5631,10245,0
20071022,7.526,7.526,7.3222,7.3684,5612,0
20071023,7.4612,7.4797,7.3684,7.4797,11897,0
20071024,7.4797,7.4797,7.3222,7.4704,4184,0
20071025,7.2387,7.4519,7.2387,7.35,23666,0
20071026,7.3684,7.4519,7.2666,7.4148,2156,0
20071029,7.2666,7.4148,7.2666,7.4148,1825,0
20071030,7.2295,7.4148,7.2295,7.3036,2064,0
20071031,7.35,7.3593,7.35,7.35,283,0
20071102,7.2295,7.3593,7.183,7.183,1005,0
20071105,7.1461,7.1461,6.8217,7.1275,11533,0
20071106,6.9514,7.2109,6.6734,6.8402,37492,0
20071107,6.905,6.905,6.7011,6.7289,107260,0
20071108,6.7011,6.9421,6.6826,6.7568,21790,0
20071109,6.7197,6.9514,6.6919,6.9421,15337,0
20071112,6.766,6.8957,6.627,6.8957,4778,0
20071113,6.6826,6.9514,6.6455,6.9514,6345,0
20071114,6.6826,7.4148,6.6826,7.1368,27838,0
20071115,7.1368,7.1368,6.627,6.6734,11005,0
20071116,6.6363,6.9514,6.488,6.766,10747,0
20071119,6.7753,6.9421,6.766,6.9421,1325,0
20071120,6.766,6.766,6.3583,6.5344,3963,0
20071121,6.5237,6.5331,5.6602,6.5237,26165,0
20071122,6.1202,6.8616,6.1202,6.5144,27973,0
20071123,6.4862,6.7115,6.4862,6.6645,3202,0
20071126,6.6645,6.8242,6.6645,6.6645,2862,0
20071127,6.5895,6.627,6.5519,6.627,1265,0
20071128,6.4956,6.8335,6.4956,6.8147,4016,0
20071129,7.0024,7.0024,6.6645,6.7678,27895,0
20071130,6.9461,6.9461,6.8523,6.9274,5701,0
20071203,6.9274,6.9274,6.8053,6.9274,1989,0
20071204,6.9274,6.9274,6.7678,6.9274,2850,0
20071205,6.8053,6.9931,6.7866,6.9461,25129,0
20071206,7.0119,7.0119,6.8523,6.8523,3718,0
20071207,6.918,6.918,6.8429,6.8523,2833,0
20071210,6.6927,6.8053,6.6927,6.8053,1928,0
20071211,6.7303,6.7303,6.7208,6.7303,4480,0
20071212,6.6364,6.8429,6.5707,6.7115,4696,0
20071213,6.7115,6.7115,6.5707,6.5707,37139,0
20071214,6.6645,6.6645,6.3923,6.3923,3147,0
20071217,6.5613,6.6834,6.5613,6.58,19600,0
20071218,6.4862,6.5895,6.336,6.4674,48318,0
20071219,6.5707,6.6552,6.5707,6.6176,11019,0
20071220,6.5707,6.5989,6.5707,6.5707,72745,0
20071221,6.5707,6.5707,6.4018,6.5237,31276,0
20071227,6.5707,6.7678,6.5707,6.7021,3541,0
20071228,6.7021,6.7021,6.58,6.6645,917,0
20080102,6.6645,6.7021,6.4581,6.7021,1007,0
20080103,6.5707,6.6645,6.5613,6.6645,531,0
20080104,6.7021,6.9274,6.6645,6.7021,17642,0
20080107,6.4956,6.796,6.3923,6.7115,2173,0
20080108,6.7866,6.7866,6.6834,6.6834,523,0
20080109,6.5331,6.5331,6.3923,6.3923,14318,0
20080110,6.2234,6.3829,6.0168,6.0168,10642,0
20080111,6.0638,6.1765,5.8291,6.0075,16785,0
20080114,5.876,5.9136,5.7259,5.8667,14187,0
20080115,5.9605,5.9794,5.7259,5.9042,5295,0
20080116,5.6883,5.6883,5.2565,5.632,19014,0
20080117,5.632,5.8855,5.4631,5.6133,5995,0
20080118,5.6133,5.8667,5.5851,5.8667,1397,0
20080121,5.557,5.8949,5.5006,5.7728,931,0
20080122,5.1627,5.7071,5.1627,5.7071,12943,0
20080123,5.7728,5.7728,5.5288,5.7259,3854,0
20080124,5.5381,5.7634,5.5381,5.7634,6832,0
20080125,5.7634,5.9042,5.6696,5.9042,27744,0
20080128,5.632,5.9136,5.632,5.9136,9504,0
20080129,5.9042,5.9605,5.9042,5.9605,12151,0
20080130,5.8667,5.8667,5.7728,5.8197,7384,0
20080131,5.7728,5.8197,5.6883,5.6883,4861,0
20080201,5.7259,5.9512,5.7259,5.9136,29654,0
20080204,5.9136,5.9136,5.8197,5.8386,5918,0
20080205,5.7259,5.8949,5.632,5.7352,1979,0
20080206,5.6133,5.7728,5.5851,5.7259,2412,0
20080207,5.7728,5.7728,5.7259,5.7259,621,0
20080208,5.7728,5.7728,5.5381,5.7259,1724,0
20080211,5.7728,5.876,5.7728,5.876,1286,0
20080212,5.8197,5.876,5.6883,5.8573,4233,0
20080213,5.8573,5.876,5.8573,5.876,6854,0
20080214,5.9042,5.9042,5.8197,5.8479,1834,0
20080215,5.7728,5.8949,5.7259,5.7916,6749,0
20080218,5.8855,5.8855,5.8479,5.8855,2212,0
20080219,5.8949,6.3829,5.8949,6.1483,73063,0
20080220,6.2891,6.4205,6.1483,6.2891,21410,0
20080221,6.4205,6.4205,6.1952,6.4018,16069,0
20080222,6.3829,6.3829,6.1013,6.1952,16749,0
20080225,6.1952,6.2891,6.1858,6.1858,6179,0
20080226,6.2515,6.4581,6.2328,6.2891,23016,0
20080227,6.2891,6.4581,6.214,6.3829,2940,0
20080228,6.4581,6.4581,6.1576,6.2797,3562,0
20080229,6.2891,6.3736,6.1295,6.2515,1911,0
20080303,6.1483,6.1483,5.8291,5.8291,3153,0
20080304,5.8197,5.9042,5.7259,5.8104,2819,0
20080305,6.0732,6.0732,5.6602,5.9042,1935,0
20080306,5.8855,5.8855,5.8855,5.8855,5,0
20080307,5.8573,5.8573,5.7071,5.7916,6606,0
20080310,5.7822,5.9042,5.632,5.801,11761,0
20080311,5.8667,5.8667,5.7541,5.7728,1462,0
20080312,5.7916,5.7916,5.6696,5.6789,19117,0
20080313,5.4631,5.6133,5.4631,5.5194,5225,0
20080314,5.5381,5.8855,5.5381,5.7634,2834,0
20080317,5.7071,5.7259,5.4443,5.4818,7416,0
20080318,5.5381,5.6978,5.4818,5.5381,6280,0
20080319,5.632,5.7071,5.5381,5.6226,1474,0
20080320,5.5851,5.5851,5.4631,5.4912,6118,0
20080325,5.632,5.6978,5.51,5.632,584,0
20080326,5.6226,5.632,5.5475,5.5851,4707,0
20080327,5.6226,5.6226,5.4912,5.5381,5778,0
20080328,5.6226,5.6226,5.4818,5.5381,4085,0
20080331,5.4818,5.5288,5.4443,5.4912,4620,0
20080401,5.4912,5.5757,5.4912,5.5381,7723,0
20080402,5.632,5.7259,5.632,5.6414,31067,0
20080403,5.6789,5.6789,5.5381,5.6226,4446,0
20080404,5.5381,5.632,5.5381,5.632,562,0
20080407,5.632,5.7165,5.6226,5.7165,8864,0
20080408,5.6883,5.6883,5.632,5.6696,2118,0
20080409,5.6508,5.6602,5.5851,5.6414,7887,0
20080410,5.6602,5.6602,5.632,5.6414,16119,0
20080411,5.6696,5.6696,5.632,5.6696,8176,0
20080414,5.6039,5.6039,5.5381,5.6039,569,0
20080415,5.6039,5.6039,5.4912,5.6039,3017,0
20080416,5.6039,5.6883,5.5381,5.632,10252,0
20080417,5.6789,5.6789,5.5381,5.6133,1118,0
20080418,5.6133,5.6133,5.557,5.6133,1204,0
20080421,5.632,5.632,5.4443,5.6226,3045,0
20080422,5.3692,5.6039,5.1627,5.172,2837,0
20080423,5.4912,5.6039,5.2754,5.4912,3363,0
20080424,5.3223,5.5381,5.3128,5.5381,7460,0
20080425,5.5944,5.5944,5.5381,5.5381,358,0
20080428,5.6226,5.632,5.5757,5.632,30689,0
20080429,5.632,5.6789,5.632,5.6789,725,0
20080430,5.7071,5.7728,5.7071,5.7728,5974,0
20080505,5.7728,5.7916,5.7447,5.7822,10657,0
20080506,5.7822,5.801,5.6789,5.801,321665,0
20080507,5.7916,5.7916,5.6883,5.7916,119,0
20080508,5.7916,5.7916,5.632,5.7634,1369,0
20080509,5.7634,5.7634,5.7634,5.7634,5,0
20080512,5.6789,5.6789,5.5381,5.632,6599,0
20080513,5.4631,5.632,5.4631,5.632,10331,0
20080514,5.632,5.7259,5.5381,5.6789,46182,0
20080515,5.6789,5.6789,5.6133,5.6696,13889,0
20080516,5.6789,5.801,5.6789,5.7259,19976,0
20080519,5.8104,5.8104,5.5944,5.6789,503,0
20080520,5.632,5.7259,5.5757,5.7071,5375,0
20080521,5.5851,5.7259,5.5851,5.7071,5566,0
20080523,5.6978,5.6978,5.5381,5.6696,3521,0
20080526,5.7259,5.8197,5.6696,5.7634,2698,0
20080527,5.7634,5.7728,5.7541,5.7541,1291,0
20080528,5.7634,5.7634,5.6602,5.7352,1860,0
20080529,5.7634,5.7634,5.6414,5.7165,1503,0
20080530,5.7165,5.8386,5.6602,5.8386,9056,0
20080602,5.8667,5.8667,5.7259,5.7259,4211,0
20080603,5.8386,5.8386,5.632,5.632,16044,0
20080604,5.632,5.7165,5.557,5.7165,21653,0
20080605,5.632,5.6789,5.632,5.6602,18006,0
20080606,5.6414,5.7165,5.5944,5.6696,1452,0
20080609,5.6789,5.6789,5.5006,5.6602,11035,0
20080610,5.6414,5.6414,5.4536,5.6133,2229,0
20080611,5.6226,5.6226,5.4631,5.4631,919,0
20080612,5.4631,5.5757,5.3598,5.5757,5167,0
20080613,5.5381,5.5381,5.3035,5.4818,1164,0
20080616,5.5851,5.5851,5.3035,5.4443,5449,0
20080617,5.4443,5.4443,5.1627,5.2565,6625,0
20080618,5.388,5.388,5.0312,5.3317,2449,0
20080619,5.3317,5.3317,4.9749,4.9749,13598,0
20080620,4.8529,5.0688,4.8529,5.0031,1619,0
20080623,5.0688,5.0688,4.6183,4.8341,14275,0
20080624,4.8341,4.8341,4.5244,4.5619,22250,0
20080625,4.4962,4.6464,4.4211,4.6464,7812,0
20080626,4.5525,4.6652,4.5525,4.6652,19705,0
20080627,4.5525,4.6464,4.3272,4.5432,11072,0
20080630,4.5713,4.5713,4.3179,4.393,22201,0
20080701,4.5056,4.5056,4.3179,4.3836,4902,0
20080702,4.2522,4.4962,4.2522,4.4587,6912,0
20080703,4.2709,4.4774,4.2709,4.4305,8753,0
20080704,4.4493,4.4493,4.2616,4.3366,14393,0
20080707,4.4305,4.4305,4.2709,4.4305,2617,0
20080708,4.4117,4.4117,4.2709,4.3554,14122,0
20080709,4.3648,4.6464,4.3648,4.5901,4427,0
20080710,4.5807,4.6933,4.3179,4.6933,6965,0
20080711,4.6464,4.7685,4.5432,4.6933,948,0
20080714,4.6933,4.6933,4.5995,4.5995,957,0
20080715,4.5901,4.5901,4.3179,4.5901,272,0
20080716,4.5432,4.5432,4.224,4.3179,9026,0
20080717,4.4869,4.5056,4.2334,4.5056,4465,0
20080718,4.5056,4.5056,4.2803,4.5056,7815,0
20080721,4.5525,4.5525,4.4587,4.5056,1145,0
20080722,4.5432,4.5432,4.5056,4.5056,544,0
20080723,4.5056,4.5056,4.224,4.4962,9323,0
20080724,4.4869,4.5056,4.4117,4.5056,146283,0
20080725,4.5056,4.5056,4.4869,4.4869,59,0
20080728,4.5338,4.5995,4.5244,4.5525,864,0
20080729,4.6183,4.6464,4.5525,4.6464,1891,0
20080730,4.6464,4.7685,4.5807,4.6464,6833,0
20080731,4.6746,4.6746,4.4117,4.637,1294,0
20080801,4.6746,4.8248,4.4869,4.7309,56692,0
20080804,4.5244,4.7215,4.5056,4.7027,255,0
20080805,4.7309,4.7309,4.7215,4.7215,1071,0
20080806,4.6933,4.6933,4.5056,4.637,1031,0
20080807,4.6464,4.6933,4.4587,4.5901,703,0
20080808,4.5901,4.5901,4.468,4.5901,81,0
20080811,4.5901,4.5901,4.4587,4.4587,1370,0
20080812,4.6933,4.7121,4.4587,4.5995,1085,0
20080813,4.6933,4.6933,4.4587,4.6746,125,0
20080814,4.6464,4.6464,4.4117,4.637,316,0
20080818,4.5995,4.6183,4.3179,4.6183,2103,0
20080819,4.5995,4.5995,4.5995,4.5995,480,0
20080820,4.4587,4.7121,4.4117,4.7121,2510,0
20080821,4.684,4.6933,4.684,4.6933,117,0
20080822,4.6933,4.7121,4.5056,4.6933,1223,0
20080825,4.6933,4.6933,4.5995,4.6933,1326,0
20080826,4.6933,4.6933,4.5995,4.6933,740,0
20080827,4.6933,4.6933,4.5244,4.5525,3095,0
20080828,4.5525,4.5995,4.5525,4.5995,3298,0
20080829,4.6933,4.6933,4.5056,4.6933,3503,0
20080901,4.7403,4.7403,4.515,4.5995,1537,0
20080902,4.6933,4.6933,4.5995,4.5995,6968,0
20080903,4.6933,4.7403,4.6464,4.7403,32432,0
20080904,4.6933,4.7403,4.5525,4.5525,5498,0
20080905,4.5525,4.6933,4.5525,4.6933,5924,0
20080908,4.515,4.7403,4.515,4.7215,30671,0
20080909,4.6933,5.5381,4.6933,5.2472,23997,0
20080910,5.4349,5.4349,4.8435,5.1251,3857,0
20080911,5.1251,5.1251,4.8811,5.0125,406,0
20080912,5.0125,5.0125,4.6933,4.8811,6401,0
20080915,4.8717,4.8717,4.393,4.4774,8192,0
20080916,4.3648,4.4869,4.224,4.4869,9598,0
20080917,4.4774,4.4869,4.224,4.4869,3556,0
20080918,4.4587,4.5056,4.224,4.4962,13851,0
20080919,4.5525,5.1627,4.5244,4.7215,31061,0
20080922,4.7215,4.7872,4.7215,4.7872,107,0
20080923,4.8341,4.8341,4.5525,4.7778,1137,0
20080924,4.6933,4.6933,4.6933,4.6933,827,0
20080925,4.7872,4.7872,4.5056,4.6933,1848,0
20080926,4.8717,4.8717,4.4587,4.7403,16697,0
20080929,4.8623,4.8811,4.5244,4.8248,936,0
20080930,4.515,4.8623,4.2709,4.7403,6063,0
20081001,4.7403,4.7403,4.4117,4.6933,20092,0
20081002,4.6933,4.6933,4.6933,4.6933,6,0
20081003,4.6933,4.9749,4.4305,4.6933,18718,0
20081006,4.4587,4.5995,4.3742,4.5995,5349,0
20081007,4.5995,4.5995,4.2428,4.5056,23411,0
20081008,4.4587,4.5995,4.0363,4.5995,50134,0
20081009,4.5995,4.5995,4.3272,4.5995,6408,0
20081010,4.3179,4.3648,4.1489,4.2146,38615,0
20081013,4.2146,4.4117,4.1395,4.4117,15254,0
20081014,4.5807,4.5807,4.2709,4.4587,14729,0
20081015,4.4587,4.4587,4.2709,4.4587,22259,0
20081016,4.2709,4.4117,4.224,4.224,4987,0
20081017,4.2334,4.3179,4.1301,4.2709,2445,0
20081020,4.3179,4.3179,4.2334,4.2991,73137,0
20081021,4.3179,4.3179,4.1864,4.3179,6741,0
20081022,4.3179,4.3179,4.0926,4.0926,11821,0
20081023,4.224,4.224,4.0645,4.1771,534,0
20081024,4.2897,4.2897,4.0832,4.224,2063,0
20081027,4.2146,4.2146,4.2053,4.2053,469,0
20081028,4.2053,4.4587,4.0832,4.4587,3669,0
20081029,4.4117,4.5525,4.3179,4.5525,10516,0
20081030,4.5525,4.5995,4.3742,4.5995,19296,0
20081031,4.5995,4.6464,4.5056,4.6464,13017,0
20081103,4.6933,4.6933,4.684,4.684,637,0
20081104,4.5056,4.684,4.4399,4.6464,27891,0
20081105,4.6933,4.6933,4.6933,4.6933,351,0
20081106,4.6933,4.6933,4.5056,4.5995,12148,0
20081107,4.5995,4.5995,4.5995,4.5995,286,0
20081110,4.6088,4.6933,4.5056,4.6933,17097,0
20081112,4.6277,4.6277,4.4587,4.4587,2893,0
20081113,4.4587,4.5056,4.2334,4.5056,8791,0
20081114,4.6464,4.6464,4.3648,4.5901,7672,0
20081117,4.5901,4.5995,4.4211,4.5995,8095,0
20081118,4.5056,4.5995,4.4117,4.5995,10048,0
20081119,4.6464,4.6652,4.4305,4.6277,22911,0
20081120,4.5901,4.5901,4.3648,4.3648,325,0
20081121,4.3742,4.5995,4.3648,4.5901,11402,0
20081124,4.5901,4.6746,4.5901,4.6746,5328,0
20081125,4.6746,4.6746,4.5807,4.6652,66477,0
20081126,4.6464,4.6464,4.515,4.5901,4051,0
20081127,4.5901,4.5901,4.5056,4.5056,1905,0
20081128,4.5056,4.5056,4.4117,4.5056,5393,0
20081201,4.5056,4.5995,4.4117,4.5901,11298,0
20081202,4.5901,4.6088,4.4587,4.6088,160438,0
20081203,4.5995,4.5995,4.515,4.515,10872,0
20081204,4.5525,4.5525,4.4399,4.5056,5753,0
20081205,4.5056,4.5056,4.4493,4.5056,11827,0
20081208,4.5056,4.515,4.4493,4.5056,119345,0
20081209,4.4587,4.5056,4.4117,4.4869,3536,0
20081210,4.4962,4.5056,4.3179,4.5056,11188,0
20081211,4.5056,4.5056,4.3461,4.3648,2717,0
20081212,4.3697,4.5833,4.3697,4.5736,5796,0
20081215,4.5833,4.5833,4.5056,4.5056,5335,0
20081216,4.5542,4.5542,4.3988,4.3988,6117,0
20081217,4.4024,4.4024,4.3179,4.4024,11473,0
20081218,4.4024,4.4024,4.224,4.2334,4210,0
20081219,4.4024,4.4024,4.055,4.3179,17657,0
20081222,4.3179,4.4117,4.224,4.4117,16860,0
20081223,4.4024,4.4024,4.2616,4.4024,5481,0
20081229,4.2522,4.4117,4.2522,4.4117,5442,0
20081230,4.2709,4.4024,4.2709,4.4024,6038,0
20081231,4.3988,4.4085,4.3988,4.4085,5332,0
20090105,4.4024,4.5056,4.4024,4.4962,20082,0
20090106,4.4962,4.4962,4.1301,4.3554,41314,0
20090107,4.3554,4.3554,4.3461,4.3461,4374,0
20090108,4.2337,4.3502,4.1949,4.3308,6497,0
20090109,4.3405,4.3405,4.3211,4.3211,4267,0
20090112,4.3211,4.3405,4.3211,4.3405,21535,0
20090113,4.3405,4.3405,4.2726,4.2726,165,0
20090114,4.292,4.292,4.1852,4.224,33558,0
20090115,4.3502,4.3502,4.2531,4.2726,21913,0
20090116,4.3211,4.3211,4.0492,4.2726,18054,0
20090119,4.2726,4.2726,4.2531,4.2531,2369,0
20090120,4.2531,4.2531,3.9813,4.0589,34319,0
20090121,4.0978,4.0978,4.0784,4.0784,263,0
20090122,4.0784,4.0784,4.0784,4.0784,5,0
20090123,4.0784,4.0784,3.787,4.0784,6133,0
20090126,4.0784,4.0784,4.0784,4.0784,2,0
20090127,3.9813,3.9813,3.9618,3.9618,5159,0
20090128,3.9327,3.9327,3.8744,3.8744,3985,0
20090129,3.8841,3.8841,3.6996,3.8744,257,0
20090130,3.8841,3.8841,3.6705,3.6802,4482,0
20090202,3.7385,3.7385,3.0102,3.0102,6824,0
20090203,3.0102,3.3986,2.7189,2.7189,20557,0
20090204,2.7189,2.8646,2.6315,2.6315,10298,0
20090205,2.7189,2.7675,2.7189,2.7675,3769,0
20090206,2.816,2.816,2.7092,2.816,2650,0
20090209,2.8063,3.0782,2.7189,2.8548,13205,0
20090210,2.8548,2.8548,2.7189,2.7966,3733,0
20090211,2.7189,2.7675,2.6704,2.7189,15546,0
20090212,2.7675,2.7675,2.6704,2.6801,6480,0
20090213,2.8063,2.8063,2.6412,2.6412,6523,0
20090216,2.6315,2.6315,2.4179,2.4276,17379,0
20090217,2.3499,2.5732,2.2334,2.2334,6814,0
20090218,2.3305,2.3305,2.2334,2.3305,3018,0
20090219,2.3305,2.5247,2.2334,2.379,9909,0
20090220,2.2528,2.515,2.2528,2.515,5247,0
20090223,2.6704,2.6704,2.4276,2.5053,5535,0
20090224,2.515,2.515,2.379,2.379,1685,0
20090225,2.4276,2.4276,2.2334,2.3305,683,0
20090226,2.4179,2.4179,2.4179,2.4179,108,0
20090227,2.2334,2.4859,2.2334,2.4761,1858,0
20090302,2.4859,2.4859,2.3305,2.4276,600,0
20090303,2.4859,2.4859,2.4859,2.4859,608,0
20090304,2.4859,2.4859,2.4859,2.4859,891,0
20090305,2.4859,2.5053,2.4859,2.4956,896,0
20090306,2.5053,2.5732,2.4761,2.5732,2181,0
20090309,2.5732,2.5732,2.4567,2.515,11985,0
20090310,2.4567,2.5441,2.3888,2.5441,3750,0
20090311,2.5538,2.5538,2.4276,2.4664,6413,0
20090312,2.4664,2.4664,2.3305,2.4179,5474,0
20090313,2.4761,2.4761,2.2819,2.3985,28844,0
20090316,2.3014,2.3693,2.3014,2.3693,2523,0
20090317,2.2819,2.3499,2.2334,2.3208,11256,0
20090318,2.3305,2.3305,2.2334,2.2916,10046,0
20090319,2.2625,2.3693,2.2334,2.2819,7824,0
20090320,2.3499,2.3985,2.2916,2.3888,4903,0
20090323,2.4179,2.4956,2.3305,2.4859,16489,0
20090324,2.4859,2.5635,2.3693,2.5635,10972,0
20090325,2.447,2.5441,2.447,2.5441,15513,0
20090326,2.5635,2.6509,2.5441,2.5732,25452,0
20090327,2.6606,2.7772,2.6218,2.6412,28544,0
20090330,2.6704,2.7286,2.5344,2.5344,9941,0
20090331,2.4567,2.6315,2.4567,2.5247,7079,0
20090401,2.5247,2.5732,2.4276,2.447,12455,0
20090402,2.5635,2.6024,2.5247,2.5732,15146,0
20090403,2.6606,2.9034,2.583,2.6024,64217,0
20090406,2.6704,2.884,2.6704,2.6898,39447,0
20090407,2.7675,2.8743,2.7189,2.8548,37928,0
20090408,2.7675,3.0005,2.7675,2.9131,38363,0
20090409,3.0102,3.0976,2.9131,2.9908,23732,0
20090414,3.0491,3.0782,2.8451,2.9228,45184,0
20090415,2.9714,2.9714,2.7772,2.816,31121,0
20090416,2.9131,2.9131,2.7189,2.7675,59512,0
20090417,2.7869,2.7869,2.6315,2.7286,28694,0
20090420,2.7675,2.7675,2.6218,2.6704,13274,0
20090421,2.583,2.6801,2.583,2.6315,6424,0
20090422,2.6801,2.7869,2.6315,2.6704,27801,0
20090423,2.7675,2.884,2.6995,2.8257,42289,0
20090424,2.952,2.952,2.8548,2.8646,119203,0
20090427,2.9131,2.9131,2.8354,2.8354,120808,0
20090428,2.8646,2.8646,2.7869,2.8451,13894,0
20090429,2.8646,2.9811,2.8646,2.9811,65080,0
20090430,3.0102,3.1462,3.0102,3.1462,35623,0
20090504,3.2238,3.3889,3.2238,3.3889,38528,0
20090505,3.3986,3.4569,3.117,3.2238,29991,0
20090506,3.3015,3.3015,3.1656,3.253,75131,0
20090507,3.185,3.2238,3.0588,3.117,76904,0
20090508,3.1559,3.5346,3.1462,3.4957,155357,0
20090511,3.6317,3.6802,3.4083,3.4472,54837,0
20090512,3.4472,3.4472,3.3015,3.3792,43781,0
20090513,3.3792,3.3792,3.1073,3.1364,46641,0
20090514,3.1656,3.1656,3.0491,3.1462,26848,0
20090515,3.3015,3.3015,3.117,3.2724,20410,0
20090518,3.2821,3.4472,3.1559,3.3404,110358,0
20090519,3.3404,3.5443,3.2433,3.2433,89489,0
20090520,3.2918,3.3307,3.2627,3.2724,18988,0
20090521,3.2724,3.2724,3.2238,3.2238,13962,0
20090522,3.2238,3.2433,3.185,3.2238,12527,0
20090525,3.1753,3.1753,3.1364,3.1559,9433,0
20090526,3.1559,3.253,3.1559,3.2238,9708,0
20090527,3.2336,3.3695,3.2336,3.3695,10108,0
20090528,3.3598,3.3889,3.3015,3.3695,11121,0
20090529,3.3889,3.3889,3.3209,3.3209,37426,0
20090601,3.2821,3.3501,3.2627,3.3015,20072,0
20090602,3.3501,3.3889,3.2724,3.3501,31847,0
20090603,3.3598,3.3598,3.3209,3.3404,9588,0
20090604,3.3015,3.3501,3.3015,3.3404,10139,0
20090605,3.3695,3.3695,3.3209,3.3501,18814,0
20090608,3.3889,3.3889,3.2821,3.2821,13442,0
20090609,3.253,3.3209,3.253,3.253,10888,0
20090610,3.3209,3.3209,3.2627,3.3015,9180,0
20090612,3.253,3.3015,3.253,3.2724,8416,0
20090615,3.3209,3.3209,3.253,3.253,8949,0
20090616,3.2336,3.3501,3.2336,3.3112,22203,0
20090617,3.3015,3.3015,3.2336,3.253,13651,0
20090618,3.2336,3.2336,3.1267,3.1947,8460,0
20090619,3.1753,3.2724,3.1753,3.2724,430,0
20090622,3.2238,3.2336,3.117,3.117,12747,0
20090623,3.0782,3.0782,3.0199,3.0685,8768,0
20090624,3.1073,3.1267,3.0976,3.0976,9765,0
20090625,3.0976,3.0976,3.0879,3.0976,3025,0
20090626,3.1947,3.2918,3.1753,3.2724,10374,0
20090629,3.2724,3.2724,3.2627,3.2627,1589,0
20090630,3.2336,3.2336,3.1073,3.1364,8671,0
20090701,3.1267,3.1267,3.0685,3.0976,6764,0
20090702,3.1073,3.1073,3.0879,3.0879,3414,0
20090703,3.0296,3.0879,3.0296,3.0879,8229,0
20090706,3.0879,3.0879,3.0393,3.0588,550,0
20090707,3.0879,3.0879,3.0879,3.0879,103,0
20090708,3.0879,3.1462,3.0782,3.1364,13691,0
20090709,3.1364,3.1364,3.1267,3.1267,2006,0
20090710,3.1267,3.3404,3.1267,3.2918,38723,0
20090713,3.2141,3.2141,3.1364,3.1364,6739,0
20090714,3.185,3.185,3.1364,3.1462,8867,0
20090715,3.2141,3.2141,3.1364,3.1947,4304,0
20090716,3.2044,3.2044,3.0588,3.117,17090,0
20090717,3.1753,3.1753,3.1073,3.1073,5411,0
20090720,3.1364,3.1364,3.0782,3.0976,17245,0
20090721,3.1073,3.1073,3.0588,3.0976,19375,0
20090722,3.0976,3.1073,3.0879,3.1073,16293,0
20090723,3.0976,3.253,3.0976,3.117,120347,0
20090724,3.2627,3.3889,3.2433,3.3015,72474,0
20090727,3.3695,3.4375,3.3501,3.418,59738,0
20090728,3.4278,3.4666,3.3307,3.3501,76899,0
20090729,3.3209,3.3695,3.3209,3.3501,13414,0
20090730,3.3792,3.622,3.3501,3.622,62538,0
20090731,3.6414,3.6414,3.4472,3.4569,61918,0
20090803,3.5346,3.5346,3.4569,3.4957,57266,0
20090804,3.5249,3.5249,3.4375,3.4472,33855,0
20090805,3.4472,3.4472,3.3015,3.3889,22596,0
20090806,3.3792,3.3792,3.3015,3.3501,23913,0
20090807,3.3986,3.3986,3.3015,3.3404,18784,0
20090810,3.4278,3.4375,3.3889,3.3986,13019,0
20090811,3.4375,3.4375,3.3501,3.3695,24086,0
20090812,3.3112,3.3501,3.3015,3.3501,32151,0
20090813,3.418,3.418,3.3015,3.3112,49018,0
20090814,3.3209,3.3501,3.253,3.3209,46160,0
20090817,3.3209,3.3209,3.253,3.253,17615,0
20090818,3.253,3.2724,3.2433,3.2724,18220,0
20090819,3.253,3.2821,3.253,3.2821,15824,0
20090820,3.3015,3.3792,3.3015,3.3112,47653,0
20090821,3.3889,3.4375,3.3889,3.3986,15349,0
20090824,3.4375,3.4375,3.3986,3.3986,30984,0
20090825,3.3986,3.4957,3.3986,3.4957,43358,0
20090826,3.5054,3.5054,3.3986,3.4569,34922,0
20090827,3.4569,3.4957,3.4278,3.486,23873,0
20090828,3.4278,3.4763,3.4083,3.4375,15047,0
20090831,3.3889,3.4569,3.3404,3.4375,150383,0
20090901,3.3792,3.4666,3.3598,3.4472,108990,0
20090902,3.3889,3.4278,3.3889,3.3986,445142,0
20090903,3.4083,3.4569,3.3695,3.4278,24520,0
20090904,3.4666,3.5734,3.4666,3.5734,24579,0
20090907,3.6025,3.7773,3.5928,3.7676,67475,0
20090908,3.8744,4.0395,3.7968,3.8939,93521,0
20090909,3.7773,3.8453,3.7482,3.7482,20124,0
20090910,4.0589,4.0589,3.7191,3.7191,48914,0
20090911,3.6414,3.8356,3.6414,3.8065,19425,0
20090914,3.6899,3.787,3.6802,3.7676,33820,0
20090915,3.8356,3.8744,3.7676,3.8744,15269,0
20090916,3.8744,3.9424,3.8744,3.8744,4266,0
20090917,3.8453,3.9424,3.787,3.787,9120,0
20090918,3.787,3.787,3.7385,3.7482,4535,0
20090921,3.7385,3.8259,3.7385,3.8065,6626,0
20090922,3.7385,3.9133,3.7288,3.9133,19232,0
20090923,3.8356,3.8841,3.7968,3.8841,5613,0
20090924,3.8744,3.8744,3.7288,3.8453,19135,0
20090925,3.7579,3.7579,3.7482,3.7482,1287,0
20090928,3.7385,3.7385,3.7094,3.7385,2528,0
20090929,3.7385,3.7385,3.7094,3.7094,7308,0
20090930,3.7094,3.7094,3.6705,3.6802,12453,0
20091002,3.6705,3.6705,3.6414,3.6414,4125,0
20091005,3.6414,3.6414,3.6414,3.6414,515,0
20091006,3.7385,3.7385,3.6414,3.6414,5198,0
20091007,3.6705,3.7094,3.6705,3.6802,4872,0
20091008,3.6899,3.7094,3.6705,3.7094,18456,0
20091009,3.6705,3.7191,3.6705,3.7191,2691,0
20091012,3.7385,3.787,3.7288,3.787,1957,0
20091013,3.7385,3.7385,3.7385,3.7385,1768,0
20091014,3.7385,3.7385,3.7288,3.7288,9698,0
20091015,3.787,3.787,3.7191,3.7385,53372,0
20091016,3.7288,3.7288,3.7191,3.7191,2490,0
20091019,3.6899,3.6899,3.6899,3.6899,5116,0
20091020,3.6802,3.6899,3.6511,3.6511,7800,0
20091021,3.6899,3.7676,3.6705,3.7676,10724,0
20091022,3.787,3.8841,3.787,3.8744,21574,0
20091023,3.8744,3.8744,3.7385,3.8647,1318,0
20091026,3.787,3.787,3.7385,3.7385,2616,0
20091027,3.7385,3.7385,3.6899,3.7288,63365,0
20091028,3.7676,3.8065,3.7676,3.787,9563,0
20091029,3.7676,3.8259,3.7385,3.7579,7225,0
20091030,3.8162,3.8162,3.787,3.787,3012,0
20091102,3.8259,3.8259,3.7968,3.8065,3836,0
20091103,3.8065,3.8162,3.787,3.787,9117,0
20091104,3.787,3.7968,3.787,3.7968,1264,0
20091105,3.8356,3.8356,3.8065,3.8356,2670,0
20091106,3.8453,3.9715,3.8453,3.923,14135,0
20091109,4.0298,4.1949,4.0298,4.1366,32890,0
20091110,4.1949,4.1949,4.1366,4.1755,9328,0
20091112,4.2629,4.292,4.0881,4.0881,18898,0
20091113,4.1755,4.224,4.0589,4.0881,5469,0
20091116,4.0978,4.1755,4.0395,4.0589,5571,0
20091117,4.0784,4.0784,4.0298,4.0589,4592,0
20091118,4.0784,4.0784,4.0298,4.0589,4878,0
20091119,4.0589,4.0589,3.991,4.0104,6481,0
20091120,3.991,3.991,3.6025,3.8162,34398,0
20091123,3.8162,4.0007,3.8162,3.9036,14039,0
20091124,3.9813,3.9813,3.8647,3.9036,10114,0
20091125,3.9327,3.9618,3.8744,3.8841,51977,0
20091126,3.8841,3.8841,3.8259,3.8356,12312,0
20091127,3.8259,3.8356,3.7676,3.8259,9307,0
20091130,3.9813,4.0784,3.9521,4.0784,5979,0
20091201,3.9618,4.0298,3.8841,3.8841,30889,0
20091202,3.9813,3.9813,3.8939,3.8939,41901,0
20091203,3.8841,3.9715,3.8841,3.9424,5923,0
20091204,3.9424,3.9424,3.9036,3.9036,11795,0
20091207,3.9133,3.923,3.9036,3.923,7737,0
20091208,3.923,3.9715,3.9133,3.9715,6220,0
20091209,3.923,3.923,3.9036,3.923,4553,0
20091210,3.9521,3.9715,3.8939,3.9133,8598,0
20091211,3.9133,3.9618,3.9133,3.923,8013,0
20091214,3.9813,3.9813,3.9133,3.9133,27642,0
20091215,3.923,3.9813,3.9133,3.9715,4272,0
20091216,3.9813,4.0201,3.9715,4.0201,9586,0
20091217,4.0492,4.0492,4.0104,4.0298,12233,0
20091218,4.0201,4.0298,4.0201,4.0298,2951,0
20091221,3.991,4.0298,3.923,3.9813,5411,0
20091222,3.9715,4.0201,3.9618,3.9813,5675,0
20091223,3.9813,4.0784,3.9813,4.0298,15012,0
20091228,4.0395,4.1075,4.0298,4.0395,4928,0
20091229,4.0686,4.1075,4.0298,4.0492,60909,0
20091230,4.0492,4.0881,4.0298,4.0492,53397,0
20091231,4.0298,4.1075,4.0298,4.1075,3223,0
20100104,4.2046,4.2046,4.0492,4.0492,3554,0
20100105,4.0686,4.0686,4.0298,4.0298,12353,0
20100106,4.0492,4.0492,4.0298,4.0298,11637,0
20100107,4.0978,4.0978,3.991,3.991,7880,0
20100108,4.0104,4.0784,4.0104,4.0589,10469,0
20100111,4.1075,4.1755,4.1075,4.1657,18646,0
20100112,4.1852,4.224,4.1366,4.1949,21910,0
20100113,4.1949,4.1949,4.1269,4.1366,9203,0
20100114,4.156,4.2726,4.156,4.2726,15877,0
20100115,4.292,4.4182,4.292,4.4085,15490,0
20100118,4.4668,4.5153,4.4182,4.5153,67374,0
20100119,4.5347,4.5639,4.4182,4.5639,19988,0
20100120,4.5639,4.593,4.5639,4.593,8630,0
20100121,4.5639,4.5639,4.3697,4.5445,20956,0
20100122,4.4668,4.593,4.4668,4.5153,25647,0
20100125,4.5153,4.6124,4.5153,4.525,7091,0
20100126,4.5736,4.6027,4.4959,4.4959,19332,0
20100127,4.4862,4.5639,4.4862,4.5153,3958,0
20100128,4.5153,4.5153,4.5056,4.5056,4297,0
20100129,4.48,4.49,4.13,4.47,7837,0
20100201,4.4182,4.4182,4.2823,4.2823,9008,0
20100202,4.3697,4.5639,4.3697,4.4085,3307,0
20100203,4.4862,4.4862,4.4182,4.4668,3387,0
20100204,4.4376,4.4668,4.3891,4.4085,6104,0
20100205,4.36,4.36,4.2726,4.2726,43181,0
20100208,4.2726,4.4668,4.2143,4.2143,28046,0
20100209,4.224,4.3114,4.224,4.3114,1384,0
20100210,4.3114,4.3114,4.3017,4.3017,2446,0
20100211,4.3017,4.4182,4.3017,4.4182,24426,0
20100212,4.4473,4.4571,4.4182,4.4376,2144,0
20100215,4.4668,4.5056,4.4668,4.4668,3073,0
20100216,4.4668,4.5056,4.4473,4.5056,3422,0
20100217,4.5542,4.5639,4.5056,4.5639,4805,0
20100218,4.5639,4.6124,4.5542,4.6124,5820,0
20100219,4.5736,4.7484,4.5736,4.7484,8193,0
20100222,4.7775,4.7775,4.6318,4.6707,11903,0
20100223,4.6707,4.7095,4.6416,4.6513,10261,0
20100224,4.6513,4.7581,4.6513,4.6901,5464,0
20100225,4.6707,4.6707,4.5833,4.661,27465,0
20100226,4.6027,4.7581,4.5833,4.7095,4238,0
20100301,4.6221,4.661,4.6124,4.661,9540,0
20100302,4.7095,4.7969,4.5639,4.7095,42405,0
20100303,4.7969,4.8163,4.6318,4.7581,40099,0
20100304,4.7775,5.0979,4.6998,4.9814,56170,0
20100305,5.195,5.3893,5.195,5.3893,28843,0
20100308,5.3893,5.4864,5.3407,5.4378,25711,0
20100309,5.5349,5.8262,5.3504,5.8262,51528,0
20100310,5.8262,6.0496,5.7291,5.9233,41788,0
20100311,5.9622,6.0398,5.933,5.9525,14617,0
20100312,5.933,5.9525,5.5932,5.9525,28349,0
20100315,5.8456,6.0496,5.8359,5.9719,122459,0
20100316,6.0107,6.0107,5.6417,5.9427,17050,0
20100317,5.9427,5.9427,5.9039,5.9039,6676,0
20100318,5.9039,5.9039,5.8262,5.8262,9566,0
20100319,5.8262,5.8262,5.8165,5.8262,13626,0
20100322,5.8262,5.8262,5.7388,5.7388,7519,0
20100323,5.7291,5.7388,5.7291,5.7291,8024,0
20100324,5.7097,5.7097,5.5835,5.5932,10949,0
20100325,5.5835,5.7777,5.5835,5.7777,8444,0
20100326,5.7291,5.7291,5.632,5.6709,13411,0
20100329,5.6709,5.8651,5.6709,5.8262,12534,0
20100330,5.8748,5.9913,5.8748,5.8748,25414,0
20100331,5.8748,5.9136,5.8262,5.8748,13728,0
20100401,5.9525,5.9525,5.7291,5.8262,20168,0
20100406,5.8262,5.8262,5.6029,5.7777,22379,0
20100407,5.7291,5.7777,5.6709,5.6806,8970,0
20100408,5.6514,5.7777,5.6029,5.632,10140,0
20100409,5.6223,5.6709,5.6029,5.632,10212,0
20100412,5.632,5.6806,5.632,5.6806,4837,0
20100413,5.6709,5.6806,5.6611,5.6806,3517,0
20100414,5.6514,5.8165,5.6514,5.8068,2190,0
20100415,5.8165,5.8165,5.6806,5.7971,5796,0
20100416,5.7874,5.7874,5.5835,5.7097,7159,0
20100419,5.6903,5.6903,5.4572,5.5349,10090,0
20100420,5.5349,5.768,5.5349,5.6903,6141,0
20100421,5.6806,5.7485,5.632,5.7485,10608,0
20100422,5.7291,5.7874,5.7097,5.7291,53909,0
20100423,5.73,5.78,5.73,5.78,5330,0
20100426,5.8165,5.9622,5.8165,5.9039,112703,0
20100427,5.9039,6.2049,5.8942,6.1175,41839,0
20100428,6.1175,6.3894,6.0981,6.2146,38581,0
20100429,6.6419,6.6419,6.4186,6.5836,24577,0
20100430,6.603,6.603,6.4088,6.5836,8285,0
20100504,6.6516,6.6516,6.5933,6.5933,5588,0
20100505,6.4671,6.5545,6.1272,6.3894,19025,0
20100506,6.137,6.2826,6.0884,6.2632,23731,0
20100507,6.1175,6.1175,5.8262,5.9816,19710,0
20100510,5.9719,6.3117,5.9719,6.2146,5173,0
20100511,6.3991,6.3991,6.069,6.0884,11630,0
20100512,6.069,6.2049,6.069,6.0787,9089,0
20100513,6.2632,6.2632,6.1078,6.2632,1943,0
20100514,6.302,6.302,6.1175,6.2632,16151,0
20100517,6.1175,6.2341,6.069,6.0981,5173,0
20100518,6.069,6.2535,6.0301,6.069,14197,0
20100519,6.1175,6.1175,5.632,5.8068,16162,0
20100520,5.6611,5.8262,5.632,5.632,11532,0
20100521,5.5349,5.5835,5.399,5.5349,175741,0
20100524,6.1661,6.1661,5.7291,5.7291,7581,0
20100525,5.7097,5.7874,5.7097,5.7194,13249,0
20100526,6.069,6.0884,5.632,5.9622,12778,0
20100527,5.9525,5.9525,5.7777,5.9136,12075,0
20100528,5.9719,6.0981,5.9039,5.9719,17666,0
20100531,6.02,6.02,5.92,5.92,4419,0
20100601,6.0593,6.0593,5.7485,5.8456,7226,0
20100602,5.8359,5.8359,5.8068,5.8068,8984,0
20100604,5.7971,5.8068,5.7291,5.7971,6905,0
20100607,5.7874,6.001,5.5835,5.6029,23328,0
20100608,5.6806,5.6806,5.5349,5.6126,19612,0
20100609,5.5835,5.632,5.4184,5.5349,19373,0
20100610,5.6126,5.6126,5.5349,5.5349,10598,0
20100611,5.6709,5.7097,5.5349,5.5349,15815,0
20100614,5.5349,5.5835,5.5349,5.5738,154306,0
20100615,5.6126,5.6223,5.5349,5.5349,11175,0
20100616,5.632,5.7,5.6029,5.6709,9227,0
20100617,5.7,5.7,5.6126,5.6126,5617,0
20100618,5.6709,5.6709,5.6126,5.6126,4458,0
20100621,5.632,5.6611,5.632,5.632,3703,0
20100622,5.6223,5.6223,5.6126,5.6223,1422,0
20100623,5.6126,5.6223,5.5446,5.5446,5544,0
20100624,5.5446,5.5446,5.4378,5.4475,2894,0
20100625,5.3601,5.4864,5.3601,5.4864,5716,0
20100628,5.5835,5.6029,5.4378,5.6029,6183,0
20100629,5.5738,5.5738,5.4961,5.4961,4287,0
20100630,5.53,5.68,5.44,5.68,19356,0
20100701,5.632,5.7291,5.632,5.6806,5587,0
20100702,5.768,5.768,5.7485,5.7485,1904,0
20100705,5.7388,5.7388,5.6126,5.6126,5731,0
20100706,5.6806,5.6806,5.632,5.6806,2222,0
20100707,5.6709,5.6806,5.6709,5.6806,1645,0
20100708,5.7388,5.9233,5.7388,5.8262,23759,0
20100709,5.8359,5.9233,5.8262,5.8554,3903,0
20100712,5.8554,5.8748,5.8554,5.8748,3161,0
20100713,5.8748,5.9136,5.8748,5.9136,10217,0
20100714,5.9039,5.9039,5.7291,5.8262,5451,0
20100715,5.8651,5.8651,5.8262,5.8262,1891,0
20100716,5.8748,5.8748,5.7388,5.8262,2648,0
20100719,5.8262,5.8262,5.7874,5.8262,3478,0
20100720,5.8165,5.8262,5.7971,5.8262,1044,0
20100721,5.8262,5.8748,5.7874,5.8748,1608,0
20100722,5.8651,5.8748,5.8456,5.8748,2529,0
20100723,5.8845,6.1661,5.8845,6.1661,17269,0
20100726,6.1661,6.1661,6.1078,6.1661,4525,0
20100727,6.1661,6.1661,6.1175,6.1272,1942,0
20100728,6.1661,6.1661,6.1175,6.1175,2610,0
20100729,6.1175,6.1175,6.1175,6.1175,459,0
20100730,6.12,6.17,5.96,6.11,3754,0
20100802,6.0787,6.0787,6.069,6.0787,4009,0
20100803,6.069,6.0787,5.9719,6.0787,1733,0
20100804,6.0787,6.0787,5.9525,5.9525,886,0
20100805,5.9525,6.069,5.9525,5.9719,1572,0
20100806,6.069,6.069,5.9816,5.9816,411,0
20100809,5.9816,6.0884,5.9233,5.9233,6934,0
20100810,5.933,5.933,5.6806,5.6806,10278,0
20100811,5.6903,5.9039,5.6806,5.6903,5895,0
20100812,5.6514,5.8359,5.6514,5.7388,2433,0
20100813,5.7777,5.7777,5.7582,5.7582,2255,0
20100816,5.8165,5.8165,5.7971,5.7971,2786,0
20100817,5.7971,5.8748,5.7971,5.8262,118832,0
20100818,5.8262,5.8748,5.8262,5.8456,9653,0
20100819,5.8748,5.8748,5.8651,5.8651,1079,0
20100820,5.8651,5.8748,5.8554,5.8748,6358,0
20100823,5.8748,5.8748,5.8748,5.8748,344,0
20100824,5.8651,5.8942,5.8456,5.8942,15369,0
20100825,5.8554,5.9039,5.8554,5.8845,4121,0
20100826,5.8845,5.8845,5.8748,5.8748,3188,0
20100827,5.8748,5.8748,5.8748,5.8748,1030,0
20100830,5.8651,6.0593,5.8651,5.8845,6421,0
20100831,5.87,5.9,5.87,5.9,3917,0
20100901,5.8651,6.1175,5.8651,6.069,5372,0
20100902,6.0884,6.1175,6.069,6.0884,5822,0
20100903,6.1855,6.1952,6.0884,6.0884,5211,0
20100906,6.2146,6.4088,6.2146,6.3312,19211,0
20100907,6.4088,6.4088,6.1175,6.1175,7230,0
20100908,6.2049,6.2049,6.1758,6.1952,4712,0
20100909,6.2049,6.2632,6.0787,6.2632,160169,0
20100910,6.3117,6.3117,6.2923,6.2923,11938,0
20100913,6.2923,6.2923,6.2729,6.2923,3143,0
20100914,6.2923,6.3117,6.2729,6.2826,28505,0
20100915,6.2923,6.302,6.2826,6.2826,16249,0
20100916,6.3,6.67,6.3,6.6,90055,0
20100917,6.6128,6.6516,6.4671,6.5545,22129,0
20100920,6.4186,6.5059,6.2923,6.4574,14177,0
20100921,6.3312,6.4574,6.3117,6.438,6616,0
20100922,6.4574,6.4865,6.1272,6.4088,23050,0
20100923,6.4088,6.4088,6.0398,6.3117,2107,0
20100924,6.3991,6.5448,6.3603,6.5448,10087,0
20100927,6.5448,6.5448,6.4088,6.4186,3484,0
20100928,6.4186,6.4186,6.4088,6.4088,1878,0
20100929,6.3991,6.4088,6.302,6.4088,1535,0
20100930,6.31,6.54,6.29,6.54,9705,0
20101001,6.5448,6.5448,6.3117,6.3409,2832,0
20101004,6.4865,6.4865,6.4186,6.4186,257,0
20101005,6.3312,6.3991,6.3117,6.3991,3040,0
20101006,6.3991,6.3991,6.3117,6.3117,1430,0
20101007,6.3991,6.5059,6.3214,6.4088,7943,0
20101008,6.4186,6.4186,6.3117,6.4088,899,0
20101011,6.3117,6.3603,6.3117,6.3117,2884,0
20101012,6.3214,6.3603,6.2729,6.302,4209,0
20101013,6.3117,6.3117,6.2535,6.2535,1414,0
20101014,6.2438,6.2535,6.1661,6.1661,1334,0
20101015,6.302,6.302,6.1467,6.1564,2244,0
20101018,6.1564,6.3603,6.1564,6.2049,1413,0
20101019,6.21,6.31,6.07,6.26,9143,0
20101020,6.2146,6.3117,6.2146,6.2632,1830,0
20101021,6.2146,6.2632,6.1078,6.2632,128597,0
20101022,6.2535,6.2535,6.2341,6.2341,1158,0
20101025,6.2243,6.3506,6.2243,6.3117,1766,0
20101026,6.2535,6.2535,6.1272,6.2146,2594,0
20101027,6.2632,6.3894,6.2632,6.2923,3885,0
20101028,6.28,6.36,6.28,6.36,891,0
20101029,6.39,6.39,6.31,6.36,4159,0
20101102,6.41,6.41,6.31,6.31,2094,0
20101103,6.3117,6.3603,6.2923,6.3603,2280,0
20101104,6.41,6.41,6.31,6.36,3265,0
20101105,6.37,6.37,6.3117,6.3603,3422,0
20101108,6.4088,6.4088,6.3117,6.3117,8567,0
20101109,6.3117,6.3117,6.2923,6.302,3205,0
20101110,6.3117,6.3117,6.2632,6.2826,5883,0
20101112,6.2632,6.2632,6.2341,6.2341,4834,0
20101115,6.2729,6.2729,6.2146,6.2146,7358,0
20101116,6.1467,6.1855,6.1467,6.1758,4758,0
20101117,6.1855,6.1855,6.1758,6.1758,1869,0
20101118,6.1855,6.1855,5.933,6.0204,8213,0
20101119,6.04,6.04,5.95,6.01,58245,0
20101122,6.0107,6.0204,5.8262,5.9719,68791,0
20101123,6,6,5.84,5.87,3876,0
20101124,5.8845,6.1175,5.8845,6.1078,2650,0
20101125,6.1272,6.1661,6.1175,6.1661,6049,0
20101126,6.11,6.2,6.05,6.09,2344,0
20101129,5.92,6.09,5.92,5.97,2021,0
20101130,5.92,6.12,5.92,6.12,389,0
20101201,6.15,6.28,5.98,6.02,18327,0
20101202,6.1,6.31,6.1,6.2,20354,0
20101203,6.31,6.39,6.29,6.39,7303,0
20101206,6.51,6.51,6.34,6.37,9734,0
20101207,6.54,6.65,6.28,6.3,19782,0
20101208,6.4,6.52,6.4,6.46,2581,0
20101209,6.49,6.56,6.47,6.54,4381,0
20101210,6.42,6.53,6.42,6.49,3208,0
20101213,6.47,6.49,6.44,6.49,19461,0
20101214,6.49,6.5,6.48,6.49,5586,0
20101215,6.5,6.5,6.47,6.47,4319,0
20101216,6.36,6.5,6.35,6.47,5594,0
20101217,6.49,6.49,6.41,6.47,6460,0
20101220,6.45,6.48,6.45,6.48,4608,0
20101221,6.48,6.5,6.48,6.5,8571,0
20101222,6.52,6.52,6.3,6.35,6133,0
20101223,6.45,6.5,6.44,6.49,4757,0
20101227,6.52,6.52,6.41,6.52,6871,0
20101228,6.5,6.52,6.5,6.5,17133,0
20101229,6.5,6.53,6.27,6.53,4614,0
20101230,6.52,6.52,6.5,6.5,2325,0
20101231,6.49,6.49,6.35,6.35,2200,0
20110103,6.55,6.58,6.5,6.5,6862,0
20110104,6.55,6.55,6.39,6.39,3105,0
20110105,6.39,6.39,6.37,6.37,3849,0
20110107,6.37,6.38,6.37,6.38,423,0
20110110,6.37,6.38,6.21,6.21,3727,0
20110111,6.42,6.42,6.26,6.3,2851,0
20110112,6.35,6.46,6.35,6.35,3086,0
20110113,6.48,6.53,6.41,6.41,33503,0
20110114,6.4,6.4,6.4,6.4,1635,0
20110117,6.32,6.39,6.11,6.12,6030,0
20110118,6.16,6.3,6.16,6.3,3270,0
20110119,6.35,6.51,6.35,6.35,7831,0
20110120,6.5,6.5,6.4,6.4,4031,0
20110121,6.4,6.47,6.31,6.32,49818,0
20110124,6.46,6.46,6.32,6.32,62447,0
20110125,6.25,6.32,6.25,6.3,6631,0
20110126,6.3,6.3,6.29,6.3,12966,0
20110127,6.35,6.35,6.17,6.2,4305,0
20110128,6.21,6.29,6.06,6.08,31293,0
20110131,6.06,6.25,6.06,6.25,9600,0
20110201,6.47,6.6,6.2,6.4,43603,0
20110202,6.21,6.53,6.21,6.53,33742,0
20110203,6.53,6.57,6.2,6.5,81843,0
20110204,6.45,6.45,6.2,6.21,25534,0
20110207,6.2,6.2,6.19,6.19,1684,0
20110208,6.2,6.45,6.19,6.4,38855,0
20110209,6.42,6.45,6.4,6.45,179301,0
20110210,6.31,6.45,6.31,6.31,284098,0
20110211,6.48,6.49,6.45,6.48,32533,0
20110214,6.5,6.53,6.44,6.44,4856,0
20110215,6.5,6.55,6.5,6.53,8783,0
20110216,6.56,6.58,6.55,6.55,15486,0
20110217,6.56,6.59,6.55,6.55,11718,0
20110218,6.6,7.5,6.6,7.21,144801,0
20110221,7.49,7.5,7.02,7.1,33976,0
20110222,7.28,7.28,6.92,7.08,32392,0
20110223,6.92,7.07,6.92,7.04,4003,0
20110224,7,7.09,6.86,7.02,5502,0
20110225,7,7.03,6.87,7.03,9896,0
20110228,6.92,7.03,6.92,7,4958,0
20110301,6.97,7.07,6.96,7,7326,0
20110302,6.95,7,6.95,7,10044,0
20110303,6.88,7.15,6.88,7.15,6992,0
20110304,7.15,7.19,7.12,7.13,3686,0
20110308,7.12,7.12,6.72,7.1,2715,0
20110309,7.11,7.4,7.04,7.36,12124,0
20110310,7.36,7.36,7.2,7.3,1582,0
20110311,7.15,7.19,7.05,7.11,5004,0
20110314,7.29,7.29,6.71,7.14,2524,0
20110315,7.14,7.14,7,7.01,8010,0
20110316,6.97,7.05,6.81,7.05,888,0
20110317,6.92,7,6.91,7,3244,0
20110318,7,7.15,7,7.15,1417,0
20110321,7.23,7.23,6.95,7.2,1616,0
20110322,7,7.02,6.89,6.97,8250,0
20110323,6.96,6.96,6.85,6.93,3690,0
20110324,6.95,7.1,6.95,7.1,14877,0
20110325,7,7,6.98,6.98,1826,0
20110328,7.05,7.05,6.98,6.98,681,0
20110329,6.97,7.06,6.97,7.06,3476,0
20110330,7.02,7.11,6.98,7.11,2240,0
20110331,7.12,7.15,7.12,7.15,4507,0
20110401,7.06,7.14,7,7.14,3814,0
20110404,7.14,7.14,7,7.05,6314,0
20110405,6.99,7.11,6.99,7.11,18974,0
20110406,7.36,7.36,7.2,7.27,6639,0
20110407,7.21,7.25,7,7.25,9048,0
20110408,7.27,7.27,7.02,7.24,8122,0
20110411,7.2,7.2,7.04,7.1,1000,0
20110412,7.03,7.04,7.03,7.04,413,0
20110413,7.1,7.1,7.03,7.03,1450,0
20110414,7.03,7.03,6.36,6.75,117396,0
20110415,6.74,6.74,6.56,6.56,6413,0
20110418,6.54,6.68,6.43,6.68,15112,0
20110419,6.68,6.73,6.65,6.73,3246,0
20110420,6.74,6.88,6.74,6.88,7887,0
20110421,6.44,6.88,6.44,6.88,6834,0
20110426,6.66,6.75,6.66,6.75,920,0
20110427,6.8,6.8,6.73,6.73,882,0
20110428,6.73,6.73,6.6,6.73,2684,0
20110429,6.55,6.7,6.55,6.6,1250,0
20110502,6.65,6.65,6.5,6.52,1516,0
20110504,6.5,6.78,6.48,6.78,351,0
20110505,6.77,6.77,6.51,6.61,1014,0
20110506,6.51,6.55,6.46,6.55,1605,0
20110509,6.55,6.55,6.4,6.41,2698,0
20110510,6.33,6.33,6.22,6.23,2998,0
20110511,6.3,6.3,6.23,6.26,33235,0
20110512,6.3,6.3,6.03,6.26,10531,0
20110513,6.07,6.15,6.07,6.15,24679,0
20110516,6.12,6.2,6.12,6.2,12919,0
20110517,6.2,6.2,6.2,6.2,5546,0
20110518,6.1,6.2,6.06,6.2,5121,0
20110519,6.2,6.21,6.2,6.2,3453,0
20110520,6.24,6.26,6.24,6.26,815,0
20110523,6.2,6.25,6.2,6.22,20210,0
20110524,6.2,6.25,6.2,6.2,4710,0
20110526,6.23,6.23,6.23,6.23,3480,0
20110527,6.2,6.36,6.2,6.36,3114,0
20110530,6.39,6.46,6.39,6.46,1604,0
20110531,6.36,6.46,6.35,6.43,1966,0
20110601,6.42,6.42,6.2,6.23,803260,0
20110602,6.26,6.35,6.26,6.35,52051,0
20110603,6.21,6.35,6.21,6.35,1342,0
20110606,6.25,6.25,6.2,6.2,1546,0
20110607,6.2,6.21,6.2,6.21,683,0
20110608,6.23,6.23,6.2,6.2,1350,0
20110609,6.21,6.21,6.2,6.2,1088,0
20110613,6.2,6.2,6.07,6.07,732,0
20110614,6.11,6.11,6.11,6.11,137,0
20110615,6.06,6.1,6.06,6.1,542,0
20110616,6.06,6.1,6.06,6.1,822,0
20110617,6.06,6.1,6.05,6.1,1501,0
20110620,6.07,6.07,6.05,6.05,680,0
20110621,6,6,5.93,5.93,4073,0
20110622,5.88,5.88,5.59,5.67,3000,0
20110624,5.61,5.75,5.61,5.75,157,0
20110627,5.85,5.85,5.31,5.55,4793,0
20110628,5.55,5.55,5.31,5.4,1412,0
20110629,5.35,5.55,5.13,5.55,388,0
20110630,5.55,5.55,5.28,5.35,20702,0
20110701,5.33,5.48,5.33,5.48,876,0
20110704,5.53,5.53,5.4,5.4,152,0
20110705,5.45,5.46,5.45,5.46,425,0
20110706,5.45,5.47,5.45,5.45,3170,0
20110707,5.5,5.68,5.46,5.68,302,0
20110708,5.46,5.46,5.46,5.46,860,0
20110711,5.5,5.52,5.5,5.5,733,0
20110712,5.5,5.5,5.3,5.3,3189,0
20110713,5.3,5.35,5.2,5.35,3450,0
20110714,5.37,5.37,5.32,5.32,928,0
20110715,5.5,5.55,5.26,5.26,5286,0
20110718,5.34,5.34,5.27,5.27,354,0
20110719,5.27,5.27,5.26,5.26,389,0
20110720,5.27,5.27,5.27,5.27,350,0
20110721,5.31,5.31,4.88,5.04,10183,0
20110722,5.24,5.24,5.1,5.15,3040,0
20110725,5,5.14,4.66,5.14,2366,0
20110726,5.05,5.05,5.05,5.05,20,0
20110727,5.05,5.16,4.73,5.16,603,0
20110728,5.16,5.16,5,5,192,0
20110729,5.05,5.05,5.05,5.05,20,0
20110801,4.81,4.95,4.81,4.9,2307,0
20110802,4.85,4.85,4.8,4.8,2080,0
20110803,4.76,4.76,4.53,4.75,1452,0
20110804,4.7,4.75,4.02,4.43,1924,0
20110805,3.63,4.39,3.63,4.39,50993,0
20110808,4.25,4.29,3.9,4,31339,0
20110809,3.91,3.91,3.8,3.87,8381,0
20110810,3.91,4.44,3.9,3.98,9439,0
20110811,3.98,4,3.86,3.9,62097,0
20110812,4.01,4.22,4,4.16,60884,0
20110816,4.28,4.41,4.25,4.41,7909,0
20110817,4.54,4.68,4.5,4.68,6032,0
20110818,4.71,4.75,4.2,4.2,5082,0
20110819,4.2,4.2,4,4.2,55467,0
20110822,4.45,4.45,4.3,4.3,5597,0
20110823,4.35,4.4,4.3,4.3,17136,0
20110824,4.3,4.6,4.3,4.6,752,0
20110825,4.7,4.7,4.52,4.52,5180,0
20110826,4.45,4.45,4.45,4.45,2300,0
20110829,4.48,4.48,4.48,4.48,165,0
20110830,4.4,4.4,4.25,4.3,4280,0
20110831,4.19,4.19,3.97,4.02,22470,0
20110901,4.04,4.04,3.99,4,10664,0
20110902,4,4,3.9,3.94,3515,0
20110905,3.84,3.89,3.7,3.7,13118,0
20110906,3.8,3.84,3.78,3.8,24851,0
20110907,3.63,3.79,3.56,3.64,35875,0
20110908,3.69,3.75,3.6,3.66,21444,0
20110909,3.68,3.68,3.57,3.6,5554,0
20110912,3.5,3.94,3.02,3.65,22039,0
20110913,3.56,3.56,3.35,3.5,8640,0
20110914,3.49,3.49,3.49,3.49,200,0
20110915,3.56,3.56,3.52,3.55,3476,0
20110916,3.72,3.72,3.4,3.45,7091,0
20110919,3.55,3.55,3.26,3.26,2934,0
20110920,3.27,3.3,3.21,3.3,12761,0
20110921,3.29,3.3,3.24,3.24,5744,0
20110922,3.23,3.23,3.2,3.2,12550,0
20110923,3.2,3.2,3.18,3.18,3785,0
20110926,3.17,3.2,3.09,3.15,3503,0
20110927,3.14,3.14,3.08,3.13,18075,0
20110928,3.13,3.42,2.93,2.99,48183,0
20110929,2.98,3,2.91,2.97,17490,0
20110930,3.12,3.12,2.89,3.02,51254,0
20111003,3.01,3.01,2.82,2.9,91672,0
20111004,2.89,2.96,2.85,2.85,40214,0
20111005,3,3,2.81,2.9,12476,0
20111006,2.88,3.08,2.88,3.08,48263,0
20111007,3.15,3.15,2.91,3,69589,0
20111010,3.09,3.09,2.95,3,57707,0
20111011,3.09,3.09,2.95,2.95,69472,0
20111012,3.09,3.09,2.98,3.01,20949,0
20111013,3.03,3.04,3,3,24058,0
20111014,2.98,3.11,2.97,3.11,18586,0
20111017,3.15,3.35,3.15,3.31,28957,0
20111018,3.25,3.27,3.24,3.26,7863,0
20111019,3.32,3.43,3.31,3.39,16687,0
20111020,3.5,3.5,3.42,3.46,15610,0
20111021,3.53,3.9,3.51,3.76,22117,0
20111024,3.78,4.15,3.78,4,100859,0
20111025,4,4,3.91,3.91,13488,0
20111026,3.7,3.9,3.7,3.76,28069,0
20111027,3.8,4,3.8,3.99,22165,0
20111028,3.99,4.06,3.99,4,15145,0
20111031,4,4.28,3.99,4.2,21424,0
20111102,4.01,4.08,3.95,4,49688,0
20111103,4,4,3.97,3.97,16753,0
20111104,4.09,4.15,3.97,3.97,23723,0
20111107,3.96,4.02,3.96,4.01,6382,0
20111108,4.01,4.05,4,4,10563,0
20111109,4,4,3.94,3.94,18552,0
20111110,3.95,4.04,3.94,3.94,8118,0
20111114,4.05,4.05,3.97,4.05,8205,0
20111115,4.05,4.05,3.97,4.03,26730,0
20111116,4.06,4.06,4.03,4.03,9899,0
20111117,4.04,4.05,4.03,4.03,3230,0
20111118,4.03,4.05,4.02,4.03,18203,0
20111121,4.03,4.03,3.96,3.96,18825,0
20111122,4.01,4.01,4,4,5723,0
20111123,4,4,3.99,3.99,16407,0
20111124,3.99,3.99,3.98,3.98,24540,0
20111125,3.98,3.98,3.97,3.98,21400,0
20111128,3.98,3.98,3.97,3.98,17514,0
20111129,4,4,3.96,3.96,13056,0
20111130,4,4,3.99,3.99,1230,0
20111201,4,4,3.99,3.99,11059,0
20111202,3.99,4,3.99,4,12980,0
20111205,3.99,4.15,3.99,4.1,9965,0
20111206,4.05,4.05,3.97,3.97,23428,0
20111207,3.97,4,3.96,4,4354,0
20111208,3.94,4,3.94,3.99,5348,0
20111209,3.73,3.9,3.73,3.84,37962,0
20111213,3.99,3.99,3.9,3.9,3820,0
20111214,3.89,3.9,3.88,3.88,3600,0
20111215,3.8,3.8,3.8,3.8,511,0
20111216,3.9,3.9,3.88,3.88,262,0
20111219,3.88,3.88,3.88,3.88,526,0
20111220,3.97,3.99,3.75,3.93,37350,0
20111221,3.93,4.04,3.92,4,6260,0
20111222,3.81,4.12,3.81,4.08,13918,0
20111223,4,4.2,3.99,4.2,23205,0
20111227,4.24,4.33,4.12,4.2,37854,0
20111228,4.25,4.26,4.2,4.2,4739,0
20111229,4.26,4.26,4.15,4.25,3155,0
20111230,4.25,4.29,3.95,4.25,3534,0
20120102,4.25,4.25,4.14,4.15,470,0
20120103,4.11,4.11,4.11,4.11,223,0
20120104,4.1,4.22,4.1,4.22,398,0
20120105,4.2,4.2,4.19,4.19,2466,0
20120109,4.18,4.19,4.18,4.18,2489,0
20120110,4.17,4.17,4.16,4.16,2574,0
20120111,4.15,4.15,4.15,4.15,1841,0
20120112,4.14,4.14,4.14,4.14,1864,0
20120113,4.12,4.13,4.06,4.12,2628,0
20120116,4.12,4.12,4.11,4.11,4978,0
20120117,4.11,4.25,4.1,4.25,14373,0
20120118,4.24,4.3,4.21,4.29,21923,0
20120119,4.37,4.4,4.37,4.39,8662,0
20120120,4.35,4.5,4.31,4.5,7646,0
20120123,4.49,4.65,4.49,4.52,10022,0
20120124,4.65,4.69,4.6,4.69,5295,0
20120125,4.64,4.65,4.64,4.65,11848,0
20120126,4.65,4.7,4.65,4.7,4381,0
20120127,4.72,4.75,4.72,4.75,1021,0
20120130,4.78,4.84,4.78,4.84,10577,0
20120131,4.84,4.9,4.84,4.89,5815,0
20120201,4.91,5.09,4.91,5.05,7237,0
20120202,5.14,5.14,4.99,4.99,3621,0
20120203,4.98,4.98,4.9,4.9,1846,0
20120206,4.84,4.94,4.83,4.94,3263,0
20120207,4.9,4.91,4.9,4.91,52,0
20120208,4.94,5.1,4.94,5.05,6910,0
20120209,5,5,4.91,4.91,4234,0
20120210,4.9,4.9,4.68,4.72,6336,0
20120213,4.71,4.75,4.71,4.75,4240,0
20120214,4.75,4.97,4.75,4.97,2268,0
20120215,4.98,4.98,4.76,4.89,1929,0
20120216,4.75,4.8,4.75,4.76,2849,0
20120217,4.76,4.99,4.76,4.99,1141,0
20120220,4.81,4.85,4.81,4.85,3074,0
20120221,4.9,4.9,4.37,4.79,19025,0
20120222,4.66,4.69,4.63,4.69,1685,0
20120223,4.69,4.69,4.69,4.69,200,0
20120224,4.69,4.69,4.45,4.45,7692,0
20120227,4.7,4.7,4.6,4.6,2080,0
20120228,4.65,4.65,4.6,4.6,1169,0
20120229,4.59,4.72,4.59,4.72,387,0
20120301,4.6,4.6,4.5,4.52,977,0
20120305,4.52,4.52,4.51,4.51,1288,0
20120306,4.5,4.56,4.38,4.56,1600,0
20120307,4.4,4.55,4.35,4.55,2933,0
20120308,4.54,4.54,4.54,4.54,813,0
20120309,4.55,4.55,4.27,4.28,29929,0
20120312,4.25,4.32,4.25,4.27,2123,0
20120313,4.35,4.35,4.34,4.34,1452,0
20120314,4.35,4.35,4.34,4.34,1220,0
20120315,4.38,4.38,4.34,4.34,1045,0
20120316,4.4,4.5,4.27,4.27,5398,0
20120319,4.26,4.26,4.16,4.16,3218,0
20120320,4.2,4.21,4.19,4.19,3002,0
20120321,4.19,4.19,4.17,4.17,1277,0
20120322,4.17,4.19,4.16,4.17,3607,0
20120323,4.18,4.18,4.18,4.18,500,0
20120326,4.18,4.18,4.13,4.13,3498,0
20120327,4.15,4.15,4.15,4.15,336,0
20120328,4.14,4.14,4.12,4.12,2903,0
20120329,4.2,4.2,4.18,4.18,839,0
20120330,4.14,4.16,4.06,4.16,5007,0
20120402,4.2,4.24,4.2,4.24,26265,0
20120403,4.24,4.25,4.2,4.22,5281,0
20120404,4.4,4.4,4.2,4.2,12198,0
20120410,4.19,4.19,4.19,4.19,1363,0
20120412,4.14,4.14,4.05,4.05,2644,0
20120413,4.05,4.1,4.05,4.1,54000,0
20120416,4.1,4.12,4.1,4.1,10500,0
20120417,4.1,4.12,4.1,4.11,18009,0
20120418,4.13,4.13,4.1,4.13,8805,0
20120419,4.12,4.12,4.01,4.12,5285,0
20120420,4.1,4.1,4.1,4.1,11912,0
20120423,4.1,4.13,4.1,4.1,13494,0
20120424,4.09,4.35,4.07,4.35,2946,0
20120425,4.3,4.35,4.27,4.27,4376,0
20120426,4.25,4.25,4.2,4.25,2529,0
20120427,4.15,4.32,4.15,4.32,690,0
20120430,4.33,4.33,4.14,4.3,3883,0
20120502,4.11,4.2,4.11,4.2,3005,0
20120504,4.19,4.19,4.19,4.19,487,0
20120507,4.2,4.2,4.01,4.16,11313,0
20120508,4.2,4.2,4.1,4.1,18934,0
20120509,4.1,4.15,4.1,4.15,600,0
20120510,4.1,4.2,4.1,4.2,5610,0
20120511,4.1,4.1,4.1,4.1,6830,0
20120514,4.01,4.08,4.01,4.08,35,0
20120515,4,4,3.9,3.9,2350,0
20120516,3.8,3.8,3.71,3.79,4001,0
20120517,3.83,3.83,3.7,3.78,1746,0
20120518,3.78,3.78,3.69,3.7,11899,0
20120521,3.61,3.61,3.52,3.52,936,0
20120522,3.5,3.57,3.41,3.5,3470,0
20120523,3.57,3.57,3.47,3.47,403,0
20120524,3.45,3.48,3.43,3.46,2692,0
20120525,3.51,3.7,3.51,3.7,1393,0
20120528,3.78,3.78,3.78,3.78,200,0
20120529,3.85,3.85,3.75,3.85,26,0
20120530,3.78,3.85,3.78,3.85,65,0
20120531,3.85,3.85,3.69,3.85,1165,0
20120601,3.75,3.82,3.67,3.67,4592,0
20120604,3.59,3.59,3.58,3.58,2152,0
20120605,3.49,3.49,3.33,3.39,4783,0
20120608,3.4,3.4,3.4,3.4,300,0
20120611,3.45,3.76,3.45,3.76,2815,0
20120612,3.67,3.68,3.52,3.68,3591,0
20120613,3.68,3.75,3.66,3.73,2392,0
20120614,3.73,3.73,3.73,3.73,10,0
20120618,3.73,3.73,3.73,3.73,20,0
20120619,3.72,3.72,3.65,3.72,770,0
20120620,3.63,3.73,3.54,3.73,2195,0
20120621,3.7,3.7,3.52,3.61,4815,0
20120622,3.52,3.52,3.5,3.51,3276,0
20120625,3.51,3.69,3.48,3.69,2769,0
20120626,3.6,3.67,3.6,3.67,205,0
20120628,3.66,3.67,3.66,3.67,414,0
20120629,3.67,3.7,3.67,3.7,5437,0
20120702,3.7,3.75,3.6,3.6,5185,0
20120703,3.6,3.6,3.46,3.59,1568,0
20120705,3.51,3.79,3.51,3.77,16999,0
20120706,3.77,3.77,3.68,3.76,640,0
20120709,3.68,3.68,3.68,3.68,645,0
20120710,3.6,3.6,3.6,3.6,1000,0
20120711,3.6,3.6,3.55,3.55,1060,0
20120716,3.62,3.62,3.53,3.59,1015,0
20120717,3.4,3.65,3.4,3.65,5636,0
20120718,3.5,3.51,3.5,3.5,2730,0
20120719,3.44,3.6,3.44,3.59,4958,0
20120723,3.5,3.5,3.33,3.33,3077,0
20120724,3.35,3.5,3.15,3.3,14587,0
20120725,3.37,3.59,3.3,3.3,3781,0
20120726,3.35,3.45,3.35,3.45,1310,0
20120727,3.35,3.35,3.29,3.31,1677,0
20120730,3.39,3.59,3.39,3.47,4647,0
20120731,3.5,3.5,3.35,3.35,20020,0
20120801,3.45,3.45,3.45,3.45,18,0
20120803,3.4,3.4,3.4,3.4,100,0
20120807,3.4,3.4,3.4,3.4,650,0
20120808,3.4,3.4,3.35,3.35,980,0
20120809,3.38,3.52,3.38,3.52,1417,0
20120810,3.49,3.49,3.49,3.49,2,0
20120813,3.5,3.5,3.48,3.48,1530,0
20120814,3.47,3.47,3.4,3.4,500,0
20120816,3.47,3.47,3.47,3.47,68,0
20120817,3.47,3.47,3.47,3.47,100,0
20120821,3.3,3.3,3.3,3.3,209,0
20120822,3.3,3.3,3.29,3.29,2300,0
20120823,3.19,3.19,3.19,3.19,500,0
20120824,3.15,3.19,3.15,3.19,501,0
20120828,3.19,3.19,3.19,3.19,296,0
20120829,3.16,3.18,3.16,3.18,2944,0
20120830,3.15,3.2,3.15,3.15,424,0
20120831,3.15,3.15,3.06,3.06,3685,0
20120903,3.06,3.06,3.03,3.03,2190,0
20120904,3.03,3.03,2.85,2.85,7431,0
20120905,2.8,2.85,2.75,2.85,14079,0
20120907,2.85,2.98,2.85,2.85,14859,0
20120910,2.95,2.95,2.85,2.85,1563,0
20120911,2.89,2.98,2.89,2.97,4670,0
20120912,2.97,2.98,2.9,2.9,2580,0
20120913,2.9,2.9,2.9,2.9,1602,0
20120914,2.95,3,2.95,2.99,6450,0
20120917,2.99,2.99,2.99,2.99,831,0
20120918,2.96,2.99,2.85,2.87,14530,0
20120919,2.87,2.93,2.76,2.76,10077,0
20120920,2.76,2.76,2.5,2.61,27523,0
20120921,2.61,2.7,2.61,2.7,59087,0
20120924,2.69,2.69,2.48,2.54,37743,0
20120925,2.5,2.54,2.48,2.5,11443,0
20120926,2.5,2.5,2.3,2.4,23131,0
20120927,2.4,2.4,2.28,2.37,11708,0
20120928,2.33,2.37,2.28,2.3,10953,0
20121001,2.37,2.37,2.29,2.3,31569,0
20121002,2.3,2.4,2.29,2.34,84657,0
20121003,2.35,2.45,2.34,2.45,26050,0
20121004,2.45,2.45,2.42,2.44,12008,0
20121005,2.49,2.55,2.44,2.49,36849,0
20121008,2.55,2.55,2.48,2.5,23973,0
20121009,2.55,2.55,2.48,2.48,29742,0
20121010,2.5,2.5,2.47,2.48,8200,0
20121011,2.46,2.47,2.4,2.4,25297,0
20121012,2.4,2.4,2.32,2.37,17982,0
20121015,2.44,2.44,2.32,2.32,6135,0
20121016,2.4,2.4,2.34,2.34,2080,0
20121017,2.39,2.45,2.38,2.39,26076,0
20121018,2.39,2.41,2.39,2.4,12178,0
20121019,2.45,2.45,2.41,2.41,7813,0
20121022,2.43,2.43,2.41,2.41,4700,0
20121023,2.41,2.41,2.32,2.36,7340,0
20121024,2.32,2.32,2.26,2.26,3450,0
20121025,2.3,2.3,2.26,2.26,5154,0
20121026,2.27,2.29,2.27,2.29,2894,0
20121029,2.29,2.32,2.26,2.26,2849,0
20121030,2.3,2.3,2.3,2.3,500,0
20121031,2.35,2.39,2.35,2.39,7104,0
20121102,2.42,2.51,2.42,2.5,6879,0
20121105,2.53,2.53,2.45,2.45,14039,0
20121106,2.52,2.52,2.45,2.45,20907,0
20121107,2.44,2.49,2.4,2.49,21451,0
20121108,2.48,2.5,2.48,2.49,12271,0
20121109,2.47,2.51,2.4,2.41,10738,0
20121112,2.41,2.43,2.41,2.43,10170,0
20121113,2.43,2.49,2.43,2.44,15972,0
20121114,2.46,2.46,2.45,2.45,41160,0
20121115,2.46,2.55,2.46,2.55,19179,0
20121116,2.55,2.73,2.55,2.73,28994,0
20121119,2.72,3.03,2.72,3.02,51586,0
20121120,3.03,3.06,2.84,2.94,51212,0
20121121,2.86,2.96,2.86,2.9,6996,0
20121122,2.95,2.95,2.9,2.9,6827,0
20121123,2.85,2.95,2.83,2.95,2656,0
20121126,2.96,2.96,2.8,2.8,14900,0
20121127,2.8,2.8,2.61,2.7,42386,0
20121128,2.69,2.79,2.69,2.79,8382,0
20121129,2.77,2.89,2.77,2.89,9479,0
20121130,2.89,2.95,2.89,2.95,6356,0
20121203,2.95,2.95,2.91,2.91,2835,0
20121204,2.96,2.96,2.92,2.92,6569,0
20121205,2.95,2.95,2.86,2.89,8319,0
20121206,2.89,2.91,2.86,2.87,2684,0
20121207,2.87,2.88,2.78,2.88,2389,0
20121210,2.96,2.96,2.76,2.82,11214,0
20121211,2.82,2.88,2.82,2.88,3130,0
20121212,2.91,2.91,2.85,2.85,9844,0
20121213,2.85,2.85,2.67,2.73,19011,0
20121214,2.79,2.81,2.73,2.74,3000,0
20121217,2.75,2.8,2.75,2.8,290,0
20121218,2.81,2.85,2.81,2.84,18718,0
20121219,2.84,2.84,2.81,2.81,7548,0
20121220,2.8,2.8,2.74,2.74,14754,0
20121221,2.8,2.8,2.7,2.8,6355,0
20121227,2.75,2.75,2.67,2.72,13115,0
20121228,2.7,2.7,2.67,2.69,2401,0
20130102,2.67,2.67,2.65,2.67,6786,0
20130103,2.69,2.69,2.59,2.61,12235,0
20130104,2.57,2.62,2.56,2.57,8685,0
20130107,2.65,2.65,2.59,2.59,20860,0
20130108,2.62,2.66,2.62,2.66,2005,0
20130109,2.62,2.62,2.6,2.6,3900,0
20130110,2.59,2.59,2.46,2.46,10240,0
20130111,2.45,2.49,2.42,2.49,26944,0
20130114,2.49,2.6,2.49,2.49,14651,0
20130115,2.54,2.54,2.47,2.5,4877,0
20130116,2.48,2.48,2.43,2.48,3494,0
20130117,2.47,2.49,2.4,2.49,31238,0
20130118,2.45,2.49,2.45,2.49,567,0
20130121,2.47,2.59,2.47,2.55,76569,0
20130122,2.57,2.65,2.55,2.6,59368,0
20130123,2.6,2.6,2.57,2.6,26006,0
20130124,2.6,2.6,2.5,2.57,35092,0
20130125,2.5,2.54,2.46,2.54,9663,0
20130128,2.53,2.53,2.44,2.44,4796,0
20130129,2.45,2.49,2.43,2.49,2638,0
20130130,2.39,2.49,2.39,2.47,6430,0
20130131,2.47,2.5,2.47,2.5,4260,0
20130201,2.5,2.51,2.49,2.5,3581,0
20130204,2.5,2.5,2.4,2.4,2963,0
20130205,2.4,2.4,2.3,2.38,20441,0
20130206,2.35,2.39,2.33,2.39,3658,0
20130207,2.39,2.45,2.39,2.42,3847,0
20130208,2.41,2.41,2.4,2.4,1421,0
20130211,2.46,2.46,2.4,2.4,3378,0
20130212,2.42,2.42,2.33,2.37,4005,0
20130213,2.38,2.39,2.38,2.38,1829,0
20130214,2.37,2.38,2.37,2.38,625,0
20130215,2.33,2.37,2.32,2.37,5165,0
20130218,2.32,2.33,2.32,2.33,285,0
20130219,2.33,2.33,2.27,2.32,26266,0
20130220,2.35,2.35,2.29,2.33,10772,0
20130221,2.33,2.35,2.29,2.3,10852,0
20130222,2.33,2.34,2.27,2.27,6741,0
20130225,2.27,2.31,2.27,2.31,8245,0
20130226,2.31,2.39,2.31,2.39,3867,0
20130227,2.39,2.5,2.39,2.47,21277,0
20130228,2.5,2.5,2.47,2.47,8037,0
20130301,2.45,2.47,2.4,2.4,10425,0
20130304,2.4,2.4,2.32,2.37,4656,0
20130305,2.37,2.44,2.37,2.43,19799,0
20130306,2.43,2.43,2.31,2.4,19021,0
20130307,2.42,2.61,2.42,2.61,65800,0
20130308,2.64,2.88,2.6,2.8,127004,0
20130311,2.8,2.85,2.6,2.61,40188,0
20130312,2.64,2.7,2.6,2.68,18170,0
20130313,2.68,2.68,2.56,2.63,13248,0
20130314,2.64,2.68,2.5,2.65,29113,0
20130315,2.62,2.68,2.62,2.67,7863,0
20130318,2.61,2.67,2.6,2.63,6944,0
20130319,2.53,2.62,2.52,2.62,9480,0
20130320,2.64,2.64,2.6,2.6,1146,0
20130321,2.57,2.57,2.45,2.47,22165,0
20130322,2.48,2.48,2.35,2.36,18875,0
20130325,2.4,2.45,2.4,2.42,6344,0
20130326,2.52,2.52,2.41,2.41,2951,0
20130327,2.5,2.5,2.44,2.47,4956,0
20130328,2.48,2.48,2.47,2.48,4754,0
20130402,2.45,2.5,2.45,2.49,4403,0
20130403,2.51,2.51,2.45,2.45,4525,0
20130404,2.45,2.45,2.32,2.41,15391,0
20130405,2.41,2.41,2.4,2.4,1270,0
20130408,2.36,2.36,2.31,2.33,3420,0
20130409,2.3,2.36,2.3,2.36,3667,0
20130410,2.34,2.45,2.31,2.45,5606,0
20130411,2.4,2.4,2.4,2.4,2150,0
20130412,2.36,2.4,2.3,2.35,7884,0
20130415,2.35,2.43,2.35,2.43,3376,0
20130417,2.36,2.36,2.31,2.32,6400,0
20130418,2.31,2.31,2.3,2.3,2385,0
20130419,2.3,2.3,2.12,2.16,31573,0
20130422,2.17,2.17,1.77,1.78,59250,0
20130423,1.63,1.77,1.35,1.36,247177,0
20130424,1.39,1.6,1.31,1.53,565843,0
20130425,1.56,1.56,1.45,1.5,179757,0
20130426,1.51,1.53,1.47,1.51,37074,0
20130429,1.49,1.58,1.45,1.5,69274,0
20130430,1.5,1.7,1.5,1.7,91860,0
20130502,1.7,1.71,1.55,1.69,5886,0
20130506,1.61,1.69,1.61,1.65,8360,0
20130507,1.65,1.8,1.6,1.78,62801,0
20130508,1.79,2.06,1.79,1.99,74227,0
20130509,2.05,2.14,1.99,2.02,49228,0
20130510,2,2,1.9,1.98,11769,0
20130513,1.98,1.98,1.73,1.8,44776,0
20130514,1.79,1.79,1.7,1.77,14255,0
20130515,1.7,1.84,1.7,1.78,16216,0
20130516,1.72,1.84,1.72,1.81,11111,0
20130517,1.81,1.83,1.75,1.81,11417,0
20130520,1.76,1.76,1.66,1.74,25009,0
20130521,1.75,1.75,1.69,1.75,11865,0
20130522,1.75,1.76,1.75,1.76,3892,0
20130523,1.75,1.88,1.74,1.87,12654,0
20130524,1.87,1.87,1.81,1.81,11720,0
20130527,1.81,1.81,1.76,1.8,3964,0
20130528,1.77,1.82,1.77,1.8,37121,0
20130529,1.77,1.81,1.77,1.78,7532,0
20130531,1.77,1.81,1.76,1.77,25131,0
20130603,1.8,1.81,1.8,1.81,11900,0
20130604,1.81,1.96,1.81,1.93,177715,0
20130605,1.95,2.04,1.88,1.97,46035,0
20130606,1.97,2.09,1.97,2.02,55859,0
20130607,2.02,2.12,1.98,2.12,45744,0
20130610,2.12,2.18,2.1,2.13,37002,0
20130611,2.14,2.15,2.06,2.11,43518,0
20130612,2.03,2.11,2.02,2.02,34510,0
20130613,1.99,1.99,1.9,1.97,44255,0
20130614,1.97,1.97,1.9,1.96,9977,0
20130617,1.97,2.03,1.95,2.02,11103,0
20130618,1.99,2.02,1.99,2.02,5552,0
20130619,2.02,2.02,1.95,1.99,4352,0
20130620,1.94,1.97,1.84,1.84,29648,0
20130621,1.83,1.89,1.7,1.77,27173,0
20130624,1.75,1.75,1.7,1.74,17784,0
20130625,1.79,1.79,1.66,1.7,24000,0
20130626,1.71,1.75,1.7,1.71,20183,0
20130627,1.73,1.76,1.67,1.67,22819,0
20130628,1.69,1.7,1.6,1.65,27182,0
20130701,1.65,1.65,1.6,1.62,12700,0
20130702,1.6,1.73,1.6,1.65,24858,0
20130703,1.65,1.7,1.61,1.61,17998,0
20130704,1.6,1.6,1.55,1.55,32305,0
20130705,1.58,1.58,1.51,1.58,8451,0
20130708,1.58,1.59,1.55,1.59,9358,0
20130709,1.58,1.6,1.55,1.57,14991,0
20130710,1.51,1.58,1.49,1.54,17017,0
20130711,1.58,1.58,1.55,1.57,17670,0
20130712,1.58,1.59,1.56,1.56,8892,0
20130715,1.56,1.59,1.54,1.59,3701,0
20130716,1.56,1.58,1.56,1.58,11270,0
20130717,1.56,1.63,1.51,1.61,17255,0
20130718,1.6,1.65,1.56,1.65,40425,0
20130719,1.68,1.77,1.67,1.7,35543,0
20130722,1.7,1.77,1.7,1.77,14829,0
20130723,1.77,1.84,1.74,1.84,42856,0
20130724,1.86,1.88,1.84,1.87,63177,0
20130725,1.85,1.85,1.77,1.8,28392,0
20130726,1.77,1.77,1.69,1.7,16267,0
20130729,1.72,1.79,1.69,1.72,12201,0
20130730,1.7,1.72,1.65,1.71,6861,0
20130731,1.71,1.74,1.7,1.7,17715,0
20130801,1.71,1.73,1.71,1.72,5950,0
20130802,1.72,1.74,1.67,1.74,25397,0
20130805,1.7,1.73,1.7,1.73,130,0
20130806,1.72,1.72,1.7,1.7,5627,0
20130807,1.7,1.74,1.7,1.74,4559,0
20130808,1.74,1.78,1.74,1.78,15342,0
20130809,1.79,1.79,1.74,1.77,7212,0
20130812,1.77,1.85,1.75,1.83,43476,0
20130813,1.81,1.95,1.81,1.91,62418,0
20130814,1.89,2.06,1.85,1.9,122507,0
20130816,1.9,1.94,1.81,1.87,93869,0
20130819,1.88,1.88,1.82,1.85,12177,0
20130820,1.85,1.85,1.79,1.8,13897,0
20130821,1.84,1.85,1.77,1.83,12789,0
20130822,1.83,1.85,1.75,1.79,40439,0
20130823,1.8,1.81,1.76,1.81,31897,0
20130826,1.81,1.81,1.71,1.78,16956,0
20130827,1.78,1.78,1.71,1.74,14183,0
20130828,1.74,1.74,1.72,1.72,5551,0
20130829,1.73,1.76,1.73,1.76,1875,0
20130830,1.72,1.76,1.65,1.67,52710,0
20130902,1.68,1.8,1.68,1.76,37857,0
20130903,1.79,1.85,1.77,1.78,34619,0
20130904,1.8,1.88,1.76,1.8,57383,0
20130905,1.82,1.82,1.64,1.72,39527,0
20130906,1.72,1.84,1.72,1.8,63386,0
20130909,1.8,1.98,1.8,1.95,154755,0
20130910,1.95,2.05,1.93,2.02,94434,0
20130911,1.96,1.99,1.96,1.96,10178,0
20130912,1.97,1.98,1.92,1.92,8342,0
20130913,1.92,1.95,1.92,1.95,4962,0
20130916,1.96,1.99,1.87,1.87,29961,0
20130917,1.87,1.92,1.83,1.92,4490,0
20130918,1.88,1.88,1.8,1.85,8205,0
20130919,1.88,1.95,1.88,1.95,50315,0
20130920,1.92,1.94,1.89,1.94,6744,0
20130923,1.94,2.05,1.94,2.04,37051,0
20130924,2.04,2.04,1.91,2,19466,0
20130925,2,2,2,2,307,0
20130926,2,2,1.94,2,12870,0
20130927,2,2,1.98,1.98,14535,0
20130930,1.99,2.11,1.97,2.11,46075,0
20131001,2.11,2.11,2.07,2.1,16466,0
20131002,2.11,2.15,2.1,2.15,26247,0
20131003,2.16,2.37,2.16,2.3,61212,0
20131004,2.3,2.34,2.22,2.29,8749,0
20131007,2.29,2.37,2.22,2.31,42706,0
20131008,2.34,2.34,2.29,2.33,3460,0
20131009,2.3,2.35,2.23,2.34,29831,0
20131010,2.35,2.6,2.3,2.52,126350,0
20131011,2.52,2.69,2.5,2.6,53086,0
20131014,2.64,2.69,2.58,2.64,38819,0
20131015,2.63,2.65,2.52,2.61,27502,0
20131016,2.6,2.6,2.52,2.6,30417,0
20131017,2.5,2.62,2.5,2.6,14663,0
20131018,2.6,2.6,2.34,2.46,60345,0
20131021,2.44,2.6,2.44,2.6,23910,0
20131022,2.61,2.75,2.61,2.71,59224,0
20131023,2.71,2.76,2.62,2.7,16027,0
20131024,2.7,2.7,2.65,2.7,10244,0
20131025,2.78,2.78,2.7,2.72,12699,0
20131028,2.79,2.86,2.77,2.79,90617,0
20131029,2.82,2.96,2.79,2.79,54693,0
20131030,2.8,3,2.71,2.71,220757,0
20131031,2.72,2.8,2.7,2.8,9137,0
20131104,2.8,2.94,2.72,2.9,115832,0
20131105,2.99,2.99,2.85,2.85,29528,0
20131106,2.9,2.9,2.81,2.85,9348,0
20131107,2.84,2.96,2.84,2.94,17708,0
20131108,2.95,2.95,2.88,2.88,6982,0
20131112,2.88,2.98,2.84,2.95,22164,0
20131113,2.95,3.06,2.82,3.04,42864,0
20131114,3.04,3.09,3,3.09,31918,0
20131115,3.03,3.03,2.8,2.8,70923,0
20131118,2.75,2.9,2.65,2.89,40507,0
20131119,3,3,2.81,2.94,25679,0
20131120,2.9,2.9,2.79,2.8,16035,0
20131121,2.8,2.86,2.8,2.83,10464,0
20131122,2.8,2.94,2.8,2.89,41596,0
20131125,2.92,2.95,2.91,2.94,33579,0
20131126,2.96,2.97,2.89,2.94,31525,0
20131127,2.94,2.97,2.89,2.89,9136,0
20131128,2.9,2.9,2.83,2.83,980,0
20131129,2.92,2.93,2.9,2.93,3498,0
20131202,2.76,2.92,2.76,2.85,19116,0
20131203,2.81,2.89,2.72,2.79,8016,0
20131204,2.72,2.72,2.51,2.6,32695,0
20131205,2.55,2.55,2.36,2.39,83356,0
20131206,2.4,2.51,2.4,2.46,28581,0
20131209,2.55,2.63,2.51,2.63,19418,0
20131210,2.64,2.64,2.52,2.55,9024,0
20131211,2.55,2.58,2.55,2.55,3276,0
20131212,2.47,2.58,2.47,2.55,673,0
20131213,2.52,2.53,2.51,2.53,4481,0
20131216,2.52,2.52,2.43,2.45,19363,0
20131217,2.45,2.48,2.29,2.29,24969,0
20131218,2.27,2.4,2.25,2.35,16586,0
20131219,2.4,2.42,2.35,2.36,8086,0
20131220,2.36,2.4,2.36,2.37,8206,0
20131223,2.42,2.42,2.32,2.4,1893,0
20131227,2.37,2.37,2.31,2.35,6537,0
20131230,2.34,2.39,2.34,2.37,1555,0
20140102,2.37,2.42,2.36,2.41,434,0
20140103,2.39,2.45,2.37,2.45,8228,0
20140107,2.47,2.52,2.46,2.48,8783,0
20140108,2.48,2.51,2.45,2.45,5767,0
20140109,2.45,2.45,2.41,2.41,3757,0
20140110,2.4,2.49,2.4,2.49,638,0
20140113,2.5,2.5,2.49,2.5,4978,0
20140114,2.49,2.49,2.44,2.44,1634,0
20140115,2.5,2.5,2.48,2.48,538,0
20140116,2.5,2.5,2.4,2.4,8131,0
20140117,2.42,2.42,2.4,2.4,2368,0
20140120,2.4,2.4,2.29,2.29,22054,0
20140121,2.29,2.39,2.29,2.35,6542,0
20140122,2.31,2.33,2.3,2.32,3910,0
20140123,2.32,2.35,2.3,2.31,5741,0
20140124,2.35,2.35,2.3,2.34,609,0
20140127,2.34,2.34,2.28,2.28,2392,0
20140128,2.24,2.31,2.18,2.25,12645,0
20140129,2.29,2.35,2.22,2.29,8472,0
20140130,2.25,2.39,2.25,2.39,6191,0
20140131,2.45,2.48,2.4,2.44,3666,0
20140203,2.44,2.44,2.41,2.41,2017,0
20140204,2.41,2.45,2.36,2.44,7457,0
20140205,2.44,2.44,2.36,2.36,4625,0
20140206,2.37,2.37,2.2,2.26,102624,0
20140207,2.2,2.26,2.2,2.26,21780,0
20140210,2.27,2.3,2.06,2.07,137764,0
20140211,2.1,2.18,2.06,2.09,27991,0
20140212,2.09,2.1,2.07,2.07,27599,0
20140213,2.05,2.06,2.02,2.03,50209,0
20140214,2.05,2.06,2.03,2.03,16415,0
20140217,2.04,2.13,2.04,2.11,82631,0
20140218,2.15,2.15,2.11,2.13,25204,0
20140219,2.13,2.13,2.08,2.12,21493,0
20140220,2.11,2.11,2.06,2.06,12698,0
20140221,2.07,2.15,2.07,2.13,10494,0
20140224,2.15,2.23,2.15,2.23,22656,0
20140225,2.22,2.26,2.19,2.23,30129,0
20140226,2.2,2.2,2.15,2.15,14697,0
20140227,2.13,2.14,2.13,2.13,5163,0
20140228,2.11,2.18,2.02,2.09,33729,0
20140303,2.05,2.05,1.98,1.98,75118,0
20140304,1.96,2.06,1.95,2.06,34433,0
20140305,2.09,2.11,2.03,2.1,16445,0
20140306,2.11,2.12,2.11,2.12,9520,0
20140307,2.07,2.07,2.04,2.04,9032,0
20140310,2.08,2.08,2.02,2.02,11269,0
20140311,2.07,2.08,2.07,2.08,5075,0
20140312,2.07,2.07,2.03,2.06,1250,0
20140313,2.02,2.06,2,2.04,15957,0
20140314,1.97,1.98,1.89,1.93,33649,0
20140317,1.9,2.08,1.9,2.08,14525,0
20140318,2.08,2.18,1.92,2.16,77457,0
20140319,2.15,2.25,2.13,2.24,69029,0
20140320,2.24,2.24,2.15,2.15,18659,0
20140321,2.18,2.21,2.17,2.2,5605,0
20140324,2.16,2.16,2.15,2.15,1286,0
20140325,2.15,2.19,2.15,2.18,10003,0
20140326,2.15,2.24,2.15,2.2,15313,0
20140327,2.18,2.2,2.14,2.2,8253,0
20140328,2.19,2.19,2.13,2.18,12881,0
20140331,2.18,2.25,2.18,2.24,12188,0
20140401,2.23,2.23,2.19,2.19,5318,0
20140402,2.19,2.19,2.17,2.17,8577,0
20140403,2.17,2.28,2.17,2.27,27504,0
20140404,2.27,2.32,2.27,2.32,37201,0
20140407,2.32,2.32,2.21,2.21,18501,0
20140408,2.22,2.22,2.2,2.22,14106,0
20140409,2.22,2.22,2.21,2.21,903,0
20140410,2.25,2.25,2.18,2.18,9408,0
20140411,2.18,2.18,2.16,2.16,7420,0
20140414,2.15,2.15,2.11,2.11,3687,0
20140415,2.15,2.15,2.11,2.11,5880,0
20140416,2.11,2.12,2.06,2.06,5965,0
20140417,2.08,2.08,2,2.05,7485,0
20140422,2.05,2.08,2.05,2.06,6122,0
20140423,2.05,2.05,2.03,2.03,1769,0
20140424,2.03,2.03,2.02,2.02,6431,0
20140425,2.01,2.12,2.01,2.12,1413,0
20140428,2.02,2.1,2.02,2.09,3015,0
20140429,2.09,2.09,2.09,2.09,960,0
20140430,2.1,2.1,2.1,2.1,1396,0
20140502,2.1,2.1,2.04,2.04,83,0
20140505,2.05,2.05,2,2,9415,0
20140506,2,2,1.95,1.95,12382,0
20140507,1.95,1.95,1.9,1.93,9702,0
20140508,1.95,1.95,1.87,1.87,38069,0
20140509,1.88,1.9,1.85,1.85,8951,0
20140512,1.9,1.9,1.81,1.81,2442,0
20140513,1.81,1.84,1.78,1.79,23058,0
20140514,1.8,1.8,1.79,1.79,3780,0
20140515,1.81,1.81,1.8,1.8,68564,0
20140516,1.79,1.79,1.7,1.77,79678,0
20140519,1.77,1.82,1.74,1.76,26791,0
20140520,1.75,1.76,1.73,1.75,6258,0
20140521,1.77,1.77,1.75,1.75,2594,0
20140522,1.72,1.74,1.7,1.74,21925,0
20140523,1.76,1.84,1.75,1.81,48276,0
20140526,2.19,2.5,2.1,2.5,282090,0
20140527,2.85,2.97,2.62,2.73,895373,0
20140528,2.78,2.78,2.53,2.6,141624,0
20140529,2.54,2.56,2.41,2.44,156813,0
20140530,2.41,2.55,2.34,2.47,171220,0
20140602,2.48,2.65,2.47,2.6,80910,0
20140603,2.6,2.65,2.51,2.52,60988,0
20140604,2.5,2.58,2.5,2.55,57821,0
20140605,2.63,2.64,2.55,2.57,26692,0
20140606,2.64,2.64,2.56,2.56,4353,0
20140609,2.6,2.6,2.46,2.49,13534,0
20140610,2.46,2.52,2.4,2.41,21518,0
20140611,2.41,2.48,2.38,2.39,23868,0
20140612,2.39,2.44,2.33,2.33,36500,0
20140613,2.34,2.43,2.34,2.36,19161,0
