Date,Open,High,Low,Close,Volume,OpenInt
20070528,22.709,28.893,22.709,25.898,1375003,0
20070529,26.091,26.961,23.694,24.158,259884,0
20070530,23.221,23.569,22.322,22.477,119377,0
20070531,22.902,23.656,22.516,23.366,71106,0
20070601,23.424,23.424,22.322,22.332,42849,0
20070604,22.226,22.226,20.293,20.95,74533,0
20070605,20.776,20.776,19.327,19.675,106328,0
20070606,19.675,19.887,18.563,19.675,37473,0
20070608,19.066,19.617,19.037,19.346,33316,0
20070611,19.713,20.148,19.713,19.81,28770,0
20070612,20.293,20.583,19.81,20.187,18215,0
20070613,20.274,20.274,19.52,19.675,14857,0
20070614,19.723,19.81,19.356,19.365,25172,0
20070615,19.365,19.568,19.249,19.394,14991,0
20070618,19.79,19.79,19.066,19.327,13545,0
20070619,20.196,21.713,20.196,21.221,56080,0
20070620,21.308,21.742,20.535,20.535,25325,0
20070621,20.457,20.873,19.906,20.651,12653,0
20070622,20.95,20.95,20.003,20.003,12827,0
20070625,19.819,20.486,19.394,19.655,22049,0
20070626,19.375,19.636,19.375,19.617,10264,0
20070627,19.53,19.53,19.327,19.375,8257,0
20070628,19.713,20.283,19.617,20.264,9965,0
20070629,20.38,20.38,19.414,19.52,13494,0
20070702,19.52,19.52,19.037,19.085,6219,0
20070703,19.423,19.423,19.037,19.317,8340,0
20070704,19.327,19.336,18.892,19.085,10495,0
20070705,19.172,19.23,18.708,18.94,8711,0
20070706,18.988,19.278,18.814,18.843,9728,0
20070709,19.037,19.037,18.757,18.921,8915,0
20070710,18.776,18.795,17.877,18.099,32482,0
20070711,18.36,18.36,17.877,17.974,13238,0
20070712,17.877,17.974,16.911,17.201,11507,0
20070713,17.394,17.684,16.92,17.143,9514,0
20070716,16.911,16.92,16.041,16.418,10902,0
20070717,16.428,16.611,15.925,16.428,17699,0
20070718,16.718,16.718,16.476,16.669,8728,0
20070719,16.911,17.181,16.631,16.65,8284,0
20070720,16.669,16.911,16.428,16.428,4258,0
20070723,16.669,16.669,16.234,16.321,2825,0
20070724,16.234,16.283,15.925,15.925,4061,0
20070725,15.558,15.848,15.51,15.606,9848,0
20070726,15.558,15.703,15.461,15.558,6920,0
20070727,15.461,15.461,15.142,15.345,9171,0
20070730,15.268,15.944,14.93,15.944,14415,0
20070731,15.944,16.234,15.751,16.234,18112,0
20070801,16.041,16.041,15.374,15.848,4827,0
20070802,15.944,15.944,15.355,15.751,5738,0
20070803,15.558,15.606,15.558,15.558,1030,0
20070806,15.355,15.355,14.592,14.93,5199,0
20070807,15.22,15.365,14.978,15.075,1776,0
20070808,15.51,15.51,14.756,15.171,3618,0
20070809,14.621,15.123,14.621,14.978,2390,0
20070810,14.592,14.592,13.335,13.529,10441,0
20070813,13.074,14.205,13.074,14.012,8256,0
20070814,14.572,14.572,13.509,13.509,1757,0
20070816,12.127,13.036,10.639,10.842,14922,0
20070817,10.63,11.499,10.108,11.432,9237,0
20070820,11.944,11.954,11.461,11.461,21048,0
20070821,11.557,11.557,10.929,11.383,22563,0
20070822,11.403,11.789,11.403,11.77,7778,0
20070823,11.963,12.485,11.499,12.272,6735,0
20070824,11.847,12.272,11.741,12.272,10400,0
20070827,12.079,13.5,12.079,13.442,23595,0
20070828,13.442,13.442,12.959,13.152,4472,0
20070829,11.983,12.997,11.934,12.997,10033,0
20070830,13.422,13.442,12.437,12.852,11320,0
20070831,12.562,12.949,12.379,12.949,1504,0
20070903,12.852,12.949,12.659,12.901,1958,0
20070904,12.794,12.794,12.611,12.659,4115,0
20070905,12.659,12.891,12.398,12.398,18981,0
20070906,12.369,12.852,12.195,12.369,903,0
20070907,12.62,12.62,12.079,12.079,4253,0
20070910,11.934,11.983,11.693,11.983,4449,0
20070911,11.751,11.992,11.751,11.983,1296,0
20070912,11.789,11.983,11.606,11.983,5791,0
20070913,11.615,11.789,11.606,11.664,1442,0
20070914,11.983,11.983,11.606,11.741,1330,0
20070917,11.741,11.741,11.606,11.606,2035,0
20070918,11.596,11.876,11.596,11.741,865,0
20070919,11.886,11.896,11.741,11.741,7088,0
20070920,11.838,11.838,11.644,11.828,17011,0
20070921,11.828,11.867,11.741,11.867,2163,0
20070924,11.751,11.925,11.664,11.828,12359,0
20070925,11.673,11.867,11.596,11.867,19286,0
20070926,11.876,11.934,11.625,11.934,5648,0
20070927,11.934,12.263,11.934,12.243,27817,0
20070928,12.282,12.282,11.712,12.05,6361,0
20071001,11.983,11.983,11.712,11.828,884,0
20071002,11.712,12.07,11.712,12.012,8571,0
20071003,12.07,12.099,12.021,12.099,13192,0
20071004,12.079,12.272,12.079,12.127,5548,0
20071005,11.983,12.263,11.915,12.166,1855,0
20071008,12.224,12.224,12.176,12.224,6802,0
20071009,12.089,12.272,12.089,12.272,1999,0
20071010,12.282,12.756,12.282,12.746,10338,0
20071011,12.756,13.007,12.756,13.007,5605,0
20071012,12.852,13.046,12.804,13.046,13054,0
20071015,13.046,15.075,12.959,14.302,28529,0
20071016,14.302,14.882,14.302,14.688,8265,0
20071017,14.311,14.775,14.031,14.775,5175,0
20071018,14.833,14.833,14.408,14.582,2760,0
20071019,14.592,14.592,13.732,14.495,8278,0
20071022,13.886,14.302,13.703,14.099,3980,0
20071023,14.099,14.495,13.741,14.495,4997,0
20071024,14.495,14.495,14.012,14.108,2533,0
20071025,14.205,14.495,14.157,14.447,3158,0
20071026,14.108,14.447,13.954,14.447,3600,0
20071029,14.302,14.485,14.157,14.485,5097,0
20071030,14.05,14.166,14.012,14.012,2085,0
20071031,13.944,14.379,13.741,14.379,1587,0
20071102,13.741,14.012,13.741,14.012,827,0
20071105,13.741,13.915,13.538,13.915,2878,0
20071106,13.906,13.906,12.785,13.751,4600,0
20071107,12.852,13.046,11.925,12.079,6703,0
20071108,11.596,12.688,10.755,11.886,16523,0
20071109,12.079,12.553,12.079,12.553,8981,0
20071112,12.553,12.553,12.079,12.272,23554,0
20071113,12.746,12.746,12.079,12.272,4985,0
20071114,12.707,12.901,12.079,12.417,5757,0
20071115,11.615,12.214,11.615,12.079,32511,0
20071116,12.07,12.263,12.07,12.263,13566,0
20071119,12.272,12.562,12.272,12.562,6675,0
20071120,12.466,12.611,11.615,12.611,22419,0
20071121,12.562,12.572,12.466,12.562,65047,0
20071122,12.079,12.611,12.079,12.562,26428,0
20071123,12.553,12.562,12.553,12.562,4951,0
20071126,12.253,12.562,12.253,12.562,1673,0
20071127,12.514,12.562,12.514,12.562,13372,0
20071128,12.562,12.611,12.562,12.611,833,0
20071129,12.562,12.756,12.562,12.756,347,0
20071130,12.852,12.901,12.562,12.901,5832,0
20071203,12.611,12.659,12.553,12.659,785,0
20071204,12.562,12.562,12.495,12.495,839,0
20071205,12.543,12.543,11.712,12.543,3603,0
20071206,12.379,12.562,12.079,12.562,6672,0
20071207,12.127,12.504,12.127,12.272,2971,0
20071210,12.272,12.572,12.272,12.562,11902,0
20071211,12.562,12.62,12.466,12.562,12325,0
20071212,12.514,12.514,12.379,12.514,1395,0
20071213,12.379,12.379,12.089,12.089,5917,0
20071214,12.089,12.553,11.789,12.553,27442,0
20071217,12.359,12.611,12.359,12.562,56095,0
20071218,12.475,12.659,12.475,12.572,38683,0
20071219,12.524,12.524,12.446,12.524,6498,0
20071220,12.408,12.562,12.176,12.321,9877,0
20071221,12.282,12.282,11.664,11.78,14192,0
20071227,12.079,12.176,12.079,12.166,1967,0
20071228,12.099,12.099,11.132,11.354,11219,0
20080102,11.77,12.388,11.77,12.205,2945,0
20080103,11.615,12.495,11.615,12.495,1611,0
20080104,11.789,12.176,11.789,12.176,313,0
20080107,11.789,12.156,11.422,12.031,3083,0
20080108,11.886,11.915,11.886,11.915,3524,0
20080109,11.886,12.263,11.886,12.079,28905,0
20080110,11.422,11.886,11.422,11.77,364,0
20080111,11.886,11.886,11.596,11.789,1338,0
20080114,11.596,11.876,11.596,11.828,5775,0
20080115,11.461,11.886,11.461,11.499,1707,0
20080116,10.842,11.499,9.857,10.002,4612,0
20080117,10.156,10.63,10.05,10.62,1812,0
20080118,10.253,11.094,10.243,10.726,12897,0
20080121,11.403,11.499,10.147,10.147,7337,0
20080122,9.663,10.147,9.1995,10.147,4861,0
20080123,10.949,10.949,10.63,10.813,2891,0
20080124,11.441,11.441,10.746,11.016,662,0
20080125,11.403,11.403,10.813,11.393,1388,0
20080128,11.364,11.364,10.639,11.065,795,0
20080129,11.113,11.596,10.678,11.586,1745,0
20080130,11.596,11.596,11.219,11.586,659,0
20080131,10.736,11.538,10.736,11.538,100,0
20080201,11.403,11.403,10.92,11.016,761,0
20080204,11.403,11.403,11.113,11.393,237,0
20080205,11.393,11.78,11.393,11.596,7090,0
20080206,11.18,11.596,11.18,11.577,41630,0
20080207,11.693,11.693,11.18,11.596,8431,0
20080208,11.113,11.596,11.113,11.596,493,0
20080211,11.171,11.693,11.171,11.567,39,0
20080212,11.615,11.615,11.596,11.596,215,0
20080213,11.596,11.596,10.775,11.103,1462,0
20080214,11.586,11.586,11.113,11.432,638,0
20080215,11.123,11.209,11.123,11.209,6225,0
20080218,10.833,11.422,10.833,11.422,19,0
20080219,10.842,11.065,10.833,10.833,424,0
20080220,11.065,11.065,10.726,10.823,444,0
20080221,10.765,11.113,10.678,11.103,307,0
20080222,10.678,11.499,10.678,11.113,232,0
20080225,11.103,11.451,11.103,11.451,12,0
20080226,11.306,11.306,10.678,10.746,303,0
20080227,11.403,11.403,10.726,11.161,1131,0
20080228,11.113,11.364,11.113,11.364,157,0
20080229,11.306,11.306,10.147,10.147,275,0
20080303,9.663,11.393,9.644,9.673,2028,0
20080304,11.19,11.19,9.963,9.963,2652,0
20080305,9.779,10.62,9.673,10.61,710,0
20080306,10.61,10.61,9.712,9.76,1281,0
20080307,9.953,9.953,9.76,9.76,544,0
20080310,10.04,10.147,9.953,10.147,529,0
20080311,10.05,10.147,10.05,10.147,509,0
20080312,10.147,10.62,9.808,10.572,440,0
20080313,10.147,10.147,10.147,10.147,103,0
20080314,10.552,10.823,10.147,10.63,269,0
20080317,10.91,10.91,9.857,10.533,531,0
20080318,9.905,10.485,9.905,10.485,6,0
20080319,10.581,10.581,10.504,10.533,417,0
20080325,9.857,10.581,9.857,10.581,677,0
20080326,10.581,10.581,10.581,10.581,93,0
20080327,9.963,10.707,9.963,10.62,580,0
20080328,10.06,10.552,9.857,10.523,2305,0
20080331,10.147,10.494,10.147,10.494,65,0
20080402,9.982,9.982,9.953,9.953,542,0
20080403,9.905,9.905,9.876,9.876,210,0
20080404,10.32,10.32,9.857,10.291,291,0
20080409,9.915,10.204,9.915,10.204,16,0
20080410,10.204,10.204,9.915,9.934,528,0
20080411,9.915,9.944,9.712,9.944,1095,0
20080414,9.77,10.089,9.77,10.089,254,0
20080415,9.576,9.953,9.2768,9.953,3468,0
20080416,9.4797,9.963,9.4797,9.963,484,0
20080418,9.866,9.895,9.567,9.886,425,0
20080421,9.789,9.953,9.3734,9.953,1762,0
20080422,9.4217,9.953,9.1898,9.1898,1900,0
20080423,9.1801,9.1801,8.4071,9.0835,1745,0
20080424,9.547,9.963,9.547,9.905,320,0
20080425,9.712,9.847,9.712,9.847,301,0
20080428,9.847,9.847,9.847,9.847,13,0
20080429,8.9869,9.0352,8.9386,9.0352,1564,0
20080430,9.0352,9.0352,8.4071,8.581,3245,0
20080505,8.5907,8.5907,8.3201,8.552,792,0
20080506,8.4071,8.697,8.4071,8.697,1079,0
20080507,9.1801,9.663,8.7356,9.47,254,0
20080508,9.547,9.547,9.547,9.547,83,0
20080509,9.47,9.567,8.8419,9.47,469,0
20080512,8.7646,9.1511,8.6873,9.1511,4455,0
20080513,9.47,9.47,9.47,9.47,10,0
20080514,8.8902,8.8902,8.8902,8.8902,141,0
20080515,8.9869,8.9869,8.3201,8.697,1104,0
20080516,8.697,8.697,8.697,8.697,210,0
20080519,8.5907,8.5907,8.3201,8.4554,1130,0
20080520,8.3298,8.3298,8.3201,8.3201,185,0
20080521,8.3201,8.6003,8.0205,8.6003,445,0
20080523,9.1222,9.1222,9.1222,9.1222,1,0
20080526,8.7839,8.7839,8.7839,8.7839,186,0
20080527,8.7066,8.9675,8.7066,8.9675,544,0
20080528,8.697,8.9386,8.697,8.9386,448,0
20080529,8.9386,8.9386,8.697,8.9386,623,0
20080530,8.9386,8.9386,8.697,8.9386,1013,0
20080602,8.9386,8.9386,8.1172,8.697,13,0
20080603,8.94,8.94,8.65,8.94,243,0
20080604,8.93,8.93,8.21,8.86,500,0
20080605,8.92,8.92,8.32,8.6,176,0
20080606,8.21,8.69,8.21,8.69,77,0
20080609,8.61,8.61,8.61,8.61,214,0
20080610,8.3,8.3,8,8,542,0
20080611,7.92,8,7.9,7.9,913,0
20080612,9,9,7.52,8.91,567,0
20080616,8.4,8.84,8.4,8.84,903,0
20080617,8.4,8.8,8.4,8.8,12,0
20080618,8.65,8.65,8.65,8.65,76,0
20080619,8.08,8.6,8.08,8.6,104,0
20080620,8.5,8.59,8.5,8.59,353,0
20080624,8.5,8.5,8.01,8.49,173,0
20080625,8.45,8.49,7.8,8.19,1688,0
20080626,7.31,7.99,7.31,7.89,297,0
20080627,7.3,7.69,7.3,7.48,776,0
20080630,7.08,7.08,6.3,6.8,1079,0
20080701,6.52,6.55,6.5,6.5,748,0
20080702,6.1,6.37,5.8,6.37,970,0
20080703,5.8,6.18,5.29,5.3,439,0
20080704,6.46,6.46,5.27,5.49,3546,0
20080707,5.43,5.45,5.43,5.45,200,0
20080708,5.4,5.4,5.17,5.18,984,0
20080709,5.08,5.4,5.08,5.39,6017,0
20080710,5.4,5.4,5.4,5.4,150,0
20080711,5.2,5.38,5.16,5.2,1284,0
20080714,5.21,5.21,5.2,5.2,1070,0
20080715,5.16,5.2,5.15,5.15,5289,0
20080716,5.1,5.15,5.1,5.15,1339,0
20080717,5.05,5.38,5.05,5.38,210,0
20080718,5.2,5.27,5.2,5.27,500,0
20080721,5.27,5.27,5.16,5.16,739,0
20080722,5.06,5.06,5.05,5.05,550,0
20080723,4.6,5.06,4.6,5.06,1880,0
20080724,5.06,5.34,5.06,5.34,122,0
20080725,5.29,5.29,5.24,5.25,428,0
20080728,5.25,5.27,4.95,5.27,416,0
20080729,5,5,4.97,4.98,1641,0
20080730,5.26,5.44,5.13,5.4,1472,0
20080731,5.4,5.48,5.4,5.48,547,0
20080801,5.02,5.43,4.99,5.43,6420,0
20080804,5.1,5.24,5,5,1101,0
20080805,5,5.39,5,5.32,2904,0
20080806,5.25,5.25,5,5.02,2073,0
20080807,5.3,5.33,4.97,5.32,410,0
20080811,5,5.3,5,5.3,46,0
20080812,4.96,5.3,4.96,5.3,982,0
20080813,5.3,5.3,5.3,5.3,130,0
20080814,5.29,5.33,5.29,5.3,1530,0
20080818,5.3,5.44,5.3,5.44,80,0
20080820,5.01,5.42,5.01,5.42,34,0
20080821,5.41,5.41,5.41,5.41,200,0
20080822,5.03,5.38,5.03,5.38,150,0
20080825,5.42,5.43,5.42,5.43,192,0
20080826,5.35,5.35,5.35,5.35,178,0
20080827,5,5.35,5,5.35,615,0
20080828,5.43,5.43,5.43,5.43,10,0
20080902,5,5.39,5,5.39,4014,0
20080904,5.3,5.3,5.3,5.3,789,0
20080905,5.05,5.28,5.05,5.28,23,0
20080908,5.05,5.25,4.95,5.25,437,0
20080909,5,5,5,5,206,0
20080910,4.95,4.95,4.9,4.95,1201,0
20080911,5.24,5.24,4.9,5.24,132,0
20080912,4.91,5.1,4.91,5.1,51,0
20080915,4.9,5,4.7,4.71,1227,0
20080916,4.7,5.2,4.7,5.2,75,0
20080918,5.13,5.13,5.13,5.13,94,0
20080919,5,5,4.73,5,1138,0
20080922,5.25,5.25,4.81,5.2,784,0
20080924,5.15,5.2,5.15,5.2,199,0
20080930,4.9,5.17,4.44,5.17,3234,0
20081001,4.91,5.25,4.91,5.25,2005,0
20081002,5.22,5.4,5.12,5.4,1067,0
20081003,5.4,5.4,5.2,5.35,534,0
20081006,5.05,5.29,5,5.26,3130,0
20081007,5.15,5.3,5.13,5.13,1283,0
20081008,4.9,5.25,4.75,5.25,6408,0
20081009,5.25,5.25,5,5.25,2439,0
20081010,5,5,4.8,5,626,0
20081013,5,5,4.85,4.95,3430,0
20081014,4.97,5.24,4.9,5.24,4489,0
20081015,5.19,5.2,4.95,5.2,1570,0
20081016,4.95,5.24,4.75,5.24,5495,0
20081017,5.11,5.11,4.85,5.01,3054,0
20081020,5.01,5.06,4.88,5.06,17683,0
20081021,5.03,5.03,4.85,4.85,1552,0
20081022,4.9,4.95,4.65,4.95,3871,0
20081023,4.75,5.05,4.6,5.05,6730,0
20081024,4.7,4.7,4.56,4.56,6263,0
20081027,4.5,4.55,4.38,4.5,3551,0
20081028,4.4,4.49,4.4,4.49,20,0
20081029,4.36,4.39,4.2,4.3,2213,0
20081030,4.16,4.29,4.16,4.29,110,0
20081031,4.11,4.11,4.1,4.1,1835,0
20081103,4.07,4.07,3.86,3.95,3698,0
20081104,3.95,4.09,3.91,4.09,632,0
20081105,4.1,4.1,3.91,4.08,1007,0
20081106,4.2,4.2,4.2,4.2,25,0
20081107,4.1,4.1,4,4.08,1903,0
20081110,3.98,4.18,3.98,4.18,2356,0
20081112,4.08,4.15,4.08,4.15,564,0
20081113,4.15,4.15,4.15,4.15,10,0
20081114,3.97,4.15,3.97,4.15,652,0
20081117,4.15,4.15,4,4,1667,0
20081118,3.9,4,3.9,3.9,1642,0
20081119,3.8,3.8,3.8,3.8,1114,0
20081120,3.7,3.8,3.7,3.8,114,0
20081121,3.89,3.89,3.89,3.89,117,0
20081124,3.9,3.9,3.9,3.9,15,0
20081125,3.9,4,3.9,3.9,112,0
20081126,3.85,3.85,3.85,3.85,32,0
20081127,3.8,3.8,3.7,3.7,2141,0
20081128,3.8,3.8,3.7,3.7,2210,0
20081201,3.61,3.61,3.61,3.61,2100,0
20081202,3.6,3.62,3.6,3.62,575,0
20081203,3.47,3.85,3.47,3.48,7430,0
20081204,3.38,3.38,3.38,3.38,2007,0
20081205,3.28,3.28,3.27,3.27,360,0
20081208,3.34,3.34,3.18,3.18,1817,0
20081209,3.1,3.1,3.1,3.1,346,0
20081210,3.15,3.2,3.15,3.2,467,0
20081211,3.2,3.3,3.15,3.3,280,0
20081212,3.15,3.3,3.15,3.3,125,0
20081215,3.22,3.22,3.14,3.22,2680,0
20081216,3.25,3.25,3.09,3.09,939,0
20081217,3,3,3,3,3500,0
20081218,2.93,2.93,2.93,2.93,724,0
20081219,2.8,2.8,2.72,2.72,5440,0
20081222,2.72,2.72,2.61,2.61,3132,0
20081223,2.55,2.58,2.54,2.55,3223,0
20081229,2.55,2.59,2.5,2.5,1449,0
20081230,2.5,2.5,2.38,2.38,7217,0
20081231,2.26,2.38,2.26,2.26,353,0
20090105,2.21,2.21,2.21,2.21,283,0
20090106,2.17,2.17,2.17,2.17,1626,0
20090107,2.17,2.2,2.17,2.2,303,0
20090108,2.14,2.14,2.14,2.14,900,0
20090109,2.15,2.17,2.15,2.15,2687,0
20090112,2.15,2.19,2.15,2.19,3858,0
20090113,2.19,2.19,2.17,2.17,765,0
20090114,2.2,2.2,2.2,2.2,1,0
20090115,2.09,2.1,2.09,2.1,570,0
20090116,2.11,2.15,2.11,2.15,68,0
20090119,2.2,2.25,2.19,2.25,6030,0
20090120,2.25,2.25,2.25,2.25,185,0
20090121,2.15,2.21,2.15,2.21,1527,0
20090122,2.21,2.21,2.21,2.21,2,0
20090123,2.25,2.25,2.25,2.25,2,0
20090126,2.24,2.24,2.17,2.17,6262,0
20090127,2.15,2.15,2.15,2.15,200,0
20090128,2.13,2.13,2.13,2.13,478,0
20090129,2.12,2.12,2.06,2.06,4110,0
20090202,2.06,2.06,2.06,2.06,1000,0
20090203,2,2,1.95,1.95,9100,0
20090204,1.95,1.95,1.87,1.93,5757,0
20090205,1.84,1.84,1.84,1.84,4020,0
20090206,1.87,1.87,1.78,1.78,11472,0
20090209,1.82,1.82,1.73,1.79,2428,0
20090210,1.84,2,1.8,1.82,22360,0
20090211,1.85,1.85,1.76,1.78,15770,0
20090212,1.78,1.78,1.78,1.78,495,0
20090213,1.7,1.74,1.69,1.74,4600,0
20090216,1.74,1.94,1.74,1.86,912,0
20090217,1.85,1.98,1.8,1.8,4652,0
20090218,1.79,1.97,1.74,1.8,2333,0
20090219,1.9,1.9,1.75,1.75,7047,0
20090220,1.87,1.87,1.72,1.84,126,0
20090223,1.9,1.9,1.7,1.79,4989,0
20090225,1.71,1.79,1.71,1.79,304,0
20090226,1.78,1.78,1.78,1.78,400,0
20090227,1.8,1.8,1.71,1.71,5451,0
20090302,1.72,1.72,1.5,1.5,6327,0
20090303,1.56,1.63,1.48,1.54,10218,0
20090304,1.49,1.56,1.39,1.48,17031,0
20090305,1.48,1.48,1.48,1.48,2500,0
20090306,1.52,1.52,1.44,1.52,1262,0
20090309,1.57,1.57,1.54,1.54,15933,0
20090310,1.53,1.53,1.47,1.49,4876,0
20090311,1.59,1.59,1.53,1.53,746,0
20090312,1.52,1.54,1.47,1.54,15377,0
20090313,1.6,1.6,1.57,1.57,518,0
20090316,1.58,1.68,1.57,1.67,8892,0
20090317,1.7,1.7,1.7,1.7,5,0
20090319,1.63,1.66,1.59,1.6,11042,0
20090320,1.63,1.63,1.63,1.63,1416,0
20090323,1.62,1.7,1.59,1.69,8443,0
20090324,1.74,1.75,1.62,1.62,6730,0
20090325,1.68,1.69,1.68,1.69,15720,0
20090326,1.75,1.78,1.71,1.75,5638,0
20090327,1.79,1.95,1.76,1.85,31883,0
20090330,2,2,1.8,1.8,11438,0
20090331,1.8,1.87,1.8,1.87,1523,0
20090401,1.85,1.98,1.8,1.98,2565,0
20090402,1.99,2.38,1.99,2.38,12510,0
20090403,2.37,2.41,2.15,2.41,20978,0
20090406,2.42,2.5,2.29,2.29,12120,0
20090407,2.2,2.26,2.15,2.26,5349,0
20090408,2.17,2.31,2.17,2.3,6543,0
20090409,2.32,2.35,2.28,2.3,4028,0
20090414,2.3,2.44,2.3,2.43,10482,0
20090415,2.43,2.47,2.39,2.42,2850,0
20090416,2.42,2.58,2.42,2.53,21020,0
20090417,2.63,2.76,2.55,2.72,16799,0
20090420,2.61,2.72,2.59,2.59,5700,0
20090421,2.6,2.75,2.6,2.75,13130,0
20090422,2.84,2.9,2.77,2.9,4458,0
20090423,2.92,3.08,2.92,3.05,4473,0
20090424,3.1,3.1,3.01,3.09,4260,0
20090427,3.18,3.18,3.03,3.03,9520,0
20090428,3.02,3.02,2.92,3,5045,0
20090429,3.02,3.05,3,3.04,8691,0
20090430,3.06,3.11,2.88,2.88,3042,0
20090504,2.87,2.87,2.73,2.73,5833,0
20090505,2.75,2.75,2.65,2.65,2021,0
20090506,2.63,2.65,2.63,2.65,892,0
20090507,2.75,2.83,2.7,2.76,28844,0
20090508,2.7,2.88,2.7,2.85,8369,0
20090511,2.76,2.77,2.63,2.77,3469,0
20090512,2.63,2.74,2.63,2.74,670,0
20090513,2.63,2.7,2.6,2.6,4300,0
20090514,2.5,2.5,2.4,2.5,13823,0
20090515,2.55,2.55,2.55,2.55,10,0
20090518,2.48,2.48,2.42,2.43,2800,0
20090519,2.38,2.55,2.38,2.55,6396,0
20090520,2.5,2.55,2.47,2.47,2578,0
20090522,2.45,2.45,2.45,2.45,90,0
20090525,2.36,2.36,2.36,2.36,200,0
20090526,2.28,2.3,2.19,2.19,3659,0
20090527,2.29,2.29,2.2,2.2,6000,0
20090528,2.23,2.23,2.23,2.23,1000,0
20090529,2.22,2.33,2.22,2.3,11354,0
20090601,2.33,2.33,2.22,2.23,12265,0
20090602,2.26,2.32,2.26,2.3,3030,0
20090603,2.29,2.34,2.29,2.34,1168,0
20090604,2.35,2.35,2.34,2.34,4682,0
20090605,2.34,2.55,2.34,2.5,16332,0
20090608,2.55,2.55,2.48,2.5,2010,0
20090609,2.56,2.6,2.55,2.59,2012,0
20090610,2.64,2.64,2.48,2.64,10676,0
20090612,2.7,2.8,2.63,2.71,12425,0
20090615,2.73,2.75,2.69,2.75,4085,0
20090616,2.7,2.85,2.57,2.72,7339,0
20090617,2.7,2.7,2.57,2.57,1176,0
20090618,2.47,2.5,2.47,2.5,2181,0
20090619,2.48,2.48,2.48,2.48,1159,0
20090622,2.5,2.58,2.46,2.46,11790,0
20090623,2.37,2.37,2.32,2.32,2500,0
20090624,2.32,2.41,2.32,2.33,1091,0
20090625,2.32,2.32,2.3,2.3,5370,0
20090626,2.5,2.5,2.3,2.3,943,0
20090629,2.35,2.35,2.2,2.2,657,0
20090630,2.39,2.39,2.31,2.37,2760,0
20090701,2.47,3.25,2.47,3.25,58574,0
20090702,3.44,3.78,3.37,3.78,20042,0
20090703,4,4.51,3.4,3.48,189330,0
20090706,3.38,4.32,3.33,4.13,82037,0
20090707,4.1,4.1,3.7,3.89,31240,0
20090708,3.69,3.77,3.65,3.7,9460,0
20090709,3.69,4.4,3.39,4.11,74720,0
20090710,4,4.3,3.91,3.91,39879,0
20090713,3.92,4.05,3.84,3.84,11987,0
20090714,3.95,4,3.72,3.72,12052,0
20090715,3.72,3.84,3.5,3.63,42789,0
20090716,3.66,3.66,3.4,3.4,23481,0
20090717,3.52,3.6,3.5,3.5,7895,0
20090720,3.44,3.44,3.42,3.43,1738,0
20090721,3.43,3.45,3.4,3.45,2184,0
20090722,3.45,3.45,3.4,3.42,2599,0
20090723,3.43,3.73,3.37,3.73,28506,0
20090724,3.57,3.72,3.57,3.72,4242,0
20090727,3.68,3.79,3.62,3.79,7565,0
20090728,3.63,3.67,3.61,3.63,5542,0
20090729,3.73,3.73,3.56,3.57,3667,0
20090730,3.57,3.71,3.5,3.71,10073,0
20090731,3.71,3.73,3.56,3.73,5182,0
20090803,3.7,3.7,3.69,3.69,2584,0
20090804,3.7,3.7,3.54,3.7,6425,0
20090805,3.56,3.61,3.48,3.51,12207,0
20090806,3.49,3.49,3.44,3.44,3070,0
20090807,3.5,3.62,3.5,3.62,465,0
20090810,3.5,3.68,3.5,3.65,3996,0
20090811,3.6,3.6,3.55,3.56,176,0
20090812,3.55,3.55,3.45,3.45,2860,0
20090813,3.42,3.51,3.41,3.5,2191,0
20090814,3.43,3.5,3.43,3.5,1559,0
20090817,3.42,3.44,3.33,3.38,6135,0
20090819,3.29,3.49,3.29,3.49,2902,0
20090820,3.15,3.49,3.15,3.48,30309,0
20090821,3.4,3.65,3.4,3.65,9475,0
20090824,3.65,3.65,3.53,3.53,5901,0
20090825,3.54,3.54,3.53,3.54,1548,0
20090826,3.55,3.61,3.41,3.45,7785,0
20090827,3.44,3.51,3.44,3.51,2029,0
20090828,3.46,3.57,3.42,3.57,2780,0
20090831,3.44,3.55,3.43,3.45,2823,0
20090901,3.55,3.55,3.3,3.3,5596,0
20090902,3.31,3.31,3.2,3.25,3117,0
20090903,3.25,3.3,3.14,3.14,6791,0
20090904,3.14,3.32,3.14,3.16,335,0
20090907,3.14,3.25,3.14,3.2,2292,0
20090908,3.2,3.25,3.2,3.25,1662,0
20090909,3.2,3.46,3.2,3.46,3801,0
20090910,3.42,3.46,3.28,3.42,3932,0
20090911,3.18,3.35,3.18,3.35,710,0
20090914,3.36,3.36,3.36,3.36,43,0
20090916,3.21,3.45,3.21,3.45,1706,0
20090917,3.29,3.44,3.29,3.43,711,0
20090918,3.35,3.45,3.35,3.45,435,0
20090921,3.45,3.45,3.21,3.35,9593,0
20090922,3.44,3.44,3.3,3.42,1030,0
20090923,3.43,3.43,3.4,3.42,1784,0
20090924,3.35,3.43,3.35,3.4,951,0
20090925,3.32,3.42,3.32,3.41,1033,0
20090928,3.4,3.73,3.4,3.48,38818,0
20090929,3.48,3.58,3.24,3.3,14205,0
20090930,3.38,3.39,3.38,3.39,969,0
20091001,3.34,3.37,3.27,3.27,656,0
20091002,3.28,3.29,3.28,3.29,502,0
20091005,3.39,3.39,3.39,3.39,2,0
20091006,3.3,3.4,3.3,3.4,489,0
20091007,3.27,3.57,3.27,3.39,5404,0
20091009,3.29,3.39,3.29,3.35,174,0
20091012,3.36,3.38,3.36,3.38,341,0
20091013,3.36,3.36,3.23,3.24,3907,0
20091014,3.25,3.4,3.25,3.26,2737,0
20091015,3.28,3.28,3.28,3.28,1287,0
20091016,3.34,3.34,3.22,3.25,692,0
20091019,3.21,3.35,3.04,3.22,13453,0
20091020,3.13,3.22,3.07,3.07,9109,0
20091021,3.16,3.16,3.16,3.16,578,0
20091022,3.07,3.07,3.07,3.07,271,0
20091023,3.07,3.29,3.07,3.12,3879,0
20091026,3.12,3.27,3.12,3.18,6315,0
20091027,3.27,3.3,3.27,3.3,8314,0
20091028,3.3,3.4,3.23,3.32,3866,0
20091029,3.32,3.32,3.3,3.3,796,0
20091030,3.27,3.29,3.12,3.29,4448,0
20091102,3.18,3.31,3.18,3.18,2866,0
20091105,3.11,3.11,3.11,3.11,313,0
20091109,3.13,3.13,3.13,3.13,526,0
20091110,3.1,3.15,3.1,3.1,3630,0
20091112,3.26,3.33,3.26,3.3,4821,0
20091113,3.2,3.3,3.2,3.3,84,0
20091116,3.23,3.23,3.21,3.21,3863,0
20091117,3.21,3.26,3.09,3.1,4698,0
20091118,3.1,3.1,3.1,3.1,177,0
20091119,3.1,3.1,3.07,3.1,1328,0
20091120,3.24,3.24,3.07,3.07,1677,0
20091123,3.07,3.23,3.07,3.08,2652,0
20091124,3.15,3.15,3.07,3.07,5770,0
20091125,3.1,3.1,2.95,2.95,2604,0
20091127,2.95,3,2.95,3,600,0
20091130,3.02,3.07,3.02,3.07,518,0
20091201,3,3.08,3,3.02,1715,0
20091202,3,3.05,3,3.05,63,0
20091203,3.05,3.05,3,3.05,657,0
20091204,3,3,2.78,2.81,11054,0
20091207,2.83,2.96,2.83,2.84,4390,0
20091208,2.83,2.83,2.83,2.83,3468,0
20091209,2.83,2.98,2.82,2.82,1580,0
20091210,2.85,2.95,2.81,2.9,7607,0
20091211,2.88,2.88,2.8,2.8,4071,0
20091214,2.8,2.8,2.8,2.8,1193,0
20091215,2.73,2.73,2.72,2.72,89,0
20091216,2.72,2.77,2.65,2.65,2423,0
20091217,2.61,2.73,2.6,2.65,1790,0
20091218,2.6,2.6,2.6,2.6,120,0
20091221,2.6,2.6,2.53,2.53,2860,0
20091222,2.53,2.78,2.53,2.69,10108,0
20091223,2.57,2.6,2.57,2.6,2931,0
20091228,2.6,2.62,2.56,2.56,2216,0
20091229,2.57,2.57,2.57,2.57,279,0
20091230,2.62,2.67,2.62,2.67,2468,0
20091231,2.63,2.63,2.55,2.62,5419,0
20100104,2.62,2.68,2.61,2.68,696,0
20100105,2.58,2.65,2.58,2.65,1865,0
20100106,2.67,2.67,2.67,2.67,161,0
20100107,2.57,2.57,2.56,2.56,200,0
20100111,2.58,2.58,2.56,2.57,637,0
20100112,2.57,2.57,2.57,2.57,164,0
20100113,2.6,2.6,2.58,2.58,500,0
20100114,2.59,2.67,2.59,2.67,105,0
20100115,2.67,2.67,2.67,2.67,300,0
20100118,2.6,2.67,2.58,2.67,4410,0
20100119,2.62,2.62,2.62,2.62,600,0
20100120,2.61,2.62,2.61,2.62,1200,0
20100121,2.62,2.73,2.61,2.73,1272,0
20100122,2.65,2.65,2.61,2.61,689,0
20100125,2.61,2.61,2.6,2.6,1611,0
20100126,2.6,2.6,2.6,2.6,1015,0
20100128,2.6,2.75,2.6,2.75,1640,0
20100129,2.72,2.82,2.72,2.82,1965,0
20100201,2.96,3.04,2.9,3,6589,0
20100202,3,3,3,3,617,0
20100203,2.9,2.91,2.9,2.91,252,0
20100204,2.98,2.98,2.98,2.98,1000,0
20100205,2.9,2.94,2.86,2.94,2250,0
20100209,2.95,2.95,2.91,2.91,1040,0
20100211,2.95,2.95,2.94,2.94,2887,0
20100215,2.84,2.84,2.83,2.83,1417,0
20100216,2.9,2.9,2.9,2.9,1000,0
20100217,2.81,2.81,2.79,2.79,1663,0
20100218,2.82,2.82,2.82,2.82,600,0
20100219,2.71,3,2.71,3,1496,0
20100222,3.1,3.25,3.05,3.25,6103,0
20100223,3.17,3.17,3.14,3.14,2037,0
20100224,3.14,3.15,3.07,3.15,3553,0
20100225,3.05,3.15,3.04,3.15,1610,0
20100226,3.18,3.18,3.05,3.05,1013,0
20100301,3.03,3.1,3.03,3.1,300,0
20100303,3.02,3.02,3.02,3.02,6,0
20100304,3.02,3.16,3.02,3.1,838,0
20100310,3.07,3.07,3,3,1616,0
20100311,3,3,2.9,2.9,1074,0
20100312,2.94,2.94,2.94,2.94,100,0
20100315,2.94,3.03,2.94,3.03,2595,0
20100316,3.05,3.05,2.95,3.05,2630,0
20100317,3.08,3.14,3,3.1,192,0
20100318,3.1,3.1,3.1,3.1,1000,0
20100319,3.1,3.38,3.1,3.38,13974,0
20100322,3.35,3.4,3.24,3.4,3150,0
20100323,3.25,3.39,3.25,3.31,2115,0
20100324,3.32,3.32,3.31,3.31,991,0
20100325,3.32,3.32,3.28,3.28,1766,0
20100326,3.23,3.3,3.22,3.3,1630,0
20100329,3.24,3.3,3.2,3.3,3248,0
20100330,3.25,3.3,3.22,3.3,2819,0
20100401,3.3,3.3,3.23,3.3,301,0
20100406,3.22,3.3,3.22,3.3,11,0
20100407,3.3,3.38,3.3,3.38,930,0
20100408,3.16,3.3,3.16,3.28,543,0
20100409,3.28,3.38,3.25,3.38,960,0
20100413,3.25,3.33,3.25,3.33,18,0
20100414,3.25,3.33,3.25,3.25,1082,0
20100416,3.22,3.32,3.2,3.3,3424,0
20100419,3.19,3.3,3.16,3.17,1152,0
20100420,3.14,3.29,3.05,3.05,7095,0
20100421,3.08,3.19,3.08,3.19,40,0
20100422,3.11,3.11,3.08,3.08,2192,0
20100423,3.08,3.08,3.07,3.08,422,0
20100426,3.2,3.21,3.2,3.2,51,0
20100427,3.14,3.17,3.13,3.13,370,0
20100428,3.11,3.22,3.11,3.11,112,0
20100429,3.11,3.11,3.11,3.11,800,0
20100430,3.1,3.22,3.1,3.22,297,0
20100504,3.12,3.12,3.11,3.11,962,0
20100505,3.04,3.04,3.03,3.03,1100,0
20100507,3.04,3.1,3.04,3.04,2455,0
20100510,3.01,3.14,3.01,3.14,412,0
20100511,3.05,3.14,3.05,3.14,16,0
20100512,3.05,3.05,3.05,3.05,103,0
20100513,3.13,3.13,3.06,3.1,830,0
20100514,3.09,3.14,3.09,3.14,1285,0
20100517,3.14,3.24,3.05,3.19,4634,0
20100518,3.12,3.12,3.12,3.12,22,0
20100519,3.09,3.15,3.09,3.09,679,0
20100520,3.08,3.19,3.08,3.19,157,0
20100524,3.19,3.19,3.19,3.19,112,0
20100531,3.15,3.18,3.15,3.18,50,0
20100601,3.17,3.24,3.14,3.24,5666,0
20100604,3.15,3.24,3.14,3.24,1580,0
20100607,3.12,3.24,3.1,3.1,1582,0
20100608,3.1,3.1,3.1,3.1,188,0
20100609,3.09,3.24,3.09,3.24,75,0
20100610,3.24,3.24,3.1,3.24,217,0
20100611,3.1,3.1,3.1,3.1,74,0
20100614,3.24,3.24,3.1,3.21,3240,0
20100615,3.05,3.1,3.01,3.05,3773,0
20100616,3.23,3.23,3.23,3.23,203,0
20100617,3.01,3.05,3.01,3.05,1582,0
20100618,3.05,3.05,3.05,3.05,60,0
20100621,3,3,3,3,250,0
20100622,3.05,3.23,3,3.21,2033,0
20100624,3.19,3.19,3,3.15,1847,0
20100625,3,3,3,3,13,0
20100628,3,3,3,3,18,0
20100629,2.99,3.1,2.99,3.1,21,0
20100630,2.99,2.99,2.97,2.98,3054,0
20100701,3,3.2,3,3.2,608,0
20100702,2.97,3.09,2.97,3.09,1299,0
20100705,3.09,3.09,3.09,3.09,380,0
20100708,3.02,3.19,3,3.19,110,0
20100709,3.01,3.18,3.01,3.18,920,0
20100712,3.13,3.13,3.13,3.13,100,0
20100713,3.07,3.15,3.05,3.15,1352,0
20100714,3.1,3.1,3.02,3.1,60,0
20100715,3.02,3.02,3.02,3.02,50,0
20100716,3.02,3.14,3.02,3.14,2644,0
20100719,3,3,3,3,184,0
20100720,3.14,3.3,3.14,3.21,11094,0
20100721,3.2,3.33,3.2,3.28,2740,0
20100722,3.2,3.2,3.2,3.2,701,0
20100723,3.33,3.38,3.32,3.32,4909,0
20100726,3.38,3.6,3.37,3.6,15221,0
20100727,3.57,3.62,3.44,3.46,8005,0
20100728,3.54,3.62,3.5,3.55,5462,0
20100729,3.48,3.55,3.48,3.55,564,0
20100730,3.48,3.58,3.42,3.42,4198,0
20100802,3.53,3.7,3.53,3.69,3973,0
20100803,3.67,3.67,3.62,3.66,485,0
20100804,3.68,3.76,3.58,3.76,3851,0
20100805,3.68,3.7,3.68,3.7,1368,0
20100810,3.56,3.7,3.56,3.65,160,0
20100811,3.56,3.7,3.56,3.7,140,0
20100812,3.65,3.7,3.52,3.7,1454,0
20100816,3.56,3.7,3.56,3.7,423,0
20100817,3.57,3.7,3.52,3.7,1050,0
20100818,3.51,3.68,3.5,3.5,1174,0
20100819,3.5,3.59,3.44,3.59,1760,0
20100820,3.68,3.68,3.68,3.68,60,0
20100823,3.63,3.63,3.47,3.61,3057,0
20100824,3.58,3.58,3.33,3.33,6124,0
20100825,3.26,3.41,3.25,3.41,3030,0
20100826,3.32,3.35,3.32,3.32,617,0
20100827,3.31,3.31,3.22,3.31,5897,0
20100830,3.18,3.3,3.18,3.3,777,0
20100831,3.16,3.29,3.05,3.29,8713,0
20100901,3.18,3.2,3.18,3.2,50,0
20100902,3.08,3.08,3.08,3.08,9044,0
20100903,3.07,3.08,3.07,3.08,6373,0
20100906,3.05,3.13,3.01,3.12,2777,0
20100907,3.12,3.12,3.12,3.12,861,0
20100908,3.07,3.13,3.07,3.13,47,0
20100909,3.03,3.18,3.03,3.18,1350,0
20100910,3.11,3.16,3.11,3.16,304,0
20100913,3.11,3.16,3.09,3.16,4076,0
20100914,3.09,3.09,3.09,3.09,256,0
20100915,3.09,3.15,3.03,3.15,2046,0
20100916,3.25,3.25,3.11,3.24,5518,0
20100917,3.2,3.2,3.12,3.12,603,0
20100920,3.05,3.19,3.05,3.13,6215,0
20100921,3.13,3.19,3.07,3.19,3284,0
20100922,3.2,3.21,3.2,3.21,1150,0
20100923,3.15,3.23,3.15,3.15,2132,0
20100924,3.11,3.12,3.11,3.12,97,0
20100927,3.12,3.13,3.12,3.12,737,0
20100928,3.12,3.12,3.12,3.12,36,0
20100929,3.12,3.18,3.12,3.13,989,0
20100930,3.12,3.22,3.12,3.22,2303,0
20101001,3.15,3.15,3.15,3.15,500,0
20101005,3.21,3.22,3.2,3.2,1623,0
20101006,3.21,3.21,3.21,3.21,390,0
20101011,3.17,3.18,3.12,3.18,350,0
20101012,3.13,3.13,3.13,3.13,20,0
20101013,3.11,3.17,3.11,3.14,2431,0
20101014,3.12,3.19,3.12,3.19,713,0
20101015,3.11,3.11,3.11,3.11,400,0
20101018,3.11,3.11,3.1,3.1,212,0
20101020,3.1,3.58,3.1,3.54,48898,0
20101021,3.55,3.6,3.32,3.48,18718,0
20101022,3.35,3.47,3.32,3.45,4627,0
20101025,3.49,3.49,3.4,3.49,428,0
20101026,3.49,3.49,3.42,3.48,1040,0
20101027,3.43,3.45,3.34,3.45,2107,0
20101028,3.45,3.45,3.45,3.45,280,0
20101029,3.34,3.43,3.29,3.4,3414,0
20101102,3.28,3.44,3.21,3.44,7516,0
20101108,3.26,3.41,3.25,3.39,3454,0
20101109,3.26,3.44,3.26,3.44,1844,0
20101110,3.28,3.44,3.28,3.44,358,0
20101112,3.44,3.44,3.3,3.44,1057,0
20101115,3.35,3.44,3.35,3.44,760,0
20101116,3.35,3.44,3.29,3.44,2036,0
20101117,3.28,3.4,3.28,3.4,1101,0
20101118,3.28,3.43,3.28,3.38,1009,0
20101119,3.29,3.4,3.24,3.37,644,0
20101122,3.3,3.37,3.23,3.37,700,0
20101123,3.23,3.37,3.2,3.2,1724,0
20101124,3.15,3.27,3.15,3.27,140,0
20101126,3.27,3.27,3.15,3.27,349,0
20101129,3.27,3.27,2.95,3.2,6365,0
20101130,2.96,3.17,2.96,3.17,5101,0
20101201,3.05,3.1,3.01,3.1,936,0
20101202,3.1,3.1,3.02,3.1,1470,0
20101203,3.09,3.09,3.09,3.09,400,0
20101206,3.09,3.16,3.02,3.16,557,0
20101207,3.16,3.17,3.02,3.14,2587,0
20101208,3.02,3.14,3.02,3.14,169,0
20101209,3.02,3.12,3,3.12,1747,0
20101213,3.12,3.16,3,3.16,443,0
20101215,3.1,3.14,3.1,3.14,1496,0
20101216,3.13,3.14,3,3.14,114,0
20101217,3.14,3.14,3.03,3.09,635,0
20101220,3.03,3.09,3.02,3.05,1316,0
20101221,3.01,3.05,3,3.05,3343,0
20101222,3.06,3.06,2.91,3.05,1529,0
20101223,3.02,3.07,2.95,3.04,1562,0
20101227,2.95,3.04,2.94,3,1277,0
20101228,2.94,2.98,2.86,2.98,1371,0
20101229,2.97,3.17,2.97,3.1,3376,0
20101230,2.97,3.1,2.97,3.1,707,0
20110103,3.02,3.1,3.02,3.1,100,0
20110104,2.97,3.1,2.95,3.1,2145,0
20110105,3.02,3.02,3.02,3.02,1300,0
20110107,3.02,3.02,3.02,3.02,132,0
20110110,3.02,3.02,3.02,3.02,1,0
20110111,3.02,3.04,3.02,3.02,219,0
20110113,2.96,3.01,2.96,3.01,4,0
20110114,2.97,3.01,2.97,3.01,133,0
20110117,2.97,3.04,2.97,3.04,161,0
20110118,3.02,3.04,3,3.04,2110,0
20110120,2.97,3.02,2.97,3.02,24,0
20110124,3.01,3.02,3,3,1700,0
20110125,3,3,3,3,250,0
20110126,3.02,3.29,3.02,3.28,1682,0
20110127,3.18,3.2,3.18,3.2,1600,0
20110128,3.16,3.27,3.14,3.27,678,0
20110201,3.14,3.25,3.14,3.25,399,0
20110202,3.2,3.23,3.09,3.19,174,0
20110203,3.09,3.24,3.09,3.24,57,0
20110204,2.98,3.24,2.98,3.24,1374,0
20110207,3.12,3.24,3.09,3.23,365,0
20110208,3.11,3.19,3.07,3.15,2787,0
20110209,3.05,3.14,3.04,3.14,2282,0
20110211,3.09,3.14,3.09,3.14,502,0
20110221,2.99,3.08,2.98,3.08,1544,0
20110222,2.95,3.07,2.95,3.07,21,0
20110223,3.06,3.07,3.06,3.07,209,0
20110225,3.08,3.43,3.08,3.42,24395,0
20110228,3.41,3.6,3.37,3.49,7906,0
20110301,3.49,3.55,3.33,3.45,3255,0
20110303,3.29,3.45,3.26,3.43,344,0
20110307,3.26,3.43,3.23,3.4,753,0
20110309,3.23,3.4,3.23,3.4,113,0
20110310,3.23,3.4,3.23,3.4,175,0
20110314,3.35,3.38,3.22,3.38,389,0
20110315,3.22,3.38,3.22,3.38,622,0
20110317,3.22,3.37,3.22,3.37,47,0
20110322,3.2,3.34,3.18,3.34,282,0
20110323,3.1,3.25,3.07,3.25,6545,0
20110324,3.15,3.26,3.14,3.24,825,0
20110325,3.14,3.2,3.14,3.2,2396,0
20110328,3.13,3.19,3.13,3.19,1636,0
20110329,3.13,3.18,3.13,3.18,1038,0
20110330,3.13,3.18,3.13,3.18,887,0
20110401,3.12,3.18,3.12,3.18,2587,0
20110404,3.18,3.24,3.15,3.2,261,0
20110405,3.07,3.39,3.07,3.36,6272,0
20110406,3.35,3.39,3.22,3.39,5081,0
20110407,3.25,3.37,3.25,3.36,847,0
20110408,3.25,3.35,3.25,3.35,141,0
20110411,3.25,3.35,3.25,3.35,1263,0
20110412,3.29,3.33,3.28,3.33,425,0
20110413,3.33,3.35,3.28,3.35,2717,0
20110414,3.35,3.36,3.28,3.36,228,0
20110415,3.3,3.35,3.3,3.35,341,0
20110418,3.35,3.4,3.35,3.4,4345,0
20110419,3.35,3.4,3.35,3.4,12,0
20110420,3.4,3.53,3.36,3.53,4727,0
20110421,3.53,3.53,3.37,3.53,305,0
20110428,3.49,3.49,3.37,3.37,65,0
20110429,3.35,3.49,3.35,3.49,60,0
20110504,3.5,3.52,3.44,3.52,8784,0
20110505,3.53,3.6,3.5,3.6,7351,0
20110506,3.6,3.75,3.55,3.75,20953,0
20110509,3.75,3.79,3.75,3.79,4787,0
20110510,3.8,3.81,3.66,3.8,4449,0
20110511,3.75,3.8,3.63,3.76,1345,0
20110512,3.68,3.75,3.55,3.64,4894,0
20110513,3.4,3.47,3.27,3.42,10906,0
20110516,3.3,3.42,3.29,3.29,1406,0
20110517,3.29,3.3,3.19,3.25,15128,0
20110519,3.18,3.24,3.16,3.24,1035,0
20110523,3.23,3.24,3.16,3.24,1135,0
20110527,3.2,3.24,3.2,3.24,30,0
20110530,3.24,3.24,3.21,3.24,226,0
20110531,3.24,3.24,3.24,3.24,160,0
20110602,3.11,3.11,3.05,3.05,3000,0
20110603,3.2,3.2,3.2,3.2,300,0
20110608,3.11,3.11,3.11,3.11,51,0
20110609,3.1,3.1,3.1,3.1,98,0
20110610,3.15,3.15,3.15,3.15,1398,0
20110613,3.15,3.15,3.15,3.15,4,0
20110614,3.2,3.2,3.2,3.2,21,0
20110615,3.1,3.2,3.05,3.05,8246,0
20110616,3.05,3.05,3.05,3.05,419,0
20110617,3.05,3.05,3.05,3.05,732,0
20110620,3.01,3.05,3.01,3.05,364,0
20110621,3.01,3.01,3.01,3.01,232,0
20110622,3.01,3.01,3.01,3.01,20,0
20110624,3.01,3.01,3.01,3.01,485,0
20110627,2.95,2.95,2.9,2.9,650,0
20110628,2.97,2.97,2.97,2.97,52,0
20110630,3,3,2.95,2.95,1000,0
20110701,2.96,2.96,2.77,2.8,8465,0
20110704,2.91,2.91,2.7,2.7,10179,0
20110705,2.71,2.72,2.62,2.62,5505,0
20110706,2.55,2.55,2.5,2.51,10615,0
20110707,2.57,2.57,2.45,2.5,9808,0
20110708,2.43,2.51,2.43,2.51,5865,0
20110711,2.44,2.44,2.42,2.42,775,0
20110712,2.5,2.51,2.5,2.51,1650,0
20110713,2.51,2.51,2.51,2.51,20,0
20110715,2.43,2.43,2.42,2.42,546,0
20110719,2.42,2.42,2.39,2.39,5492,0
20110720,2.39,2.39,2.39,2.39,300,0
20110721,2.39,2.42,2.39,2.42,27,0
20110722,2.43,2.43,2.43,2.43,1276,0
20110725,2.39,2.39,2.39,2.39,198,0
20110727,2.41,2.44,2.4,2.4,4152,0
20110729,2.4,2.4,2.4,2.4,51,0
20110801,2.4,2.51,2.4,2.51,149,0
20110803,2.41,2.41,2.41,2.41,850,0
20110804,2.41,2.41,2.4,2.4,5850,0
20110805,2.42,2.42,2.38,2.39,17885,0
20110808,2.4,2.4,2.39,2.39,3279,0
20110809,2.39,2.39,2.38,2.38,3931,0
20110811,2.36,2.36,2.36,2.36,1317,0
20110812,2.4,2.48,2.4,2.48,5715,0
20110816,2.52,2.52,2.48,2.48,404,0
20110817,2.52,2.56,2.52,2.56,6447,0
20110819,2.43,2.43,2.43,2.43,16,0
20110823,2.43,2.43,2.43,2.43,800,0
20110825,2.52,2.54,2.52,2.54,3250,0
20110826,2.48,2.48,2.48,2.48,500,0
20110831,2.48,2.48,2.48,2.48,100,0
20110902,2.5,2.5,2.48,2.48,482,0
20110905,2.48,2.48,2.46,2.46,2256,0
20110907,2.46,2.46,2.46,2.46,113,0
20110912,2.46,2.46,2.46,2.46,500,0
20110913,2.46,2.46,2.46,2.46,494,0
20110914,2.46,2.46,2.46,2.46,200,0
20110915,2.46,2.46,2.46,2.46,239,0
20110916,2.46,2.46,2.46,2.46,639,0
20110922,2.46,2.46,2.46,2.46,1100,0
20110923,2.47,2.47,2.43,2.43,3287,0
20110926,2.45,2.45,2.45,2.45,299,0
20110929,2.53,2.55,2.53,2.55,743,0
20110930,2.55,2.55,2.55,2.55,1071,0
20111006,2.43,2.43,2.43,2.43,1814,0
20111007,2.44,2.44,2.44,2.44,41,0
20111013,2.42,2.42,2.42,2.42,1,0
20111019,2.42,2.42,2.42,2.42,510,0
20111021,2.42,2.42,2.42,2.42,7149,0
20111024,2.42,2.42,2.42,2.42,2,0
20111025,2.42,2.42,2.4,2.4,2300,0
20111026,2.33,2.33,2.33,2.33,960,0
20111027,2.42,2.42,2.42,2.42,14,0
20111102,2.34,2.34,2.34,2.34,1551,0
20111103,2.33,2.33,2.33,2.33,2,0
20111107,2.33,2.33,2.33,2.33,2500,0
20111108,2.33,2.33,2.33,2.33,3638,0
20111109,2.4,2.43,2.4,2.43,5500,0
20111110,2.35,2.35,2.35,2.35,6,0
20111114,2.35,2.35,2.35,2.35,1,0
20111115,2.38,2.38,2.35,2.35,1629,0
20111116,2.35,2.35,2.3,2.3,13692,0
20111117,2.28,2.28,2.28,2.28,3333,0
20111118,2.33,2.33,2.26,2.26,2419,0
20111121,2.23,2.23,2.22,2.22,652,0
20111122,2.22,2.22,2.22,2.22,2,0
20111124,2.22,2.3,2.22,2.22,155,0
20111128,2.22,2.22,2.22,2.22,19,0
20111129,2.22,2.22,2.2,2.2,2180,0
20111130,2.2,2.21,2.2,2.21,2498,0
20111201,2.2,2.2,2.2,2.2,205,0
20111205,2.2,2.31,2.2,2.31,9699,0
20111206,2.31,2.33,2.31,2.33,9482,0
20111207,2.28,2.28,2.28,2.28,950,0
20111209,2.31,2.31,2.31,2.31,1000,0
20111212,2.28,2.28,2.28,2.28,8,0
20111213,2.28,2.28,2.28,2.28,2271,0
20111215,2.35,2.38,2.35,2.38,7650,0
20111216,2.35,2.43,2.35,2.39,9973,0
20111219,2.39,2.39,2.39,2.39,131,0
20111220,2.39,2.39,2.39,2.39,914,0
20111221,2.39,2.39,2.39,2.39,329,0
20111222,2.39,2.39,2.39,2.39,157,0
20111223,2.39,2.45,2.39,2.45,1894,0
20111227,2.39,2.49,2.39,2.39,1534,0
20111228,2.39,2.39,2.39,2.39,1531,0
20111229,2.39,2.39,2.39,2.39,1688,0
20111230,2.39,2.5,2.39,2.42,4614,0
20120102,2.41,2.41,2.41,2.41,2283,0
20120103,2.41,2.42,2.41,2.42,190,0
20120109,2.42,2.42,2.42,2.42,16,0
20120112,2.5,2.57,2.5,2.57,7421,0
20120117,2.56,2.56,2.56,2.56,256,0
20120119,2.46,2.46,2.46,2.46,256,0
20120120,2.46,2.6,2.46,2.6,520,0
20120123,2.6,2.71,2.6,2.71,9542,0
20120125,2.78,2.78,2.66,2.66,47,0
20120126,2.66,2.66,2.66,2.66,14,0
20120130,2.66,2.66,2.66,2.66,500,0
20120131,2.66,2.66,2.66,2.66,1,0
20120202,2.66,2.66,2.66,2.66,120,0
20120203,2.66,2.66,2.66,2.66,20,0
20120206,2.66,2.66,2.66,2.66,719,0
20120207,2.66,2.66,2.66,2.66,24,0
20120209,2.67,2.67,2.67,2.67,200,0
20120213,2.67,2.67,2.67,2.67,500,0
20120215,2.66,2.66,2.66,2.66,228,0
20120217,2.78,2.78,2.78,2.78,72,0
20120220,2.78,2.8,2.78,2.8,1217,0
20120221,2.8,2.82,2.8,2.8,12050,0
20120222,2.78,2.78,2.77,2.77,190,0
20120223,2.77,2.77,2.77,2.77,370,0
20120224,2.77,2.77,2.77,2.77,700,0
20120228,2.77,2.77,2.77,2.77,9,0
20120229,2.77,2.8,2.77,2.8,502,0
20120307,2.81,2.81,2.81,2.81,113,0
20120309,2.78,2.78,2.75,2.75,2847,0
20120314,2.84,2.84,2.84,2.84,100,0
20120315,2.91,2.91,2.91,2.91,1600,0
20120316,2.91,2.91,2.81,2.81,101,0
20120319,2.91,2.91,2.91,2.91,100,0
20120320,2.81,2.91,2.81,2.91,38,0
20120321,2.81,2.81,2.81,2.81,2,0
20120323,2.81,2.81,2.81,2.81,700,0
20120326,2.88,2.88,2.88,2.88,400,0
20120327,2.88,2.89,2.88,2.89,1000,0
20120328,2.77,2.89,2.77,2.89,7,0
20120411,2.77,2.86,2.76,2.86,302,0
20120417,2.76,2.76,2.75,2.75,180,0
20120419,2.8,2.8,2.75,2.75,2706,0
20120424,2.71,2.71,2.71,2.71,128,0
20120425,2.71,2.71,2.71,2.71,184,0
20120427,2.7,2.7,2.7,2.7,506,0
20120508,2.68,2.68,2.68,2.68,500,0
20120510,2.65,2.74,2.65,2.65,667,0
20120514,2.61,2.61,2.6,2.6,2213,0
20120515,2.6,2.6,2.52,2.52,887,0
20120516,2.52,2.52,2.5,2.5,1816,0
20120517,2.45,2.45,2.45,2.45,3880,0
20120518,2.39,2.39,2.39,2.39,6,0
20120523,2.41,2.48,2.38,2.48,2006,0
20120524,2.47,2.48,2.47,2.48,10,0
20120529,2.39,2.39,2.38,2.38,1235,0
20120531,2.46,2.46,2.46,2.46,10,0
20120606,2.38,2.46,2.38,2.46,11,0
20120611,2.38,2.38,2.38,2.38,200,0
20120615,2.38,2.38,2.38,2.38,149,0
20120619,2.37,2.37,2.37,2.37,22,0
20120625,2.37,2.37,2.36,2.36,500,0
20120628,2.37,2.37,2.37,2.37,20,0
20120629,2.37,2.37,2.37,2.37,26,0
20120702,2.37,2.37,2.36,2.36,964,0
20120703,2.36,2.36,2.33,2.33,137,0
20120706,2.33,2.33,2.33,2.33,1,0
20120710,2.35,2.35,2.35,2.35,658,0
20120711,2.35,2.35,2.35,2.35,356,0
20120712,2.35,2.35,2.35,2.35,39,0
20120717,2.34,2.34,2.34,2.34,15,0
20120718,2.34,2.34,2.34,2.34,16,0
20120719,2.34,2.34,2.34,2.34,80,0
20120720,2.34,2.34,2.33,2.33,1000,0
20120725,2.3,2.3,2.3,2.3,18,0
20120727,2.3,2.3,2.3,2.3,199,0
20120801,2.24,2.24,2.24,2.24,618,0
20120802,2.23,2.23,2.23,2.23,6,0
20120803,2.23,2.23,2.23,2.23,220,0
20120806,2.23,2.23,2.23,2.23,86,0
20120807,2.22,2.22,2.22,2.22,400,0
20120810,2.2,2.22,2.2,2.22,137,0
20120813,2.19,2.19,2.19,2.19,95,0
20120814,2.2,2.2,2.2,2.2,686,0
20120820,2.16,2.22,2.16,2.22,47,0
20120821,2.16,2.16,2.16,2.16,82,0
20120824,2.16,2.21,2.1,2.21,10632,0
20120830,2.16,2.16,2.13,2.13,450,0
20120831,2.22,2.22,2.22,2.22,10,0
20120905,2.13,2.22,2.13,2.22,177,0
20120907,2.22,2.22,2.22,2.22,5000,0
20120921,2.19,2.2,2.19,2.2,1093,0
20120925,2.22,2.35,2.22,2.35,10646,0
20120926,2.35,2.41,2.35,2.4,14881,0
20120927,2.41,2.47,2.41,2.47,3102,0
20120928,2.5,2.51,2.5,2.51,3674,0
20121001,2.51,2.51,2.51,2.51,1350,0
20121002,2.55,2.55,2.46,2.46,4529,0
20121003,2.46,2.55,2.46,2.55,198,0
20121005,2.46,2.46,2.45,2.45,3576,0
20121008,2.4,2.4,2.4,2.4,48,0
20121009,2.4,2.4,2.4,2.4,270,0
20121012,2.4,2.4,2.39,2.39,2394,0
20121017,2.38,2.38,2.38,2.38,411,0
20121018,2.4,2.4,2.4,2.4,178,0
20121019,2.38,2.38,2.31,2.31,4461,0
20121023,2.31,2.31,2.3,2.3,692,0
20121024,2.29,2.29,2.29,2.29,50,0
20121026,2.26,2.26,2.26,2.26,100,0
20121029,2.23,2.23,2.23,2.23,39,0
20121030,2.23,2.23,2.23,2.23,215,0
20121106,2.23,2.23,2.22,2.22,1022,0
20121107,2.22,2.22,2.22,2.22,32,0
20121108,2.23,2.23,2.23,2.23,66,0
20121112,2.22,2.22,2.21,2.21,1000,0
20121113,2.23,2.27,2.23,2.27,120,0
20121114,2.27,2.27,2.27,2.27,100,0
20121116,2.2,2.2,2.18,2.18,81,0
20121119,2.16,2.16,2.16,2.16,17,0
20121120,2.16,2.16,2.03,2.03,9182,0
20121121,2,2.03,2,2.03,318,0
20121122,2,2,1.77,1.83,8853,0
20121123,1.83,1.84,1.83,1.84,5747,0
20121126,1.79,1.85,1.79,1.79,185,0
20121127,1.8,1.8,1.8,1.8,2,0
20121128,1.77,1.77,1.77,1.77,3147,0
20121129,1.76,1.76,1.76,1.76,103,0
20121130,1.64,1.77,1.64,1.77,2298,0
20121204,1.65,1.68,1.65,1.68,670,0
20121205,1.72,1.73,1.72,1.73,10000,0
20121206,1.7,1.7,1.67,1.67,3058,0
20121207,1.7,1.71,1.68,1.68,5034,0
20121210,1.68,1.72,1.68,1.72,3560,0
20121211,1.7,1.7,1.66,1.66,373,0
20121212,1.71,1.73,1.67,1.67,856,0
20121213,1.67,1.67,1.67,1.67,824,0
20121214,1.66,1.66,1.66,1.66,1000,0
20121217,1.7,1.7,1.61,1.62,548,0
20121218,1.61,1.61,1.61,1.61,478,0
20121219,1.58,1.6,1.55,1.55,1771,0
20121220,1.54,1.55,1.54,1.55,479,0
20121221,1.54,1.55,1.51,1.55,2862,0
20121227,1.5,1.55,1.5,1.55,128,0
20121228,1.67,1.69,1.67,1.69,323,0
20130102,1.69,1.69,1.69,1.69,19,0
20130103,1.76,1.76,1.76,1.76,1005,0
20130104,1.76,1.76,1.76,1.76,50,0
20130107,1.85,1.85,1.85,1.85,1500,0
20130108,1.9,1.99,1.9,1.99,3350,0
20130109,2.05,2.05,2.04,2.04,800,0
20130110,2.05,2.05,2.05,2.05,115,0
20130111,2.18,2.18,2.18,2.18,250,0
20130115,2.16,2.16,2.16,2.16,820,0
20130116,2.18,2.18,2.18,2.18,260,0
20130118,1.6,1.6,1.6,1.6,164,0
20130124,1.66,1.66,1.66,1.66,3,0
20130128,1.68,1.68,1.68,1.68,1534,0
20130129,1.66,1.66,1.66,1.66,700,0
20130130,1.65,1.65,1.65,1.65,3000,0
20130205,1.65,1.65,1.65,1.65,6,0
20130208,1.51,1.51,1.51,1.51,8,0
20130211,1.75,1.75,1.75,1.75,200,0
20130213,1.75,1.75,1.75,1.75,500,0
20130215,1.75,1.75,1.75,1.75,500,0
20130218,1.75,1.75,1.75,1.75,1224,0
20130221,1.51,1.51,1.51,1.51,4,0
20130225,1.61,1.65,1.61,1.65,1529,0
20130226,1.5,1.5,1.5,1.5,82,0
20130227,1.51,1.55,1.51,1.55,216,0
20130228,1.55,1.55,1.55,1.55,500,0
20130304,1.5,1.5,1.5,1.5,1039,0
20130305,1.5,1.5,1.5,1.5,5201,0
20130306,1.5,1.5,1.5,1.5,100,0
20130307,1.5,1.5,1.5,1.5,500,0
20130308,1.5,1.5,1.5,1.5,2464,0
20130311,1.55,1.55,1.55,1.55,550,0
20130312,1.5,1.5,1.5,1.5,70,0
20130313,1.59,1.59,1.59,1.59,450,0
20130318,1.59,1.59,1.59,1.59,400,0
20130319,1.51,1.51,1.51,1.51,533,0
20130325,1.69,1.69,1.69,1.69,350,0
20130326,1.76,1.76,1.76,1.76,350,0
20130328,1.76,1.76,1.76,1.76,300,0
20130409,1.5,1.5,1.5,1.5,74,0
20130412,1.5,1.5,1.5,1.5,308,0
20130418,1.5,1.5,1.5,1.5,1,0
20130423,1.5,1.5,1.5,1.5,725,0
20130424,1.5,1.5,1.5,1.5,100,0
20130425,1.51,1.51,1.51,1.51,13,0
20130426,1.6,1.6,1.6,1.6,100,0
20130430,1.5,1.5,1.5,1.5,12,0
20130502,1.5,1.5,1.5,1.5,925,0
20130506,1.6,1.6,1.6,1.6,100,0
20130507,1.6,1.6,1.6,1.6,777,0
20130508,1.76,1.76,1.76,1.76,250,0
20130510,1.76,1.76,1.76,1.76,250,0
20130515,1.52,1.52,1.52,1.52,300,0
20130516,1.7,1.7,1.7,1.7,200,0
20130517,1.55,1.55,1.55,1.55,10,0
20130520,1.56,1.56,1.56,1.56,470,0
20130522,1.6,1.6,1.56,1.56,96,0
20130523,1.56,1.56,1.56,1.56,5289,0
20130528,1.56,1.56,1.56,1.56,30,0
20130529,1.51,1.51,1.51,1.51,125,0
20130531,1.5,1.5,1.5,1.5,319,0
20130603,1.5,1.5,1.5,1.5,4,0
20130605,1.53,1.53,1.53,1.53,500,0
20130606,1.5,1.5,1.5,1.5,439,0
20130610,1.5,1.59,1.5,1.59,92,0
20130619,1.51,1.51,1.51,1.51,4,0
20130620,1.65,1.65,1.65,1.65,499,0
20130621,1.5,1.5,1.5,1.5,109,0
20130628,1.5,1.5,1.5,1.5,225,0
20130703,1.64,1.64,1.64,1.64,97,0
20130704,1.63,1.63,1.63,1.63,12,0
20130705,1.64,1.76,1.64,1.76,231,0
20130708,1.76,1.76,1.76,1.76,10,0
20130710,1.59,1.59,1.59,1.59,12,0
20130711,1.5,1.5,1.5,1.5,5079,0
20130715,1.55,1.55,1.55,1.55,1,0
20130718,1.5,1.5,1.5,1.5,20,0
20130719,1.5,1.5,1.5,1.5,240,0
20130722,1.55,1.55,1.55,1.55,22,0
20130725,1.58,1.58,1.58,1.58,650,0
20130730,1.5,1.5,1.5,1.5,32,0
20130731,1.5,1.5,1.5,1.5,199,0
20130805,1.6,1.6,1.6,1.6,60,0
20130806,1.5,1.5,1.5,1.5,12,0
20130807,1.48,1.48,1.48,1.48,138,0
20130808,1.48,1.48,1.48,1.48,5417,0
20130809,1.5,1.5,1.5,1.5,600,0
20130819,1.4,1.4,1.4,1.4,67,0
20130823,1.41,1.41,1.41,1.41,47,0
20130828,1.4,1.4,1.4,1.4,10,0
20130830,1.4,1.4,1.4,1.4,6,0
20130906,1.5,1.5,1.5,1.5,11,0
20130909,1.6,1.6,1.42,1.42,353,0
20130912,1.41,1.41,1.41,1.41,13,0
20130919,1.42,1.42,1.42,1.42,20,0
20130920,1.6,1.7,1.6,1.7,166,0
20130923,1.74,1.74,1.74,1.74,190,0
20130925,1.59,1.59,1.59,1.59,1,0
20131010,1.51,1.51,1.51,1.51,25,0
20131011,1.51,1.51,1.51,1.51,111,0
20131014,1.31,1.31,1.31,1.31,123,0
20131015,1.35,1.35,1.35,1.35,313,0
20131016,1.35,1.35,1.35,1.35,1000,0
20131017,1.35,1.35,1.35,1.35,4550,0
20131018,1.38,1.38,1.38,1.38,436,0
20131021,1.5,1.6,1.5,1.6,1203,0
20131023,1.33,1.33,1.33,1.33,250,0
20131028,1.39,1.39,1.39,1.39,165,0
20131029,1.39,1.39,1.39,1.39,227,0
20131030,1.38,1.38,1.38,1.38,139,0
20131104,1.4,1.4,1.4,1.4,165,0
20131105,1.38,1.38,1.38,1.38,215,0
20131106,1.4,1.4,1.35,1.35,133,0
20131107,1.41,1.41,1.41,1.41,500,0
20131114,1.46,1.46,1.46,1.46,500,0
20131119,1.46,1.46,1.46,1.46,100,0
20131121,1.38,1.38,1.38,1.38,25,0
20131125,1.48,1.53,1.48,1.53,4100,0
20131126,1.5,1.5,1.48,1.48,488,0
20131127,1.47,1.47,1.47,1.47,70,0
20131128,1.47,1.47,1.47,1.47,91,0
20131129,1.47,1.47,1.47,1.47,9309,0
20131202,1.47,1.47,1.47,1.47,1037,0
20131203,1.47,1.47,1.47,1.47,38,0
20131204,1.49,1.49,1.49,1.49,100,0
20131205,1.49,1.49,1.49,1.49,1801,0
20131206,1.49,1.49,1.49,1.49,955,0
20131209,1.58,1.7,1.58,1.7,2139,0
20131210,1.7,1.7,1.7,1.7,3390,0
20131211,1.59,1.59,1.51,1.51,260,0
20131212,1.48,1.48,1.48,1.48,1305,0
20131213,1.5,1.5,1.5,1.5,3290,0
20131216,1.65,1.65,1.65,1.65,300,0
20131218,1.65,1.65,1.65,1.65,120,0
20131219,1.64,1.64,1.64,1.64,750,0
20131220,1.63,1.74,1.63,1.74,966,0
20131223,1.74,1.74,1.74,1.74,500,0
20131227,1.75,1.75,1.58,1.58,202,0
20131230,1.75,1.75,1.75,1.75,200,0
20140102,1.75,1.75,1.75,1.75,100,0
20140103,1.74,1.74,1.74,1.74,100,0
20140107,1.49,1.49,1.49,1.49,1726,0
20140108,1.73,1.73,1.7,1.7,200,0
20140109,1.75,1.75,1.75,1.75,100,0
20140110,1.75,1.75,1.5,1.5,5001,0
20140113,1.73,1.73,1.73,1.73,100,0
20140114,1.75,1.75,1.75,1.75,456,0
20140115,1.75,1.75,1.75,1.75,100,0
20140116,1.74,1.74,1.74,1.74,100,0
20140117,1.74,1.74,1.74,1.74,100,0
20140120,1.74,1.74,1.74,1.74,200,0
20140121,1.74,1.74,1.74,1.74,100,0
20140122,1.75,1.75,1.75,1.75,100,0
20140123,1.75,1.75,1.75,1.75,700,0
20140124,1.75,1.75,1.75,1.75,200,0
20140127,1.75,1.75,1.75,1.75,100,0
20140203,1.66,1.66,1.66,1.66,102,0
20140206,1.63,1.63,1.63,1.63,900,0
20140210,1.63,1.63,1.63,1.63,38,0
20140213,1.54,1.55,1.54,1.55,2997,0
20140214,1.51,1.51,1.51,1.51,63,0
20140217,1.52,1.52,1.52,1.52,579,0
20140219,1.62,1.62,1.55,1.55,1845,0
20140224,1.55,1.55,1.55,1.55,63,0
20140225,1.55,1.55,1.55,1.55,254,0
20140227,1.55,1.55,1.55,1.55,27,0
20140228,1.65,1.65,1.65,1.65,332,0
20140303,1.65,1.65,1.63,1.63,1400,0
20140304,1.45,1.6,1.45,1.6,1512,0
20140306,1.55,1.55,1.55,1.55,160,0
20140310,1.51,1.51,1.51,1.51,4,0
20140314,1.55,1.55,1.55,1.55,500,0
20140321,1.55,1.55,1.55,1.55,797,0
20140331,1.5,1.5,1.5,1.5,1,0
20140401,1.5,1.5,1.5,1.5,238,0
20140407,1.59,1.59,1.51,1.51,36100,0
20140410,1.51,1.51,1.51,1.51,762,0
20140414,1.5,1.5,1.5,1.5,10,0
20140415,1.52,1.52,1.52,1.52,5,0
20140416,1.5,1.5,1.5,1.5,5,0
20140417,1.5,1.5,1.5,1.5,5,0
20140422,1.5,1.5,1.5,1.5,196,0
20140423,1.5,1.5,1.5,1.5,306,0
20140424,1.5,1.5,1.5,1.5,5,0
20140425,1.5,1.5,1.5,1.5,5,0
20140428,1.5,1.5,1.5,1.5,5,0
20140429,1.5,1.5,1.5,1.5,5,0
20140430,1.5,1.5,1.5,1.5,9,0
20140507,5.5,5.5,5.5,5.5,74563,0
20140508,4.5,4.5,4.46,4.46,16994,0
20140509,4.02,4.02,3.64,3.64,22220,0
20140512,3.22,3.59,3.22,3.59,13631,0
20140513,3.59,3.59,3.59,3.59,1843,0
20140514,3.45,3.45,3.11,3.11,2989,0
20140515,3.5,3.5,3.5,3.5,28016,0
20140519,4.2,4.44,4.2,4.44,40345,0
20140520,5,5.5,5,5.5,19502,0
20140521,5.8,5.8,4.98,4.98,12193,0
20140522,5.03,5.48,5.03,5.48,9065,0
20140523,5.8,5.8,5.48,5.48,7538,0
20140526,5.02,5.02,4.6,4.6,12584,0
20140527,5,5.43,5,5.43,1499,0
20140528,5.41,5.41,5.39,5.39,805,0
20140529,5,5.33,5,5.33,732,0
20140530,5,5,5,5,1129,0
20140602,5,5.19,5,5.19,1153,0
20140603,5.19,5.19,5,5,1934,0
20140604,4.65,4.68,4.65,4.68,3833,0
20140605,4.67,4.67,4.67,4.67,1713,0
20140606,5,5,5,5,2025,0
20140609,5,5,5,5,4115,0
20140610,5.1,5.1,5.1,5.1,6159,0
20140611,5.29,5.29,5.29,5.29,8463,0
20140612,5.5,5.7,5.5,5.7,39080,0
20140613,5.49,5.5,5.49,5.5,13556,0
