Date,Open,High,Low,Close,Volume,OpenInt
20071031,20.231,20.555,19.121,20.47,43062,0
20071102,19.889,19.889,18.771,18.788,3639,0
20071105,17.926,18.267,17.806,17.926,1903,0
20071106,17.755,18.011,17.158,18.011,1554,0
20071107,17.2,17.2,16.048,16.048,2503,0
20071108,14.938,16.133,13.376,16.048,8323,0
20071109,15.459,17.072,15.459,16.987,298,0
20071112,15.365,15.365,15.365,15.365,807,0
20071113,15.109,15.28,14.682,15.28,662,0
20071114,14.768,14.768,14.725,14.725,832,0
20071115,14.938,14.938,14.085,14.085,931,0
20071116,11.951,14.085,11.515,14.085,687,0
20071119,12.847,13.649,12.676,13.573,1348,0
20071120,13.573,13.573,11.353,13.573,709,0
20071121,11.541,12.719,11.541,12.719,1857,0
20071122,11.951,14.469,11.609,14.469,142,0
20071123,14.042,14.042,11.874,13.658,128,0
20071126,13.649,13.649,12.335,13.649,482,0
20071127,12.292,14.426,12.045,14.059,226,0
20071128,13.316,14.085,13.316,14.085,175,0
20071129,14.085,15.365,13.282,15.365,1767,0
20071130,15.365,15.69,14.563,15.655,291,0
20071203,15.442,15.792,15.442,15.792,1054,0
20071204,14.213,15.792,14.213,15.792,1921,0
20071205,15.792,16.116,15.792,15.792,3568,0
20071206,15.783,15.783,15.783,15.783,28,0
20071207,14.648,16.116,14.597,15.621,1615,0
20071210,14.87,15.621,14.87,14.947,1404,0
20071211,15.109,15.109,14.682,14.682,234,0
20071212,15.194,15.194,14.597,14.597,83,0
20071213,15.194,15.621,15.194,15.365,632,0
20071214,15.365,15.365,14.085,15.101,3959,0
20071217,14.938,14.938,13.624,14.085,2460,0
20071218,13.146,14.341,13.146,14.341,14343,0
20071219,13.487,13.487,11.951,13.146,9180,0
20071220,12.301,13.479,12.301,13.103,11391,0
20071221,12.13,13.487,12.13,12.676,2688,0
20071227,13.615,13.615,12.634,12.89,2327,0
20071228,13.445,15.527,13.402,15.527,1724,0
20080102,13.709,14.418,13.709,13.803,1455,0
20080103,14.418,14.426,14.418,14.418,135,0
20080104,14.042,14.085,14.042,14.085,11,0
20080107,12.804,14.085,12.804,14.085,53,0
20080108,13.658,13.658,13.658,13.658,301,0
20080109,14.085,14.085,14.085,14.085,75,0
20080110,12.813,14.298,12.804,14.298,2811,0
20080115,14.554,14.554,13.658,14.29,1591,0
20080116,12.898,13.231,12.898,13.231,4653,0
20080117,14.512,14.512,14.512,14.512,11,0
20080118,14.076,14.076,14.076,14.076,999,0
20080122,14.503,14.503,14.503,14.503,11,0
20080123,13.06,14.375,13.06,14.255,879,0
20080124,14.358,14.366,14.358,14.366,1991,0
20080125,14.426,14.494,14.426,14.469,484,0
20080129,14.341,14.341,14.341,14.341,35,0
20080131,13.743,14.341,13.743,14.341,246,0
20080201,13.018,14.255,13.018,13.487,1323,0
20080204,14.247,14.255,13.487,13.496,469,0
20080205,13.095,13.658,13.095,13.658,352,0
20080206,15.963,15.963,13.231,14.469,310,0
20080207,13.368,13.368,13.06,13.06,3023,0
20080208,13.077,13.077,13.06,13.06,455,0
20080211,13.06,13.06,13.06,13.06,234,0
20080212,12.804,12.975,12.804,12.975,117,0
20080213,11.951,12.207,11.908,12.121,4444,0
20080214,12.121,12.121,12.121,12.121,6,0
20080219,11.14,11.763,11.106,11.763,393,0
20080220,11.191,12.762,11.191,12.762,141,0
20080221,12.668,12.668,11.524,11.737,118,0
20080222,11.737,12.591,11.695,11.951,465,0
20080225,11.524,11.951,11.524,11.951,1232,0
20080226,11.524,11.524,11.276,11.276,1404,0
20080227,11.276,11.78,11.276,11.78,256,0
20080228,11.524,11.524,11.524,11.524,44,0
20080229,11.737,11.78,11.737,11.78,562,0
20080303,12.54,12.932,12.54,12.89,2192,0
20080304,12.975,12.975,12.975,12.975,174,0
20080305,12.975,12.975,12.975,12.975,305,0
20080306,13.129,13.137,12.975,13.137,106,0
20080311,13.001,13.001,12.292,12.975,392,0
20080314,12.804,12.804,12.804,12.804,65,0
20080317,12.395,12.796,11.626,12.796,2324,0
20080318,11.823,12.762,11.78,12.762,250,0
20080320,11.993,12.719,11.993,12.719,59,0
20080325,12.309,12.719,12.292,12.292,195,0
20080326,12.292,12.292,11.951,12.292,2964,0
20080327,11.951,11.951,11.584,11.951,3691,0
20080328,12.625,12.634,11.951,11.951,3271,0
20080331,11.951,12.207,11.737,12.207,2909,0
20080401,11.951,11.951,11.951,11.951,1721,0
20080402,11.865,12.591,11.865,12.591,775,0
20080403,12.121,12.121,12.036,12.079,1246,0
20080404,12.096,12.121,12.096,12.121,94,0
20080407,12.121,12.121,11.908,12.121,1026,0
20080408,12.121,12.121,12.121,12.121,65,0
20080409,11.865,11.865,11.865,11.865,611,0
20080410,11.865,12.036,11.524,12.036,478,0
20080411,11.609,11.917,11.609,11.917,316,0
20080414,11.609,11.951,11.353,11.951,749,0
20080416,11.823,12.087,11.823,12.087,252,0
20080417,11.618,11.823,11.618,11.823,101,0
20080418,12.036,12.036,12.036,12.036,10544,0
20080421,11.618,12.087,11.618,12.087,298,0
20080422,11.934,11.934,11.934,11.934,185,0
20080423,11.618,11.618,10.687,10.696,1640,0
20080424,10.67,10.884,10.67,10.884,811,0
20080425,10.465,11.012,9.902,10.969,779,0
20080428,10.926,10.926,10.423,10.901,503,0
20080429,11.08,11.08,10.414,10.67,855,0
20080430,10.5,11.012,10.5,11.012,66,0
20080505,11.012,11.071,10.474,10.628,2083,0
20080506,10.67,10.978,10.243,10.978,1965,0
20080507,11.012,11.012,10.371,10.824,218,0
20080508,10.542,10.909,10.457,10.909,1030,0
20080509,10.585,11.071,10.457,11.071,852,0
20080512,10.986,10.986,10.542,10.645,102,0
20080513,10.995,10.995,10.465,10.995,73,0
20080514,10.5,10.961,10.5,10.952,242,0
20080515,11.114,11.114,10.901,10.901,401,0
20080516,10.926,11.046,10.585,11.046,1582,0
20080519,11.046,11.046,10.414,11.037,2683,0
20080520,10.414,10.423,10.004,10.269,1343,0
20080521,10.295,10.295,10.295,10.295,150,0
20080523,10.295,10.295,9.561,9.893,1639,0
20080526,9.2191,9.817,9.1337,9.3898,2109,0
20080527,9.4752,9.561,8.6216,8.7325,8549,0
20080528,9.3728,9.3728,9.2276,9.2276,354,0
20080529,9.3044,9.3044,8.7069,9.1764,2356,0
20080530,9.3471,9.3471,9.2105,9.2105,529,0
20080602,9.1764,9.1764,9.1764,9.1764,125,0
20080603,9.1678,9.1678,9.1337,9.1337,588,0
20080604,9.1593,9.689,9.1593,9.4922,2493,0
20080605,9.697,10.414,9.697,9.987,7900,0
20080606,9.987,10.081,9.731,9.731,7699,0
20080609,9.4069,9.928,9.4069,9.8,9374,0
20080610,9.731,9.8,8.9715,8.9715,20290,0
20080611,9.0911,9.1081,8.9203,9.0057,12335,0
20080612,9.0996,9.1337,8.9203,9.1337,10260,0
20080613,9.561,9.561,9.1337,9.561,2310,0
20080616,10.03,10.03,9.646,10.022,3187,0
20080617,10.073,10.073,9.689,9.902,2282,0
20080618,9.859,9.859,9.723,9.851,1312,0
20080619,9.603,9.851,9.4069,9.851,1798,0
20080620,9.987,9.987,9.987,9.987,2,0
20080623,9.774,9.791,9.731,9.731,1876,0
20080624,9.757,9.757,9.1935,9.3471,5080,0
20080625,9.68,9.68,9.4324,9.4324,1311,0
20080626,9.706,9.706,9.4752,9.561,398,0
20080627,9.3983,9.3983,9.2105,9.3983,2254,0
20080630,9.3034,9.6,9.3034,9.591,312,0
20080701,9.2191,9.4922,9.2191,9.4922,1360,0
20080702,9.4324,9.646,9.2191,9.646,1166,0
20080703,9.637,9.637,9.3471,9.586,1497,0
20080704,9.774,9.774,9.3556,9.4752,791,0
20080707,9.648,9.648,8.8818,8.9872,6826,0
20080708,8.9393,8.9585,8.5369,8.7956,8329,0
20080709,8.7956,8.9585,8.7956,8.8818,7133,0
20080710,8.8818,9.3705,8.8339,9.313,40112,0
20080711,9.2363,9.581,8.9106,9.4854,13341,0
20080714,9.524,9.524,9.1022,9.4471,2888,0
20080715,9.4567,9.4567,8.8626,9.0064,6147,0
20080716,8.7285,8.7381,7.9908,8.1536,9420,0
20080717,8.0195,8.2782,7.9524,7.9524,3453,0
20080718,7.9428,7.9524,7.6937,7.9524,4496,0
20080721,8.192,8.192,7.9524,8.192,573,0
20080722,8.3836,8.3836,8.0482,8.3836,425,0
20080723,9.2172,9.2172,8.5273,8.6231,6002,0
20080724,8.6231,8.968,8.6231,8.8147,1916,0
20080725,9.0064,9.0064,8.5273,8.604,1465,0
20080728,8.5273,8.7189,8.5273,8.7189,502,0
20080729,8.7189,8.7189,8.5081,8.5081,2,0
20080730,8.7189,9.0064,8.5177,8.9106,1353,0
20080731,9.0064,9.0064,8.6135,8.8626,1313,0
20080801,8.9106,8.9106,8.6231,8.9106,628,0
20080804,8.8626,8.8626,8.6231,8.6231,11170,0
20080805,8.6231,8.6231,8.6135,8.6231,9709,0
20080806,8.6231,8.6231,8.2399,8.6231,54,0
20080807,8.7093,8.7093,8.2399,8.671,164,0
20080808,8.259,8.5369,8.1441,8.5369,18623,0
20080811,8.8531,8.8531,8.1057,8.4507,904,0
20080812,8.1441,8.4315,8.0866,8.1632,3009,0
20080813,8.1632,8.1632,7.9524,8.1345,1256,0
20080814,8.0482,8.0482,7.8566,7.9333,2996,0
20080818,7.8566,7.9908,7.8566,7.9908,1268,0
20080819,7.8566,8.192,7.6842,7.847,687,0
20080820,7.665,7.9716,7.665,7.9716,295,0
20080821,8.0387,8.0387,7.665,8.0387,106,0
20080822,7.665,8.0195,7.665,8.0195,105,0
20080825,8.0387,8.0387,8.0387,8.0387,2,0
20080826,8.0387,8.0387,8.0387,8.0387,2,0
20080827,8.0387,8.0387,7.8662,8.0291,106,0
20080828,8.0387,8.0387,7.665,7.7033,4165,0
20080829,8.0387,8.0387,7.9524,7.9524,51,0
20080901,8.0387,8.0482,7.9524,8.0291,1478,0
20080902,8.0387,8.0387,7.7129,7.962,2641,0
20080903,7.962,7.962,7.8566,7.8566,106,0
20080904,7.962,7.962,7.962,7.962,2,0
20080905,7.9524,7.9524,7.6842,7.9237,1025,0
20080908,7.9237,7.9237,7.6746,7.8854,895,0
20080909,7.8758,7.8758,7.6842,7.78,404,0
20080910,7.6842,7.847,7.5788,7.847,4070,0
20080911,7.847,7.847,7.6554,7.8087,210,0
20080912,7.7991,7.7991,7.6171,7.6171,149,0
20080915,7.5883,7.665,7.2243,7.665,1046,0
20080916,7.6554,7.6554,7.0901,7.435,3445,0
20080917,7.6554,7.6554,6.9177,6.9177,1762,0
20080918,6.8985,7.1572,6.7739,7.0135,535,0
20080919,7.4255,7.4255,6.7069,6.8985,3426,0
20080922,6.9272,6.9272,6.7069,6.7835,799,0
20080923,6.7356,6.7356,6.4194,6.4194,2340,0
20080924,6.4386,6.4386,6.1128,6.3524,3688,0
20080925,6.3428,6.3428,6.0841,6.314,367,0
20080926,6.314,6.314,6.0553,6.247,1463,0
20080929,6.2757,6.2757,5.8446,6.132,2245,0
20080930,5.8062,6.132,5.7487,6.1128,1262,0
20081001,6.0841,6.0841,6.0841,6.0841,1,0
20081002,5.7583,5.7583,5.7008,5.7008,350,0
20081003,5.6721,6.132,5.6721,6.0937,1199,0
20081006,5.6721,5.9308,5.6721,5.9308,3823,0
20081007,5.9308,5.9308,5.6817,5.8158,5222,0
20081008,5.7487,5.7487,5.3655,5.3655,1207,0
20081009,5.3655,5.6529,5.3655,5.6529,1586,0
20081010,5.3655,5.6529,5.1739,5.6529,373,0
20081013,5.7296,5.7392,5.7296,5.7392,1044,0
20081014,6.7069,6.7069,6.7069,6.7069,2087,0
20081015,6.9081,6.9081,6.8027,6.8889,993,0
20081016,6.3236,6.8889,6.3236,6.8889,1434,0
20081017,6.8889,6.9177,6.6111,6.7931,3490,0
20081020,6.8027,6.8985,6.5248,6.8985,974,0
20081021,6.9081,6.9272,6.9081,6.9081,356,0
20081022,7.1763,7.1763,6.9081,7.1668,31779,0
20081023,7.5596,7.5596,6.956,7.2243,18530,0
20081024,7.6171,7.6171,6.9464,7.0805,22965,0
20081027,7.3201,7.3201,6.3715,6.9368,4238,0
20081028,7.1572,7.1572,6.5631,7.0422,106,0
20081029,7.2817,7.6554,7.1859,7.6554,20584,0
20081030,7.665,7.665,7.665,7.665,3445,0
20081031,7.8949,8.0482,7.665,8.0482,23202,0
20081103,8.0482,8.0482,8.0195,8.0195,2115,0
20081104,8.0482,8.0482,7.2913,7.6171,13629,0
20081105,7.6075,7.6075,7.1955,7.5021,2485,0
20081106,7.1955,7.1955,6.7069,6.7069,1497,0
20081107,7.1859,7.1859,6.7069,6.8889,2359,0
20081110,6.9177,6.9177,6.7069,6.7739,767,0
20081112,6.7835,6.7835,6.7069,6.7069,747,0
20081113,6.314,6.314,6.314,6.314,481,0
20081114,6.314,6.9177,5.8446,6.132,6291,0
20081117,6.314,6.314,5.9404,5.9404,1045,0
20081118,6.1991,6.1991,5.7487,6.0266,583,0
20081119,6.2086,6.2086,5.7487,5.7487,211,0
20081120,5.4613,5.4613,5.4613,5.4613,2,0
20081121,5.7392,5.7392,5.1739,5.6434,195,0
20081124,5.7392,5.7392,5.6434,5.6434,590,0
20081125,5.7296,5.7296,5.2601,5.2697,755,0
20081126,5.2793,5.6338,5.0781,5.2697,1199,0
20081127,5.2697,5.2697,5.2697,5.2697,1172,0
20081128,5.2697,5.2697,5.1451,5.2697,751,0
20081201,5.2793,5.605,5.2793,5.4517,246,0
20081202,5.2697,5.5859,5.2697,5.5667,523,0
20081203,5.605,5.605,5.1739,5.538,260,0
20081204,5.5859,5.5859,5.1451,5.1643,261,0
20081205,5.538,5.538,5.126,5.126,259,0
20081208,5.5188,5.5188,5.0781,5.3942,366,0
20081209,5.3655,5.3655,5.0876,5.2314,1396,0
20081210,5.7487,5.7487,5.0781,5.126,1889,0
20081211,5.4517,5.7104,5.0781,5.4134,1986,0
20081212,5.4517,5.4517,5.4326,5.4326,271,0
20081215,5.423,5.423,5.1739,5.3559,663,0
20081216,5.3559,5.3559,5.1643,5.3559,760,0
20081217,5.4517,5.4517,5.1451,5.4517,325,0
20081218,5.4038,5.4038,4.9918,5.0781,1990,0
20081219,5.4038,5.4038,4.9918,5.0685,1248,0
20081222,5.3751,5.3751,5.0781,5.0781,3,0
20081223,5.0781,5.0781,5.0781,5.0781,2,0
20081229,5.2697,5.2697,5.0302,5.0302,3,0
20081230,5.2697,5.2697,5.2697,5.2697,1828,0
20081231,5.2697,5.2697,4.7906,5.2601,924,0
20090105,5.7487,5.7487,4.7427,5.2218,1618,0
20090106,5.7392,5.7392,4.8098,4.8098,5985,0
20090107,4.8864,4.8864,4.3882,4.3882,3133,0
20090108,4.781,4.781,4.4074,4.484,3524,0
20090109,4.781,4.781,3.89,4.1008,18180,0
20090112,4.1008,4.1008,3.7463,3.9283,4303,0
20090113,4.0624,4.0624,3.6409,3.9858,1202,0
20090114,4.1008,4.1008,3.9283,3.9283,515,0
20090115,3.9283,3.9283,3.6313,3.7846,923,0
20090116,3.775,3.775,3.4109,3.4492,5416,0
20090119,3.5355,3.5355,3.3055,3.4492,5221,0
20090120,3.5355,3.5355,3.0947,3.3343,5095,0
20090121,3.4972,3.4972,3.0277,3.1426,10960,0
20090122,3.1618,3.1618,2.9223,3.1139,3893,0
20090123,2.884,3.3534,2.884,3.3534,3036,0
20090126,3.3822,3.5067,3.2959,3.2959,954,0
20090127,3.3534,3.3534,3.0181,3.0181,9107,0
20090128,3.066,3.066,2.9702,2.9702,1586,0
20090129,3.1139,3.1139,2.8744,3.066,5596,0
20090130,3.3726,3.3726,3.363,3.363,4,0
20090202,3.3534,3.3534,3.0181,3.0181,223,0
20090203,2.8648,2.9702,2.8648,2.9414,2163,0
20090204,2.9414,2.9893,2.8744,2.8744,968,0
20090205,2.9702,3.0564,2.8744,3.0564,7482,0
20090206,3.0564,3.3055,3.0564,3.3055,2733,0
20090209,3.1043,3.1043,2.8744,2.884,5428,0
20090210,2.9223,3.1618,2.8744,3.1618,15783,0
20090211,3.066,3.1139,2.8744,3.1139,5769,0
20090212,3.0468,3.0468,2.8744,3.0277,5999,0
20090213,2.8744,3.0181,2.8744,3.0181,413,0
20090216,3.1043,3.1043,2.7307,3.0181,347,0
20090217,3.1043,3.1043,3.1043,3.1043,2,0
20090218,3.1043,3.1043,2.7977,2.9702,120,0
20090219,3.1043,3.1043,3.0564,3.0564,3250,0
20090220,3.066,3.066,3.066,3.066,2,0
20090223,3.1043,3.1043,2.6827,2.7881,8119,0
20090224,3.0085,3.0181,2.7881,2.9223,14372,0
20090225,3.0564,3.0564,2.7786,3.0564,2193,0
20090226,2.9702,2.9702,2.7881,2.9414,627,0
20090227,2.9702,3.0947,2.8744,2.8744,15855,0
20090302,3.1043,3.1043,2.9606,2.9606,2,0
20090303,3.0852,3.0852,2.7786,2.9989,3464,0
20090304,3.0181,3.0181,2.8744,2.9893,1393,0
20090305,2.9989,2.9989,2.8265,2.9223,630,0
20090306,3.1043,3.1043,2.8744,2.951,3233,0
20090309,3.066,3.066,3.0564,3.0564,2,0
20090310,3.0564,3.0564,2.8265,3.0564,420,0
20090311,3.066,3.181,3.0373,3.181,3332,0
20090312,3.2001,3.2001,3.066,3.066,17772,0
20090313,3.2001,3.2001,2.8744,3.2001,189,0
20090316,3.2001,3.2001,2.9031,3.1618,211,0
20090317,3.1906,3.3055,2.9798,3.2959,1098,0
20090318,3.3343,3.3343,3.066,3.3247,2749,0
20090319,3.3439,3.3439,3.2576,3.3343,246,0
20090320,3.3439,3.593,3.2576,3.593,18643,0
20090323,3.7367,4.302,3.7367,3.9858,4293,0
20090324,3.9954,4.005,3.3726,3.4684,414,0
20090325,3.593,3.8229,3.4876,3.7846,1547,0
20090326,3.8229,3.8325,3.7367,3.7846,4472,0
20090327,3.8325,3.8325,3.6888,3.8038,2000,0
20090330,3.9666,4.0241,3.6888,4.0241,8118,0
20090331,4.0241,4.1678,4.0241,4.0241,547,0
20090401,4.1678,4.1678,4.1199,4.1199,2,0
20090402,4.1678,4.1678,4.1104,4.1104,615,0
20090403,4.1199,4.1199,4.0241,4.1199,1503,0
20090406,4.0241,4.0241,3.8325,3.9283,3638,0
20090407,3.8325,3.8325,3.7079,3.7079,2533,0
20090408,3.6409,3.7367,3.4972,3.7079,5932,0
20090409,3.9283,4.0241,3.4492,3.593,8915,0
20090414,3.593,4.0241,3.593,3.593,9893,0
20090415,3.6984,4.005,3.6313,3.9475,3906,0
20090416,3.9283,4.0241,3.8133,3.9475,11826,0
20090417,3.9475,4.1199,3.9475,4.1008,6026,0
20090420,4.072,4.072,3.9858,4.0241,1791,0
20090421,4.2732,4.7427,4.1774,4.7427,10623,0
20090422,4.5511,4.7427,4.5128,4.7331,3708,0
20090423,4.7331,4.7331,4.2828,4.714,9081,0
20090424,4.6948,4.7427,4.5511,4.6948,616,0
20090427,4.7427,4.7906,4.6948,4.7619,4844,0
20090428,4.7427,4.781,4.484,4.781,12880,0
20090429,4.7906,5.0014,4.7427,4.9631,7150,0
20090430,5.0206,5.0206,4.6182,4.9822,1209,0
20090504,4.9822,5.2218,4.9822,5.2122,4052,0
20090505,5.2218,5.2218,5.0781,5.1547,6420,0
20090506,5.1547,5.1547,5.126,5.126,460,0
20090507,5.2505,5.2505,4.7906,5.2409,627,0
20090508,5.0781,5.0781,4.7906,5.0302,2828,0
20090511,5.0781,5.0781,4.7906,5.0206,1930,0
20090512,4.9822,5.0781,4.9822,5.0685,319,0
20090513,5.0685,5.0685,4.5703,5.011,1611,0
20090514,4.7906,4.7906,4.4553,4.4744,9074,0
20090515,4.7906,4.7906,3.8804,4.1678,7559,0
20090518,4.1966,4.5703,4.1966,4.3595,6417,0
20090519,4.5894,4.5894,4.1199,4.4744,2317,0
20090520,4.4265,4.4744,4.3595,4.4649,1363,0
20090521,4.4649,4.4649,4.187,4.4074,1323,0
20090522,4.3116,4.5894,4.2157,4.4074,1035,0
20090525,4.5798,4.5798,4.187,4.5032,76,0
20090526,4.5032,4.5032,4.5032,4.5032,2,0
20090527,4.5032,4.5032,4.5032,4.5032,2,0
20090528,4.5032,4.5032,4.5032,4.5032,2,0
20090529,4.5032,4.5032,4.4553,4.5032,1255,0
20090601,4.5032,4.5032,4.3595,4.3595,127,0
20090602,4.3595,4.3595,4.2157,4.3595,1374,0
20090603,4.4074,4.4074,4.4074,4.4074,2,0
20090604,4.3595,4.3595,4.0816,4.3595,1414,0
20090605,4.4074,4.4074,4.4074,4.4074,44,0
20090608,4.4074,4.4074,4.0816,4.3116,248,0
20090609,4.0912,4.3116,3.8804,4.2349,892,0
20090610,4.2541,4.2541,4.0912,4.2062,984,0
20090612,4.1678,4.2349,4.1199,4.2349,2582,0
20090615,4.2157,4.2349,4.1008,4.1966,3811,0
20090616,4.1199,4.2253,3.8996,4.2157,5545,0
20090617,4.2157,4.2157,4.2157,4.2157,2,0
20090618,4.2157,4.2157,4.1199,4.1199,4567,0
20090619,4.2157,4.2157,4.1295,4.1583,381,0
20090622,4.1199,4.1199,3.9571,4.1104,2620,0
20090623,4.0145,4.0145,3.6984,4.005,5325,0
20090624,4.072,4.072,3.8421,3.8421,525,0
20090625,4.0624,4.0624,3.7367,3.8229,3227,0
20090626,3.89,3.89,3.8133,3.8133,576,0
20090629,4.0624,4.599,3.9283,4.5894,13163,0
20090630,4.6469,4.9248,4.6469,4.6661,29866,0
20090701,4.7906,4.7906,4.6469,4.7906,17100,0
20090702,4.7906,4.7906,4.7715,4.7906,12631,0
20090703,4.7906,4.7906,4.7523,4.7523,110,0
20090706,4.7523,4.7523,4.4553,4.7523,2362,0
20090707,4.7715,4.781,4.7715,4.781,2,0
20090708,4.781,4.781,4.781,4.781,2,0
20090709,4.7427,4.7427,4.417,4.6469,11378,0
20090710,4.7619,4.7715,4.3978,4.599,8290,0
20090713,4.6469,4.6469,4.5511,4.5511,202,0
20090714,4.7715,4.7715,4.5511,4.6948,2103,0
20090715,4.7715,4.7715,4.6948,4.6948,2321,0
20090716,4.6948,4.7715,4.599,4.7619,2668,0
20090717,4.7619,4.7619,4.7619,4.7619,2506,0
20090720,4.714,4.714,4.6852,4.6852,315,0
20090721,4.714,4.714,4.6373,4.7044,712,0
20090722,4.714,4.714,4.714,4.714,39,0
20090723,4.714,4.714,4.369,4.3978,1273,0
20090724,4.3978,4.7523,4.3978,4.6661,2527,0
20090727,4.6373,4.6469,4.5319,4.6373,679,0
20090728,4.599,4.6373,4.599,4.6373,136,0
20090729,4.7523,4.7523,4.6373,4.7331,327,0
20090730,4.7523,4.7523,4.7236,4.7236,1937,0
20090731,4.6086,4.7619,4.599,4.7619,11326,0
20090803,4.9822,4.9822,4.7427,4.7906,4411,0
20090804,4.7906,4.7906,4.599,4.599,966,0
20090805,4.9631,4.9727,4.4649,4.4649,8411,0
20090806,4.599,4.6756,4.4649,4.6565,13774,0
20090807,4.6565,4.6565,4.3307,4.599,20066,0
20090810,4.6756,4.6756,4.6661,4.6756,4802,0
20090811,4.6756,4.6852,4.6469,4.6469,5968,0
20090812,4.6852,4.6852,4.484,4.5703,5214,0
20090813,4.5703,4.5703,4.4553,4.5703,8975,0
20090814,4.5703,4.6469,4.5703,4.6469,6109,0
20090817,4.6182,4.6182,4.6182,4.6182,17,0
20090818,4.599,4.599,4.5319,4.599,3062,0
20090819,4.599,4.599,4.4649,4.5032,2383,0
20090820,4.5032,4.5032,4.417,4.4936,1819,0
20090821,4.5032,4.5032,4.2637,4.4265,7442,0
20090824,4.4074,4.5032,4.4074,4.5032,1376,0
20090825,4.4649,4.5511,4.4361,4.5415,73572,0
20090826,4.5032,4.5032,4.4265,4.5032,8778,0
20090827,4.3211,4.4074,4.3116,4.3116,1376,0
20090828,4.3978,4.4744,4.3307,4.4744,584,0
20090831,4.4744,4.4744,4.3116,4.3786,956,0
20090901,4.369,4.3786,4.187,4.3116,6718,0
20090902,4.3499,4.3499,3.9858,3.9858,1698,0
20090903,3.9762,4.2541,3.9762,4.2541,2208,0
20090904,4.3307,4.3307,4.0241,4.3116,181,0
20090907,4.2253,4.3786,4.2253,4.3786,3607,0
20090908,4.3595,4.3595,4.1199,4.3595,3721,0
20090909,4.3307,4.3307,4.3211,4.3307,4457,0
20090910,4.3307,4.5032,4.3307,4.4553,31691,0
20090911,4.3116,4.5511,4.3116,4.5032,3930,0
20090914,4.5032,4.5032,4.2637,4.4553,11451,0
20090915,4.4074,4.7715,4.4074,4.5415,11408,0
20090916,4.4936,4.6852,4.484,4.5032,35257,0
20090917,4.4936,4.6948,4.3595,4.6948,15195,0
20090918,4.6948,4.6948,4.3499,4.5032,46032,0
20090921,4.5798,4.5798,4.5032,4.5319,6410,0
20090922,4.4553,4.7906,4.4553,4.7715,22919,0
20090923,4.781,4.781,4.4553,4.7715,1950,0
20090924,4.7427,4.7427,4.6948,4.6948,2,0
20090925,4.7619,4.7619,4.5032,4.6948,2089,0
20090928,4.599,4.6948,4.599,4.6948,9864,0
20090929,4.6756,4.6756,4.5032,4.5032,5411,0
20090930,4.7427,4.7427,4.5032,4.6565,2167,0
20091001,4.5032,4.5032,4.5032,4.5032,3749,0
20091002,4.5032,4.5032,4.417,4.417,5728,0
20091005,4.5894,4.5894,4.5032,4.5415,6630,0
20091006,4.6948,4.6948,4.3116,4.6948,5677,0
20091007,4.6948,4.7236,4.599,4.599,10315,0
20091008,4.7331,4.7331,4.5032,4.5032,4023,0
20091009,4.6948,4.7715,4.5511,4.7715,11175,0
20091012,4.8194,5.2409,4.8098,5.2122,41558,0
20091013,5.193,5.2026,4.9343,5.1739,11669,0
20091014,5.1643,5.1643,4.8098,5.1068,27150,0
20091015,5.1068,5.1451,4.8194,4.8194,14051,0
20091016,4.8194,4.8673,4.8002,4.8673,7306,0
20091019,4.8864,4.896,4.599,4.7906,13083,0
20091020,4.8289,4.9248,4.7619,4.8864,11429,0
20091021,4.7906,4.9248,4.6469,4.6469,2672,0
20091022,4.6756,4.8385,4.6756,4.8385,1658,0
20091023,4.8864,4.9631,4.7906,4.7906,23100,0
20091026,4.9343,4.9439,4.7906,4.9248,19270,0
20091027,4.9248,4.9248,4.8385,4.8385,344,0
20091028,4.8194,4.8864,4.6948,4.8864,6217,0
20091029,4.8098,4.8098,4.6469,4.6469,1460,0
20091030,4.7906,4.8481,4.7236,4.8289,5158,0
20091102,4.8098,4.8098,4.7906,4.8098,6138,0
20091103,4.8002,4.8002,4.7906,4.8002,5543,0
20091104,4.7906,4.8098,4.7906,4.8098,7466,0
20091105,4.8098,5.0206,4.8098,5.0206,5267,0
20091106,5.0206,5.0397,4.8864,5.0302,9390,0
20091109,4.8289,5.0302,4.8289,5.0302,6019,0
20091110,5.0014,5.126,4.9822,5.126,3182,0
20091112,5.1739,5.308,5.1739,5.2697,2180,0
20091113,5.308,5.308,5.0781,5.2697,1378,0
20091116,5.308,5.4996,5.1739,5.2888,2559,0
20091117,5.2697,5.2888,5.2601,5.2888,18588,0
20091118,5.2888,5.2888,5.0781,5.2122,11529,0
20091119,5.2122,5.2697,5.2122,5.2697,1714,0
20091120,5.2697,5.2697,5.2697,5.2697,1046,0
20091123,5.2697,5.2697,5.0589,5.2122,5498,0
20091124,5.2697,5.3655,5.2122,5.3559,20875,0
20091125,5.4805,5.4805,5.3176,5.4805,3008,0
20091126,5.4805,5.4805,5.3272,5.4517,11409,0
20091127,5.4901,5.5859,5.3751,5.3751,4056,0
20091130,5.3942,5.5859,5.3942,5.4038,574,0
20091201,5.4038,5.5859,5.4038,5.4613,560,0
20091202,5.6529,5.6913,5.5859,5.5859,2182,0
20091203,5.605,5.7008,5.4038,5.605,9114,0
20091204,5.7008,6.0841,5.7008,5.7104,8173,0
20091207,6.0362,6.0362,5.5188,5.5763,1201,0
20091208,6.0745,6.0745,5.5954,5.5954,1546,0
20091209,5.9404,5.9404,5.5954,5.902,627,0
20091210,5.7487,6.0841,5.7487,6.0841,2310,0
20091211,6.1224,6.1224,5.8925,5.8925,733,0
20091214,5.7487,5.8829,5.6529,5.6529,3439,0
20091215,5.7008,5.835,5.5954,5.835,530,0
20091216,5.835,6.2853,5.7392,6.2853,8689,0
20091217,6.2757,6.2757,5.7487,6.1991,7508,0
20091218,6.1991,6.1991,6.1799,6.1799,53,0
20091221,6.1799,6.1799,5.6434,5.6434,6035,0
20091222,5.6529,5.9499,5.5571,5.6434,595,0
20091223,5.9116,5.9116,5.835,5.835,105,0
20091228,5.8062,5.8158,5.7487,5.8158,2558,0
20091229,5.7487,5.8158,5.5571,5.5667,1570,0
20091230,5.4421,5.7104,5.4421,5.4517,4512,0
20091231,5.423,5.4613,5.423,5.4326,814,0
20100104,5.4326,5.6529,5.4326,5.6529,4001,0
20100105,5.6529,5.7487,5.4421,5.4709,2383,0
20100106,5.7008,5.7104,5.7008,5.7008,117,0
20100107,5.7008,5.7008,5.4613,5.6817,1890,0
20100108,5.6529,5.7104,5.4613,5.6338,3654,0
20100111,5.605,5.605,5.4613,5.5954,3632,0
20100112,5.5954,5.605,5.4613,5.605,2314,0
20100113,5.5954,5.5954,5.4613,5.5954,3477,0
20100114,5.5571,5.5571,5.2314,5.4996,6910,0
20100115,5.4613,5.5859,5.2888,5.4996,3820,0
20100118,5.4805,5.4805,5.4613,5.4613,764,0
20100119,5.4421,5.4421,5.3176,5.3655,5763,0
20100120,5.3655,5.3655,5.2314,5.2697,1306,0
20100121,5.1835,5.3559,5.1739,5.3559,5821,0
20100122,5.1739,5.3559,5.1739,5.3559,2194,0
20100125,5.3559,5.3559,5.1739,5.3559,3551,0
20100126,5.3559,5.3559,5.1739,5.1739,2415,0
20100127,5.2218,5.2697,5.2218,5.2697,450,0
20100128,5.3559,5.5763,5.3559,5.5763,3135,0
20100129,5.5763,5.5763,5.4709,5.5667,6029,0
20100201,5.5667,5.5667,5.5571,5.5667,2578,0
20100202,5.4517,5.5571,5.3655,5.5571,13364,0
20100203,5.5475,5.5475,5.5475,5.5475,526,0
20100204,5.5475,5.5667,5.5475,5.5667,4179,0
20100205,5.5667,5.5667,5.2697,5.3655,4080,0
20100208,5.5092,5.5092,5.0685,5.2218,1518,0
20100209,5.5092,5.5092,5.1739,5.5092,749,0
20100210,5.5092,5.5092,5.1739,5.5092,2008,0
20100211,5.5092,5.5092,5.5092,5.5092,2,0
20100212,5.5092,5.5092,5.0589,5.5092,12911,0
20100215,5.3655,5.5667,5.1451,5.5571,4911,0
20100216,5.5667,5.6434,5.5092,5.6434,1391,0
20100217,5.6434,6.7069,5.6434,6.4194,21172,0
20100218,6.1512,6.6111,6.1512,6.314,7090,0
20100219,6.2949,6.2949,5.8446,6.2278,8453,0
20100222,6.3236,6.6494,6.3236,6.6111,7855,0
20100223,6.7069,6.8697,6.6877,6.7739,33703,0
20100224,6.7739,6.7739,6.132,6.7069,554,0
20100225,6.7069,6.7069,6.2757,6.6015,2297,0
20100226,6.6015,6.7548,6.6015,6.7452,3670,0
20100301,6.7931,6.7931,6.3236,6.7452,2510,0
20100302,6.7452,6.7452,6.2374,6.5152,4226,0
20100303,6.5152,6.7356,6.1512,6.4194,81903,0
20100304,6.9464,6.9464,6.7644,6.8985,20489,0
20100305,6.8985,6.9751,6.5152,6.8985,6414,0
20100308,6.8985,6.8985,6.8027,6.8793,2203,0
20100309,6.8793,6.8793,6.7548,6.8027,4074,0
20100310,6.7644,6.8985,6.7644,6.8697,3913,0
20100311,6.7835,6.7835,6.7739,6.7739,1148,0
20100312,6.7069,6.841,6.7069,6.841,345,0
20100315,6.8793,6.8889,6.8027,6.8889,437,0
20100316,6.8889,6.8889,6.726,6.8889,1910,0
20100317,6.8793,6.8985,6.7644,6.8985,2610,0
20100318,6.8985,6.9943,6.8506,6.9464,2474,0
20100319,6.9943,7.023,6.7069,6.9081,39762,0
20100322,6.8123,6.9177,6.7069,6.8314,17894,0
20100323,6.841,6.9464,6.8027,6.9464,4512,0
20100324,6.9464,6.9751,6.841,6.9368,10516,0
20100325,6.9368,6.9751,6.8027,6.9656,14824,0
20100326,6.9464,6.9464,6.9464,6.9464,14,0
20100329,6.9464,6.9464,6.9464,6.9464,2,0
20100330,6.7548,6.8506,6.7452,6.8506,2741,0
20100331,6.841,6.841,6.7548,6.841,455,0
20100401,6.9272,6.9272,6.8027,6.9272,79,0
20100406,6.7548,6.8027,6.7548,6.8027,1181,0
20100407,6.8985,6.8985,6.7548,6.8985,391,0
20100408,6.8889,6.8889,6.8793,6.8793,2,0
20100409,6.8889,6.8889,6.7548,6.7931,1212,0
20100412,6.7931,6.841,6.7931,6.841,1191,0
20100413,6.841,6.841,6.7644,6.8218,117,0
20100414,6.7739,6.8218,6.7164,6.7164,4895,0
20100415,6.7356,6.7356,6.726,6.726,1950,0
20100416,6.7356,6.8027,6.726,6.8027,13603,0
20100419,6.8027,6.8985,6.7069,6.8985,4811,0
20100420,6.8889,6.8985,6.8889,6.8985,3133,0
20100421,6.8985,6.8985,6.7452,6.7548,2213,0
20100422,6.841,6.8793,6.7548,6.8793,184,0
20100423,6.841,6.841,6.841,6.841,2,0
20100426,6.7548,6.8697,6.7548,6.8697,2835,0
20100427,6.8697,6.8697,6.8697,6.8697,2,0
20100428,6.8889,6.8889,6.7835,6.8793,2953,0
20100429,6.8793,6.8793,6.8027,6.8793,1116,0
20100430,6.8793,6.8793,6.8027,6.8793,357,0
20100504,6.8793,6.8793,6.8027,6.8793,3747,0
20100505,6.7931,6.8793,6.7548,6.8793,3369,0
20100506,6.8793,6.8793,6.7164,6.8793,733,0
20100507,6.726,6.8602,6.6111,6.8602,4033,0
20100510,6.8602,7.0039,6.7164,7.0039,7543,0
20100511,6.9847,6.9847,6.8506,6.9847,207,0
20100512,6.9943,6.9943,6.9177,6.9847,26,0
20100513,6.9272,6.9272,6.9177,6.9272,3334,0
20100514,6.7644,6.8218,6.7644,6.8218,4,0
20100517,6.8027,6.8889,6.7644,6.8889,830,0
20100518,6.8889,6.8889,6.7644,6.7644,659,0
20100519,6.7548,6.8889,6.7548,6.8889,1416,0
20100520,6.8889,6.8889,6.6781,6.8697,4033,0
20100521,6.8506,6.8506,6.8506,6.8506,1,0
20100524,6.8027,6.8027,6.6206,6.7931,1962,0
20100525,6.5919,6.7069,6.5919,6.7069,244,0
20100526,6.7069,6.7069,6.3524,6.6973,2151,0
20100527,6.659,6.659,6.6111,6.6111,210,0
20100528,6.4194,6.5152,6.3236,6.5152,625,0
20100531,6.5631,6.5631,6.0553,6.0553,159,0
20100601,6.0745,6.544,6.0745,6.544,2959,0
20100602,6.544,6.8889,6.3236,6.8889,5220,0
20100604,6.726,6.8506,6.726,6.726,931,0
20100607,6.7069,6.8027,6.7069,6.8027,523,0
20100608,6.8027,6.8027,6.6398,6.8027,333,0
20100609,6.6398,6.7069,6.6398,6.7069,1443,0
20100610,6.8027,6.8027,6.7069,6.7069,2,0
20100611,6.5823,6.8027,6.5823,6.8027,1597,0
20100614,6.8027,6.8027,6.7164,6.8027,3184,0
20100615,6.7548,6.8027,6.5152,6.8027,231,0
20100616,6.8027,6.8027,6.8027,6.8027,6,0
20100617,6.7069,6.7069,6.7069,6.7069,2,0
20100618,6.7069,6.7069,6.5631,6.7069,3,0
20100621,6.7069,6.8027,6.5344,6.8027,4195,0
20100622,6.7069,6.7931,6.7069,6.7931,3692,0
20100623,6.7548,6.7548,6.7548,6.7548,2,0
20100624,6.8027,6.8027,6.7931,6.8027,524,0
20100628,6.7835,6.7835,6.7835,6.7835,2,0
20100629,6.7835,6.8027,6.7835,6.8027,302,0
20100630,6.8506,6.9464,6.8027,6.9464,4914,0
20100701,6.9464,6.9464,6.8027,6.8985,148,0
20100702,6.8985,6.8985,6.8985,6.8985,1,0
20100705,6.7548,6.7548,6.7548,6.7548,836,0
20100706,6.7548,6.7548,6.7548,6.7548,2,0
20100707,6.7548,6.7548,6.7548,6.7548,6,0
20100708,6.7069,6.7069,6.544,6.6685,1115,0
20100709,6.6111,6.8985,6.6111,6.8985,2,0
20100712,6.7548,6.7548,6.0841,6.2757,11590,0
20100713,6.3236,6.4578,6.2853,6.3236,2124,0
20100714,6.4003,6.4003,6.3045,6.3236,1390,0
20100715,6.1607,6.2086,6.1607,6.2086,733,0
20100716,6.1895,6.4003,6.1416,6.4003,1971,0
20100719,6.3619,6.3715,6.3619,6.3619,715,0
20100720,6.2278,6.3715,6.2278,6.3715,295,0
20100721,6.3715,6.3715,6.3619,6.3619,524,0
20100722,6.314,6.3236,6.314,6.3236,420,0
20100723,6.3236,6.3236,6.1799,6.1799,690,0
20100726,6.1799,6.3236,6.1799,6.3236,550,0
20100727,6.132,6.3236,6.132,6.3236,1501,0
20100728,6.1607,6.2757,6.1607,6.2757,1045,0
20100729,6.314,6.314,6.132,6.2086,2120,0
20100730,6.1799,6.1799,5.9404,6.017,2454,0
20100802,5.8541,5.9499,5.8446,5.9499,956,0
20100803,5.9883,5.9883,5.9883,5.9883,2,0
20100804,6.0362,6.2661,5.9979,6.2661,2272,0
20100805,6.2661,6.2661,6.1991,6.1991,178,0
20100806,6.1991,6.1991,6.1895,6.1895,2,0
20100809,6.0458,6.132,6.0362,6.132,1894,0
20100810,6.132,6.132,6.132,6.132,164,0
20100811,5.9595,5.9595,5.7296,5.7966,6080,0
20100812,5.6529,6.0649,5.6529,6.0649,1097,0
20100813,5.7679,6.0074,5.7583,6.0074,314,0
20100816,6.0266,6.0266,6.017,6.017,343,0
20100817,6.0266,6.0266,5.8254,6.0266,265,0
20100818,5.8446,5.9883,5.8446,5.9883,2,0
20100819,5.9595,5.9595,5.9595,5.9595,2,0
20100820,5.8541,5.9212,5.8541,5.9212,2,0
20100823,5.8829,5.9116,5.8829,5.9116,387,0
20100824,5.8541,5.9116,5.8446,5.9116,1212,0
20100825,5.9116,5.9595,5.9116,5.9404,344,0
20100826,5.9595,5.9595,5.8541,5.9499,23,0
20100827,5.7966,5.7966,5.7392,5.7487,13930,0
20100830,5.7487,5.9116,5.7487,5.902,4164,0
20100831,5.9308,5.9308,5.7966,5.902,349,0
20100901,5.902,5.902,5.8062,5.902,349,0
20100902,5.902,5.9116,5.8446,5.902,2075,0
20100903,5.9308,5.9404,5.8254,5.9404,2089,0
20100906,5.9499,5.9499,5.9499,5.9499,382,0
20100907,5.8062,5.9499,5.8062,5.9499,253,0
20100908,5.9499,6.0362,5.9499,6.0362,2456,0
20100909,6.132,6.132,5.9404,5.9404,4170,0
20100910,6.0362,6.0362,6.0362,6.0362,2,0
20100913,6.0553,6.0553,6.0362,6.0553,2346,0
20100914,6.0553,6.0553,6.0362,6.0362,2,0
20100915,5.9116,6.0553,5.9116,6.0553,531,0
20100916,6.0362,6.0362,6.0362,6.0362,2,0
20100917,5.7966,6.0553,5.7966,6.0553,13,0
20100920,5.9116,6.0841,5.9116,6.0841,746,0
20100921,6.0745,6.0745,6.0362,6.0362,188,0
20100922,6.0841,6.0841,6.0362,6.0362,2,0
20100923,5.835,5.9883,5.835,5.9883,7098,0
20100924,5.8541,6.017,5.8541,6.017,754,0
20100927,6.0362,6.0362,5.8829,6.0362,320,0
20100928,6.0362,6.0362,6.0362,6.0362,2,0
20100929,6.0362,6.0362,5.8446,6.0362,2444,0
20100930,6.0362,6.0362,5.7679,5.7966,1638,0
20101001,5.7679,6.0362,5.7679,6.0362,2,0
20101004,5.8446,5.9404,5.8446,5.9404,46,0
20101005,6.0362,6.0362,5.7487,5.8925,3655,0
20101006,5.8925,5.9212,5.8925,5.9212,2,0
20101007,5.8925,5.8925,5.8925,5.8925,2,0
20101008,5.8925,5.8925,5.6721,5.7487,3655,0
20101011,5.9404,5.9404,5.7487,5.7487,2,0
20101012,5.8446,5.8446,5.6625,5.8446,211,0
20101013,5.8446,5.8446,5.6529,5.8446,672,0
20101014,5.8446,5.8446,5.5667,5.5763,2432,0
20101015,5.8446,5.8446,5.5763,5.7296,994,0
20101018,5.7296,5.7296,5.7104,5.7104,2,0
20101019,5.8446,5.8446,5.4613,5.72,14,0
20101020,5.72,5.72,5.605,5.605,627,0
20101021,5.5571,5.6913,5.4613,5.6913,2399,0
20101022,5.6913,5.6913,5.4805,5.6529,941,0
20101025,5.6721,5.6913,5.4613,5.6913,1391,0
20101026,5.7487,5.7487,5.7487,5.7487,2,0
20101027,5.7487,5.7487,5.605,5.7487,3445,0
20101028,5.7487,5.7487,5.7392,5.7392,2,0
20101029,5.7487,5.7487,5.7487,5.7487,2,0
20101102,5.7487,6.3236,5.7487,6.0362,21833,0
20101103,6.2182,6.2182,5.7104,5.9691,10786,0
20101104,5.9787,5.9787,5.7487,5.8925,3597,0
20101105,5.7487,5.7775,5.5859,5.7775,837,0
20101108,5.7487,5.7487,5.2888,5.5571,12815,0
20101109,5.5571,5.5571,5.4613,5.5571,1476,0
20101110,5.5571,5.5571,5.5571,5.5571,211,0
20101112,5.4709,5.7296,5.4709,5.7008,3434,0
20101115,5.7008,5.7008,5.7008,5.7008,351,0
20101116,5.7296,5.7296,5.5859,5.6529,1046,0
20101117,5.4613,5.7008,5.4613,5.7008,351,0
20101118,5.4613,5.5475,5.4613,5.5475,161,0
20101119,5.4613,5.5475,5.4613,5.5475,159,0
20101122,5.5475,5.5475,5.4134,5.5475,83,0
20101123,5.5475,5.5475,5.5475,5.5475,1,0
20101124,5.5475,5.5475,5.5475,5.5475,1,0
20101125,5.5475,5.5475,5.423,5.5188,440,0
20101126,5.5188,5.5188,5.5188,5.5188,2,0
20101129,5.5188,5.5188,5.0302,5.2697,9271,0
20101130,5.2601,5.2601,4.9535,5.2218,1417,0
20101201,5.0781,5.0781,5.0781,5.0781,1461,0
20101202,5.0589,5.1451,5.0589,5.1355,1761,0
20101203,5.5475,5.5475,5.3942,5.4038,2988,0
20101206,5.5475,5.5475,5.4517,5.4517,539,0
20101207,5.3272,5.3272,5.2697,5.2697,314,0
20101208,5.3942,5.3942,4.9727,5.2218,8684,0
20101209,5.2697,5.2697,5.1643,5.2409,2507,0
20101210,5.2409,5.2888,5.2409,5.2888,2,0
20101213,5.2505,5.2505,5.1739,5.1739,1161,0
20101214,5.2026,5.2026,4.9822,5.193,26840,0
20101215,5.1835,5.1835,5.1835,5.1835,2,0
20101216,5.193,5.2697,5.1739,5.2697,688,0
20101217,5.3463,5.4326,5.3463,5.4326,2,0
20101220,5.1451,5.538,5.1164,5.538,1798,0
20101221,5.5475,5.5475,5.2122,5.3559,2186,0
20101222,5.2218,5.2314,5.0972,5.2314,351,0
20101223,5.1164,5.2314,5.0589,5.2314,668,0
20101227,5.2218,5.4326,5.2218,5.4326,836,0
20101228,5.423,5.423,5.3655,5.3655,18,0
20101229,5.3655,5.8446,5.3655,5.7775,14614,0
20101230,5.7487,5.8158,5.6529,5.6529,10693,0
20101231,5.72,5.72,5.72,5.72,1,0
20110103,5.7966,5.8446,5.4326,5.6434,2259,0
20110104,5.605,5.8254,5.605,5.8062,6334,0
20110105,5.6529,5.7008,5.5667,5.7008,2129,0
20110107,5.8062,5.8062,5.7008,5.8062,317,0
20110110,5.8062,5.8158,5.8062,5.8062,4333,0
20110111,5.8254,5.8254,5.8158,5.8158,2,0
20110112,5.8254,5.8254,5.8254,5.8254,1214,0
20110113,5.8254,5.8254,5.7966,5.7966,2,0
20110114,5.7966,5.7966,5.6625,5.7966,1568,0
20110117,5.7966,5.7966,5.6529,5.7583,120,0
20110118,5.7583,5.7583,5.4326,5.5763,3911,0
20110119,5.7392,5.7392,5.7392,5.7392,1,0
20110120,5.7392,5.7392,5.6146,5.7392,154,0
20110121,5.7392,5.7392,5.1739,5.4134,5924,0
20110124,5.3751,5.5571,5.2984,5.5188,6552,0
20110125,5.5188,5.7104,5.3942,5.3942,4639,0
20110126,5.3655,5.7871,5.3655,5.7487,7642,0
20110127,5.7487,5.7487,5.5763,5.605,2419,0
20110128,5.605,5.6529,5.4709,5.6434,2924,0
20110131,5.6434,5.6434,5.6434,5.6434,2,0
20110201,5.6338,5.8446,5.3463,5.835,33438,0
20110202,5.835,5.835,5.7296,5.7392,6580,0
20110203,5.7487,5.8254,5.7487,5.7871,5625,0
20110204,5.7871,5.7871,5.7008,5.7775,5180,0
20110207,5.7775,5.7775,5.4709,5.4709,6524,0
20110208,5.4421,5.4709,5.4326,5.4709,3977,0
20110209,5.5571,5.5571,5.4613,5.4709,1067,0
20110210,5.4709,5.605,5.4709,5.605,732,0
20110211,5.6242,5.6242,5.4134,5.5571,5590,0
20110214,5.5571,5.5571,5.5475,5.5571,1071,0
20110215,5.5188,5.6242,5.5188,5.6242,522,0
20110216,5.5571,5.5954,5.5284,5.5954,973,0
20110217,5.605,5.6338,5.605,5.605,1202,0
20110218,5.7008,5.7008,5.5571,5.6721,2193,0
20110221,5.5954,5.5954,5.5667,5.5667,795,0
20110222,5.7487,5.7487,5.6146,5.7296,6070,0
20110223,5.7296,5.7296,5.6338,5.6625,1466,0
20110224,5.605,5.7487,5.605,5.605,2520,0
20110225,5.5667,5.9404,5.5667,5.7487,33040,0
20110228,5.9979,5.9979,5.6625,5.9308,14753,0
20110301,5.9308,5.9308,5.7487,5.8925,21927,0
20110302,5.7392,5.9212,5.7392,5.9212,39950,0
20110303,5.9116,6.2278,5.9116,6.1416,26615,0
20110304,6.2278,6.2278,6.132,6.2086,11905,0
20110307,6.2086,6.2278,6.1799,6.2278,10487,0
20110308,6.2086,6.2278,6.0362,6.2182,9363,0
20110309,5.9787,6.1799,5.9787,6.1799,163,0
20110310,6.1799,6.1799,5.9404,6.0937,851,0
20110311,6.1224,6.1224,6.1128,6.1128,2,0
20110314,6.1128,6.1224,6.1128,6.1224,376,0
20110315,6.1128,6.1128,5.8829,6.0841,606,0
20110316,6.0841,6.0841,5.8446,6.0841,94,0
20110317,6.1128,6.1128,5.8446,6.0841,217,0
20110318,6.1128,6.1128,6.0362,6.1128,5126,0
20110321,6.1224,6.1224,6.0362,6.0841,4783,0
20110322,6.0362,6.0362,5.7966,5.9404,578,0
20110323,5.9404,5.9404,5.7487,5.9404,7426,0
20110324,5.9883,6.0266,5.9883,6.0266,105,0
20110325,5.7966,6.017,5.7966,5.8925,817,0
20110328,5.9404,5.9404,5.7966,5.835,6638,0
20110329,5.7966,5.9404,5.7966,5.9404,525,0
20110330,5.9404,5.9404,5.9404,5.9404,3899,0
20110331,5.9404,5.9404,5.7966,5.9404,1580,0
20110401,5.9404,5.9404,5.7966,5.7966,5579,0
20110404,5.7583,5.9883,5.7487,5.9883,12910,0
20110405,5.9883,6.1224,5.9404,6.1224,4823,0
20110406,6.132,7.6362,6.132,7.6362,144399,0
20110407,8.1441,8.1441,7.1189,7.5309,118723,0
20110408,7.3871,7.4734,7.1189,7.3488,16062,0
20110411,7.3392,7.3392,6.7452,7.0614,11950,0
20110412,7.0614,7.0614,6.7356,6.9943,8766,0
20110413,7.2051,7.5309,7.0997,7.3967,11534,0
20110414,7.3967,7.5404,7.1093,7.3296,17609,0
20110415,7.5596,8.3069,7.4734,8.2303,84787,0
20110418,8.1632,8.901,8.077,8.604,73942,0
20110419,8.8052,8.8052,8.3836,8.5752,10214,0
20110420,8.6231,8.6231,8.1441,8.374,14192,0
20110421,8.374,8.374,7.78,8.1536,21964,0
20110426,8.3453,8.604,8.2015,8.489,18338,0
20110427,8.3357,8.3357,8.2399,8.3357,4785,0
20110428,8.3357,8.4315,8.3357,8.3932,1220,0
20110429,8.4219,8.4219,7.9908,8.3357,3063,0
20110502,8.3548,8.374,8.0482,8.3261,4148,0
20110504,8.374,8.374,7.8087,7.9428,12779,0
20110505,8.1057,8.1057,7.5788,7.9428,11487,0
20110506,7.78,7.9333,7.6075,7.8566,4650,0
20110509,7.8566,7.9428,7.665,7.8183,6397,0
20110510,7.8183,8.0387,7.665,8.0387,6145,0
20110511,7.847,8.0291,7.7895,7.8087,1820,0
20110512,7.6458,7.6458,7.0135,7.2051,22499,0
20110513,7.1093,7.4734,6.8602,7.4734,10002,0
20110516,7.4925,7.4925,6.9464,7.1668,6009,0
20110517,7.1476,7.1859,6.6398,6.6398,18998,0
20110518,7.0614,7.1093,6.8985,7.0901,4535,0
20110519,7.2817,7.2817,6.8985,7.0039,13706,0
20110520,7.0039,7.665,7.0039,7.2626,19119,0
20110523,7.435,7.6267,7.4255,7.5213,1485,0
20110524,7.6171,7.7225,7.3201,7.5596,17706,0
20110525,7.6171,7.6171,7.2626,7.6075,11094,0
20110526,7.665,7.665,7.4063,7.6554,14071,0
20110527,7.7225,8.2974,7.7225,8.2303,28022,0
20110530,8.2399,8.5081,8.2399,8.3357,14448,0
20110531,8.3357,8.4698,8.2015,8.4507,16763,0
20110601,8.4698,8.4698,8.2111,8.4123,670,0
20110602,8.4027,8.4027,8.2015,8.3165,3183,0
20110603,8.3165,8.3165,8.2015,8.3069,1943,0
20110606,8.2878,8.2878,8.0674,8.2399,810,0
20110607,8.2399,8.2399,7.9237,8.2015,652,0
20110608,8.1441,8.2399,8.1441,8.2399,927,0
20110609,8.2399,8.2399,8.0291,8.2303,9,0
20110610,8.2303,8.2303,7.9716,8.1441,2677,0
20110613,8.1345,8.3357,8.0482,8.2878,8347,0
20110614,8.3357,8.3357,8.2974,8.3165,2140,0
20110615,8.3261,8.3261,7.8949,8.2399,1796,0
20110616,8.2782,8.2782,7.8375,8.0961,2235,0
20110617,8.0961,8.0961,8.0482,8.0482,106,0
20110620,7.8758,7.9524,7.7321,7.9524,4761,0
20110621,7.9524,7.9524,7.7512,7.9524,1360,0
20110622,7.9524,7.9524,7.7321,7.9045,323,0
20110624,7.9524,7.9524,7.6554,7.9524,526,0
20110627,7.9524,7.9524,7.5692,7.7033,6685,0
20110628,7.7512,7.7512,7.435,7.6842,2332,0
20110629,7.6842,7.6842,7.4446,7.6554,59,0
20110630,7.665,7.665,7.4734,7.665,1742,0
20110701,7.665,7.7512,7.6458,7.7512,1590,0
20110704,7.7512,7.7512,7.6171,7.665,2658,0
20110705,7.665,7.7512,7.4734,7.7512,4345,0
20110706,7.7512,7.8375,7.665,7.7608,7861,0
20110707,7.7608,7.7608,7.2913,7.7608,2091,0
20110708,7.7608,7.7608,7.3776,7.7608,4793,0
20110711,7.7608,7.7608,7.3009,7.665,2253,0
20110712,7.665,7.665,7.1476,7.4734,2619,0
20110713,7.4734,7.4734,7.3105,7.4542,1877,0
20110714,7.4734,7.4734,7.3776,7.4734,372,0
20110715,7.4734,7.4734,7.4542,7.4542,4,0
20110718,7.4734,7.4734,7.1668,7.4734,815,0
20110719,7.4734,7.4734,7.1859,7.4638,534,0
20110720,7.4638,7.4734,7.253,7.4734,594,0
20110721,7.4734,7.4734,7.1955,7.4734,1243,0
20110722,7.4734,7.7512,7.4734,7.7033,6222,0
20110725,7.7512,7.7608,7.5692,7.7416,638,0
20110726,7.7512,7.8183,7.7512,7.8087,1474,0
20110727,7.6362,7.9428,7.6362,7.9045,4853,0
20110728,7.8854,8.0387,7.8758,8.0291,11523,0
20110729,8.0387,8.0387,7.8087,7.8087,2089,0
20110801,8.0482,8.0482,7.8279,7.9524,1056,0
20110802,8.0387,8.0387,7.8087,7.8087,326,0
20110803,7.4829,7.7608,7.1859,7.6554,14306,0
20110804,7.6171,7.7608,6.8506,6.8506,10215,0
20110805,6.5631,7.665,5.8925,7.3488,10293,0
20110808,6.8602,7.5404,6.8602,6.8697,3791,0
20110809,6.5727,7.0901,6.4673,6.7069,7907,0
20110810,6.841,7.0805,6.7164,6.7164,2681,0
20110811,6.544,6.8123,6.4673,6.8123,1049,0
20110812,6.6398,7.4734,6.6398,7.2338,5533,0
20110816,7.3776,7.6458,7.3776,7.5883,8547,0
20110817,7.4734,7.4734,7.1859,7.3296,1066,0
20110818,7.4638,7.4734,6.8985,7.4446,6955,0
20110819,6.9943,7.0901,6.7069,6.9943,905,0
20110822,6.9943,7.3296,6.7069,7.3296,10801,0
20110823,7.2243,7.4638,7.138,7.2817,5513,0
20110824,7.3967,7.3967,7.3967,7.3967,1,0
20110825,7.2722,7.4734,7.138,7.1859,11029,0
20110826,7.1093,7.368,6.9464,7.1859,5024,0
20110829,6.9464,7.1859,6.9464,7.1859,30,0
20110830,6.956,7.3967,6.9464,7.3967,6103,0
20110831,7.3201,7.8087,7.3201,7.7416,9026,0
20110901,7.7416,7.7608,7.1859,7.665,15229,0
20110902,7.7512,7.7512,7.3488,7.6267,3507,0
20110905,7.6267,7.6362,7.3488,7.6362,2441,0
20110906,7.4734,7.7416,7.4734,7.665,3614,0
20110907,7.7129,7.7129,7.7129,7.7129,292,0
20110908,7.7321,7.7321,7.3776,7.3776,1723,0
20110909,7.3776,7.665,7.3776,7.6554,8353,0
20110912,7.3296,7.3776,7.2817,7.3296,2031,0
20110913,7.1859,7.6458,7.1859,7.5883,5468,0
20110914,7.5213,7.5309,7.5213,7.5309,220,0
20110915,7.5596,7.5596,7.2817,7.2817,376,0
20110916,7.5213,7.5213,7.2434,7.5213,258,0
20110919,7.5213,7.5213,7.2434,7.4734,1077,0
20110920,7.5213,7.5213,7.2338,7.5213,538,0
20110921,7.2338,7.4159,7.138,7.4159,1054,0
20110922,6.9943,7.5404,6.9943,7.4734,3219,0
20110923,6.9943,7.4638,6.9943,7.4542,407,0
20110926,7.1859,7.1859,7.1859,7.1859,10,0
20110927,7.2817,7.5596,7.2817,7.5596,3146,0
20110928,7.5596,7.6458,7.5596,7.6458,399,0
20110929,7.6362,7.6362,7.6362,7.6362,3,0
20110930,7.6362,7.6362,7.6362,7.6362,177,0
20111003,7.3296,7.5596,7.2338,7.368,2030,0
20111004,7.1955,7.368,7.0901,7.368,1704,0
20111005,6.9943,7.3392,6.9943,7.3392,44,0
20111006,7.0901,7.368,7.0901,7.368,1109,0
20111007,7.368,7.368,7.0901,7.368,1435,0
20111010,7.0901,7.3584,7.0039,7.2722,1604,0
20111011,6.9943,7.2722,6.8985,7.0805,5209,0
20111012,7.0805,7.0805,6.8123,7.0805,7142,0
20111013,6.8218,6.9943,6.8218,6.9943,913,0
20111014,6.8027,6.9751,6.8027,6.9751,556,0
20111017,6.7069,6.9368,6.7069,6.9368,93,0
20111018,6.9368,6.9751,6.7644,6.9656,606,0
20111019,6.7069,6.9656,6.6398,6.8697,1059,0
20111020,6.7931,6.8697,6.6206,6.8697,175,0
20111021,6.6206,6.8697,6.5631,6.5631,904,0
20111024,6.7739,6.9656,6.6877,6.841,2898,0
20111025,6.9656,7.368,6.7069,6.7069,1986,0
20111026,7.071,7.071,6.8027,6.9272,1406,0
20111027,6.9272,7.6171,6.9272,7.3776,3190,0
20111028,7.368,7.6075,7.1955,7.3296,2569,0
20111031,7.2626,7.5404,7.0422,7.0422,1066,0
20111102,7.0326,7.2817,7.0326,7.1093,866,0
20111103,6.9943,7.5788,6.9943,7.368,8016,0
20111104,7.3584,7.3584,7.0805,7.0805,1097,0
20111107,6.9943,7.1859,6.8985,7.1189,2967,0
20111108,7.1189,8.1632,7.1189,8.1632,20938,0
20111109,8.1632,8.4794,7.4542,7.4542,8607,0
20111110,7.4542,8.1345,7.4542,7.7321,2374,0
20111114,7.7704,8.0482,7.7704,7.9812,701,0
20111115,7.7608,7.78,7.4734,7.4829,4942,0
20111116,7.5404,7.9716,7.5404,7.9333,6426,0
20111117,7.9716,7.9716,7.78,7.78,1951,0
20111118,7.9524,7.9524,7.9428,7.9428,632,0
20111121,7.9524,7.9524,7.5979,7.6171,7135,0
20111122,7.5309,7.7608,7.5213,7.7033,1458,0
20111123,7.7608,7.7608,7.3871,7.3871,4305,0
20111124,7.1955,7.368,6.7069,6.8793,17305,0
20111125,6.8793,7.1763,6.8027,7.1763,2477,0
20111128,7.1763,7.4542,6.9943,7.0422,13582,0
20111129,6.9943,6.9943,6.9464,6.9464,1639,0
20111130,6.8314,7.253,6.8218,7.2243,5754,0
20111201,7.071,7.9428,6.9464,6.9464,14380,0
20111202,7.1763,7.5213,7.0422,7.1955,4640,0
20111205,7.4255,7.4255,7.4255,7.4255,94,0
20111206,7.3776,7.3776,7.0135,7.1668,5439,0
20111207,7.1859,7.1859,7.1859,7.1859,2148,0
20111208,7.1476,7.1476,7.1476,7.1476,835,0
20111209,7.1859,7.1859,7.1859,7.1859,407,0
20111212,7.138,7.138,7.138,7.138,1148,0
20111213,7.2626,7.3488,7.2626,7.3488,522,0
20111214,7.3488,7.3488,7.0901,7.0901,2870,0
20111215,7.0805,7.3488,7.071,7.3488,699,0
20111216,7.2817,7.2817,7.071,7.071,1730,0
20111219,7.071,7.3296,6.9464,6.956,6947,0
20111220,6.9751,7.1476,6.8027,7.0518,3663,0
20111221,7.0518,7.0518,7.0518,7.0518,10,0
20111222,6.8985,6.8985,6.841,6.841,2087,0
20111223,7.0518,7.0518,6.8985,6.9081,2776,0
20111227,7.138,7.1668,6.8985,6.9081,4730,0
20111228,7.1284,7.5309,6.9943,7.2817,36598,0
20111229,7.2817,7.2817,7.2817,7.2817,1,0
20111230,7.09,7.19,7.09,7.19,523,0
20120102,7.1859,7.4159,7.1093,7.2817,2939,0
20120103,7.3776,7.3776,7.3776,7.3776,1,0
20120104,7.368,7.368,7.0326,7.368,139,0
20120105,7.2817,7.2817,6.9464,7.1668,955,0
20120109,7.0326,7.3105,6.9368,7.1189,2067,0
20120110,7.1189,7.1189,7.1189,7.1189,11,0
20120111,7.0135,7.4734,6.9464,7.1763,17631,0
20120112,7.1572,7.4542,7.0614,7.2817,14660,0
20120113,7.2817,7.2817,6.956,7.1572,5593,0
20120116,7.1572,7.4542,7.0518,7.3009,2434,0
20120117,7.3105,7.4063,7.1668,7.1668,8456,0
20120118,7.4255,7.4255,7.2147,7.3488,605,0
20120119,7.3392,7.4638,7.2147,7.4446,6044,0
20120120,7.253,7.4542,7.0422,7.3105,7706,0
20120123,7.1859,7.3105,7.1859,7.1859,3444,0
20120124,7.3105,7.3105,7.0614,7.3009,992,0
20120125,7.3009,7.665,7.3009,7.665,34831,0
20120126,7.665,7.7129,7.665,7.7129,13880,0
20120127,7.7129,7.7129,7.4734,7.665,844,0
20120130,7.4255,7.7033,7.4255,7.6937,647,0
20120131,7.47,7.95,7.47,7.77,24458,0
20120201,7.8854,7.9045,7.6842,7.8854,5819,0
20120202,7.9045,7.9045,7.6842,7.8949,314,0
20120203,7.7225,7.9045,7.2817,7.5692,9628,0
20120206,7.6171,7.9045,7.6171,7.6267,1785,0
20120207,7.7608,7.7608,7.5213,7.5213,2386,0
20120208,7.55,7.5692,7.5213,7.5213,2087,0
20120209,7.8087,7.8949,7.4734,7.6458,6375,0
20120210,7.665,7.8087,7.665,7.7129,1461,0
20120213,7.6554,7.8087,7.6554,7.7129,1305,0
20120214,7.7991,7.7991,7.3776,7.5596,10854,0
20120215,7.6842,7.8949,7.5213,7.665,7756,0
20120216,7.8087,7.8087,7.3296,7.665,6472,0
20120217,7.665,7.7991,7.6171,7.665,8341,0
20120220,7.7895,7.7895,7.5021,7.665,3345,0
20120221,7.6554,7.78,7.5596,7.7608,97379,0
20120222,7.7991,7.9045,7.6267,7.8183,404049,0
20120223,7.8183,7.8183,7.665,7.665,7667,0
20120224,7.5883,7.665,7.5309,7.665,2442,0
20120227,7.7512,7.7512,7.5021,7.7512,766,0
20120228,7.6842,7.7512,7.5788,7.665,1450,0
20120229,7.5117,7.665,7.5021,7.665,445,0
20120301,7.4734,7.665,7.4734,7.5213,2509,0
20120302,7.3296,7.5213,7.2147,7.4255,24876,0
20120305,7.3776,7.6554,7.2051,7.6267,35790,0
20120306,7.6267,7.6267,7.1284,7.3296,2743,0
20120307,7.368,7.6458,7.2817,7.4638,3966,0
20120308,7.4638,7.665,7.3967,7.4542,7918,0
20120309,7.6362,7.665,7.2817,7.5692,6809,0
20120312,7.665,7.665,7.3967,7.5692,7111,0
20120313,7.5692,7.9428,7.3105,7.3776,12587,0
20120314,7.5692,7.7512,7.5596,7.7129,3412,0
20120315,7.7033,7.7225,7.665,7.7033,62756,0
20120316,7.7225,8.1153,7.7225,8.0291,16193,0
20120319,8.0482,8.3069,8.0482,8.2686,9794,0
20120320,7.4829,8.192,7.3776,7.7608,32587,0
20120321,7.8566,7.9428,7.5979,7.8279,6840,0
20120322,7.665,7.7416,7.2338,7.6362,21629,0
20120323,7.5692,7.6554,7.3967,7.6362,17300,0
20120326,7.6458,7.9428,7.6458,7.7416,6742,0
20120327,7.665,7.8375,7.665,7.8183,9267,0
20120328,7.8566,7.8662,7.8375,7.8375,1979,0
20120329,7.8087,7.8087,7.8087,7.8087,1044,0
20120330,7.64,7.8,7.44,7.68,2286,0
20120402,7.78,7.78,7.5883,7.7512,435,0
20120403,7.5692,7.7416,7.55,7.5692,2889,0
20120404,7.3871,7.7512,7.3776,7.6554,8696,0
20120405,7.4734,7.5692,7.4734,7.5692,109,0
20120410,7.3105,7.5596,7.3009,7.5596,387,0
20120412,7.3871,7.4446,7.2147,7.3776,3016,0
20120413,7.2817,7.4063,7.2051,7.4063,611,0
20120416,7.4063,7.4734,7.2243,7.4734,4285,0
20120417,7.2051,7.4255,7.1859,7.368,1432,0
20120418,7.368,7.368,7.0901,7.368,267,0
20120419,7.2817,7.3584,7.0901,7.3584,866,0
20120420,7.2722,7.2817,7.0614,7.1668,2399,0
20120423,6.8985,6.8985,6.5152,6.7739,19941,0
20120424,6.7356,6.7452,6.7069,6.7452,935,0
20120425,6.7644,6.7644,6.5152,6.7356,5061,0
20120426,6.8123,6.8697,6.6111,6.6111,1921,0
20120427,6.6015,6.6111,6.4386,6.4482,3529,0
20120430,6.67,7.06,6.67,6.72,2043,0
20120502,6.7164,6.7164,6.5536,6.5536,3685,0
20120504,6.5152,6.5152,6.429,6.4769,1995,0
20120507,6.4769,6.7069,6.4673,6.4769,2995,0
20120508,6.4673,6.4673,6.2278,6.4673,2089,0
20120509,6.2182,6.2182,5.9979,6.2086,255,0
20120510,6.2086,6.2278,5.9883,6.2086,6529,0
20120511,6.2086,6.2086,5.9883,6.1128,5032,0
20120514,5.9595,6.1224,5.8062,6.0266,1292,0
20120515,6.017,6.017,5.8925,6.017,223,0
20120516,5.9691,5.9787,5.7487,5.9691,4440,0
20120517,5.8733,5.8733,5.4709,5.6434,2942,0
20120518,5.5092,5.6817,5.3463,5.605,5345,0
20120521,5.6625,5.6625,5.4517,5.5763,5232,0
20120522,5.5475,5.5475,5.3655,5.5188,1425,0
20120523,5.5188,5.5188,5.3176,5.3655,1583,0
20120524,5.2697,5.3655,4.8481,5.2314,9477,0
20120525,5.0685,5.3751,5.0493,5.2697,8397,0
20120528,5.3368,5.3368,5.0493,5.1068,9882,0
20120529,5.1451,5.1451,4.9631,5.0302,3909,0
20120530,5.0589,5.2697,4.896,5.0781,8327,0
20120531,4.99,5.12,4.99,5.12,495,0
20120601,5.0781,5.1739,4.896,5.0781,13288,0
20120604,4.896,4.9727,4.6565,4.9152,9362,0
20120605,4.75,4.92,4.6,4.78,11147,0
20120606,4.78,4.93,4.74,4.82,7341,0
20120608,4.8194,4.8769,4.7427,4.8769,2618,0
20120611,4.8002,4.8289,4.7906,4.8289,7515,0
20120612,4.8289,5.3176,4.8289,5.3176,10124,0
20120613,5.5475,5.5475,5.1739,5.2601,30615,0
20120614,5.2697,5.2697,5.2601,5.2601,22,0
20120615,5.2601,5.6338,5.0972,5.6338,3088,0
20120618,5.538,6.0362,5.5092,5.5092,9795,0
20120619,5.605,5.6529,5.4134,5.6529,2609,0
20120620,5.6434,5.6529,5.6242,5.6529,4092,0
20120621,5.7296,5.8637,5.4421,5.8541,5376,0
20120622,5.61,5.94,5.41,5.94,7739,0
20120625,5.72,5.72,5.4805,5.5763,7693,0
20120626,5.605,5.605,5.3847,5.3847,3078,0
20120627,5.3847,5.4421,5.2601,5.4421,4870,0
20120628,5.4421,5.4421,5.2697,5.3176,7692,0
20120629,5.38,5.56,5.26,5.56,7623,0
20120702,5.5571,5.6242,5.4134,5.6242,3759,0
20120703,5.41,5.54,5.4,5.53,4920,0
20120704,5.51,5.86,5.41,5.72,9074,0
20120705,5.68,5.68,5.49,5.67,6492,0
20120706,5.67,5.74,5.43,5.54,10541,0
20120709,5.4,5.5,5.38,5.5,1798,0
20120710,5.5,5.5,5.33,5.5,622,0
20120711,5.48,5.72,5.46,5.72,3800,0
20120712,5.8,5.8,5.61,5.66,6946,0
20120713,5.66,5.7,5.66,5.7,5100,0
20120716,5.7,5.72,5.7,5.72,325,0
20120717,5.72,5.72,5.5,5.5,4925,0
20120718,5.3,5.71,5.13,5.15,13900,0
20120719,5.24,5.35,5,5.15,4963,0
20120720,5.15,5.15,4.75,4.82,5044,0
20120723,4.96,5.25,4.81,4.81,7533,0
20120724,4.96,4.96,4.77,4.8,3200,0
20120725,4.72,4.76,4.55,4.65,6210,0
20120726,4.65,4.67,4.65,4.67,2060,0
20120727,4.9,4.9,4.72,4.85,1020,0
20120730,4.88,4.9,4.57,4.66,11689,0
20120731,4.8,4.8,4.48,4.56,4255,0
20120801,4.55,4.55,4.28,4.28,1585,0
20120802,4.4,4.6,4.39,4.4,9313,0
20120803,4.34,4.35,4.2,4.33,6653,0
20120806,4.2,4.42,4.2,4.42,5400,0
20120807,4.34,4.41,4.33,4.41,2643,0
20120808,4.4,4.4,4.28,4.4,2022,0
20120809,4.3,4.69,4.3,4.68,23330,0
20120810,4.5,4.63,4.5,4.61,1900,0
20120813,4.62,4.62,4.46,4.55,1049,0
20120814,4.39,4.55,4.39,4.53,699,0
20120816,4.53,4.89,4.53,4.88,6034,0
20120817,4.6,4.7,4.56,4.7,3157,0
20120820,4.69,4.69,4.53,4.55,5267,0
20120821,4.54,4.55,4.4,4.54,906,0
20120822,4.54,4.54,4.54,4.54,2,0
20120823,4.54,4.54,4.38,4.4,5928,0
20120824,4.26,4.38,4.24,4.35,8176,0
20120827,4.35,4.82,4.35,4.82,29998,0
20120828,4.83,5.17,4.82,4.93,28543,0
20120829,4.93,5,4.68,5,12566,0
20120830,4.94,5.09,4.75,5.09,9748,0
20120831,5.17,5.51,5.17,5.46,24394,0
20120903,5.4,6.01,5.4,6.01,26747,0
20120904,6.05,6.12,5.92,6.1,7584,0
20120905,6,6,5.81,5.94,35941,0
20120906,6,6,5.8,5.88,3816,0
20120907,5.71,5.9,5.7,5.9,5391,0
20120910,5.9,5.9,5.7,5.82,3301,0
20120911,5.8,5.8,5.6,5.79,9134,0
20120912,5.82,5.98,5.8,5.9,11098,0
20120913,5.77,5.98,5.77,5.98,1643,0
20120914,5.97,6,5.8,5.87,2451,0
20120917,6,6.14,5.96,6.07,8818,0
20120918,6.15,6.3,5.92,5.92,10248,0
20120919,5.89,6.08,5.89,6.08,1983,0
20120920,6.08,6.08,5.87,6.08,4118,0
20120921,6.08,6.08,5.9,6.03,340,0
20120924,5.88,6.03,5.88,6.03,250,0
20120925,6.06,6.06,6,6.04,188,0
20120926,6.06,6.38,6,6.17,40104,0
20120927,6.22,6.29,6,6,5254,0
20120928,6.11,6.11,6.09,6.09,435,0
20121001,6,6.06,5.89,6.03,2665,0
20121002,6,6.03,6,6.02,410,0
20121003,6,6,5.8,6,5884,0
20121004,6.03,6.08,5.9,5.97,3849,0
20121005,5.97,5.97,5.8,5.95,1051,0
20121008,5.92,6,5.75,5.98,7045,0
20121009,5.98,5.98,5.95,5.98,78,0
20121010,5.9,5.9,5.5,5.65,7434,0
20121011,5.64,5.95,5.64,5.95,2211,0
20121012,5.77,5.95,5.6,5.77,11437,0
20121015,5.77,5.99,5.77,5.98,5940,0
20121016,5.99,6.58,5.85,6.58,10922,0
20121017,6.58,6.58,6.15,6.45,27517,0
20121018,6.55,6.7,6.34,6.69,9931,0
20121019,6.5,7,6.5,6.75,19009,0
20121022,6.73,6.73,6.54,6.69,6291,0
20121023,6.73,6.78,6.2,6.78,5999,0
20121024,6.82,6.82,6.58,6.7,2372,0
20121025,6.8,6.8,6.5,6.8,229,0
20121026,6.7,6.78,6.46,6.7,9660,0
20121029,6.65,6.65,6.65,6.65,440,0
20121030,6.64,6.64,6.64,6.64,13,0
20121031,6.64,6.64,6.5,6.64,1601,0
20121102,6.62,6.62,6.4,6.61,2209,0
20121105,6.61,6.64,6.32,6.5,3804,0
20121106,6.5,6.5,6.33,6.49,475,0
20121107,6.49,6.49,6.49,6.49,13,0
20121108,6.49,6.49,6.32,6.45,562,0
20121109,6.45,6.45,6.07,6.41,7973,0
20121112,6.24,6.4,5.77,6.4,22410,0
20121113,6.42,6.42,6.25,6.3,6592,0
20121114,6.25,6.4,6.21,6.3,10064,0
20121115,6.21,6.58,6.2,6.55,18410,0
20121116,6.3,6.55,6.3,6.54,11840,0
20121119,6.51,6.51,6.33,6.46,5848,0
20121120,6.49,6.49,6.33,6.37,2320,0
20121121,6.36,6.37,6.34,6.37,5305,0
20121122,6.36,6.36,5.99,6.1,9704,0
20121123,6.25,6.25,6.02,6.1,801,0
20121126,5.95,6.14,5.84,6,3922,0
20121127,6.04,6.04,6.04,6.04,301,0
20121128,6.04,6.04,5.82,5.98,2661,0
20121129,5.97,5.97,5.82,5.94,1601,0
20121130,5.98,5.99,5.7,5.98,7979,0
20121203,5.97,5.98,5.97,5.97,112,0
20121204,5.98,6.5,5.97,6.4,17734,0
20121205,6.29,6.55,6.08,6.55,2262,0
20121206,6.49,6.49,6.17,6.4,2943,0
20121207,6.4,6.96,6.02,6.89,20897,0
20121210,7,7.25,6.65,6.88,9829,0
20121211,6.96,6.96,6.7,6.71,1264,0
20121212,6.76,6.77,6.66,6.75,687,0
20121213,6.61,6.61,6.4,6.5,4548,0
20121214,6.36,6.5,6.36,6.37,1171,0
20121217,6.2,6.2,6.2,6.2,800,0
20121218,6.25,6.35,6.25,6.35,1271,0
20121219,6.35,6.5,6.3,6.47,8885,0
20121220,6.49,6.49,6.27,6.4,7231,0
20121221,6.28,6.45,6.28,6.45,814,0
20121227,6.44,6.5,6.3,6.3,2329,0
20121228,6.29,6.3,6.15,6.3,583,0
20130102,6.67,6.67,6.15,6.15,6543,0
20130103,5.91,6.15,5.9,6.14,2268,0
20130104,6.14,6.14,5.93,5.96,3619,0
20130107,6.1,6.15,5.96,6.15,2461,0
20130108,6.11,6.2,6.11,6.2,8855,0
20130109,6.2,6.2,6.2,6.2,66,0
20130110,6.2,6.2,6.03,6.2,842,0
20130111,6.2,6.2,6.13,6.2,701,0
20130114,6.2,6.2,6.2,6.2,152,0
20130115,6.18,6.2,6.18,6.19,4824,0
20130116,6.19,6.19,6.19,6.19,320,0
20130117,6.16,6.16,5.99,6.05,3904,0
20130118,6.04,6.05,6,6.05,1835,0
20130121,6.04,6.05,5.98,6.04,6714,0
20130122,6.05,6.05,6.05,6.05,192,0
20130123,6.05,6.05,5.93,6,5667,0
20130124,5.9,6,5.9,5.99,1830,0
20130125,5.99,5.99,5.9,5.98,202,0
20130128,5.99,5.99,5.86,5.97,370,0
20130129,6,6,5.98,5.98,264,0
20130130,5.95,6.05,5.95,6.04,3199,0
20130131,6.04,6.05,6,6.03,2729,0
20130201,6,6,6,6,1,0
20130204,6,6,5.73,5.89,3602,0
20130205,5.7,5.89,5.7,5.89,521,0
20130206,5.89,5.89,5.85,5.89,538,0
20130207,5.89,6,5.88,5.99,3532,0
20130208,6,6,5.9,5.9,680,0
20130211,5.9,5.9,5.9,5.9,152,0
20130212,5.9,5.9,5.9,5.9,457,0
20130213,5.9,5.9,5.8,5.9,443,0
20130214,5.89,5.9,5.77,5.89,661,0
20130215,5.89,5.89,5.77,5.89,709,0
20130218,5.88,5.88,5.88,5.88,301,0
20130219,5.88,5.88,5.88,5.88,533,0
20130220,5.88,6.89,5.88,6.78,138547,0
20130221,6.78,6.94,6.18,6.44,56928,0
20130222,6.46,6.61,6.45,6.57,9196,0
20130225,6.64,6.8,6.55,6.73,7072,0
20130226,6.71,6.71,6.6,6.68,2564,0
20130227,6.72,6.77,6.52,6.77,2464,0
20130228,6.7,6.7,6.52,6.6,2480,0
20130301,6.64,6.64,6.4,6.5,3180,0
20130304,6.39,6.7,6.3,6.43,7535,0
20130305,6.44,6.66,6.3,6.49,6278,0
20130306,6.64,6.64,6.55,6.55,101,0
20130307,6.55,6.69,6.36,6.55,3661,0
20130308,6.5,6.55,6.5,6.55,700,0
20130311,6.54,6.54,6.43,6.54,97,0
20130312,6.54,6.65,6.54,6.65,2603,0
20130313,6.6,6.7,6.45,6.59,3866,0
20130314,6.59,6.6,6.5,6.6,1634,0
20130315,6.58,6.6,6.5,6.6,409,0
20130318,6.59,6.6,6.4,6.59,2481,0
20130319,6.5,6.77,6.31,6.77,5790,0
20130320,6.65,6.77,6.5,6.65,5166,0
20130321,6.5,6.77,6.5,6.74,10350,0
20130322,6.75,6.75,6.6,6.64,2701,0
20130325,6.65,6.65,6.22,6.55,7667,0
20130326,6.55,6.65,6.4,6.54,3984,0
20130327,6.54,6.54,6.4,6.53,551,0
20130328,6.53,6.53,6.31,6.5,1035,0
20130402,6.39,6.39,6.39,6.39,1,0
20130403,6.49,6.49,6.3,6.39,4793,0
20130404,6.35,6.35,6.15,6.35,2051,0
20130405,6.35,6.35,6.35,6.35,24,0
20130408,6.39,6.49,6.26,6.48,1208,0
20130409,6.48,6.48,6.48,6.48,1,0
20130410,6.48,6.48,6.11,6.2,3952,0
20130411,6.22,6.24,6.15,6.24,618,0
20130412,6.25,6.55,6.25,6.55,2003,0
20130415,6.54,6.54,6.23,6.23,301,0
20130417,6.11,6.24,6.11,6.2,1529,0
20130418,6.1,6.1,5.52,5.82,13924,0
20130419,5.92,5.92,5.7,5.86,1777,0
20130422,5.86,5.92,5.73,5.92,1777,0
20130423,5.91,6.37,5.7,6.35,3548,0
20130424,6.3,6.3,5.85,5.9,4050,0
20130425,6.07,6.07,6.07,6.07,1,0
20130426,5.91,6.2,5.82,6.2,3380,0
20130502,6.04,6.04,6.04,6.04,130,0
20130506,6.04,6.13,6.03,6.05,1555,0
20130507,6.14,6.14,5.91,6.13,691,0
20130508,6.1,6.13,6.05,6.13,4,0
20130510,6.14,6.14,6.09,6.14,2091,0
20130513,6.12,6.12,5.84,5.9,4574,0
20130514,5.85,5.95,5.85,5.9,600,0
20130515,5.97,5.97,5.97,5.97,100,0
20130516,5.95,5.95,5.75,5.85,3225,0
20130517,5.87,5.87,5.35,5.76,8699,0
20130520,5.35,5.5,5.08,5.36,9923,0
20130521,5.34,5.34,5.2,5.3,2082,0
20130522,5.3,5.4,5.3,5.4,8293,0
20130523,5.39,5.92,5.35,5.42,4286,0
20130524,5.43,5.89,5.43,5.56,4105,0
20130527,5.55,5.55,5.25,5.39,4333,0
20130528,5.39,5.9,5.25,5.25,18408,0
20130529,5.4,5.4,5.2,5.3,10300,0
20130531,5.29,5.29,5.25,5.25,2400,0
20130603,5.3,5.3,5.2,5.25,1359,0
20130604,5.29,5.5,5.25,5.49,6625,0
20130605,5.36,5.47,5.36,5.47,2070,0
20130606,5.47,5.47,5.3,5.43,855,0
20130607,5.44,5.44,5.44,5.44,789,0
20130610,5.46,5.46,5.33,5.35,3390,0
20130611,5.35,5.35,5.28,5.3,3160,0
20130612,5.24,5.3,5.16,5.3,13261,0
20130613,5.25,5.3,5.2,5.3,4775,0
20130614,5.37,5.37,5.37,5.37,180,0
20130617,5.36,5.5,5.36,5.5,4276,0
20130618,5.5,5.75,5.5,5.75,2473,0
20130619,5.68,5.68,5.48,5.65,520,0
20130620,5.48,5.55,5.29,5.29,3673,0
20130621,5.29,5.75,5.29,5.49,12375,0
20130624,5.4,5.49,5.28,5.4,2440,0
20130625,5.21,5.29,5.2,5.29,2200,0
20130626,5.29,5.75,5.29,5.4,3963,0
20130627,5.35,5.7,5.35,5.7,271,0
20130628,5.7,5.7,5.3,5.4,2310,0
20130701,5.4,5.4,5.17,5.25,5269,0
20130702,5.46,5.55,5.02,5.3,13153,0
20130703,5.15,5.28,5.1,5.28,4220,0
20130704,5.24,5.4,5.2,5.4,4330,0
20130705,5.26,5.35,5.26,5.35,11,0
20130708,5.26,5.35,5.26,5.35,111,0
20130709,5.26,5.3,5.26,5.3,116,0
20130710,5.3,5.3,5.11,5.23,3811,0
20130711,5.2,5.2,5.05,5.05,360,0
20130712,5.23,5.23,5.04,5.23,602,0
20130715,5.16,5.23,5.16,5.23,451,0
20130716,5.22,5.22,5.05,5.2,152,0
20130717,5.18,5.18,5.18,5.18,51,0
20130718,5.18,5.22,5.18,5.18,1557,0
20130719,5.18,5.23,5.18,5.23,944,0
20130722,5.18,5.6,5.18,5.4,2501,0
20130723,5.4,5.4,5.22,5.4,440,0
20130724,5.4,5.4,5.4,5.4,22,0
20130725,5.4,5.65,5.3,5.65,25000,0
20130726,5.65,5.65,5.64,5.64,3111,0
20130729,5.56,5.65,5.49,5.49,3833,0
20130730,5.49,5.65,5.49,5.63,2150,0
20130731,5.63,5.63,5.44,5.63,127,0
20130801,5.63,5.63,5.6,5.6,30,0
20130802,5.4,5.59,5.38,5.4,3770,0
20130805,5.46,5.46,5.45,5.46,756,0
20130806,5.47,5.9,5.45,5.9,30640,0
20130807,5.95,5.98,5.6,5.9,27930,0
20130808,5.8,5.88,5.73,5.88,402,0
20130809,5.9,5.9,5.87,5.87,20,0
20130812,5.73,5.9,5.73,5.89,6270,0
20130813,5.89,5.9,5.6,5.88,8775,0
20130814,5.85,5.85,5.5,5.72,7121,0
20130816,5.55,5.65,5.55,5.65,1910,0
20130819,5.52,5.7,5.49,5.49,2954,0
20130820,5.58,5.7,5.38,5.7,5592,0
20130822,5.5,5.5,5.5,5.5,400,0
20130826,5.36,5.55,5.35,5.5,1640,0
20130827,5.5,5.5,5.35,5.35,1984,0
20130828,5.48,5.48,5.48,5.48,10,0
20130829,5.41,5.41,5.31,5.4,230,0
20130830,5.4,5.41,5.4,5.41,210,0
20130902,5.4,5.4,5.4,5.4,1,0
20130903,5.4,5.4,5.21,5.4,2318,0
20130904,5.2,5.54,5.2,5.49,7110,0
20130905,5.2,5.47,4.9,5.14,7090,0
20130906,5.03,5.03,4.95,5.03,7143,0
20130909,5.03,5.03,5.03,5.03,1242,0
20130910,5.03,5.3,5.03,5.17,3633,0
20130911,5.17,5.3,5.15,5.3,5104,0
20130912,5.29,5.3,5.29,5.3,1015,0
20130913,5.3,5.35,5.3,5.34,1656,0
20130916,5.35,5.4,5.34,5.35,1406,0
20130917,5.35,5.35,5.21,5.34,1539,0
20130918,5.21,5.39,5.21,5.38,1289,0
20130919,5.4,5.47,5.39,5.46,3190,0
20130920,5.46,5.46,5.28,5.28,2269,0
20130923,5.44,5.44,5.44,5.44,33,0
20130924,5.39,5.89,5.39,5.89,17967,0
20130925,5.89,5.9,5.69,5.88,6381,0
20130926,5.9,5.9,5.7,5.89,3258,0
20130927,5.77,5.77,5.57,5.7,430,0
20130930,5.56,5.66,5.56,5.65,1072,0
20131001,5.64,5.83,5.64,5.83,2050,0
20131003,5.6,5.8,5.6,5.79,1056,0
20131004,5.78,5.8,5.65,5.79,2115,0
20131007,5.71,5.77,5.58,5.6,3221,0
20131008,5.7,5.79,5.65,5.65,555,0
20131009,5.79,5.79,5.66,5.79,335,0
20131010,5.79,6.05,5.79,5.89,6635,0
20131011,5.89,5.89,5.81,5.81,1159,0
20131014,5.98,5.98,5.97,5.97,66,0
20131015,5.96,6.04,5.9,5.9,7309,0
20131016,5.9,6.05,5.9,6,2191,0
20131017,5.97,5.98,5.86,5.98,876,0
20131018,5.98,5.98,5.83,5.89,1007,0
20131021,5.9,6.05,5.9,6.03,8700,0
20131022,6.01,6.06,5.96,6.05,2080,0
20131023,6.05,6.05,5.9,5.9,3568,0
20131024,6.02,6.03,6.02,6.03,2,0
20131025,6.03,6.06,5.93,5.96,5457,0
20131028,6.01,6.04,5.98,5.98,1152,0
20131029,6,6.18,5.9,6,12542,0
20131030,6.05,6.4,6.05,6.35,7930,0
20131031,6.35,6.4,6.15,6.4,3822,0
20131104,6.39,6.39,6.29,6.29,1084,0
20131105,6.25,6.38,6.15,6.25,18349,0
20131106,6.28,6.29,6.15,6.29,10151,0
20131107,6.33,6.52,6.32,6.5,13148,0
20131108,6.33,6.48,6.05,6.33,18281,0
20131112,6.36,6.58,6.36,6.49,1716,0
20131113,6.48,6.55,6.2,6.33,7129,0
20131114,6.12,6.29,6.12,6.29,10962,0
20131115,6.29,6.48,6.05,6.29,4920,0
20131118,6.29,6.54,6.2,6.51,12639,0
20131119,6.51,6.81,6.5,6.75,18234,0
20131120,6.76,6.76,6.6,6.74,3571,0
20131121,6.6,6.8,6.6,6.74,2924,0
20131122,6.6,6.8,6.6,6.8,10700,0
20131125,6.74,6.74,6.47,6.5,2504,0
20131126,6.4,6.4,5.81,6.23,7156,0
20131127,6.1,6.23,5.61,6.07,16430,0
20131128,6.07,6.26,6.07,6.2,2047,0
20131129,6.22,6.22,6.1,6.1,570,0
20131202,6.1,6.22,5.99,6.2,2737,0
20131203,6.05,6.13,5.9,6.13,8929,0
20131204,5.9,6.03,5.81,6.01,3043,0
20131205,6.01,6.01,5.8,6.01,932,0
20131206,5.8,6.01,5.8,5.92,3911,0
20131209,5.89,5.9,5.89,5.9,293,0
20131210,5.9,5.9,5.8,5.86,2891,0
20131211,5.92,5.92,5.9,5.9,531,0
20131212,5.7,5.8,5.57,5.78,11819,0
20131213,5.75,5.75,5.74,5.74,318,0
20131216,5.7,5.7,5.69,5.69,2,0
20131217,5.68,5.68,5.51,5.57,2845,0
20131218,5.55,5.55,5.55,5.55,818,0
20131219,5.5,6,5.5,5.77,2620,0
20131220,5.7,5.7,5.55,5.7,5764,0
20131223,5.6,5.6,5.55,5.59,2759,0
20131227,5.54,5.7,5.38,5.7,7390,0
20131230,5.7,5.7,5.3,5.3,8040,0
20140102,5.6,5.97,5.47,5.63,2807,0
20140103,5.68,5.68,5.64,5.64,809,0
20140107,5.68,5.68,5.6,5.6,94,0
20140108,5.6,5.6,5.6,5.6,1,0
20140109,5.6,5.6,5.28,5.47,7592,0
20140110,5.47,5.47,5.28,5.47,333,0
20140113,5.47,5.47,5.47,5.47,283,0
20140114,5.47,5.47,5.47,5.47,37,0
20140115,5.32,5.47,5.32,5.4,1436,0
20140116,5.44,5.45,5.32,5.45,2500,0
20140117,5.45,5.46,5.45,5.46,866,0
20140120,5.47,5.6,5.39,5.46,5139,0
20140121,5.46,5.47,5.4,5.47,1507,0
20140122,5.65,5.65,5.4,5.5,2037,0
20140123,5.54,5.54,5.34,5.4,5089,0
20140124,5.46,5.46,5.45,5.45,50,0
20140127,5.42,5.46,5.26,5.26,2597,0
20140128,5.27,5.59,5.16,5.3,3682,0
20140129,5.3,5.3,5.17,5.3,755,0
20140130,5.3,5.3,5.16,5.28,760,0
20140131,5.3,5.3,5.26,5.26,23,0
20140203,5.3,5.3,5.26,5.26,223,0
20140204,5.3,5.3,5.21,5.26,257,0
20140205,5.3,5.3,5.26,5.26,21,0
20140206,5.26,5.58,5.26,5.58,11489,0
20140207,5.35,5.57,5.35,5.5,2116,0
20140210,5.51,5.51,5.49,5.49,2411,0
20140211,5.31,5.4,5.29,5.4,7545,0
20140212,5.38,5.38,5.3,5.3,1211,0
20140213,5.38,5.38,5.3,5.38,300,0
20140214,5.38,5.38,5.3,5.38,786,0
20140217,5.38,5.38,5.37,5.38,643,0
20140218,5.38,5.38,5.28,5.38,2210,0
20140219,5.3,5.37,5.3,5.3,15850,0
20140220,5.35,5.35,5.31,5.31,34,0
20140221,5.37,5.37,5.28,5.3,1242,0
20140224,5.3,5.37,5.3,5.37,131,0
20140225,5.28,5.28,5.28,5.28,156,0
20140226,5.28,5.28,5.28,5.28,18,0
20140227,5.29,5.37,5.24,5.37,1076,0
20140228,5.37,5.37,5.23,5.29,10247,0
20140303,5.35,5.35,5.05,5.09,5490,0
20140304,5.09,5.33,5.09,5.2,2194,0
20140305,5.2,5.2,5.02,5.19,1331,0
20140306,5.19,5.29,5.19,5.24,242,0
20140310,5.07,5.26,5.07,5.22,9830,0
20140311,5.22,5.22,5.22,5.22,1,0
20140312,5.22,5.22,4.95,5.09,2074,0
20140313,5.1,5.1,4.91,5.06,4167,0
20140314,4.86,5.05,4.7,4.98,5699,0
20140317,4.97,4.98,4.9,4.98,620,0
20140318,4.98,5.1,4.95,5.04,8423,0
20140319,5.05,5.05,5.05,5.05,200,0
20140320,4.89,4.89,4.45,4.57,27029,0
20140321,4.79,4.79,4.32,4.56,13223,0
20140324,4.57,4.57,4.44,4.57,2103,0
20140325,4.56,4.56,4.5,4.5,7174,0
20140326,4.55,4.55,4.4,4.48,3932,0
20140327,4.48,4.48,4.48,4.48,200,0
20140328,4.48,4.48,4.48,4.48,855,0
20140331,4.45,4.45,4.45,4.45,11000,0
20140401,4.47,4.48,4.47,4.48,2364,0
20140402,4.48,4.48,4.48,4.48,768,0
20140403,4.36,4.5,4.34,4.5,10249,0
20140404,4.67,4.68,4.43,4.5,31154,0
20140407,4.61,4.64,4.49,4.6,10222,0
20140408,4.65,4.88,4.56,4.62,5332,0
20140409,4.64,4.74,4.64,4.74,1032,0
20140410,4.74,4.79,4.74,4.78,1426,0
20140411,4.8,4.8,4.68,4.68,3010,0
20140414,4.75,4.99,4.55,4.69,3520,0
20140415,4.56,4.6,4.5,4.6,1201,0
20140416,4.5,4.56,4.3,4.46,9011,0
20140417,4.47,4.47,4.33,4.36,561,0
20140422,4.39,4.68,4.3,4.52,6820,0
20140423,4.52,4.68,4.5,4.5,5238,0
20140424,4.57,4.57,4.57,4.57,25,0
20140425,4.56,4.66,4.56,4.65,6031,0
20140428,4.65,4.65,4.5,4.62,1687,0
20140429,4.6,4.66,4.6,4.64,400,0
20140430,4.6,4.64,4.6,4.64,2,0
20140502,4.64,4.64,4.6,4.6,202,0
20140505,4.6,4.6,4.34,4.5,2712,0
20140506,4.33,4.5,4.33,4.5,399,0
20140507,4.5,4.5,4.48,4.48,440,0
20140508,4.6,4.6,4.49,4.5,13,0
20140509,4.59,4.59,4.59,4.59,1,0
20140512,4.49,4.5,4.49,4.5,2285,0
20140513,4.41,4.49,4.41,4.49,787,0
20140514,4.41,4.49,4.33,4.49,4459,0
20140515,4.49,4.49,4.49,4.49,9,0
20140516,4.49,4.49,4.44,4.44,217,0
20140519,4.5,4.5,4.33,4.49,2330,0
20140520,4.39,4.39,4.39,4.39,1,0
20140521,4.39,4.4,4.36,4.36,272,0
20140522,4.4,4.4,4.24,4.38,1145,0
20140523,4.4,4.4,4.38,4.39,380,0
20140526,4.39,4.39,4.39,4.39,219,0
20140527,4.31,4.4,4.26,4.39,1565,0
20140528,4.4,4.4,4.37,4.37,512,0
20140529,4.37,4.4,4.27,4.4,1719,0
20140530,4.4,4.4,4.38,4.4,61,0
20140602,4.39,4.6,4.39,4.59,31187,0
20140603,4.59,4.7,4.59,4.67,9766,0
20140604,4.67,4.69,4.52,4.6,5360,0
20140605,4.67,4.67,4.52,4.6,5720,0
20140606,4.66,4.66,4.41,4.55,585,0
20140609,4.4,4.55,4.24,4.32,10954,0
20140610,4.3,4.32,4.22,4.32,4856,0
20140611,4.32,4.32,4.21,4.32,1418,0
20140612,4.45,4.45,4.31,4.31,12,0
20140613,4.31,4.32,4.31,4.32,755,0
