Date,Open,High,Low,Close,Volume,OpenInt
19970530,65,65,65,65,73108,0
19970602,58.5,58.5,58.5,58.5,21393,0
19970603,57.5,57.5,57.5,57.5,20078,0
19970604,54,54,54,54,25361,0
19970605,48.6,48.6,48.6,48.6,6595,0
19970606,44.9,44.9,44.9,44.9,51381,0
19970609,46.5,46.5,46.5,46.5,19688,0
19970610,46,46,46,46,28708,0
19970611,44.8,44.8,44.8,44.8,7143,0
19970612,44.1,44.1,44.1,44.1,11531,0
19970613,44.1,44.1,44.1,44.1,13493,0
19970616,44,44,44,44,10319,0
19970617,44.2,44.2,44.2,44.2,5629,0
19970618,45,45,45,45,3695,0
19970619,44.9,44.9,44.9,44.9,7862,0
19970620,45.1,45.1,45.1,45.1,6463,0
19970623,44.5,44.5,44.5,44.5,2494,0
19970624,43,43,43,43,2895,0
19970625,42,42,42,42,2024,0
19970626,40,40,40,40,5192,0
19970627,39,39,39,39,2500,0
19970630,40,40,40,40,6082,0
19970701,39,39,39,39,3269,0
19970702,38.3,38.3,38.3,38.3,6609,0
19970703,39,39,39,39,3058,0
19970704,35.1,35.1,35.1,35.1,16068,0
19970707,38.6,38.6,38.6,38.6,13251,0
19970708,39.5,39.5,39.5,39.5,12063,0
19970709,41,41,41,41,11732,0
19970710,43,43,43,43,6256,0
19970711,41,41,41,41,6756,0
19970714,38,38,38,38,3132,0
19970715,36.5,36.5,36.5,36.5,5699,0
19970716,37.5,37.5,37.5,37.5,6520,0
19970717,37,37,37,37,3999,0
19970718,36.5,36.5,36.5,36.5,2740,0
19970721,35.5,35.5,35.5,35.5,4803,0
19970722,36.2,36.2,36.2,36.2,5000,0
19970723,34.6,34.6,34.6,34.6,6893,0
19970724,34,34,34,34,2059,0
19970725,33,33,33,33,2273,0
19970728,31.3,31.3,31.3,31.3,2748,0
19970729,29.8,29.8,29.8,29.8,9245,0
19970730,30,30,30,30,16250,0
19970731,31.5,31.5,31.5,31.5,8794,0
19970801,29.8,29.8,29.8,29.8,2919,0
19970804,30.7,30.7,30.7,30.7,6938,0
19970805,28.4,28.4,28.4,28.4,5475,0
19970806,27.5,27.5,27.5,27.5,56709,0
19970807,28,28,28,28,67554,0
19970808,30.3,30.3,30.3,30.3,43234,0
19970811,33.3,33.3,33.3,33.3,45060,0
19970812,32.7,32.7,32.7,32.7,17479,0
19970813,34,34,34,34,15279,0
19970814,31,31,31,31,31355,0
19970818,28.4,28.4,28.4,28.4,22500,0
19970819,28,28,28,28,39268,0
19970820,28,28,28,28,19232,0
19970821,28.6,28.6,28.6,28.6,9580,0
19970822,27.3,27.3,27.3,27.3,5128,0
19970825,27.5,27.5,27.5,27.5,6327,0
19970826,27.2,27.2,27.2,27.2,5155,0
19970827,27.2,27.2,27.2,27.2,7226,0
19970828,27.4,27.4,27.4,27.4,11876,0
19970829,27.4,27.4,27.4,27.4,13789,0
19970901,27.9,27.9,27.9,27.9,4337,0
19970902,28,28,28,28,7121,0
19970903,28.1,28.1,28.1,28.1,19147,0
19970904,28,28,28,28,5991,0
19970905,27.4,27.4,27.4,27.4,2500,0
19970908,28.4,28.4,28.4,28.4,5440,0
19970909,28.5,28.5,28.5,28.5,24107,0
19970910,28.4,28.4,28.4,28.4,12382,0
19970911,27.9,27.9,27.9,27.9,10556,0
19970912,27.7,27.7,27.7,27.7,7277,0
19970915,27.5,27.5,27.5,27.5,10818,0
19970916,27.3,27.3,27.3,27.3,12266,0
19970917,28,28,28,28,28280,0
19970918,28.1,28.1,28.1,28.1,21347,0
19970919,28.2,28.2,28.2,28.2,30855,0
19970922,27.8,27.8,27.8,27.8,12206,0
19970923,27.5,27.5,27.5,27.5,5414,0
19970924,27.2,27.2,27.2,27.2,6529,0
19970925,26.2,26.2,26.2,26.2,4845,0
19970926,24.7,24.7,24.7,24.7,9245,0
19970929,25,25,25,25,23876,0
19970930,24.2,24.2,24.2,24.2,17951,0
19971001,23.5,23.5,23.5,23.5,11244,0
19971002,24,24,24,24,11578,0
19971003,23.5,23.5,23.5,23.5,7968,0
19971006,23.1,23.1,23.1,23.1,11608,0
19971007,22.7,22.7,22.7,22.7,1888,0
19971008,23,23,23,23,16200,0
19971009,23.5,23.5,23.5,23.5,9501,0
19971010,22.8,22.8,22.8,22.8,11055,0
19971013,22.5,22.5,22.5,22.5,10357,0
19971014,22.2,22.2,22.2,22.2,24472,0
19971015,23,23,23,23,32759,0
19971016,23.4,23.4,23.4,23.4,17966,0
19971017,23.3,23.3,23.3,23.3,16239,0
19971020,23.5,23.5,23.5,23.5,20838,0
19971021,23.2,23.2,23.2,23.2,12364,0
19971022,22.9,22.9,22.9,22.9,19902,0
19971023,22.4,22.4,22.4,22.4,12957,0
19971024,20.6,20.6,20.6,20.6,12906,0
19971027,19.9,19.9,19.9,19.9,22959,0
19971028,18,18,18,18,0,0
19971029,18.6,18.6,18.6,18.6,19989,0
19971030,17.2,17.2,17.2,17.2,18108,0
19971031,17.2,17.2,17.2,17.2,95935,0
19971103,17.5,17.5,17.5,17.5,82374,0
19971104,17.8,17.8,17.8,17.8,48909,0
19971105,18.1,18.1,18.1,18.1,53962,0
19971106,17.9,17.9,17.9,17.9,10425,0
19971107,17.7,17.7,17.7,17.7,59799,0
19971112,16,16,16,16,65192,0
19971113,16.1,16.1,16.1,16.1,23909,0
19971114,16.9,16.9,16.9,16.9,66229,0
19971117,18.1,18.1,18.1,18.1,70093,0
19971118,19,19,19,19,72055,0
19971119,17.9,17.9,17.9,17.9,52400,0
19971120,18,18,18,18,33027,0
19971121,19,19,19,19,37994,0
19971124,20,20,20,20,54936,0
19971125,19.9,19.9,19.9,19.9,48082,0
19971126,21.8,21.8,21.8,21.8,37710,0
19971127,23,23,23,23,63127,0
19971128,23.4,23.4,23.4,23.4,58704,0
19971201,23.4,23.4,23.4,23.4,64814,0
19971202,23,23,23,23,45135,0
19971203,21.3,21.3,21.3,21.3,34242,0
19971204,21.5,21.5,21.5,21.5,48509,0
19971205,21.4,21.4,21.4,21.4,33033,0
19971208,20.9,20.9,20.9,20.9,14799,0
19971209,19.9,19.9,19.9,19.9,20291,0
19971210,18.3,18.3,18.3,18.3,47546,0
19971211,17.5,17.5,17.5,17.5,29344,0
19971212,17.1,17.1,17.1,17.1,40931,0
19971215,17.5,17.5,17.5,17.5,18194,0
19971216,18.5,18.5,18.5,18.5,20963,0
19971217,17.9,17.9,17.9,17.9,20570,0
19971218,16.6,16.6,16.6,16.6,17414,0
19971219,15.7,15.7,15.7,15.7,22102,0
19971222,14.3,14.3,14.3,14.3,26048,0
19971223,14.9,14.9,14.9,14.9,23252,0
19971229,16.2,16.2,16.2,16.2,30471,0
19971230,16.5,16.5,16.5,16.5,27274,0
19971231,16.6,16.6,16.6,16.6,21518,0
19980105,16.9,16.9,16.9,16.9,21976,0
19980106,16.9,16.9,16.9,16.9,19652,0
19980107,15.3,15.3,15.3,15.3,22784,0
19980108,15.7,15.7,15.7,15.7,22465,0
19980109,15.2,15.2,15.2,15.2,21869,0
19980112,13.7,13.7,13.7,13.7,42146,0
19980113,14.1,14.1,14.1,14.1,31946,0
19980114,14.2,14.2,14.2,14.2,26672,0
19980115,12.8,12.8,12.8,12.8,12649,0
19980116,13.5,13.5,13.5,13.5,62985,0
19980119,14.5,14.5,14.5,14.5,42702,0
19980120,15,15,15,15,89138,0
19980121,16.4,16.4,16.4,16.4,29676,0
19980122,16.4,16.4,16.4,16.4,74081,0
19980123,17.5,17.5,17.5,17.5,31373,0
19980126,17.3,17.3,17.3,17.3,34699,0
19980127,17,17,17,17,24465,0
19980128,17.7,17.7,17.7,17.7,23763,0
19980129,18.6,18.6,18.6,18.6,24253,0
19980130,17.7,17.7,17.7,17.7,28838,0
19980202,18.7,18.7,18.7,18.7,50680,0
19980203,18.9,18.9,18.9,18.9,30444,0
19980204,18.1,18.1,18.1,18.1,21031,0
19980205,18.2,18.2,18.2,18.2,91714,0
19980206,18.5,18.5,18.5,18.5,30240,0
19980209,16.7,16.7,16.7,16.7,26625,0
19980210,17.1,17.1,17.1,17.1,64362,0
19980211,17,17,17,17,32810,0
19980212,16.9,16.9,16.9,16.9,12678,0
19980213,16.4,16.4,16.4,16.4,44247,0
19980216,16.2,16.2,16.2,16.2,26071,0
19980217,16.7,16.7,16.7,16.7,43050,0
19980218,17,17,17,17,33331,0
19980219,17.2,17.2,17.2,17.2,19981,0
19980220,16.5,16.5,16.5,16.5,14729,0
19980223,16.4,16.4,16.4,16.4,49328,0
19980224,16.5,16.5,16.5,16.5,37776,0
19980225,15.7,15.7,15.7,15.7,16088,0
19980226,16.2,16.2,16.2,16.2,19306,0
19980227,16.2,16.2,16.2,16.2,40916,0
19980302,16.9,16.9,16.9,16.9,21895,0
19980303,17.7,17.7,17.7,17.7,48985,0
19980304,17,17,17,17,33000,0
19980305,16.5,16.5,16.5,16.5,25230,0
19980306,17,17,17,17,21460,0
19980309,18,18,18,18,46554,0
19980310,18.6,18.6,18.6,18.6,81112,0
19980311,19,19,19,19,81743,0
19980312,19,19,19,19,71744,0
19980313,20.2,20.2,20.2,20.2,54490,0
19980316,21.6,21.6,21.6,21.6,60470,0
19980317,22.1,22.1,22.1,22.1,81021,0
19980318,21.5,21.5,21.5,21.5,67436,0
19980319,21.5,21.5,21.5,21.5,49600,0
19980320,20.5,20.5,20.5,20.5,49345,0
19980323,20.4,20.4,20.4,20.4,30358,0
19980324,20,20,20,20,36035,0
19980325,19.9,19.9,19.9,19.9,34956,0
19980326,20.4,20.4,20.4,20.4,28755,0
19980327,19.4,19.4,19.4,19.4,20793,0
19980330,18.6,18.6,18.6,18.6,41129,0
19980331,18.6,18.6,18.6,18.6,57624,0
19980401,18.8,18.8,18.8,18.8,27160,0
19980402,18.6,18.6,18.6,18.6,17850,0
19980406,18.9,18.9,18.9,18.9,20644,0
19980407,19.7,19.7,19.7,19.7,22584,0
19980408,19.1,19.1,19.1,19.1,22738,0
19980409,19.1,19.1,19.1,19.1,30450,0
19980414,20.4,20.4,20.4,20.4,23317,0
19980415,20.7,20.7,20.7,20.7,22838,0
19980416,20,20,20,20,13731,0
19980417,19.3,19.3,19.3,19.3,40771,0
19980420,19.5,19.5,19.5,19.5,14412,0
19980421,18.8,18.8,18.8,18.8,8379,0
19980422,19,19,19,19,53695,0
19980423,19,19,19,19,24013,0
19980424,19.3,19.3,19.3,19.3,25254,0
19980427,19.8,19.8,19.8,19.8,18353,0
19980428,19,19,19,19,21295,0
19980429,18.9,18.9,18.9,18.9,25562,0
19980430,19.6,19.6,19.6,19.6,37531,0
19980504,20.5,20.5,20.5,20.5,45684,0
19980505,20.5,20.5,20.5,20.5,37855,0
19980506,19.8,19.8,19.8,19.8,19019,0
19980507,19.4,19.4,19.4,19.4,36495,0
19980508,19.4,19.4,19.4,19.4,33089,0
19980511,19.9,19.9,19.9,19.9,24154,0
19980512,19.6,19.6,19.6,19.6,21958,0
19980513,19.4,19.4,19.4,19.4,47156,0
19980514,16.5,16.5,16.5,16.5,22748,0
19980515,16.4,16.4,16.4,16.4,28428,0
19980518,16,16,16,16,19412,0
19980519,14.4,14.4,14.4,14.4,32253,0
19980520,14.4,14.4,14.4,14.4,67562,0
19980521,15.2,15.2,15.2,15.2,37906,0
19980522,14.9,14.9,14.9,14.9,14410,0
19980525,14.6,14.6,14.6,14.6,22352,0
19980526,14.3,14.3,14.3,14.3,21707,0
19980527,13.3,13.3,13.3,13.3,18059,0
19980528,12.9,12.9,12.9,12.9,38767,0
19980529,13.3,13.3,13.3,13.3,20822,0
19980601,12.5,12.5,12.5,12.5,24977,0
19980602,11.8,11.8,11.8,11.8,30776,0
19980603,12.9,12.9,12.9,12.9,35901,0
19980604,12.8,12.8,12.8,12.8,25600,0
19980605,12.9,12.9,12.9,12.9,20160,0
19980608,13.1,13.1,13.1,13.1,20536,0
19980609,11.8,11.8,11.8,11.8,13053,0
19980610,11.6,11.6,11.6,11.6,30084,0
19980615,10.5,10.5,10.5,10.5,32601,0
19980616,10.5,10.5,10.5,10.5,24485,0
19980617,11.5,11.5,11.5,11.5,10644,0
19980618,12.5,12.5,12.5,12.5,37348,0
19980619,11.3,11.3,11.3,11.3,59550,0
19980622,11.5,11.5,11.5,11.5,39425,0
19980623,11.9,11.9,11.9,11.9,18575,0
19980624,11.2,11.2,11.2,11.2,4752,0
19980625,11.2,11.2,11.2,11.2,10949,0
19980626,11.8,11.8,11.8,11.8,23344,0
19980629,11.8,11.8,11.8,11.8,19143,0
19980630,12.1,12.1,12.1,12.1,10288,0
19980701,12.6,12.6,12.6,12.6,19011,0
19980702,12.5,12.5,12.5,12.5,18262,0
19980703,12,12,12,12,15912,0
19980706,12.2,12.2,12.2,12.2,18816,0
19980707,12,12,12,12,24882,0
19980708,12.2,12.2,12.2,12.2,26219,0
19980709,12.3,12.3,12.3,12.3,37664,0
19980710,12.4,12.4,12.4,12.4,11830,0
19980713,13.2,13.2,13.2,13.2,18833,0
19980714,13.7,13.7,13.7,13.7,21690,0
19980715,14,14,14,14,43069,0
19980716,14,14,14,14,31950,0
19980717,14.3,14.3,14.3,14.3,27906,0
19980720,14,14,14,14,10048,0
19980721,12.6,12.6,12.6,12.6,6257,0
19980722,11.4,11.4,11.4,11.4,14050,0
19980723,10.5,10.5,10.5,10.5,29796,0
19980724,11.1,11.1,11.1,11.1,29686,0
19980727,10.7,10.7,10.7,10.7,21522,0
19980728,11,11,11,11,23975,0
19980729,11.1,11.1,11.1,11.1,12802,0
19980730,10.9,10.9,10.9,10.9,19187,0
19980731,11.3,11.3,11.3,11.3,12325,0
19980803,11,11,11,11,18426,0
19980804,11.4,11.4,11.4,11.4,35461,0
19980805,12.5,12.5,12.5,12.5,0,0
19980806,13.7,13.7,13.7,13.7,0,0
19980807,15,15,15,15,261416,0
19980810,13.9,13.9,13.9,13.9,75802,0
19980811,12.9,12.9,12.9,12.9,62071,0
19980812,12.9,12.9,12.9,12.9,46033,0
19980813,12.4,12.4,12.4,12.4,31198,0
19980814,13.1,13.1,13.1,13.1,41161,0
19980817,12.7,12.7,12.7,12.7,30004,0
19980818,13.2,13.2,13.2,13.2,36516,0
19980819,13.8,13.8,13.8,13.8,16034,0
19980820,13.5,13.5,13.5,13.5,25570,0
19980821,12.8,12.8,12.8,12.8,25780,0
19980824,12.7,12.7,12.7,12.7,18545,0
19980825,13,13,13,13,11046,0
19980826,13.5,13.5,13.5,13.5,20026,0
19980827,14.6,14.6,14.6,14.6,64262,0
19980828,13.2,13.2,13.2,13.2,19415,0
19980831,12.8,12.8,12.8,12.8,43983,0
19980901,11.6,11.6,11.6,11.6,11890,0
19980902,10.5,10.5,10.5,10.5,137194,0
19980903,10.1,10.1,10.1,10.1,47143,0
19980904,9.1,9.1,9.1,9.1,45264,0
19980907,8.9,8.9,8.9,8.9,80984,0
19980908,9,9,9,9,87288,0
19980909,9.2,9.2,9.2,9.2,115785,0
19980910,9,9,9,9,56378,0
19980911,8.5,8.5,8.5,8.5,78125,0
19980914,9.35,9.35,9.35,9.35,0,0
19980915,10.2,10.2,10.2,10.2,43644,0
19980916,10.9,10.9,10.9,10.9,173318,0
19980917,10,10,10,10,41027,0
19980918,9.1,9.1,9.1,9.1,59776,0
19980921,8.8,8.8,8.8,8.8,35132,0
19980922,9.1,9.1,9.1,9.1,19982,0
19980923,9.1,9.1,9.1,9.1,20401,0
19980924,9.5,9.5,9.5,9.5,32160,0
19980925,8.8,8.8,8.8,8.8,14595,0
19980928,9,9,9,9,7515,0
19980929,8.5,8.5,8.5,8.5,16034,0
19980930,8.3,8.3,8.3,8.3,32072,0
19981001,7.55,7.55,7.55,7.55,21310,0
19981002,6.8,6.8,6.8,6.8,47992,0
19981005,6.8,6.8,6.8,6.8,81047,0
19981006,6.5,6.5,6.5,6.5,24300,0
19981007,6.8,6.8,6.8,6.8,24827,0
19981008,6.5,6.5,6.5,6.5,25140,0
19981009,7.15,7.15,7.15,7.15,86994,0
19981012,6.8,6.8,6.8,6.8,44286,0
19981013,6.85,6.85,6.85,6.85,19079,0
19981014,6.5,6.5,6.5,6.5,15820,0
19981015,6.6,6.6,6.6,6.6,22556,0
19981016,7,7,7,7,12082,0
19981019,6.8,6.8,6.8,6.8,18256,0
19981020,6.7,6.7,6.7,6.7,27818,0
19981021,6.9,6.9,6.9,6.9,13801,0
19981022,6.75,6.75,6.75,6.75,10559,0
19981023,7,7,7,7,54548,0
19981026,6.95,6.95,6.95,6.95,18319,0
19981027,6.75,6.75,6.75,6.75,27845,0
19981028,6.5,6.5,6.5,6.5,43349,0
19981029,6.3,6.3,6.3,6.3,28034,0
19981030,6.9,6.9,6.9,6.9,71591,0
19981102,7.35,7.35,7.35,7.35,26190,0
19981103,7.2,7.2,7.2,7.2,38774,0
19981104,7.4,7.4,7.4,7.4,44951,0
19981105,7.15,7.15,7.15,7.15,56934,0
19981106,7.05,7.05,7.05,7.05,18847,0
19981109,7.1,7.1,7.1,7.1,11676,0
19981110,7,7,7,7,32870,0
19981112,7,7,7,7,11997,0
19981113,7.2,7.2,7.2,7.2,30100,0
19981116,7.8,7.8,7.8,7.8,66447,0
19981117,7.8,7.8,7.8,7.8,40300,0
19981118,7.6,7.6,7.6,7.6,15716,0
19981119,7.2,7.2,7.2,7.2,16598,0
19981120,7.05,7.05,7.05,7.05,29886,0
19981123,7.2,7.2,7.2,7.2,16289,0
19981124,7.2,7.2,7.2,7.2,21119,0
19981125,7.1,7.1,7.1,7.1,28531,0
19981126,7.1,7.1,7.1,7.1,12269,0
19981127,7.2,7.2,7.2,7.2,34064,0
19981130,7.1,7.1,7.1,7.1,18044,0
19981201,7.05,7.05,7.05,7.05,15491,0
19981202,7.15,7.15,7.15,7.15,18082,0
19981203,7.55,7.55,7.55,7.55,53025,0
19981204,7.8,7.8,7.8,7.8,91861,0
19981207,8,8,8,8,63662,0
19981208,7.8,7.8,7.8,7.8,23384,0
19981209,7.5,7.5,7.5,7.5,18302,0
19981210,7.4,7.4,7.4,7.4,38446,0
19981211,7.2,7.2,7.2,7.2,23302,0
19981214,7.1,7.1,7.1,7.1,11173,0
19981215,7.05,7.05,7.05,7.05,26726,0
19981216,7.05,7.05,7.05,7.05,105987,0
19981217,7.35,7.35,7.35,7.35,25488,0
19981218,7.1,7.1,7.1,7.1,17024,0
19981221,7,7,7,7,19441,0
19981222,6.9,6.9,6.9,6.9,20689,0
19981223,7,7,7,7,15927,0
19981228,7.1,7.1,7.1,7.1,10027,0
19981229,7.2,7.2,7.2,7.2,22483,0
19981230,6.9,6.9,6.9,6.9,11908,0
19981231,7,7,7,7,10728,0
19990104,7.05,7.05,7.05,7.05,29268,0
19990105,7.15,7.15,7.15,7.15,19095,0
19990106,7.15,7.15,7.15,7.15,22436,0
19990107,7.75,7.75,7.75,7.75,57249,0
19990108,7.65,7.65,7.65,7.65,26548,0
19990111,7.9,7.9,7.9,7.9,63093,0
19990112,7.9,7.9,7.9,7.9,66590,0
19990113,7.6,7.6,7.6,7.6,30072,0
19990114,7.2,7.2,7.2,7.2,46192,0
19990115,7,7,7,7,23915,0
19990118,7.2,7.2,7.2,7.2,11553,0
19990119,7.25,7.25,7.25,7.25,27679,0
19990120,7.25,7.25,7.25,7.25,38253,0
19990121,7.05,7.05,7.05,7.05,17017,0
19990122,6.9,6.9,6.9,6.9,22867,0
19990125,6.5,6.5,6.5,6.5,15487,0
19990126,6.7,6.7,6.7,6.7,11342,0
19990127,6.75,6.75,6.75,6.75,23399,0
19990128,6.75,6.75,6.75,6.75,54101,0
19990129,6.95,6.95,6.95,6.95,26947,0
19990201,6.9,6.9,6.9,6.9,13814,0
19990202,6.7,6.7,6.7,6.7,27113,0
19990203,6.65,6.65,6.65,6.65,31355,0
19990204,6.8,6.8,6.8,6.8,13529,0
19990205,6.7,6.7,6.7,6.7,24151,0
19990208,6.7,6.7,6.7,6.7,19039,0
19990209,6.7,6.7,6.7,6.7,20201,0
19990210,6.7,6.7,6.7,6.7,54257,0
19990211,6.9,6.9,6.9,6.9,57330,0
19990212,7.3,7.3,7.3,7.3,68968,0
19990215,7.5,7.5,7.5,7.5,56418,0
19990216,7.5,7.5,7.5,7.5,27495,0
19990217,7.2,7.2,7.2,7.2,36813,0
19990218,7.05,7.05,7.05,7.05,37853,0
19990219,7,7,7,7,23118,0
19990222,6.9,6.9,6.9,6.9,75233,0
19990223,7,7,7,7,43487,0
19990224,7,7,7,7,41721,0
19990225,6.9,6.9,6.9,6.9,18766,0
19990226,6.85,6.85,6.85,6.85,19562,0
19990301,6.9,6.9,6.9,6.9,16786,0
19990302,7,7,7,7,15365,0
19990303,7,7,7,7,15411,0
19990304,6.9,6.9,6.9,6.9,36282,0
19990305,7,7,7,7,49289,0
19990308,7,7,7,7,4952,0
19990309,7.2,7.2,7.2,7.2,21458,0
19990310,7.2,7.2,7.2,7.2,19453,0
19990311,7.3,7.3,7.3,7.3,19685,0
19990312,7.4,7.4,7.4,7.4,33951,0
19990315,7.4,7.4,7.4,7.4,53013,0
19990316,7.3,7.3,7.3,7.3,42641,0
19990317,7,7,7,7,13879,0
19990318,7.1,7.1,7.1,7.1,26101,0
19990319,7.3,7.3,7.3,7.3,15585,0
19990322,7.5,7.5,7.5,7.5,45068,0
19990323,7.4,7.4,7.4,7.4,28215,0
19990324,7,7,7,7,33491,0
19990325,7.3,7.3,7.3,7.3,29781,0
19990326,7.6,7.6,7.6,7.6,63352,0
19990329,7.8,7.8,7.8,7.8,50452,0
19990330,7.8,7.8,7.8,7.8,74803,0
19990331,7.85,7.85,7.85,7.85,32324,0
19990401,7.8,7.8,7.8,7.8,12958,0
19990406,8.2,8.2,8.2,8.2,24167,0
19990407,9,9,9,9,59848,0
19990408,9.8,9.8,9.8,9.8,71062,0
19990409,9.5,9.5,9.5,9.5,39570,0
19990412,9,9,9,9,18843,0
19990413,9.2,9.2,9.2,9.2,38150,0
19990414,9.3,9.3,9.3,9.3,64436,0
19990415,9.35,9.35,9.35,9.35,55250,0
19990416,9.4,9.4,9.4,9.4,19045,0
19990419,9.6,9.6,9.6,9.6,25393,0
19990420,10.5,10.5,10.5,10.5,99722,0
19990421,10.2,10.2,10.2,10.2,40843,0
19990422,10.5,10.5,10.5,10.5,38230,0
19990423,10.3,10.3,10.3,10.3,35066,0
19990426,10.7,10.7,10.7,10.7,16881,0
19990427,11.5,11.5,11.5,11.5,17573,0
19990428,12,12,12,12,56746,0
19990429,13.2,13.2,13.2,13.2,54935,0
19990430,13.2,13.2,13.2,13.2,57587,0
19990504,12.8,12.8,12.8,12.8,16008,0
19990505,13.1,13.1,13.1,13.1,77068,0
19990506,13.5,13.5,13.5,13.5,9896,0
19990507,12.6,12.6,12.6,12.6,8182,0
19990510,12.6,12.6,12.6,12.6,16967,0
19990511,12,12,12,12,16757,0
19990512,11.1,11.1,11.1,11.1,18649,0
19990513,11.7,11.7,11.7,11.7,35555,0
19990514,12,12,12,12,22888,0
19990517,12.5,12.8,12.5,12.5,43008,0
19990518,12.8,13.3,12.8,13.2,14917,0
19990519,13.5,14.2,13.5,13.9,29078,0
19990520,13.9,14,13.9,14,25901,0
19990521,13.4,13.4,12.7,13.3,11505,0
19990524,12.2,12.9,12.2,12.8,9190,0
19990525,12.8,13,12.8,13,10067,0
19990526,12.7,13,12.7,12.8,4409,0
19990527,13,13,12.8,12.8,20003,0
19990528,13.2,13.4,13.2,13.3,24329,0
19990531,13.8,14.5,13.8,14.4,18559,0
19990601,14.2,14.3,14.2,14.3,16897,0
19990602,13,13.8,13,13.5,6885,0
19990607,14.1,14.3,14,14,8780,0
19990608,15,15.6,14.9,14.9,38985,0
19990609,15.6,16.1,15.6,16.1,24621,0
19990610,16.5,17.2,15.6,15.8,12931,0
19990611,17,17,16.8,16.8,25012,0
19990614,17.2,17.2,16.7,16.9,12175,0
19990615,16.5,16.5,15.7,15.7,11159,0
19990616,16,16,15.3,15.3,9745,0
19990617,15.5,15.8,15.5,15.8,9637,0
19990618,16,16.5,16,16.3,4666,0
19990621,16.2,16.5,16.2,16.5,2754,0
19990622,15.5,15.5,15.2,15.2,7056,0
19990623,15,15,15,15,10611,0
19990624,15.2,15.5,15.2,15.5,6742,0
19990625,15.5,16.2,15.5,16,9979,0
19990628,15.5,15.5,14.6,14.6,21431,0
19990629,14.7,15.2,14.7,15.2,8812,0
19990630,14.5,14.5,14.5,14.5,6868,0
19990701,14.3,14.8,14.3,14.8,3440,0
19990702,14.2,14.4,14.2,14.4,1907,0
19990705,14.7,14.7,13.5,14.3,11088,0
19990706,14.5,14.5,14.5,14.5,7800,0
19990707,14.1,14.1,14,14,2687,0
19990708,13.8,14.3,13.8,14.2,10307,0
19990709,14.1,14.3,14,14,12922,0
19990712,13.5,13.5,13,13.2,12190,0
19990713,13.5,13.5,13.4,13.5,16714,0
19990714,13.8,13.8,13.5,13.5,12786,0
19990715,13.5,13.5,13.5,13.5,11341,0
19990716,13.5,13.6,13.5,13.6,3050,0
19990719,13.6,13.6,13.2,13.2,5638,0
19990720,12.9,12.9,12.5,12.5,6003,0
19990721,11.7,11.9,11.7,11.9,7372,0
19990722,12,12,12,12,5579,0
19990723,12.5,12.5,12.5,12.5,4153,0
19990726,12.6,12.6,12.6,12.6,2197,0
19990727,12,12,12,12,1658,0
19990728,12.4,12.4,12.4,12.4,2799,0
19990729,12.1,12.1,12.1,12.1,800,0
19990730,12.1,12.1,12.1,12.1,3584,0
19990802,12.3,12.3,12.3,12.3,1387,0
19990803,12,12,11.1,11.6,4169,0
19990804,11.9,11.9,11.9,11.9,900,0
19990805,11.8,11.8,11.8,11.8,1214,0
19990806,11.8,11.8,11.8,11.8,1150,0
19990809,11.2,11.5,11.2,11.5,955,0
19990810,11.5,11.5,11.5,11.5,2188,0
19990811,11.5,11.5,11.5,11.5,2591,0
19990812,11.5,11.9,11.5,11.9,1545,0
19990813,11.8,11.8,11.8,11.8,1050,0
19990816,12,12.2,12,12.2,3401,0
19990817,12.6,12.6,12.6,12.6,2237,0
19990818,12.4,12.4,12.4,12.4,4437,0
19990819,11.9,11.9,11.9,11.9,3196,0
19990820,12.4,12.4,12,12.3,1556,0
19990823,12.3,12.3,12.2,12.2,2250,0
19990824,12.3,12.5,12.3,12.4,1700,0
19990825,12.5,12.8,12.5,12.8,2763,0
19990826,12.7,12.7,12.7,12.7,1910,0
19990827,11.8,11.8,11.8,11.8,1349,0
19990830,12,12,12,12,2377,0
19990831,12,12,12,12,2447,0
19990901,12,12,12,12,1489,0
19990902,12,12,12,12,250,0
19990903,11.9,12.1,11.9,12.1,2818,0
19990906,12.2,12.2,12.2,12.2,1500,0
19990907,12.2,12.4,12.2,12.4,6241,0
19990908,12.4,12.4,12.4,12.4,400,0
19990909,11.9,11.9,11.6,11.6,3179,0
19990910,12,12,12,12,1415,0
19990913,11.5,11.5,11.5,11.5,490,0
19990914,10.6,10.9,10.6,10.8,3957,0
19990915,10.3,10.3,10.3,10.3,3784,0
19990916,10.2,10.2,9.9,9.9,4613,0
19990917,10,10,10,10,3045,0
19990920,10.3,10.3,10,10.1,5747,0
19990921,10,10,9.9,9.9,1696,0
19990922,9.5,9.5,9.5,9.5,1323,0
19990923,9,9.9,9,9.9,7572,0
19990924,9,9,8.8,9,14878,0
19990927,9.05,9.05,9.05,9.05,6485,0
19990928,9.25,9.25,9,9.05,3305,0
19990929,9.1,9.1,9,9,7201,0
19990930,9,9.1,8.9,9.1,7500,0
19991001,9.3,9.6,9.3,9.6,2960,0
19991004,10.1,10.1,10.1,10.1,2674,0
19991005,10.5,10.5,10.5,10.5,2357,0
19991006,10.8,11,10.8,11,6520,0
19991007,10.8,10.95,10.8,10.95,2526,0
19991008,10.8,10.8,10.8,10.8,769,0
19991011,10.8,10.8,10.8,10.8,6401,0
19991012,10.8,10.8,10.8,10.8,5209,0
19991013,10.7,10.7,10.7,10.7,10711,0
19991014,10.8,10.8,10.8,10.8,7649,0
19991015,10.4,10.9,10.4,10.9,348,0
19991018,10.15,10.15,10.15,10.15,5702,0
19991019,10.5,10.8,10.5,10.8,2026,0
19991020,10.85,11.05,10.85,11.05,3366,0
19991021,11.1,11.1,11,11,4197,0
19991022,10,10,10,10,4635,0
19991025,11,11.9,11,11.8,9899,0
19991026,11.8,11.8,11.3,11.4,6134,0
19991027,11.65,11.75,11.65,11.7,27158,0
19991028,11.9,12.05,11.85,11.85,5911,0
19991029,12,12,11.85,11.85,4476,0
19991103,12.25,12.3,12.2,12.2,64472,0
19991104,12.2,12.2,12.2,12.2,6574,0
19991105,12,12.2,12,12.15,48440,0
19991108,12.05,12.15,12.05,12.15,12337,0
19991109,12.15,12.2,12.15,12.15,13231,0
19991110,12.2,12.2,12.2,12.2,10533,0
19991115,12.2,12.2,12.2,12.2,7276,0
19991116,12.25,12.25,12.25,12.25,7172,0
19991117,12.2,12.2,12.2,12.2,800,0
19991118,12.2,12.2,12.2,12.2,4240,0
19991119,12.2,12.25,12.2,12.2,21763,0
19991122,12.2,12.25,12.2,12.25,4465,0
19991123,12.25,12.25,12.25,12.25,13620,0
19991124,12.3,12.3,12.25,12.25,3814,0
19991125,12.25,12.25,12.25,12.25,9671,0
19991126,12.25,12.25,12.25,12.25,4699,0
19991129,12.25,12.3,12.25,12.3,1838,0
19991130,12.3,12.3,12.3,12.3,1623,0
19991201,12.4,12.4,12.4,12.4,2497,0
19991202,12.25,12.25,12.25,12.25,2331,0
19991203,12.3,12.3,12.2,12.2,5605,0
19991206,12.2,12.2,12.2,12.2,4810,0
19991207,12.2,12.2,12.2,12.2,2254,0
19991208,12,12,12,12,1162,0
19991209,11.9,11.9,11.9,11.9,1320,0
19991210,11.8,11.8,11.8,11.8,1726,0
19991213,11.6,11.6,11.6,11.6,2064,0
19991214,11.4,11.4,11.4,11.4,1097,0
19991215,11.2,11.2,11.2,11.2,1643,0
19991216,11.4,11.4,11.4,11.4,500,0
19991217,11.1,11.1,11.1,11.1,1570,0
19991220,11.2,11.2,11.2,11.2,2061,0
19991221,11.7,11.7,11.6,11.6,2167,0
19991222,11.6,11.6,11.6,11.6,1402,0
19991223,12.5,13,12.5,13,6698,0
19991227,13.75,14.9,13.75,14.9,6748,0
19991228,15.1,15.1,15.1,15.1,9913,0
19991229,13.6,14.7,13.6,14.2,3088,0
20000103,14.95,15.1,14.95,15,3481,0
20000104,15,15.1,14.5,15,13623,0
20000105,13.8,14.4,13.8,14.4,2715,0
20000106,14.5,14.5,14.4,14.5,2738,0
20000107,14.4,15,14.4,15,8494,0
20000110,14.5,14.5,14.5,14.5,5456,0
20000111,13.9,13.9,13.9,13.9,3841,0
20000112,13.4,13.4,13.4,13.4,2705,0
20000113,13.2,13.2,12.7,12.7,2227,0
20000114,14.15,14.15,13.75,13.75,2923,0
20000117,13.9,14,13.9,14,3764,0
20000118,14.1,14.1,14.1,14.1,1283,0
20000119,13.45,13.45,13.45,13.45,605,0
20000120,13.5,13.5,13.5,13.5,83,0
20000121,13.2,13.2,13,13,2750,0
20000124,13.2,13.2,13.2,13.2,2210,0
20000125,11.9,12,11.9,12,2787,0
20000126,12.6,13,12.6,13,1850,0
20000127,12.9,12.9,12.9,12.9,4280,0
20000128,12.9,12.9,12.9,12.9,1199,0
20000131,12.4,12.4,12.4,12.4,235,0
20000201,12.8,12.8,12.3,12.3,2221,0
20000202,12.7,12.7,12.7,12.7,1050,0
20000203,12.9,13,12.9,13,1850,0
20000204,13.1,13.4,13.1,13.4,5064,0
20000207,13,13,12.8,12.8,3900,0
20000208,12.5,12.5,12.5,12.5,1725,0
20000209,12.8,12.8,12.8,12.8,2160,0
20000210,12.5,12.5,12.5,12.5,1410,0
20000211,12.5,12.5,12.5,12.5,646,0
20000214,12.5,12.5,12.5,12.5,1002,0
20000215,13,13,13,13,918,0
20000216,12.5,12.5,12.5,12.5,1530,0
20000217,12.2,12.2,12.2,12.2,1473,0
20000218,12.5,12.5,12.5,12.5,770,0
20000221,11.9,11.9,11.9,11.9,1030,0
20000222,11.9,11.9,11.9,11.9,699,0
20000223,11.7,11.7,11.7,11.7,978,0
20000224,11.2,11.2,11.2,11.2,1685,0
20000225,11,11,11,11,2553,0
20000228,10.1,10.1,10.1,10.1,3442,0
20000229,10.2,10.2,9.7,9.9,2050,0
20000301,10.1,10.1,9.6,9.6,2876,0
20000302,10.1,10.1,10.1,10.1,1244,0
20000303,11.1,12.2,11.1,12.2,2360,0
20000306,12.2,14.5,12.2,14,5750,0
20000307,13.8,14,13,13,15181,0
20000308,13,13,11.75,12.3,6677,0
20000309,12,12.4,12,12.4,4247,0
20000310,12.2,12.2,11.6,11.6,1725,0
20000313,11.05,11.1,11.05,11.05,5952,0
20000314,11.15,11.15,11.15,11.15,2776,0
20000315,11.5,11.5,11.5,11.5,1195,0
20000316,11.6,11.6,11.6,11.6,2730,0
20000317,11.7,11.7,11.7,11.7,3488,0
20000320,12.1,12.1,12.1,12.1,3766,0
20000321,12.5,12.5,12.5,12.5,2207,0
20000322,12.9,13,12.9,13,2950,0
20000323,12.7,12.7,12.7,12.7,3592,0
20000324,12.95,12.95,12.95,12.95,2290,0
20000327,13,13,13,13,5074,0
20000328,13.2,13.2,13.2,13.2,8344,0
20000329,13,13.2,13,13.2,2265,0
20000330,12.9,12.9,12.9,12.9,2985,0
20000331,12.5,12.5,12.5,12.5,2640,0
20000403,12.9,12.9,12.9,12.9,555,0
20000404,12.8,12.8,12.8,12.8,1055,0
20000405,12.8,12.8,12.8,12.8,1480,0
20000406,12.7,12.7,12.7,12.7,2000,0
20000407,13,13,13,13,1878,0
20000410,13.5,13.5,13.5,13.5,2463,0
20000411,13.5,13.5,13.5,13.5,6345,0
20000412,13.5,13.65,13.5,13.65,12736,0
20000413,14,14,14,14,4368,0
20000414,14.6,14.6,14,14,6982,0
20000417,14.2,14.2,13.9,14.1,16470,0
20000418,15.2,15.6,15.2,15.6,12215,0
20000419,16,16.8,16,16.5,19211,0
20000420,15.9,15.9,15.9,15.9,6351,0
20000425,15.3,15.3,14.9,14.9,6497,0
20000426,15.65,16,15.65,16,4977,0
20000427,16,16.1,15.95,15.95,7404,0
20000428,15.9,15.9,15.5,15.5,1398,0
20000504,15.6,15.6,15,15,2750,0
20000505,15.4,15.4,14.8,14.8,2858,0
20000508,14.8,14.8,14.8,14.8,4430,0
20000509,14.7,14.7,14.7,14.7,452,0
20000510,14.7,14.7,14.7,14.7,2215,0
20000511,14.7,14.7,14.7,14.7,1233,0
20000512,14.65,14.65,14.65,14.65,1000,0
20000515,14,14,14,14,762,0
20000516,14.3,14.3,14,14,1280,0
20000517,14,14,14,14,2023,0
20000518,14.2,14.2,14.2,14.2,687,0
20000519,14.2,14.2,14.2,14.2,620,0
20000522,14.1,14.1,14.1,14.1,1380,0
20000523,14.3,14.9,14.3,14.9,710,0
20000524,14.5,14.5,14.3,14.3,2133,0
20000525,14.5,14.5,14.5,14.5,1798,0
20000526,14.6,14.6,14.6,14.6,830,0
20000529,14.9,15.6,14.9,15.6,1777,0
20000530,15.5,15.5,15.5,15.5,5806,0
20000531,15.3,16.9,15.3,15.5,9806,0
20000601,15.6,16.2,15.55,16.2,6287,0
20000602,15.9,15.9,15.9,15.9,3730,0
20000605,16,16,16,16,1507,0
20000606,15.4,15.4,15.4,15.4,5450,0
20000607,14.9,14.9,14.9,14.9,1500,0
20000608,14.2,14.2,14.2,14.2,3140,0
20000609,14,14,14,14,3597,0
20000612,14.1,14.1,14.1,14.1,2946,0
20000613,13.95,14,13.95,14,2471,0
20000614,13.8,13.8,13.8,13.8,1491,0
20000615,13.45,13.45,13.35,13.35,2041,0
20000616,13.6,14,13.6,14,2892,0
20000619,14,14,14,14,2800,0
20000620,13.6,13.6,13.6,13.6,490,0
20000621,13.5,13.75,13.5,13.75,2170,0
20000623,13.4,13.4,13.4,13.4,1250,0
20000626,13.3,13.3,13.3,13.3,719,0
20000627,12.8,12.8,12.8,12.8,600,0
20000628,13,13,13,13,1050,0
20000629,12.6,12.6,12.6,12.6,2250,0
20000630,12.6,12.6,12.6,12.6,90,0
20000703,12.85,12.85,12.85,12.85,1164,0
20000704,13.2,13.2,13.2,13.2,1366,0
20000705,13.2,13.2,13.2,13.2,1204,0
20000706,13.2,13.2,13.2,13.2,794,0
20000707,13,13,12.7,12.7,1200,0
20000710,12.7,13.2,12.7,13.2,1350,0
20000711,13.1,13.4,13.1,13.3,4918,0
20000712,13.5,14,13.5,13.8,4470,0
20000713,13.8,13.8,13.2,13.65,3197,0
20000714,13.5,13.5,13.5,13.5,414,0
20000717,13.25,13.25,13.25,13.25,957,0
20000718,13.5,13.5,13.5,13.5,1598,0
20000719,13.6,13.6,13.6,13.6,1000,0
20000720,13.45,13.7,13.3,13.7,535,0
20000721,13.4,13.4,13.4,13.4,100,0
20000724,13.5,13.5,13.2,13.2,824,0
20000725,13.3,13.3,13.1,13.1,1832,0
20000726,13,13,12.6,12.6,2907,0
20000727,12.8,12.8,12.4,12.4,2670,0
20000728,12.55,12.55,12.55,12.55,1991,0
20000731,12.4,12.4,12.4,12.4,1150,0
20000801,12.4,12.4,12.4,12.4,1720,0
20000802,12.4,12.6,12.4,12.6,545,0
20000803,12.5,12.5,12.3,12.3,1452,0
20000804,12.4,12.4,10.8,12,2494,0
20000807,12.4,12.4,12.4,12.4,600,0
20000808,12.25,12.25,12.25,12.25,1046,0
20000809,12.2,12.2,12.2,12.2,2889,0
20000810,12.3,12.3,12.3,12.3,1480,0
20000811,12.3,12.3,12.3,12.3,1609,0
20000814,12.4,12.4,12.4,12.4,1750,0
20000816,12.6,13,12.6,13,1402,0
20000817,13,13,12.6,12.6,2950,0
20000818,12.6,12.9,12.6,12.9,1289,0
20000821,13.2,13.2,13,13,1940,0
20000822,13,13,13,13,1034,0
20000823,12.7,12.7,12.7,12.7,300,0
20000824,12.7,12.7,12.7,12.7,1456,0
20000825,12.8,12.8,12.8,12.8,1000,0
20000828,12.7,12.7,12.7,12.7,350,0
20000829,12.95,12.95,12.95,12.95,1500,0
20000830,12.3,12.3,12.3,12.3,1303,0
20000831,12.5,12.5,12.5,12.5,2224,0
20000901,12.7,12.7,12.7,12.7,3581,0
20000904,12.5,12.5,12.5,12.5,1500,0
20000905,12.5,12.5,12.5,12.5,1199,0
20000906,12.2,12.2,12.2,12.2,200,0
20000907,12.35,12.35,12.35,12.35,440,0
20000908,12.15,12.15,12.15,12.15,274,0
20000911,12,12,12,12,1000,0
20000912,12,12,12,12,680,0
20000913,12,12,12,12,80,0
20000914,12,12,12,12,1000,0
20000915,12.1,12.1,12.1,12.1,615,0
20000918,12,12,12,12,850,0
20000919,12.15,12.15,12.15,12.15,150,0
20000920,12,12,12,12,1713,0
20000921,11.9,11.9,11.9,11.9,500,0
20000922,11.75,11.75,11.75,11.75,737,0
20000925,11.5,11.5,11.5,11.5,1495,0
20000926,11.3,11.3,11.3,11.3,1700,0
20000927,11.3,11.3,11.3,11.3,1000,0
20000928,11.3,11.3,11.3,11.3,200,0
20000929,11.4,11.4,11.4,11.4,414,0
20001002,11.3,11.3,11.3,11.3,100,0
20001003,11.5,11.5,11.5,11.5,613,0
20001004,11.6,11.6,11.6,11.6,417,0
20001005,11.3,11.3,11.3,11.3,600,0
20001006,11.3,11.3,11.3,11.3,100,0
20001009,11.3,11.3,11.3,11.3,1784,0
20001010,11.2,11.2,11.2,11.2,280,0
20001011,11.2,12.6,11.2,12.5,3200,0
20001012,11.4,11.4,11.4,11.4,2186,0
20001013,10.95,11.25,10.95,11.25,650,0
20001016,11.3,11.3,11.3,11.3,400,0
20001017,11.4,11.6,11.4,11.6,350,0
20001018,11.4,11.4,11.4,11.4,500,0
20001019,11.4,11.4,11.4,11.4,1763,0
20001020,11.6,11.8,11.6,11.8,2000,0
20001023,11.5,11.8,11.5,11.8,2945,0
20001024,11.3,11.3,11.3,11.3,529,0
20001025,11.3,11.3,11.3,11.3,2666,0
20001026,11.3,11.3,11.3,11.3,100,0
20001027,11,11,11,11,25,0
20001030,10.65,10.65,10.65,10.65,108,0
20001031,10.7,10.7,10.7,10.7,150,0
20001102,10.65,10.65,10.65,10.65,537,0
20001103,10.65,10.65,10.65,10.65,2514,0
20001106,10.65,10.65,10.65,10.65,1090,0
20001107,10.9,10.9,10.9,10.9,1623,0
20001108,11,11,11,11,1430,0
20001109,10.9,10.9,10.9,10.9,1836,0
20001110,10.8,10.8,10.8,10.8,310,0
20001113,10.3,10.8,10.3,10.8,12047,0
20001114,10.45,10.45,10.45,10.45,500,0
20001115,10.45,10.45,10.45,10.45,1935,0
20001116,10.4,10.4,10.4,10.4,200,0
20001117,10.5,10.5,10.5,10.5,362,0
20001120,10.7,10.7,10.7,10.7,905,0
20001121,10.7,10.8,10.7,10.8,731,0
20001122,10.7,10.7,10.7,10.7,405,0
20001123,10.9,10.9,10.85,10.85,411,0
20001124,10.8,10.8,10.6,10.6,265,0
20001127,10.9,10.9,10.9,10.9,105,0
20001128,10.6,10.6,10.6,10.6,220,0
20001129,10.5,10.6,10.5,10.6,633,0
20001130,10.55,10.55,10.55,10.55,302,0
20001201,10.5,10.5,10.5,10.5,356,0
20001204,10.1,10.6,10.1,10.6,690,0
20001205,10.25,10.5,10.25,10.5,76,0
20001206,10.1,10.45,10.1,10.45,253,0
20001207,10.4,10.4,10.4,10.4,545,0
20001208,10.4,10.4,10.1,10.1,261,0
20001211,10.3,10.3,10,10,650,0
20001212,9.8,10,9.8,10,4447,0
20001213,10.2,10.2,10.2,10.2,1291,0
20001214,10.3,10.3,10,10,700,0
20001215,10.1,10.1,10.1,10.1,9000,0
20001218,10.1,10.1,10,10,204,0
20001219,9.9,9.9,9.8,9.8,886,0
20001220,9.9,9.9,9.9,9.9,522,0
20001221,9.8,9.8,9.75,9.75,150,0
20001222,9.7,9.7,9.7,9.7,450,0
20001227,9.75,9.75,9.4,9.4,1082,0
20001228,9.6,9.6,9.6,9.6,1702,0
20001229,9.4,9.85,9.4,9.85,320,0
20010102,9.5,9.7,9.5,9.7,388,0
20010103,9.7,9.7,9.65,9.65,715,0
20010104,9.6,9.75,9.6,9.75,2041,0
20010105,9.85,9.85,9.75,9.75,120,0
20010108,9.55,9.55,9.55,9.55,1415,0
20010109,9.6,9.6,9.6,9.6,100,0
20010110,9.9,9.9,9.85,9.85,1997,0
20010111,10.2,10.2,9.9,9.9,1415,0
20010112,10.2,10.4,10.2,10.4,1944,0
20010115,10.7,10.8,10.7,10.8,2932,0
20010116,11.1,11.95,11.1,11.95,6699,0
20010117,12.1,12.1,12.1,12.1,5864,0
20010118,11.2,11.5,11.2,11.5,1496,0
20010119,11.2,11.2,11,11,997,0
20010122,11,11,10.6,10.6,40,0
20010123,10.65,11.7,10.65,11.7,1170,0
20010124,11.6,11.6,11,11,999,0
20010125,10.8,10.8,10.8,10.8,443,0
20010126,11.45,11.45,11.4,11.4,201,0
20010129,11,11,11,11,48,0
20010130,11.1,11.1,11,11,1546,0
20010131,10.95,10.95,10.8,10.8,1199,0
20010201,10.7,10.7,10.7,10.7,1356,0
20010202,11,11,10.7,10.7,370,0
20010205,10.8,10.8,10.5,10.5,1715,0
20010206,10.5,10.5,10.5,10.5,1100,0
20010207,9.9,9.9,9.9,9.9,947,0
20010208,9.6,9.6,9.45,9.45,2205,0
20010209,9.9,9.9,9.5,9.5,380,0
20010212,9.55,9.55,9.5,9.5,189,0
20010213,9.05,9.25,9.05,9.25,190,0
20010214,9.55,9.55,9,9,286,0
20010215,9.1,9.1,9.1,9.1,833,0
20010216,9,9,8.9,8.9,2535,0
20010219,8.6,8.7,8.6,8.7,266,0
20010220,8.8,8.8,8.8,8.8,400,0
20010221,8.5,8.5,8.1,8.1,1443,0
20010222,8.5,8.5,8.5,8.5,10,0
20010223,8.35,8.35,8.35,8.35,100,0
20010226,8.1,8.1,8.1,8.1,856,0
20010227,8.1,8.1,8.1,8.1,628,0
20010228,8.6,8.6,8.6,8.6,20,0
20010301,8.3,8.3,8.3,8.3,110,0
20010302,7.9,7.9,7.85,7.85,530,0
20010305,7.7,7.7,7.7,7.7,130,0
20010306,7.7,7.95,7.7,7.95,271,0
20010307,7.75,7.8,7.75,7.8,610,0
20010308,7.75,7.75,7.7,7.7,200,0
20010309,7.6,7.6,7.6,7.6,150,0
20010312,7.5,7.5,6.9,6.9,720,0
20010313,6.25,6.25,6.1,6.1,256,0
20010314,6.1,6.25,6.1,6.25,1065,0
20010315,6.1,6.1,6.1,6.1,387,0
20010316,6.1,6.1,6,6,250,0
20010319,5.9,5.9,5.9,5.9,890,0
20010320,6.2,6.2,6.2,6.2,752,0
20010321,6.15,6.15,6.15,6.15,1530,0
20010322,5.65,6.1,5.65,6.1,701,0
20010323,6.15,6.2,6.15,6.2,963,0
20010326,6.1,6.55,6.1,6.55,850,0
20010327,6,6.5,6,6.5,716,0
20010328,6.4,6.45,6.4,6.45,150,0
20010329,6.3,6.3,6,6,530,0
20010330,6.15,6.2,6.15,6.2,1170,0
20010402,6.5,6.5,6.5,6.5,150,0
20010403,6.45,6.45,6.45,6.45,436,0
20010404,6.3,6.3,6.2,6.2,550,0
20010405,6.4,6.4,6.4,6.4,163,0
20010406,6.5,6.5,6.5,6.5,150,0
20010409,6.3,6.3,6.3,6.3,370,0
20010410,6.4,6.4,6.3,6.3,333,0
20010411,6.35,6.5,6.35,6.5,1247,0
20010412,6.6,6.6,6.3,6.3,1275,0
20010417,6.2,6.2,6.2,6.2,500,0
20010418,6.45,6.45,6.2,6.2,299,0
20010419,6.2,6.2,6.2,6.2,650,0
20010420,6.1,6.1,6,6,901,0
20010423,6.05,6.05,5.8,5.8,597,0
20010424,5.75,5.75,5.6,5.6,2434,0
20010425,5.5,5.5,5.45,5.45,62,0
20010426,5.5,5.5,5.1,5.1,2895,0
20010427,5.55,5.55,5.5,5.5,701,0
20010430,5.45,5.45,5.45,5.45,738,0
20010502,5.5,5.5,5.5,5.5,793,0
20010504,5.3,5.4,5.3,5.4,310,0
20010507,5.3,5.3,5.1,5.1,650,0
20010508,5.05,5.05,5.05,5.05,583,0
20010509,5,5.05,5,5.05,727,0
20010510,4.93,5,4.93,5,280,0
20010511,4.99,5,4.99,5,300,0
20010514,4.9,4.9,4.85,4.85,1237,0
20010515,4.7,4.7,4.65,4.65,1965,0
20010516,4.6,4.6,4.6,4.6,1300,0
20010517,4.35,4.5,4.35,4.5,1994,0
20010518,4.6,4.6,4.6,4.6,1901,0
20010521,4.95,4.95,4.95,4.95,262,0
20010522,4.89,4.89,4.89,4.89,900,0
20010523,4.6,4.8,4.6,4.8,779,0
20010524,4.7,4.7,4.68,4.68,20,0
20010525,4.68,4.68,4.26,4.26,20,0
20010528,4.68,4.68,4.3,4.3,310,0
20010529,4.68,4.68,4.68,4.68,310,0
20010530,4.8,4.8,4.78,4.78,100,0
20010531,4.7,4.7,4.7,4.7,210,0
20010601,4.4,4.4,4.4,4.4,285,0
20010604,4.4,4.6,4.4,4.6,230,0
20010605,4.67,4.67,4.67,4.67,20,0
20010606,4.4,4.4,4.4,4.4,1150,0
20010608,7.5,7.5,7.4,7.4,12263,0
20010611,7.4,7.5,7.4,7.5,24130,0
20010612,7.55,7.55,7.55,7.55,13596,0
20010613,7.55,7.55,7.55,7.55,4113,0
20010615,7.55,7.55,7.55,7.55,4894,0
20010618,7.55,7.55,7.55,7.55,14364,0
20010619,7.55,7.55,7.55,7.55,3444,0
20010620,7.55,7.55,7.55,7.55,16796,0
20010621,7.6,7.6,7.6,7.6,1980,0
20010622,7.55,7.55,7.55,7.55,1379,0
20010625,7.6,7.6,7.6,7.6,21501,0
20010626,7.6,7.6,7.6,7.6,9634,0
20010627,7.6,7.6,7.6,7.6,809,0
20010628,7.6,7.6,7.6,7.6,217,0
20010629,7.6,7.65,7.6,7.65,9796,0
20010702,7.65,7.65,7.65,7.65,2000,0
20010703,7.65,7.65,7.65,7.65,1258,0
20010704,7.65,7.65,7.65,7.65,703,0
20010705,7.65,7.65,7.65,7.65,5917,0
20010706,7.65,7.65,7.65,7.65,2189,0
20010709,7.65,7.65,7.6,7.6,470,0
20010710,7.6,7.6,7.5,7.5,126,0
20010711,7.6,7.65,7.6,7.65,8867,0
20010712,6.5,6.5,6.5,6.5,50,0
20010713,7.4,7.4,7.4,7.4,61,0
20010716,7.5,7.5,7.5,7.5,805,0
20010717,7.6,7.6,7.6,7.6,2,0
20010718,6.85,6.85,6.2,6.2,290,0
20010719,5.5,5.5,5.5,5.5,180,0
20010720,6,6,6,6,15,0
20010723,5.7,5.7,5.7,5.7,2,0
20010724,5.8,5.8,5.8,5.8,1,0
20010725,5.5,5.5,5.5,5.5,2,0
20010726,5.5,5.5,5.5,5.5,2,0
20010727,5.6,5.6,5.6,5.6,1,0
20010730,5.6,5.6,5.6,5.6,100,0
20010731,5.9,5.9,5.75,5.75,2,0
20010802,6.5,7.1,6.5,7.1,11,0
20010803,7.7,7.7,7.7,7.7,2,0
20010806,7.6,7.6,7.6,7.6,50,0
20010809,7,7,7,7,10,0
20010813,7.1,7.1,7.1,7.1,10,0
20010814,7,7.1,7,7.1,355,0
20010816,7.5,7.5,7.4,7.4,354,0
20010817,7.2,7.2,7.2,7.2,44,0
20010820,5.75,6.3,5.75,6.3,15,0
20010821,7.4,7.4,7.4,7.4,2,0
20010822,7.4,7.4,7.4,7.4,1,0
20010823,7,7,7,7,1,0
20010824,7,7,7,7,34,0
20010827,7.4,7.4,7.4,7.4,20,0
20010828,7.4,7.4,7.4,7.4,1,0
20010829,7.4,7.4,7.4,7.4,191,0
20010830,7.45,7.45,6.15,6.15,130,0
20010831,6.25,6.25,5.9,5.9,410,0
20010903,5.9,5.95,5.9,5.95,20,0
20010904,5.9,5.9,5.9,5.9,20,0
20010905,5.85,5.85,5.85,5.85,10,0
20010906,5.9,5.9,5.9,5.9,10,0
20010907,6.3,6.3,5.9,5.9,105,0
20010910,5.9,5.9,5.9,5.9,20,0
20010911,5.85,5.85,5.85,5.85,10,0
20010912,5.85,5.85,5.6,5.6,10,0
20010913,5.65,5.65,5.65,5.65,10,0
20010914,5.65,5.65,5.65,5.65,15,0
20010918,6.05,6.05,6.05,6.05,20,0
20010919,6.45,6.7,6.45,6.7,115,0
20010920,6.1,6.1,6.1,6.1,15,0
20010921,5.6,5.6,5.6,5.6,25,0
20010925,5.05,5.05,4.5,4.5,140,0
20010926,4.95,4.95,4.8,4.8,10,0
20010927,5.7,5.7,5.7,5.7,99,0
20010928,5.8,5.8,5.8,5.8,10,0
20011001,6.2,6.2,6,6,452,0
20011002,5.1,5.2,5.1,5.2,221,0
20011003,4.81,5,4.81,5,128,0
20011004,5,5,5,5,105,0
20011005,5.6,5.6,5.05,5.05,31,0
20011008,6,6,5.4,5.4,5,0
20011009,5.3,5.3,5.3,5.3,12,0
20011010,5,5.8,5,5.8,11,0
20011011,5.25,5.25,4.5,4.5,946,0
20011012,4.75,5,4.75,5,405,0
20011015,5.1,5.1,4.9,4.9,10,0
20011016,4.9,4.9,4.9,4.9,10,0
20011017,4.9,4.9,4.9,4.9,9,0
20011018,4.9,4.9,4.9,4.9,49,0
20011019,4.9,5,4.9,5,15,0
20011022,4.9,4.9,4.9,4.9,20,0
20011023,4.9,4.9,4.9,4.9,17,0
20011024,4.65,4.65,4.65,4.65,50,0
20011025,4.65,4.66,4.65,4.66,10,0
20011026,4.72,4.72,4.72,4.72,10,0
20011029,5.3,5.3,5.3,5.3,279,0
20011030,4.65,4.66,4.65,4.66,20,0
20011031,4.65,4.65,4.65,4.65,15,0
20011102,4.69,4.69,4.69,4.69,15,0
20011105,5.15,5.6,5.15,5.6,96,0
20011106,6,6.05,6,6.05,73,0
20011107,6.9,6.9,6.9,6.9,60,0
20011108,6,6,6,6,135,0
20011109,6,6,6,6,726,0
20011112,6,6,5.5,5.5,120,0
20011113,6.1,6.1,6.1,6.1,14,0
20011114,6.1,6.1,6.1,6.1,171,0
20011115,6.8,6.9,6.8,6.9,40,0
20011116,6.9,6.9,6.2,6.2,92,0
20011119,6.2,6.2,6,6,123,0
20011120,6,6.1,6,6.1,400,0
20011121,5.8,6,5.8,6,10,0
20011122,4.86,5.8,4.86,5.8,105,0
20011123,5.8,5.85,5.8,5.85,135,0
20011126,6,6,6,6,355,0
20011127,6,6,6,6,15,0
20011128,5.4,5.4,5,5,251,0
20011129,5.2,5.2,5.2,5.2,15,0
20011130,5.2,5.2,5.2,5.2,15,0
20011203,5.3,5.3,5.3,5.3,10,0
20011204,5.3,5.3,5.3,5.3,43,0
20011205,5.3,5.3,4.95,4.95,40,0
20011206,5.3,5.3,5.3,5.3,10,0
20011207,4.8,5.3,4.8,5.3,10,0
20011210,5.8,5.8,5.7,5.7,10,0
20011211,5.7,5.7,5.7,5.7,6,0
20011212,5.7,5.7,4.65,4.65,93,0
20011213,4.9,4.9,4.9,4.9,205,0
20011214,4.75,4.8,4.75,4.8,164,0
20011217,4.75,4.75,4.75,4.75,136,0
20011218,4.8,4.8,4.8,4.8,80,0
20011219,4.75,4.75,4.75,4.75,26,0
20011220,5,5,5,5,358,0
20011221,5.15,5.6,5.15,5.6,14,0
20011227,5.6,5.6,5.6,5.6,100,0
20011228,5.6,6,5.6,6,19,0
20011231,6,6,6,6,5,0
20020102,5.75,5.75,5.2,5.2,400,0
20020103,4.7,4.8,4.7,4.8,124,0
20020104,4.86,4.86,4.86,4.86,1,0
20020107,4.9,5,4.9,5,2,0
20020108,5,5,5,5,2,0
20020109,5,5,5,5,2,0
20020110,5,5.05,5,5.05,51,0
20020111,5.6,5.6,5.6,5.6,121,0
20020114,5.6,6,5.6,6,172,0
20020115,6,6,6,6,2,0
20020116,6,6,6,6,1,0
20020117,6,6,6,6,2,0
20020118,5.7,5.7,5.7,5.7,300,0
20020121,5.75,5.75,4.96,4.96,36,0
20020122,5.75,6,5.75,6,248,0
20020123,5.9,5.9,5.85,5.85,2,0
20020124,5.9,5.9,5.9,5.9,2,0
20020125,5.1,5.3,5.1,5.3,128,0
20020128,5.3,5.5,5.3,5.5,31,0
20020129,5.5,5.5,5.5,5.5,2,0
20020130,5.5,5.5,5.5,5.5,2,0
20020131,5.5,5.5,4.51,4.51,315,0
20020201,4.96,4.96,4.8,4.8,8,0
20020204,4.82,5.5,4.82,5.5,90,0
20020205,5.5,5.5,5.5,5.5,2,0
20020206,4.99,5.35,4.99,5.35,21,0
20020207,4.31,4.31,4.31,4.31,250,0
20020208,4.79,5.2,4.79,5.2,1,0
20020211,5.2,5.2,5.2,5.2,2,0
20020212,5.2,5.4,5.2,5.4,152,0
20020218,5.2,5.2,4.37,4.37,25,0
20020225,5,5,5,5,5,0
20020227,4.6,4.61,4.6,4.61,329,0
20020305,4.61,4.61,4.61,4.61,119,0
20020306,4.61,5,4.61,5,301,0
20020307,4.71,4.71,4.71,4.71,7,0
20020308,5,5,5,5,1,0
20020312,4.54,4.54,4.54,4.54,20,0
20020313,4.58,4.99,4.58,4.99,10,0
20020318,4.98,4.98,4.98,4.98,1,0
20020319,4.54,4.54,4.54,4.54,15,0
20020320,4.8,4.8,4.8,4.8,1,0
20020322,4.5,4.5,4.5,4.5,1,0
20020325,4.5,4.5,4.5,4.5,201,0
20020326,4.05,4.05,4,4,170,0
20020328,4.4,4.4,4.4,4.4,0,0
20020402,4.9,4.9,4.9,4.9,1,0
20020403,5,5,5,5,1,0
20020404,4.8,4.8,4.8,4.8,1,0
20020405,4.8,4.8,4.8,4.8,1,0
20020408,4.21,4.21,4.21,4.21,8,0
20020409,4.8,4.8,4.8,4.8,1,0
20020410,4.8,4.8,4.8,4.8,1,0
20020411,4.8,4.8,4.8,4.8,1,0
20020412,4.4,4.79,4.4,4.79,402,0
20020416,5.1,5.1,5.1,5.1,2211,0
20020417,5.1,5.1,5.1,5.1,658,0
20020418,5.1,5.1,5.1,5.1,50,0
20020419,5.15,5.15,5.15,5.15,300,0
20020422,5.15,5.15,5.15,5.15,200,0
20020423,5.15,5.15,5.15,5.15,1963,0
20020424,5.15,5.15,5.15,5.15,694,0
20020425,5.15,5.15,5.15,5.15,115,0
20020426,5.15,5.15,5.15,5.15,100,0
20020430,5.15,5.15,5.15,5.15,49,0
20020506,5.15,5.15,5.15,5.15,267,0
20020507,5.3,5.3,5.2,5.2,1607,0
20020508,5.15,5.15,5.15,5.15,55,0
20020509,5.15,5.15,5.15,5.15,316,0
20020510,5.15,5.15,5.15,5.15,20,0
20020516,4.13,4.13,4.13,4.13,60,0
20020517,4.21,4.21,4.21,4.21,25,0
20020520,4.2,4.2,4.2,4.2,68,0
20020521,4.2,4.2,4.2,4.2,60,0
20020524,3.78,3.78,3.78,3.78,0,0
20020527,4.02,4.02,4.02,4.02,300,0
20020613,4.03,4.03,4.03,4.03,170,0
20020617,4.1,4.1,4.1,4.1,892,0
20020621,4.1,4.1,4.1,4.1,150,0
20020624,4.1,4.1,4.1,4.1,100,0
20020626,4.1,4.1,4.1,4.1,5,0
20020703,4.1,4.1,4.1,4.1,10,0
20020715,3.69,3.69,3.34,3.34,82,0
20020725,3.34,3.34,3.34,3.34,430,0
20020726,3.35,3.35,3.35,3.35,100,0
20020816,3.02,3.02,3.02,3.02,0,0
20020917,2.72,2.72,2.72,2.72,0,0
20020918,2.45,2.45,2.21,2.21,0,0
20020919,1.99,1.99,1.8,1.8,0,0
20020920,1.62,1.62,1.46,1.46,0,0
20020923,1.32,1.32,1.19,1.19,0,0
20020924,1.08,1.08,0.98,0.98,0,0
20020925,0.89,0.89,0.81,0.81,0,0
20020926,0.73,0.73,0.66,0.66,0,0
20020927,0.72,0.79,0.72,0.79,0,0
20020930,0.72,0.72,0.65,0.65,0,0
20021001,0.75,0.75,0.75,0.75,81,0
20021004,0.73,0.73,0.73,0.73,301,0
20021009,0.73,0.73,0.73,0.73,10,0
20021014,0.66,0.66,0.6,0.6,0,0
20021028,0.53,0.53,0.48,0.48,77,0
20021029,0.6,0.6,0.6,0.6,45,0
20021030,0.6,0.6,0.6,0.6,250,0
20021107,0.5,0.5,0.5,0.5,30,0
20021112,0.6,0.6,0.6,0.6,114,0
20021114,0.6,0.6,0.6,0.6,760,0
20021115,0.61,0.61,0.61,0.61,29,0
20021119,0.53,0.53,0.53,0.53,240,0
20021120,0.54,0.54,0.54,0.54,50,0
20021125,0.6,0.6,0.6,0.6,50,0
20021127,0.61,0.61,0.61,0.61,40,0
20021128,0.6,0.6,0.6,0.6,1,0
20021204,0.56,0.56,0.56,0.56,31,0
20021206,0.56,0.56,0.56,0.56,9,0
20021209,0.55,0.55,0.55,0.55,35,0
20021211,0.61,0.61,0.61,0.61,50,0
20021212,0.6,0.61,0.6,0.61,110,0
20021213,0.6,0.61,0.6,0.61,171,0
20021216,0.6,0.6,0.6,0.6,10,0
20021217,0.6,0.6,0.6,0.6,71,0
20021219,0.6,0.6,0.6,0.6,9,0
20021223,0.61,0.61,0.61,0.61,235,0
20021230,0.61,0.61,0.61,0.61,41,0
20021231,0.61,0.61,0.61,0.61,35,0
20030120,0.63,0.63,0.63,0.63,20,0
20030121,0.6,0.61,0.6,0.61,837,0
20030123,0.6,0.61,0.6,0.61,449,0
20030210,0.65,0.65,0.65,0.65,348,0
20030211,0.65,0.65,0.65,0.65,652,0
20030212,0.66,0.66,0.66,0.66,21,0
20030213,0.66,0.66,0.66,0.66,100,0
20030214,0.66,0.66,0.66,0.66,920,0
20030307,0.66,0.66,0.66,0.66,20,0
20030311,0.66,0.66,0.66,0.66,116,0
20030317,0.7,0.7,0.7,0.7,100,0
20030321,0.68,0.68,0.68,0.68,15,0
20030327,0.68,0.68,0.68,0.68,60,0
20030403,0.71,0.71,0.71,0.71,175,0
20030415,0.68,0.68,0.68,0.68,60,0
20030417,0.68,0.68,0.68,0.68,21,0
20030423,0.68,0.68,0.68,0.68,200,0
20030430,0.72,0.72,0.72,0.72,550,0
20030505,0.79,0.79,0.79,0.79,0,0
20030509,0.79,0.79,0.79,0.79,40,0
20030514,0.72,0.72,0.72,0.72,40,0
20030516,0.79,0.86,0.79,0.86,0,0
20030530,0.74,0.74,0.74,0.74,121,0
20030603,0.67,0.67,0.67,0.67,0,0
20030611,0.61,0.61,0.51,0.51,272,0
20030612,0.51,0.51,0.51,0.51,100,0
20030703,0.57,0.57,0.56,0.56,130,0
20030704,0.58,0.58,0.58,0.58,6,0
20030708,0.57,0.57,0.57,0.57,30,0
20030709,0.57,0.57,0.57,0.57,130,0
20030710,0.56,0.56,0.56,0.56,20,0
20030711,0.56,0.56,0.56,0.56,2030,0
20030714,0.58,0.58,0.58,0.58,119,0
20030715,0.6,0.6,0.6,0.6,60,0
20030718,0.65,0.65,0.65,0.65,100,0
20030725,0.6,0.6,0.6,0.6,30,0
20030811,0.67,0.67,0.67,0.67,500,0
20030812,0.63,0.63,0.63,0.63,1212,0
20030814,0.73,0.76,0.73,0.76,1399,0
20030818,1,1,1,1,356,0
20030819,1.21,1.25,1.21,1.25,1852,0
20030821,1.35,1.45,1.35,1.45,360,0
20030822,1.59,1.74,1.59,1.74,0,0
20030825,1.86,2.05,1.86,2.05,1300,0
20030826,2.33,2.45,2.33,2.45,640,0
20030827,2.69,3.1,2.69,3.1,410,0
20030828,3.3,3.45,3.3,3.45,2030,0
20030829,4.1,4.1,4.08,4.08,1055,0
20030901,3.85,3.88,3.85,3.88,975,0
20030902,4,4,3.88,3.88,831,0
20030903,3.85,3.85,3.8,3.8,687,0
20030905,3.01,3.45,3.01,3.45,825,0
20030909,3.29,3.29,3,3,5024,0
20030910,3.01,3.01,3.01,3.01,220,0
20030911,3.06,3.09,3.06,3.09,421,0
20030912,3.39,3.89,3.39,3.89,300,0
20030916,3.79,3.79,3.18,3.18,165,0
20030918,3.18,3.18,3.18,3.18,50,0
20030923,2.96,2.96,2.96,2.96,10,0
20030924,3.55,3.55,3.55,3.55,5,0
20030926,3.11,3.11,3.11,3.11,100,0
20030930,3.07,3.07,3.07,3.07,85,0
20031001,3.1,3.1,3.1,3.1,450,0
20031009,3.1,3.1,3.1,3.1,175,0
20031010,2.79,2.79,2.55,2.55,100,0
20031013,3,3,3,3,135,0
20031014,2.54,2.54,2.54,2.54,100,0
20031017,2.62,2.62,2.62,2.62,360,0
20031021,2.23,2.23,2.23,2.23,200,0
20031023,2.45,2.69,2.45,2.69,0,0
20031024,2.95,3.46,2.95,3.46,1,0
20031103,2.8,2.85,2.8,2.85,529,0
20031104,2.86,2.86,2.86,2.86,501,0
20031105,2.58,2.58,2.58,2.58,0,0
20031112,2.8,2.8,2.8,2.8,20,0
20031113,2.85,2.85,2.85,2.85,61,0
20031117,2.85,2.85,2.85,2.85,142,0
20031121,3.23,3.23,3.23,3.23,100,0
20031124,2.85,2.85,2.85,2.85,164,0
20031125,2.85,2.85,2.85,2.85,336,0
20031202,2.42,2.42,2.42,2.42,95,0
20031208,2.55,2.55,2.55,2.55,251,0
20031209,2.55,2.6,2.55,2.6,113,0
20031210,2.4,2.52,2.4,2.52,327,0
20031211,2.55,2.55,2.52,2.52,710,0
20031212,2.52,2.52,2.52,2.52,94,0
20031216,2.4,2.4,2.4,2.4,40,0
20031217,2.3,2.3,2.3,2.3,885,0
20031218,2.3,2.3,2.3,2.3,55,0
20031219,2.35,2.35,2.3,2.3,420,0
20031222,2.3,2.3,2.3,2.3,300,0
20040105,2.99,2.99,2.99,2.99,478,0
20040107,2.95,2.99,2.95,2.99,621,0
20040108,2.5,2.5,2.5,2.5,1500,0
20040112,2.99,3.1,2.99,3.1,1116,0
20040113,3.3,3.55,3.3,3.55,9857,0
20040114,3.9,3.9,3.9,3.9,93,0
20040115,4.1,4.6,4.1,4.6,1800,0
20040119,3.85,3.85,3.85,3.85,200,0
20040120,3.65,3.65,3.65,3.65,89,0
20040122,4.4,4.4,4.4,4.4,10,0
20040126,4.03,4.03,4.03,4.03,300,0
20040129,3.32,3.32,3.32,3.32,20,0
20040130,3.7,3.7,3.7,3.7,946,0
20040203,4,4,4,4,108,0
20040210,3.15,3.15,3.15,3.15,116,0
20040225,3.26,3.26,3.26,3.26,95,0
20040226,3.85,3.85,3.85,3.85,105,0
20040302,3.9,3.9,3.9,3.9,613,0
20040303,3.56,3.56,3.56,3.56,300,0
20040304,3.35,3.35,3.35,3.35,1698,0
20040310,3.44,3.44,3.44,3.44,1342,0
20040312,3.16,3.5,3.16,3.5,1130,0
20040317,3.3,3.85,3.3,3.85,1492,0
20040318,3.6,3.6,3.6,3.6,555,0
20040319,3.49,3.49,3.49,3.49,478,0
20040401,3.22,3.22,3.22,3.22,100,0
20040402,3.2,3.2,3.2,3.2,10,0
20040406,3.68,3.68,3.68,3.68,1,0
20040408,3.2,3.2,3.2,3.2,1142,0
20040420,3.45,3.45,3.45,3.45,1003,0
20040421,3.51,3.51,3.51,3.51,250,0
20040422,3.92,3.92,3.9,3.9,600,0
20040427,3.7,3.7,3.7,3.7,200,0
20040430,3.89,3.89,3.89,3.89,100,0
20040512,3.13,3.13,3.13,3.13,34,0
20040513,3.21,3.21,3.21,3.21,500,0
20040514,3.21,3.21,3.21,3.21,157,0
20040519,3.11,3.11,3.11,3.11,200,0
20040520,3.1,3.1,3.1,3.1,200,0
20040604,3.5,3.5,3.5,3.5,762,0
20040608,3.75,3.75,3.75,3.75,869,0
20040712,3.38,3.38,3.06,3.06,113,0
20040713,3.65,3.65,3.65,3.65,343,0
20040714,3.2,3.2,3.2,3.2,15,0
20040719,3.3,3.3,3.3,3.3,550,0
20040721,3.3,3.3,3.3,3.3,153,0
20040727,3.3,3.3,3.3,3.3,2000,0
20040729,3.1,3.1,3.1,3.1,170,0
20040804,3.3,3.3,3.3,3.3,4293,0
20040805,3.33,3.35,3.33,3.35,2175,0
20040806,3.4,3.4,3.4,3.4,1312,0
20040810,3.59,3.59,3.59,3.59,500,0
20040811,3.6,3.6,3.6,3.6,639,0
20040812,3.79,3.79,3.79,3.79,440,0
20040813,3.83,3.83,3.83,3.83,228,0
20040816,3.83,3.93,3.83,3.93,940,0
20040817,3.93,3.93,3.93,3.93,248,0
20040818,3.93,3.93,3.93,3.93,550,0
20040819,3.93,3.93,3.93,3.93,500,0
20040820,4.01,4.1,4.01,4.1,782,0
20040823,4.3,4.5,4.3,4.5,3930,0
20040824,4.55,4.75,4.55,4.75,1278,0
20040825,5.05,5.25,5.05,5.25,4069,0
20040826,6,6,5.8,5.8,4045,0
20040827,5.8,5.8,5.5,5.5,1524,0
20040830,5,5,5,5,355,0
20040831,4.75,4.75,4.7,4.7,645,0
20040901,4.8,5.4,4.8,5.4,871,0
20040902,5,5,5,5,133,0
20040903,5.3,5.3,5.3,5.3,1,0
20040906,5.1,5.1,5.1,5.1,898,0
20040907,5.7,5.7,5.7,5.7,1,0
20040910,4.94,5.1,4.94,5.1,802,0
20040913,5.3,5.3,5.3,5.3,1057,0
20040914,5.7,5.7,5.7,5.7,2093,0
20040915,5.3,5.4,5.3,5.4,2469,0
20040917,5.5,5.7,5.5,5.7,1366,0
20040920,6,6.4,6,6.4,3132,0
20040921,6.9,7.2,6.9,7.2,3320,0
20040922,7.9,7.9,7.6,7.6,1447,0
20040923,7,7,7,7,907,0
20040924,6.55,7,6.55,7,123,0
20040927,6.9,7,6.9,7,748,0
20040928,7.7,7.7,7.7,7.7,1373,0
20040929,8,8,7.8,7.8,1852,0
20040930,8,8,8,8,955,0
20041001,8.05,8.05,8.05,8.05,1374,0
20041004,8.05,8.05,8,8,1351,0
20041005,7.8,8.1,7.8,8.1,967,0
20041006,8.55,8.9,8.55,8.9,406,0
20041007,8.4,8.5,8.4,8.5,271,0
20041008,8.5,9.3,8.5,9.3,983,0
20041011,10.8,11,10.8,11,543,0
20041012,11.4,11.5,11.4,11.5,717,0
20041013,10,10,10,10,400,0
20041014,9.3,9.85,9.3,9.85,4617,0
20041015,9.4,9.4,9.05,9.05,2651,0
20041018,8.9,9.4,8.9,9.4,2001,0
20041019,9.35,9.35,9.35,9.35,165,0
20041020,8,8,8,8,1877,0
20041022,8,8.6,8,8.6,332,0
20041025,7.1,7.1,7.1,7.1,300,0
20041026,7.2,7.3,7.2,7.3,237,0
20041029,7.75,7.8,7.75,7.8,766,0
20041102,8.1,8.1,8.1,8.1,777,0
20041103,9.35,9.35,9.35,9.35,562,0
20041104,9.35,9.35,9.35,9.35,207,0
20041105,9,9,9,9,387,0
20041110,9,9,9,9,300,0
20041115,8.4,8.4,8.4,8.4,150,0
20041118,8.1,8.1,7,7,581,0
20041119,6.8,6.8,6.8,6.8,1466,0
20041122,7.6,7.6,7.6,7.6,200,0
20041123,6.5,6.5,6.5,6.5,577,0
20041124,6.8,6.8,6.6,6.6,316,0
20041126,6.3,6.6,6.3,6.6,1276,0
20041129,7.4,8.05,7.4,8.05,462,0
20041130,7.95,7.95,7.6,7.6,203,0
20041201,7,7,7,7,30,0
20041207,7,7.7,7,7.7,1400,0
20041208,7.8,7.8,7.8,7.8,520,0
20041209,7.7,7.7,7.7,7.7,73,0
20041210,7.6,7.6,7.6,7.6,176,0
20041213,7.3,7.3,7.15,7.15,551,0
20041215,7.2,7.2,7.2,7.2,222,0
20041216,7.2,7.2,7,7,352,0
20041220,7,7,7,7,1206,0
20041221,6.8,6.8,6.8,6.8,305,0
20041222,6.8,6.8,6.8,6.8,10,0
20041223,6.9,7.2,6.9,7.2,578,0
20041227,7.7,7.7,7.7,7.7,9,0
20041228,7,7,7,7,500,0
20041229,7.45,7.45,7.45,7.45,100,0
20041231,7.5,7.7,7.5,7.7,170,0
20050103,7.9,8,7.9,8,22,0
20050104,7.3,8,7.3,8,144,0
20050118,7.05,7.1,7.05,7.1,666,0
20050120,7,7,7,7,958,0
20050121,7.1,7.1,7.1,7.1,6,0
20050127,7.4,7.4,7.4,7.4,810,0
20050128,7.1,7.1,7.1,7.1,194,0
20050131,7.9,7.9,7.9,7.9,1,0
20050201,7.4,7.4,7.4,7.4,1074,0
20050202,7.15,7.15,7.15,7.15,45,0
20050203,7.5,7.5,7.5,7.5,1,0
20050207,7.2,7.2,7.2,7.2,50,0
20050208,6.95,6.95,6.95,6.95,580,0
20050209,7,7,7,7,796,0
20050210,7,7,7,7,90,0
20050214,5.7,6.8,5.7,6.8,150,0
20050215,7,7.45,7,7.45,1680,0
20050217,7.45,7.45,7.4,7.4,1861,0
20050218,7.2,7.4,7.2,7.4,343,0
20050223,7,7,7,7,116,0
20050224,7,7,7,7,200,0
20050225,7,7,7,7,306,0
20050301,7.15,7.15,7.15,7.15,735,0
20050304,7,7,7,7,200,0
20050311,6.1,6.4,6.1,6.4,1687,0
20050314,6.3,6.3,6.3,6.3,142,0
20050315,6.5,6.7,6.5,6.7,277,0
20050316,7.1,7.1,7.1,7.1,316,0
20050318,6.35,6.35,6.35,6.35,50,0
20050321,7,7,7,7,3,0
20050404,6.15,6.95,6.15,6.95,280,0
20050405,6.4,6.4,6.4,6.4,164,0
20050407,6.5,6.9,6.5,6.9,352,0
20050411,6.9,6.9,6.5,6.5,280,0
20050413,6.5,6.5,6.5,6.5,253,0
20050414,6.3,6.3,6.2,6.2,1016,0
20050415,6.3,6.4,6.3,6.4,600,0
20050428,6.4,6.4,6.4,6.4,61,0
20050429,6.6,6.6,6.6,6.6,100,0
20050506,6.6,6.9,6.6,6.9,1551,0
20050509,7,7.1,7,7.1,1060,0
20050510,7.6,8,7.6,8,1354,0
20050511,7.9,7.9,7.9,7.9,150,0
20050512,8,8,7.1,7.1,2265,0
20050513,6.95,7.1,6.95,7.1,1157,0
20050517,7,7,6.9,6.9,1699,0
20050518,6.6,7,6.6,7,503,0
20050519,6.6,6.95,6.6,6.95,1871,0
20050520,6.9,7,6.9,7,516,0
20050525,6.6,6.6,6.6,6.6,850,0
20050527,6,6.3,6,6.3,790,0
20050530,6,6.3,6,6.3,89,0
20050531,6.6,7.25,6.6,7.25,4,0
20050601,7.95,7.95,7.95,7.95,3,0
20050602,7.45,7.45,7.35,7.35,321,0
20050603,6.35,6.95,6.35,6.95,199,0
20050606,7.05,7.05,6.4,6.4,1408,0
20050607,6.45,7.1,6.45,7.1,1228,0
20050608,7.15,7.15,6.55,6.55,380,0
20050609,7,7,7,7,557,0
20050610,6.65,7.3,6.65,7.3,547,0
20050613,7.45,7.45,6.7,6.7,1093,0
20050614,7.3,7.3,7.3,7.3,750,0
20050615,8,8.5,8,8.5,3005,0
20050616,8.2,8.5,8.2,8.5,567,0
20050617,8.95,9,8.95,9,1193,0
20050620,9.9,9.9,9.9,9.9,792,0
20050622,9,9,9,9,349,0
20050623,9.5,9.5,9.5,9.5,116,0
20050624,10,10,9.9,9.9,840,0
20050627,10.5,10.5,9.6,9.6,500,0
20050628,9.3,9.55,9.3,9.55,300,0
20050629,8.7,8.7,8.7,8.7,160,0
20050630,8.75,8.75,8.75,8.75,3400,0
20050704,9.1,9.1,9.1,9.1,90,0
20050705,9.2,9.2,8.9,8.9,5035,0
20050706,9.4,9.4,9.4,9.4,160,0
20050707,9.2,9.2,9.05,9.05,370,0
20050708,8.9,8.9,8.9,8.9,5,0
20050711,8.9,8.9,8.9,8.9,3623,0
20050712,8.05,8.1,8.05,8.1,130,0
20050713,9.1,9.3,9.1,9.3,1340,0
20050719,8.4,8.4,8.4,8.4,47,0
20050720,9,9,9,9,446,0
20050721,9.3,10.3,9.3,10.3,5626,0
20050722,10.5,11.5,10.5,11.5,2336,0
20050725,12.65,14,12.65,14,630,0
20050726,15.15,15.15,14.6,14.6,262,0
20050801,13.9,13.9,13.9,13.9,52,0
20050804,13.3,13.3,13.3,13.3,120,0
20050805,12.9,12.9,11.55,11.55,1644,0
20050808,11.55,11.55,11.55,11.55,446,0
20050809,11.6,11.6,11.6,11.6,340,0
20050810,12,12.8,12,12.8,1204,0
20050811,12.5,12.9,12.5,12.9,486,0
20050817,12,12,12,12,140,0
20050818,11.35,11.35,10.5,10.5,550,0
20050819,11,11.35,11,11.35,5707,0
20050822,12.4,12.4,12.4,12.4,70,0
20050823,11.5,11.55,11.5,11.55,546,0
20050825,11.05,11.8,11.05,11.8,1531,0
20050826,11.85,11.85,11.85,11.85,531,0
20050829,12.2,12.2,12.2,12.2,2171,0
20050830,12.45,12.45,12.4,12.4,153,0
20050831,11.25,12.2,11.25,12.2,374,0
20050901,12.2,12.2,12.2,12.2,6,0
20050902,12.2,12.2,12.2,12.2,20,0
20050905,12.2,12.2,12.2,12.2,46,0
20050907,11,12.1,11,12.1,1656,0
20050908,11,11,11,11,50,0
20050909,12.1,12.1,12.1,12.1,30,0
20050912,11.05,11.05,11.05,11.05,50,0
20050913,11.05,11.05,11.05,11.05,39,0
20050914,12.1,12.1,12.1,12.1,20,0
20050915,11.25,11.25,11.25,11.25,175,0
20050916,11.25,11.8,11.25,11.8,80,0
20050920,11.25,11.25,11.25,11.25,50,0
20050921,11.25,11.25,11.25,11.25,192,0
20050923,11,11,11,11,401,0
20050927,10.9,11,10.9,11,499,0
20050928,11.6,11.6,11.6,11.6,70,0
20050929,10.8,11.5,10.8,11.5,15,0
20050930,11.35,11.35,11.35,11.35,80,0
20051005,11.35,11.35,11.35,11.35,55,0
20051006,11.5,11.5,11.2,11.2,192,0
20051007,11,11,11,11,250,0
20051010,10.55,10.55,10.45,10.45,792,0
20051011,10.7,11,10.7,11,3093,0
20051012,11.2,11.6,11.2,11.6,182,0
20051013,11.25,11.5,11.25,11.5,3260,0
20051014,11.5,11.5,11.5,11.5,65,0
20051017,11.7,11.7,11.7,11.7,110,0
20051018,11.7,11.7,11.7,11.7,446,0
20051019,11.5,12,11.5,12,5002,0
20051021,11.65,11.65,11.65,11.65,100,0
20051024,11.5,11.5,10.7,10.7,4247,0
20051026,10.5,11,10.5,11,480,0
20051027,10.65,10.65,10.5,10.5,203,0
20051028,10.5,10.5,10.5,10.5,100,0
20051031,9.9,9.9,9.85,9.85,845,0
20051102,9.3,9.3,9.15,9.15,1143,0
20051103,9.25,9.25,9.25,9.25,302,0
20051104,9.65,10,9.65,10,872,0
20051107,9.35,9.4,9.35,9.4,1130,0
20051108,9.4,9.4,9.4,9.4,433,0
20051109,9.6,9.8,9.6,9.8,355,0
20051110,9.8,10,9.8,10,302,0
20051114,10.3,10.3,10.3,10.3,80,0
20051115,11,11,10.95,10.95,1310,0
20051116,11.05,11.45,11.05,11.45,1170,0
20051117,11.45,11.6,11.45,11.6,1673,0
20051118,11.7,11.95,11.7,11.95,600,0
20051121,12.2,12.2,12.2,12.2,3761,0
20051122,12.55,12.6,12.55,12.6,800,0
20051123,12.75,12.95,12.75,12.95,1450,0
20051124,13,13.5,13,13.5,4859,0
20051125,14,14.6,14,14.6,1742,0
20051128,14.8,15.05,14.8,15.05,1113,0
20051129,15.4,15.6,15.4,15.6,1354,0
20051130,16,16.6,16,16.6,2543,0
20051201,17,17,16.8,16.8,1737,0
20051202,15.7,15.7,14.8,14.8,1164,0
20051205,13.75,14.7,13.75,14.7,1174,0
20051206,14.75,15,14.75,15,350,0
20051207,15,15,15,15,45,0
20051208,13.95,14.8,13.95,14.8,198,0
20051209,14.75,14.75,14.75,14.75,20,0
20051212,14.75,14.75,14.75,14.75,70,0
20051213,14.75,14.75,14.75,14.75,154,0
20051214,14.7,14.7,14.7,14.7,25,0
20051219,14.7,15.05,14.7,15.05,553,0
20051220,15,15,15,15,63,0
20051221,15,15,14,14,152,0
20051222,14,14.85,14,14.85,122,0
20051223,13.9,13.9,13.8,13.8,1535,0
20051227,14,14.2,14,14.2,1099,0
20051228,13.8,13.8,13.8,13.8,14,0
20051229,13.95,13.95,13.95,13.95,248,0
20051230,13.7,13.7,13.7,13.7,95,0
20060102,13.7,16.4,13.7,16.4,60,0
20060103,14.7,14.7,14.7,14.7,1705,0
20060104,15.5,15.5,15.5,15.5,34,0
20060105,15,15,15,15,50,0
20060110,14,14,14,14,63,0
20060111,14.5,14.5,14.5,14.5,37,0
20060116,14,14,14,14,1429,0
20060117,14,14,14,14,963,0
20060118,14.5,14.5,14.5,14.5,100,0
20060119,15,15,15,15,200,0
20060123,13.8,13.8,13.8,13.8,35,0
20060124,15,15,15,15,1034,0
20060126,15,15,15,15,200,0
20060127,15,15,15,15,1601,0
20060130,15,15,15,15,200,0
20060131,15.5,15.5,15.5,15.5,50,0
20060202,15,16.8,15,16.8,1177,0
20060206,16.2,16.2,16.2,16.2,385,0
20060207,16,16.4,16,16.4,250,0
20060213,16,16,16,16,115,0
20060214,15,16,15,16,350,0
20060215,16.3,16.3,16.3,16.3,1092,0
20060216,16.8,16.8,16.8,16.8,500,0
20060221,15.3,15.3,15.3,15.3,130,0
20060222,16,16,16,16,2,0
20060227,15,15,15,15,25,0
20060228,15.5,16,15.5,16,223,0
20060307,15.5,15.5,15.5,15.5,1,0
20060317,15.5,15.9,15.5,15.9,1350,0
20060323,15.4,15.4,15.4,15.4,100,0
20060330,15.9,15.9,15.9,15.9,93,0
20060406,15,15,15,15,628,0
20060410,14.5,14.5,14.5,14.5,45,0
20060411,15,15,14.5,14.5,45,0
20060412,15,15,15,15,85,0
20060418,15,15,15,15,5234,0
20060419,15.3,15.7,15.3,15.7,8323,0
20060420,19,19.1,19,19.1,3714,0
20060421,19.1,20,19.1,20,8792,0
20060424,19,21.5,19,21.5,2792,0
20060425,20.7,22,20.7,22,2513,0
20060426,23.2,27.8,23.2,27.8,866,0
20060427,26,26,25.9,25.9,1244,0
20060428,26,28.9,26,28.9,1149,0
20060502,33.5,38.5,33.5,38.5,419,0
20060504,33.5,33.5,33,33,2690,0
20060505,31,31,30,30,1332,0
20060508,29.7,29.7,28.5,28.5,678,0
20060509,33,37.8,33,37.8,6183,0
20060510,40,40,40,40,1108,0
20060511,38.6,38.6,38.5,38.5,495,0
20060512,38.4,38.4,38.4,38.4,207,0
20060515,36,38,36,38,820,0
20060516,36,38,36,38,624,0
20060517,42,42,42,42,240,0
20060518,41.8,41.8,41.5,41.5,204,0
20060519,37,38,37,38,2364,0
20060522,39.3,39.3,35,35,451,0
20060523,30,31,30,31,1359,0
20060524,35,35,35,35,10,0
20060525,33.9,33.9,33.9,33.9,30,0
20060526,33.9,33.9,33.9,33.9,160,0
20060530,29.9,29.9,29.9,29.9,581,0
20060531,27,28.5,27,28.5,231,0
20060601,28.5,28.5,28,28,415,0
20060602,30,33.9,30,33.9,434,0
20060605,34,34,34,34,131,0
20060606,33,33,33,33,15,0
20060607,28,29.9,28,29.9,328,0
20060608,32.7,32.7,32.7,32.7,30,0
20060609,32,32,31.5,31.5,20,0
20060612,31.9,31.9,31.9,31.9,10,0
20060613,28.9,28.9,28,28,91,0
20060614,27.9,27.9,27.9,27.9,1304,0
20060616,27,27,27,27,815,0
20060619,29,29,29,29,15,0
20060620,29.8,29.8,29.8,29.8,25,0
20060621,27,27,26.9,26.9,505,0
20060622,29.5,29.5,29.5,29.5,12,0
20060623,29.8,29.8,28.9,28.9,118,0
20060626,28.9,28.9,24.2,24.2,758,0
20060627,25.4,25.5,25.4,25.5,3330,0
20060628,25.5,25.5,25.5,25.5,100,0
20060629,25.5,25.5,25,25,383,0
20060630,25,28.7,25,28.7,402,0
20060703,28.6,28.6,28.6,28.6,18,0
20060704,32.7,32.7,32.7,32.7,160,0
20060707,26.1,30.5,26.1,30.5,200,0
20060710,29.5,29.5,29.5,29.5,45,0
20060711,25.2,29,25.2,29,130,0
20060712,27.5,29.2,27.5,29.2,385,0
20060714,29,29,29,29,70,0
20060720,29,29,29,29,119,0
20060724,29,29,29,29,25,0
20060725,26.4,29.2,26.4,29.2,258,0
20060727,27.9,27.9,27,27,295,0
20060728,27,27.9,27,27.9,360,0
20060801,26.1,26.5,26.1,26.5,1648,0
20060802,26.5,26.5,26.5,26.5,635,0
20060803,27,27.4,27,27.4,1080,0
20060804,27.4,27.4,27.4,27.4,107,0
20060808,25.2,26.7,25.2,26.7,61,0
20060810,25,25,25,25,556,0
20060811,25.1,25.1,25.1,25.1,30,0
20060814,25.7,25.7,25.7,25.7,10,0
20060823,24,24,24,24,281,0
20060824,25.4,25.4,25.3,25.3,750,0
20060828,25,25,25,25,350,0
20060829,24,25,24,25,70,0
20060830,24.8,24.8,24.8,24.8,1450,0
20060831,24,24,23.3,23.3,830,0
20060901,23.3,23.3,23.3,23.3,93,0
20060904,24.4,24.4,24.4,24.4,207,0
20060905,25.7,25.7,25.7,25.7,545,0
20060906,24,24.01,24,24.01,4070,0
20060907,25,26,25,26,1045,0
20060908,26.3,27.5,26.3,27.5,740,0
20060911,26.3,27.4,26.3,27.4,310,0
20060912,27.1,28,27.1,28,799,0
20060913,28.4,28.4,28.4,28.4,60,0
20060914,28.4,29.6,28.4,29.6,280,0
20060915,30.79,30.79,30.79,30.79,80,0
20060921,29.2,29.2,29.2,29.2,10,0
20060922,28.1,28.1,28.1,28.1,52,0
20060927,24.98,24.98,24.98,24.98,655,0
20060928,24.96,24.96,24.96,24.96,46,0
20060929,24.88,24.98,24.88,24.98,256,0
20061002,26.5,27.8,26.5,27.8,242,0
20061004,25.56,25.56,25.56,25.56,10,0
20061005,27.6,27.6,27.6,27.6,5,0
20061009,25.6,25.6,25.6,25.6,250,0
20061010,25.6,25.6,25.6,25.6,1040,0
20061011,25.6,25.6,25.6,25.6,1178,0
20061018,25.59,25.59,25.59,25.59,2084,0
20061019,25.49,25.49,25.49,25.49,2500,0
20061024,25.5,25.5,25.5,25.5,866,0
20061025,24.9,24.9,24.9,24.9,119,0
20061026,23.62,23.62,23.62,23.62,16,0
20061031,24.5,24.5,24.5,24.5,301,0
20061102,26.9,26.9,26.84,26.84,160,0
20061103,24.51,25.4,24.51,25.4,497,0
20061106,25.5,25.5,25.5,25.5,233,0
20061107,24.6,24.6,24.6,24.6,182,0
20061108,23.8,23.8,23.8,23.8,313,0
20061109,23.48,23.48,23.48,23.48,3439,0
20061110,23.55,23.55,23.55,23.55,156,0
20061113,24.01,25,24.01,25,1118,0
20061114,25.5,25.5,25.5,25.5,150,0
20061115,25.5,25.5,25.5,25.5,15,0
20061117,24.9,24.9,24.9,24.9,111,0
20061120,23.5,25.1,23.5,25.1,1988,0
20061121,28.1,28.1,28,28,1388,0
20061122,26.21,26.21,26.21,26.21,42,0
20061123,28.39,29.1,28.39,29.1,1899,0
20061124,30,31.5,30,31.5,8072,0
20061127,33,33,33,33,6158,0
20061128,33.4,33.4,33.4,33.4,4174,0
20061129,34,35,34,35,839,0
20061130,35,38,35,38,5475,0
20061201,38,38,38,38,1100,0
20061205,35.5,35.5,35.5,35.5,71,0
20061206,33,34,33,34,483,0
20061207,29.05,29.05,29.05,29.05,85,0
20061208,31,31,31,31,70,0
20061211,30,31.1,30,31.1,2923,0
20061212,31.12,33,31.12,33,3838,0
20061213,34,38,34,38,5320,0
20061214,32.6,37.7,32.6,37.7,255,0
20061218,35,35,35,35,175,0
20061220,28.21,28.21,28.21,28.21,10,0
20061222,34.9,34.9,34.9,34.9,150,0
20061227,34,34,34,34,20,0
20061229,31.7,31.7,31.7,31.7,162,0
20070103,31,31,31,31,40,0
20070110,31.1,31.1,31.1,31.1,50,0
20070111,32.5,32.5,29.11,29.11,51,0
20070112,30,30,30,30,1,0
20070117,34,34,34,34,140,0
20070124,29,29,29,29,2,0
20070125,33,33,32.8,32.8,801,0
20070129,32.68,32.68,32.68,32.68,480,0
20070130,32.48,32.48,32.48,32.48,142,0
20070131,30.2,30.2,30.2,30.2,100,0
20070202,29.65,29.65,29.65,29.65,20,0
20070206,32,32.8,32,32.8,1665,0
20070207,32,32,32,32,250,0
20070209,30.5,30.5,30.5,30.5,100,0
20070212,30.2,30.2,30.15,30.15,335,0
20070214,30.5,30.5,30.5,30.5,50,0
20070215,32,32,31.9,31.9,667,0
20070216,31.5,31.5,31.5,31.5,84,0
20070219,31,31,31,31,100,0
20070220,32.1,32.1,32.1,32.1,235,0
20070222,32.1,34,32.1,34,950,0
20070223,35.5,36,35.5,36,761,0
20070226,37,37,37,37,271,0
20070307,32.6,32.6,32.6,32.6,2797,0
20070308,32.6,33,32.6,33,4249,0
20070309,34,35.5,34,35.5,4250,0
20070312,36,37,36,37,3513,0
20070313,38.5,41,38.5,41,7997,0
20070314,41.1,45.21,41.1,45.21,2877,0
20070315,45.1,45.1,44.78,44.78,914,0
20070316,42.98,42.98,42.98,42.98,154,0
20070319,43.2,43.2,43.2,43.2,461,0
20070320,48.5,48.5,44,44,906,0
20070321,45.06,45.06,45,45,607,0
20070322,45,45,45,45,220,0
20070323,44.99,44.99,44.99,44.99,64,0
20070326,44.9,44.9,44.9,44.9,105,0
20070327,42,44.8,42,44.8,105,0
20070328,44.3,44.3,44.3,44.3,120,0
20070329,40.94,40.94,40.94,40.94,250,0
20070330,38,38,38,38,3131,0
20070402,38.5,38.51,38.5,38.51,35,0
20070405,38.7,38.7,38.7,38.7,57,0
20070410,39.8,39.8,39,39,1196,0
20070411,40.1,40.2,40.1,40.2,1150,0
20070412,42,42,41,41,298,0
20070413,42,45.2,42,45.2,13425,0
20070416,43,46,43,46,10665,0
20070417,46.5,51.1,46.5,51.1,3943,0
20070418,51,51,50.8,50.8,1872,0
20070419,50.9,50.9,50.9,50.9,150,0
20070424,49.5,49.5,49.5,49.5,200,0
20070426,48.44,48.44,48.44,48.44,15,0
20070502,49.4,49.4,49.4,49.4,40,0
20070504,39.3,39.3,39.3,39.3,25,0
20070507,43.23,45.95,43.23,45.95,50,0
20070508,49.8,49.8,49,49,260,0
20070509,48.9,48.9,48.9,48.9,22,0
20070514,45,45,45,45,160,0
20070516,48.5,48.5,48.5,48.5,110,0
20070517,44,44,44,44,650,0
20070521,44,44,44,44,10,0
20070522,43.89,43.89,43.89,43.89,11,0
20070524,44,44,44,44,3600,0
20070525,44,44,44,44,4,0
20070528,44,44,44,44,2,0
20070608,45,51.9,45,51.9,1193,0
20070611,48,48,48,48,57,0
20070612,48,48,48,48,20,0
20070627,41.03,44.9,41.03,44.9,150,0
20070629,47,50.3,47,50.3,1950,0
20070702,52,53.8,52,53.8,602,0
20070703,53.8,53.8,53.8,53.8,165,0
20070704,48,53.5,48,53.5,10376,0
20070706,52,52,52,52,40,0
20070716,51.95,51.95,51.95,51.95,200,0
20070718,48,48,48,48,200,0
20070723,47,47,47,47,115,0
20070724,51.4,51.4,51.4,51.4,100,0
20070725,50,50,50,50,30,0
20070727,51.4,51.4,51.4,51.4,100,0
20070731,48.5,50,48.5,50,11055,0
20070801,51.4,51.4,51.4,51.4,13,0
20070802,50,51.3,50,51.3,530,0
20070807,48.5,49.9,48.5,49.9,7070,0
20070808,48,48,48,48,2330,0
20070810,44,44,44,44,9035,0
20070813,43.99,44,43.99,44,1110,0
20070814,44,48.4,44,48.4,329,0
20070816,45.4,46.9,45.4,46.9,801,0
20070817,44,46.99,44,46.99,1583,0
20070820,47,51.4,47,51.4,9545,0
20070821,51.4,51.4,51.4,51.4,230,0
20070822,47.2,47.5,47.2,47.5,10228,0
20070823,45,49.78,45,49.78,830,0
20070824,48.94,48.94,45.51,45.51,65,0
20070827,48.55,49.28,48.55,49.28,360,0
20070828,50.5,50.5,50.5,50.5,100,0
20070829,46.1,49.99,46.1,49.99,95,0
20070830,46.5,47,46.5,47,119,0
20070831,49.45,49.45,48.99,48.99,77,0
20070903,48.69,48.69,48.69,48.69,11,0
20070904,46.31,47.11,46.31,47.11,68,0
20070905,46,46,46,46,228,0
20070906,45.6,47.5,45.6,47.5,4562,0
20070907,49.99,49.99,49.99,49.99,150,0
20070911,45.51,49.99,45.51,49.99,480,0
20070912,48,51.9,48,51.9,4355,0
20070913,52,53.85,52,53.85,1880,0
20070914,52,58,52,58,1272,0
20070917,59,59,59,59,49,0
20070919,58.9,58.9,58.9,58.9,50,0
20070920,51.5,58,51.5,58,1815,0
20070927,52,53.9,52,53.9,3990,0
20070928,53.8,53.8,53.8,53.8,57,0
20071002,58,58,58,58,85,0
20071003,58,58,58,58,34,0
20071004,57,57,57,57,71,0
20071005,57,57,57,57,45,0
20071010,52,52,52,52,220,0
20071011,53.3,53.3,53,53,50,0
20071012,52,55,52,55,154,0
20071015,52,55.5,52,55.5,1910,0
20071016,52,53.8,52,53.8,405,0
20071017,52,53.7,52,53.7,717,0
20071018,51.5,54,51.5,54,100,0
20071022,54.8,54.8,54.8,54.8,34,0
20071023,52,53.8,52,53.8,792,0
20071024,54.5,54.5,54.5,54.5,50,0
20071026,54.6,54.6,54.6,54.6,20,0
20071030,52,52,52,52,199,0
20071031,52.5,52.5,52.5,52.5,3078,0
20071105,52,52,52,52,5,0
20071106,51.95,53,51.95,53,888,0
20071107,50.5,52,50.5,52,315,0
20071108,50,50,50,50,398,0
20071109,52.8,52.8,52.8,52.8,60,0
20071112,53.1,53.1,53.1,53.1,300,0
20071113,55,55,55,55,95,0
20071115,55,55,54.7,54.7,180,0
20071121,54,54,54,54,230,0
20071122,53,53,53,53,170,0
20071129,54,54,54,54,10,0
20071205,53.2,53.2,53.2,53.2,40,0
20071207,53.3,53.3,53.3,53.3,21,0
20071212,54,54,54,54,110,0
20071214,52.5,53.8,52.5,53.8,2201,0
20071219,52.35,52.35,52.35,52.35,40,0
20080103,52.6,52.6,52.6,52.6,597,0
20080107,51.5,51.5,51.5,51.5,130,0
20080108,51,51,51,51,185,0
20080109,50.5,50.5,50.5,50.5,200,0
20080110,51,51,51,51,1236,0
20080111,52,52,52,52,2100,0
20080114,52,52,52,52,1890,0
20080115,52,52,52,52,1898,0
20080116,52,52,52,52,2821,0
20080117,52,52,52,52,3118,0
20080118,52,52,52,52,480,0
20080122,52,52,52,52,320,0
20080124,52.1,52.1,52.1,52.1,315,0
20080130,50.5,50.5,50.5,50.5,40,0
20080131,52,52,52,52,271,0
20080207,52.1,52.1,52.1,52.1,868,0
20080208,53,53,53,53,75,0
20080215,50,50,50,50,168,0
20080221,52,52,52,52,850,0
20080222,52,52,52,52,250,0
20080226,52,52,52,52,500,0
20080227,52,52,52,52,800,0
20080228,52,52,52,52,350,0
20080229,51,51,51,51,880,0
20080303,51,51,51,51,1760,0
20080305,54.5,54.5,54.5,54.5,300,0
20080311,54,54,54,54,100,0
20080328,52.5,52.95,52.5,52.95,600,0
20080331,50,50,50,50,830,0
20080401,50,50,50,50,115,0
20080402,50,50,50,50,97,0
20080403,50,50,50,50,1909,0
20080404,50,50,50,50,1749,0
20080407,52,52,52,52,90,0
20080409,52,52,52,52,1,0
20080411,52,52,52,52,100,0
20080417,49.5,49.5,49.5,49.5,41,0
20080422,52,52,52,52,240,0
20080423,50,50,50,50,5,0
20080424,50,50,50,50,148,0
20080507,50,50,50,50,500,0
20080508,50,50,50,50,135,0
20080512,49.5,50,49.5,50,1029,0
20080514,49,49,49,49,180,0
20080515,49,49,49,49,841,0
20080516,49,50.5,49,50.5,1399,0
20080526,50.5,51.5,50.5,51.5,515,0
20080530,49,49,49,49,100,0
20080605,51.5,51.5,51.5,51.5,2,0
20080623,51,51,51,51,2,0
20080626,49,49,49,49,15,0
20080701,49,49,49,49,80,0
20080703,51,51,51,51,17,0
20080707,49,49,49,49,17,0
20080710,50.9,50.9,50.9,50.9,540,0
20080715,50.5,50.5,50.5,50.5,150,0
20080724,50.5,50.5,50.5,50.5,100,0
20080731,46,50.5,46,50.5,1083,0
20080804,46,50.1,46,50.1,971,0
20080811,45.02,49.5,45.02,49.5,94,0
20080813,50.5,50.5,50.5,50.5,150,0
20080819,45.5,51.3,45.5,51.3,970,0
20080821,45.5,48,45.5,48,1030,0
20080822,50.5,50.5,50.5,50.5,1,0
20080827,47.5,47.5,47.5,47.5,54,0
20080903,42,49,42,49,1451,0
20080904,50,50,50,50,75,0
20080908,50,50,50,50,200,0
20080923,49.5,49.5,49.5,49.5,120,0
20081006,49,49,49,49,2,0
20081007,50,50,50,50,6,0
20081009,42,46.8,42,46.8,1110,0
20081010,42,42,41.9,41.9,671,0
20081013,48,48,48,48,41,0
20081014,49.9,49.9,49.9,49.9,1,0
20081021,48.99,48.99,48.99,48.99,34,0
20081104,48.05,48.05,48.05,48.05,23,0
20081124,48,48,48,48,1,0
20081127,41.5,41.5,41.5,41.5,1115,0
20081128,46.29,46.29,45.65,46.29,1,0
20081203,46.45,46.45,46.45,46.45,3,0
20081204,46.46,46.46,46.46,46.46,15,0
20081205,46.23,46.23,46.23,46.23,180,0
20081217,45,45,45,45,1036,0
20081219,45.3,45.3,40.09,45.3,15,0
20081223,41.1,41.1,41,41,2482,0
20081229,45.15,45.15,45.15,45.15,60,0
20090105,48.8,48.8,48.8,48.8,1,0
20090112,44.8,44.8,44.8,44.8,12,0
20090116,40,40,40,40,40,0
20090119,44.8,44.8,44.8,44.8,16,0
20090130,43.39,43.39,39.06,39.06,20,0
20090203,40,40,40,40,5,0
20090209,43,43,43,43,15,0
20090218,40,40,40,40,40,0
20090219,40,40,40,40,1,0
20090225,39.99,39.99,39.99,39.99,10,0
20090331,39.4,39.4,39.4,39.4,30,0
20090406,39,39,39,39,13,0
20090430,39.3,39.3,39.3,39.3,50,0
20090515,35.8,35.8,35.8,35.8,80,0
20090518,32.6,32.6,32.6,32.6,2356,0
20090519,32.3,32.6,32.3,32.6,2982,0
20090520,32.6,32.6,32.6,32.6,480,0
20090521,32.6,32.6,32.6,32.6,280,0
20090601,30.5,32.59,30.5,32.59,40,0
20090618,32.5,32.5,32.5,32.5,20,0
20090629,33.1,36.1,33.1,36.1,251,0
20090630,39.5,43.4,39.5,43.4,87,0
20090702,43,43,43,43,44,0
20090714,40,40,40,40,10,0
20090803,42,42,42,42,10,0
20091014,35.9,35.9,35.9,35.9,10,0
20091023,35.9,35.9,35.9,35.9,14,0
20091113,32.9,32.9,32.9,32.9,1210,0
20091116,32.89,32.89,32.89,32.89,1197,0
20091118,32,32,32,32,1226,0
20091201,26.5,26.5,26.5,26.5,14,0
20091203,32.75,32.75,29.15,32.75,30,0
20100104,32.89,32.89,32.89,32.89,1,0
20100215,29.62,29.62,29.62,29.62,1,0
20100310,25.61,27.6,25.61,27.6,11,0
20100311,27.59,27.59,27.59,27.59,10,0
20100401,29.62,29.62,29.62,29.62,1,0
20100407,29.61,29.9,29.61,29.9,143,0
20100413,30,30,30,30,1,0
20100430,19,19,19,19,10,0
20100504,22,22,22,22,1,0
20100507,19.02,19.02,19.02,19.02,20,0
20100519,20,20,20,20,1,0
20100608,16.8,16.8,16.8,16.8,1,0
20100609,16.8,16.8,16.8,16.8,1102,0
20100610,18.19,18.19,18.19,18.19,1,0
20100611,18.15,18.15,18.15,18.15,1000,0
20100614,21,21,21,21,15,0
20100622,20.5,20.5,20.5,20.5,22,0
20100623,17.05,17.05,17.05,17.05,50,0
20100624,16.74,16.74,16.74,16.74,49,0
20100625,14.85,14.85,14.85,14.85,123,0
20100629,14.8,14.8,14.8,14.8,110,0
20100701,13,13,13,13,100,0
20100705,13,13,13,13,750,0
20100706,11.8,11.8,11.8,11.8,369,0
20100707,11.8,11.8,11.8,11.8,90,0
20100712,14,14.4,14,14.4,120,0
20100713,14.4,15.5,14.4,15.5,390,0
20100715,15,15,15,15,101,0
20100716,16.5,16.5,16.5,16.5,45,0
20100723,14,14,14,14,175,0
20100726,13.9,13.9,12.5,12.5,539,0
20100727,11.65,11.65,11.65,11.65,2000,0
20100728,11.65,11.65,11.65,11.65,141,0
20100729,13,13,13,13,11,0
20100802,14.29,14.29,14.29,14.29,550,0
20100803,13.98,13.98,13.98,13.98,70,0
20100805,12.8,12.8,12.75,12.75,2117,0
20100806,12.8,12.8,12.75,12.75,770,0
20100809,12.75,12.75,12.75,12.75,180,0
20100811,13.3,13.3,13.2,13.2,219,0
20100812,12.75,12.75,12.75,12.75,180,0
20100813,13.3,13.3,13.3,13.3,1,0
20100816,13,13,13,13,313,0
20100818,12.5,13,12.5,13,51,0
20100820,13,13,13,13,40,0
20100901,12.75,12.75,12.75,12.75,100,0
20100906,10.65,10.65,10.65,10.65,130,0
20100908,12.49,12.49,12.49,12.49,1,0
20100909,12,12,12,12,191,0
20100910,12.5,12.5,12.5,12.5,1,0
20100914,10.3,10.3,10.3,10.3,300,0
20100915,10.46,11.35,10.46,11.35,119,0
20100916,10.46,10.46,10.46,10.46,40,0
20100917,10.7,10.7,10.7,10.7,188,0
20100920,12.5,12.5,12.5,12.5,500,0
20100924,12.49,12.49,12.49,12.49,50,0
20100928,11.99,11.99,11.99,11.99,150,0
20100929,11.11,12,11.11,12,1301,0
20101001,12.49,12.49,12.49,12.49,1,0
20101004,12.4,12.4,12.4,12.4,55,0
20101005,12.49,12.49,12.49,12.49,187,0
20101006,12.4,12.49,12.4,12.49,1244,0
20101007,12.5,12.6,12.5,12.6,440,0
20101008,12.88,12.88,12.88,12.88,36,0
20101012,12.96,12.96,12.96,12.96,1,0
20101020,12.39,12.39,12.39,12.39,513,0
20101022,12,12.8,12,12.8,6,0
20101025,12.1,12.1,12.1,12.1,200,0
20101026,12.5,12.5,12.5,12.5,1,0
20101027,12.5,12.5,12,12,475,0
20101029,11.01,11.02,11.01,11.02,24,0
20101102,11,11,11,11,50,0
20101103,10.62,10.62,10.62,10.62,11,0
20101105,11.1,11.1,11.1,11.1,80,0
20101109,12.7,12.7,12.7,12.7,501,0
20101110,12.7,12.7,12.7,12.7,1,0
20101112,12.7,12.7,12.7,12.7,1,0
20101115,12,12,12,12,170,0
20101116,11.97,11.97,11.97,11.97,200,0
20101125,11.91,11.91,11.91,11.91,50,0
20101130,10.73,10.73,10.73,10.73,50,0
20101202,11.9,11.9,11.9,11.9,1,0
20101203,11.98,11.98,11.9,11.9,575,0
20101206,12.5,12.5,12.5,12.5,1,0
20101209,12.2,12.2,12.2,12.2,10,0
20101210,11.1,11.1,10.8,10.8,187,0
20101213,11.49,11.49,11.49,11.49,1,0
20101214,11.1,11.1,11.1,11.1,150,0
20101215,10.88,10.88,10.88,10.88,400,0
20101216,11.59,11.59,11.59,11.59,200,0
20101217,11,11,11,11,69,0
20101220,10.6,10.6,10.6,10.6,400,0
20101221,11.48,11.48,11.48,11.48,1,0
20101227,10.5,10.5,10.5,10.5,474,0
20101228,10.55,10.55,10.55,10.55,104,0
20101229,10.98,10.98,10.98,10.98,1,0
20110105,9.05,9.1,9.05,9.1,52,0
20110107,9.8,9.8,9.79,9.79,151,0
20110110,10.75,10.75,10.74,10.74,167,0
20110112,9.22,9.22,9.22,9.22,25,0
20110113,10.7,10.7,10.7,10.7,1,0
20110114,10.49,10.49,10.49,10.49,10,0
20110117,9.81,9.81,9.81,9.81,35,0
20110118,10.64,10.64,10.64,10.64,1,0
20110120,9.81,10.54,9.81,10.54,168,0
20110121,9.5,10.39,9.5,10.39,170,0
20110204,9.6,9.6,9.6,9.6,300,0
20110208,9,9,9,9,1000,0
20110214,9.6,9.6,9,9,150,0
20110215,9.6,9.6,9.6,9.6,1,0
20110217,9.96,9.96,9.6,9.6,1100,0
20110218,9.6,9.6,9.6,9.6,50,0
20110222,9,9,9,9,500,0
20110223,9,9,9,9,370,0
20110304,8.1,8.1,8.1,8.1,1,0
20110307,9,9.02,9,9.02,389,0
20110308,9.92,9.92,9.92,9.92,100,0
20110310,8.6,8.6,8.6,8.6,500,0
20110314,9.75,9.75,9.75,9.75,50,0
20110318,9.7,9.7,9.7,9.7,6,0
20110331,9,9,8.49,8.49,305,0
20110401,9.15,9.15,7.4,7.4,4,0
20110404,7.52,7.52,7.52,7.52,5,0
20110406,9,9,9,9,61,0
20110408,8.6,8.6,8.6,8.6,2,0
20110411,9,9,9,9,6,0
20110413,9,9,9,9,195,0
20110419,8.95,8.95,8.95,8.95,450,0
20110421,8.5,8.5,8.5,8.5,100,0
20110426,8.9,8.9,8.9,8.9,206,0
20110512,7.77,7.77,7.77,7.77,5,0
20110513,7.29,7.29,7.29,7.29,5,0
20110516,7,7,6.8,6.8,5,0
20110517,6.5,6.5,6,6,9,0
20110520,6.5,6.5,6.5,6.5,450,0
20110526,6.77,6.77,6.77,6.77,55,0
20110531,8.96,8.96,8.96,8.96,126,0
20110603,8.95,8.95,8.95,8.95,50,0
20110610,7.4,7.4,7.4,7.4,4,0
20110614,5.05,5.05,5.05,5.05,2,0
20110615,5.06,5.06,5.06,5.06,10,0
20110616,4.6,4.6,4.6,4.6,12,0
20110617,4.95,4.95,4.95,4.95,1049,0
20110622,6.84,6.84,6.84,6.84,271,0
20110624,7.6,7.6,7.6,7.6,1,0
20110627,8,8,8,8,126,0
20110701,6.3,6.3,6.3,6.3,130,0
20110704,5.65,5.65,5.65,5.65,10,0
20110708,5.02,5.02,5.02,5.02,15,0
20110714,6.01,6.01,6.01,6.01,2,0
20110718,7.99,7.99,7.99,7.99,1,0
20110719,7.99,8.05,7.99,8.05,101,0
20110726,8.05,8.99,8.05,8.99,284,0
20110801,9,9,9,9,300,0
20110805,6,6,6,6,40,0
20110808,5,5,5,5,800,0
20110810,6.05,6.05,6.05,6.05,60,0
20110811,6.49,6.49,6.46,6.46,171,0
20110816,8,8.8,8,8.8,41,0
20110817,9,9,9,9,1,0
20110818,8.2,8.2,7,7,76,0
20110822,8.5,8.5,8.5,8.5,5,0
20110824,8.9,8.9,8.9,8.9,1,0
20110829,6.55,6.55,6.55,6.55,4,0
20110831,8,8,8,8,210,0
20110901,8.9,9,8.9,9,2436,0
20110902,9.05,9.61,9.05,9.61,557,0
20110905,9.5,10,9.5,10,2047,0
20110906,11,11,11,11,1,0
20110907,11,11,11,11,368,0
20110908,11.5,11.5,11.5,11.5,84,0
20110909,11.5,12.5,11.5,12.5,170,0
20110914,12.5,12.5,12.5,12.5,1200,0
20110921,9.5,9.5,9.5,9.5,900,0
20110922,9.4,9.4,9.4,9.4,150,0
20110923,9,9,8.8,8.8,1409,0
20110926,8.8,8.8,8,8,1920,0
20110927,8,9,8,9,1107,0
20110928,9.12,10,9.12,10,374,0
20110929,10.9,10.9,10.9,10.9,9,0
20110930,10.9,11.5,10.9,11.5,88,0
20111014,10.75,10.75,10.75,10.75,403,0
20111103,10.75,10.75,10.75,10.75,11,0
20111115,10.9,10.9,10.9,10.9,232,0
20111116,10.9,10.9,10.9,10.9,95,0
20111117,11.6,11.6,11.5,11.5,795,0
20111118,12.3,12.3,12.3,12.3,48,0
20111121,12.3,12.3,12.3,12.3,678,0
20111122,12.4,12.5,12.4,12.5,1071,0
20111128,12.85,12.85,12.85,12.85,1,0
20111201,12.49,12.49,12.49,12.49,100,0
20111202,12.5,12.5,12.5,12.5,220,0
20111205,12.9,13,12.9,13,1553,0
20111206,14.4,14.4,14.4,14.4,1,0
20111212,13.7,13.7,13.7,13.7,10,0
20111223,12.8,13.79,12.8,13.79,71,0
20111227,13,13,13,13,10,0
20111229,11.36,11.36,11.36,11.36,61,0
20120103,15,15,15,15,1,0
20120109,14.9,14.9,14.9,14.9,100,0
20120112,13,13.89,13,13.89,91,0
20120113,13.8,13.8,13.8,13.8,155,0
20120117,12.25,12.25,12.25,12.25,267,0
20120118,12.25,12.25,12.25,12.25,1445,0
20120119,12.25,12.25,12.25,12.25,1800,0
20120126,13.25,13.25,13.25,13.25,1,0
20120127,13.35,13.35,13.35,13.35,1,0
20120131,12.19,12.19,12.19,12.19,100,0
20120202,11.25,12.2,11.25,12.2,46,0
20120216,12.5,12.5,12.5,12.5,359,0
20120217,13.49,13.49,13.49,13.49,2,0
20120227,12.25,12.25,12.25,12.25,200,0
20120228,13.25,13.25,13.25,13.25,1,0
20120229,13.25,13.26,13.25,13.26,813,0
20120301,13.25,13.49,13.25,13.49,1064,0
20120306,13.49,13.49,13.48,13.48,557,0
20120307,14,14.9,14,14.9,160,0
20120308,15,15.02,15,15.02,564,0
20120309,16.2,16.23,16.2,16.23,315,0
20120312,16.8,16.8,16.8,16.8,100,0
20120313,18.8,18.8,18.8,18.8,80,0
20120314,20.2,20.2,20.2,20.2,1,0
20120315,22.22,22.22,22,22,86,0
20120316,23,24,23,24,1122,0
20120319,27,27,27,27,1,0
20120320,29.01,31,29.01,31,75,0
20120321,33.8,33.8,33.5,33.5,230,0
20120322,36.5,36.5,32.9,32.9,65,0
20120323,26,26,26,26,23,0
20120326,26,26,26,26,277,0
20120327,26,26,26,26,8,0
20120411,20,20,20,20,114,0
20120412,21,21,21,21,5,0
20120413,21,21,21,21,95,0
20120416,21.98,21.98,21,21,114,0
20120417,22,22,22,22,61,0
20120418,23,23,23,23,40,0
20120419,23,23,23,23,30,0
20120423,23,23,23,23,78,0
20120425,22.5,22.5,22.5,22.5,5,0
20120426,20.55,20.55,20.55,20.55,9,0
20120427,22.45,22.45,22.45,22.45,1,0
20120511,22.8,22.8,22.8,22.8,1010,0
20120514,22,22,22,22,1,0
20120516,23,23,23,23,100,0
20120611,22.95,22.95,22.95,22.95,180,0
20120620,21,21,21,21,185,0
20120626,22.9,22.9,22.9,22.9,10,0
20120628,22.94,22.94,22.94,22.94,438,0
20120718,20.65,20.65,20.65,20.65,847,0
20120719,21.98,21.98,21.98,21.98,13,0
20120720,21,21,21,21,30,0
20120724,20.5,20.5,20.5,20.5,52,0
20120824,17.5,17.5,17.5,17.5,100,0
20120828,20.4,20.4,20.4,20.4,1,0
20120911,19.95,19.95,19.95,19.95,10,0
20120919,17,17,17,17,60,0
20120920,17,17,17,17,120,0
20120921,19,19,19,19,1,0
20120925,19.6,19.6,19.6,19.6,73,0
20121002,19.5,19.5,19.5,19.5,51,0
20121004,19.7,19.75,19.7,19.75,986,0
20121005,21,21,21,21,13,0
20121015,20,21,20,21,323,0
20121016,23,23.1,23,23.1,420,0
20121017,24,26,24,26,195,0
20121018,27.1,29.5,27.1,29.5,35,0
20121019,31,34.05,31,34.05,1440,0
20121024,33.5,33.5,33.5,33.5,1,0
20121025,35,35,35,35,5,0
20121123,33.98,33.98,33.98,33.98,1,0
20121127,30.28,30.28,30.25,30.25,159,0
20121212,20,20,20,20,244,0
20121213,20,20,20,20,50,0
20121217,24.9,24.9,24.9,24.9,1,0
20121227,19,19,19,19,374,0
20121228,19,24,19,24,26,0
20130102,24,24,24,24,97,0
20130104,26.4,26.4,26.4,26.4,1,0
20130111,23.45,23.45,23.45,23.45,4,0
20130114,23.42,23.42,23.42,23.42,230,0
20130115,22.05,22.05,22.05,22.05,150,0
20130116,26.67,26.67,26.67,26.67,1,0
20130117,26.6,26.6,26.6,26.6,40,0
20130118,26.99,26.99,26.99,26.99,51,0
20130122,25.3,25.3,25.3,25.3,96,0
20130123,26.5,26.5,26.5,26.5,398,0
20130131,25.87,25.87,25.87,25.87,199,0
20130204,21,21,21,21,204,0
20130206,23,23,23,23,10,0
20130211,22.99,25,22.99,25,200,0
20130214,24,24,24,24,110,0
20130218,23,23,23,23,100,0
20130225,23,23,23,23,5,0
20130314,21.2,21.2,21.2,21.2,56,0
20130315,23,23,23,23,295,0
20130318,22,22,22,22,50,0
20130321,23,23,23,23,110,0
20130328,25,25,25,25,10,0
20130405,23.1,23.1,23.1,23.1,100,0
20130408,23.99,23.99,23.99,23.99,99,0
20130409,24,24,24,24,229,0
20130410,25,25,25,25,70,0
20130411,25,28,25,28,46,0
20130417,27.5,27.5,27.5,27.5,120,0
20130516,28.1,29,28.1,29,532,0
20130517,31,31,29,29,140,0
20130520,33,33,33,33,10,0
20130521,33,33,33,33,1,0
20130523,33,33,33,33,10,0
20130619,32,32,32,32,5,0
20130701,34.9,34.9,34.9,34.9,1,0
20130702,34.85,34.85,34.85,34.85,1929,0
20130710,32.99,32.99,32.99,32.99,2,0
20130722,34.45,34.45,34.45,34.45,1,0
20130807,28,30.8,28,30.8,96,0
20130808,31.95,31.95,31.95,31.95,1,0
20130820,31.99,31.99,31.99,31.99,21,0
20130827,30,30,30,30,70,0
20130830,33.03,36,33.03,36,2302,0
20130902,38.88,38.88,34,34,168,0
20130904,31.51,34,31.51,34,46,0
20130905,32,32,32,32,50,0
20130909,32,32.06,32,32.06,248,0
20130910,34,34,34,34,350,0
20130911,34.5,34.5,34.5,34.5,49,0
20130912,35,35,35,35,40,0
20130913,33,33,33,33,19,0
20130916,35,35,35,35,1,0
20130917,34,34,34,34,102,0
20130918,33.95,33.95,33.95,33.95,129,0
20130919,33.95,33.95,33.95,33.95,200,0
20130924,33.8,33.8,33.8,33.8,15,0
20130927,33.79,33.79,33.79,33.79,600,0
20130930,33,33,33,33,45,0
20131003,30,30,30,30,65,0
20131004,33,33,33,33,20,0
20131008,30.05,30.06,30.05,30.06,63,0
20131009,32.06,32.06,32.06,32.06,1,0
20131014,33.95,33.95,33.95,33.95,150,0
20131016,33.5,33.5,33.5,33.5,30,0
20131017,33.5,33.5,33.5,33.5,768,0
20131030,33.95,33.95,33.5,33.5,271,0
20131031,33,33,33,33,1,0
20131104,33.95,33.95,33.95,33.95,1,0
20131115,33,33,33,33,100,0
20131118,32.9,32.9,32.9,32.9,201,0
20131120,32.8,32.8,32.8,32.8,41,0
20131127,31.51,31.51,31.51,31.51,106,0
20131202,31.6,31.6,31.6,31.6,150,0
20131205,30.65,30.65,30.65,30.65,413,0
20131206,29.99,29.99,29.99,29.99,100,0
20131209,31.97,31.97,31.97,31.97,1,0
20131217,31.5,31.5,31.48,31.48,3746,0
20131218,31,31,31,31,129,0
20131227,32.8,32.8,29.8,29.8,110,0
20131230,31,31,31,31,1,0
20140107,30,30,30,30,155,0
20140122,29.95,29.95,29.95,29.95,72,0
20140123,31,31,31,31,1,0
20140130,29.95,29.95,29.95,29.95,18,0
20140131,29.95,29.95,29.95,29.95,102,0
20140203,29.95,29.95,29.95,29.95,3,0
20140204,26.97,29.65,26.97,29.65,120,0
20140206,29.65,29.65,29.65,29.65,220,0
20140212,29.34,29.34,29,29,225,0
20140213,29.33,29.33,29.33,29.33,50,0
20140214,29.34,29.95,29.34,29.95,76,0
20140217,29.95,29.95,29.95,29.95,133,0
20140218,29.95,29.95,29.95,29.95,52,0
20140219,29.95,29.95,29.95,29.95,20,0
20140220,29.95,29.95,29.95,29.95,50,0
20140221,29.01,29.01,29.01,29.01,40,0
20140224,29.01,29.01,29.01,29.01,58,0
20140225,29.01,29.01,29.01,29.01,746,0
20140227,29.95,29.95,29.95,29.95,230,0
20140228,29.95,30,29.95,30,1145,0
20140303,30.94,30.94,30.94,30.94,1,0
20140311,30,30,29.99,29.99,600,0
20140320,29.07,29.07,29.07,29.07,266,0
20140324,27.11,29,27.11,29,1107,0
20140325,29,29,29,29,313,0
20140327,28.07,28.07,28.07,28.07,4,0
20140331,28.07,28.07,28.07,28.07,10,0
20140402,28.48,28.48,28.48,28.48,115,0
20140403,28.35,28.35,28.35,28.35,29,0
20140409,28.85,28.85,28.85,28.85,1,0
20140416,26.41,26.41,26.41,26.41,50,0
20140417,29,29,29,29,1,0
20140424,29,29,26.42,26.42,55,0
20140428,26.41,29,26.41,29,103,0
20140429,26.51,26.51,26.5,26.5,273,0
20140430,28.95,28.95,28.95,28.95,1,0
20140502,28.45,28.45,28.45,28.45,1,0
20140513,26.5,26.5,26.5,26.5,200,0
20140515,26.5,29,26.5,29,81,0
20140516,28.93,28.93,28.93,28.93,300,0
20140526,26.5,26.5,26.5,26.5,21,0
20140527,26.7,28.95,26.7,28.95,201,0
20140603,28,28,28,28,218,0
20140604,28,28,28,28,192,0
20140605,28.5,28.5,28.5,28.5,50,0
20140606,28,28,28,28,108,0
20140609,28,29,28,29,351,0
20140613,28,28,28,28,350,0
