Date,Open,High,Low,Close,Volume,OpenInt
20080507,10.299,10.603,10.034,10.603,62224,0
20080508,10.75,10.75,10.318,10.632,8880,0
20080509,10.485,10.652,10.407,10.652,10430,0
20080512,10.269,10.701,10.259,10.701,9892,0
20080513,10.652,10.799,10.652,10.799,6417,0
20080514,10.809,10.809,10.799,10.799,18209,0
20080515,10.799,10.848,10.79,10.848,10043,0
20080516,10.505,10.848,10.505,10.848,2900,0
20080519,10.799,10.848,10.475,10.799,10438,0
20080520,10.79,10.79,10.338,10.505,18616,0
20080521,10.308,10.505,10.308,10.505,4994,0
20080526,10.407,10.407,10.407,10.407,653,0
20080527,10.554,10.554,10.407,10.407,23682,0
20080528,10.377,10.377,10.377,10.377,12,0
20080530,10.505,10.505,10.505,10.505,10186,0
20080603,10.299,10.495,10.299,10.495,25465,0
20080604,10.485,10.485,10.485,10.485,306,0
20080606,10.407,10.407,10.407,10.407,7130,0
20080610,10.014,10.014,9.916,9.916,280,0
20080611,9.916,10.299,9.916,10.299,10328,0
20080613,10.299,10.299,9.837,9.837,307,0
20080616,9.837,9.837,9.837,9.837,1019,0
20080617,9.837,9.916,9.837,9.916,4075,0
20080618,10.21,10.21,10.21,10.21,1,0
20080619,10.299,10.299,10.299,10.299,1,0
20080620,10.299,10.299,10.299,10.299,1,0
20080623,9.818,9.818,9.818,9.818,1752,0
20080624,9.916,10.308,9.916,10.112,1732,0
20080625,10.299,10.299,10.299,10.299,1,0
20080626,10.102,10.299,9.818,10.299,2160,0
20080627,10.112,10.112,10.112,10.112,764,0
20080630,10.112,10.112,10.112,10.112,1,0
20080701,9.651,9.651,9.651,9.651,815,0
20080708,9.67,9.67,9.67,9.67,815,0
20080709,9.67,10.112,9.67,10.112,1833,0
20080710,10.308,10.308,10.308,10.308,102,0
20080711,9.818,10.308,9.818,10.308,161,0
20080714,10.308,10.308,10.308,10.308,1,0
20080715,10.308,10.308,10.308,10.308,1,0
20080716,9.818,9.818,9.818,9.818,764,0
20080717,9.818,9.818,9.818,9.818,509,0
20080718,9.818,9.818,9.818,9.818,1,0
20080721,9.818,9.818,9.818,9.818,764,0
20080722,10.21,10.21,9.729,10.21,305,0
20080723,10.21,10.21,10.21,10.21,102,0
20080724,9.749,10.74,9.749,10.74,1131,0
20080725,10.819,10.819,10.819,10.819,102,0
20080728,10.75,10.799,10.75,10.799,204,0
20080729,10.799,10.799,10.289,10.289,877,0
20080730,10.358,10.603,10.358,10.603,815,0
20080731,10.75,10.75,10.75,10.75,173,0
20080801,10.77,11.28,10.701,10.701,1518,0
20080804,10.77,10.77,10.77,10.77,102,0
20080805,10.77,10.77,10.77,10.77,102,0
20080806,10.77,10.77,10.259,10.259,765,0
20080807,10.259,10.259,10.259,10.259,306,0
20080811,10.2,10.2,10.2,10.2,102,0
20080812,10.2,10.259,10.2,10.259,153,0
20080813,10.259,10.259,10.259,10.259,102,0
20080814,10.259,10.77,10.259,10.77,866,0
20080818,10.524,10.524,10.524,10.524,1,0
20080819,10.328,10.77,10.328,10.77,765,0
20080820,10.75,10.75,10.75,10.75,52,0
20080821,10.328,10.76,10.328,10.76,1027,0
20080822,10.77,10.77,10.77,10.77,102,0
20080825,10.77,10.77,10.77,10.77,115,0
20080826,10.259,10.308,10.259,10.308,1477,0
20080827,9.4837,9.808,9.3954,9.798,4445,0
20080828,9.808,9.808,9.808,9.808,1,0
20080829,9.798,9.798,9.798,9.798,1,0
20080901,9.768,9.818,9.768,9.818,174,0
20080902,9.768,9.818,9.768,9.818,154,0
20080903,9.3659,10.308,9.3659,10.308,816,0
20080904,10.308,10.308,10.308,10.308,102,0
20080905,10.102,10.102,10.102,10.102,764,0
20080908,10.308,10.308,10.308,10.308,102,0
20080909,10.308,10.308,10.308,10.308,102,0
20080910,10.308,10.308,10.308,10.308,153,0
20080911,10.308,10.308,10.308,10.308,102,0
20080912,10.308,10.308,10.308,10.308,102,0
20080915,10.308,10.308,10.308,10.308,102,0
20080916,10.308,10.308,10.308,10.308,102,0
20080917,10.308,10.308,10.308,10.308,102,0
20080918,10.308,10.308,10.308,10.308,102,0
20080919,10.308,10.308,10.308,10.308,102,0
20080922,10.308,10.75,10.308,10.75,713,0
20080923,10.505,10.505,10.505,10.505,102,0
20080924,10.505,10.505,10.505,10.505,51,0
20080925,10.603,10.603,10.603,10.603,51,0
20080926,10.701,10.75,10.112,10.112,815,0
20080929,10.308,10.308,10.308,10.308,112,0
20080930,10.308,10.308,10.308,10.308,102,0
20081001,10.308,10.308,10.308,10.308,102,0
20081002,9.818,9.818,9.818,9.818,2,0
20081003,10.299,10.299,9.818,9.818,116,0
20081006,10.299,10.299,10.299,10.299,102,0
20081007,10.299,10.299,10.299,10.299,117,0
20081008,10.279,10.279,9.818,9.818,1476,0
20081009,9.818,9.818,9.818,9.818,780,0
20081010,9.67,9.67,9.1205,9.562,2758,0
20081013,9.572,9.572,9.543,9.543,132,0
20081014,9.572,9.572,9.1205,9.1303,1833,0
20081015,9.2285,9.562,8.6983,8.8358,978,0
20081016,8.286,8.286,7.7558,7.7558,1070,0
20081017,7.7558,7.7558,6.8723,7.7558,5903,0
20081020,6.8723,7.7558,6.8723,7.7558,3091,0
20081021,8.0405,8.0405,8.0405,8.0405,102,0
20081022,8.0405,8.0405,8.0405,8.0405,102,0
20081023,8.0405,8.0405,8.0405,8.0405,102,0
20081024,8.0405,8.0405,8.0307,8.0307,107,0
20081027,7.7068,8.0405,7.7068,8.0405,159,0
20081028,8.0405,8.0405,8.0405,8.0405,102,0
20081029,8.0405,8.0405,8.0405,8.0405,102,0
20081030,7.6577,8.0405,7.6577,8.0405,611,0
20081031,8.0405,8.0405,8.0405,8.0405,516,0
20081103,8.1976,8.1976,8.1976,8.1976,102,0
20081104,8.1976,8.2958,8.1976,8.2467,1021,0
20081105,8.2958,8.6591,8.2958,8.6591,457,0
20081106,8.4234,8.7867,8.4234,8.7867,92,0
20081107,8.8358,8.8358,8.8358,8.8358,153,0
20081110,8.8259,8.8259,8.8259,8.8259,103,0
20081112,8.8259,8.8358,8.4234,8.8358,814,0
20081113,9.1205,9.1205,9.1205,9.1205,102,0
20081114,9.1205,9.1205,9.1205,9.1205,81,0
20081117,9.1205,9.1205,9.1205,9.1205,102,0
20081118,9.1107,9.1107,9.1107,9.1107,102,0
20081119,9.1205,9.1205,9.1205,9.1205,102,0
20081120,8.6885,8.6885,8.6885,8.6885,102,0
20081121,8.6885,8.6885,8.6885,8.6885,102,0
20081124,9.1107,9.1107,9.1107,9.1107,204,0
20081125,9.1205,9.1205,9.1205,9.1205,102,0
20081126,9.1205,9.1205,9.1205,9.1205,102,0
20081127,9.1205,9.1205,9.1205,9.1205,102,0
20081128,9.1205,9.1205,9.1205,9.1205,102,0
20081201,9.1205,9.1205,8.6885,8.6885,1345,0
20081202,8.6885,8.6885,8.6885,8.6885,103,0
20081203,8.6885,8.6885,8.6885,8.6885,102,0
20081204,8.6885,8.6885,8.6885,8.6885,102,0
20081205,8.6885,8.6885,8.6885,8.6885,102,0
20081208,8.6885,8.6885,8.6885,8.6885,102,0
20081209,8.6885,8.6885,8.6885,8.6885,102,0
20081210,8.6885,8.6885,8.6885,8.6885,102,0
20081211,8.6885,8.6885,8.6885,8.6885,102,0
20081212,8.6885,8.6885,8.6885,8.6885,102,0
20081215,8.6885,8.6885,8.6885,8.6885,102,0
20081216,8.6885,8.6885,8.6885,8.6885,102,0
20081217,8.6885,9.1107,8.6885,9.1107,1222,0
20081218,9.0714,9.818,9.0321,9.719,3218,0
20081219,10.004,10.004,9.523,9.523,2513,0
20081222,9.523,10.004,9.0714,10.004,1956,0
20081223,9.533,9.533,9.2579,9.415,1772,0
20081229,9.2285,9.2285,9.2285,9.2285,102,0
20081230,9.2285,9.984,9.2285,9.2285,2421,0
20081231,9.2285,9.69,9.2285,9.2285,1833,0
20090105,9.2383,9.2383,9.2285,9.2285,815,0
20090106,9.2285,9.2285,8.7965,8.7965,1022,0
20090107,8.8063,8.8358,8.8063,8.8358,107,0
20090108,8.8358,8.8358,8.8358,8.8358,102,0
20090109,8.8358,8.8358,8.8358,8.8358,102,0
20090112,8.4234,8.4922,8.0896,8.0896,3616,0
20090113,8.1485,8.1485,8.1485,8.1485,102,0
20090114,8.1485,8.1485,8.1485,8.1485,102,0
20090115,8.1485,8.1485,8.1485,8.1485,102,0
20090116,8.1387,8.1485,8.1387,8.1485,102,0
20090119,8.1485,8.1485,8.1485,8.1485,102,0
20090120,8.1485,8.1485,8.1485,8.1485,102,0
20090121,8.1485,8.1485,8.1485,8.1485,102,0
20090122,8.1485,8.1485,8.1485,8.1485,102,0
20090123,8.1485,8.1485,8.1485,8.1485,102,0
20090126,8.1485,8.1485,8.1485,8.1485,102,0
20090127,8.1485,8.1485,8.1485,8.1485,102,0
20090128,7.7657,8.3449,7.7657,8.3449,3005,0
20090129,8.3449,8.3449,7.9522,7.9522,1049,0
20090130,8.0504,8.0504,7.6675,7.6675,2060,0
20090202,7.3042,7.3042,6.941,6.941,2343,0
20090203,6.941,6.941,6.2734,6.2734,1438,0
20090204,6.5777,6.5777,6.5777,6.5777,102,0
20090205,6.5777,6.5777,6.5777,6.5777,102,0
20090206,6.5777,6.5777,6.5777,6.5777,329,0
20090209,6.5777,6.9017,6.5777,6.9017,1375,0
20090210,6.9017,6.9017,6.9017,6.9017,1120,0
20090211,7.3141,7.3141,7.265,7.3141,83,0
20090213,7.3141,7.3141,7.3141,7.3141,377,0
20090218,7.3141,7.3141,7.3141,7.3141,102,0
20090219,7.3141,7.3141,7.3141,7.3141,288,0
20090220,7.3141,7.3141,7.3141,7.3141,102,0
20090223,7.3141,8.0405,7.3141,8.0405,1171,0
20090227,7.3631,7.7264,7.3631,7.7264,122,0
20090302,7.3631,7.3631,7.3631,7.3631,1019,0
20090303,6.9704,6.9704,6.2734,6.6759,3597,0
20090305,6.6759,6.6759,6.3618,6.3618,1732,0
20090306,6.3519,6.3519,6.3519,6.3519,407,0
20090309,6.3519,6.3519,6.3323,6.3323,5308,0
20090310,6.3323,6.3323,6.3323,6.3323,5106,0
20090311,6.1065,6.1065,6.1065,6.1065,1833,0
20090312,6.1065,6.1065,6.1065,6.1065,1062,0
20090313,6.1065,6.3323,6.1065,6.3323,4074,0
20090316,6.5777,6.6268,6.5777,6.6268,907,0
20090317,6.6465,6.6465,6.6465,6.6465,469,0
20090318,6.6465,6.6465,6.6465,6.6465,1222,0
20090319,6.9214,6.9214,6.9115,6.9115,2477,0
20090320,6.9606,6.9606,6.9606,6.9606,3806,0
20090323,6.9017,6.9017,6.8723,6.8723,2543,0
20090324,6.9704,6.9704,6.9704,6.9704,355,0
20090325,6.9606,6.9606,6.9508,6.9508,978,0
20090326,6.8428,6.9606,6.8428,6.9606,2852,0
20090327,6.9606,6.9606,6.9606,6.9606,935,0
20090330,6.833,6.9704,6.833,6.9704,2706,0
20090331,6.9312,6.9312,6.9214,6.9214,834,0
20090401,6.9606,6.9606,6.9606,6.9606,244,0
20090402,6.9606,6.9606,6.9606,6.9606,122,0
20090403,6.6465,6.6465,6.3323,6.3323,2445,0
20090406,6.6465,6.6465,6.3323,6.3323,1620,0
20090409,6.3814,6.3814,6.3323,6.3814,365,0
20090414,6.3814,6.3814,6.3814,6.3814,1222,0
20090415,6.4599,6.4599,6.3814,6.3814,224,0
20090416,6.3814,6.4403,6.3814,6.4305,1276,0
20090417,6.4796,7.1668,6.4796,7.1668,8169,0
20090420,6.833,6.8428,6.833,6.8428,1311,0
20090421,6.5777,6.5777,5.6058,6.0378,4591,0
20090422,6.2832,6.5777,6.2832,6.5777,4475,0
20090423,6.7741,6.7741,6.4599,6.4599,4254,0
20090424,6.4796,6.7741,6.3814,6.7741,7741,0
20090427,6.4599,6.725,6.4599,6.6759,8220,0
20090428,6.725,6.8035,6.6759,6.6759,2139,0
20090429,6.7741,6.8723,6.7741,6.8723,5275,0
20090430,7.0097,7.2159,7.0097,7.2159,6661,0
20090504,7.3141,7.4711,7.3141,7.4613,657,0
20090505,7.265,7.265,7.265,7.265,342,0
20090506,7.1275,7.1275,6.7839,6.7839,1833,0
20090507,6.8723,6.8723,6.4599,6.4599,3005,0
20090508,6.4207,6.4207,6.4207,6.4207,51,0
20090511,6.4207,6.4697,6.4207,6.4697,102,0
20090512,6.401,6.4697,6.401,6.4697,1273,0
20090513,6.6366,6.6366,6.6366,6.6366,331,0
20090515,6.6366,6.6366,6.6366,6.6366,239,0
20090519,6.5286,6.5286,6.5286,6.5286,214,0
20090520,6.3814,6.3814,6.3814,6.3814,250,0
20090521,6.3814,6.3814,6.3814,6.3814,41,0
20090522,6.3814,6.3814,6.3814,6.3814,153,0
20090526,6.3814,6.3814,6.0378,6.0378,2149,0
20090527,6.3323,6.3323,6.3323,6.3323,102,0
20090528,6.3323,6.3323,6.3323,6.3323,794,0
20090602,6.3814,6.3814,6.185,6.185,856,0
20090605,6.2832,6.2832,6.2832,6.2832,1,0
20090609,6.2832,6.2832,6.2832,6.2832,64,0
20090610,6.2832,6.2832,6.2832,6.2832,1100,0
20090615,6.2832,6.2832,6.2832,6.2832,237,0
20090616,6.185,6.185,6.185,6.185,204,0
20090617,6.2832,6.2832,6.2832,6.2832,1222,0
20090623,6.185,6.185,6.185,6.185,1049,0
20090630,6.185,6.185,6.185,6.185,234,0
20090707,6.1359,6.185,6.1359,6.185,1426,0
20090708,6.185,6.185,6.185,6.185,16,0
20090710,5.9396,6.0083,5.9396,6.0083,310,0
20090713,5.8905,5.8905,5.8905,5.8905,1360,0
20090714,5.8905,5.8905,5.8905,5.8905,15,0
20090715,5.8905,5.8905,5.7923,5.7923,407,0
20090716,5.9789,6.1261,5.9789,6.1261,3022,0
20090720,6.0869,6.1261,6.0869,6.1261,1019,0
20090721,6.1261,6.1261,6.1261,6.1261,71,0
20090722,6.1261,6.1261,6.1261,6.1261,138,0
20090723,5.8512,5.8512,5.8414,5.8414,306,0
20090724,6.1261,6.3323,6.1261,6.3323,952,0
20090727,6.3323,6.3323,6.3323,6.3323,509,0
20090728,6.3323,6.401,6.3323,6.401,1542,0
20090729,6.2341,6.4894,6.2341,6.4894,1528,0
20090730,6.3618,6.5385,6.2341,6.5385,407,0
20090731,6.2538,6.5385,6.2538,6.5385,3352,0
20090803,6.2832,6.2832,6.2832,6.2832,51,0
20090804,6.5581,6.5974,6.5581,6.5974,1579,0
20090805,6.725,7.3926,6.725,7.3926,2625,0
20090806,6.8723,7.0195,6.8723,7.0195,2444,0
20090807,7.0293,7.0686,7.0293,7.0686,633,0
20090810,7.0686,7.0686,7.0686,7.0686,723,0
20090811,7.1079,7.6577,7.1079,7.6577,1871,0
20090812,7.7558,7.7558,7.6773,7.6773,1039,0
20090813,7.7558,7.7558,7.7558,7.7558,1565,0
20090814,7.7558,7.9522,7.7558,7.9522,277,0
20090817,7.7068,7.7068,7.5791,7.5791,1324,0
20090818,7.2257,7.2257,7.2257,7.2257,381,0
20090819,7.2257,7.2257,7.2257,7.2257,149,0
20090820,7.2257,7.5791,6.8821,7.2159,2503,0
20090821,7.0195,7.3631,7.0195,7.3631,1120,0
20090824,7.3533,7.3533,7.3533,7.3533,306,0
20090825,7.0686,7.0686,7.0686,7.0686,163,0
20090827,7.3631,7.3631,7.0195,7.0195,4382,0
20090828,7.3631,7.3631,7.3631,7.3631,12934,0
20090831,7.1668,7.5202,7.1668,7.5202,1325,0
20090902,7.5202,7.5202,7.157,7.157,1508,0
20090908,6.833,6.833,6.833,6.833,81,0
20090909,6.833,7.1668,6.833,7.1668,3707,0
20090910,6.9704,7.3141,6.9704,7.3141,3803,0
20090914,7.1668,7.3533,7.1668,7.3533,505,0
20090915,7.1668,7.5006,6.8723,7.5006,73766,0
20090916,7.5104,7.5104,6.8723,6.8723,27711,0
20090917,7.0686,7.0686,6.9214,7.0686,3871,0
20090918,7.0686,7.157,6.8723,7.1079,1019,0
20090921,7.1373,7.1373,7.1373,7.1373,102,0
20090922,7.1373,7.1373,6.833,6.8821,800,0
20090923,6.833,7.1373,6.833,6.833,1830,0
20090924,6.8232,6.8232,6.5483,6.6759,978,0
20090925,6.6759,6.6759,6.5483,6.5777,1533,0
20090929,6.5777,6.5876,6.5777,6.5876,283,0
20090930,6.5876,6.6759,6.3814,6.6759,5704,0
20091001,6.3912,6.3912,6.3028,6.3814,1290,0
20091002,6.4796,6.4796,6.2832,6.2832,104283,0
20091005,6.2832,6.5777,6.2341,6.5777,314336,0
20091006,6.6857,7.1668,6.5777,6.8134,420853,0
20091007,7.0097,7.0686,6.8723,6.9312,15592,0
20091008,6.9803,7.265,6.9508,7.157,8287,0
20091009,7.2257,7.8442,7.2257,7.4515,26803,0
20091012,7.4613,7.7558,7.4613,7.4613,13637,0
20091013,7.3631,7.3631,7.1472,7.1472,2445,0
20091014,7.1766,7.265,7.1079,7.265,3826,0
20091015,7.265,7.3631,7.1962,7.3631,1521,0
20091016,7.4319,7.4319,7.0195,7.0195,2282,0
20091019,6.8723,7.0195,6.8723,7.0195,2738,0
20091020,7.0195,7.0195,6.6759,6.8723,15248,0
20091021,6.4207,6.9704,6.4108,6.9704,7792,0
20091022,7.0097,7.3533,7.0097,7.265,5756,0
20091023,7.422,7.6478,7.3631,7.6282,8674,0
20091026,7.4319,7.6086,7.0686,7.1864,6858,0
20091027,7.1472,7.6969,7.1472,7.6969,2934,0
20091028,7.6478,7.6478,7.6478,7.6478,2648,0
20091029,7.373,7.6086,7.3631,7.6086,6296,0
20091030,7.5595,7.6577,7.3631,7.6282,4244,0
20091102,7.6282,7.6282,7.265,7.265,1057,0
20091103,7.6282,7.6282,6.9214,7.265,1956,0
20091104,7.265,7.265,6.9115,7.265,2776,0
20091105,6.9214,7.2453,6.8723,7.2453,2146,0
20091106,6.8428,7.157,6.8428,7.157,306,0
20091109,6.9704,6.9704,6.8821,6.8821,102,0
20091110,6.8821,7.1668,6.8723,7.1668,3090,0
20091112,7.0686,7.8835,7.0686,7.8835,34224,0
20091113,7.7558,7.7558,7.5595,7.7558,3018,0
20091116,7.6577,7.854,7.6577,7.8049,26352,0
20091117,7.854,8.0504,7.3239,7.8049,32458,0
20091118,7.854,8.0896,7.854,8.0896,16684,0
20091119,7.7558,8.3154,7.7558,8.2664,23795,0
20091120,8.2467,8.2664,7.962,7.962,697,0
20091123,8.2467,8.2467,8.2467,8.2467,448,0
20091124,8.2467,8.2664,8.0307,8.2664,10353,0
20091125,8.2467,8.5412,8.2467,8.5412,45632,0
20091126,8.4431,8.4431,8.3449,8.3449,1823,0
20091127,8.3449,8.394,8.3449,8.394,4424,0
20091130,8.3842,8.3842,8.2467,8.2467,1513,0
20091201,8.2467,8.394,8.2467,8.3449,2440,0
20091202,8.3449,8.3449,8.1584,8.3351,2802,0
20091203,8.3842,8.718,8.3842,8.718,18968,0
20091204,8.6394,8.8358,8.6394,8.8358,16834,0
20091207,8.6394,8.6492,8.6394,8.6492,3606,0
20091208,8.4234,8.8063,8.4234,8.8063,165,0
20091209,8.6394,8.6394,8.6394,8.6394,1380,0
20091210,8.4332,8.5903,8.4332,8.5903,92,0
20091211,8.8063,8.8358,8.4332,8.8358,13556,0
20091214,8.8358,8.8358,8.8358,8.8358,1324,0
20091215,8.8358,8.8358,8.7376,8.8358,1667,0
20091216,8.9241,8.9241,8.9241,8.9241,763,0
20091217,8.9339,8.9339,8.9339,8.9339,112,0
20091218,8.7376,8.9143,8.7376,8.9143,911,0
20091221,8.7376,8.7376,8.7376,8.7376,1470,0
20091222,8.7376,8.7376,8.4529,8.7376,4916,0
20091223,8.7376,8.7376,8.4431,8.7376,18946,0
20091228,8.7376,8.9339,8.6394,8.9339,12645,0
20091229,8.9339,9.1107,8.8358,9.1107,5904,0
20091230,9.0812,9.1107,9.0812,9.1107,3158,0
20091231,9.1892,9.1892,9.1794,9.1794,17398,0
20100104,9.2285,9.2677,8.9339,9.1597,2373,0
20100105,8.9339,9.091,8.9339,9.091,2852,0
20100106,8.9536,9.3266,8.9536,9.2776,8322,0
20100107,9.4052,9.7,9.4052,9.621,18250,0
20100108,9.7,9.7,9.621,9.621,851,0
20100111,9.3757,9.7,9.3757,9.7,4899,0
20100112,9.719,9.719,9.719,9.719,104,0
20100114,9.621,9.621,9.621,9.621,34413,0
20100115,9.719,9.916,9.719,9.808,16255,0
20100118,10.102,10.102,10.102,10.102,87,0
20100119,10.102,10.102,10.102,10.102,138,0
20100120,9.818,9.818,9.818,9.818,40826,0
20100121,9.719,10.063,9.3266,10.063,23951,0
20100122,9.818,9.818,9.818,9.818,306,0
20100126,9.3561,9.523,9.3561,9.523,2257,0
20100127,9.513,9.768,9.4346,9.768,2972,0
20100128,9.631,9.631,9.631,9.631,306,0
20100129,9.631,9.719,9.631,9.719,2852,0
20100201,9.621,9.621,9.552,9.621,866,0
20100202,9.768,9.768,9.768,9.768,1019,0
20100203,9.788,9.798,9.719,9.719,8005,0
20100204,9.67,9.67,9.67,9.67,51,0
20100205,9.523,9.67,8.8358,9.523,27796,0
20100208,9.1303,9.523,9.1303,9.523,1690,0
20100209,9.513,9.719,9.513,9.719,2832,0
20100210,9.67,9.768,9.562,9.759,5042,0
20100211,9.768,9.768,9.768,9.768,265,0
20100212,9.759,9.759,9.759,9.759,16,0
20100215,9.523,9.778,9.523,9.719,4771,0
20100216,9.719,9.719,9.719,9.719,1324,0
20100217,9.4248,9.71,9.4248,9.7,1723,0
20100218,9.67,9.67,9.67,9.67,611,0
20100219,9.572,9.7,9.572,9.7,3056,0
20100222,9.71,9.71,9.3266,9.67,11679,0
20100223,9.533,9.533,9.3168,9.3168,130178,0
20100224,9.3168,9.4248,9.3168,9.3168,21785,0
20100225,9.3168,9.3168,9.3168,9.3168,903,0
20100301,9.307,9.3168,9.0321,9.0321,11726,0
20100302,8.61,8.7376,8.1289,8.7376,35685,0
20100303,8.6296,9.621,8.6296,9.621,3759,0
20100304,9.621,9.621,9.3168,9.523,1075,0
20100308,9.523,9.523,9.2874,9.3266,2176,0
20100309,9.3266,9.3266,9.1303,9.3266,6034,0
20100310,9.611,9.7,9.611,9.7,11092,0
20100311,9.71,9.719,9.71,9.719,3244,0
20100312,9.739,9.808,9.739,9.808,1808,0
20100315,9.719,9.719,9.719,9.719,774,0
20100316,9.768,9.808,9.729,9.729,4890,0
20100318,9.729,9.808,9.729,9.808,4670,0
20100319,9.808,9.808,9.808,9.808,428,0
20100322,9.808,9.808,9.621,9.621,841,0
20100324,9.621,9.621,9.621,9.621,148,0
20100325,9.71,9.719,9.71,9.719,5246,0
20100326,9.719,9.719,9.719,9.719,1019,0
20100329,9.4052,9.4837,9.4052,9.4837,1934,0
20100330,9.4052,9.4052,9.1303,9.4052,1918,0
20100331,9.523,9.719,9.523,9.621,11935,0
20100401,9.808,11.28,9.808,11.241,11139,0
20100406,11.261,11.261,10.799,10.848,6894,0
20100407,10.848,10.848,10.407,10.407,2654,0
20100408,10.102,10.593,9.916,10.554,3273,0
20100409,10.289,11.261,10.289,11.241,50240,0
20100412,10.947,10.947,10.819,10.947,28229,0
20100413,11.221,11.221,10.505,10.74,1850,0
20100414,10.593,10.593,10.24,10.593,774,0
20100415,10.299,10.308,10.2,10.2,2892,0
20100416,9.926,10.289,9.4346,10.259,7113,0
20100419,10.299,10.897,10.21,10.721,2189,0
20100420,10.721,10.721,10.505,10.505,433,0
20100421,10.505,10.505,10.505,10.505,153,0
20100422,10.21,10.505,10.132,10.505,2047,0
20100423,10.407,10.505,10.407,10.505,650,0
20100426,10.358,10.358,10.358,10.358,586,0
20100427,10.21,10.358,10.21,10.358,135017,0
20100428,10.014,10.014,10.014,10.014,750,0
20100429,10.308,10.799,10.308,10.603,5790,0
20100430,10.613,11.761,10.613,11.761,4954,0
20100504,11.781,11.781,10.799,11.575,2920,0
20100505,11.045,11.045,10.505,10.996,2171,0
20100506,10.603,11.585,10.603,11.29,7381,0
20100507,11.28,11.28,10.76,11.055,968,0
20100510,11.064,11.673,11.064,11.673,5080,0
20100511,11.221,11.673,11.221,11.585,4966,0
20100512,11.339,11.673,10.799,11.536,3006,0
20100513,11.536,11.536,11.536,11.536,389,0
20100514,11.536,11.536,11.477,11.477,901,0
20100517,11.29,11.29,10.897,10.897,845,0
20100518,10.799,10.996,10.799,10.996,157,0
20100519,10.996,10.996,10.475,10.996,1747,0
20100520,11.28,11.28,11.28,11.28,441,0
20100521,10.799,11.231,10.799,11.231,2087,0
20100524,11.231,11.231,11.231,11.231,184,0
20100525,10.799,11.271,10.446,11.271,1732,0
20100526,10.897,11.28,10.897,10.897,3965,0
20100527,10.996,10.996,10.986,10.996,1714,0
20100528,11.084,11.084,10.996,10.996,332,0
20100531,10.996,11.064,10.996,11.064,2068,0
20100601,11.074,11.074,11.074,11.074,398,0
20100604,10.574,11.035,10.574,11.035,815,0
20100607,11.035,11.035,11.035,11.035,295,0
20100608,10.574,10.976,10.574,10.976,1526,0
20100609,10.976,10.976,10.976,10.976,10,0
20100610,10.574,10.966,10.574,10.966,2438,0
20100611,10.966,10.966,10.966,10.966,1262,0
20100614,10.966,10.966,10.966,10.966,666,0
20100615,10.966,11.094,10.966,11.094,1535,0
20100616,11.094,11.094,11.094,11.094,509,0
20100617,11.094,11.29,11.094,11.29,1013,0
20100618,11.644,11.644,11.349,11.349,1639,0
20100621,11.585,11.732,11.585,11.732,513,0
20100623,11.29,11.29,11.29,11.29,1260,0
20100624,11.221,11.221,10.21,10.603,19512,0
20100625,11.045,11.045,11.045,11.045,399,0
20100628,11.074,11.074,10.554,10.554,2644,0
20100629,10.554,11.035,10.554,10.554,1125,0
20100630,10.554,10.554,9.759,10.259,28114,0
20100701,10.259,10.554,10.259,10.554,1657,0
20100702,10.75,10.75,10.75,10.75,185,0
20100705,10.799,10.799,10.799,10.799,380,0
20100708,10.299,10.799,10.299,10.799,1120,0
20100709,10.367,10.377,10.367,10.377,554,0
20100712,10.78,10.78,10.78,10.78,102,0
20100714,10.79,10.79,10.387,10.78,1365,0
20100715,10.78,10.78,10.78,10.78,408,0
20100719,10.397,10.397,10.377,10.377,520,0
20100720,10.377,10.377,10.289,10.289,1068,0
20100721,10.308,10.308,10.299,10.299,629,0
20100722,10.299,10.299,10.299,10.299,107,0
20100723,10.299,10.299,10.299,10.299,10186,0
20100726,9.916,9.916,9.916,9.916,61,0
20100727,10.112,10.299,10.112,10.299,1029,0
20100728,10.299,10.78,10.299,10.78,6064,0
20100729,10.524,10.799,10.308,10.799,13843,0
20100730,10.701,10.799,10.308,10.799,3915,0
20100802,10.78,10.799,10.78,10.799,929,0
20100804,10.799,10.799,10.456,10.456,199,0
20100805,10.475,10.475,10.475,10.475,331,0
20100809,10.731,10.731,10.475,10.475,171,0
20100811,10.475,10.475,10.407,10.407,846,0
20100812,10.407,10.407,10.407,10.407,257,0
20100813,10.21,10.308,10.21,10.308,1255,0
20100816,10.603,10.603,10.603,10.603,309,0
20100819,10.132,10.132,10.132,10.132,346,0
20100820,10.122,10.122,10.112,10.112,1579,0
20100823,10.358,10.358,10.358,10.358,426,0
20100824,10.358,10.358,10.112,10.112,413,0
20100825,10.112,10.112,10.112,10.112,743,0
20100830,10.112,10.112,10.112,10.112,436,0
20100831,10.112,10.112,9.818,10.112,1063,0
20100901,9.916,9.916,9.631,9.631,41,0
20100902,9.631,9.631,9.631,9.631,754,0
20100903,9.4248,9.4248,9.0321,9.3757,23148,0
20100906,9.3757,9.3757,9.1303,9.3757,1340,0
20100907,9.0518,9.0518,9.0518,9.0518,123,0
20100908,9.2285,9.3757,9.2285,9.3266,6614,0
20100909,9.3365,9.3365,9.3266,9.3266,11340,0
20100910,9.3266,9.4248,9.3266,9.4248,2262,0
20100913,9.4837,9.4837,9.4837,9.4837,242,0
20100914,9.3266,9.3266,9.3266,9.3266,509,0
20100915,9.3266,9.3266,9.3266,9.3266,183,0
20100916,9.1401,9.3266,9.1401,9.3266,19760,0
20100917,9.4739,9.4739,9.3266,9.3266,3453,0
20100920,9.3266,9.3266,9.3266,9.3266,163,0
20100921,9.3266,9.4248,9.3266,9.3757,2575,0
20100922,9.3757,9.3757,9.3757,9.3757,399,0
20100923,9.3757,9.3757,9.3757,9.3757,362,0
20100924,9.3757,9.3757,9.3757,9.3757,238,0
20100927,9.3757,9.3757,9.3757,9.3757,2042,0
20100928,9.3757,9.3757,9.3757,9.3757,2463,0
20100929,9.719,9.808,9.719,9.808,1485,0
20100930,9.818,10.063,9.4346,9.916,63894,0
20101001,9.818,9.916,9.818,9.916,1779,0
20101004,10.014,10.603,9.965,10.593,1327,0
20101005,10.505,10.505,10.505,10.505,100,0
20101006,10.063,11.015,10.063,11.015,2155,0
20101007,10.799,10.799,10.799,10.799,695,0
20101008,10.897,10.897,10.76,10.76,1576,0
20101012,10.318,10.799,10.318,10.799,5297,0
20101013,10.799,10.799,10.515,10.554,554,0
20101015,10.554,10.799,10.495,10.799,4682,0
20101018,10.515,10.515,10.515,10.515,160,0
20101019,10.79,10.79,10.564,10.564,1688,0
20101020,10.79,10.79,10.564,10.564,778,0
20101022,10.564,10.564,10.495,10.495,274,0
20101025,10.505,10.701,10.495,10.701,3389,0
20101026,10.74,10.799,10.74,10.79,24231,0
20101027,10.799,10.799,10.799,10.799,10237,0
20101028,10.799,10.799,10.79,10.79,12834,0
20101102,10.534,10.966,10.515,10.966,2546,0
20101103,10.603,10.75,10.603,10.75,11454,0
20101104,10.75,10.888,10.485,10.485,3378,0
20101105,10.495,10.495,10.043,10.043,1521,0
20101108,10.367,10.387,10.014,10.308,14857,0
20101109,10.318,10.318,10.083,10.289,12252,0
20101110,10.24,10.24,10.24,10.24,169,0
20101112,10.24,10.289,9.818,9.818,12456,0
20101115,9.818,10.004,9.818,10.004,255,0
20101116,9.984,9.984,9.984,9.984,90,0
20101117,9.955,9.955,9.955,9.955,509,0
20101119,9.572,9.818,9.572,9.818,585,0
20101122,9.818,9.818,9.621,9.621,1561,0
20101123,9.562,9.621,9.3365,9.4248,10797,0
20101124,9.199,9.2579,9.199,9.2579,32073,0
20101125,9.1794,9.818,9.1794,9.818,2175,0
20101126,9.4052,9.798,9.4052,9.798,678,0
20101129,9.719,9.818,9.719,9.818,1217,0
20101130,9.818,10.299,9.818,10.299,1407,0
20101201,10.289,10.308,10.289,10.308,1190,0
20101202,10.554,10.554,10.554,10.554,1573,0
20101203,10.554,10.554,10.554,10.554,460,0
20101206,10.564,10.701,10.564,10.701,1182,0
20101207,10.701,10.79,10.701,10.79,2343,0
20101208,10.79,10.799,10.79,10.799,4796,0
20101209,10.897,10.897,10.888,10.888,42,0
20101210,10.711,10.711,10.711,10.711,394,0
20101216,10.701,10.701,10.701,10.701,3198,0
20101217,10.691,10.799,10.691,10.799,954,0
20101220,10.299,10.799,10.299,10.799,944,0
20101222,10.308,10.308,10.308,10.308,263,0
20101227,10.289,10.289,10.289,10.289,300,0
20101228,10.289,10.289,10.289,10.289,83,0
20101229,10.289,10.289,10.289,10.289,56,0
20101231,10.289,10.75,10.289,10.75,2133,0
20110103,10.308,10.79,10.299,10.79,326,0
20110104,10.603,10.78,10.603,10.78,92291,0
20110105,10.318,10.799,10.318,10.799,2526,0
20110107,10.799,10.799,10.289,10.289,856,0
20110110,10.289,10.289,10.289,10.289,501,0
20110111,10.289,10.289,10.289,10.289,24,0
20110114,10.77,10.77,10.77,10.77,41,0
20110117,10.299,10.299,10.299,10.299,31,0
20110119,10.318,10.318,10.308,10.308,777,0
20110120,10.308,10.799,10.308,10.308,14367,0
20110121,10.308,10.308,10.308,10.308,428,0
20110124,10.318,10.318,10.289,10.289,672,0
20110125,10.289,10.308,10.21,10.308,1193,0
20110127,10.308,10.308,10.308,10.308,92,0
20110128,10.308,10.603,10.308,10.603,283,0
20110131,10.318,10.78,10.318,10.78,1312,0
20110201,10.328,10.505,10.318,10.505,552,0
20110203,10.505,10.505,10.505,10.505,270,0
20110204,10.505,10.505,10.505,10.505,152,0
20110207,10.338,10.338,10.338,10.338,204,0
20110208,10.505,10.505,10.505,10.505,61115,0
20110209,10.308,10.318,10.308,10.318,234,0
20110210,10.318,10.318,10.318,10.318,427,0
20110211,10.328,10.603,10.328,10.377,365,0
20110214,10.348,10.75,10.328,10.603,1157,0
20110215,10.456,10.456,10.456,10.456,38764,0
20110216,10.367,10.367,10.367,10.367,194,0
20110222,10.318,10.75,10.318,10.75,549,0
20110223,10.456,10.456,10.456,10.456,102,0
20110228,10.328,10.78,10.328,10.78,1445,0
20110301,10.78,10.78,10.78,10.78,13,0
20110302,10.78,10.78,10.78,10.78,11,0
20110303,10.308,10.308,10.308,10.308,2092,0
20110304,10.308,10.308,10.308,10.308,2004,0
20110307,10.308,10.308,9.4739,10.299,86674,0
20110308,10.308,10.318,10.063,10.318,3602,0
20110309,10.318,10.318,10.318,10.318,42,0
20110310,10.318,10.505,10.318,10.505,245,0
20110311,10.485,10.485,10.485,10.485,65,0
20110314,10.318,10.318,10.299,10.308,57924,0
20110315,9.827,10.308,9.818,10.308,6814,0
20110316,10.299,10.299,10.299,10.299,18,0
20110318,9.837,10.279,9.827,10.279,624,0
20110322,10.21,10.23,10.21,10.21,391,0
20110323,10.171,10.171,10.171,10.171,204,0
20110325,10.161,10.161,10.161,10.161,10,0
20110329,10.24,10.24,10.24,10.24,5,0
20110330,10.161,10.161,9.837,9.916,481,0
20110331,10.063,10.063,9.827,9.827,1020,0
20110401,9.975,9.975,9.827,9.827,83,0
20110404,9.827,9.945,9.827,9.945,156,0
20110405,10.21,10.299,10.2,10.299,2042,0
20110406,10.299,10.299,10.299,10.299,20,0
20110407,10.299,10.299,10.299,10.299,2,0
20110408,10.269,10.269,10.269,10.269,5,0
20110411,10.269,10.269,10.269,10.269,5,0
20110412,10.23,10.259,10.23,10.259,1135,0
20110413,10.259,10.259,9.886,9.886,7,0
20110414,10.25,10.25,10.25,10.25,5,0
20110415,10.21,10.21,10.2,10.21,311,0
20110418,10.21,10.21,10.2,10.2,6,0
20110419,10.2,10.2,10.2,10.2,5,0
20110420,10.161,10.161,10.161,10.161,5,0
20110421,10.161,10.161,10.161,10.161,5,0
20110426,10.151,10.151,10.151,10.151,5,0
20110427,10.151,10.151,10.151,10.151,5,0
20110428,10.112,10.112,10.112,10.112,5,0
20110429,10.092,10.092,10.092,10.092,5,0
20110502,10.092,10.092,10.092,10.092,5,0
20110504,10.092,10.092,10.083,10.092,202,0
20110505,10.112,10.112,10.014,10.014,56,0
20110506,10.112,10.112,9.916,10.092,98,0
20110509,10.092,10.092,9.3659,9.818,2892,0
20110510,9.808,9.808,9.808,9.808,5,0
20110511,9.415,9.513,9.3757,9.3757,534,0
20110512,9.768,9.768,9.768,9.768,2,0
20110513,9.749,9.749,9.749,9.749,2,0
20110516,9.69,9.69,9.69,9.69,235,0
20110517,9.3757,9.788,9.3757,9.788,407,0
20110518,9.808,9.808,9.808,9.808,2,0
20110519,9.788,9.788,9.3561,9.778,1538,0
20110520,9.3561,9.3561,8.9143,8.9143,3342,0
20110523,8.9143,8.9143,8.8358,8.8358,290,0
20110524,8.5118,8.8358,8.5118,8.8358,686,0
20110525,8.8259,8.8259,8.8259,8.8259,2,0
20110526,8.9045,8.9045,8.9045,8.9045,2,0
20110527,8.9241,8.9241,8.9241,8.9241,2,0
20110530,8.8947,8.8947,8.8554,8.8554,228,0
20110531,8.8652,8.9045,8.8652,8.9045,723,0
20110602,8.5314,8.5314,8.5314,8.5314,6,0
20110603,8.5314,8.6983,8.5314,8.6983,176,0
20110606,8.9045,8.9045,8.5314,8.5314,63,0
20110607,8.5314,8.9045,8.5216,8.9045,870,0
20110608,8.8947,8.8947,8.6591,8.6591,321,0
20110609,8.7376,8.7376,8.4823,8.4823,1235,0
20110610,8.4431,8.4431,8.4431,8.4431,459,0
20110613,8.0896,8.0896,8.0896,8.0896,3,0
20110614,8.0896,8.0896,8.0798,8.0798,1227,0
20110615,8.07,8.07,8.07,8.07,2,0
20110617,7.7068,7.7068,7.7068,7.7068,66,0
20110621,7.7068,7.7068,7.7068,7.7068,25,0
20110622,7.7068,8.07,7.6969,8.07,611,0
20110627,7.8442,7.8442,7.8442,7.8442,246,0
20110628,7.8246,7.8246,7.8246,7.8246,3,0
20110630,7.8344,7.8344,7.8344,7.8344,2,0
20110705,7.8344,7.8344,7.8344,7.8344,10,0
20110706,7.8344,7.8344,7.8344,7.8344,1,0
20110708,7.8344,7.8344,7.8344,7.8344,1,0
20110711,7.8344,7.8442,7.4809,7.8442,1136,0
20110712,7.8442,7.8442,7.8442,7.8442,6,0
20110713,7.8442,7.8442,7.8442,7.8442,1,0
20110714,7.8442,7.8442,7.8442,7.8442,3,0
20110715,7.8442,7.8442,7.8442,7.8442,3,0
20110718,7.8442,7.8442,7.4908,7.8344,277,0
20110719,7.8442,7.8442,7.8442,7.8442,5,0
20110720,7.8442,7.8442,7.8049,7.8049,61117,0
20110722,7.8442,7.8442,7.7558,7.7558,238,0
20110727,7.7558,7.7558,7.7558,7.7558,2,0
20110728,7.854,7.854,7.4809,7.6086,1291,0
20110729,7.5988,7.5988,6.9214,6.9704,3303,0
20110801,6.9704,6.9704,6.9704,6.9704,1039,0
20110802,6.941,6.941,6.941,6.941,2,0
20110803,6.9606,6.9606,6.6465,6.6465,1134,0
20110804,6.3814,6.3814,5.9396,5.9396,2450,0
20110811,5.9298,5.9298,5.6647,5.6647,326,0
20110816,5.9298,5.9298,5.8807,5.8807,430,0
20110826,5.7432,5.7432,5.7432,5.7432,92,0
20110829,5.6843,5.6843,5.3996,5.3996,4454,0
20110830,5.3996,5.3996,4.9088,4.9088,4281,0
20110831,4.9284,4.9284,4.467,4.467,10859,0
20110901,4.3982,4.3982,3.927,3.927,3449,0
20110902,4.1135,4.1135,3.7405,3.7405,10435,0
20110905,3.7405,3.7405,3.5343,3.5343,1976,0
20110906,3.5441,3.6619,3.338,3.6619,2848,0
20110907,3.6227,3.6227,3.23,3.2398,10598,0
20110908,3.3183,3.3183,3.0925,3.0925,4042,0
20110909,3.23,3.3969,2.9551,3.3969,11036,0
20110913,3.2398,3.3969,3.2398,3.3969,550,0
20110914,3.2496,3.387,3.2398,3.387,846,0
20110915,3.387,3.387,2.7489,2.9453,67594,0
20110916,2.9453,2.9453,2.7489,2.906,30038,0
20110919,2.8078,2.9453,2.6311,2.9453,8355,0
20110920,2.9354,3.0631,2.9354,2.9453,3872,0
20110921,2.9453,2.9453,2.798,2.9256,11966,0
20110922,2.9256,2.9354,2.798,2.798,5765,0
20110923,2.7195,2.9354,2.7195,2.9354,15381,0
20110926,2.9354,2.9354,2.8962,2.8962,3216,0
20110927,2.8962,2.9453,2.8962,2.9453,6651,0
20110928,3.0631,3.0827,3.0631,3.0827,7105,0
20110929,3.0827,3.0827,3.0827,3.0827,93,0
20110930,3.0434,3.0434,2.9453,3.0336,2730,0
20111003,2.9354,2.9453,2.8962,2.8962,546,0
20111004,2.8962,2.8962,2.8962,2.8962,1019,0
20111005,2.8962,2.9453,2.8962,2.9453,3142,0
20111006,2.8962,2.8962,2.8962,2.8962,1060,0
20111011,2.8962,2.8962,2.8471,2.8471,5500,0
20111012,2.8078,2.8078,2.798,2.798,5759,0
20111013,2.798,2.798,2.6998,2.7096,9404,0
20111014,2.7096,2.7587,2.7096,2.7587,12277,0
20111017,2.8078,2.8962,2.8078,2.8962,4472,0
20111018,2.8078,2.8373,2.798,2.8373,5489,0
20111019,2.8471,2.8962,2.8471,2.8962,5706,0
20111021,2.8471,2.8471,2.8471,2.8471,469,0
20111024,2.906,2.9453,2.906,2.9453,5219,0
20111025,2.9453,2.9453,2.9453,2.9453,1349,0
20111026,2.9453,3.0532,2.9453,3.0532,1019,0
20111027,3.0532,3.0532,3.0532,3.0532,693,0
20111028,3.0532,3.0532,3.0532,3.0532,102,0
20111031,3.0925,3.0925,3.0925,3.0925,204,0
20111103,2.9845,3.0336,2.9845,3.0336,2307,0
20111104,3.0925,3.1514,3.0925,3.1318,8761,0
20111107,3.1318,3.4361,3.1318,3.4361,6589,0
20111108,3.6325,3.7601,3.6325,3.7307,9226,0
20111109,3.7307,3.7307,3.5834,3.5932,4313,0
20111110,3.5834,3.9172,3.4558,3.9172,1561,0
20111114,3.9172,3.9172,3.5834,3.7405,6248,0
20111116,3.6325,3.6325,3.5147,3.5147,891,0
20111117,3.5441,3.5441,3.5441,3.5441,306,0
20111118,3.5441,3.5441,3.1907,3.1907,10980,0
20111122,3.1416,3.1416,3.0925,3.0925,194,0
20111123,3.0925,3.0925,2.9943,2.9943,3467,0
20111125,2.9943,2.9943,2.9453,2.9453,4319,0
20111201,2.9551,2.9943,2.9453,2.9453,3748,0
20111202,2.9453,2.9453,2.8962,2.9453,1363,0
20111205,2.8471,2.8471,2.8078,2.8078,2672,0
20111206,2.7489,2.7489,2.6802,2.6802,5488,0
20111207,2.6704,2.6802,2.6704,2.6802,7668,0
20111209,2.6802,2.6802,2.6802,2.6802,525,0
20111213,2.6507,2.6507,2.6507,2.6507,95,0
20111214,2.6507,2.6507,2.5526,2.5722,1833,0
20111215,2.5526,2.5526,2.5526,2.5526,550,0
20111219,2.5526,2.5526,2.5526,2.5526,357,0
20111220,2.5624,2.6016,2.5624,2.6016,1365,0
20111221,2.6704,2.6802,2.6704,2.6802,3606,0
20111222,2.8078,2.8176,2.798,2.8078,3850,0
20111227,2.9453,2.9453,2.8176,2.8176,257193,0
20111228,2.9354,3.0336,2.9354,3.0336,273,0
20111229,3.0336,3.0336,3.0336,3.0336,306,0
20120102,2.9453,2.9551,2.9453,2.9453,1222,0
20120103,3.0827,3.0827,2.9453,2.9453,2750,0
20120109,2.8176,2.8176,2.8176,2.8176,306,0
20120113,2.8176,2.8176,2.8176,2.8176,102,0
20120118,2.9354,2.9453,2.9354,2.9453,4107,0
20120119,2.9551,3.0925,2.9551,3.0925,462,0
20120126,3.0925,3.0925,3.0925,3.0925,3382,0
20120127,3.0729,3.0729,3.0631,3.0631,2445,0
20120201,3.0729,3.0925,3.0631,3.0925,2200,0
20120202,3.0827,3.0827,3.0827,3.0827,961,0
20120203,3.0925,3.2987,3.0238,3.2103,315902,0
20120206,3.3969,3.603,3.387,3.387,20527,0
20120207,3.387,3.387,3.1514,3.2791,11257,0
20120208,3.3281,3.7307,3.3281,3.4852,18616,0
20120209,3.7208,3.7208,3.2005,3.2005,17450,0
20120210,3.2103,3.2103,3.0434,3.0434,5679,0
20120213,2.9943,3.1907,2.9551,3.0434,7242,0
20120214,3.1907,3.1907,3.0925,3.0925,315,0
20120215,3.1416,3.338,3.0434,3.0434,9875,0
20120216,3.3183,3.3183,2.8667,2.8667,13536,0
20120217,2.9943,3.0827,2.9453,3.0434,1982,0
20120220,3.0434,3.23,2.9649,3.0925,111026,0
20120221,3.2398,3.2398,2.9943,2.9943,11660,0
20120222,3.0925,3.0925,2.9943,2.9943,2648,0
20120223,3.0434,3.0434,2.9943,3.0434,104965,0
20120224,3.0729,3.1416,3.0434,3.0434,8215,0
20120227,3.0434,3.0925,3.0434,3.0925,2369,0
20120228,3.0925,3.0925,3.0925,3.0925,509,0
20120229,2.9649,3.0925,2.9551,3.0925,3005,0
20120301,3.0925,3.0925,3.0434,3.0434,31576,0
20120302,3.0925,3.0925,3.0434,3.0434,1299,0
20120305,2.9551,3.0042,2.9551,3.0042,2190,0
20120306,3.0729,3.0827,3.0532,3.0532,133333,0
20120307,3.0925,3.2398,3.0925,3.2005,8334,0
20120308,3.2398,3.2398,3.1122,3.23,3534,0
20120309,3.3281,3.3281,3.2398,3.3085,2139,0
20120312,3.23,3.2398,3.1023,3.2398,9321,0
20120313,3.2398,3.3085,3.2201,3.2201,9911,0
20120314,3.2398,3.2398,3.23,3.2398,204023,0
20120315,3.2398,3.3478,3.2398,3.3478,4999,0
20120316,3.387,3.4165,3.338,3.4165,4390,0
20120319,3.3478,3.3576,3.3183,3.3576,4741,0
20120320,3.4165,3.4165,3.4165,3.4165,81,0
20120321,3.4165,3.5638,3.3281,3.5638,13172,0
20120322,3.5343,3.5343,3.387,3.387,12177,0
20120323,3.387,3.4165,3.2692,3.4165,106247,0
20120326,3.5147,3.5147,3.5147,3.5147,2357,0
20120327,3.6423,3.6521,3.5441,3.6423,1116,0
20120328,3.7012,3.9074,3.7012,3.7307,6017,0
20120330,3.7307,3.7307,3.7307,3.7307,385,0
20120402,3.6619,3.6619,3.5245,3.6619,44957,0
20120403,3.6718,3.6718,3.6325,3.6325,1681,0
20120404,3.5834,3.5834,3.4459,3.4459,1035,0
20120405,3.5343,3.8681,3.5343,3.7307,2242,0
20120410,3.7307,3.7307,3.7307,3.7307,12915,0
20120411,3.7307,3.7307,3.711,3.711,2067,0
20120412,3.7307,3.7307,3.6325,3.6423,35201,0
20120413,3.6423,3.6423,3.5638,3.5932,18410,0
20120416,3.7307,3.7307,3.711,3.711,6017,0
20120417,3.7503,3.7601,3.6128,3.7601,1629,0
20120418,3.7699,3.8288,3.7699,3.8288,17012,0
20120419,3.8288,4.6241,3.8288,4.4277,17230,0
20120420,4.3688,4.3688,4.2314,4.2706,5831,0
20120423,4.4179,4.4179,3.6521,4.0154,18851,0
20120424,4.0154,4.251,4.0154,4.0154,10590,0
20120425,4.0154,4.0154,3.927,4.0154,4820,0
20120426,4.0055,4.0055,4.0055,4.0055,1099,0
20120427,4.0154,4.1135,3.9466,4.1135,206217,0
20120430,4.0743,4.1234,4.035,4.1234,46804,0
20120502,4.1626,4.1724,3.9761,4.1724,8114,0
20120504,4.0546,4.1234,3.9957,4.1234,7203,0
20120508,4.1528,4.1528,4.0252,4.0546,2952,0
20120509,4.0055,4.0546,3.7797,3.8877,9930,0
20120510,3.927,4.0448,3.927,4.0448,16913,0
20120511,4.0252,4.0252,3.927,3.9761,9920,0
20120514,3.9663,3.9663,3.8583,3.8583,2850,0
20120515,3.7307,3.8485,3.7307,3.8485,431,0
20120516,3.8485,3.8485,3.6816,3.7994,2489,0
20120517,3.6816,3.7994,3.6816,3.6816,4021,0
20120518,3.5147,3.6718,3.5147,3.6718,1007,0
20120522,3.6325,3.6325,3.6325,3.6325,6282,0
20120523,3.5343,3.5343,3.5147,3.5147,3662,0
20120524,3.3576,3.5049,3.3478,3.3674,4628,0
20120525,3.3478,3.3478,3.3478,3.3478,132,0
20120528,3.5147,3.5147,3.4852,3.4852,1008,0
20120530,3.387,3.4852,3.387,3.4852,2064,0
20120531,3.5147,3.5834,3.5147,3.5834,53068,0
20120601,3.4165,3.495,3.4165,3.4852,2904,0
20120604,3.4165,3.4361,3.338,3.338,6239,0
20120606,3.2791,3.3969,3.2398,3.3969,7083,0
20120608,3.4067,3.4067,3.3969,3.3969,2546,0
20120611,3.387,3.3969,3.387,3.3969,2343,0
20120613,3.4361,3.4361,3.4361,3.4361,367,0
20120614,3.4361,3.5834,3.4361,3.5834,16955,0
20120615,3.5834,3.5834,3.4558,3.4558,2692,0
20120618,3.3969,3.3969,3.3969,3.3969,1345,0
20120619,3.5834,3.5834,3.5834,3.5834,1426,0
20120620,3.5343,3.5343,3.5343,3.5343,2123,0
20120625,3.3674,3.3674,3.3674,3.3674,1619,0
20120626,3.3674,3.5147,3.3674,3.5147,2241,0
20120627,3.4165,3.5147,3.3969,3.5147,287,0
20120628,3.3772,3.5147,3.3674,3.5049,968,0
20120702,3.3674,3.5049,3.3674,3.3674,2403,0
20120704,3.2103,3.3576,3.2103,3.3576,1085,0
20120705,3.3576,3.3576,3.3576,3.3576,331,0
20120709,3.2103,3.3576,3.2103,3.3576,168,0
20120710,3.338,3.338,3.338,3.338,509,0
20120711,3.1711,3.1711,3.1711,3.1711,2699,0
20120717,3.1318,3.1318,3.1318,3.1318,102,0
20120718,3.1711,3.1711,3.1612,3.1612,166,0
20120720,3.0238,3.0336,3.0238,3.0336,3498,0
20120807,3.0336,3.0925,3.0336,3.0925,1324,0
20120808,3.1122,3.1122,3.1122,3.1122,34,0
20120810,2.9747,3.1122,2.9747,3.1122,49,0
20120821,3.1122,3.1122,3.1122,3.1122,3801,0
20120822,3.1122,3.1907,3.1122,3.1907,209,0
20120823,3.1907,3.3478,3.1907,3.1907,137329,0
20120831,3.2103,3.23,3.2103,3.23,5093,0
20120903,3.23,3.23,3.1907,3.1907,1120,0
20120904,3.0925,3.0925,3.0925,3.0925,2425,0
20120906,2.9551,2.9551,2.9354,2.9354,4406,0
20120910,2.9453,3.0925,2.9453,2.9453,12931,0
20120911,2.9845,2.9845,2.9845,2.9845,3056,0
20120912,2.9453,2.9453,2.9256,2.9256,10203,0
20120913,2.9453,3.0336,2.9453,3.0336,4161,0
20120914,2.9551,3.0336,2.9453,3.0336,217666,0
20120919,2.9453,3.0434,2.9453,3.0434,1670,0
20120920,3.0434,3.1907,3.0434,3.1907,3362,0
20120921,3.23,3.23,3.23,3.23,5805,0
20120924,3.2398,3.2398,3.2398,3.2398,357,0
20120925,3.2398,3.3772,3.2398,3.3772,3667,0
20120926,3.338,3.4459,3.338,3.4361,4571,0
20120927,3.4558,3.4558,3.4361,3.4361,3201,0
20121001,3.4459,3.4459,3.4459,3.4459,662,0
20121002,3.4459,3.495,3.4459,3.495,764,0
20121004,3.4852,3.495,3.338,3.3478,17864,0
20121005,3.3969,3.3969,3.3969,3.3969,509,0
20121008,3.3969,3.3969,3.3969,3.3969,509,0
20121009,3.387,3.387,3.387,3.387,509,0
20121010,3.387,3.387,3.387,3.387,1222,0
20121011,3.387,3.4754,3.2496,3.4754,7813,0
20121015,3.4656,3.4754,3.3183,3.387,15370,0
20121025,3.4263,3.4263,3.4263,3.4263,131,0
20121030,3.4263,3.4263,3.4263,3.4263,127,0
20121031,3.338,3.338,3.338,3.338,32595,0
20121102,3.4263,3.4263,3.2791,3.2791,3047,0
20121105,3.338,3.338,3.338,3.338,2,0
20121106,3.338,3.338,3.338,3.338,2,0
20121107,3.338,3.338,3.338,3.338,2,0
20121108,3.2005,3.3281,3.2005,3.3281,5374,0
20121109,3.3281,3.3281,3.3281,3.3281,2,0
20121112,3.3281,3.3281,3.3281,3.3281,2,0
20121113,3.3281,3.3281,3.3281,3.3281,2,0
20121114,3.3281,3.3281,3.3281,3.3281,1,0
20121115,3.3281,3.3281,3.3281,3.3281,1,0
20121116,3.3281,3.3281,3.2005,3.2005,332,0
20121119,3.3281,3.3281,3.3281,3.3281,1,0
20121120,3.3281,3.3281,3.2889,3.2889,103,0
20121121,3.3281,3.3281,3.3281,3.3281,2,0
20121123,3.3281,3.3281,3.3281,3.3281,2,0
20121126,3.3281,3.5932,3.3281,3.3478,43790,0
20121127,3.3969,3.3969,3.3085,3.3085,2445,0
20121128,3.3085,3.3085,3.2005,3.2005,3222,0
20121129,3.2005,3.2005,3.2005,3.2005,1,0
20121130,3.2005,3.2005,3.2005,3.2005,1,0
20121203,3.1907,3.2005,3.1907,3.2005,3,0
20121204,3.2005,3.2005,3.0434,3.1023,3058,0
20121205,3.1023,3.1023,3.1023,3.1023,2083,0
20121206,3.1023,3.1023,3.1023,3.1023,2,0
20121207,3.1023,3.1023,3.1023,3.1023,2,0
20121210,3.1023,3.1023,3.1023,3.1023,2,0
20121211,3.1023,3.1023,3.0238,3.0238,2218,0
20121212,3.0434,3.0434,2.9943,2.9943,1379,0
20121213,2.9845,2.9845,2.9747,2.9747,1021,0
20121214,3.0434,3.0434,3.0434,3.0434,1,0
20121218,2.9747,2.9747,2.9747,2.9747,255,0
20121219,2.9747,2.9747,2.9747,2.9747,407,0
20121220,2.9158,2.9747,2.906,2.9747,5312,0
20121221,2.9453,2.9453,2.9453,2.9453,2546,0
20121227,2.9453,2.9551,2.9158,2.9551,506,0
20121228,2.9649,2.9649,2.9649,2.9649,1,0
20130102,2.9649,3.1023,2.9649,3.1023,1029,0
20130103,3.0729,3.0729,2.9453,3.0729,2573,0
20130104,2.9845,3.0729,2.9845,3.0729,3159,0
20130107,3.0729,3.2692,3.0729,3.1416,10409,0
20130108,3.2201,3.2398,3.2201,3.2398,2150,0
20130109,3.2398,3.2398,3.1612,3.23,4586,0
20130110,3.23,3.23,3.122,3.2201,15076,0
20130111,3.23,3.23,3.0336,3.0336,7189,0
20130114,3.0336,3.1318,3.014,3.0336,16427,0
20130115,3.0434,3.0434,3.0434,3.0434,2,0
20130116,3.0434,3.0434,2.906,2.9354,8224,0
20130117,2.9354,2.9354,2.8176,2.9354,79,0
20130118,2.9354,2.9354,2.9354,2.9354,1,0
20130121,2.9354,2.9354,2.9354,2.9354,2,0
20130122,2.9354,2.9453,2.8569,2.9453,7221,0
20130123,3.0336,3.0336,3.0336,3.0336,1019,0
20130124,3.0336,3.2889,3.0336,3.2889,7495,0
20130125,3.2201,3.2201,3.2103,3.2103,61,0
20130128,3.2103,3.2103,3.0827,3.0827,2673,0
20130129,3.0827,3.0827,3.0827,3.0827,2,0
20130130,3.0827,3.0827,3.0827,3.0827,1,0
20130131,3.0827,3.0827,2.7882,2.7882,17978,0
20130201,2.798,2.798,2.5722,2.6311,15211,0
20130204,2.6213,2.6213,2.6213,2.6213,2344,0
20130205,2.6213,2.6213,2.5329,2.5329,4737,0
20130206,2.5526,2.6213,2.5133,2.6213,13006,0
20130207,2.6016,2.6016,2.6016,2.6016,83,0
20130208,2.6016,2.6115,2.6016,2.6115,279,0
20130211,2.6016,2.7096,2.6016,2.7096,3481,0
20130212,2.7096,2.7489,2.7096,2.7489,6075,0
20130213,2.798,2.906,2.798,2.906,8269,0
20130214,2.906,3.0042,2.906,3.0042,9282,0
20130215,3.0042,3.1809,3.0042,3.0729,10650,0
20130218,2.9453,3.0729,2.9453,3.0729,1097,0
20130219,3.0434,3.0434,2.9845,2.9845,2304,0
20130220,2.9845,2.9845,2.9551,2.9551,3098,0
20130221,2.9551,3.122,2.9551,3.122,6962,0
20130225,3.1416,3.1416,3.1416,3.1416,1,0
20130226,3.1416,3.1416,3.1416,3.1416,1,0
20130227,3.0532,3.4361,3.0532,3.1514,12488,0
20130228,3.14,3.14,3.14,3.14,1,0
20130301,3.1318,3.1318,3.0532,3.0532,1020,0
20130304,3.0925,3.1318,3.0532,3.1318,363,0
20130305,3.1318,3.1318,3.1318,3.1318,84,0
20130306,3.122,3.122,3.0434,3.0827,2177,0
20130307,3.0827,3.0827,3.0827,3.0827,2,0
20130308,3.0729,3.0925,3.0729,3.0925,1020,0
20130311,3.122,3.122,3.122,3.122,2,0
20130312,3.122,3.122,3.122,3.122,1,0
20130313,3.122,3.1809,3.0434,3.1809,9523,0
20130314,3.1809,3.1809,3.1809,3.1809,5195,0
20130315,3.2398,3.3478,3.2398,3.3478,11217,0
20130318,3.338,3.338,3.338,3.338,812,0
20130319,3.338,3.338,3.2398,3.3281,2582,0
20130320,3.3281,3.3281,3.3281,3.3281,1020,0
20130321,3.338,3.338,3.1416,3.1416,7233,0
20130322,3.1416,3.2005,3.014,3.1416,16094,0
20130325,3.0434,3.0434,2.9943,2.9943,2546,0
20130326,3.0434,3.0434,2.8667,2.8667,6720,0
20130327,2.8667,2.8667,2.8667,2.8667,3122,0
20130328,2.7587,3.0336,2.7587,2.9845,11179,0
20130402,2.98,2.98,2.98,2.98,3106,0
20130403,3.0336,3.0336,2.8962,3.0336,3076,0
20130404,2.96,3.03,2.96,2.96,5609,0
20130405,3.1907,3.1907,2.8471,3.0434,338,0
20130408,3.0434,3.0925,3.0434,3.0925,9393,0
20130409,3.1416,3.1416,3.1416,3.1416,2,0
20130410,3.11,3.11,3.11,3.11,428,0
20130411,3.1023,3.1023,3.0827,3.0925,40550,0
20130415,3.0925,3.0925,2.9453,3.0336,1581,0
20130417,2.9,3.02,2.8,2.94,3357,0
20130418,2.798,2.8962,2.7685,2.8962,8811,0
20130419,2.78,2.84,2.78,2.82,3331,0
20130422,2.78,2.78,2.6,2.66,16265,0
20130423,2.64,2.72,2.64,2.7,7130,0
20130424,2.7,2.7,2.68,2.68,2287,0
20130425,2.7,2.7,2.58,2.6,12647,0
20130426,2.6,2.71,2.6,2.7,24774,0
20130429,2.69,2.69,2.69,2.69,10186,0
20130430,2.7,2.73,2.7,2.72,815,0
20130502,2.65,2.65,2.63,2.63,3209,0
20130506,2.65,2.65,2.42,2.42,6202,0
20130507,2.27,2.27,2.1,2.24,35471,0
20130508,2.24,2.24,2.24,2.24,300,0
20130509,2.24,2.24,2.24,2.24,1164,0
20130510,2.21,2.42,2.21,2.27,7637,0
20130513,2.29,2.41,2.29,2.41,3000,0
20130515,2.52,2.6,2.52,2.6,1550,0
20130516,2.48,2.68,2.48,2.66,11459,0
20130517,2.73,3,2.7,3,7022,0
20130520,2.86,3.01,2.86,2.95,13757,0
20130521,2.95,3.35,2.91,3.25,39378,0
20130522,3.24,3.4,3.23,3.35,25141,0
20130523,3.21,3.21,3.11,3.15,16295,0
20130524,3.05,3.05,2.93,2.94,4236,0
20130527,2.94,2.95,2.9,2.95,3010,0
20130528,3,3,2.9,2.9,5861,0
20130529,2.9,2.95,2.72,2.95,16317,0
20130531,2.98,3,2.93,3,2727,0
20130603,3.29,3.39,2.86,2.93,14625,0
20130605,2.8,2.97,2.62,2.73,7818,0
20130606,2.7,2.73,2.7,2.73,3000,0
20130607,2.8,2.8,2.8,2.8,1,0
20130610,2.8,2.85,2.73,2.85,4345,0
20130611,2.73,2.73,2.73,2.73,587,0
20130613,2.73,2.73,2.7,2.73,21213,0
20130614,2.73,2.73,2.73,2.73,75,0
20130617,2.73,2.73,2.6,2.62,6980,0
20130618,2.53,2.53,2.38,2.4,15060,0
20130619,2.48,2.56,2.48,2.56,4196,0
20130620,2.5,2.5,2.45,2.45,300,0
20130621,2.51,2.51,2.4,2.4,3887,0
20130624,2.4,2.49,2.39,2.39,16620,0
20130625,2.39,2.39,2.39,2.39,3300,0
20130626,2.4,2.4,2.4,2.4,2629,0
20130627,2.4,2.4,2.4,2.4,900,0
20130701,2.45,2.45,2.45,2.45,1592,0
20130702,2.52,2.52,2.5,2.5,780,0
20130703,2.5,2.5,2.5,2.5,1,0
20130704,2.5,2.5,2.5,2.5,270,0
20130705,2.5,2.57,2.5,2.57,838,0
20130708,2.45,2.56,2.45,2.56,301,0
20130709,2.56,2.56,2.56,2.56,2,0
20130710,2.56,2.56,2.56,2.56,1,0
20130711,2.56,2.56,2.56,2.56,1,0
20130712,2.56,2.56,2.54,2.54,2,0
20130715,2.47,2.47,2.45,2.45,3800,0
20130716,2.39,2.39,2.29,2.29,4922,0
20130717,2.25,2.25,2.25,2.25,3310,0
20130722,2.26,2.26,2.26,2.26,1000,0
20130723,2.28,2.28,2.28,2.28,3500,0
20130724,2.28,2.35,2.28,2.35,3718,0
20130725,2.4,2.4,2.35,2.37,6731,0
20130729,2.37,2.37,2.29,2.29,4212,0
20130730,2.28,2.29,2.28,2.29,1181,0
20130731,2.3,2.3,2.27,2.28,13951,0
20130801,2.3,2.3,2.2,2.2,3692,0
20130802,2.25,2.25,2.25,2.25,2200,0
20130805,2.25,2.25,2.24,2.24,3700,0
20130806,2.2,2.2,2.2,2.2,6834,0
20130807,2.2,2.2,2.2,2.2,1700,0
20130809,2.2,2.2,2.2,2.2,1000,0
20130812,2.2,2.2,2.2,2.2,500,0
20130813,2.2,2.2,2.2,2.2,4000,0
20130814,2.35,2.35,2.35,2.35,300,0
20130816,2.37,2.4,2.37,2.4,2700,0
20130819,2.4,2.4,2.4,2.4,1150,0
20130820,2.4,2.4,2.4,2.4,1150,0
20130821,2.42,2.42,2.42,2.42,100,0
20130822,2.35,2.35,2.35,2.35,281,0
20130823,2.35,2.35,2.34,2.34,4880,0
20130826,2.34,2.5,2.34,2.5,11641,0
20130827,2.46,2.46,2.46,2.46,140,0
20130830,2.5,2.58,2.5,2.58,4000,0
20130902,2.46,2.52,2.46,2.52,4300,0
20130903,2.52,2.52,2.52,2.52,8,0
20130904,2.51,2.51,2.4,2.4,2906,0
20130905,2.31,2.31,2.31,2.31,773,0
20130906,2.31,2.41,2.31,2.41,1053,0
20130909,2.41,2.41,2.41,2.41,477,0
20130911,2.31,2.31,2.3,2.3,520,0
20130912,2.31,2.31,2.3,2.3,8332,0
20130916,2.28,2.3,2.28,2.3,17183,0
20130920,2.37,2.37,2.37,2.37,1599,0
20130923,2.37,2.37,2.37,2.37,2500,0
20130924,2.37,2.37,2.37,2.37,5,0
20130925,2.39,2.5,2.39,2.5,2852,0
20130926,2.5,2.74,2.5,2.74,14557,0
20130927,2.72,2.73,2.72,2.73,894,0
20130930,2.79,2.79,2.79,2.79,1056,0
20131001,2.73,2.73,2.69,2.69,240,0
20131002,2.69,2.69,2.68,2.68,5400,0
20131003,2.62,2.68,2.62,2.68,32040,0
20131004,2.77,3.04,2.77,3.03,15125,0
20131007,2.91,3.37,2.91,3.37,18009,0
20131008,3.31,3.38,3.3,3.38,5101,0
20131009,3.37,3.37,3.21,3.21,5158,0
20131010,3.21,3.36,3.21,3.36,13466,0
20131011,3.39,3.42,3.37,3.37,2250,0
20131014,3.37,3.37,3.35,3.35,2075,0
20131015,3.48,3.48,3.34,3.44,9471,0
20131016,3.47,3.81,3.44,3.81,137889,0
20131017,3.9,4.15,3.71,3.95,32526,0
20131018,3.97,4,3.8,3.95,3917,0
20131022,3.86,4.15,3.86,4,10339,0
20131023,3.98,3.98,3.84,3.9,1991,0
20131024,3.72,3.9,3.72,3.9,35,0
20131025,3.89,3.89,3.72,3.77,406,0
20131028,3.6,3.6,3.28,3.33,6112,0
20131029,3.33,3.33,3.33,3.33,170,0
20131030,3.33,3.54,3.33,3.41,2884,0
20131031,3.25,3.25,3.25,3.25,2396,0
20131104,3.25,3.25,3.25,3.25,1,0
20131105,3.24,3.24,3.24,3.24,2,0
20131106,3.13,3.15,2.91,3.02,6964,0
20131107,3.01,3.01,2.77,2.78,2459,0
20131108,2.97,2.97,2.8,2.87,3462,0
20131112,2.87,2.96,2.8,2.9,2791,0
20131113,2.94,2.94,2.78,2.9,1656,0
20131114,2.89,2.9,2.89,2.9,310,0
20131115,2.9,2.91,2.65,2.78,4375,0
20131118,2.7,2.73,2.65,2.73,7720,0
20131119,2.65,2.91,2.4,2.89,15038,0
20131120,2.95,2.99,2.74,2.74,10042,0
20131121,2.72,2.72,2.45,2.48,29753,0
20131122,2.44,2.44,2.2,2.2,27008,0
20131125,2.25,2.27,2.01,2.01,29515,0
20131126,2,2.01,1.91,2,24542,0
20131127,2,2.15,1.98,2.15,8180,0
20131128,2.1,2.1,2.08,2.1,7462,0
20131129,2.1,2.11,2.07,2.1,11399,0
20131202,2.1,2.11,2.01,2.1,3494,0
20131203,2.1,2.1,2.1,2.1,3,0
20131204,2.01,2.09,2,2.09,900,0
20131205,2.1,2.1,2,2.09,401,0
20131206,2.09,2.09,2.08,2.08,11,0
20131209,2.08,2.09,2.08,2.09,1271,0
20131210,2.09,2.09,2.01,2.09,3007,0
20131211,2.08,2.08,2.08,2.08,3,0
20131212,2.05,2.05,2,2,2291,0
20131213,2.08,2.08,2,2,3053,0
20131216,2,2,1.9,1.95,3362,0
20131217,1.95,1.95,1.8,1.81,2681,0
20131218,1.88,1.88,1.7,1.78,5583,0
20131219,1.78,1.8,1.78,1.8,82581,0
20131220,1.81,1.81,1.81,1.81,1,0
20131223,1.79,1.82,1.79,1.82,1221,0
20131227,1.9,1.9,1.7,1.79,12043,0
20131230,1.69,1.69,1.65,1.65,5627,0
20140102,1.66,1.72,1.65,1.68,7783,0
20140103,1.66,1.66,1.65,1.65,2920,0
20140107,1.72,1.72,1.7,1.7,944,0
20140108,1.72,1.8,1.72,1.8,2936,0
20140109,1.8,1.8,1.72,1.72,1256,0
20140113,1.8,1.8,1.8,1.8,200,0
20140114,1.8,1.8,1.8,1.8,200,0
20140115,1.73,1.73,1.7,1.7,10878,0
20140116,1.71,1.71,1.71,1.71,4040,0
20140117,1.74,1.74,1.69,1.69,10700,0
20140120,1.7,1.7,1.69,1.69,1884,0
20140121,1.69,1.69,1.69,1.69,5475,0
20140122,1.68,1.68,1.59,1.6,26107,0
20140123,1.62,1.68,1.6,1.68,1950,0
20140124,1.67,1.68,1.66,1.66,5380,0
20140127,1.66,1.66,1.51,1.55,17866,0
20140128,1.58,1.58,1.57,1.57,41,0
20140129,1.58,1.58,1.48,1.51,17883,0
20140130,1.58,1.58,1.29,1.34,20772,0
20140131,1.34,1.34,1.27,1.28,2925,0
20140203,1.34,1.61,1.34,1.61,88033,0
20140204,1.65,1.65,1.5,1.61,103612,0
20140205,1.54,1.69,1.54,1.6,54785,0
20140206,1.6,1.65,1.59,1.62,6721,0
20140207,1.55,1.55,1.55,1.55,25400,0
20140210,1.5,1.5,1.48,1.5,21754,0
20140211,1.55,1.55,1.54,1.54,2504,0
20140212,1.55,1.6,1.55,1.6,5280,0
20140213,1.6,1.6,1.59,1.6,5720,0
20140214,1.63,1.76,1.6,1.64,44250,0
20140217,1.7,1.8,1.67,1.75,49939,0
20140218,1.75,1.75,1.7,1.73,11167,0
20140219,1.78,1.79,1.78,1.79,11845,0
20140220,1.79,1.8,1.73,1.8,2740,0
20140221,1.8,1.8,1.79,1.79,20395,0
20140224,1.79,1.79,1.6,1.7,18513,0
20140225,1.69,1.7,1.61,1.61,8298,0
20140226,1.63,1.63,1.63,1.63,701,0
20140227,1.63,1.63,1.5,1.5,12026,0
20140228,1.52,1.67,1.52,1.53,54839,0
20140303,1.6,1.6,1.5,1.5,10092,0
20140304,1.5,1.6,1.46,1.55,12369,0
20140305,1.6,1.6,1.56,1.59,2329,0
20140306,1.59,1.6,1.59,1.59,4883,0
20140307,1.65,1.75,1.62,1.74,10871,0
20140310,1.75,1.78,1.63,1.68,9888,0
20140311,1.7,1.7,1.6,1.65,4465,0
20140312,1.69,1.69,1.61,1.61,5138,0
20140313,1.65,1.65,1.52,1.6,13521,0
20140314,1.58,1.7,1.45,1.55,12402,0
20140317,1.55,1.69,1.55,1.65,43931,0
20140318,1.68,1.8,1.59,1.59,26605,0
20140319,1.55,1.7,1.4,1.69,29354,0
20140320,1.67,1.97,1.67,1.97,21031,0
20140321,1.97,1.97,1.81,1.81,6259,0
20140324,1.81,1.9,1.73,1.9,31065,0
20140325,1.9,1.9,1.8,1.8,2695,0
20140326,1.83,1.92,1.8,1.92,8580,0
20140327,1.92,1.92,1.88,1.88,1700,0
20140328,1.94,1.94,1.81,1.83,10211,0
20140331,1.9,1.9,1.9,1.9,1,0
20140401,1.85,1.9,1.85,1.9,4000,0
20140402,1.88,1.89,1.8,1.8,2000,0
20140403,1.81,1.85,1.75,1.8,23779,0
20140404,1.8,1.8,1.8,1.8,630,0
20140408,1.8,1.83,1.8,1.83,700,0
20140409,1.73,1.73,1.73,1.73,1756,0
20140410,1.75,1.75,1.75,1.75,2000,0
20140411,1.76,1.76,1.75,1.75,2900,0
20140414,1.75,1.86,1.75,1.86,7580,0
20140416,1.87,1.87,1.84,1.84,8400,0
20140417,1.84,1.85,1.84,1.85,1100,0
20140422,1.85,1.85,1.85,1.85,2634,0
20140423,1.85,1.85,1.85,1.85,6550,0
20140424,1.88,1.88,1.88,1.88,500,0
20140425,1.88,1.88,1.87,1.87,609,0
20140429,1.81,1.87,1.79,1.87,1022,0
20140430,1.87,1.87,1.87,1.87,1,0
20140502,1.87,1.87,1.87,1.87,3,0
20140505,1.87,1.87,1.78,1.78,3805,0
20140506,1.78,1.78,1.77,1.77,8288,0
20140507,1.67,1.67,1.67,1.67,909,0
20140508,1.7,1.7,1.7,1.7,2237,0
20140512,1.61,1.61,1.61,1.61,121,0
20140513,1.69,1.69,1.69,1.69,2070,0
20140514,1.69,1.69,1.69,1.69,1,0
20140515,1.69,1.69,1.68,1.68,899,0
20140516,1.67,1.67,1.67,1.67,50,0
20140523,1.59,1.59,1.58,1.58,580,0
20140526,1.58,1.58,1.58,1.58,600,0
20140527,1.67,1.67,1.67,1.67,1,0
20140528,1.58,1.6,1.58,1.6,18155,0
20140529,1.55,1.55,1.5,1.5,6968,0
20140530,1.55,1.55,1.51,1.51,1669,0
20140603,1.52,1.52,1.52,1.52,200,0
20140604,1.6,1.6,1.52,1.52,3001,0
20140605,1.52,1.52,1.52,1.52,99,0
20140606,1.53,1.53,1.53,1.53,1,0
20140609,1.6,1.6,1.57,1.57,6000,0
20140610,1.6,1.6,1.6,1.6,1450,0
20140611,1.56,1.56,1.56,1.56,700,0
20140612,1.6,1.75,1.58,1.58,22025,0
20140613,1.61,1.61,1.61,1.61,1,0
