Date,Open,High,Low,Close,Volume,OpenInt
20050114,50,51.2,40,43,34864,0
20050117,43.8,45,39.6,39.8,9886,0
20050118,39,40,39,40,3301,0
20050119,39.1,40,39.1,39.5,1115,0
20050120,39.1,40,39,39.5,1143,0
20050121,38.7,39.5,38.7,39.4,721,0
20050124,39.5,39.5,39,39.2,4737,0
20050125,38.1,40.2,38.1,40.2,11,0
20050126,39.2,40.4,39.1,39.5,1959,0
20050127,39.9,39.9,39.9,39.9,11,0
20050128,39.4,39.4,39,39,2044,0
20050131,39,39,38.5,38.5,2891,0
20050201,39,40,39,40,2300,0
20050202,39.7,43.9,39.7,42.2,7480,0
20050203,43,43,41.5,41.5,791,0
20050204,42,42,40.5,40.5,1360,0
20050207,40.5,40.7,40.5,40.6,813,0
20050208,40.6,40.6,40.5,40.6,630,0
20050209,40.6,40.6,40,40,525,0
20050210,40,42.3,39.8,42.3,6203,0
20050211,42.3,42.7,41.9,42.7,51429,0
20050214,42.9,43.9,42.8,43.9,522,0
20050215,43.8,43.8,43.4,43.4,1727,0
20050216,43.5,43.5,43,43.2,2171,0
20050217,42.6,43.2,42.2,43.2,3477,0
20050218,43,43.4,43,43,265,0
20050221,43,43.4,42.6,43.4,2889,0
20050222,41.9,43.3,41.9,43,1564,0
20050223,43.2,43.7,43.2,43.6,792,0
20050224,44,44,43,43,940,0
20050225,43,43,42,42,710,0
20050228,42,42,41.2,41.2,425,0
20050301,42.1,42.1,40,41.2,1635,0
20050302,41.1,42.3,41.1,42.3,900,0
20050303,42.5,42.5,41.6,41.6,201,0
20050304,42,42.9,40.8,42.9,2410,0
20050307,41,42.5,40.6,42.5,1969,0
20050308,41.2,42.5,41.2,42.5,260,0
20050309,42.4,42.5,42.4,42.5,1375,0
20050310,42.3,43.3,41.5,43.3,1650,0
20050311,43,43,43,43,5,0
20050314,42,43,42,43,940,0
20050315,42.4,43,42.3,43,788,0
20050316,42.3,43,42.3,43,1088,0
20050317,42.8,43,41.6,42.9,1071,0
20050318,43,43.1,42,43.1,900,0
20050321,43.1,43.3,42.6,43.3,341,0
20050322,43,45,43,44,2280,0
20050324,44,44.2,43.1,44,1873,0
20050329,45,45,45,45,5,0
20050330,44.2,44.7,44.2,44.7,105,0
20050331,44.6,44.6,44,44,222,0
20050401,43.1,44.3,43,44.3,150,0
20050404,43.2,43.2,43,43,248,0
20050405,43.7,43.7,42.5,43.3,419,0
20050406,43.7,43.7,43.7,43.7,5,0
20050407,43.7,43.7,43.7,43.7,5,0
20050411,42.6,42.8,41.7,42.8,1487,0
20050412,42,42,41.8,41.8,515,0
20050413,41.8,42.5,41.8,42.5,600,0
20050414,42.5,43,42.5,43,485,0
20050415,41.8,43,41.7,43,750,0
20050418,42.6,42.6,42.6,42.6,5,0
20050419,42,43,41.6,43,505,0
20050421,42.8,42.8,42.8,42.8,200,0
20050426,43,43,42,43,380,0
20050427,43,43,43,43,5,0
20050428,42.8,42.8,40.4,42.5,2261,0
20050429,43.2,43.2,42,43.2,148,0
20050502,43.9,43.9,43.9,43.9,5,0
20050504,43.2,43.3,43.1,43.3,140,0
20050505,42.9,42.9,41.8,42.8,1457,0
20050506,42.7,42.8,41.7,42.8,368,0
20050509,43.5,43.5,41.7,42.4,400,0
20050510,42,42.6,41.3,42,2677,0
20050511,41.8,42,40.5,42,1758,0
20050512,42.5,43.9,42.5,43.9,590,0
20050513,43.8,44,42.8,44,445,0
20050516,44,44.9,43.9,44.9,1470,0
20050517,44.9,45.5,44.9,45.5,424,0
20050518,46,46.2,45.5,46,316,0
20050519,46,48,45.9,47.9,13327,0
20050520,48.3,48.6,48.3,48.6,264,0
20050523,48.5,53.4,48.4,52.5,1146,0
20050524,52.9,53.5,52.9,53.5,847,0
20050525,54.1,55,54.1,55,840,0
20050527,55,55,54.5,55,692,0
20050530,55,55,54.3,55,501,0
20050531,54.9,57.8,53.8,54.5,2721,0
20050601,54,54,52,52.3,3087,0
20050602,52.3,52.3,49.2,50,5814,0
20050603,50,51.3,48.1,51.3,990,0
20050606,54.6,56,54.6,55,501,0
20050607,56,56,55.9,55.9,323,0
20050608,55.9,55.9,55.9,55.9,5,0
20050609,55,55.7,53.1,54,694,0
20050610,53.5,55.8,53,55.8,14021,0
20050613,55.5,57.3,53.8,57.3,823,0
20050614,57.5,57.9,57.4,57.9,439,0
20050615,57.5,58,57.5,58,2115,0
20050616,59.5,59.5,58,58,508,0
20050617,59,59,57.8,58,600,0
20050620,59.5,59.5,58,58,117,0
20050621,58,58,57.6,57.7,569,0
20050622,59,59,56.9,57.9,1909,0
20050623,58.5,58.5,55,57,3868,0
20050624,57.9,58.5,55.8,57,4040,0
20050627,56,56.4,55.9,55.9,1600,0
20050628,56,56,55.8,55.8,290,0
20050629,55.8,55.8,55.8,55.8,10,0
20050630,55.5,55.5,55.5,55.5,10,0
20050701,55.4,55.4,55.4,55.4,21,0
20050704,55.4,55.4,54,54,386,0
20050705,55.5,55.5,55.4,55.4,20,0
20050706,55.4,55.4,55.4,55.4,10,0
20050707,53.5,55.4,53.5,55.4,19,0
20050708,56.3,56.3,56.3,56.3,30,0
20050711,55.8,55.8,55,55.7,380,0
20050712,54,54,52.3,52.3,1692,0
20050713,52.1,53.9,51.6,53.8,415,0
20050714,53.4,53.8,53.4,53.8,135,0
20050715,52.5,54.7,52.5,54.7,494,0
20050718,55.4,55.4,53.1,54.8,255,0
20050719,54.4,54.4,54,54,531,0
20050720,54,54,54,54,811,0
20050721,54,54,53.7,54,399,0
20050722,54,54,54,54,369,0
20050725,54.8,54.8,54.8,54.8,10,0
20050726,54.7,54.7,54.7,54.7,35,0
20050727,54.7,55,54.7,55,220,0
20050728,54.4,54.4,53.5,53.5,535,0
20050729,54,54,53.5,53.9,639,0
20050801,53.9,53.9,53.1,53.5,330,0
20050802,53.7,53.7,53.7,53.7,159,0
20050803,53.7,53.7,52,53,1411,0
20050804,53,53.5,52,53.5,890,0
20050805,53,53.4,52.5,53.4,400,0
20050808,53.4,55,53.4,55,2092,0
20050809,55.2,55.9,54.3,55.9,3430,0
20050810,55.9,55.9,54.7,55.4,24344,0
20050811,56,56,56,56,334,0
20050812,55.9,55.9,55.5,55.5,3135,0
20050816,56,60.5,56,58.4,3523,0
20050817,57.9,57.9,56.3,56.5,2438,0
20050818,57,57,57,57,455,0
20050819,57,57,56.5,57,2311,0
20050822,57,57,57,57,50,0
20050823,56.9,59,56.9,57.9,2013,0
20050824,57.5,57.5,57.5,57.5,280,0
20050825,57.5,57.5,57,57.1,1700,0
20050826,57.5,57.5,57,57.5,687,0
20050829,57,57.4,56.9,57.4,1101,0
20050830,57.3,57.3,56.5,57,986,0
20050831,57,57,56.8,57,510,0
20050901,57,57,56.5,56.8,774,0
20050902,57,57,56.8,57,224,0
20050905,57,57,56.8,56.8,290,0
20050906,56.8,56.8,56.8,56.8,400,0
20050907,56.9,56.9,56.7,56.7,94,0
20050908,56.9,57,56.6,57,839,0
20050909,57.5,57.5,56.9,57.2,3426,0
20050912,57.9,57.9,57.4,57.4,420,0
20050913,57.8,57.8,57.1,57.1,700,0
20050914,57.5,57.9,57.5,57.8,329,0
20050915,57,57.8,57,57.6,363,0
20050916,57.6,57.6,57.6,57.6,98,0
20050919,57.3,57.5,56.9,56.9,1030,0
20050920,57,57,57,57,100,0
20050921,57,57,56.6,56.9,346,0
20050922,56.8,57,56.8,57,1269,0
20050923,57.8,57.8,57,57,61672,0
20050926,57,57,56.9,56.9,3100,0
20050927,57,57.1,57,57.1,3310,0
20050928,57.6,57.6,57,57,170,0
20050929,57,57.2,57,57.1,170,0
20050930,57.8,57.9,57.5,57.9,390,0
20051003,57.9,58.9,57.9,58.9,1416,0
20051004,58.9,58.9,57.5,57.5,40,0
20051005,57.5,59,57.5,59,2293,0
20051006,59,59,57,57.5,20299,0
20051007,57.5,57.5,56.8,57.4,678,0
20051010,57.3,57.3,57.3,57.3,15,0
20051011,57,57.5,57,57.5,270,0
20051012,57.3,57.7,57,57.7,930,0
20051013,58,58,57,57.5,242,0
20051014,58,58,58,58,25,0
20051017,57.8,57.8,57.8,57.8,30,0
20051018,57.8,57.8,57.1,57.1,2312,0
20051019,57.1,57.9,57.1,57.2,341,0
20051020,57.4,57.4,57.4,57.4,100,0
20051021,57.4,58.2,57.4,58.2,172,0
20051024,58.2,58.2,57.2,57.2,108,0
20051025,57.5,57.5,57,57,1091,0
20051026,56.5,56.5,56.5,56.5,100,0
20051027,57,57,55.5,56.5,92,0
20051028,57,57.1,55,55.8,1441,0
20051031,54.8,56.1,54.8,56.1,380,0
20051102,56.5,56.5,56,56.1,120,0
20051103,56,56,56,56,112,0
20051104,56,56,55.5,56,258,0
20051107,56.5,56.5,56.4,56.4,11,0
20051108,56.4,56.4,55.6,55.9,202,0
20051109,55.9,55.9,55.8,55.8,45,0
20051110,56,58.5,56,57.8,989,0
20051114,58.6,63.5,58.6,62.5,6612,0
20051115,62.1,63.8,62.1,63.8,2229,0
20051116,64,64,59,61,2310,0
20051117,61.5,62.3,61.5,62,163,0
20051118,62.5,62.5,62,62.5,855,0
20051121,63,63,62.5,62.5,127,0
20051122,62.5,62.5,62.5,62.5,371,0
20051123,63,63,62.5,63,1388,0
20051124,63.7,63.7,63,63,255,0
20051125,63,63,62,62.5,383,0
20051128,62.5,62.5,62,62.5,46105,0
20051129,62,63,62,63,16922,0
20051130,63.7,63.7,62.1,63.7,746,0
20051201,64,65,64,65,1541,0
20051202,65,67.5,65,66.8,1471,0
20051205,67.5,67.5,67,67.5,187,0
20051206,67.5,68,67.5,68,128,0
20051207,68,68,68,68,50,0
20051208,68,71.4,68,70,26833,0
20051209,72,72,71,71.4,1758,0
20051212,74.9,74.9,72,72,926,0
20051213,72,72,72,72,15,0
20051214,72.5,72.5,70.5,70.5,111,0
20051215,71,71,68.5,69.5,256,0
20051216,69.9,70.2,69.9,70.1,286,0
20051219,70.6,74.8,70.6,74.1,1076,0
20051220,75,80,70,72,13676,0
20051221,72,72,71,71.5,1006,0
20051222,71,71,68.4,68.4,861,0
20051223,69.7,70.4,69.3,69.7,584,0
20051227,70.4,70.4,69,70.4,140,0
20051228,71.2,71.2,70,70.4,1377,0
20051229,75.9,76,70.1,70.1,6328,0
20051230,70,74.9,69.5,74.9,1919,0
20060102,74.9,74.9,72,72.5,757,0
20060103,72.5,73.5,71.9,72,2962,0
20060104,72.5,73,71.5,71.9,478,0
20060105,72,74.5,72,74.5,2651,0
20060106,74.9,75,73.5,75,2256,0
20060109,75,75.2,73.8,73.8,647,0
20060110,74.5,74.5,72,73,10934,0
20060111,73,74.7,73,74.6,1729,0
20060112,74.9,75.4,74.6,75.4,3062,0
20060113,75.5,75.6,73.5,74.5,899,0
20060116,73.5,74.5,73.1,74.5,635,0
20060117,75.6,82.8,74.5,79,4977,0
20060118,80,82.5,79.5,81.6,2558,0
20060119,82.9,82.9,79,81,23976,0
20060120,80,81.7,80,81.7,381,0
20060123,81.7,82,79,82,1771,0
20060124,83.5,84.5,83,84,993,0
20060125,85,86.5,84,85.5,3665,0
20060126,85,85.5,84,85.5,2480,0
20060127,86,86,84,85,10585,0
20060130,85,85,83,84.5,21798,0
20060131,84,84,83.1,83.1,231,0
20060201,83,83.5,81.3,83.1,592,0
20060202,83,83.1,82,82,911,0
20060203,80.1,81,80.1,81,1129,0
20060206,81,81.9,80,80.6,925,0
20060207,81.2,81.2,80,81,3999,0
20060208,81,84.1,81,84.1,1016,0
20060209,84.1,89,84,89,6533,0
20060210,90,90,89,90,16444,0
20060213,89,90,87,88.9,812,0
20060214,87.9,87.9,87.8,87.8,47,0
20060215,89,89,87.5,89,10774,0
20060216,89,91,88.5,91,7360,0
20060217,91,92,89.8,91,2804,0
20060220,90.9,90.9,89,89.9,5508,0
20060221,92,92,89.6,89.6,665,0
20060222,90,90,89.6,90,1966,0
20060223,90,90,89.5,89.9,1618,0
20060224,90,90,89.1,90,861,0
20060227,91,91,89,89,251,0
20060228,89.3,89.5,89.2,89.2,572,0
20060301,90,90.5,90,90.5,4730,0
20060302,90.5,90.5,89.5,90,6655,0
20060303,90,91.5,90,90,1532,0
20060306,91,91,90.5,90.5,68,0
20060307,90.5,90.5,89,90.5,51,0
20060308,90.5,90.5,89.2,90,100,0
20060309,89.8,90,89,90,326,0
20060310,87.8,89.5,87.8,89.5,295,0
20060313,89,90,89,89.5,108,0
20060314,90.4,90.4,89.8,90,229,0
20060315,89.8,90,89.8,90,305,0
20060316,90,90,89,89.5,816,0
20060317,89.5,89.5,88,89.5,1249,0
20060320,89.5,89.5,87.5,88.6,5265,0
20060321,89,90,87,90,2356,0
20060322,90.5,90.7,89.5,90.5,567,0
20060323,89.5,91,89.5,90,1797,0
20060324,91.5,91.5,89.5,90,397,0
20060327,91.5,92.2,91.5,91.5,366,0
20060328,91,91,90,90.9,204,0
20060329,90.5,90.5,90.4,90.5,366,0
20060330,89.6,89.9,88,89.9,11979,0
20060331,90.5,92.5,90.5,91.2,2463,0
20060403,91,94.5,91,92.6,1760,0
20060404,94.1,94.1,92.5,93.5,644,0
20060405,94.5,97.2,93,95.2,10361,0
20060406,96,96,93.7,93.8,2622,0
20060407,93.8,94.4,92.8,94,579,0
20060410,94,94,91.2,93.5,1449,0
20060411,94.5,94.8,92,92,1442,0
20060412,92.5,92.5,90.6,92,436,0
20060413,92.5,92.5,91,92,409,0
20060418,92.1,92.5,90.4,92.5,429,0
20060419,93,93,90.6,92,917,0
20060420,92,92,89,90,3229,0
20060421,90,90,90,90,73,0
20060424,90.2,90.2,87,89,6042,0
20060425,88.8,89,86.5,89,1764,0
20060426,89,89,87.5,89,164,0
20060427,89,89.3,87.6,89.3,379,0
20060428,86.6,89.2,86.6,89.2,544,0
20060502,88.1,89.2,88.1,89.2,128,0
20060504,89.2,89.2,88.2,89.1,613,0
20060505,89,89,88.1,89,390,0
20060508,88,89.9,85.2,89,1190,0
20060509,88.7,88.7,82,86.5,3008,0
20060510,87,88.5,87,87.8,1663,0
20060511,87.8,88.8,87.8,88.4,1109,0
20060512,88.9,89,86.5,89,446,0
20060515,89,89,84.6,85.9,2373,0
20060516,83.8,84.2,83,83,1507,0
20060517,83,83,80,82.5,1532,0
20060518,81.7,83,80,81,2190,0
20060519,81,82.1,80.3,82.1,528,0
20060522,81,81,79.1,80,1203,0
20060523,79,79,76,76,5602,0
20060524,78,78,76,76,471,0
20060525,74,74,72,72.6,4877,0
20060526,73,74.4,73,74.4,876,0
20060529,74.5,74.5,74.4,74.4,56,0
20060530,74.4,74.4,71.5,73,15840,0
20060531,69.5,73.2,69.5,73,2037,0
20060601,73,73,72.5,73,3260,0
20060602,73.4,73.4,73,73.4,804,0
20060605,74.8,74.8,72.5,73.4,4004,0
20060606,73.2,78,73,78,5960,0
20060607,78,78,76,78,391,0
20060608,76,77.5,75.9,75.9,325,0
20060609,75.1,76.9,75.1,76.7,204,0
20060612,76.5,76.7,74.2,75.9,710,0
20060613,72.6,73,72.6,73,1902,0
20060614,73,73,72,73,981,0
20060616,76,76,74.1,75,1260,0
20060619,76.1,76.1,72.6,74.6,498,0
20060620,74.2,75.1,74.2,74.9,10970,0
20060621,74.5,76,74.5,76,12396,0
20060622,76,76.7,75,76,830,0
20060623,76,76,76,76,356,0
20060626,75.8,75.8,73.6,75.5,923,0
20060627,76,77.3,75,77.3,11224,0
20060628,76.6,77,75,77,1533,0
20060629,76.1,78.1,76.1,76.5,2834,0
20060630,77,77,77,77,440,0
20060703,77,80,75.1,80,14432,0
20060704,79,79,78.9,79,746,0
20060705,79.3,79.3,77.6,79,481,0
20060706,79.5,79.5,79.4,79.4,398,0
20060707,81.5,81.5,79.4,81.5,1466,0
20060710,79.5,82,79,82,525,0
20060711,82,82,80.1,82,464,0
20060712,82,82,80.1,81.9,583,0
20060713,82,82,80.5,81.9,732,0
20060714,80.2,81.8,80.2,81.8,72,0
20060717,81.5,82.7,81.5,82.5,874,0
20060718,82.5,83,82.5,83,188,0
20060719,83,83,81,82,292,0
20060720,82,82,82,82,282,0
20060721,81.9,81.9,80.2,81.9,588,0
20060724,81.9,82,80.6,82,1721,0
20060725,82.8,83,82,82.4,5337,0
20060726,82,82,81.2,81.8,506,0
20060727,82.1,82.1,81.1,81.9,1001,0
20060728,81.5,81.5,80.8,81,474,0
20060731,81.8,81.8,79.6,80,653,0
20060801,79.8,79.8,79.5,79.5,245,0
20060802,78.3,79.9,78,79.9,2058,0
20060803,79.9,79.9,79.9,79.9,612,0
20060804,80,80.5,79,79.9,603,0
20060807,79.9,79.9,78.8,79.9,4397,0
20060808,79.4,80,79.3,79.9,540,0
20060809,79.9,81.3,79.9,81.3,317,0
20060810,80,81.9,80,81,312,0
20060811,81.8,81.8,80.1,80.8,258,0
20060814,81.4,81.4,81.4,81.4,125,0
20060816,82.1,82.1,80.9,81.4,1191,0
20060817,82,82,81,82,1795,0
20060818,82,82,80.6,80.6,232,0
20060821,80,80.6,80,80.6,1803,0
20060822,80.6,81.3,80,81.3,3526,0
20060823,81.2,81.2,80.1,81,148,0
20060824,81.2,81.2,80,80.8,130,0
20060825,79.5,80.3,79.5,80.3,254,0
20060828,80.3,80.3,80.3,80.3,214,0
20060829,80.5,80.5,80.5,80.5,150,0
20060830,80.5,80.5,79,80.5,614,0
20060831,80.6,81.8,79.8,81.8,2137,0
20060901,80,80.9,80,80.5,10426,0
20060904,80.9,81,80.5,80.5,138,0
20060905,81,81,81,81,11,0
20060906,81.3,81.3,81,81.3,1548,0
20060907,80.1,81.3,80.1,81.3,738,0
20060908,81.3,81.3,80.3,80.3,2572,0
20060911,80.3,80.3,80.1,80.2,2463,0
20060912,80,80.8,80,80.7,1115,0
20060913,80.9,80.9,80.5,80.5,35,0
20060914,80.8,80.8,80.2,80.8,1535,0
20060915,80.8,80.8,80.2,80.2,33,0
20060918,80.8,80.8,79,79.9,1569,0
20060919,80,80,78.9,80,1457,0
20060920,80,80,78.9,79.7,4328,0
20060921,79.6,80.5,78.8,80,663,0
20060922,79,80,78.9,80,239,0
20060925,80.4,80.4,79.15,79.5,1151,0
20060926,80.7,84,80.7,84,6556,0
20060927,84.2,84.2,83.1,83.6,2667,0
20060928,82.5,86.45,82.5,86.4,12333,0
20060929,86.45,87.95,84,85.3,16499,0
20061002,85.2,85.2,84,84.35,764,0
20061003,83.1,84.9,83,83,251,0
20061004,82,83.4,82,83.4,56,0
20061005,83.3,83.4,82.25,82.8,180,0
20061006,82.8,82.8,81.7,82.8,293,0
20061009,83,83,81.65,82.8,154,0
20061010,83,83,83,83,105,0
20061011,83,83,82,83,309,0
20061012,81.1,82.9,80.9,82.9,491,0
20061013,82.5,85,81.2,85,30624,0
20061016,85,86,84,84.95,618,0
20061017,84.9,84.9,82.9,82.9,1164,0
20061018,84.6,84.6,80,80,2474,0
20061019,81,82.8,80.1,82.7,508,0
20061020,82.5,82.5,81.25,82.5,293,0
20061023,80.1,82,80.1,82,343,0
20061024,81.5,81.5,80,80.5,2117,0
20061025,80,81,79.7,81,1457,0
20061026,81,82.8,81,81.5,1022,0
20061027,82,82,80,81.95,383,0
20061030,82.5,82.5,80.3,80.9,415,0
20061031,80.9,80.9,79.3,80.85,211,0
20061102,82.2,82.2,81,81,75,0
20061103,80.9,80.9,79,80.9,701,0
20061106,80.9,80.9,79.2,80.9,601,0
20061107,80.9,81.3,79,81.3,365,0
20061108,81.95,83.7,81.3,81.45,489,0
20061109,83.5,83.5,82,82,308,0
20061110,82.9,83.5,81.8,81.8,373,0
20061113,82.45,83,82.45,82.95,183,0
20061114,81.5,81.5,80.25,80.5,653,0
20061115,81.85,81.85,80.5,80.5,277,0
20061116,80.5,80.5,79.8,79.8,582,0
20061117,80.3,80.3,78,79.8,1326,0
20061120,79.8,79.8,78.5,78.7,736,0
20061121,79.8,79.8,76.4,78,1275,0
20061122,78.95,78.95,76.75,78,1070,0
20061123,78.45,78.5,77.45,77.5,660,0
20061124,77.5,77.5,75.8,76.5,344,0
20061127,78,78,77,77,3380,0
20061128,78,78,74,76.85,7487,0
20061129,77.85,77.85,76.75,77.8,776,0
20061130,77.8,77.8,76.15,77,1649,0
20061201,77.5,77.5,76.4,77.5,264,0
20061204,77.5,77.5,76.7,77,3765,0
20061205,76.2,76.8,76.2,76.8,815,0
20061206,77.1,77.9,76.8,77.9,3375,0
20061207,79.2,81.45,79.2,80.1,11963,0
20061208,81.25,81.25,78.15,78.35,891,0
20061211,79,79,77.5,77.5,576,0
20061212,77.2,77.5,77.1,77.1,397,0
20061213,78.1,78.1,75.8,76.5,7566,0
20061214,77,78.7,77,78.7,1677,0
20061215,78.8,78.8,75.8,78.35,1286,0
20061218,78.35,78.35,76,76,622,0
20061219,76,76,75,75,306,0
20061220,76.2,76.2,75.1,75.6,283,0
20061221,75.5,75.5,74,74.05,602,0
20061222,74.55,74.55,70.75,70.75,1253,0
20061227,70.7,72,69.9,72,1408,0
20061228,72.1,75.8,72.1,75,1151,0
20061229,75.8,77.5,75.8,76.5,871,0
20070102,76.8,80,76.8,80,3580,0
20070103,79,80.5,79,80,1619,0
20070104,79.25,80.1,78,80,1477,0
20070105,80,80,79,80,11376,0
20070108,80.4,80.4,78.5,80,697,0
20070109,79.9,80,79,80,1413,0
20070110,80,80,79.1,80,2639,0
20070111,79,80,78.5,79.4,2854,0
20070112,80.1,81.4,79.7,79.8,2109,0
20070115,80,80.5,79.6,80.5,11298,0
20070116,80.6,83.5,80,83.5,12715,0
20070117,83,86,83,86,26763,0
20070118,85.5,91,85.5,91,3043,0
20070119,92.7,97,90,90,2031,0
20070122,91.2,91.2,89,90,752,0
20070123,88,92,88,90,6179,0
20070124,89.1,91.7,89,90.8,971,0
20070125,91,95.2,91,94.1,452,0
20070126,92.3,96.5,92.3,95.2,1626,0
20070129,96.05,99,94.3,98.3,953,0
20070130,97.1,98,97,97.1,3793,0
20070131,97,97,93.4,97,1384,0
20070201,97,99.2,97,99.2,7912,0
20070202,99.5,101,99,101,2501,0
20070205,100,101.8,99,101.8,18583,0
20070206,103,103,100,100,1946,0
20070207,100,100.4,100,100,544,0
20070208,100.9,100.9,96.4,96.5,695,0
20070209,95,95.5,95,95.5,188,0
20070212,95.8,98.8,95.8,98.8,285,0
20070213,96.1,100,96.1,100,1355,0
20070214,100,101.8,100,101.8,567,0
20070215,100.1,102,99.1,101.8,588,0
20070216,100,100,100,100,250,0
20070219,102,104,100,104,615,0
20070220,105.2,105.2,102.8,104,5467,0
20070221,104.9,105,104.1,104.9,2474,0
20070222,106.1,114,106.1,113.5,6035,0
20070223,113.8,113.8,109.2,113.5,641,0
20070226,113.9,113.9,110.2,111.5,2236,0
20070227,110.2,112,105.5,110,1690,0
20070228,107,111.5,100,111.5,1057,0
20070301,109.3,110,108,109.5,848,0
20070302,109,110,107,110,874,0
20070305,108,109.5,106.8,109.5,402,0
20070306,109.5,112.9,109,112.9,456,0
20070307,115,124.1,114,117,1642,0
20070308,118.5,123.6,118.2,122,617,0
20070309,123.5,123.5,120,123.1,487,0
20070312,123.4,123.4,120.2,122.5,691,0
20070313,123,123.1,122.8,123,248,0
20070314,120,123,120,123,291,0
20070315,123,125,118,125,5543,0
20070316,126,127,126,126.9,347,0
20070319,126.9,127.5,126,127,2910,0
20070320,126.9,126.9,121.2,124,1874,0
20070321,122.1,127.7,122.1,127.7,5048,0
20070322,127,134.5,127,133,4698,0
20070323,134.4,135,131.5,134.5,2766,0
20070326,134.5,143.5,134.5,141.4,1004,0
20070327,142,142,138,140,1255,0
20070328,141.9,141.9,138,140.4,236,0
20070329,139,140.5,134.5,139,978,0
20070330,137,139.9,134,139.9,2270,0
20070402,141,141,134.1,137,458,0
20070403,136.5,139,132.7,139,1364,0
20070404,141,141,133,134.9,4486,0
20070405,131.6,133,130,131,1556,0
20070410,132.8,133.9,130.2,132,5017,0
20070411,130.3,135,128.3,135,4523,0
20070412,135.5,138,132,132,323,0
20070413,133,134.9,131,131,145,0
20070416,133,133.9,130.1,130.1,3022,0
20070417,131,131.4,127.5,131,718,0
20070418,130,131,127.2,130,311,0
20070419,128,128,120,120,4389,0
20070420,117.1,125.9,117.1,121.3,1478,0
20070423,121.3,121.4,119,120,2323,0
20070424,118,120,113,120,4272,0
20070425,122,125,122,124,248,0
20070426,124,129.5,124,125,565,0
20070427,125,125,120,123.7,198,0
20070430,123.7,123.7,120,123,178,0
20070502,123,123,119.5,123,524,0
20070504,125,128.5,122,128.5,243,0
20070507,133,135,130,130,4423,0
20070508,131,131,125,128,593,0
20070509,126,138.5,125.1,129.9,6304,0
20070510,130.8,130.8,122.6,127.5,1665,0
20070511,124,125,122,125,1026,0
20070514,124,124.1,121,123,628,0
20070515,123.5,123.5,118.2,121,760,0
20070516,119,121.5,117.9,121.5,594,0
20070517,120,123.8,119.1,121.5,2958,0
20070518,123.5,124,121,124,871,0
20070521,124,128,124,124,1626,0
20070522,125.8,128,125.8,128,935,0
20070523,128,128,126.2,128,473,0
20070524,129.9,129.9,126.5,128,1439,0
20070525,125,128.8,125,127,128,0
20070528,128.5,130,125.1,127,1595,0
20070529,126,129,126,129,4165,0
20070530,129.5,129.5,117.2,117.2,2428,0
20070531,122,127.7,122,126,1713,0
20070601,125,127.9,125,127.9,1238,0
20070604,128.5,128.5,126,128,2244,0
20070605,128,130,128,129,1259,0
20070606,129,130,128.2,129.8,830,0
20070608,128.2,129.8,128,129.8,1723,0
20070611,130,133.8,130,131,2228,0
20070612,131,133,131,131.7,2132,0
20070613,131.6,132.5,130,130,800,0
20070614,133,133,129,130.2,491,0
20070615,130.2,131,128.5,129,514,0
20070618,129,130,129,130,335,0
20070619,130,130,126.5,130,875,0
20070620,131.3,131.3,125,129.8,3514,0
20070621,129.8,129.8,124.6,127.8,1197,0
20070622,125,125.3,123.5,125.3,880,0
20070625,123.5,124.9,120.3,122.9,797,0
20070626,120.1,121,118.2,119.9,12768,0
20070627,120,123.9,118.3,118.3,6650,0
20070628,118.3,119.7,117,118.8,17339,0
20070629,118,118.9,117.5,118.9,349,0
20070702,119,119,115,117.8,710,0
20070703,117.8,117.8,112,113,669,0
20070704,112,112.8,111,112,2268,0
20070705,112,113.5,110,113.5,254,0
20070706,113.9,119,113.9,118.9,2670,0
20070709,118.9,122.5,118.9,122.5,482,0
20070710,124.5,124.5,121,122.1,502,0
20070711,120,120,119,119,186,0
20070712,120,120,115,118,17796,0
20070713,118.2,118.2,118,118,120,0
20070716,119,119,115,118,225,0
20070717,114.8,116,112,116,608,0
20070718,117.3,117.3,110.5,114,594,0
20070719,115.5,115.5,113,115.4,209,0
20070720,113.1,115,113.1,115,340,0
20070723,116.5,116.5,115,115,53,0
20070724,116.4,116.4,116.3,116.3,93,0
20070725,116.3,116.3,114.5,116,418,0
20070726,116.3,116.3,109.5,113,255,0
20070727,113,113,109.5,113,94,0
20070730,113,113,113,113,20,0
20070731,112,113,112,113,573,0
20070801,113,113,112.9,113,937,0
20070802,113,113.3,112,113.3,25443,0
20070803,115,118,115,117.6,1252,0
20070806,117,117.6,114.3,117.6,81,0
20070807,116.5,118.5,116.5,118.5,123,0
20070808,118.5,118.8,118.5,118.8,518,0
20070809,119.5,119.5,117.1,117.1,210,0
20070810,113.6,117,113.6,114.5,205,0
20070813,115,115,110,110,3569,0
20070814,110.2,112.3,110,112.3,5515,0
20070816,111.3,111.3,103,110,568,0
20070817,109.2,110.5,107.5,109.5,405,0
20070820,110,110,109,109,110,0
20070821,109.5,109.5,109.5,109.5,50,0
20070822,109.5,119,109.5,119,1407,0
20070823,119,119,118.5,118.5,240,0
20070824,118,118,116,116,20,0
20070827,116,116,113,114,375,0
20070828,114,118.9,110.3,118,422,0
20070829,115,116,111.5,114,1617,0
20070830,113,113.5,109.6,111,701,0
20070831,111,111,106,111,2887,0
20070903,111,111,105,108.7,1809,0
20070904,109.3,109.3,103.1,105.8,1420,0
20070905,107.5,107.5,101.5,102.1,1400,0
20070906,103.9,105,101.3,105,545,0
20070907,105.5,105.5,102.2,105.5,312,0
20070910,105.5,105.5,99,103,1330,0
20070911,103,104,101.5,102.8,3467,0
20070912,103,103,100.3,102.6,2251,0
20070913,104,104,103,103,115,0
20070914,104.5,104.5,104.5,104.5,10,0
20070917,103.5,103.5,99,99,2329,0
20070918,100,101.8,100,101.5,223,0
20070919,100.1,100.3,99.3,99.95,613,0
20070920,100.9,100.9,100.9,100.9,10,0
20070921,100.9,100.9,100.9,100.9,43,0
20070924,101,101,99.3,101,8508,0
20070925,100,101,100,101,30025,0
20070926,101.9,101.9,99.9,100,20329,0
20070927,100.2,100.2,100,100,590,0
20070928,101.7,101.7,99.3,100,15171,0
20071001,98,98.05,98,98,126,0
20071002,100.3,100.3,96.05,98.5,1607,0
20071003,100,100,98,98.5,229,0
20071004,99.5,99.5,99.5,99.5,126,0
20071005,99.5,100,99.4,99.4,124,0
20071008,100.9,101.9,99.8,101.4,178,0
20071009,101,103.9,101,103.9,168,0
20071010,104.5,104.5,103,103,88,0
20071011,102.5,103.5,100.5,103.5,404,0
20071012,102,102,101,102,306,0
20071015,101,101.5,101,101,464,0
20071016,100,100,99.5,100,120,0
20071017,99.5,99.5,96,97.5,743,0
20071018,97,99.9,97,97.5,110,0
20071019,97,97,94.5,94.5,800,0
20071022,94.5,94.5,90.2,91,756,0
20071023,90,90.9,88.5,90.9,335,0
20071024,89,89.5,87.85,89.5,2311,0
20071025,89,89,85,87.5,1575,0
20071026,87.55,88,84.2,87,2514,0
20071029,88.5,89.5,87.5,89.5,309,0
20071030,90.5,90.5,87,89.5,701,0
20071031,89.5,89.5,85,89,976,0
20071102,89.65,89.65,88,88,399,0
20071105,88.4,89,88,89,279,0
20071106,89.5,90,88.4,90,345,0
20071107,90,90,88.4,90,267,0
20071108,89,89.3,87,89.3,157,0
20071109,89,89.3,87,89.3,1398,0
20071112,89,89,89,89,35,0
20071113,89.2,89.2,87.1,89,272,0
20071114,88.2,97,88.2,94,678,0
20071115,92,92.25,85,92.25,618,0
20071116,90,92.15,88,92.15,411,0
20071119,92,92,89.5,91,214,0
20071120,91.1,91.1,86.7,90,351,0
20071121,88,89.6,87.1,89.2,1470,0
20071122,88,88.3,85,88,726,0
20071123,88,88,88,88,270,0
20071126,87,87,85.5,87,616,0
20071127,86,86,84,84,328,0
20071128,84,85,83.95,83.95,400,0
20071129,85,85,82,83,235,0
20071130,82,84,81.5,84,108,0
20071203,84.5,84.5,83.05,83.05,34,0
20071204,82,82,81.5,82,170,0
20071205,83,83,80,83,379,0
20071206,81,81,79.1,80,289,0
20071207,79,79,78,79,284,0
20071210,79,79,77.5,78,234,0
20071211,78,78,78,78,204,0
20071212,78,80.5,78,80.5,1961,0
20071213,80,80.2,80,80,1004,0
20071214,79,80.5,79,80.5,615,0
20071217,80.5,80.5,77.9,79.5,625,0
20071218,79.5,81,79.5,81,781,0
20071219,80,80,76,77.9,2292,0
20071220,76,76,69.85,71.2,7096,0
20071221,72.2,77,72,75,1347889,0
20071227,76.8,76.9,74,76.9,7310,0
20071228,76.9,76.9,74.95,76,8050,0
20080102,76.9,76.9,76.9,76.9,10,0
20080103,75,78.85,74.9,78.8,8969,0
20080104,78.8,80,77.5,80,2990,0
20080107,78,78,76.1,77.5,1528,0
20080108,77.25,77.25,75,77,1387,0
20080109,75.5,75.5,71.1,72.45,9599,0
20080110,72.45,72.45,66,69.85,3991,0
20080111,68.9,69,64.15,67,2038,0
20080114,65.1,70,64,70,1651,0
20080115,67.9,67.9,66.7,66.7,638,0
20080116,66.5,66.5,63.5,64.85,3660,0
20080117,65.5,65.5,64.15,64.9,45897,0
20080118,65.4,66.8,64.9,64.9,18590,0
20080121,64.9,64.9,61.1,62,1063,0
20080122,60,62.8,57.5,62.8,1441,0
20080123,62.3,65.85,62,65.85,727,0
20080124,66.1,75,66.1,75,22677,0
20080125,75,75,71.6,74,1274,0
20080128,71.8,71.8,69.6,71,721,0
20080129,72.1,72.1,72.1,72.1,300,0
20080130,73,73,71,72.9,787,0
20080131,73,73,73,73,5,0
20080201,75.8,76.1,74.5,76.1,1689,0
20080204,78,78.7,77.1,78.7,7055,0
20080205,76.1,79,76,79,1571,0
20080206,76.7,78.9,76.7,78.9,10694,0
20080207,78.5,79.2,77,79.2,1578,0
20080208,79.1,79.85,79.1,79.85,191,0
20080211,79.5,79.5,79.5,79.5,5,0
20080212,79.5,79.6,79.5,79.6,255,0
20080213,79.8,79.8,79,79,403,0
20080214,80,82.4,80,82.4,21252,0
20080215,82.4,82.4,81,81.4,11114,0
20080218,82.45,82.45,80.6,82.4,693,0
20080219,82.4,82.4,80.7,81,12155,0
20080220,80,81,80,81,608,0
20080221,80,84.4,80,84.4,8317,0
20080222,84.45,85.4,83,85,268,0
20080225,85.45,90,85.45,88,844,0
20080226,87,87.9,85.5,87.8,38,0
20080227,87.95,88,86.5,88,1705,0
20080228,89,89,86.95,87.9,621,0
20080229,87.95,87.95,87.95,87.95,11,0
20080303,85.2,87.5,85.2,87.5,538,0
20080304,86.05,86.8,85.25,86.8,8250,0
20080305,85.25,87.7,85.25,87.7,105,0
20080306,88.55,90,88.55,88.85,427,0
20080307,88,88.55,87,88.55,446,0
20080310,87.55,90.15,87.55,89.55,1980,0
20080311,89.6,90,89,89,1022,0
20080312,90,90,89,89,49,0
20080313,89.5,89.5,86,88.5,209,0
20080314,89.15,89.15,86.6,88.9,1353,0
20080317,86,87,84.6,86.9,646,0
20080318,87,87,87,87,55,0
20080319,86,87.7,85,86,590,0
20080320,86.5,86.5,85.3,85.3,162,0
20080325,85,85.3,85,85.3,219,0
20080326,86,86,86,86,16,0
20080327,86,87.25,86,87.25,280,0
20080328,87.2,88,85.5,88,583,0
20080331,87,89.8,85,89.8,3714,0
20080401,89.9,89.9,87.6,87.6,274,0
20080402,89,89,89,89,307,0
20080403,89,89,86,86,734,0
20080404,85,85.05,84.35,84.5,1042,0
20080407,84.3,84.3,83.2,83.25,474,0
20080408,83.6,83.6,81.2,83,335,0
20080409,82.5,82.5,80,80.8,1141,0
20080410,80,82.2,80,82.2,1649,0
20080411,82.2,82.2,81.8,81.8,20,0
20080414,81.6,82.2,81.4,82.2,67,0
20080415,82.2,82.2,81.5,81.5,420,0
20080416,82,82,81.4,81.9,205,0
20080417,81.9,81.9,81.9,81.9,25,0
20080418,79.7,80,79.7,80,80,0
20080421,79.7,79.7,77.6,77.6,596,0
20080422,78,78,74.65,76.05,781,0
20080423,75.8,75.8,74,75,15769,0
20080424,76.2,76.7,74.6,76,4226,0
20080425,75.15,77.35,75.15,77.35,105,0
20080428,78.5,79.7,76.3,79.7,246,0
20080429,79.4,79.4,77.5,77.5,55,0
20080430,77.1,77.1,76.5,76.5,178,0
20080505,77.4,78.1,77,78,307,0
20080506,77,77,77,77,20,0
20080507,77,79,76.5,79,20888,0
20080508,79,79,77.5,77.5,230,0
20080509,76,76.5,76,76.5,235,0
20080512,76,76,74.7,74.7,142,0
20080513,74,74,74,74,2,0
20080514,75.15,75.15,74,74,240,0
20080515,74,74,73,73,142,0
20080516,71.4,71.4,68.85,70,1146,0
20080519,69,69,65.6,68.5,1470,0
20080520,67,68.4,67,68.4,485,0
20080521,68.4,68.4,68.4,68.4,3,0
20080523,68,68.8,67,68.8,245,0
20080526,68.55,68.55,65.1,66.6,273,0
20080527,67,67,67,67,2,0
20080528,66.85,66.85,65,65,258,0
20080529,65,66.9,65,66,1166,0
20080530,66.9,66.9,66.9,66.9,899,0
20080602,68.1,68.1,68.1,68.1,6,0
20080603,68.1,68.1,66.7,68,457,0
20080604,68.1,68.1,68.1,68.1,92,0
20080605,69,69,69,69,1,0
20080606,69,71,69,70.9,595,0
20080609,71,71,68,70,242,0
20080610,70,70.2,70,70.2,114,0
20080611,69.5,70.2,69,70.2,129,0
20080612,70.6,70.6,68.55,69,487,0
20080613,68.2,70.7,68.2,70.7,285,0
20080616,71,71.5,71,71.5,4,0
20080617,72.5,72.5,70,70,231,0
20080618,69.5,70.95,68.05,70.45,309,0
20080619,70.5,70.5,68,69.9,752,0
20080620,68.55,68.9,68.5,68.9,280,0
20080623,68.95,68.95,68,68,52,0
20080624,67.95,67.95,67.95,67.95,7,0
20080625,65,68,65,68,374,0
20080626,69,69,67.5,69,421,0
20080627,67,67.5,67,67.5,484,0
20080630,67.9,67.9,64.2,65.9,1145,0
20080701,65.5,65.5,63.5,65,111,0
20080702,64.3,64.3,62.1,63.75,973,0
20080703,63.85,64.5,63.85,64.5,102,0
20080704,63.85,63.85,63.85,63.85,2,0
20080707,63.85,63.85,63.85,63.85,2,0
20080708,62,62,62,62,180,0
20080709,62.5,62.5,62.1,62.1,12,0
20080710,62,62,60.7,60.7,172,0
20080711,60.3,60.3,59.1,59.1,172,0
20080714,58.85,58.85,58.85,58.85,2,0
20080715,58.85,58.85,54,57.3,1205,0
20080716,55.6,55.6,54.1,55,733,0
20080717,54.9,55.6,54.9,55.6,200,0
20080718,54.6,54.6,54.6,54.6,190,0
20080721,52.2,55,52.2,55,403,0
20080722,55.3,55.3,55.3,55.3,2,0
20080723,55.3,56.8,55.3,56.8,382,0
20080724,57.25,58.9,57.25,58.9,623,0
20080725,58.4,58.4,57.85,57.85,892,0
20080728,58.7,58.7,57,58.05,155,0
20080729,58.8,58.8,58.8,58.8,2,0
20080730,58,60.3,58,59.8,403,0
20080731,59.7,59.7,59.7,59.7,2,0
20080801,59.7,59.7,59.7,59.7,2,0
20080804,59,59,56,56,2338,0
20080805,56.8,56.8,55.2,55.6,197,0
20080806,55.6,55.6,54,54,207,0
20080807,54.35,54.4,54.35,54.4,58,0
20080808,54.4,54.7,52.9,53.15,337,0
20080811,52.85,52.95,52.7,52.95,521,0
20080812,52.95,52.95,51.2,51.6,271,0
20080813,51.6,51.6,48.22,50,1079,0
20080814,50,51,50,51,532,0
20080818,51.5,54.55,51.3,54.55,272,0
20080819,52.8,52.8,51.5,51.9,2280,0
20080820,51.5,51.5,50.15,51.4,121,0
20080821,50.1,50.7,49.61,50.7,1302,0
20080822,51.3,51.3,50,51,3502,0
20080825,51.4,51.4,51.4,51.4,100,0
20080826,50.5,50.5,50.5,50.5,107,0
20080827,51,51,49.6,50.95,108,0
20080828,51,51,51,51,2,0
20080829,51,52.1,49.9,52.1,1006,0
20080901,51,52,51,51.6,867,0
20080902,52.2,53.55,52.2,53.25,831,0
20080903,54.05,54.95,54.05,54.2,805,0
20080904,55,55.1,54.1,55,1200,0
20080905,55.7,55.7,55.7,55.7,2,0
20080908,55.5,56.1,55.45,56.1,412,0
20080909,56.65,56.65,55,55,392,0
20080910,55.8,55.8,54.2,54.2,142,0
20080911,55,55.5,55,55.5,200,0
20080912,55.6,55.6,54,55,393,0
20080915,54.9,54.9,52,53.6,890,0
20080916,53.7,53.7,52.1,52.1,545,0
20080917,53.7,53.7,52.5,52.5,544,0
20080918,53.6,53.6,51.5,51.9,552,0
20080919,53,53.5,52,52.5,1003,0
20080922,53,53,51.5,52.4,632,0
20080923,50.8,51.7,50.8,51.7,274,0
20080924,52,52,52,52,2,0
20080925,52,52,52,52,2,0
20080926,52,52,52,52,10,0
20080929,50.5,51,50.2,51,273,0
20080930,49.52,50.45,48.55,50.45,550,0
20081001,50.65,51.15,50.65,51.15,515,0
20081002,51.5,51.5,50,50,202,0
20081003,50.5,50.5,49.23,49.23,225,0
20081006,49.95,49.95,48.04,49.7,419,0
20081007,48.99,48.99,47.6,48.49,402,0
20081008,47,47.3,46.03,47.3,840,0
20081009,45.2,45.95,45,45.95,455,0
20081010,45,45,41.2,41.2,633,0
20081013,43.26,45.2,43,44.85,1496,0
20081014,44,44.5,42.82,44.4,1645,0
20081015,43.3,43.3,40.7,41.99,747,0
20081016,40,40.65,40,40.65,502,0
20081017,41.2,41.2,40.39,40.39,689,0
20081020,41.2,41.2,40,40.4,1588,0
20081021,40.4,40.6,39.6,40.6,217,0
20081022,40.4,40.4,36.54,40,2171,0
20081023,40,40,38.84,38.84,831,0
20081024,39,39,34.96,34.96,1315,0
20081027,35,35.3,34.12,35,1810,0
20081028,36.05,36.05,29.5,34,27143,0
20081029,34,34.4,31.55,33.9,33663,0
20081030,34.7,41.5,34.7,39.75,16278,0
20081031,39.3,39.3,37.51,39.26,6224,0
20081103,39.45,39.45,37.97,38.6,741,0
20081104,38.8,38.8,37,38.1,2178,0
20081105,38,38,37,37,281,0
20081106,37.53,37.53,37,37,442,0
20081107,37.53,37.88,36.45,37.88,1179,0
20081110,37.9,37.9,37.9,37.9,60,0
20081112,38.11,38.11,36,36.12,1677,0
20081113,36.05,36.35,36.05,36.35,250,0
20081114,35.44,35.5,34.2,35.15,2051,0
20081117,35.2,35.2,35.2,35.2,617,0
20081118,35.5,35.5,34.5,34.5,1005,0
20081119,34.8,34.8,34.78,34.78,143,0
20081120,34.71,34.71,33.7,33.7,620,0
20081121,33.7,34.29,33.7,34.29,460,0
20081124,34.4,34.4,34,34,238,0
20081125,34.7,34.7,33.34,33.96,852,0
20081126,34.34,34.34,33.03,33.03,558,0
20081127,33,33.47,32.5,33.45,822,0
20081128,32.71,33.59,32.37,33.59,1596,0
20081201,33,33,33,33,1,0
20081202,32.99,32.99,32.04,32.99,157,0
20081203,33.49,33.49,32.2,33,1327,0
20081204,32.99,33,32.99,33,104,0
20081205,33.16,33.16,33,33,152,0
20081208,34,35,33.5,33.5,123134,0
20081209,34.99,35.54,34.99,35.54,2698,0
20081210,35.62,35.62,35.54,35.54,4684,0
20081211,35.84,36,34.64,35,2511,0
20081212,35.5,35.5,34.89,35.5,260,0
20081215,35.5,35.5,34.5,35.5,1304,0
20081216,36,40,36,36.5,24453,0
20081217,36.9,37.32,36.5,36.55,21846,0
20081218,37.27,37.27,36.5,36.5,21311,0
20081219,37.25,37.25,36.2,36.95,2350,0
20081222,36.5,37,36.25,37,10130,0
20081223,37,37.28,36.5,37,10378,0
20081229,37.38,37.99,33.35,33.35,29179,0
20081230,35.62,39,35.62,37.5,32908,0
20081231,38.1,38.6,37.2,38.6,1291,0
20090105,39,40.5,39,40.5,561,0
20090106,41,42.4,41,41.5,655,0
20090107,45,45,40.5,43,722,0
20090108,45,45.2,40.52,43.8,13091,0
20090109,45.3,45.44,44,44,1162,0
20090112,46.81,46.81,41.65,44.58,535,0
20090113,45.32,45.32,43.2,45.28,205,0
20090114,45,45,42.88,44.79,4860,0
20090115,41.9,44.12,41.9,43.5,431,0
20090116,41.9,43.5,41.6,42.97,462,0
20090119,43.89,43.89,42.97,42.97,11,0
20090120,39,42.99,39,41.87,703,0
20090121,43,43,38.18,40.9,736,0
20090122,38.55,41.5,38.55,41.5,402,0
20090123,41.5,41.5,38.62,41.5,447,0
20090126,44,44,42,43.95,202,0
20090127,40,43.95,40,43.95,218,0
20090128,44,44,40.2,43.99,223,0
20090129,43.97,43.97,43.97,43.97,104,0
20090130,44,44,41.1,44,142,0
20090202,44,44,41.2,43.5,304,0
20090203,44,44,44,44,2,0
20090204,44,44,40.25,42,441,0
20090205,44,44,44,44,2,0
20090206,40.1,42.5,40.1,42.5,461,0
20090209,44,44,42.43,42.43,264,0
20090210,43.72,43.72,42.43,43,486,0
20090211,44,44,42.43,42.43,191,0
20090212,45,45,44.7,44.7,131,0
20090213,45.5,45.5,41.25,43.15,1230,0
20090216,45.8,45.8,40.46,41.2,1222,0
20090217,40.1,40.1,38,40,14240,0
20090218,39.99,39.99,37.4,39,941,0
20090219,41,41,38.2,40.88,485,0
20090220,41.99,41.99,38,38,1126,0
20090223,38.94,39.05,37.8,39.05,597,0
20090224,39.05,39.05,37.55,38.9,262,0
20090225,38.9,38.9,37.65,38,618,0
20090226,38,38,37.52,38,276,0
20090227,38.38,40.6,38.38,40.6,339,0
20090302,40.59,40.59,39.62,39.8,614,0
20090303,39.79,40,39.75,40,178,0
20090304,42.8,42.8,42.8,42.8,1,0
20090305,42.8,43,42.8,43,60,0
20090306,44,44,40.5,40.99,432,0
20090309,43,43,41.97,41.97,14,0
20090310,42.94,42.94,41.24,41.24,395,0
20090311,44,44,38.55,42.5,1582,0
20090312,43.2,43.2,41.97,42.5,232,0
20090313,42.5,42.5,42,42,400,0
20090316,41.4,41.4,41.4,41.4,511,0
20090317,41,41,38.99,40.64,417,0
20090318,40.02,40.49,40,40.49,117,0
20090319,38,40.99,38,39.02,1028,0
20090320,40,40,40,40,755,0
20090323,41.48,41.48,38,39.88,2101,0
20090324,39.99,39.99,38,38,1772,0
20090325,36.71,38.42,36.71,37.5,2835,0
20090326,38.2,38.3,36.2,36.2,3178,0
20090327,37.29,38,35.68,36,3170,0
20090330,37.97,38.95,36,36,5340,0
20090331,37.5,37.53,36.99,37,2097,0
20090401,37.25,37.7,37,37.7,1164,0
20090402,37.8,38.5,37.49,38.5,2658,0
20090403,38.59,38.9,37.39,38.5,3194,0
20090406,39.71,42.5,39.71,41,9151,0
20090407,42,42.15,40.11,42.15,4215,0
20090408,41.5,44,41.21,43,57346,0
20090409,42.7,44,42.7,44,33731,0
20090414,45,45.5,44.05,45,1007,0
20090415,44.3,45.3,44.3,45.3,3356,0
20090416,45.3,48.1,45.3,48.1,2652,0
20090417,50.7,51.9,50.25,51.9,295,0
20090420,52.9,54.2,51,51,689,0
20090421,52,54.9,51.2,54.9,6112,0
20090422,55,55.85,53.25,54.5,32258,0
20090423,56.2,59.1,50.75,54.6,1274,0
20090424,58.9,58.9,54,55,1302,0
20090427,53.7,54.95,53,54.95,420,0
20090428,52,54.8,52,53,505,0
20090429,51.75,54.75,51.75,54.75,249,0
20090430,54.75,54.75,53.05,54.6,481,0
20090504,54.9,54.9,53,53.05,826,0
20090505,52.5,53,50.1,53,516,0
20090506,51,52.5,51,52.5,983,0
20090507,52.5,52.5,51.05,52.5,140,0
20090508,50,52,50,52,655,0
20090511,51.9,52,51.6,52,1106,0
20090512,52.9,53,52,52,1252,0
20090513,50.7,55,50.7,53,1304,0
20090514,52.9,53,52.9,52.9,300,0
20090515,53,53,51.65,53,251,0
20090518,53,53,53,53,30,0
20090519,53.15,53.2,52.05,52.05,201,0
20090520,51.1,55.8,51.1,54.3,521,0
20090521,54.4,54.4,53.05,53.05,1227,0
20090522,54.45,54.45,53.1,53.1,960,0
20090525,53,54.45,53,54.45,21,0
20090526,54.4,54.4,52.7,53,1120,0
20090527,54.45,55,53.6,54.3,3886,0
20090528,55,55,54,54,139,0
20090529,55,55,54,54,184,0
20090601,54.95,54.95,54.5,54.5,292,0
20090602,55,55,55,55,2115,0
20090603,53.1,54.7,53.1,54.7,66,0
20090604,56,56,55,56,6307,0
20090605,58.85,58.85,56.1,58.1,240,0
20090608,58.8,58.8,55.15,55.15,143,0
20090609,59.25,60,55.3,58.5,313,0
20090610,56.5,57,56.15,56.15,100,0
20090612,54.1,58.45,54.1,55.65,35,0
20090615,55.8,59.9,55.8,58.5,373,0
20090616,59.35,59.35,57.9,59,228,0
20090617,59.35,59.35,58.5,58.5,5014,0
20090618,58,58,57.55,57.55,102,0
20090619,58.9,58.9,57.55,58.1,118,0
20090622,60,60,58.05,58.4,573,0
20090623,58.3,58.3,57.55,58.3,521,0
20090624,58.3,61.7,58.3,59,398,0
20090625,60.3,61,59.6,61,166,0
20090626,62,62.9,57.9,60.4,390,0
20090629,63,63,61.5,61.5,14,0
20090630,62.8,62.8,58.1,62.8,90,0
20090701,63,63.65,59.1,62.8,981,0
20090702,63,63,62.8,63,12,0
20090703,63,64.9,61,61,5510,0
20090706,57,61.6,57,60,304,0
20090707,60.9,60.9,59,60.85,116,0
20090708,60.5,61,60.5,61,39,0
20090709,59.55,59.85,56.5,59.75,1125,0
20090710,59.5,59.5,58.05,58.05,36,0
20090713,58,58.65,56.95,58.65,194,0
20090714,60,60,60,60,1,0
20090715,60,60,60,60,48,0
20090716,57.1,60,57.1,60,17,0
20090717,60,60,60,60,36,0
20090720,60,63,57.55,63,2065,0
20090721,64.5,64.5,62,64,82,0
20090722,64.9,64.9,63.45,63.45,10,0
20090723,66.9,66.9,64.2,66.8,420,0
20090724,66.9,68,66.8,68,202,0
20090727,68,73.7,64.3,69,350,0
20090728,71,71.95,66.2,69,346,0
20090729,63.1,70.15,63.1,70,853,0
20090730,71,71,68.7,71,1511,0
20090731,71.5,73.65,71.5,73.65,39279,0
20090803,75.95,75.95,74,74,555,0
20090804,75.7,76.6,69.45,70.95,383,0
20090805,72.95,72.95,70.35,70.75,934,0
20090806,71,71.65,68.5,71.35,1556,0
20090807,73,73,68.2,70.1,662,0
20090810,70.1,70.1,70.1,70.1,12728,0
20090811,67.2,70.05,67.2,70,313,0
20090812,69.8,69.8,69.8,69.8,1,0
20090813,69.8,69.8,68.6,69.6,522,0
20090814,69.6,69.6,69.55,69.55,26,0
20090817,69.5,69.5,69.5,69.5,9,0
20090818,69.35,69.35,69.3,69.3,2,0
20090819,69.45,69.45,69.45,69.45,205,0
20090820,69.4,69.4,65,68.9,4311,0
20090821,65.3,68.55,65.3,68.3,3264,0
20090824,68.3,68.3,66.7,68.3,739,0
20090825,68.3,69,67.15,69,2586,0
20090826,69,73,67.8,70.95,896,0
20090827,71.25,71.25,69,69.9,640,0
20090828,69.3,69.95,67.5,69.95,1652,0
20090831,70,70,69.8,70,1575,0
20090901,70,70,68.55,68.55,26,0
20090902,69,70,66.8,70,1361,0
20090903,70,70,67.3,70,444,0
20090904,70,70,68,70,271,0
20090907,70,70,70,70,100,0
20090908,71,71,71,71,121,0
20090909,70,71,70,71,101,0
20090910,71,71,68.6,69.95,923,0
20090911,69.95,69.95,67.5,69,1272,0
20090914,69,69.95,67.1,69.95,225,0
20090915,69.95,69.95,67.6,68.95,1634,0
20090916,69.9,69.9,67.5,68.35,1070,0
20090917,68.9,69,66.7,69,382,0
20090918,68.55,69,67.25,67.7,1389,0
20090921,69.85,69.85,69.85,69.85,55,0
20090922,69.5,69.5,67.5,68,781,0
20090923,69.85,69.85,67.5,67.5,283,0
20090924,67.95,67.95,65.5,65.95,1699,0
20090925,68,68,66.95,66.95,377,0
20090928,68.4,68.4,66.5,68.25,956,0
20090929,68.25,68.25,65.5,68,2124,0
20090930,68.4,68.4,65.7,66.45,1888,0
20091001,67,68,67,68,557,0
20091002,68,68,65.55,66.75,1182,0
20091005,68.9,69.9,68.35,68.35,84,0
20091006,66.8,68,66.75,67.7,437,0
20091007,67.7,67.7,67.7,67.7,57,0
20091008,67.7,67.95,66,67.85,260,0
20091009,67.9,67.9,66.3,67.85,273,0
20091012,67.8,67.8,63.8,67.45,681,0
20091013,67,67.15,65,67.15,315,0
20091014,66.55,67.55,66.05,67.25,1224,0
20091015,67.5,67.5,66.1,67.4,367,0
20091016,65.2,68,65.2,67.7,597,0
20091019,68.9,69,65.5,67.5,800,0
20091020,65.2,68.35,65.2,68,266,0
20091021,67.6,67.6,65.2,66.55,4622,0
20091022,66.6,68,64.4,64.4,2490,0
20091023,66.7,66.7,66.3,66.6,245,0
20091026,67.95,67.95,66.35,67.7,42,0
20091027,67.2,67.2,67.2,67.2,57,0
20091028,67,67,65.4,67,70,0
20091029,67.9,67.9,66.5,67,51,0
20091030,67.8,67.8,66.8,67.75,361,0
20091102,67.8,68,67.8,68,162,0
20091103,69.8,69.8,65.5,65.5,834,0
20091104,66.15,66.15,64.2,65.5,311,0
20091105,65.9,65.9,65.9,65.9,58,0
20091106,66,66,64.2,65.5,604,0
20091109,66,66,64.3,65.8,162,0
20091110,65.8,65.8,64.45,64.5,1524,0
20091112,62.65,65,62.65,64.4,749,0
20091113,64.4,64.4,62.65,62.8,884,0
20091116,64.4,64.4,64.4,64.4,111,0
20091117,64.15,64.2,63.5,63.5,221,0
20091118,63.5,63.5,63.5,63.5,60,0
20091119,62.85,63,60.5,63,590,0
20091120,63,64.15,63,64.15,100,0
20091123,64.6,64.6,63.55,64.5,405,0
20091124,62.5,64.7,62.5,64.7,486,0
20091125,64.7,64.7,63.7,64.7,421,0
20091126,64.7,64.7,64.7,64.7,70,0
20091127,64.7,65,64.7,64.7,117,0
20091130,65.5,66.7,65.5,66.7,87,0
20091201,67.4,67.4,67.4,67.4,35,0
20091202,64,68.9,64,67.05,266,0
20091203,68.8,69,68,69,152,0
20091204,73,73,67.3,72.6,303,0
20091207,72.9,72.9,67.6,72,220,0
20091208,72.95,72.95,70.3,72.9,270,0
20091209,73,73,70,72,302,0
20091210,71,72.7,71,72.6,235,0
20091211,71,71,70,71,627,0
20091214,71.95,71.95,71,71.55,196,0
20091215,71.9,71.9,71.5,71.55,10040,0
20091216,69,71.55,69,71.15,201,0
20091217,70,71.55,70,71.55,11405,0
20091218,71.5,72,71.2,71.2,1745,0
20091221,73,73,71.2,71.2,16,0
20091222,71.2,71.2,69.2,71,2707,0
20091223,71.2,71.2,69.2,70.8,728,0
20091228,72,72,68.6,68.8,2846,0
20091229,71,71,65.2,66.5,2866,0
20091230,68,68,64.2,65,6113,0
20091231,67.85,67.85,64.9,65,4112,0
20100104,65,67.35,64.3,67.35,340,0
20100105,68.1,72,68.1,69,234,0
20100106,67.3,70.8,67.3,69,2181,0
20100107,70.8,70.8,67.05,68.4,13541,0
20100108,66.25,68.25,66.25,68.25,20647,0
20100111,68.5,68.5,66.55,68.5,129,0
20100112,66.2,68.55,66.2,68.55,107,0
20100113,66.5,68.6,66.5,68.6,325,0
20100114,68.5,68.5,66.5,68.4,144,0
20100115,68.4,68.4,66.55,68.4,237,0
20100118,68.4,68.4,67.2,68.3,138,0
20100119,68.4,68.4,67.2,67.2,148,0
20100120,68.3,68.35,67.2,67.2,114,0
20100121,68.35,68.35,66.3,68.35,151,0
20100122,65.55,68.35,65.55,68.35,310,0
20100125,68.35,68.35,66.1,67.9,155,0
20100126,68.5,68.5,66.8,67.9,91,0
20100127,66.25,67.65,66.25,67.65,262,0
20100128,67.9,68,67,68,142,0
20100129,66.7,68.3,66.7,68.3,1127,0
20100201,68.95,68.95,67.2,68.9,132,0
20100202,68.95,68.95,68,68.2,164,0
20100203,69.9,69.9,67,67,13,0
20100204,68,68,66.3,68,148,0
20100205,68,71,68,68,267,0
20100208,69.3,69.3,69.3,69.3,7,0
20100209,70,70,67.5,70,86,0
20100210,68,70,68,70,44,0
20100211,70,70,68,70,82,0
20100212,68.15,70.2,68.1,70.1,140,0
20100215,68.2,69,68.2,68.2,132,0
20100216,69,69.95,66.65,69.95,844,0
20100217,68.1,70.1,68.1,70.1,167,0
20100218,68.95,69.3,68.95,69.3,58,0
20100219,67.5,69.5,67.5,69.5,142,0
20100222,69.2,69.2,67.75,69,2170,0
20100223,69,69,69,69,14,0
20100224,66.95,67,66.7,67,510,0
20100225,67.35,68,67,67,133,0
20100226,67.05,68,65.25,68,280,0
20100301,68,69.5,67.9,69.5,107,0
20100302,68,69.5,68,69.5,2,0
20100303,69.5,69.5,69.5,69.5,1,0
20100304,69.5,69.5,67.45,67.5,191,0
20100305,68.9,68.9,66.8,67.5,490,0
20100308,67.5,68.5,67.5,68.5,165,0
20100309,68.5,68.5,65.7,66.3,596,0
20100310,67.95,67.95,67.95,67.95,168,0
20100311,68.5,68.5,66.6,66.6,662,0
20100312,68.5,68.5,68,68,1328,0
20100315,66.45,68.5,66.45,68.5,101,0
20100316,68.5,68.5,68.5,68.5,2300,0
20100317,68.5,68.5,68.5,68.5,1,0
20100318,68.5,69,68.5,69,34,0
20100319,67,70,66.95,70,282,0
20100322,70.1,70.1,69,69,10225,0
20100323,68.75,68.75,67.4,67.5,4315,0
20100324,69.45,69.45,67,67,302,0
20100325,67,67,64.2,66.5,857,0
20100326,69,69,67.5,67.5,85,0
20100329,66.95,69.1,66.95,69.1,2179,0
20100330,69.1,69.1,67,67,810,0
20100331,66.5,66.5,65,65.9,1942,0
20100401,68,68,67.9,67.9,211,0
20100406,67.9,67.9,66.5,66.5,43969,0
20100407,67.85,68,67,67,7873,0
20100408,68.55,68.55,67.2,67.2,121,0
20100409,67.2,67.2,66.35,66.35,3101,0
20100412,68.5,68.5,66.6,66.6,18,0
20100413,68.5,68.5,66.55,66.55,1061,0
20100414,68.15,68.15,68.15,68.15,1,0
20100415,68.1,68.1,68.1,68.1,2,0
20100416,68.05,68.05,66.5,66.5,25001,0
20100419,68.35,68.35,65,65,137,0
20100420,65.05,67,65.05,67,98,0
20100421,65.15,68,65.15,66,190,0
20100422,68,68,68,68,1,0
20100423,67.5,67.5,64.05,66.5,376,0
20100426,65.2,68,65.2,68,141,0
20100427,68,68,68,68,288,0
20100428,68.2,68.5,65.25,68.2,176,0
20100429,65.8,67.8,65.8,67.8,101,0
20100430,65.1,68.2,65.1,66,462,0
20100504,67.95,67.95,66.05,66.05,19,0
20100505,65.95,65.95,63.95,63.95,682,0
20100506,65.2,65.2,63,63,201,0
20100507,63,63,61,62,40074,0
20100510,65,65,64,64,79,0
20100511,66.35,66.35,62.55,62.55,19,0
20100512,68,68,65,65,164,0
20100513,66.15,67.2,65.5,67.2,40,0
20100514,67.8,67.8,66.15,66.15,9,0
20100517,67,67,62.05,62.05,3,0
20100518,66.8,66.8,66.8,66.8,100,0
20100519,66.8,66.8,65.2,66.8,152,0
20100520,66.8,66.8,66.7,66.7,110,0
20100521,65.75,65.75,62.05,64.45,510,0
20100524,62.5,64.45,62,62.5,522,0
20100525,66.5,66.5,64,64,191,0
20100526,64.2,64.2,64.1,64.1,451,0
20100527,65.9,65.95,65.9,65.95,100,0
20100528,65.95,65.95,64.35,65.5,109,0
20100531,65.95,66.15,65.95,66.15,358,0
20100601,67.15,67.15,66,66,11,0
20100602,67.5,67.5,66.8,66.8,1011,0
20100604,66.85,66.85,65.5,65.5,102,0
20100607,67.5,67.5,65.9,65.9,9,0
20100608,67.8,67.8,67.8,67.8,1,0
20100609,67.5,67.5,67.5,67.5,50,0
20100610,66.95,67.9,65.5,67.9,186,0
20100611,67.9,67.9,67.5,67.5,68,0
20100614,67.8,67.8,67.8,67.8,1,0
20100615,65.5,67.5,65.5,67.4,42,0
20100616,67.9,67.9,67.9,67.9,10,0
20100617,67.3,67.3,65.5,67.3,234,0
20100618,67.9,67.9,67.9,67.9,100,0
20100621,66.25,67.9,66.25,67,5,0
20100622,67.9,67.9,67.9,67.9,186,0
20100623,68,68,68,68,1,0
20100624,68,68.55,64.65,68.45,342,0
20100625,68.5,68.5,68.5,68.5,1,0
20100628,68.45,68.45,68.45,68.45,1,0
20100629,68.55,68.55,68.55,68.55,1,0
20100630,62.2,68.3,62.2,68.3,1013,0
20100701,68.3,68.3,68.3,68.3,89,0
20100702,64.85,68.3,64.85,68.3,131,0
20100705,68.3,68.3,68.3,68.3,58,0
20100706,68,68.3,65.2,68.3,160,0
20100707,65.25,68.3,65.25,68.3,180,0
20100708,68.3,68.3,68.3,68.3,168,0
20100709,68.3,68.3,68.3,68.3,1,0
20100712,65.2,68.3,65.2,68.3,296,0
20100713,68.3,68.3,68.3,68.3,89,0
20100714,68.3,68.3,65.25,68.3,228,0
20100715,65.3,68.3,65.3,68.3,6,0
20100716,65.5,68.3,65.5,68.3,102,0
20100719,68.2,68.2,68.2,68.2,1,0
20100720,68.3,68.3,65.7,68.3,354,0
20100721,68.3,68.3,68,68.2,137,0
20100722,68.25,68.25,67.5,67.5,91,0
20100723,68,68,65.5,68,130,0
20100726,68,68.3,65.35,66.3,353,0
20100727,68.3,68.3,65.9,67,302,0
20100728,68.05,68.05,66.1,68.05,149,0
20100729,68.05,68.05,68.05,68.05,1,0
20100730,68.05,68.1,68.05,68.1,200,0
20100802,68,68,66.7,68,14,0
20100803,68.05,68.05,68,68,45,0
20100804,68,68,66.2,67.95,326,0
20100805,68,68,68,68,1,0
20100806,68.7,68.7,68.7,68.7,293,0
20100809,68.8,68.8,67,68.65,52,0
20100810,68.8,68.8,68.8,68.8,20,0
20100811,66.6,67.95,66.4,67.95,1110,0
20100812,68,68,66.1,67,206,0
20100813,67.95,67.95,67.95,67.95,10,0
20100816,66,67.85,66,67.85,101,0
20100817,66.1,67.95,66.1,67.85,260,0
20100818,67.85,67.85,66.1,67.75,12,0
20100819,67.9,67.9,67,67,145,0
20100820,67,67,67,67,2,0
20100823,67,67,64.35,66.35,215,0
20100824,66.95,66.95,64.7,66.95,228,0
20100825,66.95,66.95,66.95,66.95,1,0
20100826,66.95,66.95,66.8,66.8,79,0
20100827,66.85,66.9,66.85,66.85,140,0
20100830,65.3,66.95,63.8,66.55,869,0
20100831,67,67.45,67,67.45,450,0
20100901,68.2,68.2,68.2,68.2,1,0
20100902,68.2,68.2,67.95,67.95,3024,0
20100903,68.15,68.15,67.95,67.95,16,0
20100906,67.5,67.5,67.5,67.5,1,0
20100907,67.5,68,67.5,68,33,0
20100908,68.1,68.1,68.1,68.1,72,0
20100909,68,68,68,68,1,0
20100910,67.95,67.95,65,67,255,0
20100913,67,67,67,67,1,0
20100914,67.9,67.9,65.75,65.75,46,0
20100915,67.9,67.9,65,65.15,261,0
20100916,67.8,67.8,65,67.65,46,0
20100917,67,67,67,67,100,0
20100920,67,67,67,67,1,0
20100921,67,67,67,67,1,0
20100922,67,67,67,67,10,0
20100923,65.4,66,62,64.5,2391,0
20100924,64.65,64.65,64.65,64.65,60,0
20100927,63,65,61.65,64.9,458,0
20100928,64.95,65,64.85,64.95,601,0
20100929,64.95,65,63.95,63.95,1900,0
20100930,63.95,63.95,63.8,63.8,1351,0
20101001,63.9,63.9,63.9,63.9,600,0
20101004,61.5,63.8,61.5,63.8,102,0
20101005,63.8,63.9,63.8,63.9,71,0
20101006,63.9,63.9,62.5,62.9,1011,0
20101007,62.5,62.5,61,61,174,0
20101008,63.85,63.85,57,57.5,680,0
20101011,62.1,62.1,59.85,59.85,9,0
20101012,59.7,59.7,59.35,59.35,77,0
20101013,59.25,59.35,59.25,59.35,228675,0
20101014,60,61.4,60,61,301,0
20101015,61.45,64,61.1,61.5,681,0
20101018,64,64,63.95,63.95,361,0
20101019,64,64,62,62.1,371,0
20101020,63.8,63.8,63.5,63.8,193,0
20101021,63.95,63.95,63.95,63.95,1,0
20101022,63.9,63.9,63.8,63.85,263,0
20101025,63,63,60.5,60.5,867,0
20101026,60.95,61.65,60.95,61.65,86,0
20101027,61,61,61,61,105,0
20101028,58.7,59.5,58.7,59.5,30001,0
20101029,59.3,61,59.3,60.85,1303,0
20101102,60.8,60.8,59.5,59.5,3268,0
20101103,60.8,60.8,59.5,60.8,10069,0
20101104,60.7,60.7,59.55,60.5,161,0
20101105,59.55,60,59.5,60,246,0
20101108,60.55,60.55,60.5,60.5,110,0
20101109,60.55,61,60.55,61,1247,0
20101110,61,61,61,61,315,0
20101112,61,61,59.5,60.45,50356,0
20101115,60.9,60.9,60.4,60.4,265,0
20101116,60.45,60.45,59.5,59.5,179,0
20101117,59.95,59.95,58.5,58.5,25315,0
20101118,59.85,59.85,59.85,59.85,1,0
20101119,59.45,59.65,58.5,58.5,137,0
20101122,58.5,58.5,58.2,58.2,181,0
20101123,58,58,58,58,1,0
20101124,58.5,58.5,58.5,58.5,24,0
20101125,59.9,59.9,59,59,41,0
20101126,59,59,58.75,58.75,21,0
20101129,58.75,58.75,58.75,58.75,29,0
20101130,58.1,58.5,58.1,58.5,62,0
20101201,58.15,58.15,58.15,58.15,1,0
20101202,58.05,58.05,58.05,58.05,1,0
20101203,59.8,60,59.8,60,470,0
20101206,61.5,61.5,61,61,31,0
20101207,61,61,60.3,60.9,1126,0
20101208,60.9,60.9,59.9,60.9,399,0
20101209,60.9,60.9,60.15,60.9,1309,0
20101210,60.9,61.9,60.1,61.9,1688,0
20101213,61.9,62.4,61.9,62.4,533,0
20101214,63,63.7,62.5,63.7,25203,0
20101215,63.7,63.85,62.95,63.85,512,0
20101216,63.7,64.05,63.4,63.4,23672,0
20101217,64,64.65,63.4,63.4,10869,0
20101220,63.35,64.55,63.35,64.55,2198,0
20101221,64.55,64.55,63.5,63.5,7007,0
20101222,64.55,67.7,64,65,9482,0
20101223,67.7,67.8,65.95,67.8,1723,0
20101227,67.8,68.7,64.7,64.7,18644,0
20101228,65,66,64,64.05,15477,0
20101229,65.95,65.95,63.9,64.2,50166,0
20101230,66.3,68,65,67.5,52647,0
20101231,66.75,66.9,66,66.5,42755,0
20110103,67.9,67.9,66.9,67.5,234,0
20110104,67.8,68,67.8,68,696,0
20110105,68.5,69,68.5,68.5,1353,0
20110107,66.75,69.8,66.75,69.6,394,0
20110110,68.9,68.9,67.3,68.45,42,0
20110111,67.9,68,67.5,68,152,0
20110112,67.95,68,67.95,68,336,0
20110113,68.95,68.95,66.8,67.95,234,0
20110114,66.3,69.4,66.3,68.4,938,0
20110117,68.4,68.9,68.4,68.9,281,0
20110118,69.4,69.4,68.8,68.8,62,0
20110119,68.9,68.9,68.8,68.8,2,0
20110120,68.7,68.85,67.3,68.85,250,0
20110121,68.75,68.75,68.75,68.75,1,0
20110124,68.75,68.75,68.75,68.75,1,0
20110125,68.75,68.8,68.3,68.8,62410,0
20110126,69.85,71,67.25,69.95,585,0
20110127,69.85,70.75,69.15,70.75,312,0
20110128,72,72,70,70,10107,0
20110131,71.9,71.9,68.05,69,539,0
20110201,69.95,71,69.8,70.9,2661,0
20110202,70.85,70.9,70,70,2237,0
20110203,70.9,73.75,70.9,73,28859,0
20110204,73,79.9,73,77.9,4015,0
20110207,78.7,78.9,76,76.5,1478,0
20110208,76.7,77.85,76.7,76.8,496,0
20110209,76.8,76.8,74.1,74.95,2256,0
20110210,74.2,77.8,73,74.25,3988,0
20110211,74,76,73.15,76,191,0
20110214,76,76,72.7,74.85,298,0
20110215,74.85,75,74.5,75,34,0
20110216,75.5,75.5,75.5,75.5,1,0
20110217,75.5,75.5,71.45,73,1920,0
20110218,73,74.7,73,74.5,396,0
20110221,74.5,74.65,73,74.6,1761,0
20110222,74.65,74.65,74.65,74.65,61,0
20110223,74.6,74.6,73.5,74.5,22,0
20110224,74.6,74.6,72.9,74.3,2597,0
20110225,74.55,76,74.55,76,10717,0
20110228,76,77.5,75.05,77.5,5104,0
20110301,77.8,77.8,77,77,153,0
20110302,76.9,77,76.9,77,29,0
20110303,74.05,76.8,74.05,76.8,308,0
20110304,76.45,76.95,76,76.95,3821,0
20110307,76.95,76.95,74,76.95,5135,0
20110308,76.85,76.85,76.85,76.85,100,0
20110309,76.9,76.9,75.1,76.9,131,0
20110310,76.9,76.9,76.9,76.9,2,0
20110311,76.9,76.9,75.9,76.85,129,0
20110314,73.1,76.85,73.1,76.8,1123,0
20110315,76.75,76.75,73.5,76.75,249,0
20110316,77,77,74.7,75.65,289,0
20110317,75.5,76,74,74.95,152,0
20110318,75.65,75.65,75,75,23294,0
20110321,77,77,77,77,1,0
20110322,76.95,76.95,74,76.5,2332,0
20110323,76.5,76.5,76,76,84,0
20110324,76.5,76.5,76.5,76.5,1,0
20110325,76.1,79.7,76.1,79.7,609,0
20110328,79.7,79.7,77.5,78.05,208,0
20110329,78,78,75.15,77.85,61,0
20110330,78,78.05,77,78.05,468,0
20110331,78.05,78.05,77.65,78.05,324,0
20110401,78.05,78.05,78.05,78.05,30,0
20110404,78.7,78.7,78.7,78.7,2,0
20110405,78.7,78.75,75.3,78.75,3580,0
20110406,78.75,80,77.3,79.45,13096,0
20110407,79,80,77.35,80,6766,0
20110408,80.05,82,80,80.5,183,0
20110411,80.9,80.9,78.9,80,1425,0
20110412,80,80,78,79,1167,0
20110413,79.75,79.9,79.75,79.9,1722,0
20110414,80,80.8,78.6,80,191,0
20110415,78.65,80,78.65,79.9,2811,0
20110418,80.3,80.3,78.5,80,1406,0
20110419,80,80.5,78.15,80.3,1020,0
20110420,81.9,81.9,79.9,80.7,12796,0
20110421,81.9,81.9,80,80,388,0
20110426,80.8,80.9,80,80.7,304,0
20110427,80.8,80.8,80.5,80.5,56,0
20110428,80,81.9,79.05,81.9,5418,0
20110429,81.9,81.9,80.05,81.9,15476,0
20110502,82,90,81,81,1355,0
20110504,83.85,83.85,80,81.85,237,0
20110505,81.85,81.85,81.85,81.85,8,0
20110506,80.95,86,80,86,1402,0
20110509,85.9,85.9,83,85,379,0
20110510,86,86,82.3,85,20724,0
20110511,86,86.4,84,86.4,9291,0
20110512,86.9,86.9,82.7,82.7,2465,0
20110513,86,86,78.25,80,8031,0
20110516,80,81.5,79.9,80.8,302,0
20110517,81.4,81.4,80.85,81.4,37,0
20110518,80.75,81.25,79.9,81.05,2134,0
20110519,81.1,81.1,80,80,3342,0
20110520,80.4,86,80.4,84,560,0
20110523,84.5,84.5,80,80,2028,0
20110524,81,81,79.05,80.95,331,0
20110525,81,81,79.2,81,19,0
20110526,81,81,79.6,80,79,0
20110527,81,81,79,81,172,0
20110530,80.75,85,78.15,85,588,0
20110531,84.75,85,82.8,84.95,3214,0
20110601,84.8,84.8,84.5,84.7,525,0
20110602,84.5,84.5,81.05,84,453,0
20110603,84,84,82,83.9,73,0
20110606,84.6,84.6,84.6,84.6,3,0
20110607,82.15,84.3,82.15,84.3,518,0
20110608,84.9,84.9,81.65,84.4,132,0
20110609,83.9,83.9,83.9,83.9,36039,0
20110610,83.85,83.9,83.85,83.9,27,0
20110613,83.85,83.9,82.65,83.9,120,0
20110614,84.45,84.45,83.9,83.9,203,0
20110615,83.85,83.85,83,83.7,16,0
20110616,84.45,84.45,81.3,83.6,26,0
20110617,83.05,83.5,81.05,83.5,2098,0
20110620,83.5,83.5,81.1,81.5,212,0
20110621,81.5,82.95,81.05,82.95,128,0
20110622,82.9,82.95,82.9,82.95,41,0
20110624,85.45,85.45,83.4,83.4,7,0
20110627,83.4,83.4,83.4,83.4,14,0
20110628,83.4,83.4,81.05,83.35,31,0
20110629,84.15,84.15,84.15,84.15,1,0
20110630,83.95,83.95,83.95,83.95,2,0
20110701,83.55,83.55,83.55,83.55,1,0
20110704,82.95,82.95,82.95,82.95,1,0
20110705,81.55,83.5,80,81.75,358,0
20110706,83,83,79.4,82.5,42,0
20110707,81.95,81.95,81.95,81.95,1,0
20110708,78.35,81.9,78.05,78.6,1404,0
20110711,79.9,79.9,74,78.5,4628,0
20110712,78.8,78.8,76.1,77.1,605,0
20110713,74.4,77.45,74.4,74.6,454,0
20110714,78.95,78.95,74.95,77.4,57,0
20110715,77.4,77.4,75,76.8,216,0
20110718,76.8,76.8,76.8,76.8,420,0
20110719,77.9,77.9,77.9,77.9,1,0
20110720,76.8,76.8,76.8,76.8,7,0
20110721,77.9,77.9,77.9,77.9,1,0
20110722,77.9,77.9,77.8,77.85,31,0
20110725,79.95,79.95,79.95,79.95,2,0
20110726,79.95,79.95,79.95,79.95,1,0
20110727,79.9,79.9,76.3,78.05,118,0
20110728,75,79.5,75,79.5,713,0
20110729,79.9,79.9,77,77.95,658,0
20110801,78.15,78.15,78.15,78.15,1,0
20110802,78.15,79.9,78.15,79.9,2,0
20110803,79.9,79.9,73.1,74.5,458,0
20110804,74,74,69.2,72.5,2471,0
20110805,72.5,72.5,72.5,72.5,1,0
20110808,65,71.75,65,70,1013,0
20110809,66,70,66,69,2245,0
20110810,66,71.3,66,66,595,0
20110811,66,68,60.95,68,6264,0
20110812,66,68.05,66,68.05,105,0
20110816,71,74.05,70,70,196,0
20110817,70,75.85,69.15,69.25,117,0
20110818,70,70,66,66,656,0
20110819,65,70,62.7,67,172,0
20110822,71.8,71.8,69.8,69.8,55,0
20110823,71.85,71.85,66.05,69,303,0
20110824,70.1,70.1,67.1,67.1,15,0
20110825,68.7,68.7,63.05,67.1,392,0
20110826,67.1,70.55,66,70.55,383,0
20110829,71,72,69.5,71.45,1516,0
20110830,71.5,73.5,67.2,73.5,9241,0
20110831,75.85,75.85,70.65,73,20522,0
20110901,76,76,72,75,304,0
20110902,73.2,73.2,72,72,62,0
20110905,75,75,68.25,71.5,190,0
20110906,71.5,71.5,70.4,71.5,86,0
20110907,71.15,71.9,67.15,69.25,803,0
20110908,70.9,70.9,67.05,67.5,345,0
20110909,70.9,72.45,63,66.65,1344,0
20110912,71.4,71.4,63.2,64.65,718,0
20110913,65.75,67.5,62,63,10376,0
20110914,63.55,65.65,62.4,63.9,5105,0
20110915,62.2,63.4,62,63.4,2636,0
20110916,63.5,63.65,63.5,63.65,37,0
20110919,63.5,63.5,61,63.4,119,0
20110920,64.95,64.95,62.3,63.35,609,0
20110921,63,63.2,62,63.2,60478,0
20110922,63,63,60.85,60.85,2307,0
20110923,60.85,63.3,59.5,63.25,5723,0
20110926,59,64.85,59,64.85,440,0
20110927,63,63.8,62.5,63.7,1376,0
20110928,63,63.1,62.5,63,2898,0
20110929,63,63.35,63,63,4310,0
20110930,61.1,67,61.1,63.5,5194,0
20111003,61,64.45,61,61.9,96,0
20111004,61.2,63.4,61,61,985,0
20111005,61,62.85,61,62.85,250,0
20111006,65,65,61.3,62.85,66,0
20111007,63,63,62.85,62.85,34,0
20111011,63,63,62.5,63,311,0
20111012,61.5,62.9,61.5,62.9,22,0
20111013,62.9,63,61.6,62.8,443,0
20111014,62.9,62.9,62.9,62.9,33,0
20111017,61.2,62.9,61,61,1614,0
20111018,62,62,61.75,61.75,36,0
20111019,62,62,56,61.5,334,0
20111020,61,61,60.5,60.5,7,0
20111021,59.5,60,59.5,60,1230,0
20111024,59,62,59,61,10466,0
20111025,59.9,61,59.9,61,226,0
20111026,60,63,59.5,63,2016,0
20111027,60.2,66.2,60.2,62,6222,0
20111028,62.1,68.2,62,62,3703,0
20111031,63,68,63,68,4702,0
20111102,62,65.5,62,64.1,2231,0
20111103,65,65,64.1,64.1,138754,0
20111104,64.5,65,64.1,65,7202,0
20111107,65,65,64,64,2,0
20111108,63.5,65,63.5,65,1511,0
20111109,65,65,63.55,63.55,109,0
20111110,64,64.4,63,64.4,74,0
20111114,64.4,67.5,64.2,67.5,67,0
20111115,63,67,63,67,16,0
20111116,63.15,65,63.15,65,60450,0
20111117,66.8,66.8,63.75,63.8,15243,0
20111118,63.75,64,62.85,62.85,10012,0
20111121,65,65,60,60,222,0
20111122,61.8,63.3,58,58,372,0
20111123,61.9,61.9,59,60,1077,0
20111124,61.8,63,61.8,61.95,30076,0
20111125,63.45,63.45,61.2,61.2,102,0
20111128,59.1,63.6,59.1,60,663,0
20111129,62.45,63,60.8,60.8,1258,0
20111130,63.9,65,63,65,527,0
20111201,61,66.35,61,62.65,229,0
20111202,65.4,65.4,60.6,60.6,151,0
20111205,60.2,62.55,60.2,60.25,243,0
20111206,60,61,60,61,3102,0
20111207,61.3,61.3,61.3,61.3,50,0
20111208,62,62,62,62,2,0
20111209,62,62,61,61,32,0
20111212,61.75,61.75,60.5,60.9,5017,0
20111213,61.8,61.8,60.2,61.5,51,0
20111214,61.4,61.4,61.4,61.4,1,0
20111215,60.05,61,60.05,61,31,0
20111216,61.15,67,61.15,64,713,0
20111219,64.05,64.5,61.35,64.5,277,0
20111220,64.5,64.5,64.5,64.5,1,0
20111221,64.5,64.5,60,63.7,42664,0
20111222,63.75,63.95,63.45,63.65,1102,0
20111223,63.65,64.9,62.2,64.9,1546,0
20111227,64.85,64.85,63.3,63.4,553,0
20111228,63.45,64.35,63.45,64.35,101,0
20111229,64.35,64.35,63.9,63.9,1012,0
20111230,62.15,64.5,62.15,64.5,1013,0
20120102,64.45,65.5,64.45,65.5,92,0
20120103,65,65,63.55,65,7,0
20120104,63.4,64.9,63.4,64.9,11,0
20120105,65,65,63.5,63.95,528,0
20120109,62.25,63.95,62.25,63.95,4,0
20120110,64.3,64.3,64.3,64.3,2,0
20120111,62.2,62.5,61,61.45,1287,0
20120112,60.9,62.3,60.4,62.3,1095,0
20120113,62.25,64.85,61.3,61.3,1300,0
20120116,62.8,62.8,61,61,108,0
20120117,63.25,63.25,61.6,62.8,68,0
20120118,62.5,62.5,62.5,62.5,1,0
20120119,62,62,61.05,61.3,40573,0
20120120,60.85,60.85,60.8,60.8,137,0
20120123,60.8,61.25,60.35,61.25,181,0
20120124,61.25,61.8,61.25,61.8,18,0
20120125,61,61.5,61,61.5,15,0
20120126,61.6,61.6,61.45,61.5,366,0
20120127,61.45,61.5,61.45,61.5,331,0
20120130,61.6,61.6,60.05,61.4,505,0
20120131,61.45,61.5,61.45,61.5,4100,0
20120201,61.5,61.5,61.5,61.5,3651,0
20120202,61.5,61.5,60.65,60.9,82143,0
20120203,60.9,64.8,60.9,64.8,14742,0
20120206,65.5,65.5,63,65.4,7801,0
20120207,65.95,66.8,65.75,66.8,648,0
20120208,66.9,66.9,66,66,333271,0
20120209,66,66.9,65.3,66,291682,0
20120210,66.45,67,66,67,106415,0
20120213,67,67.8,67,67.8,357,0
20120214,67.8,68.5,67.05,68.5,214,0
20120215,69,70,69,70,674,0
20120216,69,69.9,69,69.9,11646,0
20120217,70,73.3,70,73.3,2759,0
20120220,74.95,74.95,71,72,997,0
20120221,71.6,71.6,70.05,71.2,109,0
20120222,70.1,71,70,71,87596,0
20120223,70,73,70,73,693,0
20120224,74,74,74,74,106,0
20120227,73.95,73.95,71,71.3,786,0
20120228,70.05,73.05,70.05,72,1186,0
20120229,73,73,71.5,73,1472,0
20120301,70.15,71.95,70.05,70.55,3608,0
20120302,70.6,72.65,70.6,72.55,11047,0
20120305,70.05,73.1,70.05,73.1,144,0
20120306,73.1,73.45,70.9,73.45,1364,0
20120308,72.95,76,72.95,76,519,0
20120309,76,76,76,76,28,0
20120312,74.95,78,74,74,582,0
20120313,74.6,76,74.15,76,455,0
20120314,78,78.6,74.55,77.85,842,0
20120315,76.95,76.95,74,74,551,0
20120316,74.75,74.75,72,73.5,2310,0
20120319,71.75,72.8,69,70.8,2561,0
20120320,70,70,70,70,20,0
20120321,72.95,72.95,70.8,70.8,57,0
20120322,69,73.7,68.95,73.4,5139,0
20120323,71.55,71.9,68.1,71.9,421,0
20120326,71.8,71.8,69.1,71.35,3057,0
20120327,69.1,71.95,69.1,71.3,3106,0
20120328,71.95,71.95,69.35,70.95,38178,0
20120329,69.9,69.95,68.55,69.85,58904,0
20120330,69.85,70.85,69.75,70.85,6073,0
20120402,70,70.45,68.8,70.45,3797,0
20120403,70.4,70.4,70.4,70.4,121,0
20120404,70.15,71.15,68.2,71.15,181,0
20120405,71.15,71.15,71.15,71.15,14,0
20120410,71.5,71.5,69.2,69.2,14,0
20120411,67.6,71.2,67.5,71.2,1428,0
20120412,71.2,71.2,69,69,1439,0
20120413,69.95,69.95,68.35,68.35,156,0
20120416,64,68.95,64,67.8,509,0
20120417,63.2,69.9,63.2,68,2915,0
20120418,67,68.7,67,68.7,232,0
20120419,68.6,68.9,66,66,1076,0
20120420,66,66,63.35,64.5,331,0
20120423,68,68,62,64.45,258,0
20120424,67.95,67.95,66,66,20,0
20120425,65,65,63.45,65,6,0
20120426,64.95,64.95,64.95,64.95,2,0
20120427,64.95,67.95,63,63,186,0
20120430,65.35,68.8,65.35,68,2580,0
20120502,71.35,71.35,66,66.5,1162,0
20120504,66.5,66.5,66.5,66.5,2,0
20120507,62.85,66.5,62.85,66.5,205,0
20120508,62,68.65,62,65,256,0
20120509,65.7,65.7,63.05,63.05,55,0
20120510,67.8,67.8,60.05,63.5,305,0
20120511,67.8,67.8,60,60,744,0
20120514,66,66,62.9,62.9,810,0
20120515,62.9,62.9,62.9,62.9,2,0
20120516,62.75,62.8,59.1,62.8,3534,0
20120517,61.9,62.75,58.85,62.75,303,0
20120518,62.9,63,61.5,63,572,0
20120521,62.65,66.1,61.05,61.05,659,0
20120522,62,63.95,61,63.6,802,0
20120523,66.9,66.9,58,58,120,0
20120524,63,63,58.1,58.1,7885,0
20120525,58.5,62.3,58.5,61.05,833,0
20120528,65.95,65.95,60.75,60.75,131,0
20120529,65.95,65.95,64.2,64.2,226,0
20120530,68,68,64.2,64.2,426,0
20120531,65.5,65.5,62,65.4,1485,0
20120601,65.25,65.7,63.5,65.7,866,0
20120604,65.9,65.9,64,64.5,205,0
20120605,65.8,65.8,59.5,59.5,202,0
20120606,64,64.9,63.5,64,2066,0
20120608,65,65.45,60.1,63.2,420,0
20120611,64.85,65.8,63,63,831,0
20120612,65.9,65.9,65.9,65.9,200,0
20120613,65,65.95,64.7,64.7,318,0
20120614,69,69,65.05,65.05,112,0
20120615,65.1,65.4,64,64,430,0
20120618,64.5,64.5,64.05,64.05,565,0
20120619,64.5,64.5,64,64.5,1346,0
20120620,64.5,64.5,64.5,64.5,18,0
20120621,64.45,64.45,64.45,64.45,111,0
20120622,64.45,64.5,64.45,64.5,501,0
20120625,65.15,65.15,64.5,64.6,560,0
20120626,68.9,68.9,64.7,64.7,132,0
20120627,67.3,67.3,65.8,66,19,0
20120628,68.8,68.8,62.6,65.95,189,0
20120629,67.9,67.9,66.2,66.2,338,0
20120702,64.1,67,64.1,64.1,3055,0
20120703,65,65,65,65,600,0
20120704,65,65,64.1,64.1,28,0
20120705,66.5,66.5,65,65.5,238,0
20120706,65.6,66.35,65.6,66,209,0
20120709,66,66,63,63,195,0
20120710,63.5,63.9,62.55,63.9,1309,0
20120711,63.9,63.9,61,62.5,1124,0
20120712,62.5,62.5,60,62.5,5024,0
20120713,60,62.5,60,62.5,1202,0
20120716,62.5,62.5,62,62,701,0
20120717,62.5,62.5,60.5,60.5,201,0
20120718,62.5,62.6,62.5,62.6,3700,0
20120719,62.55,62.6,62,62.6,1848,0
20120720,62,64.7,62,64.7,366,0
20120723,66.75,66.75,64.5,64.5,122,0
20120724,62.05,64.2,62.05,64.2,121,0
20120725,66,70.5,62.9,67,479,0
20120726,67,67,65.7,67,73,0
20120727,71.25,71.25,68,69,32,0
20120730,71,71,67.3,71,4,0
20120731,65.6,71.2,65.6,70.8,51,0
20120801,70.5,70.5,68.8,68.8,16,0
20120802,68.45,68.45,65,65,98,0
20120803,66.35,66.35,62,65.5,396,0
20120806,67.8,67.8,67.8,67.8,1,0
20120807,67.85,67.85,64.35,65.5,487,0
20120808,62,64.95,62,64.95,777,0
20120809,61,64.9,61,64.85,1300,0
20120810,64.85,64.85,62,62,155,0
20120813,62,62.9,62,62.9,515,0
20120814,63,63,63,63,202,0
20120816,63.1,65,63,63,21807,0
20120817,63,64.75,61.2,64.75,478,0
20120820,64.75,64.75,64.75,64.75,1,0
20120821,64.5,64.7,62.15,64.7,9,0
20120822,64.7,64.7,63.8,63.8,70,0
20120823,64.5,64.5,62,62,1290,0
20120824,63,63,62.5,62.5,7,0
20120827,62.5,62.5,59.35,59.4,1342,0
20120828,61.95,61.95,60,60,204,0
20120829,60.7,60.7,60.7,60.7,2,0
20120830,60.6,60.6,54.55,56.5,9795,0
20120831,56.5,56.5,54.55,56.5,2174,0
20120903,55.65,55.65,55.2,55.2,1347,0
20120904,54,54.5,53,54.5,744,0
20120905,54.95,54.95,52.8,54,621,0
20120906,54.35,54.35,53,53,71,0
20120907,54,54,53,53,50,0
20120910,53.8,53.8,50.2,50.35,11,0
20120911,51.35,52,47,52,2466,0
20120912,55,55,52,53,995,0
20120913,55,55,50.6,52.85,436,0
20120914,52.8,55,51.3,54.75,1858,0
20120917,55,55,51.2,51.2,4367,0
20120918,52.75,52.75,51.2,51.2,2576,0
20120919,51.2,52.45,50.7,52.45,605,0
20120920,52.5,52.5,50.75,52.4,2011,0
20120921,52.4,54.7,51.1,54.7,1669,0
20120924,54.7,54.7,52.1,53.5,1199,0
20120925,52.25,54,52.25,52.8,1940,0
20120926,54,54,52,52.7,1204,0
20120927,54,55,50,52.6,6915,0
20120928,52.5,52.95,50.4,52.95,3239,0
20121001,53,53,51.5,53,790,0
20121002,53,53,53,53,102,0
20121003,54.5,54.5,51.8,52,691,0
20121004,54,54,50.25,50.9,1402,0
20121005,50.1,50.2,49.3,49.99,4479,0
20121008,51,51.4,51,51.3,35,0
20121009,54,54,49.99,51.4,416,0
20121010,51.3,51.3,49.85,50.9,520,0
20121011,50.9,50.9,49.55,50.1,677,0
20121012,49.55,50.3,49.3,49.99,441,0
20121015,50,50,48.2,48.8,1703,0
20121016,50,50,48.1,48.74,1318,0
20121017,48.5,48.5,48,48.09,91,0
20121018,48.1,49,47,49,5211,0
20121019,51.9,52,51,51,1798,0
20121022,51.9,52,50.05,51.8,1345,0
20121023,52.5,52.5,50,52,2503,0
20121024,52,52.5,52,52.5,721,0
20121025,51,53,50.7,53,1276,0
20121026,52.9,52.9,51,52.45,3817,0
20121029,54,54,51.5,52.45,2365,0
20121030,51,52,51,51.75,1847,0
20121031,52,52.4,50.5,51.4,4597,0
20121102,53,53,51,51.9,311,0
20121105,53,53,50,51.4,1270,0
20121106,52,52,49.57,52,377,0
20121107,54,54,52,53.75,1350,0
20121108,53.6,53.6,53.55,53.6,401,0
20121109,51.75,53.75,51.75,53.75,136,0
20121112,53.75,53.75,51.65,53.2,1360,0
20121113,53.15,53.15,51.8,52.8,400,0
20121114,53.65,53.65,52.8,52.95,203,0
20121115,51.75,53.75,51.75,53.75,310,0
20121116,53.75,53.75,52.1,53.75,624,0
20121119,53.65,55.55,53.5,53.5,1245,0
20121120,56,56,54.95,54.95,38,0
20121121,54.95,54.95,54.05,54.95,289,0
20121122,54.95,54.95,54.95,54.95,22,0
20121123,54.55,54.6,54.5,54.6,40,0
20121126,54.95,55.9,54.6,55.9,313,0
20121127,55.9,56,51.7,51.7,500,0
20121128,54.95,54.95,51.5,54.5,3463,0
20121129,54.45,55.5,54.3,55.5,366,0
20121130,55.5,55.5,54,55.5,557,0
20121203,56,57,55.9,57,206,0
20121204,57,58.9,56.2,58.9,701,0
20121205,56.35,57,56,56,2602,0
20121206,58,58,55.15,56.9,2102,0
20121207,57,57,55.35,55.7,1887,0
20121210,56,56.5,56,56.5,501,0
20121211,55.1,57,55.1,57,188,0
20121212,58.8,58.9,56.9,57,1476,0
20121213,57.4,59.5,57.4,59.5,259,0
20121214,59.8,59.8,58.05,59.8,1301,0
20121217,59.95,59.95,58,58.15,3079,0
20121218,58,58.95,56.1,58,6103,0
20121219,59,60,57.85,57.85,2401,0
20121220,58,58,56.25,58,888,0
20121221,60,60,58.1,59.5,40675,0
20121227,58,60,58,60,7415,0
20121228,61,61,58.5,59.4,19428,0
20130102,59.8,60.2,58.3,60,160,0
20130103,60.15,60.15,60,60,276,0
20130104,60.2,60.2,59.85,59.85,151,0
20130107,59.9,59.9,59.5,59.5,69,0
20130108,59.35,59.35,57.8,57.8,942,0
20130109,57.6,57.6,55.6,56.45,470,0
20130110,55.1,55.9,54,54,105450,0
20130111,58.8,58.8,58.8,58.8,2,0
20130114,55.55,58,54.5,54.5,101540,0
20130115,54,55.1,53.15,55.1,251,0
20130116,55.1,55.1,52.5,53.5,1563,0
20130117,54.3,54.3,53.3,53.9,69562,0
20130118,53.9,54,53.35,54,269,0
20130121,54.85,55,54.75,55,288,0
20130122,55,55,54.2,55,189,0
20130123,54.9,60.5,54.9,59,9518,0
20130124,59,59,59,59,95,0
20130125,57.75,59,57.7,59,140,0
20130128,59.95,60,59.95,60,121,0
20130129,61.4,61.4,61.4,61.4,552,0
20130130,61.45,61.45,57,57,15013,0
20130131,61.45,61.45,58,60.6,185,0
20130201,61.4,61.4,58.05,58.05,5,0
20130204,58.1,60,58,58.95,308,0
20130205,59,59,56.5,56.5,291,0
20130206,56.5,56.6,55.05,55.05,71959,0
20130207,56.05,56.05,54.05,54.95,50064,0
20130208,54.1,54.3,53,53.1,9199,0
20130211,56.75,56.75,53,53,164,0
20130212,53,55.7,53,54.65,229,0
20130213,53.6,55.15,53.6,55.15,155,0
20130214,54.8,55.2,54,55.05,24290,0
20130215,54,55.2,54,54,17405,0
20130218,54.15,56.85,53.05,56.85,138,0
20130219,57.65,57.65,55.15,55.15,23,0
20130220,56.95,56.95,55.05,55.05,45,0
20130221,56.8,56.8,55,55,574,0
20130222,55,55,55,55,11,0
20130225,55.4,55.4,54.05,54.05,21,0
20130226,55,55,53.5,53.5,61,0
20130227,54.05,54.05,53.5,53.55,390,0
20130228,55,55,55,55,2,0
20130301,56.35,56.35,53.4,56,567,0
20130304,54.95,55.9,54.95,55,366,0
20130305,56.3,56.3,55,56.25,42,0
20130306,55.9,55.9,53.7,55.6,38,0
20130307,55.3,55.85,54.9,55.85,4027,0
20130308,55.85,55.85,54,55.8,854,0
20130311,55.8,55.8,55.55,55.55,47,0
20130312,55.55,55.55,55.55,55.55,1,0
20130313,55.55,56.6,55.15,56.6,16,0
20130314,56.65,56.9,56,56,162,0
20130315,55.95,55.95,55.95,55.95,135,0
20130318,56.75,56.75,56.75,56.75,5,0
20130319,56.7,56.7,56.7,56.7,187,0
20130320,55.55,56,55.55,56,256,0
20130321,56,56,56,56,5,0
20130325,55.75,55.95,55.75,55.95,3,0
20130326,55.7,55.7,53,55,547,0
20130327,52.8,55,51.95,51.95,1974,0
20130328,53.8,53.8,50,50,2031,0
20130402,55,55,50.35,51.3,235,0
20130403,51,51,48.5,48.5,1229,0
20130404,50.55,50.55,48,49.75,182,0
20130405,53.8,53.8,49.75,50.45,16308,0
20130408,51.2,52,51.2,52,315,0
20130409,53.5,53.8,52.3,53.8,162,0
20130410,52,53.8,52,53.8,17116,0
20130411,51.15,51.15,51.15,51.15,200,0
20130412,51.15,53.4,51,51,207,0
20130415,51.9,51.9,50.95,51,8994,0
20130417,52.1,53.57,52.1,52.1,121,0
20130418,52.1,52.1,52.1,52.1,114,0
20130419,52.1,52.1,52.1,52.1,2,0
20130422,53.5,53.5,53.5,53.5,1,0
20130423,53.5,53.5,51.13,53,447,0
20130424,53,53,51,53,40,0
20130425,53,53,53,53,1,0
20130426,53,53.5,53,53.5,250,0
20130429,54.2,54.2,53,53,794,0
20130430,52,53,52,53,556,0
20130502,53.1,53.1,53.1,53.1,22,0
20130506,56.75,56.75,56.5,56.75,152,0
20130507,56.5,56.8,55.1,56.8,222,0
20130508,56.9,57.9,56.9,57.9,631,0
20130509,57.9,57.9,57.9,57.9,50,0
20130510,57.9,58,57.9,58,69,0
20130513,60.1,60.1,60,60,359,0
20130514,61,61,60,60,314,0
20130515,61.4,61.4,61.4,61.4,1,0
20130516,64,67,64,65,27478,0
20130517,67,67,64,64,1443,0
20130520,64,65,64,64.9,273,0
20130521,65,65,63.5,64.8,708,0
20130522,64.9,64.9,62.6,62.65,227,0
20130523,62.11,62.11,60.02,62,378,0
20130524,62,62,60.55,60.55,445,0
20130527,60,62.95,60,62.95,137,0
20130528,62,63.75,62,63.75,1316,0
20130529,63.75,63.75,62.6,63.75,9622,0
20130531,63.75,63.75,63.75,63.75,1,0
20130603,60,64.9,60,64.9,1184,0
20130604,62.35,64.95,62.35,63.2,96,0
20130605,62.36,64.94,62.36,64.94,109,0
20130606,64.94,64.94,64.94,64.94,286,0
20130607,65.4,65.4,65,65,48,0
20130610,64.9,64.9,62.6,64.5,254,0
20130611,64.8,64.8,63.01,63.7,8278,0
20130612,64.8,64.8,61.8,64.8,21258,0
20130613,60.6,64.8,60.6,64,17646,0
20130614,64,64.7,64,64.1,65,0
20130617,64.69,64.69,63,64.1,74,0
20130618,64,64,63,64,45,0
20130619,61.5,64,61.5,64,842,0
20130620,63.97,63.97,62.2,63.96,112,0
20130621,63.97,63.97,63.97,63.97,1,0
20130624,63.97,63.97,62.2,63.96,118,0
20130625,62.22,63.7,62.22,63.7,114,0
20130626,63.96,63.96,63.39,63.95,3595,0
20130627,63.9,63.9,62.02,63.9,122,0
20130628,63.5,63.5,63.5,63.5,1,0
20130701,61.55,62,61.55,62,30,0
20130702,61.69,61.69,60,60,307,0
20130703,58.91,59.25,58.91,59.25,191,0
20130704,61.7,61.7,57,59.25,76,0
20130705,59.5,60.9,58,60.9,45,0
20130708,57,60.9,57,60.9,46,0
20130709,60.99,60.99,60.99,60.99,1,0
20130710,60.88,60.9,60.88,60.9,181,0
20130711,60,60,60,60,14,0
20130715,63.97,63.97,58,58.5,332,0
20130716,57.1,59,57.1,59,157,0
20130717,57,62.5,57,62.5,11,0
20130718,61.95,61.95,58.79,60,398,0
20130719,60,60,59,59,53,0
20130722,60,60,57.5,57.5,881,0
20130723,58.75,58.75,58.75,58.75,1,0
20130724,58.75,58.75,57.26,57.79,1578,0
20130725,57.8,57.8,57.6,57.6,152,0
20130726,59.5,59.5,57,57,148,0
20130729,57,57,55.9,56,240,0
20130730,56.89,56.89,56.3,56.8,321,0
20130731,56.9,56.9,54.99,54.99,192,0
20130801,53.12,53.12,53,53,10,0
20130802,53.7,53.7,52.6,52.6,15,0
20130805,52.57,57.5,52.57,57.5,1646,0
20130806,57.5,59.3,57.5,58,2296,0
20130807,59,59,57.5,59,1709,0
20130808,59,59.85,58,59.85,2520,0
20130809,59.55,61,58.6,58.8,1971,0
20130812,61,61,58.5,59.07,1037,0
20130813,59,59,58.59,58.59,1650,0
20130814,58.55,58.55,58,58,746,0
20130816,58,58,58,58,263,0
20130819,59.9,59.9,57.9,58,726,0
20130820,58.95,58.95,56.9,57,539,0
20130821,57.99,57.99,55.7,55.7,562,0
20130822,58.5,58.5,55.7,55.75,1417,0
20130823,57.08,57.08,55,55,1337,0
20130826,54.9,54.9,54,54,1018,0
20130827,54,54.2,53.5,53.5,2194,0
20130828,53.5,55.35,53.34,53.34,1407,0
20130829,53.31,53.4,53.3,53.34,249,0
20130830,53,53.2,52,52,1148,0
20130902,53.5,53.5,51.6,51.6,3029,0
20130903,51.9,53.8,51.9,53.5,1693,0
20130904,53.6,54.79,52,52,1871,0
20130905,52,53.5,48.6,49.01,2302,0
20130906,49,50.82,49,50.42,404,0
20130909,51.4,51.5,49.9,50.7,1162,0
20130910,50.7,53.2,50.21,51.16,22194,0
20130911,51.3,52.8,51.01,51.16,1062,0
20130912,52,52,50.5,51.35,513,0
20130913,51.35,51.36,51,51.2,268,0
20130916,51.8,51.8,50.33,50.95,1895,0
20130917,50.34,50.97,50,50.3,658,0
20130918,51,51.4,49.7,51.4,20633,0
20130919,51.78,51.78,51.23,51.23,505,0
20130920,51,51,50.5,50.5,235,0
20130923,50.5,51.75,50.5,51.73,211,0
20130924,51.74,52.89,51.5,52.89,455,0
20130925,52.89,52.89,52.5,52.5,31,0
20130926,52.8,54,52.7,53.35,783,0
20130927,54.85,54.85,54.05,54.3,692,0
20130930,54.3,54.3,53.05,54,171,0
20131001,53.1,54,53.1,53.5,522,0
20131002,54,54,54,54,485,0
20131003,54,54.4,54,54.3,982,0
20131004,54.6,54.6,54.59,54.59,301,0
20131007,54.59,54.59,54.1,54.49,1258,0
20131008,54.51,55.2,54.51,55.2,210,0
20131009,55.3,57.8,54.1,57.8,3135,0
20131010,58.9,60.8,56.51,59.39,2449,0
20131011,59,59,58,58.99,4712,0
20131014,59.78,59.78,58.99,58.99,49,0
20131015,58,58.98,58,58.48,18954,0
20131016,58.01,58.57,58.01,58.47,2188,0
20131017,58.46,60,58.25,59.1,85789,0
20131018,60,60,59.1,59.1,360,0
20131021,59.2,60,58.87,60,17451,0
20131022,60,62,58.93,62,19514,0
20131023,62,62,59.1,59.1,41792,0
20131024,59.5,61.7,59.5,60,17885,0
20131025,61.99,62.6,60.3,62.6,10678,0
20131028,63,63.99,63,63.89,65560,0
20131029,63.99,64,62.4,63,82844,0
20131030,63,63.01,62,63,50624,0
20131031,63.5,63.5,62,63,802,0
20131104,62.99,63,62.4,63,1161,0
20131105,63,63,62.5,62.75,885,0
20131106,62.6,62.9,62.5,62.9,563,0
20131107,62.8,62.8,62,62,756,0
20131108,62.3,62.3,61.6,61.8,319,0
20131112,61.8,62.2,61.8,61.8,190,0
20131113,62.2,62.2,61,61,214,0
20131114,61.5,62.3,60.36,62.3,460,0
20131115,61,63.4,61,63.35,1517,0
20131118,63.4,63.89,62,63.89,533,0
20131119,63.99,67,63.99,65.5,5904,0
20131120,65,65.5,64.09,64.09,965,0
20131121,65,65,61.32,63,126827,0
20131122,63.5,64.35,62.5,64.35,20040,0
20131125,62.81,65,62.81,63.45,25713,0
20131126,64.08,64.23,64.07,64.07,544,0
20131127,64.07,65,62.65,65,1719,0
20131128,65.99,65.99,64.03,64.5,304,0
20131129,65,70,65,68.5,4570,0
20131202,68.63,68.63,66.5,68,1262,0
20131203,68,68,65,66.7,525,0
20131204,66.99,67.9,66.9,67.9,1151,0
20131205,67.98,67.98,65.11,67,28,0
20131206,67,67,66.9,66.9,443,0
20131209,66.9,66.9,65.27,66.46,1420,0
20131210,66.9,67.3,66.01,66.01,314,0
20131211,66.01,67.35,66.01,67.35,578,0
20131212,67.35,67.35,66.12,67.19,92,0
20131213,67.2,67.2,66.01,66.6,100701,0
20131216,66.7,66.7,66.5,66.5,150160,0
20131217,66.6,66.6,66,66,6398,0
20131218,66,66,65.5,65.5,10233,0
20131219,66.6,66.6,65.5,65.5,250,0
20131220,64,64,63,63.39,4008,0
20131223,63.3,63.6,63.3,63.6,136,0
20131227,63.5,65.5,63.5,65.5,5008,0
20131230,65.5,65.5,65.5,65.5,10000,0
20140102,65.8,65.8,65.4,65.4,6002,0
20140103,65.9,65.9,65,65.4,5265,0
20140107,65,65,63.5,63.5,5419,0
20140108,64.79,64.8,62,62.4,646,0
20140109,62.4,62.4,61,61,307,0
20140110,61,61.03,60.11,60.49,1001,0
20140113,62.87,63,60.25,62.99,387,0
20140114,62.99,62.99,62.99,62.99,1,0
20140115,62.8,62.8,62.01,62.4,19,0
20140116,62.4,62.4,61.01,61.16,692,0
20140117,61.99,62.84,61.66,62.84,1072,0
20140120,62.9,62.9,62.9,62.9,1,0
20140121,61.71,62.11,61.71,62,19917,0
20140122,61.71,62.9,60.52,62.5,662,0
20140123,63.1,63.1,62.5,63.1,481,0
20140124,63.1,63.1,60.53,62,1479,0
20140127,61,61.05,60.5,60.5,223,0
20140128,60.52,62.99,60.52,61,30982,0
20140129,62.99,62.99,61,61,77,0
20140130,60.56,64,60.56,64,501,0
20140131,64,64,61.07,61.09,1244,0
20140203,63,63,63,63,294,0
20140204,63.69,63.69,62.99,63,325,0
20140205,63.5,63.5,63.3,63.3,59,0
20140206,63.5,63.5,61.41,61.41,981,0
20140207,63.5,63.5,61,61,1351,0
20140210,60.81,60.81,60,60,716,0
20140211,61.3,61.3,59.9,60,59010,0
20140212,61.29,61.29,60,60,51,0
20140213,61,61.29,60,61.29,141,0
20140214,61.29,61.29,59.7,60.1,1375,0
20140217,60.5,60.5,58.21,58.21,297,0
20140218,58.21,59.2,58.21,59,6841,0
20140219,58.25,58.3,58.24,58.24,86,0
20140220,58.3,58.3,58.3,58.3,1,0
20140221,58.35,60.2,58.35,60.2,246,0
20140224,61.48,61.48,60,60,472,0
20140225,60,60,59.52,59.52,78,0
20140226,59,60.84,58.35,58.35,1491,0
20140227,58.35,62.45,58.35,62.45,31380,0
20140228,62.43,63.1,62.43,63.1,172,0
20140303,62.6,66,58.53,66,2361,0
20140304,64.25,65.99,60,61.5,8260,0
20140305,61.5,62,60.2,60.5,4464,0
20140306,61.47,61.5,60.03,61,4097,0
20140307,61.4,61.4,60.15,60.31,6724,0
20140310,60.3,60.5,60,60.44,2287,0
20140311,60.5,60.7,60.21,60.33,11905,0
20140312,60.99,60.99,60.21,60.21,3280,0
20140313,60.21,61,60.2,61,14364,0
20140314,61.4,61.4,58.6,60.83,3799,0
20140317,61.4,61.4,60,61,1686,0
20140318,61.4,61.83,59.5,61.83,20953,0
20140319,60.6,61.95,60.6,61.95,695,0
20140320,61.95,61.95,61.5,61.5,76,0
20140321,61.7,61.9,61.7,61.9,200,0
20140324,61.89,61.89,60.01,60.01,302,0
20140325,61.64,61.65,60.8,61.65,453,0
20140326,61.65,61.69,60.22,60.99,2269,0
20140327,60.98,60.98,60.12,60.12,2062,0
20140328,60.59,62,60.21,62,4666,0
20140331,58.5,61.47,54.6,61.47,13830,0
20140401,61.01,61.01,58.6,59,1755,0
20140402,60.99,60.99,60,60.59,213,0
20140403,60.59,60.59,58.03,59.34,499,0
20140404,59.33,59.75,59.33,59.75,501,0
20140407,59,59,58,58.4,472,0
20140408,57.02,59.8,57.02,59.8,1463,0
20140409,59.8,59.8,58.3,58.3,176,0
20140410,58.3,59.78,58.2,58.2,561,0
20140411,57.99,58.78,57,58.78,793,0
20140414,59.89,59.89,59.89,59.89,1,0
20140415,59.79,59.79,57,58.6,842,0
20140416,58.99,58.99,56.02,57.02,1366,0
20140422,57.83,57.98,57.19,57.19,22,0
20140423,57.98,57.98,56.2,56.2,226,0
20140424,56.2,56.2,54.55,54.71,615,0
20140425,54.55,54.99,54.55,54.99,104,0
20140428,54.5,54.5,53.45,53.45,105,0
20140429,54,54.69,53.6,54.68,106,0
20140430,54.69,54.69,54.15,54.69,452,0
20140502,54.69,54.69,54.69,54.69,1,0
20140506,52.35,54.44,52.35,52.39,255,0
20140507,52.11,52.11,50,52.1,279,0
20140508,50.5,51.99,50.21,51.99,2784,0
20140512,52.8,52.8,49.8,49.8,422,0
20140513,49.8,51.9,49.04,51.49,42,0
20140514,51.48,52.99,51.48,52.99,6,0
20140515,52.39,53.19,52.31,52.31,732,0
20140516,50.05,52.28,50.05,52.28,145,0
20140519,52,52.45,52,52.45,209,0
20140520,52.35,52.35,52.35,52.35,26,0
20140522,52.79,52.79,50.6,52.78,649,0
20140523,53,53.73,53,53.73,287,0
20140526,52.85,52.85,52.8,52.8,52,0
20140527,52.8,56.7,52.8,56.7,1207,0
20140528,55,56.4,55,55.6,642,0
20140529,55.99,55.99,55.01,55.01,937,0
20140530,55.01,56.3,55.01,56,177,0
20140602,56.3,56.3,55.11,55.11,25,0
20140603,55.11,56.2,55.1,56.2,111,0
20140604,56.2,56.2,54.5,54.85,15319,0
20140605,54.5,55.5,54.5,55.5,155,0
20140606,55,55.5,54.01,54.01,388,0
20140609,55.35,55.35,54.01,55.33,82,0
20140610,55.3,56,54.1,56,310,0
20140611,54.51,56.4,54.51,56.4,30,0
20140612,56.19,56.19,54.51,56.19,20,0
20140613,56.1,56.15,55.8,55.8,179,0
