Date,Open,High,Low,Close,Volume,OpenInt
20121228,10,13.4,9.06,11.64,193560,0
20130102,11.9,12.19,10.09,10.5,101696,0
20130103,10.5,10.8,10.4,10.5,37696,0
20130104,10.5,11.49,10.45,11.4,44035,0
20130107,11.66,11.8,11,11.44,16132,0
20130108,11.7,11.7,11.2,11.2,7525,0
20130109,11.4,11.4,10.5,10.6,34225,0
20130110,10.72,10.72,10.52,10.58,3712,0
20130111,10.7,10.94,10.67,10.91,4263,0
20130114,11.15,11.54,10.98,11.48,14477,0
20130115,11.3,11.5,11.02,11.05,2158,0
20130116,11.11,11.2,11.05,11.2,1284,0
20130117,11.15,11.15,10.93,11.05,951,0
20130118,11.07,11.18,10.96,11.1,2888,0
20130121,11.18,11.44,11,11.3,6035,0
20130122,11.42,11.45,11.16,11.41,7093,0
20130123,11.21,11.44,11.21,11.4,5003,0
20130124,11.25,11.4,11.23,11.25,1185,0
20130125,11.15,11.37,11.15,11.31,7195,0
20130128,11.4,11.9,11.4,11.9,36936,0
20130129,11.77,12.35,11.77,12.3,15992,0
20130130,12.25,14.2,12.25,14.2,86639,0
20130131,14.3,15.2,14.3,15,20975,0
20130201,14.8,14.99,13.3,13.3,38683,0
20130204,13.5,13.72,13.31,13.67,24406,0
20130205,13.9,14.4,13.87,14,33347,0
20130206,14.39,14.39,13.8,13.99,73513,0
20130207,14,14,13.9,13.98,170678,0
20130208,14.19,14.2,13.51,14,5770,0
20130211,14,14,13.8,13.85,2878,0
20130212,13.95,13.95,13.61,13.87,51748,0
20130213,13.52,13.9,13.3,13.58,5644,0
20130214,13.31,13.5,13.3,13.3,1964,0
20130215,13.2,13.2,11.88,11.97,38994,0
20130218,11.67,12.75,11.43,12.5,14580,0
20130219,12.7,12.99,12.65,12.8,5913,0
20130220,13,13.1,12.43,12.43,3769,0
20130221,12.29,12.29,11.2,11.27,20033,0
20130222,11.51,11.51,10.75,11.5,32961,0
20130225,11.51,11.78,11.21,11.78,5171,0
20130226,11.75,11.75,11.21,11.21,1851,0
20130227,11.3,11.4,11.19,11.19,2049,0
20130228,11.6,11.6,11.1,11.6,4456,0
20130301,11.58,11.59,11.22,11.22,2316,0
20130304,11.3,11.59,11.3,11.4,619,0
20130305,11.26,11.26,11.1,11.1,29786,0
20130306,11.14,11.43,10.85,11.15,7643,0
20130307,11,11.4,11,11.24,58405,0
20130308,11.24,11.98,11.24,11.92,5168,0
20130311,11.7,12.13,11.7,12,15178,0
20130312,12.02,12.95,12.02,12.7,474021,0
20130313,12.87,12.9,12.41,12.69,2889,0
20130314,12.69,12.82,12.5,12.82,4053,0
20130315,12.82,12.98,12.6,12.97,3677,0
20130318,12.9,12.95,11.71,11.82,10725,0
20130319,11.82,12.19,11.8,12.19,6330,0
20130320,12.05,12.3,12.01,12.29,3720,0
20130321,12.29,12.29,12.01,12.28,20466,0
20130322,12.2,12.2,11.81,12.19,3779,0
20130325,12.06,12.5,12.06,12.5,4368,0
20130326,12.1,12.59,12.1,12.32,42400,0
20130327,12.3,12.89,12.3,12.7,39218,0
20130328,12.8,13.1,12.52,13.1,7233,0
20130402,13.1,13.8,13.1,13.6,5403,0
20130403,13.75,14.39,13,13.28,7675,0
20130404,13.09,13.2,12.7,13.1,1737,0
20130405,13.47,13.5,13.11,13.35,1862,0
20130408,13.66,13.66,12.8,12.98,2447,0
20130409,12.97,13.3,12.72,13.3,2579,0
20130410,13.01,13.3,12.9,13.3,11947,0
20130411,13,13.1,12.85,13.1,2256,0
20130412,13.1,13.3,13,13.3,355,0
20130415,13.7,13.7,12.65,12.65,2118,0
20130417,12.5,12.5,11.52,11.52,3596,0
20130418,11.51,11.85,11.5,11.84,9031,0
20130419,12,12,11.6,11.6,2892,0
20130422,11.52,11.88,11.5,11.88,3746,0
20130423,11.8,11.88,11.65,11.87,585,0
20130424,11.88,12.07,11.62,12.07,634,0
20130425,12.07,12.5,11.8,12.5,1304,0
20130426,12.61,13,12.6,12.99,4794,0
20130429,12.98,12.98,12.5,12.5,3661,0
20130430,12.96,13,12.9,12.9,3482,0
20130502,13,13,12.6,13,1241,0
20130506,12.8,12.97,12.8,12.97,428,0
20130507,13,13,12.99,12.99,241,0
20130508,13,13,12.85,12.85,351,0
20130509,12.85,13,12.85,13,745,0
20130510,12.85,12.85,12.75,12.8,28173,0
20130513,12.99,12.99,12.8,12.95,444,0
20130514,12.85,12.94,12.51,12.94,564,0
20130515,12.94,13.09,12.5,12.99,12427,0
20130516,12.95,13.07,12.9,13,19866,0
20130517,13,13,12.9,12.99,344,0
20130520,13.08,13.08,12.12,12.92,2869,0
20130521,12.92,12.92,12.6,12.92,400,0
20130522,12.92,13,12.92,13,6698,0
20130523,12.62,12.95,12.58,12.95,6709,0
20130524,13,13.07,12.95,13.07,4488,0
20130527,12.9,13.05,12.9,12.95,2831,0
20130528,13.05,13.05,12.47,12.54,10258,0
20130529,12.55,12.6,12.13,12.4,36490,0
20130531,12.43,12.43,11.84,12,5986,0
20130603,12,12,11.95,12,8894,0
20130604,12,12,11.85,11.9,1588,0
20130605,11.93,11.99,11.8,11.8,2957,0
20130606,12,12.08,12,12,871,0
20130607,12.03,12.58,11.81,12,4234,0
20130610,11.8,12.5,11.8,12,3148,0
20130611,11.85,11.85,11.4,11.79,14445,0
20130612,11.6,12.01,11.6,12,6551,0
20130613,11.62,12,11.62,12,206,0
20130614,12,12,11.63,11.63,661,0
20130617,12,12,11.9,12,966,0
20130618,12,12,11.65,11.7,2710,0
20130619,11.61,11.65,11.61,11.65,957,0
20130620,11.6,11.62,11.39,11.49,832,0
20130621,11.29,11.45,11,11.45,2817,0
20130624,11.24,11.3,11.18,11.3,763,0
20130625,11.15,11.5,11.15,11.23,258,0
20130626,11.2,11.22,11.2,11.22,57,0
20130627,11.5,11.64,11.45,11.45,405,0
20130628,11.15,11.15,11,11.01,1954,0
20130701,11.1,11.29,11,11,808,0
20130702,11,11.39,11,11,131,0
20130703,11.37,11.37,11.37,11.37,87,0
20130704,11.37,11.37,11,11,254,0
20130705,11,11.35,11,11,950,0
20130708,11.02,11.05,11,11,920,0
20130709,11,11,10.9,11,301,0
20130710,11.09,11.09,10.5,10.6,1890,0
20130711,10.6,10.6,9.76,10.28,6240,0
20130712,10.28,10.5,10.28,10.5,2765,0
20130715,10.45,10.8,10.45,10.8,2414,0
20130716,10.8,10.8,10.8,10.8,351,0
20130717,10.8,10.8,10.51,10.7,174,0
20130718,10.7,10.7,10.46,10.7,451,0
20130719,10.75,10.75,10.7,10.7,1140,0
20130722,10.85,11.66,10.85,11.5,3566,0
20130723,11.5,11.74,11.36,11.7,244,0
20130724,11.7,12.12,11.7,12.1,3523,0
20130725,11.9,12.48,11.54,12.3,3621,0
20130726,12.25,12.48,12.07,12.2,107727,0
20130729,12.05,12.2,12,12,641,0
20130730,12.19,12.19,11.91,12.15,3501,0
20130731,12,12,11.9,11.9,5502,0
20130801,11.58,11.7,11.43,11.7,71287,0
20130802,11.7,11.7,11.5,11.5,1539,0
20130805,11.7,11.7,11.5,11.6,131,0
20130806,11.78,11.78,11.27,11.3,303,0
20130807,11.3,11.7,11.3,11.65,2153,0
20130808,11.8,11.8,11.3,11.8,1305,0
20130809,11.79,11.79,11.26,11.79,939,0
20130812,11.27,11.79,11.27,11.7,78,0
20130813,11.79,11.79,11.3,11.6,285,0
20130814,11.79,11.79,11.41,11.41,65,0
20130816,11.41,11.41,11.29,11.29,746,0
20130819,11.4,11.4,11.17,11.17,680,0
20130820,11.39,11.39,11.39,11.39,69,0
20130821,11.39,11.39,11.13,11.36,543,0
20130822,11.03,11.4,10.77,11.4,4414,0
20130823,11.4,11.4,11.39,11.39,240,0
20130826,11.39,11.39,11.15,11.39,1081,0
20130827,11.39,11.63,11.38,11.63,748,0
20130828,11.5,11.6,11.48,11.52,2049,0
20130829,11.52,11.98,11.52,11.95,954,0
20130830,11.9,11.9,11.6,11.62,1482,0
20130902,11.62,11.65,11.56,11.57,501,0
20130903,11.6,11.65,11.57,11.58,781,0
20130904,11.65,11.66,11.33,11.33,881,0
20130905,11.33,11.54,11,11,1537,0
20130906,10.95,11,10.95,11,1389,0
20130909,11.2,11.33,11.18,11.2,175,0
20130910,11.2,11.2,10.89,11.2,2624,0
20130911,10.94,10.99,10,10.33,5108,0
20130912,10.41,11.08,10.41,11.08,3756,0
20130913,11.1,11.28,11.1,11.28,400,0
20130916,11.28,11.68,11.28,11.41,708,0
20130917,11.5,11.6,11.5,11.59,3606,0
20130918,11.6,11.65,11.44,11.59,1639,0
20130919,11.7,11.7,11.5,11.6,1048,0
20130920,11.74,11.74,11.51,11.74,5035,0
20130923,11.53,11.7,11.53,11.68,621,0
20130924,11.54,11.69,11.54,11.69,1851,0
20130925,11.69,11.74,11.6,11.74,4731,0
20130926,11.74,11.8,11.69,11.75,4440,0
20130927,11.8,12.3,11.8,12.3,35942,0
20130930,12.31,12.45,11.69,11.73,2788,0
20131001,11.7,11.7,11.65,11.65,170,0
20131002,11.8,12.05,11.8,11.8,370,0
20131003,12,12.07,11.8,11.8,1296,0
20131007,11.8,11.8,11.69,11.8,587,0
20131008,11.8,11.8,11.62,11.62,272,0
20131009,11.63,11.63,11.54,11.54,549,0
20131010,11.54,11.9,11.54,11.9,50132,0
20131011,11.9,11.99,11.63,11.99,336,0
20131014,11.99,11.99,11.53,11.8,254,0
20131015,11.53,11.55,11.47,11.48,2729,0
20131016,11.5,11.5,10.95,11.1,3023,0
20131017,11.11,11.11,10.7,10.99,3503,0
20131018,11,11,9.9,10.01,13024,0
20131021,10.29,10.75,10.24,10.73,6508,0
20131022,10.75,10.76,10.47,10.51,3977,0
20131023,10.55,10.6,10.47,10.6,1170,0
20131024,10.93,10.93,10.6,10.88,1445,0
20131025,10.9,10.9,10.6,10.79,3312,0
20131028,10.7,10.82,10.65,10.72,2190,0
20131029,10.8,10.8,10.65,10.77,1113,0
20131030,10.8,10.8,10.7,10.7,1561,0
20131031,10.79,10.8,10.78,10.8,1683,0
20131104,10.8,10.83,10.65,10.83,875,0
20131105,10.83,10.83,10.5,10.63,1302,0
20131106,10.75,10.75,10.56,10.56,737,0
20131107,10.61,10.8,10.55,10.8,1877,0
20131108,10.8,10.8,10.7,10.8,1104,0
20131112,10.87,10.88,10.74,10.74,1278,0
20131113,10.88,10.88,10.88,10.88,1,0
20131114,10.65,10.85,10.65,10.85,51,0
20131115,10.79,10.79,10.48,10.48,2505,0
20131118,10.5,10.7,10.1,10.4,3222,0
20131119,10.39,10.4,9.93,10.38,14305,0
20131121,10.04,10.29,10.04,10.28,389,0
20131122,10.27,10.3,10.2,10.2,2255,0
20131125,10.06,10.2,9.75,10.14,8152,0
20131126,9.9,10,9.9,10,300,0
20131127,10,10,9.9,10,642,0
20131128,10.02,10.17,10.02,10.06,428,0
20131129,10.2,10.2,10.06,10.1,158,0
20131202,10.27,10.49,10.25,10.49,96613,0
20131203,10.6,10.6,10.36,10.49,960,0
20131204,10.5,10.51,10.4,10.5,484,0
20131205,10.71,10.71,10.5,10.5,79,0
20131206,10.6,10.89,10.6,10.88,1777,0
20131209,10.88,10.88,10.36,10.69,587,0
20131210,10.65,10.77,10.5,10.77,562,0
20131211,10.5,10.77,10.4,10.77,559,0
20131212,10.85,10.85,10.4,10.8,39077,0
20131213,10.8,10.8,10.8,10.8,1,0
20131216,10.44,10.44,10.44,10.44,320,0
20131217,10.45,10.6,10.45,10.45,296,0
20131218,10.45,10.45,10.15,10.15,926,0
20131219,10.15,10.7,10.15,10.7,1959,0
20131220,10.65,11,10.55,11,10437,0
20131223,11.01,11.6,10.85,11.6,5361,0
20131227,11.7,11.81,11.3,11.67,815,0
20131230,11.67,12,11.29,12,31493,0
20140102,11.5,11.89,11.45,11.45,2403,0
20140103,11.37,11.55,11.37,11.5,1071,0
20140107,11.5,11.5,11.4,11.5,399,0
20140108,11.5,11.5,11.5,11.5,86,0
20140109,11.5,11.5,11.3,11.3,116,0
20140110,11.45,11.45,11.44,11.45,241,0
20140113,11.45,11.45,11,11.45,306,0
20140114,11.43,11.43,11.1,11.1,357,0
20140115,11.1,11.11,11,11.1,773,0
20140116,11.1,11.1,10.83,10.83,718,0
20140117,10.84,11,10.6,11,1456,0
20140120,10.99,10.99,10.87,10.9,203,0
20140121,10.92,11,10.79,10.95,4244,0
20140122,11.1,11.41,10.8,10.87,2445,0
20140123,10.88,11.43,10.88,11.43,170,0
20140124,11.43,11.43,10.88,10.88,1453,0
20140127,10.9,10.9,10.9,10.9,211,0
20140128,11,11.1,10.9,11.1,1100,0
20140129,11.35,11.41,11.35,11.41,1405,0
20140130,11.42,11.5,11.4,11.5,1009,0
20140131,11.5,11.5,11.35,11.35,201,0
20140203,11.4,11.45,11.4,11.42,239,0
20140204,11.4,11.4,11.33,11.34,928,0
20140205,11.35,11.58,11.33,11.33,492,0
20140206,11.5,11.5,11.05,11.15,426,0
20140207,11.2,11.45,11.15,11.45,414,0
20140210,11.45,11.6,11.4,11.6,6419,0
20140211,11.6,11.65,11.5,11.5,744,0
20140212,11.51,12.1,11.51,12,11563,0
20140213,12.07,12.07,11.99,12.03,43081,0
20140214,12.09,12.09,12,12.05,604,0
20140217,12.1,12.25,12,12.02,1211,0
20140218,12,12.1,11.74,11.74,26081,0
20140219,11.52,11.6,11.5,11.6,1098,0
20140221,11.6,11.7,11.6,11.7,510,0
20140224,11.8,11.99,11.71,11.99,33395,0
20140225,12,12.02,11.74,12,227,0
20140226,11.96,11.96,11.4,11.84,375,0
20140227,11.95,11.95,11.29,11.45,2945,0
20140228,11.45,11.45,11.45,11.45,50,0
20140303,11.2,11.22,10.15,10.17,9928,0
20140304,10.59,10.8,10.59,10.63,1914,0
20140305,10.63,10.65,10.2,10.5,7069,0
20140306,10.81,10.9,10.77,10.9,708,0
20140307,10.56,11.27,10.56,11.27,1190,0
20140310,11.31,11.32,11.3,11.3,479,0
20140311,11.01,11.01,11.01,11.01,502,0
20140312,11,11,10.8,10.8,461,0
20140313,10.8,11,10.77,10.77,242,0
20140314,10.77,10.78,10.5,10.5,1173,0
20140317,10.5,10.5,10.5,10.5,151,0
20140318,10.45,10.9,10.45,10.9,152,0
20140319,10.9,10.9,10.9,10.9,160,0
20140320,10.91,10.91,10.91,10.91,52,0
20140321,10.91,10.95,10.91,10.95,929,0
20140324,10.95,10.95,10.95,10.95,10,0
20140325,10.97,11.19,10.75,10.95,11281,0
20140326,11,11.18,11,11.18,121,0
20140327,11.18,11.18,10.8,10.8,49,0
20140328,10.8,10.8,10.8,10.8,151,0
20140331,11,11,11,11,177,0
20140401,11,11.24,11,11.24,71304,0
20140402,11.25,11.25,11.19,11.19,46,0
20140403,11.09,11.25,11.07,11.07,125,0
20140404,11.07,11.14,11,11.14,303,0
20140407,11.25,11.25,11.25,11.25,4,0
20140408,11.25,11.25,10.82,10.9,884,0
20140409,10.9,10.9,10.86,10.86,230,0
20140410,10.86,11.03,10.86,11.03,818,0
20140411,11.08,11.14,11.08,11.14,41,0
20140414,11.14,11.14,10.86,11.12,170,0
20140415,11.12,11.12,10.86,11,272,0
20140416,11,11,10.85,10.99,4796,0
20140417,10.8,10.93,10.77,10.93,155,0
20140422,10.93,10.93,10.77,10.9,128,0
20140423,10.85,10.85,10.85,10.85,10,0
20140424,10.85,10.85,10.85,10.85,25,0
20140425,10.9,10.9,10.8,10.8,39,0
20140428,10.8,10.8,10.51,10.79,64,0
20140429,10.79,10.79,10.46,10.79,77,0
20140430,10.79,10.79,10.46,10.79,102,0
20140502,10.8,10.8,10.8,10.8,2,0
20140505,10.8,10.8,10.46,10.46,721,0
20140506,10.5,10.5,10.1,10.5,1073,0
20140507,10.31,10.33,10.31,10.33,4643,0
20140508,10.5,10.5,10,10.02,3093,0
20140509,10.11,10.11,10.05,10.05,317,0
20140512,10.06,10.24,10,10,1311,0
20140513,10,10.15,9.99,9.99,105637,0
20140514,10.1,10.25,10.1,10.25,246,0
20140515,10.3,10.3,10.15,10.15,16,0
20140516,10.29,10.3,10.29,10.3,429,0
20140519,10.3,10.3,9.9,9.91,2234,0
20140520,9.96,9.99,9.91,9.97,594,0
20140521,9.97,9.99,9.97,9.99,197,0
20140522,10.19,10.19,10.19,10.19,540,0
20140523,10.2,10.2,9.96,9.97,1260,0
20140526,10.17,10.17,9.85,9.89,1786,0
20140527,9.9,9.91,9.7,9.7,1919,0
20140528,9.7,9.7,9.45,9.45,4345,0
20140529,9.24,9.3,9.24,9.3,1460,0
20140530,9.3,9.3,9.28,9.28,262,0
20140602,9.25,9.3,9.2,9.29,1589,0
20140603,9.23,9.31,9.23,9.31,24393,0
20140604,9.33,9.33,9.33,9.33,4,0
20140605,9.35,9.43,9.35,9.43,889,0
20140606,9.45,10.2,9.45,10.18,3876,0
20140609,10.15,10.15,9.81,9.81,2070,0
20140610,10,10,9.65,9.77,417,0
20140611,9.77,9.77,9.77,9.77,68,0
20140612,9.77,9.77,9.4,9.46,39,0
20140613,9.5,9.51,9.46,9.51,228,0
