Date,Open,High,Low,Close,Volume,OpenInt
20041223,2.9391,3.4583,2.902,3.1987,1043311,0
20041224,3.2636,3.3934,3.2172,3.3934,178652,0
20041227,3.5325,3.9775,3.4768,3.9682,1116249,0
20041228,4.0887,4.4967,3.9775,4.2927,1061705,0
20041229,4.3298,4.3669,3.9775,4.0887,448808,0
20041230,3.9682,3.9775,3.7457,3.7642,457778,0
20041231,3.8106,4.0238,3.8106,3.9775,191070,0
20050103,4.0238,4.1907,3.9775,4.0702,242518,0
20050104,4.0702,4.0795,3.9775,3.996,94405,0
20050105,4.0238,4.0238,3.9126,3.9775,86371,0
20050106,3.8477,3.9219,3.8199,3.8477,76390,0
20050107,3.8477,3.9404,3.8477,3.894,36363,0
20050110,3.857,3.857,3.6715,3.6993,75922,0
20050111,3.6623,3.6623,3.4861,3.4861,161642,0
20050112,3.4583,3.5417,3.4583,3.5046,60816,0
20050113,3.5417,3.551,3.4583,3.4768,46736,0
20050114,3.4861,3.4954,3.3748,3.4305,97181,0
20050117,3.3841,3.4212,3.2543,3.2914,110440,0
20050118,3.2636,3.2914,3.1152,3.1709,112923,0
20050119,3.1616,3.4212,3.1245,3.4026,172028,0
20050120,3.3748,3.3748,3.2728,3.3007,37000,0
20050121,3.3285,3.3563,3.2172,3.2914,37834,0
20050124,3.3007,3.3007,3.1987,3.2914,28986,0
20050125,3.3007,3.5417,3.2914,3.5325,177965,0
20050126,3.6344,3.7086,3.4675,3.5603,212130,0
20050127,3.5695,3.5881,3.4583,3.5417,108789,0
20050128,3.5603,3.5603,3.4954,3.551,55374,0
20050131,3.551,3.6344,3.5046,3.5881,72065,0
20050201,3.5881,3.5881,3.5417,3.5788,21991,0
20050202,3.5881,3.5881,3.5046,3.551,36280,0
20050203,3.5232,3.551,3.4861,3.4954,23919,0
20050204,3.4954,3.5417,3.4954,3.5139,31864,0
20050207,3.5139,3.5139,3.4212,3.4954,76942,0
20050208,3.4583,3.4954,3.4305,3.4954,21976,0
20050209,3.5139,3.5139,3.449,3.4861,12455,0
20050210,3.4583,3.4861,3.449,3.4861,13128,0
20050211,3.4768,3.4768,3.4397,3.4583,17411,0
20050214,3.449,3.449,3.3748,3.3748,45932,0
20050215,3.3748,3.3748,3.2636,3.3285,57834,0
20050216,3.4212,3.4861,3.3285,3.3748,70357,0
20050217,3.3377,3.449,3.3007,3.4212,33627,0
20050218,3.4212,3.4212,3.3748,3.4212,11050,0
20050221,3.3748,3.4212,3.3377,3.4212,7489,0
20050222,3.3841,3.3841,3.3285,3.3748,12300,0
20050223,3.3748,3.3748,3.3377,3.3377,24857,0
20050224,3.3377,3.5417,3.3285,3.5232,97245,0
20050225,3.551,3.5881,3.4583,3.5232,93925,0
20050228,3.4768,3.4768,3.4212,3.4305,12627,0
20050301,3.4212,3.4768,3.4119,3.4305,7654,0
20050302,3.4119,3.4212,3.3563,3.3841,16469,0
20050303,3.3563,3.4212,3.3285,3.3563,18814,0
20050304,3.4119,3.4119,3.3377,3.3377,6910,0
20050307,3.3285,3.3748,3.3285,3.3656,28788,0
20050308,3.3656,3.3656,3.2914,3.3192,7989,0
20050309,3.3563,3.3563,3.3007,3.3099,7493,0
20050310,3.3099,3.3377,3.3099,3.3099,3352,0
20050311,3.3099,3.3192,3.2172,3.2914,7813,0
20050314,3.2914,3.2914,3.2543,3.2914,3008,0
20050315,3.245,3.245,3.1987,3.2172,21876,0
20050316,3.1987,3.1987,3.0781,3.1523,53867,0
20050317,3.1152,3.1245,3.0689,3.0781,24109,0
20050318,3.0967,3.1338,3.0689,3.1152,26645,0
20050321,3.1152,3.143,3.0596,3.1152,45276,0
20050322,3.0874,3.1152,3.0689,3.0967,35838,0
20050323,3.0967,3.106,3.0225,3.0596,20579,0
20050324,3.0225,3.0411,2.9854,3.004,11241,0
20050329,3.0318,3.0318,3.004,3.0132,5239,0
20050330,3.0318,3.1709,3.0318,3.1709,22724,0
20050331,3.1245,3.1709,3.1152,3.1152,10931,0
20050401,3.1801,3.1801,3.0689,3.0781,6639,0
20050404,3.0689,3.0689,3.0132,3.0132,7757,0
20050405,3.0318,3.0318,3.004,3.0132,4788,0
20050406,3.004,3.0503,3.004,3.0503,6889,0
20050407,3.0318,3.0596,3.0318,3.0596,3803,0
20050411,3.0596,3.0596,3.0318,3.0318,4623,0
20050412,3.0225,3.0318,3.0225,3.0318,2077,0
20050413,3.0318,3.0318,2.9113,2.9391,9896,0
20050414,2.9391,2.9391,2.8,2.9205,15563,0
20050415,2.902,2.902,2.8278,2.902,18966,0
20050418,2.902,2.902,2.7722,2.7907,24322,0
20050419,2.7722,2.7815,2.7536,2.7815,7566,0
20050420,2.7815,2.8,2.7073,2.7722,14775,0
20050421,2.7907,2.8,2.7166,2.7629,5892,0
20050422,2.8,2.902,2.8,2.8464,10888,0
20050425,2.8556,2.902,2.8185,2.902,8540,0
20050426,2.902,2.9205,2.8185,2.8185,17165,0
20050427,2.8185,2.8185,2.8185,2.8185,747,0
20050428,2.7722,2.7722,2.7629,2.7722,9214,0
20050429,2.8185,2.8185,2.7444,2.8185,2069,0
20050502,2.8185,2.8185,2.8185,2.8185,1170,0
20050504,2.8371,2.8742,2.8,2.8,4162,0
20050505,2.8556,2.8556,2.8556,2.8556,2889,0
20050506,2.7722,2.7722,2.5868,2.7258,34904,0
20050509,2.7073,2.7073,2.596,2.596,31247,0
20050510,2.6053,2.6331,2.5868,2.6238,11225,0
20050511,2.5868,2.6331,2.5775,2.6331,9711,0
20050512,2.6331,2.6331,2.5775,2.5775,1052,0
20050513,2.5404,2.596,2.494,2.596,11803,0
20050516,2.596,2.6053,2.5311,2.5868,8439,0
20050517,2.5311,2.5311,2.4013,2.4106,26905,0
20050518,2.457,2.4662,2.4477,2.457,8691,0
20050519,2.4291,2.4848,2.4291,2.4848,9486,0
20050520,2.4384,2.4848,2.4384,2.4848,1315,0
20050523,2.494,2.494,2.4013,2.4755,32048,0
20050524,2.494,2.5682,2.494,2.5219,39902,0
20050525,2.5126,2.5219,2.494,2.5219,22513,0
20050527,2.5219,2.5219,2.494,2.5126,9115,0
20050530,2.5126,2.5404,2.494,2.5404,19329,0
20050531,2.5404,2.7351,2.5219,2.7258,111782,0
20050601,2.7073,2.7073,2.6424,2.6702,25832,0
20050602,2.6424,2.7073,2.6238,2.6238,15023,0
20050603,2.6053,2.6331,2.5775,2.6238,15867,0
20050606,2.596,2.6609,2.596,2.6609,14935,0
20050607,2.6887,2.7722,2.6795,2.7258,46234,0
20050608,2.7629,2.7722,2.6609,2.698,39487,0
20050609,2.7444,2.7444,2.6424,2.6795,12456,0
20050610,2.6795,2.6795,2.6238,2.6795,9840,0
20050613,2.6424,2.6795,2.6331,2.6702,11746,0
20050614,2.6424,2.6609,2.6146,2.6609,18066,0
20050615,2.6424,2.6424,2.596,2.596,16423,0
20050616,2.5868,2.6238,2.5775,2.596,9000,0
20050617,2.5868,2.5868,2.5404,2.5682,29366,0
20050620,2.5219,2.5682,2.4848,2.5033,34940,0
20050621,2.5033,2.5033,2.4662,2.494,23106,0
20050622,2.4755,2.494,2.4755,2.494,2707,0
20050623,2.4848,2.6424,2.4755,2.5497,97129,0
20050624,2.5497,2.5497,2.5033,2.5126,12953,0
20050627,2.4755,2.596,2.4755,2.596,21219,0
20050628,2.5589,2.5589,2.5497,2.5497,6357,0
20050629,2.5126,2.5126,2.5033,2.5126,11132,0
20050630,2.5126,2.5126,2.494,2.5126,1214,0
20050701,2.5126,2.5126,2.4662,2.5126,9196,0
20050704,2.4848,2.5033,2.457,2.4755,4393,0
20050705,2.4848,2.5126,2.457,2.4662,13370,0
20050706,2.4755,2.5033,2.457,2.5033,8235,0
20050707,2.4755,2.5126,2.4662,2.5126,35471,0
20050708,2.5033,2.5033,2.457,2.4662,72721,0
20050711,2.4755,2.5497,2.4662,2.4848,22420,0
20050712,2.494,2.494,2.4662,2.4662,6081,0
20050713,2.4662,2.6609,2.4662,2.5775,264221,0
20050714,2.6146,2.6795,2.5033,2.5219,175760,0
20050715,2.5219,2.5497,2.4848,2.5126,35372,0
20050718,2.4848,2.5497,2.4662,2.5126,24611,0
20050719,2.5404,2.5497,2.457,2.4848,52224,0
20050720,2.457,2.494,2.4013,2.494,46239,0
20050721,2.494,2.494,2.4199,2.4199,8661,0
20050722,2.4199,2.4477,2.355,2.3735,37533,0
20050725,2.3364,2.3364,2.253,2.2715,72809,0
20050726,2.2715,2.3828,2.2623,2.3364,53602,0
20050727,2.3364,2.3828,2.2715,2.3086,48118,0
20050728,2.355,2.355,2.2993,2.3457,25791,0
20050729,2.355,2.4199,2.2344,2.2715,90321,0
20050801,2.3272,2.4106,2.2993,2.3642,79232,0
20050802,2.3735,2.3735,2.3364,2.3642,20298,0
20050803,2.355,2.3642,2.3179,2.3457,14766,0
20050804,2.3179,2.3828,2.3179,2.3642,10954,0
20050805,2.2901,2.3179,2.2437,2.2993,41696,0
20050808,2.2623,2.2715,2.253,2.2715,12083,0
20050809,2.2623,2.2993,2.2623,2.2808,18970,0
20050810,2.2901,2.2901,2.253,2.253,6740,0
20050811,2.2252,2.2252,2.0954,2.1417,46675,0
20050812,2.1417,2.1417,2.0768,2.1417,22591,0
20050816,2.151,2.151,1.9934,1.9934,74096,0
20050817,1.8543,1.9841,1.8543,1.9377,89573,0
20050818,1.9099,1.9934,1.9007,1.9841,51519,0
20050819,1.9934,1.9934,1.9563,1.9841,9672,0
20050822,1.9563,1.9841,1.947,1.9841,6923,0
20050823,1.9748,1.9841,1.947,1.947,13126,0
20050824,1.947,2.1232,1.947,1.9934,44435,0
20050825,1.9934,2.0954,1.9934,2.0583,26519,0
20050826,2.0861,2.1695,2.0861,2.1417,56181,0
20050829,2.1603,2.1603,2.1046,2.1139,16619,0
20050830,2.1417,2.1417,2.0768,2.1232,46702,0
20050831,2.1325,2.1695,2.1232,2.1232,114096,0
20050901,2.1232,2.1325,2.1232,2.1325,5630,0
20050902,2.1232,2.1325,2.1232,2.1325,39841,0
20050905,2.1417,2.1417,2.1417,2.1417,462,0
20050906,2.151,2.151,2.0768,2.1325,35884,0
20050907,2.1417,2.1417,2.1232,2.1232,9723,0
20050908,2.151,2.151,2.1232,2.151,12048,0
20050909,2.1232,2.1325,2.1232,2.1325,6359,0
20050912,2.1139,2.1139,2.0675,2.1139,1734,0
20050913,2.0675,2.0675,1.9934,2.0026,14896,0
20050914,1.9934,2.0212,1.9934,2.0212,3923,0
20050915,1.9934,2.0583,1.9934,2.0026,5351,0
20050916,1.9934,2.0305,1.9934,2.0305,24096,0
20050919,2.0768,2.2437,2.0768,2.1881,113382,0
20050920,2.1788,2.253,2.1695,2.2252,37547,0
20050921,2.2623,2.3642,2.253,2.3364,80675,0
20050922,2.3921,2.3921,2.2715,2.3272,53583,0
20050923,2.3272,2.3364,2.2808,2.3086,27591,0
20050926,2.2808,2.3086,2.2715,2.2993,15895,0
20050927,2.2993,2.3735,2.2715,2.355,75014,0
20050928,2.3735,2.3735,2.3086,2.3457,27696,0
20050929,2.3457,2.3921,2.3179,2.3921,40065,0
20050930,2.3921,2.5311,2.3921,2.4662,73804,0
20051003,2.5033,2.5868,2.5033,2.5497,109327,0
20051004,2.5126,2.6238,2.5126,2.5682,109425,0
20051005,2.5126,2.5589,2.5033,2.5589,16429,0
20051006,2.4662,2.5126,2.4384,2.5126,24609,0
20051007,2.3735,2.4291,2.3272,2.3921,119128,0
20051010,2.3642,2.3921,2.3457,2.3921,34072,0
20051011,2.3921,2.494,2.3921,2.4755,38607,0
20051012,2.4662,2.4755,2.3921,2.457,6951,0
20051013,2.4106,2.4106,2.3642,2.3642,12373,0
20051014,2.3642,2.3828,2.2623,2.2993,25298,0
20051017,2.2623,2.3272,2.2623,2.3272,3350,0
20051018,2.3179,2.3272,2.2808,2.3272,2762,0
20051019,2.2715,2.3179,2.1881,2.2901,11060,0
20051020,2.2808,2.2808,2.1881,2.2623,38343,0
20051021,2.253,2.3735,2.253,2.355,48133,0
20051024,2.3364,2.3364,2.2623,2.3364,17220,0
20051025,2.3364,2.355,2.3364,2.3457,5683,0
20051026,2.355,2.355,2.3364,2.3457,39518,0
20051027,2.3457,2.3457,2.2715,2.3364,5961,0
20051028,2.2993,2.2993,2.2993,2.2993,8308,0
20051031,2.3086,2.3735,2.3086,2.3735,18474,0
20051102,2.3735,2.3921,2.3364,2.3921,15942,0
20051103,2.3921,2.3921,2.355,2.3921,1464,0
20051104,2.3457,2.3921,2.3364,2.3364,4227,0
20051107,2.3364,2.3364,2.1603,2.1695,59188,0
20051108,2.1788,2.2066,2.1603,2.2066,22974,0
20051109,2.2437,2.3272,2.1603,2.2066,34045,0
20051110,2.1603,2.2344,2.1603,2.2344,38052,0
20051114,2.253,2.253,2.1232,2.2066,13904,0
20051115,2.151,2.1974,2.1232,2.1974,16890,0
20051116,2.1417,2.1603,2.1325,2.151,9028,0
20051117,2.1325,2.151,2.1232,2.151,16018,0
20051118,2.1046,2.1695,2.0397,2.1325,37707,0
20051121,2.1325,2.1325,2.0954,2.1325,6630,0
20051122,2.1325,2.1417,2.0954,2.1325,2758,0
20051123,2.1325,2.1325,2.049,2.0768,15685,0
20051124,2.0768,2.0768,2.049,2.0583,18620,0
20051125,2.0675,2.0954,2.0675,2.0768,6878,0
20051128,2.0768,2.1325,2.0768,2.1232,10409,0
20051129,2.151,2.151,2.1232,2.1325,11566,0
20051130,2.1232,2.1232,2.0861,2.1046,3698,0
20051201,2.1046,2.1325,2.0861,2.1325,2625,0
20051202,2.1325,2.1325,2.0954,2.1325,5165,0
20051205,2.0954,2.0954,2.0583,2.0768,15247,0
20051206,2.0768,2.1974,2.0026,2.1695,95987,0
20051207,2.1974,2.253,2.1325,2.151,141416,0
20051208,2.2344,2.2344,2.0397,2.0768,42721,0
20051209,2.0954,2.1232,2.0768,2.1046,16915,0
20051212,2.0954,2.1139,2.0768,2.0768,3347,0
20051213,2.1139,2.2066,2.1046,2.1232,105516,0
20051214,2.0861,2.1046,2.0861,2.1046,15938,0
20051215,2.1046,2.1232,2.0861,2.0861,26644,0
20051216,2.1232,2.1325,2.0768,2.1139,63419,0
20051219,2.1139,2.1325,2.0768,2.1232,24931,0
20051220,2.1232,2.2252,2.1139,2.2252,278943,0
20051221,2.2623,2.2623,2.1603,2.1603,163840,0
20051222,2.1603,2.1603,2.1325,2.1603,14149,0
20051223,2.1603,2.1603,2.1325,2.1603,20907,0
20051227,2.1417,2.1974,2.0768,2.0954,207040,0
20051228,2.1232,2.1417,2.0954,2.1417,27355,0
20051229,2.1325,2.1417,2.0768,2.1139,24368,0
20051230,2.0954,2.1232,2.0675,2.1139,51505,0
20060102,2.1417,2.1417,2.0768,2.1417,24480,0
20060103,2.1603,2.1881,2.1046,2.1695,54131,0
20060104,2.1881,2.2159,2.1603,2.1603,81428,0
20060105,2.1603,2.2066,2.1417,2.1881,23063,0
20060106,2.2066,2.3735,2.2066,2.2993,292893,0
20060109,2.3179,2.4013,2.2901,2.3364,168989,0
20060110,2.3364,2.3828,2.2993,2.3828,63082,0
20060111,2.3828,2.457,2.3735,2.3921,125952,0
20060112,2.4106,2.5126,2.3828,2.457,194678,0
20060113,2.457,2.457,2.3828,2.4291,79662,0
20060116,2.4199,2.5126,2.355,2.494,101078,0
20060117,2.5497,2.5868,2.3828,2.3828,197685,0
20060118,2.3828,2.4199,2.2623,2.3457,61787,0
20060119,2.3457,2.3921,2.3457,2.3735,37602,0
20060120,2.3642,2.5497,2.2901,2.4755,291543,0
20060123,2.5033,2.5219,2.3272,2.355,224182,0
20060124,2.4106,2.5126,2.4013,2.5033,131094,0
20060125,2.5126,2.5497,2.4199,2.5033,67927,0
20060126,2.457,2.5126,2.4384,2.4477,40855,0
20060127,2.457,2.4662,2.4013,2.4384,44184,0
20060130,2.4662,2.4848,2.3921,2.4199,23226,0
20060131,2.3921,2.4199,2.3735,2.3828,38629,0
20060201,2.3828,2.4199,2.3828,2.4199,27427,0
20060202,2.4106,2.4384,2.3828,2.3828,68001,0
20060203,2.3828,2.3828,2.2715,2.3364,45093,0
20060206,2.3086,2.3272,2.2901,2.3179,50959,0
20060207,2.3179,2.3179,2.2715,2.3086,31637,0
20060208,2.3086,2.3364,2.2993,2.3364,32995,0
20060209,2.3364,2.3457,2.2993,2.3179,9833,0
20060210,2.3086,2.3086,2.2437,2.2437,81540,0
20060213,2.2344,2.2437,2.1325,2.1325,93691,0
20060214,2.1603,2.2066,2.1325,2.1417,133509,0
20060215,2.1603,2.2159,2.1417,2.1417,69068,0
20060216,2.1695,2.1695,2.1046,2.1046,93264,0
20060217,2.1139,2.151,2.0954,2.1232,28623,0
20060220,2.1603,2.1603,2.1232,2.151,78812,0
20060221,2.1695,2.1881,2.1695,2.1788,58744,0
20060222,2.2066,2.2344,2.2066,2.2252,47870,0
20060223,2.2437,2.2437,2.2066,2.2344,17775,0
20060224,2.2159,2.2252,2.1881,2.1881,20512,0
20060227,2.2344,2.253,2.151,2.1695,53603,0
20060228,2.1695,2.2252,2.1695,2.1695,18413,0
20060301,2.1695,2.1695,2.1417,2.1603,19147,0
20060302,2.1325,2.1417,2.1325,2.1325,8823,0
20060303,2.1325,2.151,2.1139,2.1232,23852,0
20060306,2.1603,2.2159,2.1139,2.1881,19936,0
20060307,2.2066,2.2066,2.1139,2.1325,20592,0
20060308,2.1325,2.1325,2.0954,2.0954,22512,0
20060309,2.1139,2.1695,2.1139,2.151,20311,0
20060310,2.1139,2.1417,2.0861,2.1417,2268,0
20060313,2.1695,2.1695,2.0954,2.0954,14636,0
20060314,2.1046,2.1788,2.1046,2.1232,21525,0
20060315,2.1232,2.1417,2.1139,2.1417,15714,0
20060316,2.1603,2.1603,2.0954,2.1232,65688,0
20060317,2.1232,2.253,2.1232,2.2066,222611,0
20060320,2.2159,2.2993,2.2159,2.2344,104892,0
20060321,2.1881,2.2437,2.1788,2.1974,31658,0
20060322,2.1603,2.1881,2.1232,2.1603,54593,0
20060323,2.2066,2.3457,2.1974,2.2901,327619,0
20060324,2.2993,2.3735,2.2901,2.2901,130300,0
20060327,2.2901,2.3828,2.2623,2.355,89369,0
20060328,2.355,2.3642,2.2993,2.3179,29245,0
20060329,2.2993,2.3364,2.253,2.3364,46626,0
20060330,2.3272,2.3735,2.2901,2.3086,47832,0
20060331,2.3272,2.3828,2.3179,2.3735,134340,0
20060403,2.3828,2.4477,2.3457,2.3828,108602,0
20060404,2.4106,2.4199,2.355,2.3828,54552,0
20060405,2.4013,2.4013,2.3364,2.3921,57275,0
20060406,2.4013,2.457,2.355,2.4477,127520,0
20060407,2.4291,2.4662,2.3921,2.4199,71258,0
20060410,2.4199,2.5033,2.4013,2.457,73328,0
20060411,2.457,2.457,2.3364,2.3735,47497,0
20060412,2.3364,2.3828,2.2901,2.3828,52712,0
20060413,2.3735,2.4013,2.3272,2.3921,73871,0
20060418,2.355,2.3828,2.2808,2.3735,33101,0
20060419,2.3735,2.3828,2.3272,2.3828,37134,0
20060420,2.3364,2.7166,2.3364,2.7166,871299,0
20060421,2.8093,3.0318,2.698,2.8093,684084,0
20060424,2.7722,2.7722,2.6238,2.6795,116060,0
20060425,2.6424,2.902,2.5868,2.8371,269429,0
20060426,2.8556,2.9298,2.8278,2.8371,114516,0
20060427,2.7907,2.8185,2.7258,2.7629,38038,0
20060428,2.6795,3.0318,2.6795,2.9391,332565,0
20060502,3.1245,3.7179,3.1245,3.7086,1267938,0
20060504,3.9311,4.4132,3.7179,4.1258,1540622,0
20060505,3.857,3.9775,3.6808,3.894,857973,0
20060508,3.8106,3.8662,3.5603,3.6715,420608,0
20060509,3.6993,3.8477,3.4861,3.5417,322775,0
20060510,3.5417,4.0609,3.5046,3.8662,548655,0
20060511,3.8662,4.0331,3.7272,3.8477,260602,0
20060512,3.7642,3.894,3.7086,3.8384,111608,0
20060515,3.8477,3.8848,3.5881,3.6808,122165,0
20060516,3.6808,3.755,3.5603,3.6715,118300,0
20060517,3.653,3.8106,3.5974,3.6159,146058,0
20060518,3.6344,3.6808,3.5695,3.6715,57121,0
20060519,3.7086,3.8013,3.6623,3.755,60883,0
20060522,3.8106,3.8106,3.106,3.2821,75539,0
20060523,3.1987,3.4583,2.6238,3.4583,269588,0
20060524,3.449,3.6252,3.1987,3.4212,103954,0
20060525,3.5417,3.5974,3.1894,3.4212,148250,0
20060526,3.4583,3.5046,3.2914,3.3748,108128,0
20060529,3.4212,3.4212,3.2265,3.2728,73966,0
20060530,3.3285,3.3285,3.0318,3.2543,96253,0
20060531,3.1894,3.1894,3.0318,3.0411,107337,0
20060601,3.0411,3.1523,2.9391,3.004,74139,0
20060602,3.4583,3.8477,3.3748,3.6252,950560,0
20060605,3.653,3.7828,3.6252,3.6808,263277,0
20060606,3.4768,3.6066,3.4768,3.5417,90348,0
20060607,3.4861,3.5325,3.3841,3.5232,95202,0
20060608,3.4861,3.4861,3.2358,3.3192,97609,0
20060609,3.3377,3.4583,3.2543,3.3748,48528,0
20060612,3.4397,3.4397,2.9391,3.0318,96328,0
20060613,2.9205,2.9205,2.4199,2.8185,151357,0
20060614,2.7722,2.9576,2.6331,2.9298,56132,0
20060616,3.106,3.2358,2.9483,2.9947,110790,0
20060619,2.9854,3.0874,2.9391,2.9762,53733,0
20060620,2.9113,3.0411,2.902,2.9576,35595,0
20060621,3.1616,3.1801,2.9854,3.0967,69647,0
20060622,3.2079,3.2914,2.9947,3.0596,45374,0
20060623,2.9483,3.0596,2.9391,3.0318,43692,0
20060626,3.0318,3.0689,2.9576,3.0318,15360,0
20060627,2.9854,3.0689,2.9854,3.0689,30044,0
20060628,3.0689,3.1152,2.9391,3.0689,41426,0
20060629,3.0689,3.1616,3.0689,3.1523,21837,0
20060630,3.1616,3.4212,3.1616,3.2914,168985,0
20060703,3.3934,3.551,3.2914,3.5232,141515,0
20060704,3.6808,3.6808,3.3934,3.4212,203837,0
20060705,3.4954,3.4954,3.3563,3.4119,82852,0
20060706,3.4212,3.4583,3.3841,3.4583,29622,0
20060707,3.4861,3.4861,3.4026,3.4119,25846,0
20060710,3.2728,3.4397,3.1616,3.3563,46449,0
20060711,3.4119,3.4119,3.2636,3.2636,38559,0
20060712,3.3192,3.3934,3.2728,3.3285,30055,0
20060713,3.3285,3.3563,3.2728,3.2821,49431,0
20060714,3.2821,3.4119,3.1987,3.4119,36708,0
20060717,3.4583,3.4768,3.3285,3.4026,39808,0
20060718,3.3285,3.4212,3.3285,3.4212,27528,0
20060719,3.449,3.4583,3.3285,3.3377,34677,0
20060720,3.3656,3.5046,3.3007,3.4119,71811,0
20060721,3.4583,3.551,3.4583,3.4954,61730,0
20060724,3.5232,3.6808,3.5046,3.6066,135070,0
20060725,3.7179,3.8013,3.6344,3.8013,194708,0
20060726,3.8013,3.8013,3.7086,3.7272,49482,0
20060727,3.7272,3.8477,3.6901,3.8106,145645,0
20060728,3.8106,3.8291,3.7457,3.8199,56208,0
20060731,3.8199,4.0702,3.8106,3.894,204713,0
20060801,3.894,3.996,3.857,3.894,156398,0
20060802,3.857,4.0238,3.8013,4.0238,123008,0
20060803,4.2,4.2,3.8106,3.8106,356590,0
20060804,3.8106,3.9126,3.6344,3.9033,133265,0
20060807,3.7272,3.894,3.6808,3.6901,105992,0
20060808,3.7457,3.7642,3.6344,3.7642,79286,0
20060809,3.8477,3.8477,3.653,3.7086,84871,0
20060810,3.7179,3.7457,3.6344,3.7457,104488,0
20060811,3.7642,3.8199,3.6808,3.6808,52391,0
20060814,3.6808,3.7642,3.6623,3.7179,41265,0
20060816,3.7179,4.0146,3.6252,3.9775,180326,0
20060817,3.9868,3.9868,3.8106,3.8477,82065,0
20060818,3.8106,3.8106,3.7086,3.8106,63154,0
20060821,3.7179,3.7735,3.6715,3.6715,58759,0
20060822,3.653,3.7086,3.6344,3.6808,39224,0
20060823,3.6901,3.7921,3.6808,3.7642,39594,0
20060824,3.653,3.6993,3.6437,3.6808,39792,0
20060825,4.1073,4.2834,3.894,3.9033,1766838,0
20060828,3.9775,4.1258,3.7735,3.9775,287965,0
20060829,4.0053,4.2556,3.9219,4.2371,358927,0
20060830,4.3298,4.8861,4.2371,4.6265,1308827,0
20060831,4.7099,5.0159,4.5801,4.8026,701726,0
20060901,5.1921,6.9166,5.1457,6.9166,2391094,0
20060904,7.0834,8.5669,7.0834,7.5285,1742928,0
20060905,7.8623,7.9179,7.0371,7.2318,614281,0
20060906,7.6583,8.0477,7.2132,7.4358,688517,0
20060907,7.7325,7.7325,7.0093,7.0649,342287,0
20060908,7.1762,7.1854,6.6199,6.7219,412138,0
20060911,6.6384,6.7497,6.2583,6.4344,272833,0
20060912,6.4808,6.4808,6.1007,6.2954,305217,0
20060913,6.2861,8.0291,6.0358,7.853,1441324,0
20060914,7.6954,8.0384,7.2874,7.3709,717359,0
20060915,7.102,7.5563,7.0556,7.1483,261323,0
20060918,7.2689,7.2689,6.8424,6.9166,229508,0
20060919,6.9166,7.6119,6.5921,7.2689,221814,0
20060920,7.2689,7.5099,6.9444,7.1113,154599,0
20060921,6.9444,7.4079,6.9166,7.1762,115384,0
20060922,7.2689,8.0848,7.2689,7.8901,1074928,0
20060925,8.3166,8.4185,7.5192,7.6954,719510,0
20060926,7.955,7.9828,7.6861,7.6954,236067,0
20060927,7.6954,7.9921,7.306,7.5563,297856,0
20060928,7.6675,8.3351,7.6212,8.3351,404785,0
20060929,8.4093,9.0861,8.3351,8.6503,901888,0
20061002,8.9099,9.2344,8.7801,8.9656,409036,0
20061003,9.253,9.503,8.3444,8.3907,716312,0
20061004,8.3444,8.5483,7.955,8.1033,260187,0
20061005,8.1033,8.4556,8.1033,8.2424,202843,0
20061006,8.2887,8.4278,8.0477,8.2331,208207,0
20061009,8.0477,8.1868,7.8808,7.955,253020,0
20061010,8.0199,8.0199,7.7046,7.9364,138700,0
20061011,7.8252,8.4556,7.7139,8.4371,246145,0
20061012,8.6503,9.253,8.2146,9.0397,651314,0
20061013,9.1695,9.4291,8.8265,8.9563,335317,0
20061016,8.9007,9.1881,8.6596,8.8358,208101,0
20061017,8.7801,8.7801,8.0013,8.1775,371552,0
20061018,8.0848,8.1775,7.7881,8.0477,298858,0
20061019,8.1311,8.1775,7.955,8.0477,104104,0
20061020,8.0848,8.2609,7.955,8.1311,81194,0
20061023,8.2146,8.4556,8.1775,8.3629,72188,0
20061024,8.3258,8.3629,7.955,8.0384,126880,0
20061025,8.0477,8.1311,7.8715,8.0013,97465,0
20061026,8.1311,8.1775,7.7881,7.9364,153185,0
20061027,7.8715,8.0477,7.6583,7.8715,101789,0
20061030,7.6675,7.7881,7.5841,7.6954,52839,0
20061031,7.6397,8.2146,7.1947,7.8808,135350,0
20061102,8.2887,8.3073,7.6583,7.6675,279289,0
20061103,7.6675,7.7881,7.4358,7.5285,136880,0
20061106,8.1126,8.4556,8.0477,8.3907,670844,0
20061107,8.4,8.4093,7.955,7.9735,240429,0
20061108,8.0848,8.1219,7.7881,8.0106,117237,0
20061109,8.0477,8.0477,7.8159,7.8344,80221,0
20061110,7.7881,7.7974,7.6119,7.7139,127742,0
20061113,7.7881,7.8252,7.6119,7.6397,64147,0
20061114,7.7417,7.7695,7.6119,7.6583,97209,0
20061115,7.6119,7.7974,7.5377,7.6397,76508,0
20061116,7.7325,7.7325,7.5841,7.6119,46155,0
20061117,7.6954,7.6954,7.5007,7.5007,52138,0
20061120,7.5007,7.8715,7.4821,7.7325,74537,0
20061121,7.8159,8.0848,7.6861,8.0106,119693,0
20061122,8.1311,8.2146,7.8808,8.0384,116577,0
20061123,8.0848,9.3457,8.0848,9.2159,1443276,0
20061124,8.9934,8.9934,8.4742,8.5669,436736,0
20061127,8.6596,8.8172,8.3907,8.4742,211598,0
20061128,8.3073,8.3073,7.7881,8.1868,181431,0
20061129,8.2331,8.8636,8.1311,8.5669,215205,0
20061130,8.7245,8.8821,8.5669,8.6503,129665,0
20061201,8.7801,9.0768,8.5205,8.8914,232540,0
20061204,9.0026,10.152,8.9099,9.782,781040,0
20061205,9.819,10.264,9.494,9.67,493974,0
20061206,9.503,9.772,9.1046,9.3457,241646,0
20061207,9.3457,9.3457,9.0397,9.1695,159457,0
20061208,9.2993,9.661,9.1695,9.2808,130908,0
20061211,9.4755,9.494,9.1695,9.3457,93161,0
20061212,9.4755,9.763,9.3457,9.494,170102,0
20061213,9.513,9.661,9.2252,9.2252,90852,0
20061214,9.819,10.291,9.3179,9.3179,378109,0
20061215,9.253,9.3457,7.8159,8.9934,354347,0
20061218,9.0397,9.2715,8.6596,8.6967,127027,0
20061219,8.5854,8.5854,8.0291,8.3073,213148,0
20061220,8.1219,8.6967,8.1219,8.3907,164271,0
20061221,8.6503,8.7801,8.4371,8.5576,133162,0
20061222,8.6503,8.6503,8.4742,8.5854,137977,0
20061227,8.6503,8.9099,8.5391,8.6503,156543,0
20061228,8.7152,8.7152,8.3536,8.4371,485912,0
20061229,8.3907,8.4371,8.0662,8.3444,158718,0
20070102,8.2887,8.4742,7.8901,8.298,116600,0
20070103,8.5762,8.9841,8.4927,8.4927,142651,0
20070104,8.4371,8.4927,8.0662,8.3258,149686,0
20070105,8.3351,8.8079,8.1497,8.5947,162416,0
20070108,8.5298,8.5298,8.2609,8.3536,83985,0
20070109,8.4649,8.4649,8.1868,8.2887,77851,0
20070110,8.298,8.3166,8.0291,8.057,67184,0
20070111,8.0848,8.3444,7.9364,7.9921,86922,0
20070112,8.2424,8.2424,7.9735,8.0477,167195,0
20070115,7.853,8.298,7.7881,8.0662,128907,0
20070116,8.1497,8.1497,7.9179,8.0755,80227,0
20070117,8.0755,8.1126,7.8993,7.955,97157,0
20070118,8.0848,8.5854,8.0199,8.3907,181897,0
20070119,8.4834,9.2066,8.4371,9.0861,334216,0
20070122,9.4384,9.54,9.0861,9.0861,211890,0
20070123,8.8079,8.9934,8.4371,8.9934,107911,0
20070124,8.9656,8.9748,8.6225,8.6689,64389,0
20070125,9.2715,10.013,8.947,9.893,724008,0
20070126,9.615,10.291,9.4106,9.605,411378,0
20070129,9.911,10.18,9.55,9.596,317152,0
20070130,9.642,10.013,9.4662,9.911,104682,0
20070131,10.078,10.523,10.078,10.468,379942,0
20070201,10.672,10.876,10.523,10.616,243033,0
20070202,10.477,10.514,9.93,10.06,223225,0
20070205,10.004,10.245,9.633,9.995,124651,0
20070206,10.013,10.013,9.754,9.828,85489,0
20070207,9.921,9.921,9.2808,9.55,106423,0
20070208,9.3642,9.3642,8.8543,8.9192,158463,0
20070209,8.7338,9.605,8.7245,9.494,128113,0
20070212,9.642,9.642,9.0119,9.596,84926,0
20070213,9.3735,9.3735,8.7152,8.9007,356454,0
20070214,9.151,9.2715,8.947,9.0026,159884,0
20070215,9.2715,9.652,8.8079,8.9007,236214,0
20070216,8.9099,8.9099,8.6225,8.7152,78043,0
20070219,8.6225,8.9934,8.5947,8.8172,72052,0
20070220,8.8358,8.9192,8.5947,8.6225,80961,0
20070221,8.8079,8.845,8.4927,8.5205,136937,0
20070222,9.0397,9.0861,8.8079,8.9007,325740,0
20070223,9.0583,9.0675,8.8265,8.8636,120325,0
20070226,8.8636,8.9841,8.7152,8.7152,98862,0
20070227,8.7152,8.7152,7.9272,8.0662,217133,0
20070228,7.5656,8.1589,7.5656,7.955,159992,0
20070301,8.4371,8.6225,7.7881,8.0013,165079,0
20070302,8.2331,8.3351,8.057,8.3073,82239,0
20070305,7.6026,8.094,7.6026,7.8808,150062,0
20070306,7.9828,8.0662,7.8066,7.9921,82685,0
20070307,8.1682,8.2702,8.0662,8.1497,74291,0
20070308,8.1589,8.3258,8.1589,8.3073,57241,0
20070309,8.2517,8.3815,8.1497,8.2146,41543,0
20070312,8.2517,8.3815,8.196,8.2053,51851,0
20070313,8.2702,8.2702,7.9735,8.0662,42867,0
20070314,7.8344,8.1589,7.7881,8.1589,95478,0
20070315,8.298,8.5113,8.298,8.4185,83851,0
20070316,8.502,8.9377,8.502,8.743,417034,0
20070319,8.8172,9.1325,8.8172,9.0397,242337,0
20070320,9.0861,9.55,8.9192,9.2715,636644,0
20070321,9.624,9.828,9.4755,9.735,731007,0
20070322,9.911,10.013,9.3735,9.522,448196,0
20070323,9.4477,9.707,9.1881,9.531,326115,0
20070326,9.652,9.726,9.457,9.457,191915,0
20070327,9.4662,9.624,9.3735,9.4848,151337,0
20070328,9.457,10.004,9.3735,9.642,375161,0
20070329,9.735,10.106,9.735,10.013,636521,0
20070330,10.199,10.644,10.152,10.421,673195,0
20070402,10.764,13.536,10.764,13.536,2331055,0
20070403,14.927,15.344,13.629,14.065,1850144,0
20070404,13.722,14.074,13.027,13.119,659152,0
20070405,12.887,13.833,12.248,13.258,834533,0
20070410,13.536,14.185,13.258,13.555,364600,0
20070411,13.638,13.638,12.98,12.98,412773,0
20070412,12.702,12.795,11.858,12.238,583574,0
20070413,12.517,12.887,12.424,12.609,218890,0
20070416,12.869,12.952,12.257,12.47,203640,0
20070417,12.48,12.507,11.914,12.368,158929,0
20070418,12.517,13.954,12.517,13.212,922116,0
20070419,12.776,13.536,12.526,13.444,256215,0
20070420,13.907,14.714,13.638,14.584,825299,0
20070423,14.927,17.152,14.38,15.687,1608679,0
20070424,15.854,15.956,14.742,14.881,451535,0
20070425,14.742,15.743,14.649,15.632,272540,0
20070426,16.272,16.476,15.799,15.947,322015,0
20070427,16.04,16.559,15.576,16.531,501908,0
20070430,16.698,17.06,15.029,15.122,685675,0
20070502,15.113,15.623,14.89,15.196,292131,0
20070504,15.938,15.947,15.483,15.697,212812,0
20070507,15.715,15.762,14.742,14.946,363861,0
20070508,14.491,14.881,13.935,13.935,315735,0
20070509,13.935,14.399,13.073,13.991,727835,0
20070510,14.185,14.325,12.98,13.156,371035,0
20070511,12.656,13.629,12.378,13.62,540707,0
20070514,14.278,14.278,13.156,13.536,283280,0
20070515,13.351,13.351,12.795,12.98,267782,0
20070516,12.776,13.11,12.517,13.11,170592,0
20070517,13.351,13.444,12.748,12.962,117464,0
20070518,12.656,12.98,12.656,12.887,122392,0
20070521,13.027,13.536,13.027,13.286,164485,0
20070522,13.536,13.536,13.166,13.407,144010,0
20070523,13.536,14.278,13.462,14.111,328045,0
20070524,13.768,14.352,13.536,14.352,210923,0
20070525,13.907,14.074,13.75,13.861,119174,0
20070528,13.648,14.037,13.648,13.778,99346,0
20070529,14.046,14.26,13.629,13.722,241449,0
20070530,13.583,13.583,12.989,13.258,131822,0
20070531,13.305,13.518,13.175,13.481,114048,0
20070601,13.518,13.518,13.305,13.314,90188,0
20070604,13.258,13.351,12.887,12.999,118867,0
20070605,13.119,13.166,12.869,12.878,142032,0
20070606,12.98,12.98,12.702,12.776,74841,0
20070608,12.609,12.619,11.497,12.415,220936,0
20070611,12.702,12.934,12.424,12.535,147056,0
20070612,12.702,12.841,12.47,12.517,149725,0
20070613,12.517,12.683,12.34,12.517,164111,0
20070614,12.721,13.212,12.702,13.166,343403,0
20070615,13.351,13.815,13.268,13.36,324448,0
20070618,15.02,15.576,14.649,15.252,1591074,0
20070619,15.029,15.205,14.093,14.093,719114,0
20070620,13.917,14.13,13.592,13.629,422678,0
20070621,13.453,13.629,13.351,13.472,148202,0
20070622,13.611,14.185,13.49,13.87,223158,0
20070625,13.722,13.815,13.453,13.713,150281,0
20070626,13.583,13.87,13.305,13.62,233451,0
20070627,13.536,13.536,12.98,13.073,328265,0
20070628,13.166,13.397,13.129,13.193,144738,0
20070629,13.212,13.37,12.804,13.073,134824,0
20070702,12.98,13.064,12.637,12.832,91465,0
20070703,13.898,13.972,13.462,13.49,404666,0
20070704,13.629,13.629,12.98,13.166,169880,0
20070705,13.166,13.444,12.776,13.166,193302,0
20070706,13.166,13.444,13.091,13.11,98805,0
20070709,13.342,13.342,12.887,12.971,108377,0
20070710,12.748,12.887,12.609,12.665,167835,0
20070711,12.665,12.915,12.535,12.582,100233,0
20070712,12.619,12.804,12.396,12.6,112621,0
20070713,12.609,12.795,12.609,12.628,79257,0
20070716,12.628,12.646,11.589,12.081,166422,0
20070717,12.109,12.238,11.682,12.211,159584,0
20070718,12.238,12.238,11.914,11.988,116156,0
20070719,12.053,12.748,12.053,12.702,128515,0
20070720,12.711,12.887,12.424,12.424,77918,0
20070723,12.424,12.424,12.053,12.22,71253,0
20070724,12.313,12.313,12.062,12.099,41452,0
20070725,11.96,12.053,11.589,11.96,109554,0
20070726,11.914,12.146,11.311,11.562,88878,0
20070727,11.172,11.534,10.94,11.265,187872,0
20070730,11.265,11.914,11.219,11.868,103783,0
20070731,12.146,13.027,12.146,12.878,206297,0
20070801,12.053,12.424,12.053,12.238,200092,0
20070802,12.693,12.887,11.599,12.09,217480,0
20070803,12.238,12.34,11.617,11.673,93893,0
20070806,11.265,11.701,11.126,11.506,176377,0
20070807,12.025,12.025,11.302,11.367,77677,0
20070808,11.599,11.858,11.478,11.775,94729,0
20070809,11.868,11.895,11.209,11.358,102268,0
20070810,10.987,11.775,10.987,11.144,386978,0
20070813,11.58,11.589,10.848,11.117,202144,0
20070814,11.08,11.08,10.254,10.301,131036,0
20070816,9.642,9.689,8.1589,8.5205,487555,0
20070817,8.4093,9.1325,7.9272,9.0861,384661,0
20070820,9.782,9.856,9.1325,9.4384,337282,0
20070821,9.2715,9.2715,8.8079,9.0397,168129,0
20070822,9.0861,9.559,8.9099,9.531,153881,0
20070823,9.828,9.967,9.559,9.596,146098,0
20070824,9.3735,9.921,9.2715,9.874,194942,0
20070827,10.097,10.477,10.013,10.18,202023,0
20070828,10.004,10.171,9.642,9.642,150296,0
20070829,9.0768,9.921,9.0026,9.921,239037,0
20070830,10.523,10.616,9.55,10.013,266809,0
20070831,10.291,10.449,10.023,10.384,229835,0
20070903,10.468,10.56,10.356,10.523,95914,0
20070904,10.468,11.005,10.264,11.005,212936,0
20070905,10.987,11.543,10.662,10.662,380555,0
20070906,10.755,10.987,10.227,10.245,354800,0
20070907,10.495,10.514,9.4848,9.698,200594,0
20070910,9.3642,9.689,9.2344,9.4013,159776,0
20070911,9.605,9.689,9.4199,9.615,97823,0
20070912,9.642,9.642,9.4106,9.503,40659,0
20070913,9.55,9.772,9.4199,9.68,84129,0
20070914,9.819,9.846,9.4199,9.568,56170,0
20070917,9.55,9.55,9.3179,9.4199,46353,0
20070918,9.3272,9.642,9.3272,9.633,86414,0
20070919,10.013,10.199,10.004,10.152,205805,0
20070920,10.06,10.134,9.93,10.013,105551,0
20070921,9.967,10.264,9.967,10.069,122164,0
20070924,10.106,10.282,9.967,10.106,96064,0
20070925,10.162,10.162,9.846,9.967,49487,0
20070926,9.995,10.273,9.995,10.245,184914,0
20070927,10.06,10.236,9.985,9.985,195281,0
20070928,10.143,10.143,9.642,9.985,64873,0
20071001,9.985,9.985,9.55,9.856,59303,0
20071002,10.189,10.189,9.652,9.782,69739,0
20071003,9.707,9.874,9.54,9.707,60112,0
20071004,9.633,10.199,9.633,9.967,157034,0
20071005,10.013,10.106,9.874,10.004,65965,0
20071008,10.106,10.199,10.041,10.05,112051,0
20071009,10.097,10.18,10.023,10.152,76730,0
20071010,10.189,10.189,10.023,10.189,41906,0
20071011,10.199,10.801,10.106,10.542,403716,0
20071012,10.616,10.616,10.264,10.431,105338,0
20071015,11.126,11.589,10.848,11.367,516973,0
20071016,11.283,11.33,10.811,10.811,330108,0
20071017,10.848,10.885,10.56,10.625,157908,0
20071018,10.755,10.811,10.134,10.199,217368,0
20071019,10.097,10.44,10.041,10.245,111670,0
20071022,9.883,10.106,9.717,10.004,95651,0
20071023,10.245,10.245,9.865,10.004,99099,0
20071024,9.958,9.967,9.754,9.782,77880,0
20071025,9.782,9.828,9.587,9.642,87372,0
20071026,9.726,9.726,9.457,9.457,87430,0
20071029,9.735,9.911,9.67,9.726,55710,0
20071030,9.819,10.106,9.652,9.68,53096,0
20071031,9.689,9.809,9.587,9.661,32889,0
20071102,8.9934,9.253,8.8265,8.9285,348017,0
20071105,8.706,8.706,8.2609,8.3351,323631,0
20071106,8.1404,8.298,7.9921,8.2053,199619,0
20071107,8.2053,8.4093,7.306,7.4172,350143,0
20071108,6.898,7.2689,6.5828,6.8146,453498,0
20071109,6.8795,7.0371,6.1656,6.1934,510930,0
20071112,6.1099,6.4901,5.7483,6.4252,463030,0
20071113,6.4344,6.4437,6.2212,6.351,220789,0
20071114,6.4993,6.6384,6.2212,6.3046,248908,0
20071115,6.2026,6.2583,5.5907,5.7947,362401,0
20071116,5.7947,5.7947,5.294,5.5815,363552,0
20071119,5.5629,5.6464,5.3404,5.3589,177831,0
20071120,5.2848,5.2848,4.8026,4.8861,571939,0
20071121,4.6358,4.6358,4.1722,4.1722,694316,0
20071122,4.1722,4.9974,3.8013,4.8026,964863,0
20071123,5.0066,5.2662,5.0066,5.2013,591983,0
20071126,5.5166,5.8318,5.2106,5.6464,952383,0
20071127,5.2106,5.7298,5.2106,5.6464,453863,0
20071128,6.0265,6.3325,5.6093,6.3325,785654,0
20071129,6.4252,6.7219,5.7947,6.0728,1080718,0
20071130,5.943,6.3695,5.906,6.1007,393769,0
20071203,5.6649,5.7854,5.4053,5.4053,926289,0
20071204,5.2848,5.2848,5.0344,5.1457,515533,0
20071205,5.2384,5.6093,5.2013,5.5444,411741,0
20071206,5.6556,5.702,5.3404,5.498,251688,0
20071207,5.4702,5.5536,5.2384,5.3868,334217,0
20071210,5.294,5.4517,5.2291,5.2848,166553,0
20071211,5.294,5.3311,4.9695,5.0993,372957,0
20071212,4.9232,5.1272,4.8212,5.0437,308842,0
20071213,4.9417,5.0066,4.8768,4.9695,276446,0
20071214,4.9325,4.9974,4.8212,4.9139,272169,0
20071217,4.8026,4.8119,4.5894,4.6821,370498,0
20071218,4.6358,4.9139,4.4318,4.8397,420203,0
20071219,4.9139,4.9232,4.6265,4.8305,320628,0
20071220,4.7377,4.7934,4.6358,4.747,492127,0
20071221,4.7377,5.053,4.7192,4.747,490691,0
20071227,4.8212,4.8954,4.7748,4.8026,112379,0
20071228,4.7656,4.7748,4.7007,4.747,87478,0
20080102,4.7656,5.1828,4.7285,5.0066,179447,0
20080103,4.8675,5.6185,4.8397,5.5907,854641,0
20080104,5.5351,5.5907,5.2106,5.3775,408737,0
20080107,5.1828,5.2662,5.0066,5.2384,271639,0
20080108,5.1921,5.3311,4.9139,5.0715,190128,0
20080109,4.9139,4.9139,4.506,4.7377,241312,0
20080110,4.7841,4.8954,4.4967,4.506,142699,0
20080111,4.5152,4.7099,4.5152,4.5801,92963,0
20080114,4.4503,4.6636,4.3391,4.543,165096,0
20080115,4.6358,4.6914,4.1815,4.1907,169908,0
20080116,3.9775,4.0795,3.7179,3.9126,359805,0
20080117,4.1351,4.2278,3.9404,4.1722,224372,0
20080118,4.0424,4.5245,4.0238,4.506,188860,0
20080121,4.3113,4.404,4.1722,4.1815,187366,0
20080122,4.0424,4.3854,3.894,4.3391,199647,0
20080123,4.543,4.543,4.1536,4.2556,123203,0
20080124,4.4967,4.5894,4.4132,4.5616,196811,0
20080125,4.9788,5.053,4.6914,4.8212,452776,0
20080128,4.6821,4.7748,4.543,4.5894,179497,0
20080129,4.8119,4.951,4.7285,4.8305,198446,0
20080130,4.9139,4.9139,4.7656,4.8583,114663,0
20080131,4.8675,5.2291,4.8305,4.9788,360555,0
20080201,5.3311,5.5351,5.2848,5.4702,672377,0
20080204,5.6464,5.702,5.4702,5.4702,364525,0
20080205,5.4238,5.5073,5.2013,5.2013,243766,0
20080206,5.0993,5.4053,4.9788,5.3775,307530,0
20080207,5.3775,5.6185,5.1828,5.294,405853,0
20080208,5.3497,5.3589,5.0623,5.2384,182243,0
20080211,5.1921,5.3311,5.1364,5.1364,128666,0
20080212,5.1921,5.5166,5.0993,5.396,318860,0
20080213,5.3589,5.4609,5.2848,5.4146,172579,0
20080214,5.4887,5.5351,5.2662,5.2848,142673,0
20080215,5.1457,5.2384,5.053,5.0993,210096,0
20080218,5.0901,5.396,5.0901,5.3311,164022,0
20080219,5.2848,5.4517,5.1921,5.3589,156060,0
20080220,5.2848,5.3497,5.2199,5.2848,89037,0
20080221,5.3868,5.4146,5.294,5.3311,33624,0
20080222,5.2662,5.3311,5.2106,5.3126,29125,0
20080225,5.4238,5.6927,5.3868,5.5722,468981,0
20080226,5.7205,5.906,5.4702,5.6464,649759,0
20080227,5.6927,5.7298,5.4702,5.5907,170332,0
20080228,5.5444,5.6,5.4517,5.498,78131,0
20080229,5.4238,5.5073,5.3775,5.4238,109075,0
20080303,5.1921,5.2013,5.0715,5.1272,157012,0
20080304,5.1272,5.2848,5.0715,5.1642,102512,0
20080305,5.2384,5.396,5.1272,5.3219,133937,0
20080306,5.2199,5.3497,5.1921,5.1921,40789,0
20080307,5.0623,5.1921,5.0344,5.1921,44189,0
20080310,5.0993,5.3126,5.0993,5.2106,23533,0
20080311,5.2662,5.3589,5.1457,5.2848,71303,0
20080312,5.3868,5.4238,5.1735,5.3126,83603,0
20080313,5.1642,5.1921,5.0715,5.1457,39602,0
20080314,5.1828,5.2384,5.1364,5.1735,20691,0
20080317,5.053,5.0993,4.9139,5.0437,89749,0
20080318,5.0066,5.3497,5.0066,5.3126,141046,0
20080319,5.3868,5.4424,5.2384,5.3404,114226,0
20080320,5.2477,5.6,5.2477,5.5815,311802,0
20080325,5.7854,5.9245,5.7113,5.8132,376539,0
20080326,5.8503,5.906,5.7483,5.7947,211811,0
20080327,5.7947,5.8781,5.7205,5.7298,115339,0
20080328,5.7298,5.7762,5.702,5.7298,30183,0
20080331,5.702,5.702,5.5166,5.702,165855,0
20080401,5.7113,5.7113,5.6093,5.6093,48516,0
20080402,5.702,5.8596,5.6,5.7947,243006,0
20080403,5.7947,5.8503,5.6556,5.7298,34571,0
20080404,5.702,5.7391,5.6278,5.7391,40128,0
20080407,5.7298,5.8689,5.702,5.7762,86443,0
20080408,5.7854,5.7854,5.6278,5.6371,41080,0
20080409,5.7947,6.1656,5.7576,6.0728,570372,0
20080410,6.1192,6.2397,5.9894,6.0172,418503,0
20080411,6.1099,6.1563,5.7669,5.7669,183965,0
20080414,5.6556,5.8411,5.2848,5.6464,160912,0
20080415,5.6742,5.6927,5.4702,5.5907,65746,0
20080416,5.6185,5.7483,5.5444,5.6464,59751,0
20080417,5.6556,5.6742,5.4238,5.4702,76533,0
20080418,5.4702,5.5629,5.4053,5.4424,87403,0
20080421,5.5073,5.5073,5.2848,5.2848,97749,0
20080422,5.2477,5.257,4.8861,5.0066,181342,0
20080423,5.0159,5.053,4.8583,5.0066,94498,0
20080424,5.053,5.0808,5.0066,5.0623,52258,0
20080425,5.0993,5.3126,5.0993,5.1921,71106,0
20080428,5.2384,5.2384,5.0993,5.2199,35485,0
20080429,5.1828,5.2477,5.1272,5.2199,13245,0
20080430,5.2013,5.2384,5.0808,5.2106,23273,0
20080505,5.2384,5.3219,5.2106,5.2477,74736,0
20080506,5.1735,5.2013,5.053,5.1364,87231,0
20080507,5.0993,5.2477,5.0993,5.2384,37197,0
20080508,5.1828,5.2477,5.1364,5.2477,36634,0
20080509,5.1828,5.2291,5.1828,5.2291,10365,0
20080512,5.1735,5.2291,5.155,5.1735,15880,0
20080513,5.2013,5.2013,5.1179,5.1364,17588,0
20080514,5.1921,5.1921,5.0437,5.155,33933,0
20080515,5.1179,5.1642,4.9695,5.0252,38412,0
20080516,5.0252,5.0808,4.9695,5.0715,45141,0
20080519,5.0715,5.0715,4.9417,4.9881,21552,0
20080520,4.9139,4.9139,4.543,4.543,120928,0
20080521,4.6079,4.7099,4.5894,4.7099,68215,0
20080523,4.7192,4.7748,4.6358,4.7748,31286,0
20080526,4.6636,4.8861,4.6636,4.8212,13632,0
20080527,4.7841,4.7841,4.7099,4.7285,10555,0
20080528,4.7285,4.8583,4.7285,4.7377,19206,0
20080529,4.7656,4.7656,4.6265,4.645,35611,0
20080530,4.7099,4.7099,4.6358,4.6821,15689,0
20080602,4.645,4.645,4.5987,4.6358,29804,0
20080603,4.6358,4.6636,4.5894,4.6358,17034,0
20080604,4.6543,4.6543,4.5523,4.5987,14223,0
20080605,4.5894,4.6079,4.4967,4.5987,39451,0
20080606,4.6358,4.6358,4.506,4.543,22054,0
20080609,4.4874,4.4874,4.2371,4.2834,64949,0
20080610,4.2649,4.2649,4.0331,4.1166,33732,0
20080611,4.1258,4.1629,3.9219,4.0702,56273,0
20080612,3.9404,4.098,3.9404,4.0424,30437,0
20080613,4.0238,4.0887,3.996,4.0887,9859,0
20080616,4.1166,4.1444,4.0517,4.0609,15592,0
20080617,4.0517,4.0795,3.9868,4.0609,12006,0
20080618,4.0146,4.0424,3.9868,4.0424,24732,0
20080619,3.9497,4.0424,3.9497,4.0331,15726,0
20080620,4.0609,4.0609,3.9868,4.0517,12006,0
20080623,3.9868,3.996,3.8013,3.8755,46605,0
20080624,3.8291,3.857,3.6159,3.7457,50531,0
20080625,3.6623,3.7457,3.6623,3.7086,28951,0
20080626,3.6993,3.7457,3.6623,3.7086,33905,0
20080627,3.7086,3.7086,3.6344,3.6993,19044,0
20080630,3.69,3.7,3.62,3.68,33140,0
20080701,3.6715,3.6715,3.4305,3.5232,41398,0
20080702,3.5974,3.653,3.3841,3.5788,17227,0
20080703,3.4305,3.551,3.4305,3.5232,19263,0
20080704,3.4861,3.5417,3.4305,3.4305,19264,0
20080707,3.4305,3.4305,3.1709,3.2636,35818,0
20080708,3.1709,3.2543,3.143,3.1709,70374,0
20080709,3.1894,3.3841,3.1709,3.1987,282368,0
20080710,3.245,3.5603,3.245,3.4861,211637,0
20080711,3.5325,3.6437,3.4119,3.4675,144613,0
20080714,3.5139,3.6808,3.5046,3.6623,60616,0
20080715,3.6066,3.6623,3.551,3.5603,133310,0
20080716,3.6437,3.653,3.5788,3.6066,48783,0
20080717,3.6623,3.7457,3.6066,3.6808,149671,0
20080718,3.653,3.7828,3.653,3.7735,78767,0
20080721,3.7179,3.9219,3.7179,3.894,54814,0
20080722,3.894,3.9682,3.8384,3.857,47659,0
20080723,4.0887,4.1629,4.0795,4.098,73657,0
20080724,4.1258,4.1351,3.8755,3.8848,81645,0
20080725,3.7735,4.0517,3.7735,4.0424,52840,0
20080728,4.05,4.21,4.05,4.17,60537,0
20080729,4.12,4.19,4.08,4.19,15837,0
20080730,4.2464,4.3483,4.1351,4.1722,83893,0
20080731,4.22,4.26,4.01,4.12,69395,0
20080801,4.2649,4.2927,4.0887,4.0887,206434,0
20080804,4.1073,4.2556,4.1073,4.1258,67249,0
20080805,4.2278,4.3854,4.2093,4.2649,108157,0
20080806,4.35,4.38,4.23,4.27,117963,0
20080807,4.23,4.31,4.14,4.17,114463,0
20080808,4.17,4.28,4.1,4.14,130259,0
20080811,4.15,4.24,4.14,4.2,143775,0
20080812,4.25,4.25,4.05,4.12,52828,0
20080813,4.12,4.12,3.96,4.01,48319,0
20080814,3.96,4.03,3.92,3.93,81977,0
20080818,3.95,3.98,3.86,3.93,37338,0
20080819,3.9,3.9,3.7,3.77,93050,0
20080820,3.8,3.8,3.68,3.73,43909,0
20080821,3.79,4.05,3.73,3.87,111798,0
20080822,3.9,4.02,3.9,3.97,74016,0
20080825,3.87,3.96,3.87,3.91,44744,0
20080826,3.9,3.97,3.85,3.97,46545,0
20080827,3.95,3.97,3.87,3.93,20476,0
20080828,3.9,3.95,3.9,3.95,7409,0
20080829,3.97,3.97,3.86,3.88,50727,0
20080901,3.87,3.87,3.79,3.83,57452,0
20080902,3.83,3.93,3.83,3.92,75231,0
20080903,3.94,3.97,3.85,3.86,45050,0
20080904,3.9,3.94,3.82,3.94,72169,0
20080905,3.9,3.9,3.79,3.79,41043,0
20080908,3.85,3.9,3.77,3.79,30822,0
20080909,3.77,3.84,3.75,3.75,21100,0
20080910,3.68,3.68,3.61,3.68,32666,0
20080911,3.68,3.7,3.55,3.66,19473,0
20080912,3.68,3.68,3.6,3.65,19816,0
20080915,3.64,3.64,3.47,3.5,39898,0
20080916,3.47,3.47,3.35,3.4,79682,0
20080917,3.44,3.53,3.32,3.38,44428,0
20080918,3.22,3.35,3.2,3.28,48166,0
20080919,3.4,3.47,3.37,3.4,46302,0
20080922,3.45,3.45,3.37,3.37,25206,0
20080923,3.34,3.34,3.23,3.34,33679,0
20080924,3.35,3.4,3.32,3.36,15554,0
20080925,3.32,3.42,3.3,3.4,36759,0
20080926,3.33,3.41,3.33,3.35,16736,0
20080929,3.39,3.39,3.15,3.15,35479,0
20080930,2.98,3.1,2.9,3.1,69560,0
20081001,3.1,3.2,3.07,3.13,16933,0
20081002,3.15,3.16,3.05,3.11,23793,0
20081003,3.11,3.13,3.04,3.08,19971,0
20081006,3.01,3.01,2.73,2.85,58808,0
20081007,2.8,2.86,2.66,2.79,71621,0
20081008,2.53,2.73,2.53,2.64,133953,0
20081009,2.73,2.79,2.64,2.7,48689,0
20081010,2.6,2.6,2.34,2.4,123537,0
20081013,2.51,2.55,2.4,2.5,56223,0
20081014,2.6,2.68,2.6,2.66,50996,0
20081015,2.62,2.67,2.41,2.41,53234,0
20081016,2.28,2.39,2.27,2.38,62407,0
20081017,2.46,2.46,2.25,2.39,38447,0
20081020,2.45,2.47,2.3,2.41,147690,0
20081021,2.45,2.51,2.45,2.47,31362,0
20081022,2.4,2.45,2.3,2.4,17865,0
20081023,2.35,2.5,2.3,2.35,27495,0
20081024,2.27,2.35,2.26,2.26,52585,0
20081027,2.28,2.28,2.2,2.28,46912,0
20081028,2.38,2.4,2.28,2.38,38965,0
20081029,2.43,2.54,2.4,2.5,70389,0
20081030,2.51,2.57,2.45,2.5,48367,0
20081031,2.43,2.5,2.4,2.5,22223,0
20081103,2.56,2.59,2.5,2.53,67084,0
20081104,2.58,2.69,2.53,2.62,121808,0
20081105,2.66,2.66,2.49,2.54,76174,0
20081106,2.46,2.48,2.41,2.45,34730,0
20081107,2.45,2.49,2.42,2.48,18280,0
20081110,2.52,2.54,2.47,2.53,10805,0
20081112,2.47,2.47,2.42,2.46,13369,0
20081113,2.36,2.52,2.36,2.48,29734,0
20081114,2.59,2.59,2.37,2.46,33317,0
20081117,2.46,2.46,2.35,2.45,6529,0
20081118,2.33,2.41,2.33,2.35,2494,0
20081119,2.41,2.42,2.32,2.39,9688,0
20081120,2.3,2.3,2.21,2.25,28258,0
20081121,2.22,2.32,2.22,2.3,9813,0
20081124,2.35,2.35,2.25,2.34,12690,0
20081125,2.28,2.38,2.26,2.28,17850,0
20081126,2.36,2.36,2.15,2.22,21074,0
20081127,2.23,2.25,2.1,2.16,47243,0
20081128,2.19,2.19,2.1,2.1,27051,0
20081201,2.08,2.08,1.95,1.95,42563,0
20081202,1.81,1.9,1.81,1.85,55831,0
20081203,1.89,1.89,1.81,1.85,17542,0
20081204,1.85,1.88,1.82,1.84,14907,0
20081205,1.81,1.84,1.78,1.82,63067,0
20081208,1.88,1.92,1.81,1.9,62262,0
20081209,1.91,1.93,1.85,1.89,31986,0
20081210,1.91,1.95,1.89,1.93,50350,0
20081211,1.88,1.91,1.85,1.9,30961,0
20081212,1.83,1.89,1.83,1.87,42350,0
20081215,1.85,1.87,1.82,1.85,27797,0
20081216,1.83,1.85,1.81,1.84,30253,0
20081217,1.86,1.86,1.81,1.85,28673,0
20081218,1.83,1.85,1.82,1.82,29451,0
20081219,1.82,1.85,1.78,1.8,45844,0
20081222,1.78,1.78,1.69,1.7,62318,0
20081223,1.61,1.7,1.61,1.67,68145,0
20081229,1.69,1.69,1.62,1.62,36778,0
20081230,1.62,1.66,1.62,1.64,50179,0
20081231,1.64,1.73,1.64,1.67,187804,0
20090105,1.68,1.77,1.68,1.77,110437,0
20090106,1.79,1.88,1.75,1.77,185550,0
20090107,1.79,1.83,1.69,1.69,210579,0
20090108,1.69,1.73,1.67,1.69,67118,0
20090109,1.72,1.92,1.68,1.83,352496,0
20090112,1.84,2.22,1.84,2.14,720856,0
20090113,2.16,2.28,2,2.13,667284,0
20090114,2.15,2.17,1.92,1.92,283236,0
20090115,1.93,1.96,1.84,1.87,86410,0
20090116,1.96,2.09,1.93,2.01,183917,0
20090119,2.09,2.09,1.91,1.95,85529,0
20090120,1.93,1.98,1.91,1.96,60785,0
20090121,1.9,1.9,1.84,1.89,97145,0
20090122,1.91,1.98,1.79,1.86,78798,0
20090123,1.82,1.82,1.74,1.79,37481,0
20090126,1.78,1.89,1.78,1.86,52423,0
20090127,1.88,1.89,1.8,1.84,73167,0
20090128,1.87,1.88,1.78,1.79,30007,0
20090129,1.81,1.81,1.75,1.79,24274,0
20090130,1.74,1.78,1.73,1.73,28569,0
20090202,1.69,1.72,1.68,1.7,34761,0
20090203,1.63,1.7,1.63,1.66,60522,0
20090204,1.66,1.68,1.64,1.68,30607,0
20090205,1.67,1.68,1.6,1.61,127972,0
20090206,1.66,1.69,1.61,1.69,93305,0
20090209,1.7,1.87,1.66,1.85,149971,0
20090210,1.85,1.95,1.81,1.83,81299,0
20090211,1.78,1.82,1.76,1.79,37405,0
20090212,1.83,1.86,1.74,1.75,94527,0
20090213,1.79,1.8,1.73,1.77,13259,0
20090216,1.77,1.77,1.68,1.69,41079,0
20090217,1.65,1.7,1.59,1.65,41747,0
20090218,1.63,1.68,1.59,1.67,34409,0
20090219,1.7,1.73,1.62,1.71,32419,0
20090220,1.67,1.71,1.66,1.71,11252,0
20090223,1.72,1.74,1.69,1.69,28502,0
20090224,1.69,1.72,1.65,1.72,10964,0
20090225,1.73,1.74,1.66,1.69,39854,0
20090226,1.69,1.69,1.62,1.67,28865,0
20090227,1.67,1.69,1.63,1.68,10446,0
20090302,1.64,1.65,1.62,1.65,6197,0
20090303,1.57,1.57,1.42,1.44,254512,0
20090304,1.44,1.45,1.33,1.35,337644,0
20090305,1.35,1.4,1.32,1.36,93119,0
20090306,1.31,1.4,1.29,1.4,86834,0
20090309,1.4,1.4,1.3,1.32,186853,0
20090310,1.32,1.44,1.31,1.4,215008,0
20090311,1.46,1.48,1.39,1.43,350531,0
20090312,1.4,1.4,1.36,1.38,80634,0
20090313,1.45,1.45,1.37,1.38,91318,0
20090316,1.4,1.43,1.37,1.4,62299,0
20090317,1.42,1.57,1.39,1.57,394977,0
20090318,1.58,1.64,1.52,1.54,214544,0
20090319,1.52,1.57,1.51,1.53,78820,0
20090320,1.54,1.54,1.5,1.53,49074,0
20090323,1.53,1.7,1.49,1.68,309520,0
20090324,1.73,1.74,1.65,1.65,216851,0
20090325,1.64,1.73,1.64,1.69,212664,0
20090326,1.73,1.73,1.66,1.69,73090,0
20090327,1.67,1.73,1.55,1.62,124324,0
20090330,1.54,1.61,1.52,1.54,53152,0
20090331,1.52,1.57,1.5,1.52,153318,0
20090401,1.53,1.56,1.49,1.53,153879,0
20090402,1.56,1.58,1.53,1.56,241358,0
20090403,1.59,1.84,1.59,1.77,1447428,0
20090406,1.84,1.92,1.7,1.72,507437,0
20090407,1.75,1.82,1.65,1.75,186807,0
20090408,1.69,1.88,1.69,1.83,553215,0
20090409,1.87,1.93,1.76,1.86,611189,0
20090414,1.9,2.06,1.86,1.93,735545,0
20090415,1.92,1.96,1.9,1.96,160497,0
20090416,2,2.05,1.93,2.05,367057,0
20090417,2.04,2.14,1.84,1.9,319535,0
20090420,1.73,1.78,1.6,1.64,723378,0
20090421,1.62,1.72,1.6,1.7,162958,0
20090422,1.72,1.75,1.68,1.71,246259,0
20090423,1.73,1.75,1.69,1.7,69070,0
20090424,1.71,1.75,1.69,1.71,124577,0
20090427,1.68,1.69,1.63,1.65,137804,0
20090428,1.61,1.66,1.6,1.65,49290,0
20090429,1.64,1.74,1.64,1.71,107683,0
20090430,1.72,1.8,1.72,1.75,159538,0
20090504,1.76,1.85,1.7,1.85,316645,0
20090505,1.85,1.85,1.77,1.81,161402,0
20090506,1.8,1.81,1.75,1.77,102467,0
20090507,1.78,1.8,1.75,1.76,93990,0
20090508,1.76,1.76,1.71,1.72,57368,0
20090511,1.71,1.73,1.68,1.7,77071,0
20090512,1.7,1.76,1.69,1.75,118718,0
20090513,1.76,1.77,1.68,1.68,96812,0
20090514,1.66,1.7,1.62,1.7,67997,0
20090515,1.62,1.67,1.58,1.6,254588,0
20090518,1.58,1.62,1.57,1.62,53390,0
20090519,1.63,1.7,1.62,1.64,81990,0
20090520,1.65,1.67,1.61,1.65,81826,0
20090521,1.62,1.63,1.6,1.63,34196,0
20090522,1.59,1.65,1.55,1.58,131537,0
20090525,1.6,1.62,1.47,1.48,293073,0
20090526,1.48,1.48,1.42,1.45,64089,0
20090527,1.51,1.53,1.46,1.52,129708,0
20090528,1.5,1.57,1.48,1.53,70547,0
20090529,1.56,1.56,1.51,1.52,29312,0
20090601,1.53,1.63,1.51,1.62,142475,0
20090602,1.61,1.7,1.61,1.7,214495,0
20090603,1.71,1.76,1.68,1.71,205957,0
20090604,1.72,1.81,1.69,1.8,285789,0
20090605,1.82,1.83,1.79,1.79,156766,0
20090608,1.77,1.77,1.72,1.74,62527,0
20090609,1.75,1.75,1.72,1.74,59097,0
20090610,1.75,1.87,1.75,1.84,234602,0
20090612,1.85,1.99,1.84,1.96,389692,0
20090615,1.92,2.02,1.89,1.89,460014,0
20090616,1.85,1.94,1.85,1.9,147792,0
20090617,1.9,1.92,1.81,1.81,86600,0
20090618,1.81,1.85,1.78,1.83,90139,0
20090619,1.83,1.85,1.76,1.79,130623,0
20090622,1.81,1.82,1.66,1.67,187068,0
20090623,1.66,1.7,1.63,1.68,70971,0
20090624,1.65,1.73,1.65,1.68,60197,0
20090625,1.73,1.73,1.66,1.72,58130,0
20090626,1.73,1.73,1.68,1.73,21206,0
20090629,1.74,1.74,1.7,1.73,16580,0
20090630,1.73,1.73,1.69,1.69,27685,0
20090701,1.68,1.71,1.66,1.71,22218,0
20090702,1.7,1.74,1.7,1.71,50381,0
20090703,1.73,1.74,1.7,1.72,42121,0
20090706,1.67,1.7,1.63,1.63,85525,0
20090707,1.67,1.69,1.63,1.63,28973,0
20090708,1.67,1.67,1.6,1.65,65618,0
20090709,1.67,1.7,1.65,1.67,110658,0
20090710,1.67,1.67,1.64,1.66,41506,0
20090713,1.63,1.64,1.61,1.64,23080,0
20090714,1.65,1.68,1.6,1.68,106670,0
20090715,1.7,1.73,1.69,1.7,57604,0
20090716,1.69,1.74,1.68,1.68,101583,0
20090717,1.69,1.71,1.66,1.7,20428,0
20090720,1.7,1.71,1.67,1.71,26268,0
20090721,1.71,1.72,1.69,1.71,37109,0
20090722,1.7,1.73,1.67,1.72,55137,0
20090723,1.7,1.87,1.7,1.82,192625,0
20090724,1.85,1.85,1.73,1.76,131215,0
20090727,1.77,1.79,1.7,1.72,66763,0
20090728,1.74,1.75,1.69,1.72,45825,0
20090729,1.73,1.8,1.73,1.77,85170,0
20090730,1.8,2.13,1.8,2.06,1382013,0
20090731,2.09,2.13,1.9,1.96,488283,0
20090803,1.95,2.07,1.93,1.98,163633,0
20090804,1.98,2.2,1.93,2.19,461590,0
20090805,2.24,2.33,2.13,2.13,473720,0
20090806,2.16,2.2,2.13,2.18,93508,0
20090807,2.16,2.17,2.08,2.17,69728,0
20090810,2.15,2.26,2.12,2.19,114748,0
20090811,2.25,2.42,2.12,2.27,490345,0
20090812,2.25,2.46,2.17,2.46,389534,0
20090813,2.56,2.66,2.47,2.56,332240,0
20090814,2.58,2.67,2.51,2.58,250562,0
20090817,2.52,2.54,2.36,2.48,210699,0
20090818,2.52,2.56,2.38,2.44,127866,0
20090819,2.44,2.45,2.28,2.36,228079,0
20090820,2.43,2.47,2.35,2.4,137934,0
20090821,2.37,2.5,2.37,2.45,145196,0
20090824,2.47,2.48,2.36,2.39,156170,0
20090825,2.37,2.42,2.31,2.37,159925,0
20090826,2.38,2.38,2.29,2.34,122788,0
20090827,2.31,2.49,2.31,2.4,173147,0
20090828,2.4,2.47,2.4,2.44,64737,0
20090831,2.45,2.48,2.42,2.45,122200,0
20090901,2.35,2.39,2.15,2.2,602280,0
20090902,2.1,2.14,2.03,2.08,302061,0
20090903,2.07,2.18,2.07,2.14,102810,0
20090904,2.17,2.19,2.12,2.17,38551,0
20090907,2.14,2.22,2.14,2.2,58667,0
20090908,2.24,2.24,2.03,2.07,100957,0
20090909,2.1,2.15,2.05,2.15,92487,0
20090910,2.24,2.24,2.12,2.17,68374,0
20090911,2.16,2.21,2.15,2.18,41099,0
20090914,2.13,2.14,2.09,2.13,33810,0
20090915,2.12,2.18,2.12,2.18,52227,0
20090916,2.18,2.25,2.18,2.22,106006,0
20090917,2.24,2.3,2.21,2.26,140780,0
20090918,2.28,2.29,2.2,2.27,102024,0
20090921,2.29,2.29,2.21,2.25,46957,0
20090922,2.25,2.25,2.19,2.24,123584,0
20090923,2.23,2.27,2.2,2.24,62148,0
20090924,2.19,2.2,2.05,2.18,66388,0
20090925,2.16,2.19,2.11,2.18,60996,0
20090928,2.17,2.17,2.1,2.16,62576,0
20090929,2.18,2.18,2.12,2.13,67022,0
20090930,2.12,2.15,2.06,2.07,52739,0
20091001,2.06,2.11,2.05,2.08,77960,0
20091002,2.06,2.06,1.96,2.02,162214,0
20091005,1.98,2.03,1.97,2,35379,0
20091006,2.01,2.07,2,2.06,65246,0
20091007,2.07,2.08,2.06,2.06,51161,0
20091008,2.06,2.09,2.04,2.07,33167,0
20091009,2.1,2.15,2.09,2.1,103916,0
20091012,2.14,2.14,2.1,2.12,43610,0
20091013,2.08,2.11,2.01,2.05,29217,0
20091014,2.1,2.1,2.05,2.09,11585,0
20091015,2.09,2.09,2.05,2.08,19441,0
20091016,2.09,2.11,2.05,2.08,30956,0
20091019,2.05,2.08,1.97,2.08,49243,0
20091020,2.04,2.07,2.03,2.04,30228,0
20091021,2.05,2.05,1.98,2.02,64141,0
20091022,1.99,2,1.93,1.99,119231,0
20091023,1.97,2.03,1.97,2,31461,0
20091026,1.98,2,1.95,1.99,57051,0
20091027,1.94,1.97,1.93,1.97,15275,0
20091028,1.93,1.99,1.92,1.99,24485,0
20091029,1.95,1.99,1.94,1.99,46379,0
20091030,2.04,2.12,2.03,2.07,209874,0
20091102,2.06,2.14,2.02,2.12,96161,0
20091103,2.14,2.27,2.12,2.27,331998,0
20091104,2.28,2.33,2.2,2.26,212874,0
20091105,2.22,2.25,2.15,2.21,111813,0
20091106,2.23,2.23,2.15,2.18,36988,0
20091109,2.17,2.17,2.11,2.14,65187,0
20091110,2.15,2.21,2.1,2.15,65976,0
20091112,2.13,2.22,2.13,2.21,56385,0
20091113,2.2,2.2,2.17,2.2,33963,0
20091116,2.25,2.25,2.14,2.16,81589,0
20091117,2.11,2.12,2.02,2.03,334667,0
20091118,2.02,2.06,1.97,1.97,129791,0
20091119,1.97,1.97,1.88,1.93,199128,0
20091120,1.93,1.95,1.84,1.86,194200,0
20091123,1.87,1.92,1.83,1.92,133257,0
20091124,1.9,1.93,1.89,1.9,43616,0
20091125,1.88,1.92,1.88,1.91,31756,0
20091126,1.91,1.91,1.87,1.87,39571,0
20091127,1.85,1.87,1.83,1.87,32616,0
20091130,1.88,1.9,1.81,1.86,44921,0
20091201,1.83,1.85,1.82,1.84,61150,0
20091202,1.85,1.85,1.81,1.84,22889,0
20091203,1.84,1.85,1.84,1.85,11888,0
20091204,1.83,1.87,1.83,1.87,23205,0
20091207,1.87,1.89,1.85,1.89,31649,0
20091208,1.89,2.04,1.89,1.96,350973,0
20091209,1.98,2,1.94,1.94,97985,0
20091210,1.95,1.98,1.91,1.97,100304,0
20091211,1.98,1.98,1.93,1.94,18336,0
20091214,1.93,1.94,1.87,1.88,191770,0
20091215,1.88,1.91,1.87,1.87,28497,0
20091216,1.87,1.9,1.86,1.89,108948,0
20091217,1.9,1.9,1.86,1.86,32445,0
20091218,1.86,1.86,1.84,1.85,27963,0
20091221,1.85,1.89,1.84,1.88,95560,0
20091222,1.87,1.93,1.87,1.9,106367,0
20091223,1.88,1.88,1.82,1.82,180733,0
20091228,1.78,1.9,1.64,1.84,618386,0
20091229,1.81,1.87,1.8,1.87,26732,0
20091230,1.88,1.9,1.86,1.89,23226,0
20091231,1.88,1.89,1.86,1.89,7453,0
20100104,1.86,1.91,1.86,1.9,31647,0
20100105,1.9,1.94,1.9,1.92,45133,0
20100106,1.92,1.92,1.88,1.9,1276,0
20100107,1.87,1.92,1.85,1.91,34820,0
20100108,1.93,2.06,1.93,1.97,462179,0
20100111,1.99,2.12,1.94,2.07,318797,0
20100112,2.06,2.1,2.01,2.03,139197,0
20100113,2,2.07,2,2.02,34240,0
20100114,2.04,2.1,2.02,2.07,129671,0
20100115,2.08,2.08,2.05,2.06,32253,0
20100118,2.05,2.05,2.01,2.05,43983,0
20100119,2.03,2.06,1.96,2.02,115840,0
20100120,2.03,2.03,1.97,1.99,115189,0
20100121,1.98,2.05,1.95,2,126007,0
20100122,1.98,2.03,1.96,1.99,104585,0
20100125,1.98,1.98,1.94,1.98,19949,0
20100126,1.94,1.95,1.88,1.94,54397,0
20100127,1.93,1.93,1.89,1.91,19510,0
20100128,1.94,1.98,1.92,1.97,49343,0
20100129,1.95,1.97,1.93,1.97,53989,0
20100201,1.95,1.97,1.91,1.91,15245,0
20100202,1.91,1.93,1.9,1.93,34026,0
20100203,1.91,1.93,1.91,1.92,7654,0
20100204,1.93,1.93,1.9,1.92,74334,0
20100205,1.89,1.89,1.78,1.81,134218,0
20100208,1.8,1.83,1.75,1.83,32126,0
20100209,1.85,1.85,1.81,1.85,31430,0
20100210,1.85,1.85,1.81,1.83,10304,0
20100211,1.8,1.83,1.75,1.77,44855,0
20100212,1.77,1.81,1.73,1.78,40057,0
20100215,1.73,1.77,1.73,1.77,18074,0
20100216,1.76,1.81,1.75,1.79,17561,0
20100217,1.79,1.8,1.76,1.78,72657,0
20100218,1.77,1.79,1.77,1.77,27574,0
20100219,1.76,1.79,1.75,1.78,8082,0
20100222,1.77,1.82,1.77,1.82,16581,0
20100223,1.83,2,1.82,1.93,204127,0
20100224,1.95,1.99,1.88,1.98,167413,0
20100225,1.98,2.03,1.92,1.94,164767,0
20100226,1.98,2,1.92,1.95,23008,0
20100301,1.99,2,1.89,1.94,49271,0
20100302,1.87,1.88,1.83,1.87,86551,0
20100303,1.86,1.87,1.84,1.86,47045,0
20100304,1.86,1.95,1.85,1.95,90506,0
20100305,1.91,1.95,1.91,1.94,23521,0
20100308,1.96,2.02,1.95,1.95,128522,0
20100309,1.96,1.98,1.9,1.95,64925,0
20100310,1.92,1.99,1.88,1.9,179596,0
20100311,1.9,1.95,1.89,1.93,81117,0
20100312,1.95,1.96,1.92,1.96,55187,0
20100315,1.98,2.17,1.94,2.15,720774,0
20100316,2.17,2.21,2.1,2.15,331072,0
20100317,2.17,2.21,2.06,2.09,263748,0
20100318,2.08,2.15,2.04,2.1,241420,0
20100319,2.11,2.12,2.06,2.07,66404,0
20100322,2.06,2.12,2.05,2.1,48224,0
20100323,2.1,2.28,2.08,2.25,451484,0
20100324,2.29,2.37,2.21,2.35,383618,0
20100325,2.35,2.45,2.31,2.44,344187,0
20100326,2.43,2.43,2.27,2.28,193027,0
20100329,2.3,2.3,2.25,2.29,39989,0
20100330,2.29,2.32,2.25,2.27,49104,0
20100331,2.28,2.32,2.24,2.27,43874,0
20100401,2.32,2.35,2.29,2.35,55988,0
20100406,2.38,2.4,2.32,2.36,102053,0
20100407,2.36,2.47,2.32,2.43,152224,0
20100408,2.43,2.53,2.31,2.34,201447,0
20100409,2.37,2.53,2.37,2.52,345847,0
20100412,2.5,2.73,2.43,2.7,360425,0
20100413,2.69,2.73,2.56,2.7,459739,0
20100414,2.7,2.72,2.65,2.72,145711,0
20100415,2.73,2.73,2.58,2.58,110237,0
20100416,2.55,2.58,2.48,2.54,129031,0
20100419,2.41,2.45,2.4,2.43,86039,0
20100420,2.44,2.55,2.44,2.5,70547,0
20100421,2.54,2.61,2.51,2.53,143836,0
20100422,2.52,2.54,2.43,2.43,70563,0
20100423,2.49,2.53,2.49,2.52,64323,0
20100426,2.56,2.65,2.56,2.58,97905,0
20100427,2.56,2.6,2.5,2.53,57780,0
20100428,2.52,2.52,2.46,2.49,46699,0
20100429,2.49,2.5,2.47,2.47,46528,0
20100430,2.52,2.52,2.44,2.44,47695,0
20100504,2.44,2.45,2.4,2.4,97963,0
20100505,2.34,2.35,2.19,2.25,177354,0
20100506,2.2,2.27,2.17,2.25,23586,0
20100507,2.16,2.25,2.15,2.2,55183,0
20100510,2.23,2.36,2.23,2.3,81797,0
20100511,2.3,2.3,2.26,2.26,12380,0
20100512,2.26,2.31,2.26,2.3,21637,0
20100513,2.32,2.33,2.27,2.29,36984,0
20100514,2.3,2.38,2.28,2.32,69576,0
20100517,2.31,2.37,2.28,2.3,93649,0
20100518,2.31,2.34,2.24,2.24,85582,0
20100519,2.28,2.4,2.24,2.4,293320,0
20100520,2.41,2.49,2.21,2.21,384994,0
20100521,2.29,2.32,2.12,2.32,262067,0
20100524,2.35,2.37,2.23,2.25,99180,0
20100525,2.2,2.25,2.13,2.23,48937,0
20100526,2.27,2.34,2.27,2.29,155787,0
20100527,2.3,2.42,2.25,2.4,148186,0
20100528,2.44,2.47,2.4,2.4,125127,0
20100531,2.42,2.44,2.36,2.4,40599,0
20100601,2.42,2.42,2.35,2.41,24357,0
20100602,2.4,2.4,2.35,2.39,43129,0
20100604,2.37,2.4,2.3,2.3,73826,0
20100607,2.31,2.33,2.21,2.31,38457,0
20100608,2.31,2.35,2.28,2.3,35251,0
20100609,2.31,2.32,2.27,2.3,230433,0
20100610,2.32,2.35,2.3,2.35,70728,0
20100611,2.35,2.37,2.28,2.33,54539,0
20100614,2.33,2.36,2.27,2.33,69972,0
20100615,2.29,2.29,2.24,2.24,23189,0
20100616,2.26,2.33,2.26,2.26,34773,0
20100617,2.27,2.29,2.26,2.29,13790,0
20100618,2.28,2.28,2.24,2.27,19398,0
20100621,2.27,2.28,2.25,2.26,26703,0
20100622,2.26,2.26,2.21,2.25,25104,0
20100623,2.21,2.22,2.16,2.2,28340,0
20100624,2.15,2.16,2.12,2.16,66469,0
20100625,2.16,2.21,2.14,2.2,18092,0
20100628,2.16,2.18,2.15,2.15,14783,0
20100629,2.15,2.15,2.06,2.12,37338,0
20100630,2.08,2.11,2.07,2.08,34883,0
20100701,2.08,2.1,2.05,2.07,14944,0
20100702,2.1,2.12,2.08,2.12,8367,0
20100705,2.13,2.15,2.07,2.12,13149,0
20100706,2.12,2.18,2.12,2.17,6656,0
20100707,2.17,2.18,2.14,2.17,6003,0
20100708,2.2,2.24,2.15,2.23,28901,0
20100709,2.23,2.29,2.23,2.27,47834,0
20100712,2.27,2.33,2.27,2.32,35798,0
20100713,2.3,2.3,2.27,2.3,34227,0
20100714,2.32,2.33,2.24,2.28,19375,0
20100715,2.28,2.28,2.23,2.23,8250,0
20100716,2.25,2.26,2.21,2.26,9349,0
20100719,2.21,2.21,2.13,2.18,77018,0
20100720,2.2,2.2,2.13,2.18,15835,0
20100721,2.18,2.2,2.17,2.19,5340,0
20100722,2.17,2.35,2.17,2.35,110992,0
20100723,2.32,2.46,2.32,2.45,225687,0
20100726,2.45,2.52,2.45,2.51,103371,0
20100727,2.52,2.52,2.48,2.51,80250,0
20100728,2.48,2.48,2.41,2.44,60878,0
20100729,2.44,2.46,2.38,2.4,23063,0
20100730,2.42,2.43,2.39,2.41,20544,0
20100802,2.42,2.42,2.34,2.39,43082,0
20100803,2.39,2.4,2.35,2.39,25899,0
20100804,2.39,2.39,2.36,2.37,18500,0
20100805,2.36,2.39,2.34,2.38,24714,0
20100806,2.35,2.4,2.34,2.38,22851,0
20100809,2.38,2.4,2.34,2.35,21520,0
20100810,2.35,2.35,2.31,2.33,23038,0
20100811,2.32,2.32,2.3,2.3,16463,0
20100812,2.3,2.35,2.3,2.33,33179,0
20100813,2.35,2.35,2.3,2.3,10532,0
20100816,2.3,2.32,2.29,2.3,27743,0
20100817,2.3,2.39,2.3,2.39,85549,0
20100818,2.39,2.44,2.35,2.39,87056,0
20100819,2.45,2.58,2.45,2.47,414924,0
20100820,2.5,2.53,2.44,2.51,44792,0
20100823,2.5,2.62,2.5,2.61,171339,0
20100824,2.6,2.6,2.52,2.52,60861,0
20100825,2.52,2.59,2.45,2.55,38084,0
20100826,2.59,2.65,2.58,2.61,140889,0
20100827,2.58,2.62,2.58,2.59,23331,0
20100830,2.61,2.67,2.52,2.58,51909,0
20100831,2.57,2.61,2.46,2.53,72632,0
20100901,2.5,2.51,2.43,2.45,99028,0
20100902,2.5,2.6,2.5,2.53,166140,0
20100903,2.56,2.57,2.44,2.45,120258,0
20100906,2.46,2.47,2.41,2.45,56638,0
20100907,2.44,2.45,2.37,2.45,67952,0
20100908,2.44,2.56,2.41,2.54,71378,0
20100909,2.54,2.54,2.46,2.48,48420,0
20100910,2.48,2.5,2.43,2.47,20914,0
20100913,2.48,2.48,2.43,2.44,29233,0
20100914,2.45,2.47,2.36,2.41,56811,0
20100915,2.39,2.4,2.34,2.38,83035,0
20100916,2.38,2.41,2.33,2.34,31636,0
20100917,2.34,2.37,2.33,2.34,45293,0
20100920,2.36,2.4,2.31,2.37,68001,0
20100921,2.4,2.41,2.37,2.38,21390,0
20100922,2.38,2.44,2.38,2.44,45105,0
20100923,2.44,2.45,2.4,2.43,8557,0
20100924,2.44,2.44,2.39,2.42,49458,0
20100927,2.4,2.4,2.35,2.39,27684,0
20100928,2.38,2.39,2.34,2.34,34742,0
20100929,2.39,2.39,2.32,2.36,36621,0
20100930,2.34,2.38,2.32,2.38,8969,0
20101001,2.35,2.37,2.32,2.36,12515,0
20101004,2.36,2.36,2.3,2.35,25114,0
20101005,2.35,2.35,2.3,2.34,15557,0
20101006,2.33,2.33,2.32,2.33,10090,0
20101007,2.34,2.34,2.19,2.32,74000,0
20101008,2.32,2.32,2.26,2.29,13990,0
20101011,2.26,2.3,2.23,2.28,18783,0
20101012,2.25,2.28,2.2,2.23,42234,0
20101013,2.22,2.29,2.22,2.29,10682,0
20101014,2.29,2.36,2.29,2.33,47026,0
20101015,2.31,2.32,2.28,2.32,14695,0
20101018,2.27,2.3,2.26,2.27,13762,0
20101019,2.29,2.29,2.22,2.23,12414,0
20101020,2.18,2.25,2.18,2.23,31115,0
20101021,2.23,2.25,2.2,2.23,37360,0
20101022,2.19,2.22,2.19,2.22,1640,0
20101025,2.2,2.27,2.18,2.21,21717,0
20101026,2.19,2.2,2.17,2.2,22108,0
20101027,2.18,2.23,2.18,2.23,20846,0
20101028,2.21,2.24,2.2,2.23,18980,0
20101029,2.2,2.28,2.2,2.22,32684,0
20101102,2.24,2.28,2.22,2.25,17525,0
20101103,2.25,2.26,2.18,2.21,28103,0
20101104,2.24,2.25,2.13,2.16,73461,0
20101105,2.15,2.19,2.08,2.11,195067,0
20101108,2.11,2.15,2.11,2.14,237489,0
20101109,2.14,2.28,2.14,2.24,170426,0
20101110,2.25,2.26,2.15,2.18,89974,0
20101112,2.18,2.2,2.13,2.18,32686,0
20101115,2.2,2.25,2.2,2.24,32225,0
20101116,2.27,2.27,2.17,2.22,81264,0
20101117,2.17,2.22,2.15,2.18,24838,0
20101118,2.21,2.21,2.14,2.18,50198,0
20101119,2.18,2.2,2.12,2.14,79545,0
20101122,2.12,2.17,2.11,2.17,35705,0
20101123,2.13,2.18,2.11,2.13,128142,0
20101124,2.14,2.14,2.05,2.08,40259,0
20101125,2.1,2.1,2.07,2.07,22704,0
20101126,2.11,2.11,1.98,2.07,69655,0
20101129,2.05,2.08,1.97,2,38558,0
20101130,1.98,1.99,1.95,1.95,76877,0
20101201,1.97,2.07,1.93,2.07,107660,0
20101202,2.08,2.08,2,2,51119,0
20101203,2.01,2.03,2,2.01,18032,0
20101206,2.03,2.03,1.95,2,23477,0
20101207,2,2.02,1.98,1.99,32897,0
20101208,2,2.03,2,2.01,28631,0
20101209,2.03,2.11,2.02,2.03,24414,0
20101210,2.02,2.04,2,2.04,23572,0
20101213,2.02,2.02,1.98,2,18888,0
20101214,2,2.04,1.96,1.97,39795,0
20101215,1.96,1.96,1.95,1.95,16035,0
20101216,1.96,2.01,1.96,1.96,54281,0
20101217,1.98,1.98,1.93,1.97,17308,0
20101220,1.94,1.97,1.93,1.97,32782,0
20101221,1.95,1.96,1.91,1.94,38129,0
20101222,1.91,1.94,1.87,1.92,65951,0
20101223,1.9,1.9,1.86,1.88,51823,0
20101227,1.88,1.89,1.85,1.85,117929,0
20101228,1.85,1.86,1.83,1.84,118987,0
20101229,1.83,1.91,1.83,1.9,31973,0
20101230,1.87,1.94,1.87,1.94,9949,0
20101231,1.95,1.95,1.9,1.95,8710,0
20110103,1.94,1.98,1.93,1.97,35062,0
20110104,1.97,1.98,1.93,1.98,8170,0
20110105,1.98,1.98,1.92,1.96,12415,0
20110107,1.96,1.96,1.9,1.95,27868,0
20110110,1.93,1.94,1.87,1.9,18426,0
20110111,1.92,1.92,1.86,1.86,52289,0
20110112,1.86,1.89,1.8,1.81,110596,0
20110113,1.84,1.86,1.84,1.86,43250,0
20110114,1.86,1.87,1.83,1.84,21375,0
20110117,1.84,1.92,1.84,1.86,59133,0
20110118,1.9,1.95,1.87,1.92,63768,0
20110119,1.95,2.08,1.93,2.03,224266,0
20110120,2.04,2.04,1.98,2.04,23712,0
20110121,2.15,2.38,2.15,2.38,894524,0
20110124,2.4,2.49,2.27,2.29,659964,0
20110125,2.26,2.29,2.23,2.25,164940,0
20110126,2.26,2.3,2.22,2.24,115033,0
20110127,2.26,2.26,2.23,2.23,57743,0
20110128,2.21,2.37,2.21,2.28,167206,0
20110131,2.25,2.25,2.11,2.23,82259,0
20110201,2.24,2.3,2.18,2.27,177605,0
20110202,2.27,2.36,2.26,2.31,114212,0
20110203,2.34,2.36,2.25,2.34,113943,0
20110204,2.28,2.32,2.26,2.29,22338,0
20110207,2.33,2.33,2.25,2.29,7418,0
20110208,2.29,2.29,2.25,2.28,21883,0
20110209,2.26,2.3,2.19,2.24,26423,0
20110210,2.24,2.24,2.17,2.18,38571,0
20110211,2.17,2.2,2.17,2.2,20798,0
20110214,2.22,2.28,2.19,2.26,48602,0
20110215,2.27,2.48,2.27,2.48,907038,0
20110216,2.49,2.56,2.38,2.44,369659,0
20110217,2.43,2.53,2.35,2.35,138760,0
20110218,2.4,2.43,2.35,2.43,91055,0
20110221,2.45,2.45,2.36,2.4,43447,0
20110222,2.35,2.43,2.35,2.43,42309,0
20110223,2.41,2.41,2.35,2.38,33923,0
20110224,2.37,2.39,2.34,2.38,60777,0
20110225,2.35,2.4,2.34,2.36,19442,0
20110228,2.4,2.53,2.4,2.5,316814,0
20110301,2.53,2.53,2.3,2.33,245282,0
20110302,2.29,2.35,2.23,2.31,162015,0
20110303,2.36,2.37,2.3,2.34,39021,0
20110304,2.34,2.36,2.3,2.35,25412,0
20110307,2.33,2.34,2.29,2.3,56094,0
20110308,2.28,2.32,2.25,2.32,73086,0
20110309,2.34,2.34,2.27,2.28,60796,0
20110310,2.27,2.33,2.27,2.27,37901,0
20110311,2.28,2.28,2.23,2.28,44846,0
20110314,2.27,2.27,2.2,2.22,40478,0
20110315,2.19,2.2,2.11,2.18,101187,0
20110316,2.16,2.28,2.16,2.27,84352,0
20110317,2.24,2.3,2.23,2.28,67319,0
20110318,2.24,2.28,2.24,2.28,72820,0
20110321,2.28,2.28,2.22,2.23,55548,0
20110322,2.23,2.27,2.21,2.27,32547,0
20110323,2.22,2.29,2.22,2.29,59860,0
20110324,2.28,2.29,2.24,2.27,11430,0
20110325,2.24,2.27,2.22,2.25,10339,0
20110328,2.22,2.27,2.2,2.25,112593,0
20110329,2.23,2.27,2.22,2.27,13191,0
20110330,2.27,2.28,2.25,2.26,17339,0
20110331,2.25,2.26,2.22,2.26,7941,0
20110401,2.26,2.26,2.22,2.26,7806,0
20110404,2.26,2.26,2.21,2.26,47930,0
20110405,2.25,2.26,2.2,2.25,53220,0
20110406,2.23,2.36,2.23,2.36,118176,0
20110407,2.36,2.36,2.27,2.3,45882,0
20110408,2.31,2.34,2.28,2.34,78605,0
20110411,2.34,2.34,2.28,2.3,19877,0
20110412,2.3,2.3,2.25,2.29,71559,0
20110413,2.26,2.34,2.26,2.33,29415,0
20110414,2.33,2.33,2.29,2.3,31426,0
20110415,2.29,2.32,2.29,2.3,30933,0
20110418,2.3,2.33,2.27,2.3,46046,0
20110419,2.32,2.33,2.27,2.32,10296,0
20110420,2.35,2.44,2.35,2.36,105748,0
20110421,2.39,2.39,2.32,2.38,9882,0
20110426,2.39,2.43,2.39,2.43,105531,0
20110427,2.41,2.41,2.36,2.4,18192,0
20110428,2.4,2.43,2.4,2.41,45118,0
20110429,2.41,2.45,2.41,2.45,44671,0
20110502,2.45,2.55,2.41,2.55,131609,0
20110504,2.52,2.54,2.46,2.53,90060,0
20110505,2.52,2.62,2.52,2.6,276256,0
20110506,2.6,2.63,2.54,2.61,187607,0
20110509,2.6,2.84,2.6,2.79,527836,0
20110510,2.79,2.84,2.66,2.73,232335,0
20110511,2.73,2.73,2.56,2.57,126895,0
20110512,2.56,2.58,2.51,2.57,54881,0
20110513,2.56,2.67,2.54,2.63,48977,0
20110516,2.62,2.62,2.58,2.61,19976,0
20110517,2.58,2.6,2.44,2.48,183278,0
20110518,2.48,2.52,2.46,2.5,40765,0
20110519,2.49,2.57,2.48,2.54,25549,0
20110520,2.55,2.55,2.52,2.54,16423,0
20110523,2.53,2.53,2.46,2.49,46543,0
20110524,2.49,2.53,2.49,2.52,33076,0
20110525,2.49,2.59,2.48,2.58,36437,0
20110526,2.6,2.68,2.59,2.64,82480,0
20110527,2.64,2.65,2.56,2.58,28889,0
20110530,2.56,2.57,2.5,2.51,52765,0
20110531,2.51,2.61,2.51,2.61,54640,0
20110601,2.64,2.64,2.58,2.61,22462,0
20110602,2.56,2.57,2.53,2.57,13996,0
20110603,2.54,2.59,2.52,2.57,15912,0
20110606,2.54,2.57,2.51,2.52,27069,0
20110607,2.52,2.56,2.52,2.56,12976,0
20110608,2.54,2.67,2.52,2.65,46377,0
20110609,2.59,2.66,2.55,2.63,37982,0
20110610,2.64,2.64,2.54,2.55,47703,0
20110613,2.54,2.62,2.54,2.58,21922,0
20110614,2.58,2.58,2.55,2.55,20767,0
20110615,2.57,2.57,2.54,2.54,45551,0
20110616,2.54,2.57,2.54,2.57,25667,0
20110617,2.58,2.58,2.55,2.55,19136,0
20110620,2.55,2.55,2.5,2.51,56641,0
20110621,2.5,2.52,2.48,2.5,62312,0
20110622,2.5,2.53,2.49,2.5,13152,0
20110624,2.51,2.51,2.3,2.37,138614,0
20110627,2.32,2.42,2.25,2.29,81231,0
20110628,2.27,2.29,2.21,2.27,36002,0
20110629,2.3,2.35,2.28,2.34,20313,0
20110630,2.32,2.35,2.3,2.35,45037,0
20110701,2.36,2.36,2.32,2.35,9325,0
20110704,2.36,2.37,2.35,2.35,19937,0
20110705,2.35,2.35,2.31,2.34,18625,0
20110706,2.32,2.32,2.1,2.1,329688,0
20110707,2.11,2.18,2.05,2.15,184905,0
20110708,2.16,2.2,2.12,2.15,34260,0
20110711,2.15,2.15,2.11,2.11,38358,0
20110712,2.08,2.08,2,2.08,53378,0
20110713,2.02,2.07,2.02,2.06,25416,0
20110714,2.05,2.08,2.02,2.06,20102,0
20110715,2.05,2.08,2.04,2.07,18127,0
20110718,2.04,2.08,1.95,1.98,68463,0
20110719,2.01,2.07,1.99,2.05,38261,0
20110720,2.09,2.1,2.04,2.07,21920,0
20110721,2.05,2.1,2.02,2.07,33329,0
20110722,2.06,2.1,2.06,2.1,5230,0
20110725,2.1,2.1,2.06,2.06,3600,0
20110726,2.06,2.06,2.04,2.04,5229,0
20110727,2.04,2.05,2.01,2.05,18777,0
20110728,2.01,2.07,2.01,2.06,19143,0
20110729,2.02,2.06,2.02,2.04,11601,0
20110801,2.07,2.1,2.03,2.1,27708,0
20110802,2.04,2.08,2.01,2.08,13326,0
20110803,2.01,2.05,1.88,1.91,94461,0
20110804,1.92,1.93,1.85,1.86,54947,0
20110805,1.71,1.9,1.65,1.88,73792,0
20110808,1.83,1.93,1.77,1.85,82591,0
20110809,1.81,1.92,1.7,1.77,72618,0
20110810,1.84,1.9,1.71,1.73,37000,0
20110811,1.83,1.83,1.71,1.76,39679,0
20110812,1.84,1.87,1.8,1.87,32276,0
20110816,1.88,1.88,1.75,1.84,27639,0
20110817,1.8,1.9,1.8,1.9,22044,0
20110818,1.85,1.89,1.75,1.75,37255,0
20110819,1.72,1.8,1.72,1.8,13238,0
20110822,1.8,1.87,1.8,1.82,5848,0
20110823,1.88,1.88,1.83,1.83,6637,0
20110824,1.81,1.84,1.78,1.78,4319,0
20110825,1.84,1.84,1.78,1.78,1009,0
20110826,1.78,1.87,1.78,1.86,27450,0
20110829,1.85,1.96,1.85,1.92,36716,0
20110830,1.96,1.98,1.84,1.94,36722,0
20110831,1.89,1.95,1.78,1.87,73717,0
20110901,1.85,1.9,1.81,1.85,20642,0
20110902,1.81,1.82,1.81,1.81,16151,0
20110905,1.78,1.8,1.73,1.76,17961,0
20110906,1.75,1.78,1.71,1.73,31525,0
20110907,1.84,1.84,1.76,1.82,3249,0
20110908,1.82,1.82,1.78,1.82,5098,0
20110909,1.82,1.82,1.75,1.8,4565,0
20110912,1.75,1.78,1.62,1.67,16018,0
20110913,1.78,1.78,1.65,1.65,12387,0
20110914,1.63,1.65,1.6,1.62,7295,0
20110915,1.62,1.67,1.62,1.63,12837,0
20110916,1.63,1.66,1.63,1.66,16671,0
20110919,1.64,1.64,1.5,1.54,26574,0
20110920,1.52,1.78,1.49,1.75,75136,0
20110921,1.8,1.81,1.68,1.74,48908,0
20110922,1.67,1.77,1.64,1.68,142811,0
20110923,1.64,1.64,1.55,1.64,46874,0
20110926,1.58,1.6,1.55,1.55,89108,0
20110927,1.6,1.6,1.53,1.55,25492,0
20110928,1.54,1.56,1.53,1.55,26178,0
20110929,1.55,1.57,1.55,1.57,7943,0
20110930,1.58,1.65,1.56,1.6,18437,0
20111003,1.59,1.63,1.58,1.58,48936,0
20111004,1.57,1.6,1.55,1.6,27152,0
20111005,1.61,1.61,1.57,1.57,4988,0
20111006,1.58,1.6,1.54,1.54,71251,0
20111007,1.56,1.57,1.54,1.57,39901,0
20111010,1.56,1.56,1.54,1.55,41043,0
20111011,1.54,1.57,1.51,1.53,45482,0
20111012,1.51,1.55,1.5,1.5,137454,0
20111013,1.5,1.57,1.48,1.51,107035,0
20111014,1.52,1.53,1.5,1.51,49446,0
20111017,1.53,1.57,1.52,1.53,71190,0
20111018,1.52,1.54,1.51,1.53,39331,0
20111019,1.55,1.58,1.5,1.5,218345,0
20111020,1.5,1.51,1.48,1.48,70159,0
20111021,1.49,1.5,1.48,1.48,86015,0
20111024,1.49,1.52,1.49,1.5,66773,0
20111025,1.5,1.55,1.5,1.51,27562,0
20111026,1.51,1.59,1.51,1.54,113763,0
20111027,1.56,1.63,1.56,1.62,87388,0
20111028,1.62,1.63,1.59,1.6,33475,0
20111031,1.6,1.6,1.58,1.59,7905,0
20111102,1.53,1.55,1.51,1.55,54590,0
20111103,1.53,1.6,1.52,1.59,33815,0
20111104,1.6,1.62,1.57,1.58,31845,0
20111107,1.59,1.63,1.58,1.63,20973,0
20111108,1.63,1.66,1.6,1.6,156780,0
20111109,1.58,1.58,1.53,1.55,65262,0
20111110,1.55,1.56,1.54,1.56,41297,0
20111114,1.59,1.59,1.54,1.54,60555,0
20111115,1.53,1.56,1.51,1.54,138100,0
20111116,1.5,1.52,1.49,1.51,126907,0
20111117,1.49,1.5,1.47,1.49,88330,0
20111118,1.48,1.5,1.48,1.5,87835,0
20111121,1.48,1.48,1.37,1.42,134271,0
20111122,1.43,1.5,1.4,1.41,272661,0
20111123,1.43,1.47,1.4,1.44,148418,0
20111124,1.35,1.46,1.35,1.42,74750,0
20111125,1.42,1.43,1.35,1.4,143726,0
20111128,1.44,1.45,1.37,1.45,11224,0
20111129,1.4,1.41,1.37,1.41,35065,0
20111130,1.41,1.44,1.41,1.44,15460,0
20111201,1.39,1.45,1.39,1.45,714,0
20111202,1.4,1.48,1.4,1.48,82758,0
20111205,1.43,1.45,1.43,1.44,22449,0
20111206,1.43,1.45,1.43,1.45,3121,0
20111207,1.42,1.45,1.42,1.45,51340,0
20111208,1.43,1.47,1.42,1.44,4000,0
20111209,1.41,1.45,1.41,1.45,18700,0
20111212,1.45,1.45,1.42,1.44,8321,0
20111213,1.45,1.47,1.45,1.45,20477,0
20111214,1.45,1.45,1.45,1.45,1100,0
20111215,1.45,1.45,1.43,1.45,22660,0
20111216,1.43,1.56,1.43,1.52,74749,0
20111219,1.47,1.55,1.47,1.51,46098,0
20111220,1.51,1.53,1.5,1.53,16105,0
20111221,1.51,1.52,1.5,1.5,6182,0
20111222,1.54,1.54,1.46,1.48,25354,0
20111223,1.46,1.52,1.45,1.5,38290,0
20111227,1.53,1.53,1.46,1.5,21418,0
20111228,1.5,1.52,1.46,1.51,4747,0
20111229,1.51,1.52,1.47,1.5,8469,0
20111230,1.5,1.5,1.47,1.5,1817,0
20120102,1.56,1.56,1.5,1.56,13660,0
20120103,1.57,1.57,1.5,1.55,13514,0
20120104,1.51,1.52,1.5,1.52,6510,0
20120105,1.5,1.52,1.46,1.51,5215,0
20120109,1.5,1.53,1.49,1.53,7466,0
20120110,1.49,1.64,1.49,1.62,56265,0
20120111,1.64,1.65,1.57,1.61,11175,0
20120112,1.61,1.62,1.61,1.62,1060,0
20120113,1.65,1.65,1.58,1.58,1900,0
20120116,1.57,1.58,1.57,1.58,1176,0
20120117,1.6,1.65,1.58,1.62,10477,0
20120118,1.64,1.64,1.6,1.64,1473,0
20120119,1.64,1.75,1.64,1.73,114429,0
20120120,1.75,1.8,1.75,1.79,112355,0
20120123,1.75,1.82,1.71,1.75,62518,0
20120124,1.71,1.75,1.68,1.75,21868,0
20120125,1.68,1.73,1.66,1.67,26334,0
20120126,1.7,1.8,1.7,1.74,94346,0
20120127,1.72,1.74,1.72,1.74,5349,0
20120130,1.7,1.74,1.69,1.74,2734,0
20120131,1.69,1.8,1.69,1.77,60633,0
20120201,1.8,1.81,1.77,1.78,15932,0
20120202,1.76,1.78,1.73,1.78,16348,0
20120203,1.77,1.78,1.75,1.75,4145,0
20120206,1.73,1.76,1.73,1.75,14462,0
20120207,1.75,1.75,1.73,1.73,103810,0
20120208,1.73,1.76,1.7,1.76,46030,0
20120209,1.78,1.78,1.66,1.7,22781,0
20120210,1.72,1.73,1.69,1.7,16486,0
20120213,1.74,1.74,1.71,1.73,1853,0
20120214,1.72,1.72,1.7,1.7,3982,0
20120215,1.7,1.74,1.7,1.7,8050,0
20120216,1.69,1.73,1.69,1.7,24730,0
20120217,1.7,1.75,1.7,1.75,30778,0
20120220,1.76,1.87,1.74,1.81,221992,0
20120221,1.82,1.87,1.78,1.87,165626,0
20120222,1.83,1.83,1.75,1.76,53347,0
20120223,1.76,1.79,1.74,1.78,15489,0
20120224,1.74,1.76,1.71,1.71,67679,0
20120227,1.7,1.74,1.7,1.74,24269,0
20120228,1.74,1.74,1.7,1.7,21963,0
20120229,1.71,1.71,1.69,1.69,20034,0
20120301,1.68,1.69,1.54,1.67,74448,0
20120302,1.69,1.71,1.69,1.69,5778,0
20120305,1.7,1.7,1.6,1.6,112369,0
20120306,1.6,1.6,1.58,1.6,24397,0
20120307,1.58,1.6,1.55,1.59,14251,0
20120308,1.56,1.61,1.55,1.6,37845,0
20120309,1.6,1.66,1.58,1.65,23972,0
20120312,1.66,1.66,1.58,1.6,3608,0
20120313,1.64,1.64,1.58,1.59,7499,0
20120314,1.6,1.62,1.59,1.59,9966,0
20120315,1.62,1.62,1.57,1.6,23565,0
20120316,1.6,1.6,1.57,1.6,5962,0
20120319,1.57,1.65,1.57,1.63,3852,0
20120320,1.59,1.63,1.59,1.63,4902,0
20120321,1.63,1.63,1.54,1.58,77365,0
20120322,1.58,1.6,1.52,1.52,31192,0
20120323,1.52,1.52,1.42,1.47,73959,0
20120326,1.47,1.57,1.47,1.56,14145,0
20120327,1.55,1.57,1.49,1.52,32228,0
20120328,1.48,1.54,1.48,1.54,9100,0
20120329,1.54,1.54,1.48,1.48,6279,0
20120330,1.48,1.48,1.4,1.48,27212,0
20120402,1.43,1.44,1.38,1.38,243042,0
20120403,1.4,1.47,1.4,1.47,31201,0
20120404,1.42,1.46,1.36,1.4,170005,0
20120405,1.44,1.46,1.41,1.46,11975,0
20120410,1.45,1.46,1.39,1.39,8818,0
20120411,1.44,1.48,1.39,1.48,17579,0
20120412,1.48,1.48,1.46,1.46,18472,0
20120413,1.47,1.47,1.46,1.46,6299,0
20120416,1.43,1.47,1.43,1.46,1218,0
20120417,1.43,1.46,1.41,1.45,3041,0
20120418,1.42,1.42,1.41,1.41,3440,0
20120419,1.41,1.41,1.32,1.39,24470,0
20120420,1.35,1.44,1.35,1.44,6646,0
20120423,1.37,1.4,1.33,1.4,22154,0
20120424,1.35,1.4,1.32,1.39,4957,0
20120425,1.39,1.39,1.35,1.35,13058,0
20120426,1.35,1.36,1.33,1.33,8973,0
20120427,1.33,1.35,1.24,1.35,43612,0
20120430,1.37,1.38,1.37,1.38,7300,0
20120504,1.32,1.33,1.32,1.33,1300,0
20120507,1.32,1.36,1.32,1.36,2183,0
20120508,1.29,1.35,1.28,1.35,1900,0
20120509,1.27,1.35,1.27,1.34,2862,0
20120510,1.29,1.32,1.29,1.32,3884,0
20120511,1.29,1.29,1.29,1.29,15874,0
20120514,1.28,1.28,1.2,1.25,19200,0
20120515,1.14,1.25,1.14,1.16,5517,0
20120516,1.16,1.24,1.14,1.17,19084,0
20120517,1.16,1.19,1.15,1.19,7253,0
20120518,1.11,1.19,1.1,1.19,4445,0
20120521,1.2,1.2,1.19,1.19,2150,0
20120523,1.17,1.21,1.17,1.21,613,0
20120524,1.2,1.2,1.17,1.19,5974,0
20120525,1.19,1.19,1.15,1.19,787,0
20120528,1.18,1.18,1.1,1.16,3357,0
20120529,1.1,1.17,1.1,1.14,24268,0
20120530,1.14,1.15,1.08,1.15,800,0
20120531,1.1,1.14,1.1,1.13,21151,0
20120604,1.07,1.11,1.07,1.09,3211,0
20120605,1.07,1.1,1.07,1.07,2124,0
20120606,1.09,1.15,1.03,1.09,14388,0
20120608,1.14,1.14,1.14,1.14,38,0
20120611,1.14,1.16,1.14,1.16,1300,0
20120612,1.1,1.18,1.1,1.18,9026,0
20120613,1.12,1.19,1.12,1.19,5595,0
20120614,1.13,1.17,1.11,1.11,3548,0
20120615,1.19,1.19,1.17,1.19,2100,0
20120618,1.19,1.2,1.16,1.19,8546,0
20120619,1.2,1.21,1.2,1.21,2100,0
20120620,1.19,1.32,1.18,1.26,7000,0
20120621,1.31,1.31,1.23,1.23,830,0
20120622,1.21,1.26,1.19,1.26,1716,0
20120625,1.21,1.21,1.2,1.2,9000,0
20120626,1.16,1.25,1.16,1.16,974,0
20120627,1.16,1.16,1.15,1.15,1519,0
20120628,1.25,1.25,1.24,1.24,136,0
20120629,1.23,1.26,1.16,1.25,4066,0
20120702,1.19,1.2,1.19,1.19,740,0
20120704,1.17,1.2,1.12,1.2,2514,0
20120705,1.12,1.2,1.12,1.2,2718,0
20120706,1.2,1.2,1.11,1.12,23107,0
20120709,1.12,1.12,1.12,1.12,3766,0
20120710,1.14,1.18,1.14,1.18,2656,0
20120711,1.15,1.16,1.14,1.16,2739,0
20120712,1.13,1.13,1.13,1.13,7191,0
20120713,1.16,1.22,1.16,1.22,7829,0
20120716,1.2,1.23,1.15,1.2,2283,0
20120717,1.2,1.2,1.12,1.12,4614,0
20120718,1.13,1.19,1.12,1.19,4863,0
20120720,1.14,1.14,1.13,1.13,9726,0
20120723,1.12,1.15,1.07,1.15,17606,0
20120724,1.08,1.1,1.02,1.09,19647,0
20120725,1.09,1.16,1.04,1.14,9618,0
20120726,1.14,1.14,1.08,1.14,1800,0
20120727,1.14,1.18,1.1,1.1,82518,0
20120730,1.15,1.15,1.08,1.09,4897,0
20120731,1.08,1.18,1.07,1.1,8544,0
20120801,1.09,1.09,1.02,1.05,30903,0
20120802,1.05,1.05,1.03,1.03,41482,0
20120803,1.03,1.05,1.03,1.05,3119,0
20120806,1.02,1.04,1.02,1.02,7619,0
20120807,1.04,1.05,1.04,1.05,11043,0
20120808,1.03,1.08,1.03,1.08,11300,0
20120809,1.03,1.09,1.03,1.08,5520,0
20120810,1.05,1.05,1.03,1.03,1680,0
20120813,1.03,1.08,1.03,1.08,386,0
20120814,1.03,1.08,1.03,1.08,3878,0
20120816,1.04,1.04,1.04,1.04,2884,0
20120817,1.05,1.12,1.04,1.1,9715,0
20120820,1.04,1.08,1.04,1.08,3033,0
20120821,1.04,1.04,1.04,1.04,200,0
20120822,1.05,1.05,1.04,1.04,3300,0
20120823,1.05,1.05,0.95,1,60103,0
20120824,0.92,0.98,0.92,0.97,31843,0
20120827,0.95,1.02,0.94,0.97,36505,0
20120828,0.98,1.02,0.97,0.97,11349,0
20120829,0.97,1.01,0.97,1.01,11575,0
20120830,1,1,0.97,1,760,0
20120903,0.98,1.02,0.96,1.02,16714,0
20120904,1,1.08,1,1.08,9221,0
20120905,1.07,1.1,1.01,1.1,5748,0
20120906,1.02,1.09,1.02,1.06,1175,0
20120907,1.06,1.08,1.01,1.08,7698,0
20120910,1.01,1.01,0.99,0.99,7526,0
20120911,0.99,0.99,0.99,0.99,2500,0
20120912,1,1,0.97,1,19950,0
20120913,1,1.01,0.96,1.01,2521,0
20120914,0.99,1.01,0.97,1,26872,0
20120917,0.98,1.03,0.97,0.98,14700,0
20120919,0.98,1.01,0.94,0.97,28702,0
20120920,0.95,0.95,0.92,0.92,46080,0
20120921,0.93,0.95,0.92,0.92,23300,0
20120924,0.93,0.94,0.91,0.94,14286,0
20120925,0.91,0.93,0.9,0.9,29940,0
20120926,0.9,0.9,0.88,0.88,48265,0
20120927,0.87,0.88,0.87,0.88,30604,0
20120928,0.88,0.93,0.86,0.89,85998,0
20121001,0.89,0.92,0.88,0.91,10644,0
20121002,0.92,0.93,0.9,0.91,14305,0
20121003,0.89,0.9,0.89,0.9,21753,0
20121004,0.9,0.91,0.89,0.89,10595,0
20121005,0.91,0.93,0.9,0.91,78423,0
20121008,0.91,1,0.91,0.99,122800,0
20121009,0.99,0.99,0.94,0.95,41128,0
20121010,0.96,0.96,0.93,0.93,17067,0
20121011,0.92,0.95,0.92,0.93,6660,0
20121012,0.93,0.95,0.92,0.92,16752,0
20121015,0.93,0.95,0.9,0.95,22985,0
20121016,0.95,0.99,0.95,0.98,53872,0
20121017,0.99,0.99,0.94,0.95,18385,0
20121018,0.96,1.01,0.95,0.98,34660,0
20121019,1,1.04,0.97,0.99,49382,0
20121022,1,1,0.93,0.97,23993,0
20121023,0.97,0.97,0.94,0.94,1060,0
20121024,0.93,0.96,0.93,0.96,10710,0
20121025,0.96,0.97,0.94,0.96,5869,0
20121026,0.94,0.96,0.94,0.94,438,0
20121029,0.97,0.97,0.94,0.96,4285,0
20121030,0.94,0.96,0.94,0.96,7004,0
20121031,0.93,0.97,0.93,0.97,24125,0
20121102,0.97,1.03,0.97,1.03,39052,0
20121105,1.02,1.04,0.99,1.03,38172,0
20121106,1.04,1.08,1.03,1.07,23471,0
20121107,1.05,1.08,1,1.01,38460,0
20121108,1.01,1.04,0.99,1.02,3829,0
20121109,0.99,1.02,0.99,1.02,23932,0
20121112,1,1.01,0.98,1.01,4144,0
20121113,0.98,1.01,0.98,1,2877,0
20121114,1,1.01,0.98,1.01,1489,0
20121115,0.98,0.98,0.82,0.87,184149,0
20121116,0.85,0.86,0.78,0.8,243676,0
20121119,0.8,0.83,0.8,0.83,9577,0
20121120,0.87,0.87,0.82,0.83,24107,0
20121121,0.82,0.82,0.8,0.82,2075,0
20121122,0.81,0.81,0.77,0.79,43408,0
20121123,0.79,0.83,0.79,0.8,6521,0
20121126,0.8,0.8,0.76,0.8,38820,0
20121127,0.79,0.79,0.78,0.78,9202,0
20121128,0.78,0.8,0.78,0.79,12495,0
20121129,0.79,0.81,0.78,0.79,10127,0
20121130,0.81,0.81,0.79,0.81,3858,0
20121203,0.79,0.81,0.79,0.79,1520,0
20121204,0.79,0.79,0.79,0.79,482,0
20121205,0.8,0.81,0.8,0.8,6180,0
20121206,0.8,0.81,0.8,0.81,6611,0
20121207,0.81,0.81,0.79,0.8,15035,0
20121210,0.8,0.81,0.8,0.81,1570,0
20121211,0.8,0.8,0.79,0.79,16902,0
20121212,0.81,0.82,0.79,0.81,17836,0
20121213,0.81,0.81,0.8,0.8,4107,0
20121214,0.8,0.8,0.8,0.8,19976,0
20121217,0.8,0.8,0.8,0.8,20340,0
20121218,0.8,0.8,0.79,0.79,21689,0
20121219,0.78,0.8,0.78,0.8,22578,0
20121220,0.78,0.79,0.76,0.76,29772,0
20121221,0.76,0.77,0.76,0.77,19584,0
20121227,0.77,0.77,0.76,0.77,17294,0
20121228,0.76,0.77,0.76,0.77,1650,0
20130102,0.77,0.86,0.77,0.81,119481,0
20130103,0.85,0.86,0.81,0.82,53512,0
20130104,0.81,0.83,0.79,0.83,15980,0
20130107,0.82,0.82,0.82,0.82,2120,0
20130108,0.82,0.85,0.82,0.84,13360,0
20130109,0.84,0.91,0.84,0.88,50820,0
20130110,0.87,0.91,0.86,0.89,25817,0
20130111,0.89,0.91,0.88,0.9,9360,0
20130114,0.89,0.89,0.85,0.85,13362,0
20130115,0.88,0.88,0.83,0.83,15838,0
20130116,0.84,0.85,0.84,0.85,5474,0
20130117,0.86,0.86,0.84,0.84,6405,0
20130118,0.84,0.85,0.83,0.83,7210,0
20130121,0.85,0.85,0.81,0.82,42537,0
20130122,0.82,0.83,0.81,0.81,24392,0
20130123,0.81,0.81,0.79,0.81,23242,0
20130124,0.81,0.81,0.8,0.81,14895,0
20130125,0.8,0.81,0.8,0.81,10600,0
20130128,0.79,0.81,0.79,0.81,2451,0
20130129,0.81,0.81,0.81,0.81,1534,0
20130130,0.79,0.8,0.78,0.79,12176,0
20130131,0.79,0.8,0.78,0.8,5802,0
20130201,0.75,0.79,0.74,0.77,79165,0
20130204,0.79,0.79,0.77,0.77,4969,0
20130205,0.77,0.79,0.77,0.79,2206,0
20130206,0.79,0.79,0.78,0.78,3811,0
20130208,0.78,0.78,0.78,0.78,20,0
20130211,0.75,0.75,0.75,0.75,1564,0
20130212,0.75,0.78,0.74,0.75,16170,0
20130213,0.75,0.76,0.74,0.75,17077,0
20130214,0.74,0.75,0.73,0.73,14820,0
20130215,0.74,0.75,0.74,0.75,9711,0
20130218,0.75,0.75,0.74,0.75,7935,0
20130219,0.75,0.75,0.73,0.74,39568,0
20130220,0.77,0.77,0.74,0.74,1719,0
20130221,0.74,0.76,0.74,0.76,341,0
20130222,0.76,0.76,0.74,0.76,7535,0
20130225,0.76,0.76,0.75,0.75,5806,0
20130226,0.72,0.73,0.72,0.73,525,0
20130227,0.73,0.74,0.73,0.74,320,0
20130228,0.73,0.75,0.73,0.73,8875,0
20130301,0.73,0.75,0.72,0.73,17387,0
20130304,0.71,0.75,0.71,0.74,10162,0
20130305,0.74,0.74,0.71,0.71,5100,0
20130306,0.71,0.73,0.7,0.73,7643,0
20130307,0.72,0.72,0.7,0.72,20743,0
20130308,0.72,0.78,0.72,0.75,144154,0
20130311,0.76,0.78,0.75,0.78,30347,0
20130312,0.78,0.78,0.73,0.73,12083,0
20130313,0.75,0.77,0.73,0.77,17680,0
20130314,0.75,0.77,0.75,0.77,392,0
20130315,0.75,0.81,0.74,0.8,29501,0
20130318,0.79,0.79,0.75,0.78,2787,0
20130319,0.77,0.78,0.76,0.78,12660,0
20130320,0.77,0.8,0.77,0.8,14593,0
20130321,0.81,0.85,0.79,0.83,54392,0
20130322,0.83,0.84,0.8,0.82,52775,0
20130325,0.81,0.81,0.77,0.77,28841,0
20130326,0.79,0.8,0.78,0.79,9118,0
20130327,0.79,0.8,0.73,0.78,62279,0
20130328,0.77,0.79,0.76,0.78,9322,0
20130402,0.79,0.79,0.78,0.78,160,0
20130403,0.75,0.79,0.75,0.79,2490,0
20130404,0.72,0.83,0.72,0.83,57112,0
20130405,0.8,0.82,0.8,0.82,6680,0
20130408,0.8,0.81,0.8,0.81,2080,0
20130409,0.81,0.84,0.76,0.83,7346,0
20130410,0.81,0.81,0.78,0.8,15105,0
20130411,0.77,0.81,0.76,0.81,9202,0
20130412,0.78,0.8,0.76,0.8,5407,0
20130415,0.8,0.8,0.75,0.8,4659,0
20130417,0.76,0.76,0.74,0.75,17017,0
20130418,0.75,0.75,0.75,0.75,2000,0
20130419,0.72,0.74,0.72,0.74,459,0
20130422,0.72,0.72,0.6,0.61,55050,0
20130423,0.62,0.65,0.56,0.62,23220,0
20130424,0.59,0.63,0.58,0.62,11149,0
20130425,0.63,0.65,0.63,0.65,5125,0
20130426,0.61,0.65,0.61,0.65,1653,0
20130429,0.61,0.65,0.61,0.65,6220,0
20130430,0.62,0.64,0.62,0.64,1501,0
20130502,0.65,0.65,0.61,0.65,2109,0
20130506,0.63,0.65,0.6,0.65,11846,0
20130507,0.61,0.65,0.61,0.65,225,0
20130508,0.64,0.64,0.64,0.64,3028,0
20130509,0.64,0.64,0.64,0.64,70,0
20130510,0.63,0.64,0.61,0.64,2094,0
20130513,0.62,0.62,0.62,0.62,2000,0
20130514,0.58,0.63,0.58,0.63,6539,0
20130515,0.62,0.62,0.62,0.62,1000,0
20130516,0.6,0.62,0.6,0.62,4552,0
20130517,0.61,0.63,0.6,0.63,2428,0
20130520,0.63,0.63,0.61,0.62,6012,0
20130521,0.62,0.69,0.62,0.66,20085,0
20130522,0.68,0.71,0.66,0.7,10902,0
20130523,0.7,0.7,0.68,0.69,7661,0
20130524,0.66,0.66,0.66,0.66,1000,0
20130527,0.66,0.69,0.66,0.69,2889,0
20130528,0.67,0.68,0.65,0.65,18994,0
20130529,0.68,0.74,0.68,0.72,49253,0
20130531,0.67,0.75,0.67,0.75,11662,0
20130603,0.74,0.74,0.7,0.7,11636,0
20130604,0.7,0.73,0.69,0.69,10200,0
20130605,0.72,0.79,0.72,0.77,88701,0
20130606,0.78,0.83,0.75,0.83,48045,0
20130607,0.83,0.84,0.8,0.84,34853,0
20130610,0.84,0.84,0.76,0.76,37580,0
20130611,0.77,0.79,0.77,0.79,5500,0
20130612,0.79,0.79,0.75,0.79,1041,0
20130613,0.8,0.8,0.8,0.8,100,0
20130614,0.8,0.8,0.8,0.8,44,0
20130617,0.75,0.75,0.74,0.75,30320,0
20130618,0.76,0.76,0.76,0.76,5,0
20130619,0.73,0.76,0.73,0.76,65,0
20130620,0.73,0.73,0.69,0.73,30223,0
20130621,0.72,0.72,0.67,0.72,21195,0
20130624,0.72,0.72,0.72,0.72,28,0
20130625,0.69,0.72,0.68,0.72,33381,0
20130626,0.72,0.72,0.72,0.72,20,0
20130627,0.7,0.72,0.7,0.72,2368,0
20130628,0.72,0.72,0.69,0.72,2703,0
20130701,0.69,0.72,0.69,0.72,2511,0
20130702,0.68,0.71,0.68,0.71,3952,0
20130703,0.7,0.72,0.69,0.72,6428,0
20130704,0.72,0.73,0.72,0.73,11498,0
20130705,0.7,0.74,0.7,0.74,409,0
20130708,0.7,0.74,0.7,0.74,3451,0
20130709,0.7,0.73,0.7,0.73,2397,0
20130710,0.69,0.72,0.69,0.72,5100,0
20130711,0.69,0.74,0.69,0.71,15483,0
20130712,0.7,0.7,0.7,0.7,666,0
20130715,0.71,0.74,0.71,0.74,750,0
20130717,0.7,0.74,0.7,0.74,5024,0
20130719,0.72,0.72,0.7,0.7,17036,0
20130722,0.69,0.69,0.69,0.69,900,0
20130724,0.68,0.68,0.68,0.68,51010,0
20130725,0.7,0.7,0.67,0.67,4482,0
20130726,0.67,0.69,0.66,0.69,23834,0
20130729,0.69,0.69,0.69,0.69,4,0
20130730,0.67,0.69,0.67,0.69,2189,0
20130731,0.66,0.69,0.66,0.69,580,0
20130801,0.68,0.69,0.66,0.69,4909,0
20130802,0.7,0.7,0.7,0.7,285,0
20130805,0.7,0.7,0.67,0.7,1731,0
20130809,0.7,0.7,0.7,0.7,2000,0
20130813,0.68,0.68,0.68,0.68,2000,0
20130816,0.68,0.69,0.68,0.69,3480,0
20130819,0.69,0.69,0.68,0.68,330,0
20130820,0.68,0.68,0.68,0.68,15494,0
20130821,0.67,0.67,0.67,0.67,3370,0
20130822,0.68,0.69,0.68,0.69,4980,0
20130823,0.69,0.69,0.69,0.69,2380,0
20130826,0.69,0.7,0.69,0.7,9640,0
20130827,0.69,0.7,0.67,0.69,8699,0
20130828,0.66,0.69,0.66,0.69,2044,0
20130829,0.7,0.7,0.7,0.7,10640,0
20130830,0.7,0.7,0.7,0.7,48,0
20130902,0.67,0.69,0.66,0.67,28602,0
20130903,0.67,0.67,0.65,0.67,17864,0
20130904,0.67,0.67,0.65,0.67,13696,0
20130905,0.65,0.67,0.64,0.67,11010,0
20130906,0.62,0.68,0.62,0.67,11562,0
20130909,0.65,0.68,0.65,0.68,620,0
20130910,0.68,0.68,0.68,0.68,150,0
20130911,0.67,0.67,0.67,0.67,949,0
20130912,0.67,0.68,0.67,0.68,6695,0
20130913,0.68,0.68,0.67,0.68,19912,0
20130916,0.65,0.67,0.61,0.66,34879,0
20130917,0.67,0.77,0.67,0.74,386429,0
20130918,0.75,0.82,0.71,0.71,615209,0
20130919,0.79,0.79,0.72,0.76,24550,0
20130920,0.77,0.77,0.72,0.73,8557,0
20130923,0.77,0.77,0.72,0.73,8862,0
20130924,0.77,0.77,0.75,0.75,15,0
20130925,0.75,0.78,0.73,0.77,24976,0
20130926,0.74,0.78,0.74,0.78,7531,0
20130927,0.79,0.79,0.76,0.79,9795,0
20130930,0.79,0.79,0.77,0.78,11200,0
20131001,0.77,0.78,0.77,0.78,5670,0
20131002,0.78,0.78,0.78,0.78,10,0
20131003,0.76,0.78,0.75,0.76,19966,0
20131004,0.75,0.76,0.73,0.76,18589,0
20131007,0.77,0.8,0.74,0.8,76060,0
20131008,0.8,0.8,0.77,0.8,42448,0
20131009,0.8,0.82,0.77,0.79,86245,0
20131010,0.79,0.81,0.79,0.81,2696,0
20131011,0.81,0.96,0.81,0.95,242570,0
20131014,0.93,0.95,0.86,0.9,45039,0
20131015,0.93,0.93,0.88,0.93,17441,0
20131016,0.94,0.96,0.92,0.96,24826,0
20131017,0.96,1.08,0.96,1.05,299203,0
20131018,1.06,1.1,1.01,1.01,76974,0
20131021,1,1.07,1,1.06,22274,0
20131022,1.08,1.08,1.02,1.05,24073,0
20131023,1.05,1.05,1.02,1.02,23306,0
20131024,1.06,1.08,1.03,1.06,14471,0
20131025,1.08,1.08,1.03,1.05,7280,0
20131028,1.08,1.18,1.07,1.18,78043,0
20131029,1.18,1.26,1.17,1.24,76973,0
20131030,1.24,1.35,1.24,1.28,108431,0
20131031,1.32,1.34,1.29,1.34,38244,0
20131104,1.37,1.37,1.3,1.33,46739,0
20131105,1.32,1.32,1.2,1.26,96463,0
20131106,1.28,1.28,1.2,1.22,65302,0
20131107,1.22,1.22,1.16,1.16,44153,0
20131108,1.14,1.21,1.14,1.21,42790,0
20131112,1.14,1.23,1.14,1.21,16538,0
20131113,1.22,1.22,1.14,1.17,41605,0
20131114,1.17,1.17,1.15,1.16,8467,0
20131115,1.15,1.16,1.12,1.16,9996,0
20131118,1.18,1.18,1.13,1.13,6920,0
20131119,1.13,1.18,1.08,1.1,60304,0
20131120,1.08,1.14,1.07,1.08,8677,0
20131121,1.07,1.11,1.06,1.1,12508,0
20131122,1.1,1.14,1.1,1.12,19697,0
20131125,1.15,1.15,1.12,1.12,3486,0
20131126,1.14,1.17,1.1,1.17,10376,0
20131127,1.11,1.18,1.11,1.18,151,0
20131128,1.13,1.13,1.13,1.13,715,0
20131129,1.13,1.13,1.09,1.13,3390,0
20131202,1.1,1.13,1.06,1.1,29656,0
20131203,1.06,1.09,1.06,1.08,8852,0
20131204,1.06,1.07,1.04,1.07,5287,0
20131205,1.05,1.05,1.04,1.05,4531,0
20131206,1.04,1.09,1.04,1.05,1998,0
20131209,1.06,1.06,1.04,1.04,2604,0
20131210,1.05,1.05,1.03,1.04,10952,0
20131211,1.03,1.09,0.94,1,48628,0
20131212,0.95,0.98,0.95,0.98,5727,0
20131213,0.92,1,0.92,0.97,22359,0
20131216,0.96,1.03,0.95,0.95,46735,0
20131217,0.98,0.98,0.92,0.92,30292,0
20131218,0.93,0.94,0.91,0.93,32668,0
20131219,0.91,0.93,0.91,0.93,13762,0
20131220,0.95,0.95,0.91,0.92,13407,0
20131223,0.92,0.96,0.91,0.91,12938,0
20131227,0.92,0.92,0.9,0.92,11193,0
20131230,0.94,0.97,0.94,0.97,1400,0
20140102,0.91,0.96,0.91,0.96,25035,0
20140103,0.95,1.01,0.95,1.01,68099,0
20140107,1.03,1.04,0.97,0.99,21047,0
20140108,0.97,0.99,0.95,0.99,7874,0
20140109,1,1,0.95,0.99,16771,0
20140110,0.97,0.97,0.9,0.94,77350,0
20140113,0.97,0.97,0.92,0.96,24038,0
20140114,0.91,1,0.91,0.99,51081,0
20140115,0.99,0.99,0.98,0.98,4700,0
20140116,1,1.01,0.97,0.98,13860,0
20140117,0.96,0.98,0.94,0.97,14697,0
20140120,0.96,0.98,0.94,0.96,23236,0
20140121,0.99,1.01,0.98,0.98,27288,0
20140122,1,1.02,0.99,0.99,20507,0
20140123,1,1.1,0.98,1.06,110788,0
20140124,1.1,1.12,1.03,1.03,37727,0
20140127,1,1,0.98,0.99,14400,0
20140128,0.99,1.02,0.99,1.01,970,0
20140129,1.04,1.05,1,1.04,16907,0
20140130,1.01,1.04,1.01,1.04,27678,0
20140131,1.04,1.05,1.03,1.04,18390,0
20140203,1.04,1.07,1.04,1.04,12400,0
20140204,1.03,1.04,1.03,1.04,5310,0
20140205,1.05,1.05,1.01,1.04,6202,0
20140206,1.04,1.04,1.02,1.04,1301,0
20140207,1.06,1.07,1.04,1.04,4531,0
20140210,1.05,1.05,1.01,1.01,10803,0
20140211,1.01,1.02,1.01,1.02,2776,0
20140212,1.01,1.04,0.99,1.04,30456,0
20140213,1.04,1.04,1.04,1.04,300,0
20140214,1.04,1.04,1,1,10137,0
20140217,1.01,1.04,0.99,1,22390,0
20140218,1.02,1.02,0.95,0.99,23090,0
20140219,0.99,0.99,0.96,0.96,13217,0
20140220,0.96,0.96,0.92,0.95,32654,0
20140221,0.98,1.02,0.94,0.95,102509,0
20140224,0.98,0.99,0.96,0.98,20060,0
20140225,0.98,1.02,0.97,1.02,29553,0
20140226,1.02,1.02,0.98,0.98,2375,0
20140227,0.98,0.98,0.96,0.98,9217,0
20140228,0.98,0.98,0.98,0.98,1060,0
20140303,0.94,0.94,0.88,0.91,141957,0
20140304,0.92,0.95,0.92,0.95,11775,0
20140305,0.95,0.95,0.94,0.94,7336,0
20140306,0.93,0.93,0.93,0.93,5935,0
20140307,0.92,0.92,0.91,0.91,11900,0
20140310,0.9,0.9,0.9,0.9,7634,0
20140312,0.85,0.88,0.83,0.87,14511,0
20140314,0.84,0.85,0.8,0.85,11062,0
20140317,0.81,0.85,0.81,0.85,10292,0
20140318,0.86,0.87,0.86,0.87,7755,0
20140319,0.83,0.87,0.83,0.87,1080,0
20140320,0.87,0.91,0.87,0.91,8651,0
20140321,0.84,0.9,0.84,0.86,9599,0
20140324,0.89,0.89,0.89,0.89,10,0
20140325,0.89,0.9,0.89,0.9,1070,0
20140326,0.89,0.89,0.89,0.89,150,0
20140327,0.86,0.89,0.86,0.89,500,0
20140328,0.89,0.89,0.86,0.86,562,0
20140331,0.87,0.9,0.87,0.87,7650,0
20140401,0.89,0.89,0.87,0.89,4120,0
20140402,0.88,0.88,0.86,0.86,22676,0
20140403,0.89,0.89,0.85,0.85,30,0
20140407,0.86,0.86,0.86,0.86,2000,0
20140408,0.85,0.85,0.83,0.83,13184,0
20140409,0.82,0.83,0.82,0.82,9806,0
20140410,0.82,0.82,0.8,0.81,16699,0
20140411,0.8,0.81,0.78,0.78,12951,0
20140414,0.77,0.82,0.76,0.82,14976,0
20140415,0.82,0.82,0.82,0.82,21,0
20140416,0.82,0.82,0.82,0.82,40,0
20140422,0.81,0.82,0.8,0.82,2789,0
20140423,0.8,0.82,0.8,0.82,13104,0
20140424,0.81,0.82,0.79,0.82,2031,0
20140425,0.79,0.81,0.78,0.81,8795,0
20140428,0.79,0.81,0.79,0.81,204,0
20140429,0.81,0.82,0.79,0.79,3079,0
20140430,0.79,0.81,0.79,0.81,1033,0
20140502,0.82,0.82,0.82,0.82,14,0
20140505,0.79,0.82,0.79,0.82,519,0
20140506,0.8,0.82,0.79,0.82,6497,0
20140507,0.8,0.81,0.8,0.81,5012,0
20140508,0.8,0.81,0.8,0.81,5450,0
20140509,0.8,0.82,0.8,0.82,2044,0
20140512,0.79,0.81,0.79,0.81,852,0
20140513,0.79,0.81,0.79,0.79,1978,0
20140514,0.78,0.8,0.78,0.8,7180,0
20140515,0.78,0.8,0.78,0.8,4010,0
20140516,0.78,0.8,0.78,0.8,3937,0
20140519,0.73,0.8,0.72,0.79,13751,0
20140522,0.75,0.8,0.75,0.79,2905,0
20140523,0.79,0.79,0.72,0.75,11519,0
20140526,0.76,0.77,0.76,0.77,3310,0
20140527,0.75,0.76,0.75,0.76,9460,0
20140528,0.77,0.77,0.77,0.77,54,0
20140529,0.76,0.76,0.76,0.76,1015,0
20140530,0.79,0.79,0.79,0.79,20,0
20140602,0.79,0.79,0.74,0.76,12357,0
20140603,0.74,0.76,0.74,0.76,4150,0
20140604,0.76,0.76,0.72,0.74,7489,0
20140605,0.73,0.76,0.73,0.73,5012,0
20140606,0.75,0.75,0.73,0.73,1502,0
20140609,0.73,0.76,0.72,0.76,1335,0
20140610,0.72,0.75,0.72,0.75,17164,0
20140611,0.75,0.75,0.73,0.75,2214,0
20140612,0.75,0.75,0.75,0.75,50,0
20140613,0.75,0.75,0.75,0.75,11,0
