Date,Open,High,Low,Close,Volume,OpenInt
20071204,16.817,20.524,15.863,19.563,10030,0
20071205,22.583,22.583,17.847,18.877,2753,0
20071206,17.847,18.856,17.161,18.19,1251,0
20071207,18.19,18.533,16.577,17.504,2833,0
20071210,17.504,17.504,16.611,16.611,1609,0
20071211,16.543,17.229,16.543,16.611,808,0
20071212,16.543,16.611,15.788,16.131,1333,0
20071213,16.46,16.474,15.822,15.822,555,0
20071214,17.092,17.092,17.092,17.092,13,0
20071217,18.19,18.19,16.673,16.673,607,0
20071219,16.955,16.955,16.955,16.955,13,0
20071220,16.989,17.01,16.989,17.01,300,0
20071221,18.019,19.906,18.019,19.213,1580,0
20071227,18.533,19.22,18.533,19.22,532,0
20071228,18.547,20.586,18.547,20.586,163,0
20080102,20.249,20.249,20.249,20.249,437,0
20080103,20.243,20.243,20.243,20.243,29,0
20080104,20.243,20.249,20.243,20.249,148,0
20080107,19.289,19.289,17.524,17.524,1530,0
20080108,17.394,17.394,17.394,17.394,437,0
20080109,16.543,16.811,16.543,16.811,466,0
20080110,16.811,16.811,16.811,16.811,7,0
20080111,16.474,16.474,16.474,16.474,72,0
20080114,16.474,16.474,16.467,16.474,613,0
20080115,16.474,16.474,16.131,16.131,294,0
20080117,16.474,16.474,16.474,16.474,7,0
20080118,16.474,16.474,16.474,16.474,7,0
20080121,16.474,16.474,15.788,15.788,783,0
20080122,15.788,15.788,15.788,15.788,7,0
20080123,15.856,15.856,15.856,15.856,2,0
20080124,20.593,24.025,17.161,19.22,5368,0
20080125,19.426,19.426,17.847,17.847,874,0
20080128,17.504,17.847,17.504,17.504,618,0
20080129,18.19,18.19,17.984,17.984,726,0
20080130,18.533,18.884,18.053,18.053,260,0
20080131,18.877,18.877,18.19,18.19,475,0
20080201,17.367,17.367,17.367,17.367,2,0
20080204,18.19,18.19,18.19,18.19,272,0
20080205,18.176,18.176,18.176,18.176,2,0
20080206,18.176,18.176,17.325,17.325,438,0
20080207,17.161,17.161,17.161,17.161,437,0
20080208,16.611,16.611,16.611,16.611,903,0
20080211,16.611,16.611,16.611,16.611,684,0
20080212,15.856,15.925,15.822,15.829,358,0
20080213,16.474,16.474,15.822,15.822,512,0
20080214,15.856,15.856,15.856,15.856,82,0
20080215,15.925,15.925,15.925,15.925,1,0
20080218,16.474,16.474,16.474,16.474,364,0
20080220,16.467,16.467,16.467,16.467,437,0
20080222,16.467,16.467,16.467,16.467,1,0
20080225,16.474,16.474,16.474,16.474,254,0
20080226,15.788,16.474,15.788,16.474,216,0
20080227,16.467,16.467,16.467,16.467,1,0
20080228,15.788,16.474,15.788,16.474,2,0
20080229,15.856,15.856,15.788,15.788,1602,0
20080303,15.788,15.788,15.788,15.788,7,0
20080304,15.788,15.788,15.788,15.788,1,0
20080305,15.788,15.788,15.788,15.788,1,0
20080306,15.788,15.788,15.788,15.788,178,0
20080307,15.788,15.788,15.788,15.788,13,0
20080310,15.788,15.788,15.788,15.788,7,0
20080311,15.788,15.788,15.788,15.788,7,0
20080312,15.444,15.788,15.444,15.788,166,0
20080313,15.788,15.788,15.444,15.444,39,0
20080314,15.788,15.856,15.101,15.856,279,0
20080317,15.136,15.856,15.101,15.856,8,0
20080318,15.101,15.856,15.101,15.856,4,0
20080319,15.856,15.856,15.856,15.856,13,0
20080320,15.239,16.001,15.239,16.001,14,0
20080325,15.994,15.994,15.994,15.994,71,0
20080326,15.994,16.001,15.239,16.001,40,0
20080327,15.239,15.925,15.239,15.925,4,0
20080328,15.17,15.17,15.17,15.17,1,0
20080331,15.239,15.239,15.239,15.239,2,0
20080401,15.239,15.239,15.239,15.239,2,0
20080402,15.925,16.646,15.925,16.646,1164,0
20080403,16.474,16.474,16.474,16.474,364,0
20080404,15.802,24.471,15.802,24.471,4645,0
20080407,24.471,24.711,19.343,19.357,10556,0
20080408,19.323,19.323,17.456,18.732,4763,0
20080409,17.847,17.984,17.167,17.174,2364,0
20080410,16.749,16.749,16.268,16.268,2758,0
20080411,16.268,16.268,16.001,16.001,355,0
20080414,16.268,16.268,15.513,16.268,563,0
20080415,16.268,16.268,16.268,16.268,2,0
20080416,16.268,16.268,16.268,16.268,72,0
20080417,16.261,16.261,16.261,16.261,88,0
20080418,15.527,16.193,15.513,16.193,437,0
20080421,16.605,17.298,15.444,15.499,6150,0
20080422,15.644,15.65,14.381,14.381,2662,0
20080423,14.415,14.415,14.415,14.415,728,0
20080424,14.415,14.415,14.278,14.278,877,0
20080425,14.408,14.408,14.408,14.408,7,0
20080428,13.728,13.728,13.015,13.694,2455,0
20080429,13.591,13.591,13.591,13.591,276,0
20080430,13.591,13.591,13.591,13.591,583,0
20080505,13.694,13.694,13.694,13.694,145,0
20080506,13.214,13.317,13.049,13.317,1707,0
20080507,13.248,13.433,13.248,13.433,429,0
20080508,13.317,13.317,13.317,13.317,364,0
20080509,13.282,16.11,13.282,15.444,3887,0
20080512,15.554,15.554,15.101,15.101,472,0
20080513,14.895,15.101,14.895,15.101,948,0
20080514,15.101,15.101,15.101,15.101,222,0
20080515,14.84,14.84,14.84,14.84,116,0
20080516,14.84,14.84,14.84,14.84,479,0
20080519,14.463,14.463,14.463,14.463,555,0
20080520,14.415,14.415,14.044,14.044,584,0
20080521,13.667,13.667,13.667,13.667,422,0
20080523,13.468,13.866,13.454,13.866,1180,0
20080526,13.866,13.866,13.131,13.131,661,0
20080527,13.131,13.131,13.131,13.131,145,0
20080528,13.131,13.131,13.131,13.131,82,0
20080529,13.042,13.042,13.042,13.042,10,0
20080602,13.042,13.042,13.042,13.042,1,0
20080603,13.179,14.346,13.179,14.346,2084,0
20080604,13.927,13.927,13.179,13.385,4618,0
20080605,13.248,13.248,13.042,13.173,2681,0
20080606,13.138,14.628,12.884,13.447,7580,0
20080609,12.884,13.179,12.884,13.042,2072,0
20080610,13.214,13.358,13.042,13.042,534,0
20080611,13.179,13.179,12.012,13.028,4163,0
20080612,12.369,12.369,12.019,12.356,1330,0
20080613,12.012,12.356,12.012,12.047,170,0
20080616,12.081,12.218,12.081,12.218,2,0
20080617,12.363,12.363,12.047,12.047,1749,0
20080618,12.012,12.356,11.868,12.356,2396,0
20080619,12.356,12.356,11.669,12.012,1094,0
20080620,11.601,12.012,11.601,12.012,234,0
20080623,12.15,12.15,11.669,12.15,2964,0
20080624,11.807,12.143,11.807,12.143,2230,0
20080625,12.143,12.349,12.143,12.349,3149,0
20080626,12.356,12.356,12.198,12.198,1530,0
20080627,12.493,12.562,12.493,12.562,145,0
20080630,12.153,12.153,12.153,12.153,1,0
20080701,12.493,12.493,12.493,12.493,1,0
20080702,12.493,12.493,12.493,12.493,1,0
20080703,12.486,12.486,12.486,12.486,1,0
20080704,12.486,12.486,12.486,12.486,1,0
20080707,12.493,12.493,12.493,12.493,1,0
20080708,12.493,12.493,12.493,12.493,1,0
20080709,12.493,12.514,12.493,12.514,896,0
20080710,12.514,12.514,12.514,12.514,725,0
20080711,12.493,12.493,12.493,12.493,1,0
20080714,12.493,12.493,12.493,12.493,1,0
20080715,12.493,12.493,12.493,12.493,1,0
20080716,12.493,12.493,12.493,12.493,22,0
20080717,12.493,12.493,12.493,12.493,1,0
20080718,12.493,12.493,12.493,12.493,1,0
20080721,12.397,12.397,12.163,12.163,656,0
20080722,11.738,11.875,11.326,11.875,824,0
20080723,11.807,11.807,11.807,11.807,656,0
20080724,12.356,12.356,12.356,12.356,7,0
20080725,12.356,12.356,12.356,12.356,88,0
20080729,12.769,12.769,12.769,12.769,88,0
20080731,12.769,12.769,12.769,12.769,1,0
20080801,12.767,12.767,12.767,12.767,1,0
20080804,12.767,12.767,12.767,12.767,1,0
20080805,12.767,12.767,12.767,12.767,30,0
20080807,12.972,12.972,12.972,12.972,159,0
20080808,13.042,13.042,13.042,13.042,1,0
20080812,12.916,12.916,12.461,12.461,169,0
20080813,12.601,12.601,12.601,12.601,1,0
20080814,12.601,12.601,12.601,12.601,712,0
20080819,13.07,13.077,12.391,12.391,1217,0
20080825,11.936,12.111,11.936,12.111,214,0
20080826,12.111,12.111,12.111,12.111,1,0
20080827,12.111,12.111,12.111,12.111,1,0
20080828,12.111,12.111,12.111,12.111,1,0
20080829,12.111,12.111,12.111,12.111,1,0
20080901,12.111,12.111,12.111,12.111,1,0
20080902,12.111,12.111,12.111,12.111,1,0
20080903,12.111,12.111,12.111,12.111,40,0
20080904,12.286,12.356,12.111,12.111,307,0
20080905,12.111,12.111,12.111,12.111,1,0
20080908,12.111,12.111,12.111,12.111,1,0
20080910,12.356,12.356,12.111,12.111,2,0
20080912,12.111,12.111,12.111,12.111,1,0
20080916,12.111,12.111,12.111,12.111,42,0
20080917,12.111,12.111,12.111,12.111,1,0
20080918,12.111,12.111,12.111,12.111,1,0
20080919,12.111,12.111,12.111,12.111,1,0
20080923,12.111,12.111,12.111,12.111,166,0
20080924,12.076,12.356,11.481,11.481,2215,0
20080925,11.026,11.026,10.501,10.508,1396,0
20080926,10.942,10.949,10.942,10.949,671,0
20080929,11.131,11.481,11.131,11.481,1590,0
20080930,10.949,11.481,10.949,11.481,143,0
20081001,11.761,12.272,11.761,11.936,1643,0
20081002,12.272,12.272,12.272,12.272,13,0
20081007,12.251,12.251,12.251,12.251,13,0
20081008,11.691,11.691,11.691,11.691,505,0
20081010,11.201,11.201,11.201,11.201,142,0
20081013,11.761,11.761,11.761,11.761,142,0
20081015,11.761,11.761,11.761,11.761,142,0
20081020,11.761,11.761,11.201,11.201,887,0
20081021,10.669,11.201,10.669,11.201,214,0
20081023,11.201,11.201,10.991,10.991,204,0
20081024,10.991,10.991,10.991,10.991,84,0
20081027,10.991,10.991,10.991,10.991,1,0
20081028,11.201,11.201,11.201,11.201,142,0
20081029,11.201,11.201,11.201,11.201,142,0
20081030,11.201,11.201,11.201,11.201,87,0
20081103,11.201,11.201,11.201,11.201,142,0
20081104,10.991,11.201,10.991,11.201,143,0
20081105,10.991,11.201,10.991,10.991,143,0
20081106,10.991,10.991,10.991,10.991,31,0
20081107,10.991,10.991,10.991,10.991,1,0
20081110,10.991,10.991,10.991,10.991,1,0
20081114,10.991,10.991,10.991,10.991,1,0
20081117,10.991,10.991,10.991,10.991,1,0
20081118,10.991,10.991,10.991,10.991,87,0
20081120,10.991,10.991,10.669,10.669,808,0
20081124,10.669,10.669,10.165,10.165,706,0
20081125,10.165,10.165,10.165,10.165,785,0
20081126,10.501,10.501,10.501,10.501,6,0
20081127,10.165,10.501,10.165,10.501,285,0
20081128,10.501,10.501,10.501,10.501,1,0
20081201,10.501,10.501,10.501,10.501,1,0
20081202,10.501,10.501,10.501,10.501,13,0
20081203,10.669,10.669,10.669,10.669,142,0
20081204,10.501,10.669,10.501,10.669,143,0
20081205,10.501,10.669,10.501,10.669,143,0
20081208,10.669,10.669,10.669,10.669,142,0
20081209,10.669,10.669,10.669,10.669,142,0
20081210,10.501,10.669,10.501,10.669,114,0
20081212,10.501,10.501,10.501,10.501,1,0
20081216,10.501,10.501,10.501,10.501,1,0
20081218,10.501,10.501,10.501,10.501,19,0
20081219,10.501,10.501,10.165,10.165,357,0
20081222,10.501,10.501,10.501,10.501,714,0
20081223,10.501,10.501,10.501,10.501,571,0
20081229,10.361,10.361,10.361,10.361,1,0
20081230,10.361,10.361,10.361,10.361,1,0
20081231,10.361,10.361,10.361,10.361,1,0
20090105,10.501,10.501,10.501,10.501,827,0
20090116,10.501,10.501,10.501,10.501,29,0
20090216,11.026,11.026,11.026,11.026,13,0
20090220,11.026,11.026,11.026,11.026,43,0
20090319,10.501,10.501,10.501,10.501,71,0
20090330,10.508,10.508,10.508,10.508,1,0
20090402,11.026,11.026,11.026,11.026,685,0
20090403,11.572,11.572,11.026,11.026,571,0
20090406,11.033,11.033,11.033,11.033,387,0
20090407,11.565,13.161,11.565,12.741,2133,0
20090408,14.001,15.401,12.601,15.401,1577,0
20090409,16.801,16.801,14.015,14.701,1801,0
20090414,14.701,14.701,13.336,14.071,1904,0
20090415,14.351,14.701,14.008,14.701,145,0
20090416,14.001,14.001,14.001,14.001,285,0
20090417,13.651,13.651,13.301,13.651,802,0
20090420,13.301,13.301,13.301,13.301,325,0
20090421,13.301,13.301,13.301,13.301,10,0
20090422,13.651,13.651,13.651,13.651,71,0
20090424,13.301,13.301,13.301,13.301,6,0
20090504,13.301,13.301,13.301,13.301,246,0
20090507,13.301,13.301,13.301,13.301,71,0
20090508,13.301,13.651,13.301,13.651,129,0
20090515,13.616,13.616,13.007,13.007,59,0
20090518,13.007,13.007,13.007,13.007,500,0
20090522,12.979,12.986,12.37,12.37,124,0
20090528,12.37,12.37,12.37,12.37,45,0
20090602,12.37,12.37,12.37,12.37,607,0
20090608,11.901,11.901,11.901,11.901,212,0
20090610,12.356,12.356,12.356,12.356,285,0
20090612,12.349,12.349,12.349,12.349,49,0
20090618,12.349,12.349,12.349,12.349,1,0
20090622,11.775,11.775,11.775,11.775,159,0
20090623,11.775,11.775,11.775,11.775,142,0
20090625,11.775,11.775,11.775,11.775,29,0
20090703,12.356,12.356,12.356,12.356,28,0
20090707,12.356,12.356,12.356,12.356,82,0
20090716,11.775,11.901,11.201,11.761,1180,0
20090722,11.768,11.768,11.768,11.768,69,0
20090727,11.768,11.768,11.768,11.768,241,0
20090729,11.768,14.232,11.768,14.232,1742,0
20090731,17.155,17.155,15.65,16.719,3029,0
20090803,16.101,16.101,15.373,15.408,809,0
20090804,15.376,15.376,15.376,15.376,11,0
20090805,15.376,15.376,15.299,15.299,628,0
20090806,14.982,14.982,14.982,14.982,8,0
20090810,15.678,18.203,15.678,18.203,7296,0
20090811,19.25,24.502,19.25,24.502,6768,0
20090812,27.068,29.775,25.662,29.775,9630,0
20090813,32.025,35.224,28.826,29.529,10404,0
20090814,27.42,29.318,22.498,26.646,11614,0
20090817,26.014,26.717,23.201,25.803,3812,0
20090818,26.014,26.014,24.045,24.15,1803,0
20090819,24.158,29.177,23.215,26.991,7025,0
20090820,26.956,29.529,24.966,27.771,4169,0
20090821,28.123,28.2,26.717,27.631,2476,0
20090824,28.052,28.052,25.873,25.915,1345,0
20090825,25.782,25.782,23.904,25.634,1448,0
20090826,24.312,24.741,23.904,24.256,3003,0
20090827,24.607,25.662,23.44,24.537,1306,0
20090828,24.607,24.607,23.44,23.447,948,0
20090831,23.447,24.537,22.85,24.516,728,0
20090901,23.44,23.44,22.097,22.112,1120,0
20090902,21.092,21.092,19.686,19.686,1125,0
20090903,18.983,19.686,18.779,18.779,1214,0
20090904,19.573,20.656,18.99,20.656,1521,0
20090907,20.389,25.592,20.15,25.592,8450,0
20090908,25.662,26.892,23.208,23.342,5558,0
20090909,23.342,23.342,21.162,23.342,1497,0
20090910,21.795,23.975,21.795,22.287,1000,0
20090911,21.936,23.201,21.936,22.85,1516,0
20090914,21.24,22.217,21.162,22.217,525,0
20090915,22.182,24.045,22.182,23.89,1064,0
20090916,23.236,23.623,22.161,23.623,1071,0
20090917,23.623,23.623,22.498,22.498,576,0
20090918,22.491,22.498,21.444,21.444,208,0
20090921,21.866,21.866,21.373,21.858,1677,0
20090922,22.428,22.428,21.092,22.428,3455,0
20090923,21.795,24.361,21.795,22.85,2604,0
20090924,22.815,22.815,21.866,21.866,351,0
20090925,21.795,21.795,21.648,21.655,873,0
20090928,21.767,21.767,20.741,20.741,110,0
20090929,20.741,21.767,19.756,20.073,942,0
20090930,21.43,21.767,20.389,20.389,1267,0
20091001,20.389,22.09,20.389,20.811,2356,0
20091002,20.811,22.09,20.811,21.922,357,0
20091005,21.901,21.901,21.901,21.901,65,0
20091006,21.922,23.412,21.922,23.011,938,0
20091007,22.526,23.011,22.512,22.519,406,0
20091009,22.519,22.519,21.922,21.922,442,0
20091012,21.922,21.922,20.881,20.881,578,0
20091013,20.881,21.408,20.424,20.424,464,0
20091015,21.338,23.897,21.338,22.92,2325,0
20091016,24.889,29.002,24.889,28.988,14370,0
20091019,30.267,36.595,30.267,36.595,5190,0
20091020,42.184,46.403,34.239,39.864,19000,0
20091021,37.263,40.427,36.56,37.966,6241,0
20091022,35.154,35.857,31.708,34.872,2337,0
20091023,33.48,34.38,31.076,31.568,2920,0
20091026,32.306,32.974,30.935,31.294,2098,0
20091027,31.638,31.997,28.896,30.928,3197,0
20091028,30.584,30.584,29.142,29.142,295,0
20091029,26.752,31.638,26.717,30.162,11534,0
20091030,30.162,31.638,30.162,30.928,2317,0
20091102,30.759,30.759,29.466,29.529,273,0
20091103,29.529,29.529,29.529,29.529,30,0
20091104,29.529,31.371,28.545,30.865,756,0
20091105,30.794,33.044,29.332,32.974,1692,0
20091106,32.897,32.897,30.584,31.638,968,0
20091109,31.638,31.638,29.332,29.332,1526,0
20091110,30.232,31.638,29.353,29.613,3139,0
20091112,29.88,31.378,29.88,31.287,1678,0
20091113,31.287,31.287,29.951,31.146,677,0
20091116,31.16,31.16,29.88,30.232,1073,0
20091117,30.928,30.928,28.39,29.177,1530,0
20091118,28.826,28.826,27.806,28.474,512,0
20091119,29.177,29.177,28.123,28.756,190,0
20091120,28.749,29.142,27.792,27.792,782,0
20091123,27.771,27.792,26.787,27.792,414,0
20091124,26.787,27.771,26.787,27.771,205,0
20091125,26.717,27.792,25.311,27.792,342,0
20091126,26.119,26.365,26.014,26.365,428,0
20091127,25.528,26.365,25.311,26.365,404,0
20091130,25.388,26.365,25.029,26.365,3689,0
20091201,25.114,26.365,24.959,25.803,1684,0
20091202,25.732,25.838,25.732,25.838,234,0
20091203,25.311,25.311,25.24,25.24,148,0
20091204,25.838,25.838,23.405,25.662,3047,0
20091207,25.838,28.123,24.748,25.662,2156,0
20091208,25.311,25.838,25.311,25.662,682,0
20091209,25.838,28.123,25.311,27.349,1690,0
20091210,26.717,28.052,26.717,27.42,542,0
20091211,27.771,28.031,26.717,27.42,878,0
20091214,27.413,27.413,26.119,27.314,917,0
20091215,26.717,26.717,25.311,25.486,1400,0
20091216,26.105,26.105,24.896,24.903,447,0
20091217,25.873,26.084,24.193,24.193,1282,0
20091218,24.959,24.959,23.834,24.959,343,0
20091221,23.975,24.959,23.975,24.959,43,0
20091222,24.01,24.01,22.358,22.358,9497,0
20091223,22.358,22.358,19.686,19.904,8592,0
20091228,20.389,20.389,18.35,18.983,15107,0
20091229,18.983,19.475,18.983,18.983,9866,0
20091230,19.123,19.827,18.28,18.863,14293,0
20091231,18.139,18.877,17.633,18.596,12515,0
20100104,17.795,20.178,17.795,19.517,18964,0
20100105,20.164,20.382,19.51,19.686,30509,0
20100106,19.686,20.171,18.842,19.327,19095,0
20100107,19.334,19.679,18.884,19.609,2821,0
20100108,19.609,19.609,18.884,18.955,4460,0
20100111,18.884,18.884,18.139,18.357,1060,0
20100112,18.069,18.139,17.577,17.682,8586,0
20100113,17.682,17.682,16.663,16.733,12044,0
20100114,16.803,17.281,16.768,17.225,1608,0
20100115,17.05,17.225,16.663,16.747,5532,0
20100118,17.281,18.125,17.225,17.513,5743,0
20100119,17.999,19.152,17.795,18.772,13056,0
20100120,19.531,19.531,18.28,18.913,20539,0
20100121,18.287,18.343,17.647,17.942,7699,0
20100122,17.366,18.132,17.366,17.788,4412,0
20100125,17.373,17.373,16.825,16.874,10609,0
20100126,16.86,17.225,16.803,17.225,1429,0
20100127,17.253,17.295,16.874,17.197,2420,0
20100128,17.225,17.253,17.225,17.225,266,0
20100129,17.254,17.261,16.891,17.218,1834,0
20100201,16.881,17.218,16.881,17.197,289,0
20100202,17.155,17.26,16.733,16.733,2943,0
20100203,16.874,16.874,16.733,16.733,666,0
20100204,16.803,16.803,16.178,16.452,3187,0
20100205,16.171,16.171,15.819,16.121,6773,0
20100208,15.854,15.854,15.13,15.65,1612,0
20100209,15.468,15.65,14.933,15.046,1001,0
20100210,15.053,15.678,15.053,15.678,617,0
20100211,15.672,15.672,15.116,15.116,425,0
20100212,15.657,15.657,15.116,15.116,99949,0
20100215,15.116,16.628,15.116,15.538,4404,0
20100216,15.678,16.522,15.678,16.452,1922,0
20100217,16.733,16.972,16.522,16.972,2975,0
20100218,17.218,17.218,16.874,17.05,516,0
20100219,16.522,16.522,15.742,16.452,738,0
20100222,15.861,16.311,15.819,16.171,443,0
20100223,16.171,16.171,15.742,16.157,744,0
20100224,16.171,16.607,16.171,16.522,2567,0
20100225,16.522,16.522,16.171,16.522,2857,0
20100301,16.522,16.522,16.522,16.522,384,0
20100302,16.529,17.858,16.529,17.577,5821,0
20100303,17.506,17.506,16.874,17.056,1426,0
20100304,16.951,17.429,16.944,17.429,31687,0
20100305,17.478,18.209,17.464,18.209,5662,0
20100308,18.139,18.631,18.139,18.385,7101,0
20100309,18.456,18.456,18.034,18.174,1308,0
20100310,18.174,18.385,18.174,18.35,1324,0
20100311,18.456,18.456,18.174,18.209,2556,0
20100312,18.167,19.159,18.167,18.969,9100,0
20100315,19.053,19.334,18.821,19.123,4106,0
20100316,19.123,19.123,18.42,18.491,8435,0
20100317,18.491,18.695,18.209,18.681,3438,0
20100318,18.779,19.637,18.491,18.983,17160,0
20100319,18.983,19.011,18.217,18.238,1335,0
20100322,18.224,18.224,17.352,17.457,2074,0
20100323,17.928,17.928,17.577,17.717,2132,0
20100324,17.999,18.217,17.928,17.999,1292,0
20100325,17.999,18.209,17.999,18.209,1347,0
20100326,17.999,18.069,17.914,18.069,476,0
20100329,17.752,17.752,17.359,17.717,360,0
20100330,17.752,17.752,17.492,17.577,1343,0
20100331,17.93,18.215,17.446,17.446,12245,0
20100401,17.577,18.174,17.577,18.174,240,0
20100406,18.174,18.217,18.167,18.217,1367,0
20100407,18.554,20.881,18.554,20.037,29791,0
20100408,20.108,20.389,18.42,18.561,7669,0
20100409,19.327,19.327,18.638,18.772,4661,0
20100412,18.786,19.327,18.779,18.849,1295,0
20100413,19.334,19.334,18.772,19.187,1825,0
20100414,18.842,18.842,18.498,18.842,1164,0
20100415,19.264,19.264,18.526,18.631,2285,0
20100416,18.631,18.842,18.631,18.842,441,0
20100419,18.631,18.631,17.752,18.069,3575,0
20100420,17.928,18.35,17.879,18.35,735,0
20100421,18.35,18.35,18.35,18.35,213,0
20100422,18.343,19.123,18.111,18.835,1572,0
20100423,18.215,18.635,18.207,18.635,426,0
20100426,18.631,19.053,18.09,19.053,1757,0
20100427,18.983,19.405,18.631,19.405,2709,0
20100428,19.552,19.552,18.983,18.983,2417,0
20100429,19.123,19.334,19.123,19.334,360,0
20100430,19.126,19.56,19.126,19.56,497,0
20100504,19.341,19.341,18.631,18.631,1143,0
20100505,18.308,18.315,17.577,18.28,18320,0
20100506,18.456,18.835,17.752,17.752,1478,0
20100507,17.577,17.577,17.092,17.577,2594,0
20100510,17.928,18.631,17.907,18.631,9535,0
20100511,18.772,18.772,18.561,18.631,848,0
20100512,18.631,18.631,18.273,18.273,676,0
20100513,18.561,18.561,18.561,18.561,29,0
20100517,18.842,19.552,18.631,19.264,3117,0
20100518,19.264,19.264,18.631,18.983,2873,0
20100519,18.631,18.842,18.42,18.842,2639,0
20100520,18.702,18.737,17.647,18.491,2148,0
20100521,18.28,18.42,17.928,18.42,1171,0
20100524,17.935,18.491,17.928,18.42,3539,0
20100525,17.682,18.35,17.682,18.35,93,0
20100526,18.35,18.983,18.35,18.807,1071,0
20100527,18.631,19.018,18.139,18.702,3320,0
20100528,18.976,19.123,18.976,19.123,2655,0
20100531,19.161,19.161,18.734,19.161,860,0
20100601,19.159,19.159,18.702,19.053,1107,0
20100602,18.702,19.053,18.702,19.053,153,0
20100604,18.702,18.702,18.702,18.702,401,0
20100607,17.879,18.702,17.816,18.702,259,0
20100608,18.702,18.702,18.702,18.702,1083,0
20100610,17.999,18.631,17.816,18.631,2910,0
20100611,18.42,18.42,17.928,17.928,1649,0
20100614,18.385,18.385,17.928,18.28,475,0
20100615,17.788,18.209,17.549,18.209,848,0
20100616,18.203,18.385,18.203,18.385,519,0
20100617,17.652,18.264,17.652,18.001,658,0
20100618,17.612,17.612,17.549,17.577,831,0
20100621,17.577,17.788,17.549,17.549,667,0
20100622,17.577,17.879,17.577,17.788,799,0
20100623,17.549,17.914,17.021,17.879,2163,0
20100624,17.717,18.245,17.549,17.549,1060,0
20100625,17.261,17.617,17.083,17.61,7345,0
20100628,17.61,18.022,17.574,17.958,5022,0
20100629,17.577,17.963,17.155,17.963,1713,0
20100630,17.574,17.958,17.154,17.574,152,0
20100701,17.154,17.154,16.876,16.876,1076,0
20100702,16.876,17.909,16.876,17.204,1377,0
20100705,17.823,17.823,16.876,16.876,973,0
20100706,17.225,17.688,17.225,17.688,3058,0
20100707,17.787,17.787,16.876,16.876,3085,0
20100708,17.432,17.716,17.432,17.716,4807,0
20100709,17.716,17.716,16.933,16.94,1321,0
20100712,17.225,17.225,17.225,17.225,14,0
20100713,17.133,17.866,17.133,17.866,2287,0
20100714,17.795,17.937,17.795,17.937,246,0
20100716,17.901,17.901,17.446,17.446,29,0
20100719,17.51,17.795,17.446,17.795,866,0
20100720,17.446,18.307,17.439,17.795,6321,0
20100721,18.143,18.329,18.143,18.307,1915,0
20100722,18.563,19.183,18.506,19.14,802,0
20100723,19.14,19.176,19.14,19.176,310,0
20100726,19.176,19.176,18.35,18.35,367,0
20100727,18.862,19.218,18.862,19.176,408,0
20100728,18.329,19.147,18.329,19.147,152,0
20100729,18.506,18.506,18.307,18.307,2040,0
20100730,18.307,18.307,18.186,18.186,447,0
20100802,18.222,19.218,18.222,18.506,1277,0
20100803,18.506,19.361,18.506,19.353,2133,0
20100804,18.862,19.183,18.592,19.183,629,0
20100805,18.578,19.218,18.578,18.656,141,0
20100806,19.211,19.218,18.649,19.218,666,0
20100809,19.93,23.56,19.93,22.208,47891,0
20100810,22.421,22.727,20.82,21.268,15964,0
20100811,21.567,21.638,20.179,20.357,6878,0
20100812,20.286,21.354,20.143,21.247,3939,0
20100813,21.233,21.233,20.428,20.457,2003,0
20100816,20.428,20.642,20.428,20.471,820,0
20100817,20.464,20.464,20.108,20.428,1174,0
20100818,20.115,20.115,20.008,20.008,1247,0
20100819,20.428,20.428,20.072,20.428,394,0
20100820,20.286,20.286,20.286,20.286,282,0
20100823,20.286,20.286,20.001,20.001,510,0
20100824,19.944,20.001,19.724,19.724,2443,0
20100825,19.574,20.272,19.574,20.215,1132,0
20100826,20.25,20.428,20.215,20.428,868,0
20100827,20.642,20.855,20.357,20.642,2164,0
20100830,20.891,20.891,20.215,20.877,1810,0
20100831,20.642,20.642,20.151,20.642,778,0
20100901,21.282,21.994,21.282,21.959,21341,0
20100902,22.03,22.628,21.389,22.144,10459,0
20100903,22.158,22.557,22.144,22.557,4075,0
20100906,22.777,23.482,22.279,23.311,13412,0
20100907,23.418,23.418,22.777,23.368,3164,0
20100908,24.016,24.77,24.016,24.208,12909,0
20100909,25.226,25.226,24.564,24.913,6728,0
20100910,24.913,24.913,24.308,24.343,2753,0
20100913,24.272,24.905,24.272,24.45,2207,0
20100914,24.058,24.058,23.026,23.489,6770,0
20100915,23.489,23.93,23.347,23.524,78559,0
20100916,23.631,23.702,23.631,23.702,1383,0
20100917,23.937,24.542,23.845,24.542,2408,0
20100920,24.073,24.379,23.774,23.774,3626,0
20100921,23.774,24.379,23.496,23.496,1883,0
20100922,23.318,23.318,22.144,22.991,2625,0
20100923,23.411,23.418,22.806,22.919,1606,0
20100924,23.133,24.436,22.991,24.13,11183,0
20100927,23.489,24.115,23.489,24.058,1235,0
20100929,24.094,24.13,23.489,24.13,7284,0
20100930,24.122,24.122,23.56,24.094,846,0
20101001,23.56,24.058,23.56,24.058,1011,0
20101004,24.165,24.165,23.631,23.774,1914,0
20101005,24.058,24.308,23.631,24.308,1395,0
20101006,24.308,24.329,24.13,24.13,1363,0
20101007,24.201,24.329,24.13,24.272,2482,0
20101008,24.201,24.557,24.201,24.557,1326,0
20101011,24.557,24.905,24.557,24.905,1981,0
20101012,24.92,26.977,24.913,25.888,15450,0
20101013,25.909,26.151,25.411,26.115,2086,0
20101014,26.122,26.122,25.489,25.624,2127,0
20101015,25.518,26.115,25.489,26.115,1298,0
20101018,26.073,26.108,25.852,26.051,1012,0
20101019,26.051,26.051,24.984,25.404,1127,0
20101020,24.913,24.913,24.272,24.913,1898,0
20101021,24.699,25.553,24.699,25.553,1392,0
20101022,25.553,25.781,25.553,25.781,284,0
20101025,25.767,26.151,25.767,26.122,1201,0
20101026,26.051,26.051,25.404,25.404,5695,0
20101027,25.838,25.909,25.268,25.909,404,0
20101028,25.489,25.624,25.489,25.624,253,0
20101029,25.906,25.906,25.906,25.906,2753,0
20101102,25.98,26.265,25.909,26.265,628,0
20101103,26.258,26.265,25.653,26.265,868,0
20101104,25.909,25.909,25.268,25.902,10260,0
20101105,25.902,26.97,25.873,26.962,3034,0
20101108,26.962,27.688,26.905,27.404,4272,0
20101109,27.546,28.471,27.048,28.471,4383,0
20101110,28.97,31.319,28.863,30.607,7355,0
20101112,30.393,30.393,29.539,30.173,2627,0
20101115,29.895,30.536,29.539,29.895,1103,0
20101116,29.895,29.895,27.29,28.471,20430,0
20101117,28.471,28.471,27.76,28.4,1879,0
20101118,28.471,28.471,26.621,26.621,5988,0
20101119,26.564,26.621,24.984,25.624,3532,0
20101122,25.902,25.909,25.624,25.624,1082,0
20101123,24.948,25.909,24.913,25.909,781,0
20101124,25.909,25.909,25.909,25.909,20,0
20101125,25.909,25.909,25.902,25.909,276,0
20101126,25.624,25.624,25.624,25.624,42,0
20101129,24.948,25.518,24.92,25.518,1092,0
20101130,24.948,25.375,24.913,25.375,199,0
20101201,25.375,25.375,24.201,25.375,1598,0
20101202,25.902,25.902,25.432,25.838,312,0
20101203,25.895,25.902,24.791,25.617,575,0
20101206,25.888,25.888,24.913,25.838,125,0
20101207,25.624,25.902,25.624,25.902,376,0
20101208,25.695,27.041,25.482,26.692,2796,0
20101209,27.546,27.546,26.834,27.546,1906,0
20101210,27.397,27.397,26.478,27.333,14861,0
20101213,26.422,26.977,26.414,26.977,2684,0
20101214,26.97,27.404,26.97,27.404,15326,0
20101215,27.333,27.404,26.713,26.763,788,0
20101216,26.763,26.799,26.55,26.55,435,0
20101217,27.311,27.311,26.407,26.45,750,0
20101220,26.414,26.621,26.414,26.621,231,0
20101221,26.898,26.905,26.898,26.905,15548,0
20101222,26.905,26.905,26.628,26.884,2010,0
20101223,26.884,26.884,26.884,26.884,95,0
20101227,26.891,26.891,26.336,26.336,699,0
20101228,26.407,26.692,26.336,26.35,2021,0
20101229,26.649,26.649,25.916,25.916,172,0
20101230,24.984,25.553,23.56,24.201,16961,0
20101231,23.843,24.487,23.843,24.487,336,0
20110103,24.493,24.521,24.414,24.414,428,0
20110104,24.414,24.414,23.959,24.201,628,0
20110105,23.994,23.994,23.774,23.774,305,0
20110107,24.542,24.905,24.542,24.905,141,0
20110110,24.784,24.784,24.784,24.784,83,0
20110112,24.272,24.272,24.13,24.13,513,0
20110113,23.731,23.731,23.731,23.731,282,0
20110114,23.631,23.631,22.073,23.631,44420,0
20110117,24.058,24.628,23.489,24.628,3983,0
20110118,24.628,25.553,24.628,25.553,72224,0
20110119,25.553,26.478,25.553,26.336,8860,0
20110121,25.98,26.122,25.311,25.98,1749,0
20110124,25.624,25.98,25.126,25.98,426,0
20110125,25.083,25.98,25.083,25.98,160,0
20110126,25.268,26.194,25.268,26.194,1160,0
20110128,26.187,26.194,26.187,26.194,311,0
20110131,25.087,25.832,24.15,25.832,1298,0
20110201,25.09,25.624,25.09,25.624,98,0
20110202,25.09,25.624,25.083,25.624,735,0
20110203,25.083,26.194,25.083,26.194,1625,0
20110204,25.624,26.122,25.126,26.122,1637,0
20110207,25.162,25.162,24.343,24.913,864,0
20110208,24.913,24.913,24.208,24.308,606,0
20110209,24.557,24.557,24.557,24.557,352,0
20110211,24.201,25.126,24.201,25.126,654,0
20110214,25.126,25.126,25.055,25.126,908,0
20110215,25.133,25.973,25.133,25.973,2847,0
20110216,25.133,25.98,25.133,25.98,7187,0
20110217,25.98,26.478,25.98,26.478,640,0
20110218,25.98,25.98,25.98,25.98,124,0
20110221,25.126,25.126,24.414,24.421,519,0
20110222,24.557,24.557,24.5,24.5,296,0
20110223,24.521,24.521,24.521,24.521,417,0
20110224,25.375,25.375,25.375,25.375,99,0
20110228,24.222,24.913,24.222,24.913,123,0
20110301,24.279,24.279,24.279,24.279,70,0
20110302,25.126,25.126,24.201,24.201,646,0
20110303,24.201,25.126,24.201,24.557,593,0
20110304,24.557,24.557,24.557,24.557,347,0
20110310,24.201,25.411,24.201,25.404,419,0
20110311,25.34,25.34,25.268,25.325,242,0
20110314,25.332,25.332,24.557,24.557,240,0
20110315,24.272,24.549,24.201,24.201,664,0
20110316,23.845,23.845,23.56,23.845,208,0
20110317,23.724,24.201,23.56,24.201,219,0
20110318,24.201,24.201,24.201,24.201,24,0
20110321,24.201,24.201,24.201,24.201,24,0
20110322,23.489,23.489,22.777,22.863,1162,0
20110323,22.919,22.919,22.919,22.919,387,0
20110324,23.275,23.339,23.133,23.268,14872,0
20110325,22.863,22.863,22.863,22.863,193,0
20110328,23.133,23.133,22.855,22.855,678,0
20110329,23.482,23.489,23.475,23.489,564,0
20110330,23.724,24.201,23.724,24.201,595,0
20110331,23.141,24.202,23.053,24.202,336,0
20110401,23.838,23.838,23.347,23.347,234,0
20110404,23.489,23.489,23.055,23.055,472,0
20110405,23.838,24.165,22.172,22.172,1207,0
20110406,22.172,22.172,21.973,21.973,9679,0
20110407,21.966,21.966,21.709,21.781,461,0
20110408,21.994,21.994,21.709,21.709,365,0
20110411,21.354,22.044,21.354,21.354,335,0
20110412,21.354,21.354,21.354,21.354,41,0
20110414,21.738,21.738,20.998,20.998,488,0
20110418,20.136,20.998,20.136,20.998,1227,0
20110419,20.983,21.14,20.983,21.14,1158,0
20110420,20.222,20.642,20.222,20.229,542,0
20110421,20.279,20.321,20.272,20.286,971,0
20110426,20.136,20.136,19.225,19.232,2645,0
20110427,19.289,20.286,19.289,20.286,1308,0
20110428,20.364,20.998,20.364,20.784,570,0
20110504,20.663,20.663,20.143,20.143,595,0
20110505,20.143,20.158,20.143,20.143,277,0
20110506,20.136,20.848,20.136,20.136,325,0
20110510,20.201,20.215,19.368,19.581,615,0
20110511,19.567,19.567,18.506,18.869,2609,0
20110512,18.506,18.934,18.506,18.934,641,0
20110513,18.862,20.642,18.862,20.642,1272,0
20110516,20.926,21.346,20.649,21.339,899,0
20110517,21.567,21.567,20.642,20.677,1273,0
20110518,20.35,20.35,20.343,20.343,316,0
20110519,20.343,20.428,20.343,20.343,575,0
20110520,20.343,20.343,19.93,19.93,789,0
20110525,19.923,19.923,19.46,19.467,476,0
20110527,19.51,19.916,19.503,19.503,316,0
20110530,18.934,19.624,18.934,19.624,185,0
20110606,18.934,18.934,18.862,18.862,422,0
20110607,18.716,18.723,18.716,18.716,795,0
20110608,18.723,18.723,18.504,18.504,1426,0
20110609,17.941,18.438,17.122,18.438,2708,0
20110610,17.901,17.901,17.901,17.901,659,0
20110613,17.118,17.154,16.243,17.047,2455,0
20110614,16.378,16.478,16.378,16.407,1820,0
20110615,16.307,16.556,16.243,16.243,948,0
20110616,15.666,15.666,15.659,15.659,1815,0
20110617,15.666,15.666,15.666,15.666,84,0
20110620,15.659,15.659,15.375,15.375,2556,0
20110621,15.375,15.474,15.375,15.474,652,0
20110622,15.481,15.481,15.481,15.481,211,0
20110627,15.481,15.481,15.474,15.474,660,0
20110630,16.237,16.727,16.237,16.727,821,0
20110701,17.056,17.904,17.056,17.795,2486,0
20110704,17.085,17.904,17.085,17.144,1608,0
20110705,17.085,17.085,16.017,16.368,2145,0
20110706,16.017,16.017,15.937,15.937,493,0
20110713,15.505,15.505,15.505,15.505,355,0
20110714,15.359,15.359,15.359,15.359,28,0
20110715,15.359,15.359,14.92,14.92,920,0
20110718,14.525,14.525,14.525,14.525,41,0
20110719,14.525,14.525,14.525,14.525,257,0
20110720,14.496,14.496,13.933,13.933,1127,0
20110721,13.538,13.538,13.033,13.033,1367,0
20110722,13.18,13.18,13.158,13.165,752,0
20110725,13.37,13.37,13.165,13.165,590,0
20110727,12.982,12.982,12.748,12.748,1307,0
20110728,12.141,12.141,11.475,11.483,9181,0
20110729,11.475,12.141,11.475,12.068,2784,0
20110801,12.068,12.068,11.483,11.702,16043,0
20110802,11.768,11.768,11.219,11.219,1374,0
20110803,11.219,11.219,10.759,11.219,584,0
20110804,10.751,10.751,10.686,10.686,1466,0
20110805,10.239,10.598,9.874,10.239,1650,0
20110808,8.7766,10.203,8.7766,10.196,984,0
20110809,9.2959,9.2959,8.272,8.8497,1648,0
20110810,9.1423,10.239,9.1423,9.1423,4424,0
20110811,9.588,9.618,9.2447,9.581,6366,0
20110812,9.581,9.837,9.581,9.837,22454,0
20110816,9.947,9.947,9.618,9.801,28337,0
20110817,9.874,9.874,9.801,9.837,4484,0
20110818,9.4349,9.581,9.1496,9.1496,10684,0
20110819,9.1423,9.1423,8.5938,8.5938,4205,0
20110822,8.9229,9.1423,8.9229,9.0179,4499,0
20110823,9.0399,9.3251,9.0399,9.0911,14478,0
20110826,9.1058,9.1789,9.1058,9.1423,16308,0
20110829,8.996,9.1862,8.996,9.1423,14505,0
20110830,9.1423,9.1423,8.9229,8.9229,4255,0
20110831,9.1058,9.1058,8.3597,8.5865,12287,0
20110901,8.411,8.7693,8.3744,8.7693,2967,0
20110902,8.4914,8.7401,8.2647,8.7401,8990,0
20110905,8.2281,8.2281,7.9648,8.0964,7544,0
20110906,8.0891,8.6303,8.0453,8.6303,3193,0
20110907,8.5206,9.4934,8.5206,9.4934,3793,0
20110908,9.4934,9.647,9.0619,9.0619,3183,0
20110909,9.2081,9.2081,9.2081,9.2081,4,0
20110912,8.7766,9.2008,8.7766,9.2008,817,0
20110913,8.7766,8.7766,8.7766,8.7766,820,0
20110914,8.7766,9.2081,8.7766,8.996,1738,0
20110915,8.5938,8.5938,8.5719,8.5719,1559,0
20110916,8.411,8.5206,7.6942,7.6942,11028,0
20110919,7.3943,7.6942,7.387,7.6942,694,0
20110920,7.387,7.387,7.387,7.387,1025,0
20110922,7.387,7.6869,7.387,7.6869,1286,0
20110923,7.3797,7.387,7.3797,7.387,1149,0
20110927,7.387,7.387,6.7068,6.7288,17194,0
20110928,7.0213,7.0213,5.8511,5.8511,10174,0
20110929,6.1436,6.1436,5.5001,5.6683,18176,0
20110930,5.6609,5.8511,5.1197,5.5293,41278,0
20111003,5.5366,5.5366,5.4049,5.4854,4793,0
20111004,5.4122,5.4122,5.4049,5.4122,648,0
20111005,5.266,5.8511,5.1197,5.8072,15851,0
20111006,6.0705,6.0705,5.5732,5.7414,14032,0
20111007,5.8145,5.8145,5.5658,5.7706,3723,0
20111010,5.7706,5.7706,5.6975,5.6975,6939,0
20111011,5.6975,5.6975,5.5732,5.6756,4763,0
20111012,5.6536,5.6756,5.4269,5.4269,304,0
20111013,5.5805,5.9461,5.5732,5.9461,71898,0
20111014,5.9827,7.2407,5.9827,6.524,44247,0
20111017,6.5825,6.9116,6.5605,6.5605,9689,0
20111018,6.6044,6.619,6.4362,6.619,3353,0
20111019,6.4873,6.7288,6.48,6.7288,2067,0
20111020,6.5898,6.7288,6.5752,6.6995,6265,0
20111021,6.9116,7.0213,6.8751,7.0213,2326,0
20111024,7.5918,7.5918,6.9847,7.2846,6644,0
20111025,7.3138,7.3138,6.9847,7.1675,3341,0
20111026,7.0213,7.3138,6.9847,7.3138,2850,0
20111027,7.3138,7.3138,7.0213,7.2919,295,0
20111028,7.2407,7.3138,6.6629,6.9628,9367,0
20111031,6.9628,6.9628,6.6409,6.9628,2152,0
20111102,6.6556,6.9408,6.6556,6.9116,13841,0
20111103,6.9043,6.9116,6.9043,6.9116,346,0
20111104,6.8751,6.9116,6.8751,6.9116,1692,0
20111108,6.8751,7.2188,6.7434,7.1896,1812,0
20111109,7.2188,7.2773,6.9189,7.2773,1657,0
20111110,7.2773,7.2773,6.9116,6.9262,2843,0
20111114,7.248,7.2553,6.9628,6.9628,3055,0
20111115,6.9189,6.9189,6.9189,6.9189,93,0
20111116,7.2553,7.2553,7.2407,7.2553,725,0
20111117,7.2553,7.4601,7.2553,7.4601,2105,0
20111121,7.6795,7.6795,6.9481,7.0213,2027,0
20111123,6.9481,6.9481,6.6556,6.6556,29847,0
20111124,6.7288,6.7288,6.6629,6.6629,665,0
20111125,6.5386,6.619,6.5386,6.5825,21405,0
20111128,6.5825,6.5825,6.5386,6.5386,444,0
20111129,6.5825,6.5825,6.5825,6.5825,3011,0
20111202,6.5386,6.5386,6.5386,6.5386,820,0
20111205,6.5459,6.5825,6.48,6.48,3370,0
20111206,6.7507,6.7507,6.7507,6.7507,273,0
20111207,6.7653,6.7653,6.7653,6.7653,355,0
20111216,6.5825,6.8604,6.5825,6.8019,4134,0
20111221,6.5898,6.8751,6.5825,6.8751,678,0
20111222,6.5898,7.0213,6.5825,7.0213,5443,0
20111223,7.0287,7.1675,6.9116,7.0213,7414,0
20111227,6.9116,6.9116,6.9116,6.9116,672,0
20111228,6.9116,6.9116,6.9116,6.9116,160,0
20111229,6.5898,6.8897,6.5898,6.6044,1577,0
20111230,6.5837,6.6003,6.5837,6.6003,143,0
20120102,6.6922,6.6922,6.6922,6.6922,1121,0
20120103,6.8604,6.9408,6.8604,6.9408,2705,0
20120104,6.9335,7.3138,6.9335,6.9847,14091,0
20120105,6.8384,6.8384,6.8019,6.8019,1672,0
20120111,6.8165,6.8165,6.8165,6.8165,766,0
20120113,7.131,7.4601,7.131,7.4601,1237,0
20120116,7.4528,7.4528,7.3138,7.3138,1731,0
20120117,6.992,7.3065,6.992,7.3065,1020,0
20120118,6.9993,6.9993,6.9993,6.9993,110,0
20120119,7.3065,7.6064,7.3065,7.6064,2211,0
20120120,7.7746,8.484,7.7746,8.411,4411,0
20120123,8.411,9.1423,8.3744,9.1423,5867,0
20120124,8.7839,10.166,8.7839,9.2886,4259,0
20120125,9.3178,9.866,9.2447,9.4276,3218,0
20120126,9.2447,9.508,8.7839,9.508,8156,0
20120127,9.508,9.508,9.1423,9.1423,548,0
20120130,9.2155,9.508,9.2155,9.508,2546,0
20120131,9.506,9.506,9.2487,9.2487,2843,0
20120201,9.1789,9.1789,9.1789,9.1789,401,0
20120202,9.2155,9.2155,8.3231,9.1789,3037,0
20120203,9.2886,9.3032,9.1423,9.1423,2089,0
20120206,9.0692,10.152,8.9448,10.152,5920,0
20120207,10.137,10.137,9.515,10.027,1885,0
20120208,9.969,10.934,9.969,10.934,12842,0
20120209,10.898,11.483,10.13,11.19,12448,0
20120210,11.176,11.183,10.239,10.276,7369,0
20120213,10.503,10.532,10.386,10.517,2298,0
20120214,10.525,11.059,10.525,10.971,2927,0
20120215,10.898,11.059,10.898,11.059,1691,0
20120216,11.059,11.446,11.059,11.439,3721,0
20120217,11.446,11.446,10.978,11.337,3774,0
20120220,11.446,11.446,10.971,11.037,3841,0
20120221,11.044,11.044,10.737,10.868,499,0
20120222,10.532,10.795,10.532,10.678,1855,0
20120223,10.335,10.656,10.32,10.605,976,0
20120224,10.656,10.656,10.656,10.656,18,0
20120228,10.605,10.876,10.488,10.876,1420,0
20120229,10.539,11.519,10.32,10.971,14022,0
20120301,11.483,11.483,10.971,11.483,1424,0
20120302,11.227,11.556,11.117,11.556,5612,0
20120305,11.556,11.556,11.483,11.556,1213,0
20120306,11.519,11.702,11.227,11.234,2426,0
20120307,11.234,11.234,11.227,11.234,289,0
20120308,11.241,11.241,11.241,11.241,587,0
20120309,11.249,11.249,11.249,11.249,12,0
20120312,11.249,11.373,11.249,11.373,63,0
20120313,11.373,11.373,11.249,11.249,593,0
20120314,11.249,11.249,11.249,11.249,155,0
20120316,11.249,11.249,11.249,11.249,42,0
20120319,11.373,11.373,11.249,11.3,542,0
20120320,11.439,11.453,11.439,11.453,139,0
20120321,11.402,11.41,10.825,10.825,1827,0
20120322,10.649,10.971,10.013,10.239,5202,0
20120323,10.239,11.132,10.239,11.132,2953,0
20120326,11.124,11.124,11.124,11.124,396,0
20120327,10.605,11.117,10.605,11.117,483,0
20120329,10.605,11.446,10.605,11.446,6090,0
20120330,12.013,12.013,11.449,11.449,1354,0
20120402,11.446,11.922,11.446,11.446,2476,0
20120403,10.905,11.446,10.905,11.446,1203,0
20120404,11.453,11.453,11.453,11.453,100,0
20120405,11.702,11.702,11.446,11.446,1626,0
20120410,11.475,11.475,11.446,11.446,277,0
20120411,11.483,11.922,11.483,11.922,3654,0
20120412,11.922,12.017,11.922,12.017,264,0
20120413,12.507,12.507,11.922,11.922,449,0
20120417,11.929,12.507,11.929,12.507,744,0
20120418,12.434,12.514,12.434,12.514,431,0
20120423,12.434,12.434,10.532,10.825,5707,0
20120424,10.386,10.788,10.276,10.276,3028,0
20120425,10.751,10.751,10.751,10.751,1,0
20120427,10.781,10.781,10.781,10.781,1,0
20120430,10.536,11.042,10.536,11.042,1741,0
20120507,10.686,10.686,10.686,10.686,213,0
20120511,10.678,10.678,10.174,10.174,1170,0
20120514,9.727,9.727,9.2594,9.2594,6310,0
20120515,8.8278,9.2008,8.3597,9.2008,8147,0
20120516,8.3597,8.5572,7.9648,8.2281,132572,0
20120517,8.2354,8.2354,7.6064,7.9648,4483,0
20120518,7.6064,7.899,7.387,7.6576,2450,0
20120521,7.3138,7.6795,7.3138,7.3797,1308,0
20120522,7.3797,7.6795,7.0725,7.3797,28439,0
20120523,7.0798,7.0798,7.0798,7.0798,287,0
20120528,7.387,7.387,7.0798,7.0798,588,0
20120530,7.387,7.387,7.387,7.387,69,0
20120604,7.2992,7.2992,7.036,7.2992,75,0
20120605,7.2976,7.2976,7.2976,7.2976,34,0
20120606,7.2976,7.389,7.2976,7.389,314,0
20120611,7.387,7.387,7.387,7.387,70,0
20120612,7.387,8.1184,7.036,7.0944,22442,0
20120613,7.1675,7.1675,7.1675,7.1675,369,0
20120614,7.387,7.387,7.2407,7.2407,3801,0
20120619,7.3138,7.3138,7.3138,7.3138,1357,0
20120621,7.4747,7.526,7.1675,7.1675,2314,0
20120625,7.1675,7.387,7.1675,7.387,306,0
20120626,7.387,7.5186,7.1675,7.1675,16338,0
20120627,7.1017,7.1017,7.0944,7.0944,3043,0
20120628,7.0944,7.1675,7.0433,7.1675,8498,0
20120629,7.1648,7.1648,7.0569,7.1648,4212,0
20120702,7.3211,7.3211,7.3065,7.3138,691,0
20120703,7.1731,7.2063,7.1731,7.2063,637,0
20120704,7.2063,7.389,7.2063,7.389,7808,0
20120705,7.389,7.389,7.2561,7.281,9201,0
20120709,7.281,7.389,7.281,7.3807,4136,0
20120710,7.389,7.389,7.3226,7.3807,5036,0
20120711,7.3226,7.3724,7.3142,7.3724,2134,0
20120712,8.1362,8.1362,7.3558,7.3558,2376,0
20120713,7.2229,7.2229,7.2229,7.2229,1545,0
20120716,7.0071,7.0984,7.0071,7.0071,1700,0
20120717,7.0071,7.0071,7.0071,7.0071,219,0
20120718,6.8908,6.8908,6.7663,6.7663,1846,0
20120719,6.7663,6.7663,6.7663,6.7663,82,0
20120720,6.7663,6.7663,6.758,6.758,1574,0
20120723,6.7663,6.7663,6.4923,6.7663,5060,0
20120724,6.7663,6.7663,6.7663,6.7663,834,0
20120725,6.6418,6.6418,6.3927,6.6003,6160,0
20120726,6.3263,6.3263,6.2931,6.3097,10050,0
20120727,6.3097,6.3097,5.8115,5.8115,12644,0
20120730,5.7368,5.9112,5.687,5.8946,40543,0
20120731,6.0025,6.1768,5.687,6.1768,17315,0
20120801,6.1851,6.592,6.1851,6.592,7950,0
20120802,6.6252,6.8908,6.6003,6.8908,1130,0
20120803,6.8908,6.8908,6.8908,6.8908,132,0
20120806,6.8908,6.924,6.8908,6.924,1096,0
20120807,6.924,6.924,6.8078,6.8078,1379,0
20120808,6.8244,6.8244,6.7746,6.7746,2758,0
20120809,6.8078,6.9739,6.6418,6.9656,1747,0
20120810,6.758,6.758,6.758,6.758,12,0
20120816,6.758,6.758,6.6833,6.6833,4295,0
20120820,6.6833,6.6833,6.6833,6.6833,243,0
20120822,6.6833,6.9323,6.6833,6.924,524,0
20120830,6.6418,6.6418,6.6086,6.6086,128,0
20120831,6.9323,7.0569,6.9323,7.0569,1301,0
20120903,6.8908,6.8908,6.0606,6.1021,22284,0
20120904,6.2682,6.6667,6.1021,6.2682,3498,0
20120906,6.1519,6.1519,6.1436,6.1436,1578,0
20120907,6.1021,6.1021,6.1021,6.1021,3797,0
20120910,6.1436,6.1436,6.0606,6.0606,735,0
20120911,6.0689,6.0689,6.0606,6.0606,2475,0
20120913,6.0606,6.0606,6.0606,6.0606,2048,0
20120914,6.0606,6.0606,6.0606,6.0606,964,0
20120917,5.9112,6.1768,5.9112,6.1768,560,0
20120919,6.1768,6.1851,6.1768,6.1851,1389,0
20120921,6.3512,6.6418,6.3512,6.6418,4171,0
20120924,6.7248,6.7248,6.3927,6.3927,3462,0
20120925,6.7082,6.7082,6.7082,6.7082,46,0
20120928,6.5172,6.5172,6.3927,6.401,11186,0
20121001,6.3595,6.3595,6.3595,6.3595,120,0
20121002,6.3595,6.5338,6.3595,6.5338,3540,0
20121003,6.6418,6.6418,6.6418,6.6418,2348,0
20121005,6.7497,7.0569,6.7497,7.0569,1365,0
20121008,7.0569,7.0569,6.7746,6.7746,3410,0
20121010,6.7663,6.7663,6.7663,6.7663,1170,0
20121011,6.4508,6.7663,6.4508,6.7663,136,0
20121012,6.4508,6.4508,6.4342,6.4342,3903,0
20121016,6.4342,6.6169,6.4342,6.6169,1496,0
20121023,6.6169,6.6169,6.3097,6.3097,3680,0
20121024,6.318,6.592,5.9859,5.9859,4938,0
20121025,6.0938,6.0938,6.0938,6.0938,1532,0
20121026,6.6418,6.6418,6.6418,6.6418,11,0
20121030,6.1519,6.4342,6.1519,6.4342,201,0
20121031,6.1602,6.3927,6.1436,6.3927,689,0
20121106,6.2267,6.4425,6.2267,6.4425,1896,0
20121107,6.3927,6.3927,6.3927,6.3927,437,0
20121109,6.2682,6.2682,6.2682,6.2682,623,0
20121112,6.3512,6.3512,6.3512,6.3512,157,0
20121113,6.2682,6.2682,6.2682,6.2682,112,0
20121115,6.1519,6.1602,6.1436,6.1436,596,0
20121116,6.1436,6.1436,6.1436,6.1436,1138,0
20121119,6.2184,6.5172,6.2184,6.5089,2069,0
20121120,6.4757,6.5338,6.4757,6.5338,2093,0
20121121,6.3512,6.3512,6.3097,6.3097,408,0
20121122,6.4425,6.6169,6.4425,6.6169,578,0
20121123,6.6418,6.7829,6.6418,6.7829,755,0
20121127,6.949,6.949,6.9323,6.9323,425,0
20121129,6.9157,6.9157,6.9074,6.9074,96,0
20121130,6.9074,6.9074,6.9074,6.9074,96,0
20121203,7.0486,7.0486,7.0486,7.0486,114,0
20121204,6.9739,6.9739,6.9739,6.9739,122,0
20121205,6.9905,7.4554,6.9905,7.4554,3029,0
20121206,7.4554,7.7792,7.4554,7.7792,225,0
20121207,7.5135,7.8041,7.472,7.8041,25327,0
20121210,7.8041,7.8041,7.7626,7.8041,16238,0
20121211,7.7211,7.7211,7.7045,7.7045,1335,0
20121212,7.7211,8.0116,7.6629,8.0116,15804,0
20121213,8.103,8.3354,8.0116,8.0531,18654,0
20121214,8.3022,8.3022,8.2607,8.3022,2161,0
20121217,8.3852,8.3935,8.1362,8.1362,13221,0
20121218,8.0531,8.2856,7.8954,8.0614,8647,0
20121219,8.0033,8.2358,7.9701,8.0614,11828,0
20121220,7.9784,8.2192,7.9784,8.2192,337,0
20121228,7.9701,7.9701,7.4056,7.472,4528,0
20130102,7.555,8.0448,7.4305,8.0116,8136,0
20130103,8.0033,8.0116,8.0033,8.0116,5076,0
20130104,7.7958,8.0116,7.7958,8.0116,1956,0
20130107,7.7294,8.0365,7.7294,8.0365,1265,0
20130108,8.0947,8.1113,7.7294,8.103,14841,0
20130109,8.0614,8.0614,8.0614,8.0614,241,0
20130111,8.0531,8.0531,8.0531,8.0531,602,0
20130114,8.0448,8.1113,8.0448,8.1113,120,0
20130116,8.0531,8.0531,8.0531,8.0531,48,0
20130121,8.1113,8.1113,8.0531,8.0531,323,0
20130122,7.9286,8.0448,7.9286,8.0448,66,0
20130124,8.0448,8.0448,8.0448,8.0448,434,0
20130125,8.0448,8.0448,8.0448,8.0448,438,0
20130128,8.0448,8.0448,8.0448,8.0448,361,0
20130129,8.0448,8.0448,8.0448,8.0448,361,0
20130130,7.8954,7.8954,7.5633,7.5633,1194,0
20130201,7.555,7.8456,7.4803,7.8456,371,0
20130204,7.8041,7.8041,7.8041,7.8041,120,0
20130205,7.746,7.746,7.746,7.746,241,0
20130207,7.4803,7.4803,7.0984,7.0984,4777,0
20130208,7.1399,7.2229,7.1399,7.2229,1082,0
20130213,7.4056,7.4056,6.8078,6.8078,2272,0
20130219,6.841,7.1482,6.841,7.1482,2148,0
20130220,7.4886,7.4969,7.4886,7.4886,2325,0
20130221,7.5384,7.555,7.4886,7.555,4511,0
20130301,7.5384,7.5384,7.5301,7.5301,4818,0
20130304,7.5799,7.5799,7.5633,7.5716,8472,0
20130305,7.5716,7.9535,7.5716,7.9535,3811,0
20130306,7.9452,7.9452,7.9452,7.9452,139,0
20130308,7.8871,7.9535,7.8871,7.9286,3038,0
20130311,7.9286,8.1694,7.8871,8.1694,3403,0
20130312,8.2192,8.6343,8.2192,8.626,4416,0
20130313,8.352,8.626,8.352,8.626,347,0
20130314,8.352,8.626,8.352,8.6177,885,0
20130315,8.4018,8.4018,8.4018,8.4018,181,0
20130318,8.4018,8.4018,8.3437,8.3437,4115,0
20130319,8.3022,8.3022,8.3022,8.3022,120,0
20130320,8.3022,8.3022,8.3022,8.3022,843,0
20130325,8.1362,8.1362,8.1362,8.1362,903,0
20130326,8.3022,8.3188,8.3022,8.3188,7341,0
20130327,8.0531,8.2192,8.0531,8.2192,313,0
20130328,8.2109,8.4517,8.2109,8.2192,11867,0
20130402,8.5845,8.8834,8.4683,8.4683,2376,0
20130403,8.4683,8.4683,8.4683,8.4683,964,0
20130404,8.4683,8.5513,8.4683,8.4683,5391,0
20130408,8.103,8.103,8.0947,8.0947,1204,0
20130409,8.1611,8.1611,8.0947,8.0947,1521,0
20130411,7.9784,8.3603,7.9784,8.3603,2210,0
20130412,8.8003,8.8003,8.8003,8.8003,120,0
20130415,8.3852,8.3852,8.3852,8.3852,895,0
20130417,8.3935,8.8502,8.3022,8.3022,2971,0
20130418,8.3603,8.3603,8.2192,8.2192,4398,0
20130419,8.1445,8.2773,8.1362,8.186,5093,0
20130423,8.3603,8.792,8.1362,8.1362,5645,0
20130424,8.2939,8.3022,8.2939,8.3022,3722,0
20130425,8.4517,8.4517,8.2109,8.2109,3487,0
20130506,7.9701,7.9701,7.9701,7.9701,301,0
20130509,7.8041,8.103,7.8041,8.103,1272,0
20130513,8.103,8.103,8.0531,8.0614,2663,0
20130514,8.0614,8.0614,8.0614,8.0614,932,0
20130520,8.4433,8.4433,8.4433,8.4433,1,0
20130521,8.4433,8.4433,8.4433,8.4433,22,0
20130524,8.2192,8.2192,8.2192,8.2192,181,0
20130527,8.3935,8.3935,8.3935,8.3935,4,0
20130528,8.3935,8.3935,8.0531,8.0531,154,0
20130529,7.98,8.35,7.98,8.35,116,0
20130531,8.35,8.98,8.35,8.97,6113,0
20130603,8.9664,9.548,8.9664,9.548,1099,0
20130604,9.56,10.71,9.56,10.31,57602,0
20130605,10.6,10.6,9.71,9.99,31979,0
20130606,9.96,10.06,9.71,9.8,7197,0
20130607,9.647,9.747,9.2985,9.523,16529,0
20130610,9.606,10.295,9.606,9.996,8576,0
20130611,9.996,10.004,9.631,9.714,7957,0
20130612,9.714,10.004,9.714,9.963,2994,0
20130613,9.647,9.946,9.631,9.946,2384,0
20130614,9.929,10.129,9.88,10.004,6200,0
20130617,9.954,10.361,9.88,10.361,7481,0
20130618,10.36,10.36,9.96,10.13,2555,0
20130619,10.046,10.295,10.046,10.087,1326,0
20130620,10.046,10.046,9.88,9.88,7922,0
20130621,9.57,9.8,9.13,9.13,13517,0
20130624,9.0494,9.88,9.0494,9.714,1706,0
20130625,9.71,9.71,9.31,9.32,431,0
20130626,9.3234,9.3317,9.0494,9.0494,4883,0
20130627,9.1324,9.1324,9.0494,9.0494,2360,0
20130628,9.0494,9.2736,8.9913,9.2736,4848,0
20130701,9.2736,9.2736,8.9664,8.9664,1541,0
20130702,8.97,9.28,8.88,9.13,6811,0
20130703,9.5,9.51,9.05,9.46,6733,0
20130704,9.58,9.93,9.58,9.92,4427,0
20130705,9.88,9.88,9.28,9.55,3989,0
20130708,9.27,9.28,8.88,9.22,8083,0
20130709,9.2,9.22,8.97,9.22,10158,0
20130710,9.13,9.88,9.13,9.78,15879,0
20130711,10.35,10.35,9.3,9.35,4697,0
20130712,9.4,9.55,9.15,9.5,4244,0
20130715,9.5,10.4,9.21,10.2,14720,0
20130716,9.88,9.88,8.9,8.9,6189,0
20130717,8.9,9.25,8.9,9.25,3062,0
20130718,8.91,8.91,8.91,8.91,101,0
20130719,8.91,9.34,8.91,9.01,347,0
20130722,8.2,8.2,6.7,6.9,6535,0
20130723,6,6.1,5.4,5.45,15302,0
20130724,5.45,5.75,5.45,5.71,1796,0
20130725,5.94,6.49,5.81,5.81,5561,0
20130726,6,6,5.93,5.93,279,0
20130729,5.85,6.3,5.5,5.97,5838,0
20130730,5.97,6.19,5.8,5.92,11074,0
20130731,5.93,5.99,5.71,5.93,1265,0
20130801,5.92,5.92,5.92,5.92,2555,0
20130802,5.92,6.3,5.75,6.03,8094,0
20130805,5.82,6.5,5.82,6.48,6719,0
20130806,6.5,6.66,6.1,6.3,11420,0
20130807,6.16,6.55,6.16,6.29,3851,0
20130808,6.4,6.4,6.12,6.35,622,0
20130809,6.3,6.3,6.25,6.25,130,0
20130812,6.25,6.25,6.1,6.23,3327,0
20130813,6.5,6.5,6.2,6.4,5705,0
20130814,6.39,6.41,6.15,6.41,4943,0
20130816,6.41,6.42,6.41,6.42,435,0
20130819,6.4,6.5,6.4,6.5,760,0
20130820,6.47,6.47,6.47,6.47,260,0
20130821,6.5,6.5,6.47,6.47,365,0
20130822,6.46,6.52,6.46,6.52,1426,0
20130826,6.47,6.55,6.08,6.09,2863,0
20130827,6.29,6.29,5.85,6.04,6346,0
20130828,6.05,6.07,6.05,6.07,1542,0
20130829,6.19,6.4,6.19,6.4,629,0
20130902,6.1,6.4,6.1,6.1,1560,0
20130903,5.85,5.94,5.28,5.94,77818,0
20130904,5.82,6.34,5.4,6.1,130359,0
20130905,6.18,6.36,6.08,6.3,20690,0
20130906,6.3,6.3,6.02,6.02,120,0
20130909,6.17,6.17,6.02,6.02,1600,0
20130910,6.08,6.29,6,6.29,1505,0
20130911,6.28,6.28,6.28,6.28,10,0
20130912,6.29,6.29,6.15,6.15,2861,0
20130913,6.16,6.16,6.12,6.12,2535,0
20130916,6.12,6.12,5.84,6,170,0
20130917,6.01,6.12,5.9,6.12,207,0
20130918,6.11,6.39,6.11,6.39,3114,0
20130919,6.3,6.39,6.3,6.39,85,0
20130923,6.39,6.66,6.39,6.66,1494,0
20130924,6.66,8,6.66,7.75,12437,0
20130925,8.06,8.58,7.97,8.4,5782,0
20130926,8.4,8.4,8.1,8.36,1626,0
20130927,8.3,8.3,8.05,8.05,1848,0
20130930,8.03,8.03,7.65,7.96,928,0
20131001,7.65,7.96,7.65,7.65,2392,0
20131002,7.64,7.84,7,7.1,6410,0
20131003,7.34,7.34,7.34,7.34,2,0
20131004,7.14,7.14,7.1,7.1,813,0
20131007,7.15,7.15,7,7,235,0
20131009,7,7.38,7,7.38,1537,0
20131010,7.23,7.25,7.02,7.02,1075,0
20131011,7.03,7.34,7.03,7.34,453,0
20131014,7.34,7.34,7.32,7.34,238,0
20131016,7.05,7.05,7.03,7.04,835,0
20131017,7.02,7.34,7.01,7.34,1500,0
20131018,7.34,7.37,7.08,7.37,400,0
20131021,7.3,7.3,7.3,7.3,400,0
20131022,7.29,7.4,7.29,7.4,384,0
20131023,7.2,7.55,7.2,7.55,258,0
20131024,7.55,8.05,7.55,8.05,2842,0
20131025,8.07,8.48,8.07,8.2,3837,0
20131028,8,8.39,8,8.39,730,0
20131029,8.39,8.39,8,8.39,264,0
20131030,8,8.79,7.27,7.27,8653,0
20131031,7.65,7.9,7.65,7.9,417,0
20131105,8.03,8.03,8,8,640,0
20131107,8,8,7.65,8,2000,0
20131112,7.96,7.96,7.96,7.96,9,0
20131113,7.96,7.96,7.96,7.96,5,0
20131114,7.6,8,7.12,8,4500,0
20131115,8,8,8,8,5,0
20131118,8,8,8,8,437,0
20131119,7.99,7.99,7.7,7.85,990,0
20131120,7.49,8,7.49,8,451,0
20131122,7.75,7.99,7.6,7.6,2318,0
20131125,7.57,7.82,7.47,7.82,659,0
20131128,7.81,7.81,7.81,7.81,26,0
20131129,8.1,10.4,8.1,9.7,70368,0
20131202,10.2,10.2,9.61,9.8,17261,0
20131203,9.7,9.7,9.02,9.38,8295,0
20131204,9.25,9.46,9.03,9.45,4600,0
20131205,9.5,9.79,9.5,9.5,4774,0
20131206,9.35,9.35,9.08,9.26,1700,0
20131209,9.1,9.1,9,9,1544,0
20131210,9,9,8.9,9,535,0
20131211,9,9.77,9,9.15,4647,0
20131212,9.22,9.22,9.2,9.2,350,0
20131213,8.8,9,8.42,8.73,3247,0
20131217,8.34,8.34,7.95,8.33,707,0
20131218,7.95,7.95,7.6,7.6,1316,0
20131220,7.58,8,7.4,7.4,3901,0
20131223,7.6,8.32,7.6,7.75,11244,0
20131227,7.76,7.76,7.52,7.75,572,0
20131230,7.97,8.76,7.97,8.68,7757,0
20140102,8.71,8.71,8.3,8.3,518,0
20140103,8.68,9.53,8.68,9.12,3572,0
20140107,8.8,8.8,8.8,8.8,10,0
20140108,8.4,8.4,7.9,7.91,5956,0
20140109,7.9,7.9,7.9,7.9,550,0
20140110,7.95,7.99,7.95,7.95,399,0
20140113,7.99,7.99,7.95,7.95,324,0
20140114,7.96,7.96,7.7,7.7,2605,0
20140115,7.99,7.99,7.99,7.99,163,0
20140116,7.99,8,7.64,7.64,1328,0
20140117,7.98,8.08,7.98,8.08,406,0
20140120,7.87,7.87,7.5,7.5,369,0
20140121,7.5,7.5,7.5,7.5,2659,0
20140122,7.31,7.31,6.95,7.01,4920,0
20140123,7.01,7.01,7,7.01,618,0
20140124,6.99,7,6.99,7,500,0
20140127,6.75,7,6.75,7,613,0
20140128,6.77,7.08,6.77,6.79,170,0
20140129,7.08,7.08,6.86,7.08,680,0
20140130,6.86,6.88,6.66,6.66,1886,0
20140203,6.77,6.77,6.23,6.23,3134,0
20140204,6.27,6.5,6.27,6.5,60,0
20140205,6.5,7.14,6.5,7,3202,0
20140206,7.16,7.16,7.09,7.09,495,0
20140207,7.09,7.16,7.09,7.16,65,0
20140210,6.82,6.82,6.49,6.75,7740,0
20140211,6.76,6.9,6.5,6.5,6205,0
20140212,6.5,6.5,6.5,6.5,1820,0
20140213,6.56,6.56,6.56,6.56,500,0
20140214,6.56,6.56,6.56,6.56,698,0
20140217,6.56,6.77,6.5,6.5,4079,0
20140218,6.5,6.5,6.5,6.5,500,0
20140219,6.35,6.5,6.35,6.36,649,0
20140220,6.36,6.5,6.36,6.5,220,0
20140221,6.5,6.5,6.5,6.5,568,0
20140224,6.5,6.5,6.5,6.5,422,0
20140225,6.5,6.5,6.35,6.35,2333,0
20140226,6.34,6.34,6.05,6.08,1818,0
20140228,6.07,6.07,6.07,6.07,100,0
20140303,6.07,6.07,5.8,5.8,2456,0
20140304,5.55,5.65,5.4,5.56,13345,0
20140305,5.56,5.94,5.36,5.36,6913,0
20140306,5.4,5.45,5.36,5.36,1575,0
20140307,5.36,5.45,5.36,5.45,420,0
20140310,5.45,5.45,5.3,5.3,5886,0
20140311,5.3,5.56,5.3,5.56,7943,0
20140312,5.85,5.99,5.49,5.5,5722,0
20140313,5.3,5.31,5.3,5.3,275,0
20140314,5.35,5.35,5.2,5.2,924,0
20140317,5.45,5.45,5.33,5.33,1853,0
20140318,5.3,5.31,5.28,5.31,1073,0
20140319,5.31,5.32,5.27,5.27,1050,0
20140321,5.52,5.66,5.52,5.66,936,0
20140324,5.5,5.5,5.28,5.28,2273,0
20140325,5.28,5.5,5.28,5.5,832,0
20140326,5.49,5.66,5.49,5.66,1275,0
20140327,5.8,5.8,5.2,5.4,21544,0
20140328,5.4,5.4,5.4,5.4,3,0
20140331,5.4,5.4,5.01,5.29,7204,0
20140401,5.12,5.35,5.12,5.35,2037,0
20140402,5.34,5.35,5.13,5.13,950,0
20140403,5.34,5.34,5.34,5.34,200,0
20140404,5.3,5.35,4.8,5,20485,0
20140407,5,5.05,4.5,4.6,178370,0
20140408,4.39,4.6,3.95,3.95,61405,0
20140409,4.05,4.25,4.05,4.09,6171,0
20140410,4.12,4.35,3.9,3.93,29531,0
20140411,3.91,3.91,3.55,3.69,49750,0
20140414,3.56,3.56,2.89,3.48,97044,0
20140415,3.48,3.98,3.48,3.68,46615,0
20140416,3.92,3.92,3.52,3.52,12465,0
20140417,3.67,3.68,3.52,3.67,5476,0
20140422,3.68,3.86,3.68,3.7,5853,0
20140423,3.66,3.79,3.58,3.58,5020,0
20140424,3.59,3.69,3.52,3.52,1418,0
20140425,3.52,3.69,3.52,3.65,1315,0
20140428,3.65,3.8,3.65,3.8,1811,0
20140429,3.79,3.81,3.79,3.81,5479,0
20140430,3.81,3.81,3.73,3.76,1763,0
20140502,3.73,3.8,3.65,3.73,1479,0
20140505,3.65,3.66,3.64,3.64,3515,0
20140506,3.61,3.61,3.55,3.61,226,0
20140507,3.55,3.55,3.35,3.45,6116,0
20140508,3.35,3.47,3.35,3.45,5130,0
20140512,3.47,3.47,3.44,3.44,3705,0
20140513,3.34,3.47,3.34,3.47,2701,0
20140514,3.47,3.76,3.47,3.63,377,0
20140515,3.55,3.55,3.41,3.41,3209,0
20140516,3.45,3.46,3.45,3.46,1431,0
20140519,3.41,3.41,3.37,3.37,742,0
20140520,3.37,3.5,3.35,3.5,2935,0
20140522,3.37,3.51,3.35,3.5,1756,0
20140523,3.5,3.5,3.31,3.35,9163,0
20140526,3.36,3.41,3.36,3.41,1730,0
20140527,3.42,3.44,3.28,3.35,1352,0
20140528,3.29,3.29,3.07,3.2,6888,0
20140529,3.19,3.49,3.18,3.34,2984,0
20140530,3.21,3.34,3.2,3.34,698,0
20140603,3.34,3.45,3.23,3.45,2608,0
20140604,3.45,3.49,3.33,3.33,2183,0
20140605,3.34,3.34,3.33,3.33,610,0
20140606,3.33,3.33,3.2,3.2,1460,0
20140609,3.25,3.35,3.2,3.2,315,0
20140611,3.35,3.35,3.34,3.34,1640,0
20140612,3.34,3.34,3.12,3.12,2815,0
