Date,Open,High,Low,Close,Volume,OpenInt
20050427,24.5,24.5,23.1,24,433984,0
20050428,23.5,24.1,23.5,24.1,52916,0
20050429,24,24.1,23.9,24.1,61667,0
20050502,24.1,24.1,24,24,20324,0
20050504,24,24.4,24,24.3,94576,0
20050505,24.3,24.4,24,24.3,83407,0
20050506,24.3,24.3,24,24.3,24051,0
20050509,24,24.6,24,24.6,147604,0
20050510,24.6,24.6,24.4,24.6,20376,0
20050511,24.5,24.6,24.2,24.6,117934,0
20050512,24.5,25,24.5,24.7,159597,0
20050513,24.7,24.8,24.7,24.8,16215,0
20050516,24.7,24.8,24.6,24.6,25174,0
20050517,24.3,24.7,24.3,24.5,23878,0
20050518,24.4,24.6,24.4,24.6,23019,0
20050519,24.6,24.9,24.3,24.9,41591,0
20050520,24.8,25.4,24.8,25.2,47020,0
20050523,25.2,25.4,25.2,25.3,27669,0
20050524,25.3,25.4,24.9,25.2,30886,0
20050525,25,25.1,24.8,25,17476,0
20050527,25,25,24.7,24.7,12225,0
20050530,24.6,24.9,24.3,24.9,998,0
20050531,24.9,25.1,24.6,25,54491,0
20050601,25,25.3,25,25.2,75724,0
20050602,25.3,25.8,25.3,25.8,44772,0
20050603,25.8,26.1,25.5,26.1,66915,0
20050606,26,26.1,26,26.1,30562,0
20050607,26.1,26.1,25.8,26.1,42145,0
20050608,25.9,26,25.9,26,3351,0
20050609,25.9,25.9,25.7,25.9,47307,0
20050610,26,26.1,25.9,26.1,52958,0
20050613,26.1,26.1,25.6,26.1,6827,0
20050614,26,26,25.4,25.9,754,0
20050615,26,26,25.4,25.9,296,0
20050616,25.9,25.9,25.9,25.9,610,0
20050617,25.9,25.9,25.6,25.9,8117,0
20050620,25.9,25.9,25.2,25.5,6820,0
20050621,25.5,25.5,25.2,25.5,284,0
20050622,25.3,25.3,24.5,25.2,16204,0
20050623,25.2,25.3,25,25.3,6793,0
20050624,25.3,25.3,25,25,7030,0
20050627,24.9,25.1,24.9,25,19703,0
20050628,24.9,25,24.4,25,30298,0
20050629,25,25.7,25,25.5,49208,0
20050630,25.8,25.8,25.1,25.7,51377,0
20050701,25.7,26,25.7,26,46303,0
20050704,26.3,26.5,25.7,26,165217,0
20050705,25.9,26,25.3,26,20882,0
20050706,26,26,25.5,26,3349,0
20050707,25.5,26,25.1,26,12006,0
20050708,25.6,26.5,25.3,26.5,21959,0
20050711,26.4,26.4,25.9,26,13414,0
20050712,26.3,26.3,26,26,10305,0
20050713,25.6,26,25.5,25.5,7413,0
20050714,25.3,25.9,25.3,25.9,447,0
20050715,25.6,25.8,25.5,25.5,2486,0
20050718,25.1,26,25.1,26,125412,0
20050719,25.7,25.7,25.5,25.5,14195,0
20050720,25.3,25.5,25.2,25.2,43400,0
20050721,25.3,25.5,25.2,25.5,2787,0
20050722,25.4,26.3,25.4,26.1,78369,0
20050725,26,28,26,28,147314,0
20050726,27.7,28.5,27.7,28.5,84183,0
20050727,28.8,28.8,27.7,28.2,28403,0
20050728,28,28.2,27.8,28,3143,0
20050729,28.1,28.1,27.8,28,2222,0
20050801,28,28.8,27,28.8,23136,0
20050802,28.5,29.2,28,29,85443,0
20050803,29,29,28.6,28.9,2692,0
20050804,28.5,28.6,28.2,28.6,4697,0
20050805,28.6,28.6,28.1,28.6,1920,0
20050808,27.7,29.2,27.7,29.2,51936,0
20050809,29.2,29.2,28.8,29.2,84838,0
20050810,29.1,29.3,29,29.1,74491,0
20050811,29.2,29.2,29,29.2,24184,0
20050812,29.3,29.5,29.2,29.4,5024,0
20050816,29.4,29.5,29.4,29.5,5665,0
20050817,29,29.8,29,29.5,22157,0
20050818,29.4,29.4,29.1,29.1,25308,0
20050819,29,30,29,29.3,107623,0
20050822,30,30,29.5,29.5,1720,0
20050823,30,30,29.5,29.9,6491,0
20050824,29.9,29.9,29.2,29.2,11572,0
20050825,29.7,29.7,29.1,29.2,4381,0
20050826,29.5,29.5,29.2,29.2,8901,0
20050829,29,29.2,28.8,29.2,4582,0
20050830,29.5,29.5,29.2,29.2,9273,0
20050831,29.2,29.2,28.8,28.8,10825,0
20050901,28.9,29,28.5,28.7,3640,0
20050902,28.9,28.9,28.5,28.5,4467,0
20050905,28.9,29,28,28.5,32556,0
20050906,28.5,29,28.5,28.6,7514,0
20050907,29,29,28.5,28.9,25149,0
20050908,29,29,28,28,9788,0
20050909,27.7,28.1,27.7,28.1,105236,0
20050912,28.4,28.5,28.1,28.2,25755,0
20050913,28,28,27,28,2169,0
20050914,28,28,27.9,28,344,0
20050915,28,28.4,27.8,28.4,2946,0
20050916,28.1,28.4,28,28,1789,0
20050919,28,29.8,28,29.4,28599,0
20050920,30,30.8,30,30.5,193824,0
20050921,30.8,31.7,30.8,31.1,27651,0
20050922,31.1,31.4,28,28,31973,0
20050923,30,30.3,29.5,29.5,4291,0
20050926,29.5,30.5,29.5,29.7,2758,0
20050927,29.7,30,29.5,29.6,60438,0
20050928,29.7,30.5,29.6,30,6058,0
20050929,30,30.4,30,30,1440,0
20050930,30.1,30.1,30,30,1743,0
20051003,30,30.5,30,30,6540,0
20051004,30,30.6,30,30,14503,0
20051005,30.4,30.5,30.1,30.4,9276,0
20051006,30,30.2,29.5,30,7871,0
20051007,29.2,30.5,29.2,30.4,12693,0
20051010,30.5,30.5,29.6,29.6,10283,0
20051011,29.7,29.7,29.2,29.7,112568,0
20051012,29.6,29.8,29.5,29.8,126390,0
20051013,29.9,29.9,29,29.5,54641,0
20051014,29,29,28.5,28.9,24541,0
20051017,29,29,28.2,28.5,35876,0
20051018,28.5,28.8,28.5,28.8,672,0
20051019,28.2,28.2,28,28.2,25221,0
20051020,28.2,28.5,28.2,28.5,10635,0
20051021,28.5,28.5,27.9,28,2509,0
20051024,28,28.6,28,28.6,8151,0
20051025,28.4,28.5,28.2,28.4,38186,0
20051026,28.5,29,28.4,29,5038,0
20051027,29,29.5,29,29.5,20940,0
20051028,29.2,29.9,29.2,29.8,6539,0
20051031,29.8,30.1,29.5,30.1,10492,0
20051102,30.4,30.4,29.8,30.4,11971,0
20051103,30.3,30.3,29.9,30,103915,0
20051104,30,30.9,30,30.3,12059,0
20051107,29.8,30,29.8,30,6628,0
20051108,30,30,29.7,30,16621,0
20051109,29.5,30,29.5,30,8664,0
20051110,29.6,30,29.6,30,1093,0
20051114,30,30,29.5,30,3277,0
20051115,30,30.3,29.8,30,30907,0
20051116,30.7,30.8,30.5,30.6,26509,0
20051117,30.8,31,30.8,31,8869,0
20051118,31,32.5,30.7,32.1,34374,0
20051121,32.3,33.5,32.2,33.5,2850,0
20051122,33.5,33.5,32.6,33.1,7575,0
20051123,32.5,33.5,32.5,33.5,1749,0
20051124,33.4,33.5,32.5,33,15189,0
20051125,33.2,33.2,33,33.2,10686,0
20051128,33.1,33.5,33,33.2,14206,0
20051129,33.2,35,33.2,35,6187,0
20051130,36,36,35.5,35.5,21464,0
20051201,35.5,35.8,35.5,35.6,59838,0
20051202,35.8,35.8,34.5,35,35555,0
20051205,34.4,35.8,34.4,35.8,69441,0
20051206,36,36,35.8,36,25135,0
20051207,36,36.9,36,36.9,223,0
20051208,36.9,36.9,36.3,36.8,727,0
20051209,36.9,36.9,36.9,36.9,946,0
20051212,37,37,36.5,37,114,0
20051213,37,37,36.5,36.9,139,0
20051214,36.5,37.4,34.7,37.4,5767,0
20051215,36.8,36.9,36.1,36.7,985,0
20051216,36,36.7,35.9,36.3,3719,0
20051219,36.4,36.4,36,36.4,40698,0
20051220,36.2,36.6,35.9,36.4,1392,0
20051221,36.8,36.8,36.2,36.6,1971,0
20051222,36.8,36.9,36.3,36.9,51224,0
20051223,36.9,36.9,36.2,36.9,1574,0
20051227,36.5,37,36.3,37,43426,0
20051228,36.9,36.9,36.5,36.9,577,0
20051229,36.5,36.9,36.5,36.9,1390,0
20051230,36.9,37,36.4,36.9,41529,0
20060102,36.4,37,36.4,36.9,708,0
20060103,37,39,37,38.9,5599,0
20060104,38.9,39,38.7,38.9,7015,0
20060105,38.9,38.9,38,38.9,5212,0
20060106,38.9,39.9,38.9,39.3,4998,0
20060109,39.4,39.9,38.5,39.2,15565,0
20060110,38.6,39.5,38.6,39,102405,0
20060111,39.8,40,39,39,7669,0
20060112,39.7,41.8,39.7,41,14048,0
20060113,41.5,41.5,40.2,40.5,4437,0
20060116,40,41.3,40,41,21518,0
20060117,41,41.1,40,41.1,20634,0
20060118,40.6,42.5,40.6,42.5,105251,0
20060119,42.8,45.9,42.8,45.9,3435,0
20060120,46,49.5,46,48,251584,0
20060123,48,48.9,48,48.1,65369,0
20060124,49.5,50,48.5,48.5,41674,0
20060125,49,49,47.6,47.9,39918,0
20060126,48,48,45.9,46.5,25662,0
20060127,46.5,46.5,45,46.4,49695,0
20060130,46.4,48,45.9,46.7,40270,0
20060131,47.3,47.3,45.9,46.5,2239,0
20060201,46,47.4,46,46.6,37460,0
20060202,46.1,47.4,46.1,46.9,2860,0
20060203,47.5,47.5,45.9,45.9,27990,0
20060206,46.5,49.4,43.5,46,3759,0
20060207,46.4,47.5,46,46.9,6685,0
20060208,47.7,47.7,46,46,30218,0
20060209,47,47,46,46.5,34102,0
20060210,45.7,46.8,45.5,46.5,11891,0
20060213,46.7,46.7,46,46.4,542,0
20060214,46.3,47,46.3,46.5,43100,0
20060215,46.7,46.8,46.2,46.8,25173,0
20060216,46.7,46.7,45.5,45.5,5829,0
20060217,45.8,45.8,45.4,45.6,4257,0
20060220,45.8,45.8,43.8,43.9,25509,0
20060221,43,43.8,41,43,28274,0
20060222,43.3,43.3,42.1,42.9,10187,0
20060223,42.9,43.4,42.1,43.4,160965,0
20060224,43.7,43.7,43.2,43.3,3138,0
20060227,43.4,43.4,42.2,42.7,4249,0
20060228,42.6,42.9,42.2,42.4,5949,0
20060301,41.5,42.6,41.5,41.5,91305,0
20060302,41.5,43,41.1,42.2,8675,0
20060303,42.3,42.3,41.5,42,55958,0
20060306,41.9,41.9,39.8,40,248310,0
20060307,40,41,38.7,39.6,9963,0
20060308,40,40,39,40,9194,0
20060309,40.5,42.6,40,41.5,13368,0
20060310,42,42,41,41.5,2601,0
20060313,42.3,42.5,42,42.5,55777,0
20060314,42.5,43.3,42.5,43,4475,0
20060315,43.5,43.6,43,43.3,2808,0
20060316,43.3,43.3,42.6,43.3,9124,0
20060317,42.5,43.3,42,43,28586,0
20060320,43,43.4,43,43.3,14524,0
20060321,43.4,43.5,42.6,43.5,28201,0
20060322,43.8,44.2,43,44.2,8399,0
20060323,44.5,45.5,44.4,45.5,6030,0
20060324,45,46.4,45,46.4,2218,0
20060327,46.4,47.5,46.3,47.5,10128,0
20060328,47.4,47.4,46.6,47,7149,0
20060329,45.9,47,42.5,47,58905,0
20060330,46.9,50,46.9,50,75111,0
20060331,50.5,52.9,49.1,50,28470,0
20060403,49.5,49.6,48.6,49.5,6531,0
20060404,49.5,49.5,48.9,48.9,13263,0
20060405,48.8,49,48.7,48.8,22010,0
20060406,48.2,49,48.2,49,8261,0
20060407,48.9,49,47.6,47.8,4852,0
20060410,48.3,49.3,47.6,47.7,6028,0
20060411,47.8,48,47.3,47.7,5631,0
20060412,47.6,48.8,47.6,47.8,9615,0
20060413,48,48,46.6,47.8,13351,0
20060418,47.7,47.7,47.4,47.5,35055,0
20060419,47.8,48,47.4,48,15454,0
20060420,49,49,48.5,48.5,17405,0
20060421,48.8,49.4,48.1,48.8,26721,0
20060424,48.8,49.5,48.1,49.5,103530,0
20060425,49.5,49.5,48.8,49.3,758,0
20060426,48.1,48.8,48.1,48.8,53881,0
20060427,49.1,49.1,48.3,48.6,1865,0
20060428,48.6,49.1,48.4,48.4,1787,0
20060502,48.5,48.9,48.1,48.9,1893,0
20060504,48.2,49.1,48.2,48.5,10921,0
20060505,48.5,49,48.4,48.5,15472,0
20060508,48.5,49,48.3,48.5,31112,0
20060509,49,49,48.3,48.5,43171,0
20060510,48.2,48.5,48.2,48.5,31534,0
20060511,48.3,48.3,48,48.3,11866,0
20060512,48.3,48.3,47.9,48.3,20073,0
20060515,48.2,48.2,47.3,47.9,16391,0
20060516,47.8,47.8,47,47.5,5453,0
20060517,47.2,48,47.2,48,34146,0
20060518,47.3,48,47.3,47.5,8067,0
20060519,47.5,47.5,47.2,47.5,748,0
20060522,46.6,47,43.6,47,7759,0
20060523,43,46.8,43,45.5,19795,0
20060524,45,45,43.1,43.1,44737,0
20060525,43.2,43.2,41.7,42.4,23240,0
20060526,43,44,43,43.9,13232,0
20060529,44.4,44.4,43.5,44,52172,0
20060530,43.8,43.8,42.3,43.4,45411,0
20060531,41.2,42.9,41.2,42.9,3610,0
20060601,42.1,42.6,42.1,42.5,77690,0
20060602,43,44,42.6,44,130694,0
20060605,43.6,44.1,43.6,44,7680,0
20060606,44,44.1,43.8,44,8150,0
20060607,44.9,44.9,43.7,44,193,0
20060608,43.5,43.8,42.9,42.9,13026,0
20060609,43,43.1,43,43.1,41303,0
20060612,43.1,43.1,42,42,40922,0
20060613,38,40,38,40,15804,0
20060614,40.1,40.1,39,39.2,1672,0
20060616,40.5,41.5,39.4,39.4,2624,0
20060619,39.6,39.7,39.6,39.7,30344,0
20060620,39.8,39.8,39.8,39.8,15,0
20060621,39.8,39.8,39.5,39.7,262,0
20060622,39.9,39.9,39.3,39.3,4436,0
20060623,39.1,41,39.1,40.2,8128,0
20060626,40.2,40.2,39.3,40,276,0
20060627,39.7,40.3,39.6,40.2,11345,0
20060628,40.7,40.8,39.2,40.8,1748,0
20060629,41.1,42.5,41.1,42.5,51279,0
20060630,42.5,44,42,43,146951,0
20060703,42.6,43.5,42.6,43.5,40350,0
20060704,44,44.5,43.5,44.5,20139,0
20060705,45.4,45.4,44,45,3652,0
20060706,45.5,45.5,45,45.3,49486,0
20060707,46.4,48.8,46.4,48.6,62523,0
20060710,48.6,48.9,48.6,48.8,29941,0
20060711,48.9,48.9,48,48,6063,0
20060712,48.6,48.6,48,48.1,30228,0
20060713,48,49,48,48.9,4766,0
20060714,48.9,49,48.1,49,2628,0
20060717,48.3,48.3,48,48,5355,0
20060718,48,48.3,48,48.1,4327,0
20060719,49,51,48.6,51,8730,0
20060720,52.9,53.4,52.1,53.3,32695,0
20060721,52.8,53,52.5,53,7020,0
20060724,54,54,53.6,53.9,2560,0
20060725,54,54,53.2,53.5,16866,0
20060726,53.2,53.5,53.2,53.2,13392,0
20060727,53.2,53.8,53.1,53.5,29139,0
20060728,53.9,54.2,53.1,54,8692,0
20060731,53.5,56.5,53,56.3,11537,0
20060801,57,57.3,54.4,56,6333,0
20060802,55.8,55.8,54.2,54.4,5535,0
20060803,54.5,54.5,53,53.3,5442,0
20060804,53.3,53.5,53.3,53.4,1081,0
20060807,54,54,53.1,53.1,10888,0
20060808,53.1,53.4,52.7,53,7803,0
20060809,53,54.3,52.8,53,1419,0
20060810,53.3,53.5,52.8,53,3383,0
20060811,53,53,52.5,52.8,61691,0
20060814,52.8,53,52.8,52.8,108086,0
20060816,53.7,53.7,53.1,53.3,1095,0
20060817,55.3,55.3,53.2,53.2,8703,0
20060818,53.9,53.9,52.5,52.8,411806,0
20060821,53.7,54.3,53,53.6,3074,0
20060822,53.2,53.8,53.2,53.7,2490,0
20060823,54,54.8,53.9,54.5,13825,0
20060824,54.5,54.5,53.6,54.2,597,0
20060825,53.6,54.2,53.6,54.2,5340,0
20060828,53.8,53.9,53,53.8,1205,0
20060829,53.2,53.7,53.2,53.5,1060,0
20060830,53.2,53.8,53.2,53.5,11013,0
20060831,53.2,54.5,53.2,54,5660,0
20060901,54.45,55,53.65,55,54957,0
20060904,55.8,55.8,55,55.2,4556,0
20060905,55.2,55.6,54.7,55.6,30392,0
20060906,55.9,56,55,55,289,0
20060907,55.5,57.5,55.15,57.5,2447,0
20060908,58.5,63,58.5,60,12143,0
20060911,60.2,60.55,59.55,59.8,3588,0
20060912,60,61,59.5,59.6,6037,0
20060913,60,60,59.2,60,88783,0
20060914,60,60,59.8,59.8,4276,0
20060915,59.7,59.7,59,59,1484,0
20060918,59,61,59,61,1116,0
20060919,62,62,61,61.6,7729,0
20060920,62.1,62.1,61.05,61.5,103763,0
20060921,62.5,62.5,61,62,22586,0
20060922,61.9,61.9,60.5,61.1,2022,0
20060925,61.1,68,60,67.6,4707,0
20060926,67,67,64.2,67,20969,0
20060927,67.8,67.8,64,66,7028,0
20060928,66,66.5,64.5,66,16692,0
20060929,66,66.5,64.1,66,15720,0
20061002,66,66,63.9,64,263980,0
20061003,63.9,64,60.2,63.9,6924,0
20061004,63,63,61.5,61.6,2696,0
20061005,61.2,62,60.5,60.5,8152,0
20061006,59.55,60.5,59.5,60,29419,0
20061009,59.5,61.7,58,61.7,42679,0
20061010,61.7,63,61.7,62.45,10105,0
20061011,63,63.1,62.5,62.65,6778,0
20061012,62.75,63.5,62.75,63,1261,0
20061013,63,63,62.6,62.6,2626,0
20061016,62.6,63,62.5,63,2069,0
20061017,62.9,63,61.9,62.95,22011,0
20061018,63,63,61.5,62.5,129,0
20061019,62.9,62.9,61.5,62.45,194,0
20061020,62,62.5,61,61.9,42027,0
20061023,62.5,62.5,62,62.05,1970,0
20061024,62.5,62.5,62.05,62.4,681,0
20061025,62.6,63,62,63,9970,0
20061026,63,63,61.8,61.8,4445,0
20061027,61.75,62.1,61.75,61.8,24009,0
20061030,61.8,63,61.7,62,2534,0
20061031,62.9,62.95,59,62.5,11857,0
20061102,62.8,62.8,62.5,62.5,10205,0
20061103,62.5,64.5,62.5,62.65,12981,0
20061106,62.6,62.6,61,62,99309,0
20061107,62,63.5,60.9,63.5,14058,0
20061108,63.5,64,63.1,64,15596,0
20061109,64.05,66,64.05,66,7221,0
20061110,66,66,65.1,66,4794,0
20061113,66,66,64.9,65.9,4110,0
20061114,65,66,64.2,66,7528,0
20061115,66.5,66.5,64.25,65,5233,0
20061116,64.6,65,64.2,64.5,4045,0
20061117,64.3,65.5,64.2,65.5,68006,0
20061120,65.9,66.2,64.7,66,23912,0
20061121,66.1,71.5,66.1,71,57691,0
20061122,72.4,73,70,70,26697,0
20061123,69.1,74.3,65,74.3,8327,0
20061124,74.3,74.3,71.1,73.4,2912,0
20061127,72.5,73,70.5,72,8346,0
20061128,71,74,70,74,13483,0
20061129,74,74,72.5,74,5708,0
20061130,75,76,75,76,37721,0
20061201,76.1,82,76.1,80.6,12330,0
20061204,81,83,81,83,20577,0
20061205,85,85,82.05,84.85,27564,0
20061206,84,84,82.5,83.1,27314,0
20061207,82,83.1,81.1,82.5,37238,0
20061208,82.95,82.95,81.5,82.9,31383,0
20061211,83,83,81.5,81.5,1574,0
20061212,82.35,82.35,79.5,79.5,6372,0
20061213,80,81.1,79.5,80.5,112503,0
20061214,81.7,81.7,76.5,80,117480,0
20061215,78.6,78.6,72.15,78.6,41019,0
20061218,77.2,77.2,75.8,77.2,129870,0
20061219,75.8,76.9,75.8,76,17861,0
20061220,75,76,70,71.9,28141,0
20061221,72.5,72.5,70.1,70.3,63802,0
20061222,71,73.3,70.3,73.3,8876,0
20061227,73.4,74.5,73,73,3296,0
20061228,72.4,74,72.3,73,11068,0
20061229,74.1,74.1,73.55,74.1,402,0
20070102,73,75.4,73,73.1,236,0
20070103,73.05,76,73.05,74,2541,0
20070104,73,73,70.6,72,1594,0
20070105,71,72,71,71.9,721,0
20070108,70.4,70.4,67.55,69.8,1514,0
20070109,71.85,71.85,69.1,70.35,43102,0
20070110,70.3,70.3,70,70.1,2837,0
20070111,70.5,72.45,69.3,72.45,6360,0
20070112,73.5,76.9,73.5,76.9,7446,0
20070115,77,78,77,78,4131,0
20070116,78,78,77,77.8,769,0
20070117,76.6,77.9,74.8,76,11306,0
20070118,77,79,76,79,2231,0
20070119,79,82,79,81,15905,0
20070122,81.95,84,81.95,84,33214,0
20070123,84.9,84.9,81,81,1148,0
20070124,82.8,82.8,79.4,81,2747,0
20070125,80.4,81.5,80.05,81,1342,0
20070126,83.5,83.5,78.8,80.4,6266,0
20070129,81.8,82.5,79.1,82,41812,0
20070130,82.5,84.4,82,82.95,2081,0
20070131,82.95,83.5,82,83,13715,0
20070201,83,87,83,86.9,47755,0
20070202,89,93,85.55,93,33850,0
20070205,92.55,99,90.1,95,6371,0
20070206,98.5,98.9,93.95,93.95,47050,0
20070207,94,94,91.2,91.2,11616,0
20070208,89,89.2,85.5,87.5,4585,0
20070209,87,87,84.9,86.9,1505,0
20070212,86.9,86.9,82.65,85.35,11374,0
20070213,85.3,88.5,84,87.95,49752,0
20070214,90,90.2,88.8,90.2,4211,0
20070215,91,91.6,89.5,90.05,40920,0
20070216,89,89,88,88.9,3286,0
20070219,88.9,89.5,87.9,88.9,1334,0
20070220,88.8,90,88.2,88.55,20556,0
20070221,90,90.1,89,89,20437,0
20070222,90.2,90.2,87.8,87.8,3162,0
20070223,87.7,90,86.3,87.1,1663,0
20070226,87.6,91,87.3,91,1030,0
20070227,90.7,90.7,86,86.45,12701,0
20070228,83.8,85.1,82,85,3965,0
20070301,86.9,86.9,84,84,2176,0
20070302,84,84,82.75,83.9,1283,0
20070305,83.3,83.3,77.25,78,8025,0
20070306,78,78,77.4,77.9,17539,0
20070307,78,78,77.4,78,4842,0
20070308,78,85,77.6,84.75,15059,0
20070309,84.8,84.8,81.5,84.3,1495,0
20070312,89,89,84.5,86,2547,0
20070313,85.05,85.05,82.3,84.75,6020,0
20070314,79.4,83.5,79.4,81.3,7288,0
20070315,81,82,80.8,82,982,0
20070316,82,82,79.6,79.8,7686,0
20070319,79.55,82.7,79.55,82.55,2554,0
20070320,83,84.2,82,83.5,27423,0
20070321,83.8,85.1,83.8,85,110608,0
20070322,85.1,87.4,85.1,87.15,3102,0
20070323,87.7,93,86.2,93,6356,0
20070326,92.9,92.9,87.6,91,2722,0
20070327,90,92.1,90,90.9,943,0
20070328,89.2,91,88,91,39500,0
20070329,91.5,95,91.5,94.85,132038,0
20070330,95,95,92.1,93,1357,0
20070402,93,93.5,92.5,93,14667,0
20070403,93,96,93,96,341296,0
20070404,96,97,94.5,97,11866,0
20070405,96.5,97,96,97,4030,0
20070410,98,103.5,97.6,103,5105,0
20070411,103.2,110,103.2,104.9,36311,0
20070412,105.4,105.4,98,101.5,6117,0
20070413,102.5,102.5,98.35,100,36045,0
20070416,99.5,100.9,98,100,11760,0
20070417,100,100,98.5,99,112447,0
20070418,99,99,97,97.9,144327,0
20070419,95.1,98,95.1,97,8027,0
20070420,97,97,95.7,97,14676,0
20070423,97,98,95.6,97,15642,0
20070424,97,97,95.5,96.7,11676,0
20070425,96.7,97,96,96.3,23960,0
20070426,96.5,96.5,95,96.5,65678,0
20070427,96.5,96.5,95.5,95.5,11281,0
20070430,96.3,97.5,95.6,96.5,259684,0
20070502,96,97.5,96,97.2,148298,0
20070504,98.9,98.9,97,97.1,53868,0
20070507,97.9,99,96.3,98,9651,0
20070508,99.5,99.5,97,97,6504,0
20070509,96.1,97.65,96.1,97.05,37710,0
20070510,96.8,97.2,96,97,8192,0
20070511,97,97.3,92.05,97.3,7913,0
20070514,97,97.5,96.5,97.1,21368,0
20070515,98,100.4,97.5,99,17985,0
20070516,99.5,100,99,99.4,46462,0
20070517,99.5,106,99.5,105.3,8150,0
20070518,108.8,108.8,104.6,105,30953,0
20070521,104.6,117.9,104.2,117.9,99811,0
20070522,120,122.5,115.1,119.5,263205,0
20070523,118,119.5,115,119.5,11325,0
20070524,118,128,115,122,14342,0
20070525,121,124,118.9,123.5,73748,0
20070528,124.3,131,123.5,129.5,90743,0
20070529,131,131,127,127,33974,0
20070530,126,134,125,130,158224,0
20070531,133.5,144,129.6,130,70927,0
20070601,131.2,140,128,133,375455,0
20070604,134.8,135.4,132,135.3,5410,0
20070605,135.3,141,133,137.5,13800,0
20070606,138,140,133.5,133.5,44240,0
20070608,131,134,126,133,67744,0
20070611,134,136.2,132,134,33800,0
20070612,134.1,138,134.1,137,52369,0
20070613,139,144.8,137,144,56320,0
20070614,146,156,145.6,151,12720,0
20070615,153,158.9,144.1,145,19703,0
20070618,145,148,141,141,13072,0
20070619,140,149,137,149,45227,0
20070620,150,152.1,146,148.7,44245,0
20070621,148,148,142.6,146.2,8634,0
20070622,148,148,141,145,4666,0
20070625,143,144.5,141,144,13305,0
20070626,146,146,142,142.1,11263,0
20070627,142,142,137,140,69192,0
20070628,138.5,140.6,138.5,140.6,4571,0
20070629,139,144.8,136.3,144.8,2072,0
20070702,145,152,142,149.1,20307,0
20070703,150,150,138,139.9,25175,0
20070704,139.9,139.9,131,133,8556,0
20070705,134,139.9,132,132,11837,0
20070706,134.9,136,134.5,135,6786,0
20070709,140,140,136.3,136.3,14936,0
20070710,137.9,138,134,135.1,10341,0
20070711,134.7,137,133,135.1,53886,0
20070712,136,136.9,132,135,62623,0
20070713,136,136,132,134.9,10810,0
20070716,134.9,135,125,131.9,33450,0
20070717,127.5,132,127,132,55692,0
20070718,132.6,136.1,131.8,135,12924,0
20070719,135,135,133,135,10421,0
20070720,135,135,132.5,134.8,4635,0
20070723,135,135,132.8,133,75345,0
20070724,132,134.6,131.6,133,2434,0
20070725,133,133,121,132,15882,0
20070726,130,130,119,122.5,7462,0
20070727,122.5,122.5,116.1,120,39998,0
20070730,118.3,121.5,117,119,15855,0
20070731,119.1,123,118.1,118.8,25037,0
20070801,117.5,118.3,115.5,116.8,21357,0
20070802,117.2,120,117.2,119,16772,0
20070803,121,121,114,115.7,6552,0
20070806,112.1,115,110.5,115,18168,0
20070807,115,116.8,113,116,4304,0
20070808,115.5,115.5,111,111.1,12693,0
20070809,113.8,113.8,111.1,112.3,10262,0
20070810,112,112,103.6,110,18211,0
20070813,110,111.5,109,109,10957,0
20070814,108.5,108.7,104,108.7,7692,0
20070816,100,104.4,92,104.4,14014,0
20070817,105.4,105.4,95.2,105,100653,0
20070820,108,108,102,104.9,20854,0
20070821,105,106.5,100.1,103,55538,0
20070822,103,110,103,109,45329,0
20070823,112,116,110.7,112,18981,0
20070824,112.1,112.3,110.2,112,52262,0
20070827,114.9,119.8,111,117.5,148267,0
20070828,118.5,122,118,120,7428,0
20070829,115,118.9,112.2,117,48047,0
20070830,119,122,117.5,120,122131,0
20070831,120,124,120,122,21779,0
20070903,123.4,123.4,120,120,4722,0
20070904,121,121.9,118,121.9,4380,0
20070905,121,121.1,118.1,120.5,4334,0
20070906,120.5,120.5,117.4,118.5,7904,0
20070907,116.1,118.5,115.2,118.5,61903,0
20070910,118.2,118.2,115.1,118,3565,0
20070911,118.4,120,117,120,6135,0
20070912,120.6,121.9,120,120.9,2835,0
20070913,120,122.8,118.5,122.8,4764,0
20070914,124,124,122.1,124,1383,0
20070917,124.9,125,123,123.5,54782,0
20070918,120.4,123.4,120.4,123.4,810,0
20070919,124.8,125.9,123.9,125,1014,0
20070920,127,127.3,125.1,126,186849,0
20070921,127,127,125.2,127,77724,0
20070924,127,127,125,125.9,23267,0
20070925,123,124.9,121.2,123.5,23729,0
20070926,125,125,121.3,121.9,21644,0
20070927,119.5,125,119.3,122,93440,0
20070928,120.6,123.9,120.6,121.9,19615,0
20071001,121,123,120,120.6,14007,0
20071002,119.7,129.4,119.7,122.9,2002,0
20071003,125,125,121.6,122.9,18823,0
20071004,124.9,124.9,121.9,121.9,2251,0
20071005,121.9,124,121.9,123,36182,0
20071008,122,124.9,121.5,122,20520,0
20071009,122.1,124.2,120.1,121.3,52248,0
20071010,122,129,122,125,432933,0
20071011,124,125.9,123,125.6,14414,0
20071012,126.4,126.5,125,126.5,98507,0
20071015,127,131,127,130.8,9195,0
20071016,132,139,130,135,208197,0
20071017,135,135.5,133.5,133.9,21984,0
20071018,134,134,130,132.3,174524,0
20071019,130.3,138.5,130.3,138.5,36125,0
20071022,136.5,137.8,133,136.2,6595,0
20071023,137.3,137.5,134,134.7,4406,0
20071024,134,134,132,133.1,11513,0
20071025,132.9,133.1,129.6,131.7,6976,0
20071026,132,132,128.6,131.1,12572,0
20071029,134,134.8,131,134.8,14092,0
20071030,135.3,135.3,131.1,133,2541,0
20071031,133,133.1,129.8,133.1,9105,0
20071102,129.3,137,129.3,137,7087,0
20071105,136.8,137.8,134,137.8,3722,0
20071106,137.8,137.8,135,137,1500,0
20071107,136.8,136.8,127.6,133,5475,0
20071108,127.7,134.5,121.6,134.5,15765,0
20071109,132.1,132.1,128,129.2,2849,0
20071112,128.5,128.5,126,126,51290,0
20071113,125.5,128,125,127.5,65381,0
20071114,129.1,131,125,126.5,3370,0
20071115,125,125,118,120,108237,0
20071116,118,120,113,120,73019,0
20071119,120,121,116.4,117.5,37466,0
20071120,117.5,119,117,119,7384,0
20071121,118,118.9,116,116,39759,0
20071122,115.1,119,115.1,119,9489,0
20071123,118.9,121,118.1,118.1,22818,0
20071126,120,120.1,113,114.5,19624,0
20071127,113,115,112.5,114.4,6045,0
20071128,115,115,111.5,115,9586,0
20071129,118,118.5,115.5,118.2,7899,0
20071130,118.5,127.5,118,126.9,13211,0
20071203,129,129,124.6,126.5,14701,0
20071204,128,128,125,125,4619,0
20071205,127.9,131,125,131,3861,0
20071206,131,133,128,133,8804,0
20071207,132,134.6,132,133,7686,0
20071210,134.5,134.5,128.5,134,9163,0
20071211,134,134.3,129.8,130,4107,0
20071212,127,128.8,125.6,128.8,9230,0
20071213,125.8,129,125.5,129,4945,0
20071214,127.1,129,127.1,129,5381,0
20071217,129,130,127,130,3922,0
20071218,128.5,131,128,131,870,0
20071219,130.7,130.7,129,129.5,61145,0
20071220,129.5,131,128,131,2876,0
20071221,132,132,129,131.5,9012,0
20071227,131.5,134,129,134,3121,0
20071228,133.2,134,131,134,7047,0
20080102,132.6,136.2,132,136.2,4834,0
20080103,136.5,136.5,134,134.9,4118,0
20080104,134,134,129.2,129.2,5401,0
20080107,129,129,119.5,122.3,9071,0
20080108,120,122.5,119,122.5,5819,0
20080109,120,122.5,120,120.5,9652,0
20080110,120,120,111.6,112.5,46468,0
20080111,111,115,108,109,86001,0
20080114,107,107,104,105.5,11760,0
20080115,106.5,114,104.6,104.6,34310,0
20080116,102.5,106.8,98,104.5,98623,0
20080117,109,110,104.5,105.5,65283,0
20080118,108,109,106.1,107,73779,0
20080121,105.5,106.5,100,106,37897,0
20080122,102,106,100.1,103,5881,0
20080123,104.5,107,104,104.1,299459,0
20080124,108.4,108.6,105.6,108,216231,0
20080125,109,113,108.5,112.6,17753,0
20080128,112.4,113.5,110,113.5,53275,0
20080129,113.9,117.3,113.9,117.2,7711,0
20080130,116,119,115,118.7,11264,0
20080131,118.5,120,117,120,5498,0
20080201,120,132,120,129.4,9607,0
20080204,129,129.6,128,129.5,82497,0
20080205,129.5,129.5,128,128,46276,0
20080206,123,125.1,121.5,124.8,11760,0
20080207,124,127,120,124.8,52470,0
20080208,124,125.2,123.5,125.2,33953,0
20080211,124,125.2,123.6,124.5,3671,0
20080212,126.9,127.3,124,127.3,15914,0
20080213,127.6,127.6,126.4,127.2,164,0
20080214,128.4,128.4,126,127,23140,0
20080215,126,126,125,125,235,0
20080218,126.5,126.5,122.6,124,1422,0
20080219,122.8,124,122.8,124,3384,0
20080220,121.1,123,120,122,378,0
20080221,121.5,129,118.8,129,4643,0
20080222,124,124,122.6,124,770,0
20080225,122.4,124,122.3,124,3714,0
20080226,124,124.5,122.7,124.4,1958,0
20080227,124.8,125,122.6,124.8,784,0
20080228,125,125,123,125,24667,0
20080229,123,125,122.2,125,2753,0
20080303,116.2,117.6,112.5,113.6,35736,0
20080304,110,110.1,106,106,122416,0
20080305,104.1,106,102.5,103.5,355346,0
20080306,104,106,101,101.2,211781,0
20080307,100,101,98.6,99.8,74803,0
20080310,100,102,99,99,11752,0
20080311,100,106.9,99.2,106.9,2321,0
20080312,111.9,111.9,107.5,108.8,3727,0
20080313,108,108,101,101,1031,0
20080314,102.9,102.9,101,101.7,8980,0
20080317,100,100,97.3,98,14878,0
20080318,99.8,99.8,96.65,97,22533,0
20080319,98,99,97,98,7543,0
20080320,97.9,97.9,92.25,92.25,11326,0
20080325,93.6,93.6,93,93.2,25377,0
20080326,93.9,94,93,94,40447,0
20080327,94.2,99,94.2,98.9,3787,0
20080328,98.9,100,98.9,99.05,17361,0
20080331,98.9,101,98.5,100.8,26901,0
20080401,101,103,100,100.1,3046,0
20080402,100.5,103.5,99.5,103.4,8673,0
20080403,103.5,103.5,99.2,100,35893,0
20080404,98.2,101.8,98.2,101.5,6602,0
20080407,102.9,102.9,101.5,102.8,8515,0
20080408,102.5,102.9,100,102.7,1842,0
20080409,103.1,104.8,102.1,104.8,12814,0
20080410,103.9,103.9,101.3,102.5,4157,0
20080411,102,102,93,99.2,13283,0
20080414,96.2,97,95,95.2,4308,0
20080415,95.2,97.5,95.1,97,5985,0
20080416,95.2,97,95.2,96.5,29259,0
20080417,97,97,96,96,16981,0
20080418,97,97,94,94.5,17501,0
20080421,94.9,96,94.9,95,6506,0
20080422,95,96,92.1,92.1,51903,0
20080423,91.75,92,87,87,25916,0
20080424,86.6,90,86.6,88.5,8179,0
20080425,88.5,88.5,85.45,86.75,52200,0
20080428,87,87.1,85,86.5,42043,0
20080429,86.45,86.45,82,85,18505,0
20080430,85.5,86,85,86,4636,0
20080505,87,87,85,86.1,6634,0
20080506,87,90.5,86.95,90.5,83725,0
20080507,91.5,91.5,89.25,90.7,5428,0
20080508,90.7,90.8,89.45,90.75,11739,0
20080509,90.3,90.3,86,89.5,18124,0
20080512,89.45,89.5,87,87,5234,0
20080513,86.5,86.9,84.05,85,2808,0
20080514,83.25,86,83.25,84,30608,0
20080515,85,86,83.2,85,12849,0
20080516,85,88.8,85,88.8,57942,0
20080519,88.8,90,88,90,58759,0
20080520,94.9,96,92.4,95,44509,0
20080521,96,98,93.3,93.9,163611,0
20080523,93,93,89.1,89.1,64389,0
20080526,90.95,90.95,88.8,88.8,26757,0
20080527,88.8,88.8,85.05,85.05,170741,0
20080528,86,87.9,85.1,85.1,20886,0
20080529,87,87,84.7,84.7,45640,0
20080530,85,85.5,85,85.5,93520,0
20080602,86,86,85.65,86,33065,0
20080603,85,85,84,84,33165,0
20080604,84,84,79.5,81,51217,0
20080605,80.5,80.5,78.1,80,105641,0
20080606,80,80,78.6,78.6,21723,0
20080609,76,77,75,76,27788,0
20080610,75.5,75.5,70,70.6,38125,0
20080611,70.5,70.5,66.05,67.5,133029,0
20080612,64.5,72.5,64.5,72.5,23901,0
20080613,72.4,74.55,72,74.55,78585,0
20080616,76.5,79.95,76,79.2,82221,0
20080617,79.2,83,79.2,82.55,6573,0
20080618,84,84,80.5,81,178427,0
20080619,80,80.5,79.05,80,145369,0
20080620,78,79,77.5,77.5,10719,0
20080623,76.1,77.2,76.1,77.2,3598,0
20080624,79.9,79.9,75.1,75.1,52557,0
20080625,76,78.9,76,78.9,29854,0
20080626,78,78,76.35,78,54063,0
20080627,75.1,78.5,74.1,78.5,7274,0
20080630,78.5,78.9,76.2,77,12581,0
20080701,78,78,75,76.5,12640,0
20080702,76.2,76.2,75,75.7,15430,0
20080703,76,76,74.3,75.65,18804,0
20080704,76.2,76.2,72.15,74,21056,0
20080707,74,74.5,73.15,74,2284,0
20080708,73.1,73.1,71.45,72,82895,0
20080709,73,74,73,74,91210,0
20080710,74,74,73.4,73.9,285,0
20080711,75,75.55,72,72,14564,0
20080714,72,72,68,68.1,12003,0
20080715,67.2,67.3,64,64.6,41182,0
20080716,64.1,66,64.1,65,33609,0
20080717,66,70,65,67.5,3622,0
20080718,68,68.85,66.15,67.5,7382,0
20080721,69.45,69.45,67.5,69,13104,0
20080722,69,69.5,68.1,68.5,9599,0
20080723,69.2,70.5,68.5,70.1,11532,0
20080724,71,71.85,70.5,71.15,71986,0
20080725,70.4,72.6,70,72.5,32904,0
20080728,72,73.75,71.4,73,9048,0
20080729,73.45,73.5,72.1,72.35,3384,0
20080730,74,76.8,73.9,75.1,6809,0
20080731,76,76,75.1,76,3657,0
20080801,75.8,81.9,75.8,78,3415,0
20080804,79,79,78.05,78.1,688,0
20080805,78.5,78.5,77.1,77.7,41973,0
20080806,77.6,78,76.5,76.5,3805,0
20080807,76.5,77.35,76.5,76.5,1225,0
20080808,76.5,76.55,76.5,76.5,7582,0
20080811,77,78,77,78,64,0
20080812,74.1,79.55,74.1,78.95,2363,0
20080813,78.95,78.95,77,77.05,292,0
20080814,75.5,75.5,69.2,70,20949,0
20080818,72,72,66.2,70.7,13665,0
20080819,68.6,69.2,67,67,980,0
20080820,68,68,66.2,66.2,1835,0
20080821,67,67,65,65,8603,0
20080822,65,65.4,64.1,65.4,2690,0
20080825,66.05,68.5,66.05,67.55,1935,0
20080826,67,68.9,66.7,67,2343,0
20080827,67,67,66.1,66.85,2163,0
20080828,66.95,66.95,66.1,66.3,67990,0
20080829,67,68.5,65.2,65.2,18738,0
20080901,65.5,65.5,64.05,64.5,1744,0
20080902,64.95,65.6,64.5,64.95,3623,0
20080903,64.5,64.5,64.3,64.5,275,0
20080904,64.05,66,64.05,65.75,583,0
20080905,65.9,66,61.5,62.45,2192,0
20080908,63.5,63.5,62.2,62.2,1264,0
20080909,62,62.05,57.5,59,3913,0
20080910,58.8,58.8,56.8,57,59962,0
20080911,57.6,57.6,56.5,57.25,95152,0
20080912,57.8,57.8,57.25,57.3,598,0
20080915,57.7,57.7,55.85,56.15,2567,0
20080916,56.2,56.2,53.5,55.4,6777,0
20080917,54.7,57.55,54.7,57,24818,0
20080918,56,57,55,57,25430,0
20080919,57.95,63.7,57.95,63.7,11656,0
20080922,61,62.9,60,60.3,6028,0
20080923,60.3,61.1,59.2,60.35,112287,0
20080924,59.3,61,59.3,59.8,166498,0
20080925,59,60,59,59.1,20094,0
20080926,59.6,59.6,59,59,3610,0
20080929,59,60,58.1,58.95,8755,0
20080930,57.95,57.95,56.2,57.8,26300,0
20081001,58.5,59.8,57.1,59,7140,0
20081002,59,59.9,59,59,96301,0
20081003,58.5,58.5,58,58,210,0
20081006,56.9,56.9,50,53.8,14504,0
20081007,53.8,54,52.5,53.8,65886,0
20081008,51,54.2,48,54.2,27750,0
20081009,52.75,54.1,52.5,54.1,5846,0
20081010,52.1,52.1,48,49,73421,0
20081013,51.5,51.75,50,51,17389,0
20081014,52.75,52.75,51,52.1,23566,0
20081015,52.1,52.1,51,52,46938,0
20081016,51.5,51.5,50,50.05,41479,0
20081017,50,50.5,49.2,50.05,92480,0
20081020,51.75,51.75,50,50,17254,0
20081021,50,52.1,50,52.1,5305,0
20081022,51.2,51.2,49.05,49.5,18702,0
20081023,50.9,50.9,45,45,28136,0
20081024,45.5,45.5,41.11,43.5,14497,0
20081027,43,43.4,42,43.19,10335,0
20081028,44.5,44.5,43.19,44.4,4849,0
20081029,45.54,47,45.54,46.5,2045,0
20081030,46.57,47.97,46.57,47,1019,0
20081031,46.95,46.95,46.7,46.7,6003,0
20081103,46.4,46.9,46.3,46.9,5334,0
20081104,47,47,46.1,46.5,23859,0
20081105,47,47,46,46,22013,0
20081106,45.9,46.89,44.75,46.87,2212,0
20081107,46,47,45.9,46.31,16442,0
20081110,47,47.5,46.31,46.31,351,0
20081112,46,46,45,45.6,6693,0
20081113,45,47.96,45,46.5,76235,0
20081114,47.17,47.19,46,47.19,359,0
20081117,47.3,47.97,47,47.8,57803,0
20081118,46.5,49.5,46.2,49.5,4531,0
20081119,49.5,50.5,49.5,50.5,8948,0
20081120,49.2,49.68,48,49.68,6563,0
20081121,49.5,50,48.32,49,6758,0
20081124,49.5,49.5,47.8,48.05,1642,0
20081125,48.45,48.5,47.5,48.5,26337,0
20081126,48.5,50,48.5,49,13052,0
20081127,50.5,53.9,50.5,51.7,10015,0
20081128,53.2,55.2,52.75,53,12520,0
20081201,54.4,54.45,48,48,8645,0
20081202,49.15,50.6,48.32,50.5,5676,0
20081203,51.4,51.8,50.5,51,2955,0
20081204,51,52.45,51,51.85,3127,0
20081205,51.4,51.85,49.21,49.21,21751,0
20081208,51,51.45,50.4,51.35,53194,0
20081209,51,51.8,51,51.5,9381,0
20081210,50.6,53,50.6,52.5,82891,0
20081211,53.5,53.6,52,52,15446,0
20081212,51.5,52.4,50,51.5,11079,0
20081215,51.5,51.5,50.9,51.45,20982,0
20081216,51,51.8,51,51.8,24285,0
20081217,51.85,52.5,51.85,52.5,7220,0
20081218,52.7,52.7,51.6,52.4,18926,0
20081219,52.4,52.8,49,50.5,10110,0
20081222,50.5,52.8,50,52.8,7216,0
20081223,51.5,51.75,51,51.7,15848,0
20081229,51.7,52.25,50.55,50.55,13431,0
20081230,50.5,50.5,50,50.1,558,0
20081231,50.2,50.2,48,48,1060,0
20090105,49.4,49.4,43.5,45,135456,0
20090106,45.15,46.1,45.1,45.46,85050,0
20090107,46.3,47.05,46,46.3,12412,0
20090108,46.89,46.89,46,46,1051,0
20090109,46.05,46.84,45.8,46,1691,0
20090112,46,46,43,45.98,3823,0
20090113,44.4,45.5,44.4,45.5,4969,0
20090114,46,46.97,45.7,45.7,19991,0
20090115,46,46.95,45.64,46.95,10873,0
20090116,46.95,47.44,46.9,47.44,4292,0
20090119,47.5,47.5,45.5,46,82537,0
20090120,46.9,46.9,45,45.2,1630,0
20090121,44.5,45.5,44,45.5,1087,0
20090122,46.45,46.45,45.5,46,63191,0
20090123,46,46.1,45.25,46,9948,0
20090126,45.99,45.99,45.1,45.5,188,0
20090127,45.6,46,45.6,46,3242,0
20090128,46,46.6,46,46.6,14162,0
20090129,46.74,46.83,46,46,1234,0
20090130,46.3,47,45.51,46.2,24554,0
20090202,46.5,46.5,46.01,46.01,8327,0
20090203,46.5,46.5,45.6,46,2579,0
20090204,45.51,47,45.51,46,32729,0
20090205,47,47,46,46,2031,0
20090206,46.1,47.09,46.1,47.09,2591,0
20090209,47.49,47.49,46.41,47.2,1147,0
20090210,47.2,47.2,46.95,46.95,1848,0
20090211,46.95,47.4,46.7,47.4,8327,0
20090212,47,47,46.6,46.6,158,0
20090213,46,47.89,46,46.6,32445,0
20090216,46.55,47.6,46.55,46.6,5099,0
20090217,46.6,46.6,41.61,42.1,18950,0
20090218,40,41,40,40.5,35720,0
20090219,41.99,41.99,40.5,40.5,21864,0
20090220,40,40,40,40,9177,0
20090223,38,39.5,38,39,41731,0
20090224,39.49,39.49,35,35,4456,0
20090225,36.76,36.79,34.72,34.72,4515,0
20090226,35.47,35.47,33,34,840,0
20090227,34,34.9,34,34.89,4077,0
20090302,32.45,32.9,30.25,31.9,4354,0
20090303,31,31.51,30,30.5,63700,0
20090304,31,33.04,30.5,32.97,55489,0
20090305,33,35.4,32.4,34.15,5963,0
20090306,34.15,37.5,34.15,37,52258,0
20090309,36,36.35,35,36.35,2862,0
20090310,35.82,37.8,35.82,37.68,8670,0
20090311,36.4,39,35.01,37.95,45212,0
20090312,37.94,38.9,36.8,38.9,9642,0
20090313,39,39,37,38,9723,0
20090316,37.11,39,37,39,8270,0
20090317,38.02,38.9,38,38.07,5020,0
20090318,38.97,38.98,38.11,38.84,2523,0
20090319,38.21,38.6,38.13,38.2,30614,0
20090320,38.2,38.2,37.1,38,6129,0
20090323,37.3,39.5,37.3,39.5,19377,0
20090324,39.74,39.74,39,39.14,14174,0
20090325,39.1,39.15,38.7,39.15,35334,0
20090326,40,40,39.25,39.5,23963,0
20090327,39.5,39.99,39,39.5,8536,0
20090330,39.4,39.98,39,39.9,39350,0
20090331,39.95,39.95,39.2,39.88,3841,0
20090401,40,41.85,40,40,4669,0
20090402,42.5,46.74,41,41,12057,0
20090403,42,42.75,41,41,10911,0
20090406,40.6,45,40,45,75395,0
20090407,44.5,47.03,44.5,45,8906,0
20090408,44.8,45.49,44,44,22725,0
20090409,45,47.6,44.2,47.6,92965,0
20090414,48.88,50,47.6,48,14371,0
20090415,48.1,51,47.5,50,15811,0
20090416,51,51,49,49,21150,0
20090417,48.6,49,47.35,47.35,8140,0
20090420,47.5,48,46,46,4864,0
20090421,45,45.45,43.1,45,5289,0
20090422,45.45,47,45.45,46,11801,0
20090423,47.4,50.1,46.7,48.2,40462,0
20090424,49.1,49.1,46.7,47,12944,0
20090427,46.7,46.7,45.35,46,5262,0
20090428,46.29,46.29,43.12,45.1,10399,0
20090429,46.1,47.15,46.1,46.5,13444,0
20090430,47,49.78,47,47.6,104439,0
20090504,48.3,49.7,48.3,48.5,12019,0
20090505,49.68,49.68,48.5,49,16783,0
20090506,49.1,51,49.1,50.2,31980,0
20090507,51.4,51.5,50.2,50.7,8195,0
20090508,50.65,51,50.35,50.7,8262,0
20090511,49.6,51,49.05,50.6,7269,0
20090512,50.5,51.4,50.5,51.1,1438,0
20090513,51.5,51.5,51,51,5463,0
20090514,51,51.15,50,51,15432,0
20090515,51,51.5,50.5,51.3,16411,0
20090518,50.1,53.5,50.1,53,6175,0
20090519,54.75,55.6,54,54,22192,0
20090520,53.15,54.8,53.15,54.2,3683,0
20090521,53.65,56,53.65,54,12239,0
20090522,55,57.2,54.1,54.1,56002,0
20090525,55.45,56.4,54,54,8767,0
20090526,54,55,53.5,53.5,7954,0
20090527,54,55.3,53.4,55.05,7097,0
20090528,55.5,56.6,55.5,55.95,16744,0
20090529,56.8,57.5,55.5,55.5,33163,0
20090601,55.7,57.9,55.7,56,9886,0
20090602,57.35,59.9,56.2,57.15,45407,0
20090603,57.2,58.5,56.5,57,79305,0
20090604,57.1,57.75,56.6,56.8,3881,0
20090605,56.8,57.8,56.8,57.3,1544,0
20090608,57.5,58.5,57,57.2,2930,0
20090609,58.7,59.8,56.9,57,8676,0
20090610,58.3,58.9,57.05,57.05,5443,0
20090612,57.05,58,57.05,57.85,3024,0
20090615,58,58.5,57,57.2,3070,0
20090616,56,56.4,55.95,55.95,6781,0
20090617,56,57,55.6,56.5,6253,0
20090618,56,59,56,57,8264,0
20090619,57.2,58.45,57.2,57.3,5214,0
20090622,57.5,58,54.5,55.05,157563,0
20090623,53.95,55.2,53,54.05,19625,0
20090624,55.8,58.8,53.45,56.3,13055,0
20090625,57.3,57.3,54,54,18120,0
20090626,56.75,56.8,54.5,55.5,13753,0
20090629,56.7,57.4,55,55,4409,0
20090630,56,56.8,55,55,18711,0
20090701,55,55,53.5,54,36661,0
20090702,54,56,53.5,55.1,386429,0
20090703,55,55.45,53.6,54.35,684,0
20090706,54.3,54.3,52.95,53,1546,0
20090707,52.95,55,51.65,54.95,2042,0
20090708,52.8,54,52.8,53.55,15118,0
20090709,53.5,56,53.5,54.3,16533,0
20090710,54,54,53.2,53.5,2043,0
20090713,52.8,53.95,52.8,53.05,644,0
20090714,55,55.8,54,54,12719,0
20090715,54.35,55.7,54.3,54.3,5965,0
20090716,54,54.95,53.4,54,8269,0
20090717,53.8,53.95,52.4,52.4,18759,0
20090720,52.8,53.9,52.7,53,71028,0
20090721,53,53.5,53,53.15,3304,0
20090722,53.45,54.5,53.2,54.5,9710,0
20090723,54.5,57.4,54.5,56.5,87140,0
20090724,56.7,57.2,56.5,57.2,13282,0
20090727,58.15,59.8,58.15,58.7,54370,0
20090728,59,60.4,59,59,27689,0
20090729,59.1,59.25,57.5,57.6,15817,0
20090730,57.35,58.9,57.35,58.6,42722,0
20090731,58.65,63,58.65,60,26049,0
20090803,58.6,62.95,58.6,61,13615,0
20090804,61,63.85,61,62.5,14933,0
20090805,63.8,66.2,63.4,63.8,13754,0
20090806,66.5,66.5,64,66.5,11073,0
20090807,66,67.5,64,67.5,32847,0
20090810,67.9,70,67.9,70,10786,0
20090811,71.5,76.4,70.6,70.6,19676,0
20090812,69.55,73,67.2,70.4,7357,0
20090813,72.5,73.9,72.5,73.05,7364,0
20090814,73.8,75.8,73.5,74.8,9281,0
20090817,74.8,75,73,74.8,6206,0
20090818,74,76,74,75.55,11812,0
20090819,75.3,76.5,75.3,76,862,0
20090820,77,78.3,77,77.2,2249,0
20090821,78,82.8,77.05,81.4,3134,0
20090824,83,86.9,82.85,83,6783,0
20090825,85.8,87.9,84.5,87.9,35762,0
20090826,87.1,95.4,86,90,13424,0
20090827,90.2,93.8,88,88,135131,0
20090828,88,89,85.8,87.2,10687,0
20090831,86.8,86.8,80.2,83.5,14803,0
20090901,82.7,82.7,77.7,78.8,11743,0
20090902,76,76,71.5,74,12665,0
20090903,72,74.95,72,74.95,4755,0
20090904,75,76,74.1,74.2,14109,0
20090907,75,77.9,73.75,77.7,4239,0
20090908,77.7,77.7,75,75,36385,0
20090909,75,75,72.85,73,5704,0
20090910,74.7,74.85,73,73,22447,0
20090911,73.9,73.9,71.5,72,19641,0
20090914,71.2,71.9,70,71,22588,0
20090915,72.55,76.5,72.5,76,74914,0
20090916,77.2,79,76.2,77.3,20247,0
20090917,77.4,78.5,76.5,77.4,6296,0
20090918,77.4,79.2,76.35,79.2,5720,0
20090921,79.2,80.5,77,78,1153,0
20090922,78.6,79,75.05,77.45,3652,0
20090923,77.3,78.95,76.5,78,4837,0
20090924,77.6,78,76,76,1447,0
20090925,75.55,78,75.2,76.35,15816,0
20090928,77.95,77.95,75.2,76,1586,0
20090929,76,76.95,75.7,76,1664,0
20090930,76.75,76.75,74.65,76.1,6901,0
20091001,76.95,77,75,76,4988,0
20091002,76,76,74.25,74.3,11548,0
20091005,74.95,75,72.2,73,24793,0
20091006,73.6,74.5,72.9,73,4920,0
20091007,74.85,74.85,72.45,72.45,419,0
20091008,71.35,73.65,71.35,71.95,36848,0
20091009,73.3,73.3,71.1,71.1,6408,0
20091012,72,72,71.05,71.75,3409,0
20091013,72.2,73,70.1,72,5789,0
20091014,72.95,73.2,72,72.6,19675,0
20091015,73.9,74,72.3,72.3,34300,0
20091016,72.6,72.6,70.1,70.15,18422,0
20091019,69,70,67.7,68,25267,0
20091020,68,69,67,67.8,65037,0
20091021,68.3,70.6,67.8,68.55,1257,0
20091022,69.5,71.8,69.5,70.05,54153,0
20091023,71.75,72.8,71.05,71.55,13111,0
20091026,72,73.85,72,72.1,5913,0
20091027,72.9,72.9,71.8,72,30161,0
20091028,71.15,72,70.25,71,47840,0
20091029,71.55,72.1,70.5,71.1,4508,0
20091030,72,72.5,71,71,12549,0
20091102,70.15,71.65,70.15,71,13370,0
20091103,70.8,70.9,70.5,70.6,23742,0
20091104,70.5,70.7,70,70,43232,0
20091105,69.9,71,69.8,71,2355,0
20091106,71.3,75,70.1,73,8978,0
20091109,74.9,75.95,74.2,75,33372,0
20091110,75.8,75.8,75,75.05,37458,0
20091112,75.5,76.6,75,75.7,90473,0
20091113,75.8,76.5,75.4,75.7,15827,0
20091116,75,77.2,75,75.8,6685,0
20091117,76.15,76.8,75.7,76,11500,0
20091118,75.2,75.2,75,75,3562,0
20091119,74.35,74.35,72.55,72.55,650,0
20091120,72.25,72.25,69.1,71.25,4557,0
20091123,69.6,72.2,69.6,72.2,3028,0
20091124,72.2,72.8,71,72.75,1485,0
20091125,72.05,73.6,71.5,71.5,5835,0
20091126,71.5,71.85,70,70,7216,0
20091127,70,71.5,70,70,16831,0
20091130,69.55,71.2,69.55,70.45,1528,0
20091201,71.9,72.7,71.9,72.5,21969,0
20091202,72.7,74.3,72.7,74.1,7176,0
20091203,74.2,76.75,74.1,76.1,18716,0
20091204,76,76.8,76,76.3,19477,0
20091207,76,76.75,76,76.75,5616,0
20091208,76.8,76.8,72,72,4150,0
20091209,72,72.3,71.5,71.95,4904,0
20091210,71.6,73,71.6,72.15,4553,0
20091211,71.7,74,71.7,74,6388,0
20091214,74.1,74.15,74.1,74.1,5420,0
20091215,74.1,74.9,72.3,74.9,3022,0
20091216,75,75.6,73.7,75,13293,0
20091217,75.5,76.75,75,76,9045,0
20091218,76,78.9,75.5,78.85,18880,0
20091221,78.85,83.5,77.6,81,8936,0
20091222,82.8,83.9,82.05,83.9,173679,0
20091223,83.9,83.9,82.4,82.5,92858,0
20091228,82,83.5,80.6,82.5,130225,0
20091229,82.6,82.65,80.65,82.5,34835,0
20091230,82.5,82.5,81,82.5,63426,0
20091231,82.5,82.5,80.8,82,71146,0
20100104,82,83.4,81.5,82.3,13940,0
20100105,82.3,83,82.3,82.5,21548,0
20100106,82.2,83.8,82.2,83.3,3569,0
20100107,83.7,83.7,83.1,83.3,1017,0
20100108,83.5,83.5,82.5,83.3,868,0
20100111,84,86.35,84,86,7285,0
20100112,86.35,87.1,86,86.8,33573,0
20100113,87.35,87.9,86,86,3896,0
20100114,86.1,87.9,86.1,86.1,814,0
20100115,87.5,87.5,86.15,87,4260,0
20100118,88,89.6,88,88,1615,0
20100119,88.6,88.6,82.6,84.15,44277,0
20100120,84,84.15,81.95,82.9,84363,0
20100121,82,82.9,80.6,82.4,115502,0
20100122,81.3,83,81.3,82,2648,0
20100125,80.1,82.15,80,82,3569,0
20100126,81.2,82,81.1,81.5,31793,0
20100127,81.5,82.8,80.7,80.7,11785,0
20100128,80.65,81,80,80,57839,0
20100129,79,79,77,77,25230,0
20100201,77.9,77.9,74.25,76.95,33105,0
20100202,78,80.2,77,80.2,1886,0
20100203,80.2,81.5,79,81,63626,0
20100204,81,82,81,81.2,60477,0
20100205,80,80,74.6,77.5,2537,0
20100208,77.4,78.95,77.1,78.95,10575,0
20100209,78.5,78.55,77.6,77.6,42141,0
20100210,78,78,77.6,77.65,62883,0
20100211,77.75,78,77.2,78,20307,0
20100212,77,79.8,76,79.8,15630,0
20100215,77,81.5,77,80,6703,0
20100216,79.95,79.95,79.8,79.8,260,0
20100217,79.8,80.5,77.8,78.3,24338,0
20100218,77.9,79.65,77.7,77.7,12887,0
20100219,77.5,79,77,79,3444,0
20100222,78.9,78.9,73.1,75.75,1851,0
20100223,76.05,77,76.05,76.6,17536,0
20100224,76,77.9,76,77.8,20229,0
20100225,78.4,78.4,76.5,77.5,6077,0
20100226,78.9,79.55,76.8,78,15436,0
20100301,79.55,79.55,77.9,79,4796,0
20100302,79.5,79.5,74,74.2,7648,0
20100303,76.7,76.7,74.7,74.9,52579,0
20100304,74.9,74.9,72.5,72.5,2381,0
20100305,72.9,73.5,72,72.5,26219,0
20100308,72.7,74.4,72.7,73.15,52747,0
20100309,73.9,73.9,73,73.8,60434,0
20100310,74,74.8,73.55,74.2,38127,0
20100311,74.3,75.7,74.3,75.45,55309,0
20100312,76,76.5,76,76.25,8651,0
20100315,76.25,76.25,75,75.9,2639,0
20100316,75.1,75.65,75,75.5,2226,0
20100317,75.7,75.7,75,75,3860,0
20100318,77.25,77.3,76,76.95,5233,0
20100319,75.55,76.85,75.5,75.5,3470,0
20100322,75.2,75.3,74.1,74.15,6941,0
20100323,74.2,76.95,74.2,75.1,9310,0
20100324,75.2,75.5,74.2,74.2,1172,0
20100325,75,75.4,74.3,74.4,2409,0
20100326,74.55,74.9,74.4,74.4,2881,0
20100329,74,74.1,73.9,73.9,7565,0
20100330,74,74,73.9,73.9,16718,0
20100331,74,75.8,74,75.3,44067,0
20100401,76.45,76.6,75.55,75.6,4074,0
20100406,75.9,78.1,75.6,78.1,3571,0
20100407,78,80.5,77.8,78,16050,0
20100408,78.75,78.75,74.6,75.95,3028,0
20100409,76.05,76.1,75.2,75.55,7548,0
20100412,74.9,77.15,74.9,75,301,0
20100413,75.8,76,73.7,74.9,1933,0
20100414,74,76.5,73.1,76.5,3829,0
20100415,76.55,76.55,74.3,75.6,4602,0
20100416,74.25,76.4,74.2,76,3436,0
20100419,73.6,75.6,72.4,72.4,1134,0
20100420,73,73.05,72,72.9,8959,0
20100421,76.5,76.5,73.7,73.85,3135,0
20100422,74,74.15,72.5,73.5,9727,0
20100423,74,74,72.1,73,2575,0
20100426,73.95,74.5,73.4,74.2,30549,0
20100427,73.7,73.7,70,71.4,5713,0
20100428,67.5,69.9,67.5,69.4,19693,0
20100429,69,71,68,69.5,3522,0
20100430,71.5,71.5,70,70,2571,0
20100504,71.5,71.5,70,71,7416,0
20100505,70.9,71,68.15,68.15,18763,0
20100506,68.15,70.5,67.5,69,7599,0
20100507,67,68,66.5,67,27243,0
20100510,67.1,69.5,67.1,69,3704,0
20100511,69.5,69.5,68.4,68.5,22397,0
20100512,69,70.5,69,70.2,23701,0
20100513,71,72.8,71,71.5,32560,0
20100514,73.15,73.15,72,72.9,822,0
20100517,72.5,72.5,70.6,70.6,148477,0
20100518,70.5,71,67.9,70.9,7662,0
20100519,70.75,70.75,67.6,70.5,53094,0
20100520,69.5,70.8,68.2,68.2,20476,0
20100521,66,70.5,66,69.8,12698,0
20100524,70.4,72.8,69.8,69.8,24743,0
20100525,69,69.1,66.5,68.9,2057,0
20100526,69.55,70,67.55,68.7,1556,0
20100527,70.5,72.35,69.3,69.55,123255,0
20100528,72.15,72.15,68,68.05,8656,0
20100531,69.6,69.6,68.3,69,1118,0
20100601,69,69.1,67.9,68.9,1871,0
20100602,69.8,69.8,68,68,1147,0
20100604,68.5,71.5,67,68.5,1715,0
20100607,66.75,67.25,65,66.5,7850,0
20100608,66.5,67.5,65.3,66.1,10242,0
20100609,66.35,66.5,65.95,66.5,19924,0
20100610,67.6,67.6,66,66.5,7171,0
20100611,67.25,67.9,66.3,66.5,55520,0
20100614,66.5,67.25,66.3,66.5,13034,0
20100615,66.9,67.5,66.15,67.5,1416,0
20100616,67.5,67.5,65.1,67.5,3036,0
20100617,68.5,68.5,67.8,68.15,1594,0
20100618,68,68.1,67.25,68.1,3299,0
20100621,67.75,69.4,67.75,69.3,851,0
20100622,70,70.9,70,70.5,24228,0
20100623,70.5,72.5,70.5,71,18719,0
20100624,72,72,70.3,70.8,43208,0
20100625,70,70,68.5,68.5,383,0
20100628,70.75,70.75,68.6,69.25,37728,0
20100629,69.5,69.5,68.5,69,47521,0
20100630,69,69.2,67.5,68,39297,0
20100701,62.5,68,62.5,68,41459,0
20100702,66,69.3,64.3,68,26696,0
20100705,68.2,69.2,68.1,68.45,5407,0
20100706,69.3,70.05,69.25,70,16107,0
20100707,70,70.6,70,70.05,5693,0
20100708,70,70,70,70,918,0
20100709,71,72,71,71.95,10740,0
20100712,72.3,73,72,72.35,13340,0
20100713,71,71.45,70.65,71,2845,0
20100714,71.5,71.85,70.7,70.7,55973,0
20100715,69.5,69.9,68,69.5,25094,0
20100716,69.7,69.85,69.1,69.8,1505,0
20100719,69,69.65,68.55,69.05,1316,0
20100720,69.05,69.75,69,69.1,25273,0
20100721,69.1,69.6,69.05,69.55,2784,0
20100722,69.9,70.7,69.9,70.25,1811,0
20100723,70.3,70.3,69.3,70,5693,0
20100726,70,71,69.9,70.15,2231,0
20100727,70.25,71.25,70.25,71,14671,0
20100728,71.3,71.85,70.1,70.2,4564,0
20100729,69.8,72.5,69.8,70.5,4003,0
20100730,71,71.4,69.85,70.05,19840,0
20100802,70,71.25,70,70.1,2189,0
20100803,70.9,71,70.15,70.5,12703,0
20100804,70.5,71,70.5,70.55,2265,0
20100805,70.55,72.2,70.55,71.2,7974,0
20100806,72.35,72.7,72,72.5,3635,0
20100809,72.5,74.45,72.5,73.9,10680,0
20100810,73.2,73.2,71,71.1,7701,0
20100811,70.8,74,70.8,73.1,30050,0
20100812,72.55,72.75,71.35,72.7,4516,0
20100813,72.55,72.55,70.4,70.4,6643,0
20100816,70.5,71,69,70.45,13027,0
20100817,71,71.1,71,71,6840,0
20100818,71.05,71.6,71,71,1970,0
20100819,71,71.2,70.05,71,5189,0
20100820,71,71.45,70.25,71.45,1977,0
20100823,71.5,71.5,70.55,71.45,326,0
20100824,72.05,72.05,71,71,13824,0
20100825,71,71.1,70.4,71,19714,0
20100826,70.15,71.1,70.1,71.1,24798,0
20100827,71.1,71.8,70,71.1,3790,0
20100830,70.9,71,70.05,70.3,16233,0
20100831,70.6,71.7,70.15,71.6,6309,0
20100901,71.5,72,70.8,71.5,21103,0
20100902,71.6,72.7,71.6,72,25725,0
20100903,72.1,73,71.9,73,22984,0
20100906,72.9,73.6,72,73.6,14686,0
20100907,73,73.95,72.7,73.95,10337,0
20100908,73,74,72.1,74,2498,0
20100909,73.5,75,73.5,73.65,26186,0
20100910,73.65,74.4,73.65,74,2011,0
20100913,72.5,74.85,72.45,74,2781,0
20100914,74.8,75,74.5,75,23957,0
20100915,74,75.1,74,75.1,6221,0
20100916,75.2,75.2,74.1,74.5,1895,0
20100917,74.25,74.5,73.5,73.5,1928,0
20100920,73,73.75,72,73,4154,0
20100921,72.25,73.7,72.25,73.7,4041,0
20100922,74,74,72.5,73,3726,0
20100923,73,73,72.5,73,6839,0
20100924,72.3,76,72,76,10246,0
20100927,76,76,75,76,13797,0
20100928,74.05,76,74.05,76,7023,0
20100929,74.8,76,74.8,76,6652,0
20100930,76.25,77.2,75.6,76,8461,0
20101001,75,76,75,76,4870,0
20101004,76.5,77,75.5,77,1362,0
20101005,76.2,76.35,75,76,6972,0
20101006,76.95,78,76.95,77.8,10736,0
20101007,77.75,77.75,76.3,76.5,6016,0
20101008,76.95,78.45,76.95,78.4,9142,0
20101011,76.15,77.9,76.15,77.4,4191,0
20101012,77.1,77.4,76.35,77.4,7423,0
20101013,77,77.3,76.05,77.1,1168,0
20101014,77.1,78.8,76.8,78.7,6776,0
20101015,77.5,78.7,77.4,78.7,1072,0
20101018,77.4,78.5,76,76,6995,0
20101019,75.4,77,75.3,76.8,2352,0
20101020,76.4,76.95,75.35,76.5,981,0
20101021,76,76.5,76,76.5,2966,0
20101022,76.5,76.5,76,76,10147,0
20101025,76,76.5,75.05,75.05,5494,0
20101026,75.1,76.95,75,76.95,246,0
20101027,75,75.5,74.2,75.5,2342,0
20101028,74.7,75.5,74.65,75.5,1747,0
20101029,75.5,78,75,78,1837,0
20101102,78,78,73.65,73.65,3606,0
20101103,75.1,75.8,75.05,75.8,8603,0
20101104,75.95,76,75,75.5,22455,0
20101105,74.65,76,74.6,75.9,2960,0
20101108,75.9,75.9,74.15,75.5,2840,0
20101109,75.5,76.5,75.5,76.5,2026,0
20101110,76.8,76.95,75.5,76.5,2032,0
20101112,75,76.55,75,76.55,42824,0
20101115,77,77,76.55,76.7,37913,0
20101116,76.75,76.75,75,75.3,3347,0
20101117,75.3,76,74.95,75.4,4289,0
20101118,76,76.35,74.7,76.35,563,0
20101119,76.4,76.5,75.2,75.25,11145,0
20101122,75.05,78,75,78,1623,0
20101123,77.9,77.9,75,75.45,14555,0
20101124,75.5,76.6,75.45,75.45,1367,0
20101125,75.45,76.35,75.4,75.7,3610,0
20101126,75.5,75.55,74.35,75.5,3526,0
20101129,75.2,76,74.25,75,3793,0
20101130,75,75,73.4,74.6,8829,0
20101201,74.6,76.5,74.2,76.5,4553,0
20101202,76.85,79.1,76,78.75,33938,0
20101203,81,81.9,80.8,81.85,9357,0
20101206,82,84.7,82,84.7,4915,0
20101207,84,85.45,84,85.3,9025,0
20101208,84.8,85,82.05,85,26653,0
20101209,83.6,84,83.2,83.2,5083,0
20101210,83.15,83.2,82.05,83,7034,0
20101213,83,84.5,82.05,84.5,166861,0
20101214,84.25,84.3,82.65,83.8,8187,0
20101215,82.8,83,82.1,83,27547,0
20101216,82.1,83,82.1,83,1824,0
20101217,82.6,83.95,75,83.95,22772,0
20101220,80.6,83.75,80.6,83,29025,0
20101221,82.1,84.4,82.1,84,3923,0
20101222,84,85.85,84,85,8390,0
20101223,85,86,83.75,85,24838,0
20101227,85,85.15,84.5,85.15,28097,0
20101228,85,85.15,85,85.1,7122,0
20101229,85.25,87.1,85.25,87.1,10674,0
20101230,87.3,87.5,86.65,87,271086,0
20101231,87,87.5,85,85,15086,0
20110103,85.65,86.3,85.65,86.3,1911,0
20110104,85.5,87,85.5,86,1818,0
20110105,87,88.9,86.2,86.2,6899,0
20110107,86.1,86.1,84.7,84.7,605,0
20110110,84.8,86,84,86,65628,0
20110111,83.3,86.95,83.3,86.9,8715,0
20110112,85,87.45,85,87,28927,0
20110113,88,88,87,88,3816,0
20110114,88,88.7,86.35,88,3565,0
20110117,86,88.5,85.7,86.9,7923,0
20110118,87,88,86,88,4932,0
20110119,86.05,88,86.05,88,7861,0
20110120,88,88,87,87,107590,0
20110121,86.5,86.5,84.25,85.85,7785,0
20110124,84.8,84.8,83.9,84.1,2070,0
20110125,85,86,84.75,85.8,98832,0
20110126,85.1,86,84.9,84.9,11921,0
20110127,84.95,84.95,83.9,84.05,6424,0
20110128,83.9,84.65,80.05,80.05,80070,0
20110131,81.55,83.15,81.1,82.9,7426,0
20110201,82.95,87.85,81.25,87.85,67915,0
20110202,85.15,85.2,84.9,85.2,2077,0
20110203,86.25,87.35,85.35,87.35,65591,0
20110204,87.85,88,85.65,86.9,2006,0
20110207,85.55,86.9,85.55,86.9,6192,0
20110208,87.45,87.45,85.6,86.9,13191,0
20110209,87,87,85,85,3025,0
20110210,84,86.25,84,86,10801,0
20110211,85.1,85.75,82.1,82.8,233206,0
20110214,82.3,82.9,78,81,25194,0
20110215,81.95,81.95,79.5,80.55,77879,0
20110216,80.55,81.2,80.1,80.7,5891,0
20110217,81,81,79.1,81,22179,0
20110218,80.05,80.05,76,76,76592,0
20110221,76,76.8,75.8,76,6318,0
20110222,76,76,74,74,13651,0
20110223,73.85,78,73.8,75.25,2565,0
20110224,75.85,76,74,76,35103,0
20110225,76.25,77.85,74.55,74.7,1995,0
20110228,75,75,74.1,74.4,14107,0
20110301,75.5,75.95,74.15,74.15,3851,0
20110302,74.1,74.45,74,74.3,6106,0
20110303,74.45,76.4,73.3,75,14207,0
20110304,77.15,78.75,75.4,76.05,9273,0
20110307,78,78.35,75,75,2770,0
20110308,75,75.95,75,75.1,6643,0
20110309,74.9,79,74.9,79,8673,0
20110310,76.6,77,75.2,75.2,4300,0
20110311,75.2,75.5,74.7,75.5,6787,0
20110314,75.5,76.45,74,74,844,0
20110315,75.25,75.25,71.5,72.5,9609,0
20110316,74.65,74.65,73.35,73.4,13926,0
20110317,74.7,75.55,74,74.5,3156,0
20110318,75.6,76.5,75,76,11810,0
20110321,76,78,76,78,4706,0
20110322,78,78,76.7,77.7,3304,0
20110323,77.7,77.7,77,77.45,1725,0
20110324,77.45,77.45,76,76.35,26467,0
20110325,76.95,76.95,75.05,76.5,6509,0
20110328,76.9,77.3,76,76.8,2056,0
20110329,77,77,76.1,76.9,2932,0
20110330,77.95,78,76.15,76.15,20290,0
20110331,76.2,77.25,76.1,76.2,4206,0
20110401,76.5,76.5,74.7,76,12675,0
20110404,76,78.1,76,78,7167,0
20110405,78.4,79.55,77.5,79,3135,0
20110406,79.55,79.55,77.55,79.35,54079,0
20110407,78.15,85,78,82.5,13440,0
20110408,82.4,82.4,80.15,81.8,6333,0
20110411,80,81.35,79.15,81.25,3962,0
20110412,79.9,80,78.95,78.95,4083,0
20110413,80.5,80.5,78.4,78.85,5377,0
20110414,79,80.7,78.95,79.2,4437,0
20110415,78.45,80.35,77.65,80.35,12087,0
20110418,80.8,80.8,78.9,79,3057,0
20110419,79,79,77.8,78,1814,0
20110420,78.95,80.1,78,78.85,2830,0
20110421,77.65,83,76.6,83,6023,0
20110426,81.2,82.45,80.05,81,48036,0
20110427,80.15,82.7,79.6,80.1,107798,0
20110428,81.75,81.75,79.6,81.1,2987,0
20110429,81.5,81.75,79.4,81.4,9643,0
20110502,81.9,82.5,80.45,82.5,378,0
20110504,82.2,82.5,79.65,80,4377,0
20110505,80.6,80.6,79.2,80.05,7838,0
20110506,79.2,83,79.2,81.95,10558,0
20110509,81.95,82.8,81.4,81.4,493,0
20110510,80.3,81.4,80,80.9,2192,0
20110511,80.7,80.7,79.05,79.2,5378,0
20110512,79.15,79.15,78,78.5,1345,0
20110513,80,80,76.15,77.25,2489,0
20110516,77.9,77.9,76.5,77,4407,0
20110517,77.95,78,76.5,76.5,621,0
20110518,77.95,78.55,77,78,27459,0
20110519,78.3,78.5,77.1,78,3809,0
20110520,77.4,77.4,76.8,76.8,1290,0
20110523,77.95,77.95,76,76.2,858,0
20110524,76.3,77,76.2,77,30754,0
20110525,77,79.7,77,79.65,5271,0
20110526,79.5,80.65,79.5,80.35,1404,0
20110527,78.8,80,78.8,79.8,4822,0
20110530,78.6,78.6,77.85,78.5,23712,0
20110531,78,78,77.8,77.8,11967,0
20110601,77.1,77.3,76.25,77.15,1173,0
20110602,78.4,78.4,76,76.9,1864,0
20110603,76.9,77.75,76,76.1,17250,0
20110606,76.1,76.4,75.5,76.4,2429,0
20110607,77.8,77.8,76.5,76.6,204084,0
20110608,77.4,77.5,75.85,75.85,30298,0
20110609,75.8,76,75.55,76,1521,0
20110610,76,76.05,75.75,76.05,1166,0
20110613,77.3,78,76.45,77.45,9073,0
20110614,77.4,78.4,76.85,78.4,4843,0
20110615,78.5,80.15,77,80.15,4108,0
20110616,80.2,80.2,78.5,79.9,31312,0
20110617,80.15,80.45,78,78,65082,0
20110620,78,79.5,77.05,78,25681,0
20110621,78,79.25,78,79.25,5256,0
20110622,78.25,79.55,78.2,78.8,1456,0
20110624,79.15,81,79.15,81,3486,0
20110627,80.8,80.8,77,80.3,12010,0
20110628,79.3,81.3,78.1,81,3663,0
20110629,80,80,78.15,79,12332,0
20110630,79.85,80.9,78,78,3060,0
20110701,79,81,78,81,7371,0
20110704,80.55,80.55,78.3,78.5,561,0
20110705,78.5,78.5,78.3,78.5,3899,0
20110706,78,79.75,78,79.75,578,0
20110707,78.5,80.5,78.5,80.35,3730,0
20110708,80.4,80.4,78.5,79,2061,0
20110711,79.95,80,78,80,8187,0
20110712,77.6,78.5,77.6,78.25,1321,0
20110713,78.25,79,78,79,6741,0
20110714,78.05,78.65,78.05,78.65,568,0
20110715,78.6,79,77,79,1623,0
20110718,76.5,78.9,76.5,78.9,1657,0
20110719,76.35,78.05,76.35,78.05,4243,0
20110720,77.5,77.5,77.2,77.2,2347,0
20110721,77.2,77.8,77.2,77.8,2847,0
20110722,77.55,78,77.55,78,29754,0
20110725,78,78,78,78,20060,0
20110726,77.55,78,77,77,6024,0
20110727,76.1,77,76.1,77,3926,0
20110728,76,77.95,76,77.5,6277,0
20110729,77.15,77.95,76.4,76.4,1669,0
20110801,76,76.55,76,76.5,9712,0
20110802,76.4,76.4,75.85,75.85,1419,0
20110803,73.5,74,73.05,73.75,4233,0
20110804,72.55,74.4,71,73,16154,0
20110805,71,75,67,75,18458,0
20110808,70.2,71.7,65.6,65.6,1577,0
20110809,63.65,65,59,65,8861,0
20110810,64.25,65.2,59,59,5970,0
20110811,60.5,60.5,56.95,58.95,16105,0
20110812,58.95,63.9,58.95,62,7803,0
20110816,63.55,69,61.1,69,3161,0
20110817,67.8,73.9,67,73,6071,0
20110818,70.5,70.5,61.8,68.6,10260,0
20110819,65,67.9,62,67.9,6670,0
20110822,66.3,66.65,65.1,65.55,1496,0
20110823,65.5,66.95,63,63,3835,0
20110824,63.95,63.95,59.25,59.85,5215,0
20110825,60.5,61.3,57.5,61.2,2614,0
20110826,61.3,62.75,58.75,62.4,4366,0
20110829,60.8,62.4,60.8,62.4,1877,0
20110830,62.4,65.4,62.4,65.3,5856,0
20110831,63.55,74,63.55,74,9094,0
20110901,72,75,70,75,4707,0
20110902,73.5,73.5,72.7,72.9,858,0
20110905,71,71.4,70,70.5,473,0
20110906,70,71.3,70,71.3,492,0
20110907,72.5,72.85,71.55,71.6,384,0
20110908,72,72.95,71,71,115,0
20110909,70.55,72.9,68.25,70.5,6039,0
20110912,68.25,68.8,65.25,67.1,1054,0
20110913,67.05,69.5,67,69.5,13863,0
20110914,69.5,73,68.05,69.7,2619,0
20110915,70.85,71.4,69.95,71,454,0
20110916,71,73,67.55,71.5,4115,0
20110919,70.1,72,70.1,72,249,0
20110920,70.8,71,70,70,907,0
20110921,69.65,70.1,68.3,68.6,2121,0
20110922,68.6,68.6,64.05,67.5,3529,0
20110923,67.5,67.5,65.6,66.3,1649,0
20110926,67.65,67.65,65,65,2696,0
20110927,65.1,67,63.9,65.85,9967,0
20110928,66.85,66.85,65.6,65.6,1929,0
20110929,66.05,66.65,65,65.65,1150,0
20110930,65.05,67.5,65.05,67.5,2427,0
20111003,67.45,67.45,65.5,67,5846,0
20111004,65.85,65.85,65,65,517,0
20111005,65.2,66,65.2,65.2,18309,0
20111006,66.5,67.35,65.2,65.5,3205,0
20111007,64.9,65.5,64.8,65.45,2209,0
20111010,65,68.2,65,66,8900,0
20111011,65.9,65.9,64,64,1152,0
20111012,64.05,64.9,63.9,64.9,1264,0
20111013,64.85,66,64.75,66,1430,0
20111014,66,66,65.9,65.9,103,0
20111017,64.25,67.45,64.25,66.2,32630,0
20111018,66.2,67.45,66.05,66.5,1049,0
20111019,66.5,69.9,66.5,67.8,16124,0
20111020,68,68,66,66,919,0
20111021,66,66,66,66,60,0
20111024,66.05,67.8,66,66.8,1188,0
20111025,67.85,67.85,66.85,67.8,232,0
20111026,65.75,66,65.75,65.85,140,0
20111027,66.1,67.5,66.1,67.5,1974,0
20111028,67.85,68.15,66.35,68.15,1089,0
20111031,67.95,68.25,67,67,2562,0
20111102,64.5,66.95,64.5,66.95,567,0
20111103,66,67,66,67,6182,0
20111104,67,68.45,67,68.45,516,0
20111107,68.55,68.55,67.9,68,1427,0
20111108,68,68,65,65,1564,0
20111109,66,66.4,65,66.4,9873,0
20111110,66.8,66.8,64.3,66.15,1135,0
20111114,65.95,66.15,64.5,66,676,0
20111115,66.15,66.95,65,66.8,28754,0
20111116,65.05,66.4,65,66.4,211,0
20111117,66.5,66.5,64,64.2,1354,0
20111118,64.2,65.95,64.05,64.2,4367,0
20111121,64.2,66.45,64,64.2,2105,0
20111122,63.45,64,63.4,64,104,0
20111123,65.65,66,62.3,62.3,1080,0
20111124,62.3,63.95,62.3,63,532,0
20111125,63.5,63.5,62.05,63.35,78,0
20111128,63,63.95,62.15,63.95,3281,0
20111129,62.2,63.5,62.2,63.25,401,0
20111130,62.2,67.9,62.2,67.9,3009,0
20111201,67.9,67.9,65.15,66.4,326,0
20111205,65,68,65,68,2904,0
20111206,65.25,65.85,63,64.5,1888,0
20111207,65.4,65.4,64,65.2,46,0
20111208,65,65,62.4,62.4,1549,0
20111209,60.5,61.85,60.5,61,2572,0
20111212,60,62,60,61.3,861,0
20111213,61.8,62.1,60.2,61.35,2001,0
20111214,60.4,60.9,60.2,60.9,2185,0
20111215,60.5,60.75,59.8,60.75,2874,0
20111216,58,61.9,58,60.2,1281,0
20111219,59.9,61.6,58.3,59.45,1597,0
20111220,60.55,61.5,59.25,60.45,146781,0
20111221,60,62.8,60,62.4,54290,0
20111222,62.4,62.5,62,62.1,1639,0
20111223,61.7,61.7,61.7,61.7,559,0
20111227,62.75,63,62.4,63,38440,0
20111228,63.45,63.75,62.6,63.25,21724,0
20111229,62.5,63.9,62.5,63.9,60646,0
20111230,65.2,65.2,64,64,27180,0
20120102,64,64,61.45,63.95,697,0
20120103,64,64,63.05,63.95,416,0
20120104,64,64,62.75,62.75,1003,0
20120105,63.45,63.45,61.25,61.25,240,0
20120109,61.1,62.45,61,61.3,19277,0
20120110,61.35,62,61,61.4,6914,0
20120111,61,61.85,61,61.85,1794,0
20120112,61.65,61.65,61.65,61.65,100,0
20120113,61.1,61.9,61.1,61.65,13964,0
20120116,62,62.95,62,62.95,35292,0
20120117,63,63.35,63,63.35,1071,0
20120118,63.6,63.6,63.2,63.2,615,0
20120119,63.2,63.7,62.1,63,254,0
20120120,61.2,63,61.2,62,54084,0
20120123,61.6,61.6,61,61.2,3652,0
20120124,61.5,62,61.5,61.5,2921,0
20120125,61.5,61.5,61.5,61.5,3206,0
20120126,61.85,63.9,61.85,62.25,11367,0
20120127,63,64.5,62.2,64,46007,0
20120130,64,64,62.1,63,114,0
20120131,63,63.85,63,63.5,40506,0
20120201,63.8,63.8,63.7,63.8,121,0
20120202,63.5,66,62.3,66,1488,0
20120203,66.05,66.95,66.05,66.9,51859,0
20120206,67.5,67.8,67.3,67.45,15212,0
20120207,67,67,64.9,65.1,53831,0
20120208,66.85,67.75,66.85,67,655,0
20120209,66.9,66.9,65.15,66.8,2238,0
20120210,65.45,67,65.45,67,1534,0
20120213,67.8,67.8,65.7,65.7,387,0
20120214,65.95,66.5,65.9,66.5,40656,0
20120215,66.5,67.8,66.5,67.8,5783,0
20120216,67.5,67.7,66,67.7,39835,0
20120217,66.5,67.9,66.5,67.25,2881,0
20120220,68.35,72,67.5,71,156778,0
20120221,71,72.9,70.95,71.5,50924,0
20120222,71.6,73.5,71.6,73,15743,0
20120223,72.9,74,71.7,72.7,29167,0
20120224,72.3,74.5,72.3,74,115646,0
20120227,73.5,74,72.5,72.5,7849,0
20120228,70.55,72.5,70.55,72.5,14211,0
20120229,71.2,71.2,67.05,70,177184,0
20120301,68.6,70.7,68.6,70.7,996,0
20120302,70.6,71.7,70,71.7,1188,0
20120305,70.05,70.8,70,70,3697,0
20120306,70,70.4,70,70,652,0
20120307,70.75,71,70.1,70.95,7571,0
20120308,71,71,70.1,70.2,1301,0
20120312,69.5,70.9,69.5,70.9,2095,0
20120313,70.5,70.9,70.05,70.9,4851,0
20120314,71.9,71.9,70.65,70.95,560,0
20120315,71.25,71.9,71.25,71.9,239,0
20120316,72.3,74.9,71.55,74.9,4287,0
20120319,74.9,74.9,73.15,74.55,9051,0
20120320,74.85,74.85,72,74.7,18283,0
20120321,74.9,74.9,73,73.85,3851,0
20120322,73.6,73.6,71.1,71.1,8180,0
20120323,68.25,71.75,68.25,71.75,10083,0
20120326,71.75,72.1,71.75,72.1,1802,0
20120327,71.75,71.75,69.8,71.6,6154,0
20120328,69.35,70.5,69.2,70,3659,0
20120329,69.7,71,69.7,70.75,21147,0
20120330,70.1,70.9,69.8,70.9,26879,0
20120402,70.8,71.4,70.8,71.4,66540,0
20120403,71.4,72,71.05,72,5270,0
20120404,71.6,72.15,71.45,72.15,381,0
20120405,72.1,72.15,71.65,72,9844,0
20120410,71.9,71.9,71,71.5,1897,0
20120411,71.5,71.5,71.25,71.5,16709,0
20120412,71.5,74.95,71.5,72,3301,0
20120413,72.05,72.05,71.5,71.5,1578,0
20120416,71.5,72.65,71.5,72.65,124,0
20120417,72.65,72.65,68.3,71.25,4227,0
20120418,71.2,72.5,70,70,415,0
20120419,70.2,70.2,69.4,70,1728,0
20120420,70.05,70.75,70,70.75,2322,0
20120423,70.75,70.75,66.55,68.65,1293,0
20120424,69,69,67,68.25,1524,0
20120425,67.5,70,67.5,69.1,2767,0
20120426,70.3,70.3,69.2,70,10734,0
20120427,68.3,70,68.3,70,3836,0
20120430,70,70.75,68.7,70,2584,0
20120502,71.45,71.45,69,70,2007,0
20120504,69.9,70,69.1,70,533,0
20120507,67.4,68.95,67.4,68.7,569,0
20120508,67.75,67.75,67.75,67.75,122,0
20120509,67.75,67.85,66.5,67.7,2236,0
20120510,67.25,68.3,66.55,66.55,1002,0
20120511,66.55,66.55,66.2,66.2,196,0
20120514,64.8,65.7,64,64.95,1154,0
20120515,64.95,65.5,63.1,63.5,36243,0
20120516,64.95,65.7,63,64,16263,0
20120517,64,64,63.2,63.2,3022,0
20120518,63.1,64,62.25,64,4233,0
20120521,64,65.7,63.6,64.05,5331,0
20120522,64.1,65.9,64.1,65.9,402,0
20120523,63.5,64.3,63.5,64,1410,0
20120524,64,64,63.5,63.5,4453,0
20120525,68,68,64,64,1100,0
20120528,63,65,63,65,2025,0
20120529,64,67.5,64,67.5,1923,0
20120530,68.2,68.2,68.2,68.2,6,0
20120531,65.2,68.2,65.2,66.2,1019,0
20120601,61.85,64.5,61.85,64,35792,0
20120604,61.5,64,61.5,64,992,0
20120605,61.3,63.7,61.3,62.5,1121,0
20120606,62.5,64,62.5,63.15,12405,0
20120608,66,70,66,69.5,151400,0
20120611,70,71.85,67.15,71,1968,0
20120612,70.9,72,70,72,62080,0
20120613,71,71.25,71,71.25,381,0
20120614,71.95,73,71.95,73,17258,0
20120615,72,73,71.3,71.3,944,0
20120618,71.5,72.1,71.5,72.1,116,0
20120619,71,74.1,71,74.1,850,0
20120620,74.45,77.9,74.45,75.1,109986,0
20120621,76.6,79,75.5,79,57149,0
20120622,79,79,75.5,75.5,42910,0
20120625,75,75.65,74,75.65,2660,0
20120626,74.2,75.95,74.2,75.95,427,0
20120627,79,79.4,76,76.05,6281,0
20120628,75.3,77.95,75.3,77.9,407,0
20120629,77,78.9,76.15,77,1594,0
20120702,77,77,75.65,75.65,8,0
20120703,75.1,75.1,74.95,74.95,234,0
20120704,75,76.6,75,76.3,1221,0
20120705,76.9,77,76.9,76.9,674,0
20120706,76.55,77.85,76.5,77.85,722,0
20120709,78.5,78.5,77.85,78.4,23169,0
20120710,78.9,78.9,77,77,4764,0
20120711,78.35,78.35,75.2,77.95,25688,0
20120712,77.15,77.9,76.7,77.55,16058,0
20120713,77.15,78,77,78,115761,0
20120716,77.95,78,76.6,78,4036,0
20120717,77.35,77.35,76.9,76.9,585,0
20120718,76.45,76.45,75.6,76,456,0
20120719,73,75.3,72.1,75.3,1653,0
20120720,74.95,75.95,74.95,75.95,2148,0
20120723,75,76,72.65,74.9,33421,0
20120724,73.15,74.7,73.15,74.7,384,0
20120725,73,74.45,72.9,73.5,5738,0
20120726,73.5,74.5,72.45,73.5,39357,0
20120727,74.8,75.2,74.5,75,3026,0
20120730,74.65,75,74.4,75,3505,0
20120731,74.5,76,74.5,75,2423,0
20120801,75,75.95,74.65,75.95,979,0
20120802,75.25,75.25,75,75,117,0
20120803,74.8,76.5,74.8,76.5,628,0
20120806,75.55,78.45,75.55,76,371,0
20120807,77,77,76.2,76.5,208923,0
20120808,76.05,76.15,75,75.1,254051,0
20120809,75.4,75.4,73.05,74,406239,0
20120810,73.5,74,73.5,74,7036,0
20120813,75.4,75.4,73.8,74,12738,0
20120814,75.15,75.15,74.6,75,40840,0
20120816,75,75,74,74,253,0
20120817,74.05,74.5,72,74.5,1036,0
20120820,74.1,74.85,73,74.85,9730,0
20120821,74.9,75.1,74.4,75,12360,0
20120822,75.5,75.5,74.2,75,12494,0
20120823,75,75,74.7,75,12227,0
20120824,74.65,74.7,74.65,74.65,9731,0
20120827,74.65,74.65,73.5,73.5,7275,0
20120828,73,73,71.5,72.75,1024,0
20120829,71.5,74,71.5,74,12060,0
20120830,74,75,74,74.9,13433,0
20120831,73.75,73.75,73.5,73.6,17162,0
20120903,73.7,73.7,72.95,73,20255,0
20120904,70.6,71.05,69.8,70,54755,0
20120905,71.7,71.7,69.6,71,12341,0
20120906,70.5,71.3,70,70,19678,0
20120907,70,70.6,69.05,70.6,178485,0
20120910,70,70.3,70,70,66290,0
20120911,70.95,71,70.75,71,11008,0
20120912,72.5,72.5,71.35,72,29806,0
20120913,71.5,72.9,71.5,72,26404,0
20120914,72,72.5,71,72.5,322888,0
20120917,73.8,73.8,71.55,72.6,10498,0
20120918,72.5,72.5,71.5,72.5,20584,0
20120919,72.5,72.75,72.5,72.5,60784,0
20120920,72,72.75,70,70,18604,0
20120921,71,71.85,70,71,25758,0
20120924,70.8,71.5,70,70.3,44507,0
20120925,70.05,71.4,70.05,70.95,2129,0
20120926,72,72.25,71,72.2,33362,0
20120927,72.3,72.4,72,72,1241,0
20120928,73.8,73.8,71.65,72.5,8884,0
20121001,71.45,72.5,71.45,72.5,37,0
20121002,72.45,73,72.45,73,360,0
20121003,72.3,75,72.3,75,10863,0
20121004,75,75.25,74.3,75.25,3547,0
20121005,74.05,74.5,73.8,73.8,61099,0
20121008,73.8,74,73.05,73.95,910,0
20121009,74.05,74.05,73.95,73.95,2354,0
20121010,73,74,73,74,3822,0
20121011,74,74.85,73.25,74.85,4387,0
20121012,74.4,74.4,73.5,74.3,1099,0
20121015,72.5,74.3,72.5,73.7,1927,0
20121016,74,75.05,74,75.05,2041,0
20121017,77,77.15,74.25,77,1969,0
20121018,78.5,80,77.9,80,5400,0
20121019,80,80,77.6,78.3,2249,0
20121022,78,80,78,78.3,3954,0
20121023,80,80,75.05,78.35,101478,0
20121024,78.35,78.35,78.05,78.35,129014,0
20121025,79.9,80,76.5,76.5,2411,0
20121026,80,80,78.2,79.8,24660,0
20121029,79.5,79.8,79.5,79.7,500,0
20121030,78.4,79,77.6,77.6,888,0
20121031,78,78.8,76.55,78.5,13122,0
20121102,77.9,78.7,77.1,78.5,10299,0
20121105,78.5,78.5,77.15,77.5,6831,0
20121106,78,78.5,78,78.5,134270,0
20121107,78.95,78.95,78.95,78.95,3,0
20121109,78,78.5,77.3,78,100,0
20121112,78.1,78.1,77.8,77.8,7633,0
20121113,78.85,79.4,78,78,42688,0
20121114,76.4,79.8,76.4,79.7,714,0
20121115,78.6,78.6,78.6,78.6,11,0
20121116,79.7,80.15,79.7,80.05,7645,0
20121119,81,84.45,81,84.45,2836,0
20121120,84,88.5,84,87.5,37484,0
20121121,86,87.9,86,87.9,11179,0
20121122,87.5,88.8,87.3,88.8,151851,0
20121123,85.8,88.8,85.6,88.5,40718,0
20121126,89,90.2,88.4,89,23794,0
20121127,89.85,89.85,88.2,89.2,2632,0
20121128,89,89.2,88.15,89,51704,0
20121129,89,89,88,88.35,2947,0
20121130,89.1,89.1,87.25,89.1,11312,0
20121203,90,90.3,88,88.5,4649,0
20121204,89,89,88.5,88.6,5328,0
20121205,89.4,89.5,88.9,89,2575,0
20121206,89.5,89.6,88,89.5,2089,0
20121207,89.5,89.8,88.7,89.6,16176,0
20121210,90,91.5,89,91,11279,0
20121211,91,92,90.65,91,14372,0
20121212,90.7,91.65,90.7,91,5860,0
20121213,91.5,91.8,91.05,91.7,783,0
20121214,91.8,91.9,91.25,91.9,7128,0
20121217,91,91.5,90.95,91,3226,0
20121218,91,93.9,91,93.6,37874,0
20121219,93.6,99,93.6,96.2,51083,0
20121220,97.85,98,96.7,97.6,4270,0
20121221,96.9,98,95.55,96.9,35723,0
20121227,97.85,97.9,96.15,97.5,14735,0
20121228,98,98.6,96.2,96.2,18735,0
20130102,97.75,99.9,95.8,97,3009,0
20130103,97.55,97.55,96.3,96.9,5453,0
20130104,96.9,97,96.5,96.9,3185,0
20130107,96.4,97,93.6,94.5,3705,0
20130108,94.8,95,93.5,93.5,3027,0
20130109,93.5,93.5,86.55,90.45,27480,0
20130110,88.65,90.9,88.65,90.4,23698,0
20130111,90.95,91.85,89.9,90.5,23248,0
20130114,91.4,91.5,89.9,90,21820,0
20130115,88.8,91,88.8,90.45,1634,0
20130116,90,91,90,90.3,2391,0
20130117,90.1,91.75,90.1,90.5,66590,0
20130118,90.95,91.35,88.9,88.9,95192,0
20130121,88.9,89.1,88.9,89,494,0
20130122,89,89,87.3,87.5,7963,0
20130123,86,88.85,86,88,295,0
20130124,89.2,92.95,89.2,92.95,70691,0
20130125,93,93,92.8,92.95,1402,0
20130128,92.95,92.95,92,92,2175,0
20130129,91.1,92,90.85,91,755,0
20130130,92.85,92.85,88.1,88.35,14043,0
20130131,89,91,87.15,87.15,34734,0
20130201,88,89.9,88,89.8,5404,0
20130204,90.9,90.9,89.35,90,7691,0
20130205,89.7,89.7,89.7,89.7,17,0
20130206,89.7,89.7,86.5,87.95,22578,0
20130207,88,89.8,88,89.8,869,0
20130208,89.8,89.8,89.4,89.4,1612,0
20130211,88.2,89.5,88.2,89,515,0
20130212,89.5,89.7,88.2,88.55,2961,0
20130213,89.65,89.65,89.05,89.05,2298,0
20130214,89.7,89.7,89.55,89.55,378,0
20130215,87.95,89.5,87.95,88.5,39,0
20130218,88.45,90.9,87.5,90.9,1118,0
20130219,90.1,90.3,88.5,88.5,213,0
20130220,91.9,91.9,89,89,18871,0
20130221,89,89.2,89,89.2,806,0
20130222,89.2,89.2,89.2,89.2,3,0
20130225,89.9,89.9,82.1,88,49365,0
20130226,87.9,88.8,86.15,88.75,3076,0
20130227,89,89,87.75,88.3,3833,0
20130228,88.45,89.6,86.6,88.15,11011,0
20130301,88.15,89.05,87.1,87.4,2923,0
20130304,86.9,89.3,86.9,89,2519,0
20130305,88.6,88.6,87.5,87.85,433,0
20130306,87.65,89.3,87.6,87.6,11718,0
20130307,88.7,88.7,87.6,88,352,0
20130308,88.3,89.55,88.3,89.55,22890,0
20130311,92,92,89,90,1888,0
20130312,90,91,89.9,89.9,982,0
20130313,89.9,89.9,88.6,88.6,456,0
20130314,88.8,89.8,88.5,89.8,1865,0
20130315,89.9,89.9,89.05,89.05,270,0
20130318,89.5,90,88.55,90,1030,0
20130319,93.1,96,88.5,89.6,31090,0
20130320,90,91,88.65,90,6612,0
20130321,90.45,90.7,87.5,88.65,7984,0
20130322,87.6,89,86.5,88.5,6531,0
20130325,88.1,88.85,86.8,88.5,7621,0
20130326,88.5,89,87,87,9987,0
20130327,89.4,89.4,86.35,86.35,3739,0
20130328,88.8,88.8,86.1,86.1,4055,0
20130402,88,88,85.15,85.95,2685,0
20130403,87.8,87.8,84.85,85.05,1037,0
20130404,86.85,86.85,84,86.5,41298,0
20130405,86.8,86.8,84,84.75,1925,0
20130408,84.75,86.5,84.65,86,1114,0
20130409,86,86,84.65,85.9,1339,0
20130410,85.05,85.8,84.6,85.8,310,0
20130411,85.8,88.8,85.5,86.45,391,0
20130412,85.8,87.95,85.7,87.95,961,0
20130415,88,88,88,88,45,0
20130417,87.8,88,84.9,88,3608,0
20130418,87.1,88,85.55,85.55,13432,0
20130419,85.05,87.98,85.05,87.98,731,0
20130422,88.9,88.9,86.91,86.91,116,0
20130423,87.98,88,85.07,86.99,831,0
20130424,87.9,87.9,85.63,86.99,479,0
20130425,87.98,88.1,86.2,86.46,910,0
20130426,85.6,87.8,85.6,87.4,1092,0
20130429,87.74,87.74,86,87.5,400,0
20130430,85,85,77,81,15841,0
20130502,77.1,81,77.1,79.9,1529,0
20130506,81.45,81.45,79,79.49,1294,0
20130507,79.9,79.9,78.5,79,16169,0
20130508,81.35,81.49,78.21,78.5,59996,0
20130509,80,80,78.05,79.98,62790,0
20130510,80.49,81,79,79.5,13236,0
20130513,80,80.95,79,79,17550,0
20130514,79.9,80.94,79.9,80,2516,0
20130515,80.8,81.5,80.15,81.5,510,0
20130516,81.9,81.9,80,81.58,3604,0
20130517,81.5,81.5,80,80.9,683,0
20130520,80.09,80.9,78.51,80,2067,0
20130521,80.9,80.9,78.5,78.5,16432,0
20130522,79.2,79.86,79,79.01,10309,0
20130523,78,79.9,78,79.9,13699,0
20130524,79.9,79.9,79.13,79.9,1293,0
20130527,78.33,80.69,78.33,80.69,3117,0
20130528,80.69,80.7,80.03,80.5,726,0
20130529,80.01,80.9,80.01,80.9,1173,0
20130531,80.06,80.89,80.01,80.89,1250,0
20130603,80.89,80.9,79.64,80.9,1025,0
20130604,80.9,81.75,80.02,81.75,673,0
20130605,81.99,81.99,80.05,81.87,42514,0
20130606,82,82,80.83,80.91,68717,0
20130607,80.91,83,80,83,4346,0
20130610,82.98,83.85,82.51,83.85,758,0
20130611,83.85,84.94,83.7,83.87,17246,0
20130612,83.7,84.55,83.53,84.55,4618,0
20130613,84,84.8,84,84.8,107,0
20130614,83.1,84.7,81.11,84.68,6403,0
20130617,83.83,84.29,83.83,84.05,4009,0
20130618,84,84.89,83.62,83.66,4501,0
20130619,83.8,84.49,83.8,84.49,1111,0
20130620,83.66,84.39,83.66,84,8349,0
20130621,83.2,83.95,80.05,80.2,34694,0
20130624,80.2,81.5,80.2,81.5,12093,0
20130625,80.9,81.5,80.9,81,20948,0
20130626,80.19,82,80.02,81,238,0
20130627,81,81,77.55,78,21756,0
20130628,80,80.05,80,80,15870,0
20130701,80,80.99,80,80.5,5548,0
20130702,80.99,83,80.65,83,232,0
20130703,82.3,86.61,82.3,86.61,838,0
20130704,86,86,82.5,83.1,24535,0
20130705,84,85.8,83.11,85.5,8607,0
20130708,84,85.9,83.6,85.7,10428,0
20130709,85,86,84.6,86,1832,0
20130710,87,89.45,87,89,3283,0
20130711,88.51,90,88.51,88.55,5457,0
20130712,89,89,89,89,1018,0
20130715,89.45,89.58,89.2,89.58,372,0
20130716,89.12,89.48,89.1,89.48,179,0
20130717,89,89.88,89,89,2729,0
20130718,89.1,89.4,87.32,89.4,4345,0
20130719,88.4,89,88,89,14442,0
20130722,88.06,89,88.06,89,394,0
20130723,88.01,89,88,88.99,5873,0
20130724,88.02,88.89,88,88.89,488,0
20130725,88.01,88.01,88.01,88.01,30,0
20130726,88,88.88,88,88.8,19393,0
20130729,88.8,88.99,87.8,88.9,18690,0
20130730,88,88.8,88,88.8,32721,0
20130731,88,88.8,88,88,3554,0
20130801,88.81,88.89,88.2,88.8,1735,0
20130802,88.11,89,88.11,88.2,11096,0
20130805,89.1,89.1,88,88.6,6560,0
20130806,88.6,88.9,88,88,355,0
20130807,89,89,88,89,31,0
20130808,88.4,89.5,88,89,1108,0
20130809,89.69,92.5,89.69,92.5,1029,0
20130812,92.5,92.5,90.13,92.4,2479,0
20130813,92.2,93.9,92.2,93.75,455,0
20130814,94,98.99,94,95.45,1834,0
20130816,95,95,95,95,195,0
20130819,94.8,94.8,91.71,92.08,1202,0
20130820,91.52,95.39,91.52,91.52,180,0
20130821,91.52,92,90.58,91.44,438,0
20130822,92.99,93.99,92,92,291,0
20130823,93,94,92,92.64,2745,0
20130826,92.12,92.5,92,92,2998,0
20130827,91.4,92,91.4,91.4,951,0
20130828,91,92.3,91,92.3,544,0
20130829,91.06,92.3,91.03,91.3,38790,0
20130830,91.1,92.3,91.1,92,7339,0
20130902,92.3,93.7,92.3,93.7,132,0
20130903,92.5,93.1,92.03,93.1,245,0
20130904,92.4,92.4,92.03,92.4,224,0
20130905,92.9,92.9,86,87.05,3985,0
20130906,87,88.2,87,87.3,1503,0
20130909,88.42,94,88.42,90.01,24206,0
20130910,91.99,94,91.99,94,246,0
20130911,90.04,94.49,90.04,94.49,519,0
20130912,92.57,94.49,92.57,94.34,14132,0
20130913,92.6,94.8,92.6,94.8,11,0
20130916,95.35,95.35,93.21,94.11,2318,0
20130917,94,94,94,94,5463,0
20130918,93.25,93.39,93.25,93.25,141,0
20130919,93.99,94.5,93.99,94.5,7465,0
20130920,94.7,94.84,94.7,94.84,574,0
20130923,93.79,94.69,93.56,94.01,331,0
20130924,94.68,94.7,90,92.5,13493,0
20130925,93.5,94,93.5,94,581,0
20130926,95.4,98.99,95.4,98.99,1449,0
20130927,98.9,99.3,98.5,99.3,1568,0
20130930,99.2,99.2,97,97,4564,0
20131001,97.1,98.94,96.02,98.8,547,0
20131002,98.8,98.8,97.99,98,796,0
20131003,98,98,96.95,97.02,506,0
20131004,97.99,97.99,96.02,97.8,1437,0
20131007,98,98,96.59,96.82,193,0
20131008,96.25,97.79,96.25,97.79,29,0
20131009,97.78,97.9,97.78,97.9,150,0
20131010,97,99.39,97,99.39,3544,0
20131011,99.38,99.38,97.61,97.88,537,0
20131014,97.6,98.99,97.2,98.99,3280,0
20131015,98.03,98.94,98.03,98.8,2528,0
20131016,98.11,99.89,98.1,99.89,1180,0
20131017,99.6,100.5,98.65,100.5,758,0
20131018,100.5,101,99.02,101,202,0
20131021,101,104.8,101,104.5,16342,0
20131022,103.5,105,101.05,104.9,781,0
20131023,105,105,102.5,102.8,656,0
20131024,103.95,103.95,102.5,102.5,1887,0
20131025,104,106.5,102.55,105.5,3337,0
20131028,107.6,109.9,107,109.9,965,0
20131029,109.7,109.7,109.1,109.6,10553,0
20131030,109.1,110.05,107.1,108,649,0
20131031,109.5,110,109.5,109.5,912,0
20131104,109.5,109.9,109.5,109.5,355,0
20131105,110.1,111.9,110.1,110.8,522,0
20131106,111.9,112,109.5,109.5,6734,0
20131107,109.5,109.5,109.5,109.5,30,0
20131108,109.5,111,104.6,106,1416,0
20131112,107,108.6,100.2,100.2,541,0
20131113,101.5,105.9,101.5,104.8,329,0
20131114,108.55,108.55,103.3,103.4,1126,0
20131115,103.4,105.4,98.2,99.5,8665,0
20131118,99.5,101.85,99.5,99.56,2988,0
20131119,100,101.5,98.01,98.25,2983,0
20131120,98.57,101,98.57,99.2,3307,0
20131121,98.65,100,98.2,100,304,0
20131122,101,104.9,101,104.9,692,0
20131125,102.8,104.95,102.8,104.9,587,0
20131126,103.4,104.25,100,100,3267,0
20131127,99.51,100,93,96.15,25593,0
20131128,96.25,98.41,96.25,97.98,567,0
20131129,101.75,101.75,96.28,97.6,2870,0
20131202,99.9,99.9,95,98.88,4253,0
20131203,98.89,98.89,97.51,98,2830,0
20131204,97.99,98.56,95,95,7228,0
20131205,94.03,96.78,93.5,96,1334,0
20131206,93.52,97.5,93.52,96,1463,0
20131209,96,96.01,95.06,95.5,2314,0
20131210,96,96.01,95,95,2182,0
20131211,95,96,95,95,4985,0
20131212,95.2,95.2,93.55,94.99,8656,0
20131213,93,94.96,91.48,94.9,3972,0
20131216,92.06,94.97,87.11,91.1,18707,0
20131217,94.9,94.9,85.82,86,15274,0
20131218,85.8,91.99,84,91.9,25908,0
20131219,90,91.99,90,91.9,10553,0
20131220,90.23,91.99,90,91,16502,0
20131223,91.11,92,90,90,6813,0
20131227,90,90.7,89,89,6836,0
20131230,86.7,90.99,86.69,90,39729,0
20140102,90,90,87.21,90,6253,0
20140103,89,90,87.51,90,12730,0
20140107,90.01,91.64,87.8,87.8,18879,0
20140108,87.05,89,85.3,87,4786,0
20140109,89.5,89.5,86.31,86.31,2549,0
20140110,86.32,87.36,83.2,83.2,25715,0
20140113,83.2,85.89,82.01,85,13517,0
20140114,85,85,82.22,83.32,6092,0
20140115,85,89.9,84,88.5,12718,0
20140116,88.5,90.99,88,88,922,0
20140117,89.9,89.9,88.9,89,544,0
20140120,89.9,90,87.55,87.55,6521,0
20140121,86.11,89.88,86.11,89.01,252,0
20140122,89,89.85,87.16,89.49,109,0
20140123,89.4,91.6,89.4,91,28383,0
20140124,91.5,91.5,89.39,91.1,13293,0
20140127,91.1,91.9,89.31,89.41,897,0
20140128,87.51,91.78,87.51,91.78,421,0
20140129,91.78,92.6,91,91,23146,0
20140130,90.99,92.99,89.5,89.5,48755,0
20140131,89,89.52,88.2,88.2,2334,0
20140203,88.2,89.27,88.2,88.23,315,0
20140204,88.23,89.39,87.03,88,1728,0
20140205,87.12,91.98,87.12,91.45,20464,0
20140206,91.4,91.4,90,91.29,15,0
20140207,91.3,91.3,89.7,91.27,17045,0
20140210,91.29,91.29,89.71,91.29,131,0
20140211,91.3,94.9,90.5,90.5,1182,0
20140212,93.88,93.95,91,91,605,0
20140213,93.6,93.6,91.09,91.31,61,0
20140214,93.94,94.88,91.46,94.77,556,0
20140217,94.75,98.5,94.75,97.69,490,0
20140218,99.69,99.69,97,97,5703,0
20140219,99.8,99.8,92.71,97,10510,0
20140220,99.5,99.5,94.1,96,298,0
20140221,96.4,98.48,96,98,283,0
20140224,98.5,98.5,95,97.95,142,0
20140225,97.95,97.95,94,96.48,585,0
20140226,98.8,98.9,90.5,91.5,20522,0
20140227,92.49,92.95,90.6,90.9,16422,0
20140228,90.6,94,90.6,92,998,0
20140303,92,92,86.16,90.3,26760,0
20140304,89,91.29,88.99,90.81,901,0
20140305,91.98,91.98,87.2,90.37,16907,0
20140306,90.37,91.19,88.31,91.19,6606,0
20140307,89.4,90.99,88.02,89.1,8784,0
20140310,89.1,90.81,87.51,88,2321,0
20140311,89.39,89.39,87.05,88.98,1695,0
20140312,88,89,83.23,84.01,21256,0
20140313,86,88,83.01,83.4,6186,0
20140314,81.7,84,80.01,84,2311,0
20140317,82,86.98,82,82.4,10225,0
20140318,84.95,84.95,80.13,81.49,3417,0
20140319,83.99,84.87,78.38,78.38,2847,0
20140320,78.7,81.55,78.38,81.5,8877,0
20140321,82.6,84.99,82.6,84.99,57589,0
20140324,88,88,85,85.34,14391,0
20140325,84,87.01,84,86.5,4915,0
20140326,87.5,87.79,85.11,87,1133,0
20140327,86.99,87.4,85.52,87.4,3050,0
20140328,87.4,89,85.53,88.45,3415,0
20140331,90.1,90.5,89.99,90.1,24958,0
20140401,90.9,91.5,90.2,90.2,1149,0
20140402,89,91.49,88.63,88.69,62,0
20140403,88.68,88.68,85.61,87.99,1016,0
20140404,88,88,87.89,88,819,0
20140407,83.7,86.95,83.7,86.5,1604,0
20140408,86.4,87.5,83.5,85,2312,0
20140409,86.8,86.8,84.28,86.19,426,0
20140410,86.99,86.99,84.5,85.4,1042,0
20140411,85.4,85.4,84.5,85.4,536,0
20140414,87.9,87.9,85,86.9,385,0
20140415,86.8,86.99,84.1,86.6,330,0
20140416,86.6,87.2,86.6,87.2,300,0
20140417,87.97,88,84.41,84.98,18666,0
20140422,84.99,85,83.42,84.5,1493,0
20140423,85.49,85.49,84.6,84.75,2589,0
20140424,84.6,84.6,83,83,2174,0
20140425,82.2,83.49,81.4,82.5,386,0
20140428,82.5,82.87,80,81.5,6688,0
20140429,81,81,80.2,80.99,1077,0
20140430,81.9,81.9,80.8,81.82,2548,0
20140502,81,81,81,81,92,0
20140505,80.8,80.99,79.7,79.7,536,0
20140506,79.7,80,79.1,79.7,113,0
20140507,79.7,79.7,78.2,78.3,902,0
20140508,79.99,80,76.14,79.92,11406,0
20140509,82.99,82.99,76.14,78.49,8435,0
20140512,77,78.84,77,77.61,3941,0
20140513,79.48,79.48,78.61,79.2,665,0
20140514,82,82,80.5,81,1363,0
20140515,82,83,81.5,81.5,11709,0
20140516,82.9,84.01,80.5,80.5,403,0
20140519,84,86,83.99,84.01,2213,0
20140520,85,85,82.1,83,12000,0
20140521,84,85,82.53,84.83,9683,0
20140522,84.49,84.69,82.47,83.35,1866,0
20140523,84.68,84.68,83.35,84.68,502,0
20140526,84.68,84.68,84.68,84.68,131,0
20140527,84.68,84.68,84,84,1039,0
20140528,84,84.76,83,84.7,2266,0
20140529,83,84.76,83,84.6,405,0
20140530,83.48,86.79,83.48,86.79,2586,0
20140602,86.7,87.5,84.42,87.3,2449,0
20140603,87,88,87,87.14,1561,0
20140604,87.94,87.95,86.78,86.78,497,0
20140605,87.5,87.99,87.06,87.06,64,0
20140606,87.5,87.99,87.5,87.99,291,0
20140609,87.99,87.99,87.01,87.01,11,0
20140610,87.98,88,87,88,588,0
20140611,87.99,88,87.99,88,200,0
20140612,87.99,88,87.2,87.6,2972,0
20140613,87.89,87.89,86.61,86.61,23,0
