Date,Open,High,Low,Close,Volume,OpenInt
20060712,1.58,2.84,1.55,2.21,8704858,0
20060713,2.3,2.81,2.18,2.31,6481662,0
20060714,2.32,2.52,2.09,2.39,2055005,0
20060717,2.33,2.38,2.15,2.17,1052294,0
20060718,2.15,2.15,1.96,2.03,1031983,0
20060719,1.99,2.03,1.81,1.83,863991,0
20060720,1.86,2.03,1.85,1.91,1048738,0
20060721,1.96,1.97,1.85,1.86,425758,0
20060724,1.88,1.88,1.78,1.8,358078,0
20060725,1.8,1.85,1.78,1.81,202617,0
20060726,1.81,1.85,1.77,1.81,295049,0
20060727,1.81,1.83,1.79,1.81,130373,0
20060728,1.82,1.82,1.78,1.8,171722,0
20060731,1.79,1.79,1.77,1.78,236168,0
20060801,1.78,1.79,1.72,1.73,250028,0
20060802,1.71,1.73,1.68,1.7,157244,0
20060803,1.7,1.71,1.62,1.62,203421,0
20060804,1.64,1.75,1.61,1.73,570716,0
20060807,1.73,1.82,1.73,1.81,507998,0
20060808,1.81,2.11,1.81,2.02,1945951,0
20060809,2.02,2.04,1.86,1.91,911123,0
20060810,1.93,1.93,1.83,1.85,309703,0
20060811,1.86,1.92,1.85,1.85,166736,0
20060814,1.86,1.86,1.8,1.83,121087,0
20060816,1.83,1.83,1.77,1.78,260221,0
20060817,1.81,1.81,1.72,1.75,398707,0
20060818,1.74,1.75,1.72,1.75,165496,0
20060821,1.76,1.76,1.71,1.73,41129,0
20060822,1.73,1.76,1.72,1.73,126110,0
20060823,1.74,1.85,1.73,1.81,803428,0
20060824,1.82,1.83,1.78,1.78,171199,0
20060825,1.77,1.78,1.73,1.75,181911,0
20060828,1.77,1.77,1.73,1.75,95786,0
20060829,1.75,1.83,1.74,1.8,375885,0
20060830,1.81,1.82,1.77,1.78,148839,0
20060831,1.78,1.89,1.78,1.81,639195,0
20060901,1.81,1.81,1.77,1.78,131827,0
20060904,1.79,1.87,1.78,1.83,261952,0
20060905,1.84,1.84,1.78,1.78,363481,0
20060906,1.79,1.82,1.75,1.8,219025,0
20060907,1.81,1.81,1.77,1.78,131231,0
20060908,1.78,1.79,1.75,1.77,167790,0
20060911,1.75,1.76,1.72,1.72,366460,0
20060912,1.74,1.78,1.72,1.75,72198,0
20060913,1.79,1.8,1.75,1.75,293039,0
20060914,1.75,1.76,1.71,1.73,143860,0
20060915,1.75,1.76,1.73,1.73,53983,0
20060918,1.74,1.75,1.73,1.74,70955,0
20060919,1.74,1.74,1.7,1.71,97234,0
20060920,1.71,1.71,1.65,1.67,177586,0
20060921,1.65,1.7,1.65,1.67,71752,0
20060922,1.67,1.7,1.64,1.67,70025,0
20060925,1.68,1.77,1.64,1.74,284401,0
20060926,1.75,1.76,1.68,1.72,151338,0
20060927,1.73,1.73,1.66,1.68,102414,0
20060928,1.67,1.7,1.65,1.67,102204,0
20060929,1.7,1.7,1.66,1.68,42430,0
20061002,1.71,1.74,1.67,1.7,115728,0
20061003,1.69,1.7,1.66,1.67,302950,0
20061004,1.68,1.69,1.67,1.68,117701,0
20061005,1.68,1.71,1.67,1.69,223746,0
20061006,1.7,1.81,1.7,1.77,452495,0
20061009,1.79,1.82,1.77,1.8,573180,0
20061010,1.82,1.82,1.75,1.75,160144,0
20061011,1.77,1.8,1.75,1.79,151628,0
20061012,1.8,1.8,1.75,1.77,65145,0
20061013,1.77,1.77,1.74,1.76,103977,0
20061016,1.75,1.77,1.73,1.76,125707,0
20061017,1.74,1.76,1.73,1.74,72881,0
20061018,1.73,1.77,1.73,1.73,126225,0
20061019,1.75,1.75,1.72,1.73,93912,0
20061020,1.73,1.8,1.72,1.78,237008,0
20061023,1.79,2.05,1.75,2.05,1761531,0
20061024,2.06,2.13,1.93,1.93,1158540,0
20061025,1.93,2.04,1.86,2.04,680659,0
20061026,2.1,2.12,1.98,2.03,483064,0
20061027,1.98,1.99,1.93,1.93,238544,0
20061030,1.91,1.99,1.86,1.93,193255,0
20061031,1.94,1.98,1.87,1.89,190330,0
20061102,1.91,1.97,1.91,1.92,164396,0
20061103,1.89,2.07,1.89,2.05,503508,0
20061106,2.06,2.11,1.88,1.88,1166614,0
20061107,1.89,1.91,1.8,1.86,772473,0
20061108,1.92,1.92,1.84,1.85,191327,0
20061109,1.89,1.89,1.8,1.81,226008,0
20061110,1.82,1.82,1.78,1.79,272007,0
20061113,1.79,1.83,1.78,1.8,269772,0
20061114,1.85,1.87,1.81,1.81,348083,0
20061115,1.81,1.86,1.77,1.79,195698,0
20061116,1.8,1.83,1.8,1.8,93320,0
20061117,1.82,1.82,1.79,1.8,62873,0
20061120,1.8,1.82,1.79,1.81,87852,0
20061121,1.82,1.89,1.82,1.88,413548,0
20061122,1.91,2.01,1.89,1.97,766296,0
20061123,1.98,1.99,1.92,1.95,248891,0
20061124,1.98,1.98,1.9,1.93,170033,0
20061127,1.94,1.94,1.85,1.9,89038,0
20061128,1.88,1.9,1.85,1.89,62833,0
20061129,1.88,1.9,1.86,1.87,123121,0
20061130,1.88,1.95,1.88,1.91,116409,0
20061201,1.89,1.92,1.89,1.89,55593,0
20061204,1.88,1.9,1.83,1.85,254175,0
20061205,1.83,1.87,1.83,1.86,95681,0
20061206,1.85,1.87,1.83,1.84,127785,0
20061207,1.86,1.87,1.83,1.86,85160,0
20061208,1.86,1.99,1.86,1.92,619995,0
20061211,1.99,1.99,1.91,1.92,235416,0
20061212,1.96,1.99,1.93,1.96,180152,0
20061213,1.96,1.97,1.93,1.95,80631,0
20061214,1.95,1.95,1.8,1.83,194185,0
20061215,1.83,1.85,1.76,1.83,314123,0
20061218,1.83,1.85,1.78,1.83,196800,0
20061219,1.79,1.79,1.73,1.77,195188,0
20061220,1.78,1.8,1.75,1.77,61571,0
20061221,1.77,1.77,1.72,1.75,120491,0
20061222,1.75,1.75,1.7,1.72,145733,0
20061227,1.75,1.82,1.75,1.81,107798,0
20061228,1.81,1.82,1.77,1.81,54902,0
20061229,1.8,1.81,1.78,1.81,32712,0
20070102,1.82,1.82,1.79,1.8,53300,0
20070103,1.81,1.81,1.8,1.81,20521,0
20070104,1.81,1.83,1.77,1.82,74603,0
20070105,1.82,1.82,1.78,1.82,19651,0
20070108,1.79,1.81,1.77,1.81,19507,0
20070109,1.78,1.81,1.77,1.79,38673,0
20070110,1.79,1.79,1.77,1.79,16168,0
20070111,1.78,1.82,1.77,1.81,127416,0
20070112,1.79,1.81,1.77,1.8,94092,0
20070115,1.8,1.87,1.76,1.81,265053,0
20070116,1.82,1.82,1.79,1.8,126108,0
20070117,1.77,1.81,1.73,1.79,222478,0
20070118,1.8,1.82,1.78,1.8,194089,0
20070119,1.78,1.88,1.78,1.83,268202,0
20070122,1.85,1.9,1.81,1.86,317304,0
20070123,1.86,1.86,1.84,1.84,55113,0
20070124,1.82,1.86,1.8,1.84,58706,0
20070125,1.86,1.9,1.86,1.88,184560,0
20070126,1.89,1.89,1.82,1.86,120615,0
20070129,1.86,1.87,1.84,1.86,24729,0
20070130,1.86,1.88,1.83,1.87,135721,0
20070131,1.87,1.87,1.83,1.83,97095,0
20070201,1.86,1.86,1.83,1.83,40861,0
20070202,1.83,1.89,1.83,1.86,80851,0
20070205,1.85,1.86,1.8,1.83,149537,0
20070206,1.85,1.86,1.81,1.84,274635,0
20070207,1.85,1.85,1.79,1.83,125218,0
20070208,1.79,1.82,1.68,1.74,273138,0
20070209,1.73,1.79,1.73,1.78,59217,0
20070212,1.78,1.8,1.75,1.77,185223,0
20070213,1.78,1.78,1.75,1.77,46522,0
20070214,1.8,1.81,1.76,1.77,216281,0
20070215,1.78,1.78,1.74,1.77,166884,0
20070216,1.74,1.76,1.71,1.74,178541,0
20070219,1.73,1.73,1.67,1.71,177170,0
20070220,1.73,1.78,1.7,1.77,227614,0
20070221,1.79,1.84,1.75,1.75,492386,0
20070222,1.77,1.86,1.76,1.86,752854,0
20070223,1.85,1.94,1.83,1.86,976402,0
20070226,1.87,1.89,1.79,1.79,138227,0
20070227,1.79,1.8,1.73,1.75,196237,0
20070228,1.68,1.74,1.68,1.74,190506,0
20070301,1.77,1.77,1.7,1.73,154505,0
20070302,1.75,1.78,1.73,1.78,82772,0
20070305,1.73,1.73,1.69,1.73,140598,0
20070306,1.73,1.75,1.73,1.75,41197,0
20070307,1.77,1.77,1.72,1.74,37771,0
20070308,1.73,1.76,1.73,1.75,74300,0
20070309,1.93,1.98,1.89,1.96,1493541,0
20070312,2,2,1.86,1.9,436413,0
20070313,1.9,1.91,1.81,1.81,315793,0
20070314,1.78,1.88,1.76,1.87,365559,0
20070315,1.89,1.89,1.82,1.87,130655,0
20070316,1.87,1.92,1.86,1.87,248430,0
20070319,1.87,2,1.87,1.93,348100,0
20070320,2.02,2.34,2,2.29,3302111,0
20070321,2.45,2.51,2.3,2.3,2092209,0
20070322,2.3,2.34,2.17,2.22,881359,0
20070323,2.26,2.3,2.15,2.26,365755,0
20070326,2.26,2.39,2.2,2.35,335121,0
20070327,2.36,2.38,2.27,2.29,292054,0
20070328,2.32,2.36,2.21,2.29,331590,0
20070329,2.29,2.42,2.28,2.41,488474,0
20070330,2.5,2.69,2.45,2.69,938257,0
20070402,2.86,2.94,2.81,2.85,682962,0
20070403,2.87,2.91,2.73,2.81,374751,0
20070404,2.75,3.25,2.73,3.22,984987,0
20070405,3.22,3.22,3.01,3.1,561181,0
20070410,3.13,3.25,3.01,3.04,417953,0
20070411,3.25,3.28,2.95,2.95,916675,0
20070412,2.92,2.92,2.6,2.72,536251,0
20070413,2.73,2.98,2.73,2.94,314044,0
20070416,3.04,3.04,2.88,2.92,168216,0
20070417,2.92,2.92,2.78,2.84,193883,0
20070418,2.9,2.92,2.69,2.7,321940,0
20070419,2.62,2.62,2.5,2.58,347256,0
20070420,2.63,2.87,2.63,2.75,385371,0
20070423,2.86,2.86,2.72,2.84,363594,0
20070424,2.87,2.88,2.78,2.87,246716,0
20070425,2.9,2.98,2.87,2.98,260293,0
20070426,2.98,3.15,2.98,2.99,418055,0
20070427,3.04,3.1,2.98,3.06,421912,0
20070430,3.08,3.1,3.01,3.08,444135,0
20070502,3.35,3.98,3.3,3.85,751667,0
20070504,3.82,4.3,3.62,4.19,586339,0
20070507,4.2,4.25,3.91,4.15,402102,0
20070508,3.88,4.09,3.71,3.8,528483,0
20070509,3.82,3.88,3.6,3.68,204454,0
20070510,3.66,3.74,3.53,3.53,197105,0
20070511,3.5,3.5,3.17,3.44,183095,0
20070514,3.51,3.65,3.31,3.51,203331,0
20070515,3.51,3.56,3.46,3.46,154069,0
20070516,3.48,3.48,3.29,3.47,88669,0
20070517,3.54,3.54,3.19,3.23,240596,0
20070518,3.23,3.3,3.18,3.27,135602,0
20070521,3.25,3.39,3.18,3.26,72198,0
20070522,3.39,3.39,3.27,3.28,117638,0
20070523,3.29,3.33,3.22,3.31,75556,0
20070524,3.31,3.37,3.2,3.37,98092,0
20070525,3.33,3.52,3.3,3.48,141353,0
20070528,3.51,3.58,3.48,3.56,153046,0
20070529,3.64,3.64,3.56,3.62,175055,0
20070530,3.62,3.62,3.45,3.58,133782,0
20070531,3.58,3.62,3.52,3.6,113953,0
20070601,3.64,3.76,3.54,3.58,133511,0
20070604,3.64,3.64,3.4,3.57,106740,0
20070605,3.61,3.64,3.42,3.44,107733,0
20070606,3.35,3.38,3.25,3.29,185722,0
20070608,3.24,3.27,3.15,3.24,150040,0
20070611,3.22,3.37,3.22,3.32,165767,0
20070612,3.35,3.35,3.2,3.27,114904,0
20070613,3.26,3.26,3.1,3.18,164071,0
20070614,3.18,3.29,3.07,3.19,233293,0
20070615,3.15,3.25,3.11,3.18,101264,0
20070618,3.14,3.17,3.09,3.1,108969,0
20070619,3.17,3.29,3.12,3.2,136046,0
20070620,3.25,3.29,3.16,3.2,238661,0
20070621,3.2,3.23,3.1,3.23,71901,0
20070622,3.25,3.26,3.16,3.2,56634,0
20070625,3.15,3.39,3.1,3.39,192957,0
20070626,3.38,3.38,3.28,3.33,138413,0
20070627,3.33,3.39,3.12,3.24,174170,0
20070628,3.26,3.27,3.17,3.21,21416,0
20070629,3.15,3.18,3.12,3.17,68381,0
20070702,3.16,3.16,2.88,2.93,267992,0
20070703,2.93,2.98,2.79,2.88,196920,0
20070704,2.88,2.88,2.72,2.82,161097,0
20070705,2.83,3.05,2.79,3,470093,0
20070706,3.06,3.06,2.92,2.93,209319,0
20070709,3.05,3.1,2.91,3.04,230470,0
20070710,2.99,3.03,2.9,2.98,102093,0
20070711,2.98,2.98,2.9,2.94,52917,0
20070712,2.94,2.98,2.85,2.91,41952,0
20070713,2.9,2.96,2.83,2.87,42183,0
20070716,2.87,2.93,2.68,2.75,91371,0
20070717,2.8,2.86,2.61,2.86,49790,0
20070718,2.85,2.91,2.79,2.88,25917,0
20070719,2.87,2.87,2.79,2.87,58394,0
20070720,2.85,2.85,2.75,2.76,36046,0
20070723,2.78,2.82,2.7,2.77,41511,0
20070724,2.72,2.77,2.7,2.74,47007,0
20070725,2.7,2.7,2.6,2.62,158542,0
20070726,2.64,2.7,2.56,2.6,34262,0
20070727,2.5,2.58,2.41,2.58,52357,0
20070730,2.56,2.56,2.35,2.49,92907,0
20070731,2.5,2.55,2.46,2.55,39334,0
20070801,2.56,2.56,2.46,2.48,22186,0
20070802,2.47,2.52,2.36,2.48,35285,0
20070803,2.43,2.43,2.25,2.25,72613,0
20070806,2.29,2.29,2,2.02,208653,0
20070807,2,2.08,1.85,1.91,140094,0
20070808,1.9,1.92,1.71,1.9,502023,0
20070809,1.84,1.86,1.69,1.69,268901,0
20070810,1.68,1.68,1.5,1.54,186017,0
20070813,1.55,1.59,1.48,1.59,95604,0
20070814,1.59,1.59,1.5,1.52,48299,0
20070816,1.46,1.46,1.15,1.21,241407,0
20070817,1.25,1.37,1.16,1.3,179232,0
20070820,1.35,1.41,1.34,1.39,203562,0
20070821,1.42,1.42,1.32,1.39,70239,0
20070822,1.39,1.49,1.38,1.45,123545,0
20070823,1.5,1.68,1.5,1.68,202780,0
20070824,1.67,1.84,1.62,1.82,330415,0
20070827,1.85,1.99,1.74,1.74,265520,0
20070828,1.78,1.9,1.75,1.81,159716,0
20070829,1.67,1.8,1.65,1.78,95956,0
20070830,1.82,1.89,1.73,1.78,131670,0
20070831,1.81,1.82,1.78,1.82,38357,0
20070903,1.85,1.85,1.77,1.77,40533,0
20070904,1.8,1.81,1.75,1.8,74076,0
20070905,1.8,1.8,1.75,1.75,32454,0
20070906,1.8,1.8,1.65,1.74,65293,0
20070907,1.78,1.78,1.5,1.5,125106,0
20070910,1.51,1.69,1.51,1.6,156113,0
20070911,1.6,1.68,1.55,1.66,68340,0
20070912,1.69,1.73,1.65,1.65,82007,0
20070913,1.67,1.67,1.55,1.65,66565,0
20070914,1.65,1.65,1.55,1.62,103502,0
20070917,1.64,1.64,1.58,1.61,31990,0
20070918,1.62,1.63,1.58,1.6,55004,0
20070919,1.64,1.68,1.6,1.63,148789,0
20070920,1.61,1.68,1.6,1.64,118866,0
20070921,1.64,1.67,1.61,1.64,104646,0
20070924,1.64,1.64,1.58,1.61,76581,0
20070925,1.62,1.63,1.57,1.61,49265,0
20070926,1.6,1.66,1.59,1.61,50183,0
20070927,1.63,1.65,1.61,1.65,31310,0
20070928,1.61,1.64,1.58,1.63,50011,0
20071001,1.63,1.63,1.57,1.59,37161,0
20071002,1.58,1.61,1.57,1.59,46547,0
20071003,1.59,1.6,1.54,1.56,74641,0
20071004,1.55,1.62,1.53,1.58,86971,0
20071005,1.58,1.6,1.55,1.59,36033,0
20071008,1.58,1.74,1.55,1.7,293366,0
20071009,1.78,2.07,1.75,1.98,2516439,0
20071010,2.05,2.19,1.9,1.95,1441309,0
20071011,1.94,1.98,1.8,1.88,410788,0
20071012,1.9,1.96,1.82,1.92,318787,0
20071015,1.93,1.96,1.85,1.87,174148,0
20071016,1.85,1.9,1.82,1.89,100027,0
20071017,1.89,2.07,1.85,2.04,922233,0
20071018,2.06,2.15,1.89,1.94,738612,0
20071019,1.9,1.97,1.9,1.9,126629,0
20071022,1.88,1.91,1.8,1.87,182117,0
20071023,1.87,1.9,1.82,1.86,124979,0
20071024,1.87,1.91,1.85,1.89,122567,0
20071025,1.92,1.92,1.84,1.86,71252,0
20071026,1.86,1.86,1.82,1.85,63655,0
20071029,1.86,1.86,1.78,1.8,126435,0
20071030,1.8,1.81,1.64,1.64,364675,0
20071031,1.65,1.72,1.64,1.66,257137,0
20071102,1.59,1.63,1.56,1.57,251716,0
20071105,1.59,1.62,1.53,1.58,216172,0
20071106,1.58,1.61,1.52,1.53,112657,0
20071107,1.55,1.59,1.4,1.44,226485,0
20071108,1.38,1.49,1.21,1.44,324422,0
20071109,1.47,1.47,1.35,1.41,198520,0
20071112,1.35,1.45,1.33,1.43,211489,0
20071113,1.4,1.41,1.36,1.4,141365,0
20071114,1.44,1.46,1.37,1.4,82985,0
20071115,1.38,1.38,1.3,1.3,100097,0
20071116,1.29,1.35,1.19,1.35,256620,0
20071119,1.32,1.32,1.28,1.3,47859,0
20071120,1.28,1.28,1.19,1.23,146205,0
20071121,1.21,1.21,1.12,1.12,143545,0
20071122,1.1,1.2,1.01,1.13,853919,0
20071123,1.16,1.22,1.14,1.19,218258,0
20071126,1.22,1.28,1.19,1.2,356157,0
20071127,1.19,1.19,1.14,1.17,158465,0
20071128,1.17,1.24,1.14,1.2,518460,0
20071129,1.26,1.26,1.18,1.19,337292,0
20071130,1.2,1.44,1.2,1.36,1059439,0
20071203,1.4,1.48,1.37,1.4,674136,0
20071204,1.4,1.44,1.34,1.42,355627,0
20071205,1.43,1.55,1.42,1.51,772936,0
20071206,1.52,1.53,1.47,1.5,192917,0
20071207,1.5,1.59,1.46,1.58,517358,0
20071210,1.6,1.68,1.51,1.59,225363,0
20071211,1.61,1.63,1.54,1.56,76356,0
20071212,1.5,1.55,1.46,1.51,266545,0
20071213,1.5,1.5,1.41,1.44,213633,0
20071214,1.42,1.48,1.4,1.41,207857,0
20071217,1.4,1.4,1.31,1.31,244964,0
20071218,1.3,1.33,1.23,1.32,207907,0
20071219,1.34,1.37,1.27,1.29,125804,0
20071220,1.28,1.34,1.22,1.25,220471,0
20071221,1.26,1.34,1.26,1.3,435402,0
20071227,1.32,1.36,1.32,1.33,78137,0
20071228,1.31,1.34,1.3,1.33,61285,0
20080102,1.33,1.33,1.28,1.32,44529,0
20080103,1.31,1.39,1.28,1.35,199812,0
20080104,1.38,1.42,1.33,1.36,328165,0
20080107,1.32,1.32,1.27,1.29,175553,0
20080108,1.28,1.34,1.28,1.3,65282,0
20080109,1.27,1.29,1.16,1.19,252222,0
20080110,1.2,1.22,1.11,1.15,294976,0
20080111,1.15,1.19,1.1,1.1,215600,0
20080114,1.08,1.12,1.02,1.1,110355,0
20080115,1.1,1.14,0.99,1.04,439791,0
20080116,0.95,1.01,0.88,0.99,573260,0
20080117,1.01,1.05,0.98,1.04,342347,0
20080118,1.02,1.09,1,1.08,246063,0
20080121,1.03,1.05,1.01,1.01,157099,0
20080122,0.98,1.03,0.95,1.03,191204,0
20080123,1.06,1.07,1,1.03,205041,0
20080124,1.06,1.12,1.04,1.09,658445,0
20080125,1.12,1.15,1.08,1.09,413133,0
20080128,1.05,1.09,1.04,1.05,175666,0
20080129,1.08,1.1,1.08,1.08,72588,0
20080130,1.09,1.18,1.06,1.15,545608,0
20080131,1.16,1.17,1.1,1.11,237871,0
20080201,1.14,1.16,1.13,1.15,218738,0
20080204,1.18,1.18,1.13,1.13,150077,0
20080205,1.15,1.15,1.04,1.04,165783,0
20080206,1.02,1.12,1,1.12,236814,0
20080207,1.11,1.13,1.07,1.1,154868,0
20080208,1.1,1.17,1.08,1.15,407850,0
20080211,1.15,1.16,1.11,1.11,138575,0
20080212,1.15,1.15,1.11,1.12,64503,0
20080213,1.14,1.14,1.09,1.11,99181,0
20080214,1.13,1.13,1.09,1.09,116940,0
20080215,1.09,1.1,1.06,1.08,92162,0
20080218,1.1,1.1,1.07,1.08,27291,0
20080219,1.08,1.09,1.06,1.09,59042,0
20080220,1.06,1.08,1.05,1.07,35665,0
20080221,1.06,1.09,1.06,1.06,82651,0
20080222,1.06,1.07,1.05,1.06,52383,0
20080225,1.07,1.08,1.05,1.05,68440,0
20080226,1.06,1.12,1.05,1.08,317721,0
20080227,1.07,1.08,1.06,1.07,32226,0
20080228,1.08,1.09,1.03,1.05,143578,0
20080229,1.04,1.05,1,1.02,70908,0
20080303,0.99,0.99,0.96,0.97,96875,0
20080304,1,1.01,0.97,0.99,43802,0
20080305,1,1.02,0.99,1,86372,0
20080306,1.03,1.03,1,1.02,42174,0
20080307,0.99,1.02,0.99,1.02,62764,0
20080310,1,1.03,0.99,1.03,44465,0
20080311,1.03,1.04,1.01,1.03,15345,0
20080312,1.04,1.04,0.98,1.01,60450,0
20080313,0.99,1,0.98,1,26596,0
20080314,1,1.01,0.98,1,24860,0
20080317,1,1,0.93,0.96,130439,0
20080318,0.96,0.98,0.95,0.98,36685,0
20080319,0.97,0.97,0.95,0.95,104780,0
20080320,0.96,0.96,0.94,0.95,31647,0
20080325,0.95,0.97,0.94,0.96,125834,0
20080326,0.95,1,0.93,0.95,358771,0
20080327,0.98,0.98,0.94,0.96,200004,0
20080328,0.96,1,0.94,0.98,221744,0
20080331,0.96,1.01,0.96,1.01,175752,0
20080401,1.01,1.02,0.99,0.99,129827,0
20080402,1.01,1.01,0.98,1,124772,0
20080403,0.99,0.99,0.95,0.99,34050,0
20080404,0.99,1,0.97,0.99,36994,0
20080407,0.99,0.99,0.97,0.98,27360,0
20080408,0.96,0.98,0.95,0.95,110509,0
20080409,0.96,0.98,0.95,0.96,27514,0
20080410,0.96,0.97,0.95,0.97,39045,0
20080411,0.97,0.97,0.94,0.96,75137,0
20080414,0.95,0.95,0.94,0.95,18256,0
20080415,0.95,0.95,0.92,0.94,46525,0
20080416,0.94,0.94,0.89,0.93,93505,0
20080417,0.92,0.92,0.88,0.89,176197,0
20080418,0.91,0.91,0.81,0.81,98787,0
20080421,0.85,0.85,0.77,0.77,110803,0
20080422,0.77,0.78,0.71,0.72,123736,0
20080423,0.72,0.75,0.71,0.74,57765,0
20080424,0.75,0.77,0.73,0.76,47441,0
20080425,0.74,0.82,0.74,0.79,96382,0
20080428,0.79,0.8,0.78,0.79,48299,0
20080429,0.79,0.79,0.77,0.77,11082,0
20080430,0.75,0.77,0.75,0.76,33699,0
20080505,0.77,0.78,0.75,0.76,74026,0
20080506,0.78,0.78,0.75,0.77,37728,0
20080507,0.76,0.79,0.75,0.77,76212,0
20080508,0.78,0.78,0.76,0.76,9033,0
20080509,0.76,0.77,0.75,0.76,11256,0
20080512,0.77,0.77,0.76,0.77,19812,0
20080513,0.77,0.77,0.75,0.75,11170,0
20080514,0.74,0.76,0.74,0.75,24269,0
20080515,0.75,0.76,0.75,0.76,28446,0
20080516,0.77,0.77,0.76,0.76,4000,0
20080519,0.74,0.74,0.66,0.68,185542,0
20080520,0.72,0.74,0.66,0.66,133131,0
20080521,0.66,0.69,0.65,0.66,51817,0
20080523,0.68,0.7,0.68,0.69,16991,0
20080526,0.69,0.7,0.68,0.68,41453,0
20080527,0.69,0.69,0.66,0.69,54809,0
20080528,0.69,0.7,0.67,0.69,18955,0
20080529,0.69,0.7,0.68,0.68,40211,0
20080530,0.68,0.7,0.68,0.69,35031,0
20080602,0.69,0.69,0.69,0.69,14204,0
20080603,0.69,0.73,0.69,0.72,58472,0
20080604,0.72,0.74,0.72,0.74,77460,0
20080605,0.71,0.73,0.71,0.71,15758,0
20080606,0.73,0.73,0.72,0.72,40970,0
20080609,0.73,0.73,0.68,0.68,63576,0
20080610,0.68,0.71,0.64,0.64,53623,0
20080611,0.63,0.66,0.6,0.63,16466,0
20080612,0.62,0.65,0.62,0.65,21477,0
20080613,0.62,0.65,0.62,0.65,2100,0
20080616,0.66,0.66,0.6,0.62,29749,0
20080617,0.61,0.64,0.61,0.63,22223,0
20080618,0.63,0.63,0.57,0.62,51229,0
20080619,0.62,0.63,0.59,0.61,12410,0
20080620,0.61,0.63,0.6,0.6,11199,0
20080623,0.61,0.61,0.58,0.58,36356,0
20080624,0.58,0.58,0.54,0.56,73238,0
20080625,0.54,0.56,0.54,0.55,38960,0
20080626,0.55,0.55,0.55,0.55,18639,0
20080627,0.55,0.55,0.53,0.55,92911,0
20080630,0.56,0.56,0.53,0.54,24691,0
20080701,0.54,0.54,0.52,0.54,34480,0
20080702,0.53,0.54,0.52,0.53,46644,0
20080703,0.53,0.53,0.51,0.51,74220,0
20080704,0.5,0.5,0.47,0.49,52866,0
20080707,0.48,0.48,0.46,0.47,37892,0
20080708,0.47,0.47,0.43,0.45,84302,0
20080709,0.46,0.53,0.44,0.53,177851,0
20080710,0.52,0.55,0.51,0.54,135922,0
20080711,0.54,0.54,0.5,0.54,141126,0
20080714,0.53,0.54,0.51,0.54,117900,0
20080715,0.52,0.53,0.49,0.53,151370,0
20080716,0.53,0.55,0.5,0.55,81579,0
20080717,0.55,0.56,0.55,0.56,37920,0
20080718,0.56,0.56,0.53,0.56,7539,0
20080721,0.53,0.55,0.52,0.52,90330,0
20080722,0.53,0.54,0.52,0.54,22684,0
20080723,0.54,0.56,0.54,0.55,50021,0
20080724,0.54,0.55,0.53,0.53,17889,0
20080725,0.53,0.53,0.52,0.53,25419,0
20080728,0.53,0.53,0.5,0.53,122215,0
20080729,0.51,0.51,0.5,0.51,151460,0
20080730,0.51,0.53,0.51,0.52,88066,0
20080731,0.52,0.55,0.51,0.52,135599,0
20080801,0.52,0.53,0.52,0.52,22995,0
20080804,0.53,0.54,0.52,0.53,28850,0
20080805,0.52,0.52,0.5,0.52,59190,0
20080806,0.53,0.53,0.5,0.51,28805,0
20080807,0.52,0.52,0.49,0.49,57212,0
20080808,0.49,0.5,0.47,0.5,35088,0
20080811,0.49,0.5,0.48,0.48,13955,0
20080812,0.48,0.5,0.48,0.5,10250,0
20080813,0.48,0.49,0.47,0.48,34067,0
20080814,0.49,0.5,0.48,0.48,39600,0
20080818,0.48,0.48,0.46,0.48,76350,0
20080819,0.46,0.47,0.46,0.46,22495,0
20080820,0.47,0.49,0.47,0.49,38642,0
20080821,0.48,0.48,0.47,0.48,34870,0
20080822,0.47,0.47,0.46,0.47,20338,0
20080825,0.48,0.48,0.47,0.48,16760,0
20080826,0.47,0.47,0.46,0.46,88260,0
20080827,0.47,0.48,0.47,0.48,31190,0
20080828,0.48,0.49,0.46,0.49,77318,0
20080829,0.49,0.49,0.48,0.48,92156,0
20080901,0.47,0.49,0.46,0.49,99023,0
20080902,0.48,0.57,0.48,0.57,975418,0
20080903,0.55,0.56,0.54,0.56,236660,0
20080904,0.57,0.58,0.56,0.57,197423,0
20080905,0.55,0.55,0.52,0.52,169030,0
20080908,0.53,0.55,0.53,0.54,184967,0
20080909,0.54,0.54,0.52,0.53,47078,0
20080910,0.52,0.52,0.49,0.5,109435,0
20080911,0.51,0.51,0.47,0.5,66417,0
20080912,0.5,0.5,0.48,0.49,80675,0
20080915,0.49,0.49,0.45,0.47,230080,0
20080916,0.45,0.46,0.43,0.44,281225,0
20080917,0.44,0.45,0.43,0.45,127956,0
20080918,0.44,0.44,0.42,0.44,65151,0
20080919,0.45,0.47,0.44,0.47,214230,0
20080922,0.48,0.48,0.46,0.47,31450,0
20080923,0.46,0.46,0.44,0.46,89479,0
20080924,0.46,0.48,0.45,0.46,75241,0
20080925,0.46,0.46,0.45,0.46,18268,0
20080926,0.46,0.46,0.45,0.46,44069,0
20080929,0.47,0.47,0.45,0.46,67020,0
20080930,0.44,0.48,0.44,0.48,204197,0
20081001,0.48,0.48,0.46,0.47,30150,0
20081002,0.47,0.49,0.46,0.48,98326,0
20081003,0.47,0.51,0.47,0.5,131085,0
20081006,0.5,0.5,0.46,0.48,79232,0
20081007,0.46,0.48,0.46,0.46,25477,0
20081008,0.45,0.45,0.41,0.44,166282,0
20081009,0.43,0.45,0.43,0.45,35951,0
20081010,0.43,0.43,0.38,0.4,87141,0
20081013,0.4,0.43,0.4,0.42,42910,0
20081014,0.45,0.45,0.44,0.44,52040,0
20081015,0.45,0.45,0.43,0.43,125730,0
20081016,0.42,0.45,0.42,0.44,187039,0
20081017,0.47,0.47,0.45,0.45,84222,0
20081020,0.46,0.47,0.45,0.47,44278,0
20081021,0.47,0.49,0.46,0.48,52430,0
20081022,0.49,0.53,0.47,0.48,161710,0
20081023,0.46,0.46,0.44,0.44,139391,0
20081024,0.46,0.46,0.43,0.43,23959,0
20081027,0.43,0.48,0.43,0.48,70248,0
20081028,0.48,0.52,0.48,0.51,197959,0
20081029,0.54,0.54,0.51,0.52,64237,0
20081030,0.54,0.54,0.51,0.52,55890,0
20081031,0.52,0.54,0.51,0.52,39272,0
20081103,0.53,0.55,0.53,0.53,62925,0
20081104,0.53,0.62,0.53,0.57,960147,0
20081105,0.61,0.73,0.6,0.67,2239102,0
20081106,0.64,0.68,0.62,0.63,405273,0
20081107,0.61,0.66,0.61,0.65,190305,0
20081110,0.66,0.67,0.64,0.64,69624,0
20081112,0.64,0.64,0.56,0.56,350606,0
20081113,0.59,0.59,0.56,0.59,84129,0
20081114,0.6,0.63,0.58,0.59,94937,0
20081117,0.58,0.6,0.58,0.6,69924,0
20081118,0.6,0.6,0.54,0.56,216156,0
20081119,0.57,0.6,0.55,0.58,32849,0
20081120,0.53,0.56,0.53,0.55,98165,0
20081121,0.55,0.55,0.5,0.53,143549,0
20081124,0.52,0.55,0.52,0.55,137819,0
20081125,0.55,0.57,0.54,0.55,59247,0
20081126,0.53,0.55,0.53,0.53,23998,0
20081127,0.53,0.56,0.53,0.54,166541,0
20081128,0.56,0.56,0.54,0.56,29489,0
20081201,0.58,0.58,0.56,0.56,25348,0
20081202,0.53,0.56,0.53,0.55,50648,0
20081203,0.53,0.57,0.53,0.57,53970,0
20081204,0.57,0.63,0.57,0.61,177169,0
20081205,0.6,0.63,0.59,0.59,67457,0
20081208,0.59,0.64,0.59,0.62,63134,0
20081209,0.62,0.62,0.6,0.6,26851,0
20081210,0.6,0.63,0.59,0.63,68774,0
20081211,0.64,0.64,0.62,0.62,10002,0
20081212,0.59,0.62,0.59,0.61,53585,0
20081215,0.62,0.63,0.59,0.62,29243,0
20081216,0.62,0.74,0.59,0.72,696598,0
20081217,0.7,0.72,0.68,0.7,109229,0
20081218,0.68,0.71,0.66,0.71,230168,0
20081219,0.71,0.72,0.7,0.7,87849,0
20081222,0.71,0.71,0.67,0.71,100400,0
20081223,0.7,0.7,0.63,0.69,203147,0
20081229,0.68,0.68,0.65,0.67,40016,0
20081230,0.68,0.68,0.65,0.68,13227,0
20081231,0.68,0.69,0.68,0.68,3999,0
20090105,0.68,0.7,0.66,0.68,43055,0
20090106,0.66,0.68,0.65,0.67,47418,0
20090107,0.67,0.67,0.61,0.62,249180,0
20090108,0.58,0.63,0.58,0.63,115720,0
20090109,0.6,0.63,0.6,0.63,76653,0
20090112,0.62,0.64,0.6,0.62,90852,0
20090113,0.63,0.63,0.6,0.61,51301,0
20090114,0.6,0.62,0.59,0.62,71698,0
20090115,0.62,0.7,0.6,0.69,302815,0
20090116,0.69,0.7,0.65,0.65,221462,0
20090119,0.65,0.65,0.62,0.64,99279,0
20090120,0.63,0.66,0.63,0.64,56310,0
20090121,0.63,0.67,0.62,0.67,138619,0
20090122,0.68,0.78,0.67,0.76,480782,0
20090123,0.78,0.8,0.76,0.78,144472,0
20090126,0.78,0.78,0.75,0.77,57025,0
20090127,0.77,0.77,0.73,0.75,31760,0
20090128,0.72,0.79,0.72,0.78,60966,0
20090129,0.79,0.79,0.75,0.75,19745,0
20090130,0.78,0.78,0.75,0.77,40594,0
20090202,0.76,0.76,0.75,0.75,71599,0
20090203,0.75,0.75,0.73,0.73,8826,0
20090204,0.73,0.73,0.68,0.71,73074,0
20090205,0.69,0.7,0.66,0.69,42480,0
20090206,0.71,0.75,0.69,0.75,62170,0
20090209,0.75,0.76,0.73,0.76,12013,0
20090210,0.76,0.76,0.73,0.75,13991,0
20090211,0.72,0.74,0.69,0.71,86162,0
20090212,0.75,0.77,0.72,0.72,270975,0
20090213,0.72,0.76,0.72,0.76,26735,0
20090216,0.72,0.74,0.65,0.69,171130,0
20090217,0.66,0.69,0.61,0.61,107347,0
20090218,0.61,0.61,0.54,0.61,100138,0
20090219,0.61,0.61,0.56,0.59,124439,0
20090220,0.59,0.59,0.54,0.55,104882,0
20090223,0.54,0.55,0.52,0.54,91346,0
20090224,0.53,0.56,0.51,0.55,180387,0
20090225,0.56,0.58,0.53,0.53,107589,0
20090226,0.52,0.54,0.52,0.54,7367,0
20090227,0.54,0.55,0.54,0.55,22096,0
20090302,0.53,0.55,0.53,0.55,25715,0
20090303,0.51,0.54,0.51,0.54,19364,0
20090304,0.52,0.53,0.49,0.51,168556,0
20090305,0.5,0.51,0.48,0.51,30750,0
20090306,0.5,0.51,0.49,0.51,58883,0
20090309,0.51,0.51,0.48,0.5,55496,0
20090310,0.5,0.52,0.5,0.52,241620,0
20090311,0.53,0.53,0.51,0.53,180563,0
20090312,0.54,0.54,0.51,0.53,174069,0
20090313,0.54,0.55,0.54,0.55,133354,0
20090316,0.56,0.6,0.56,0.6,274289,0
20090317,0.6,0.64,0.59,0.63,141482,0
20090318,0.62,0.66,0.6,0.65,332800,0
20090319,0.65,0.7,0.65,0.66,419153,0
20090320,0.67,0.68,0.66,0.67,85730,0
20090323,0.69,0.69,0.67,0.67,100908,0
20090324,0.69,0.71,0.67,0.69,140600,0
20090325,0.67,0.69,0.66,0.68,133047,0
20090326,0.68,0.68,0.65,0.66,180620,0
20090327,0.66,0.66,0.64,0.65,93376,0
20090330,0.66,0.66,0.64,0.65,24733,0
20090331,0.66,0.66,0.64,0.66,61672,0
20090401,0.66,0.69,0.66,0.69,97231,0
20090402,0.69,0.69,0.68,0.69,86746,0
20090403,0.68,0.68,0.67,0.68,49214,0
20090406,0.67,0.68,0.67,0.67,31143,0
20090407,0.67,0.67,0.66,0.67,8790,0
20090408,0.66,0.68,0.66,0.67,79549,0
20090409,0.69,0.71,0.66,0.7,533991,0
20090414,0.71,0.72,0.67,0.69,632729,0
20090415,0.69,0.69,0.67,0.69,28982,0
20090416,0.69,0.7,0.67,0.69,115567,0
20090417,0.68,0.69,0.67,0.68,71727,0
20090420,0.69,0.69,0.67,0.67,33503,0
20090421,0.66,0.7,0.66,0.69,68020,0
20090422,0.69,0.71,0.68,0.69,208898,0
20090423,0.71,0.92,0.71,0.88,1540146,0
20090424,0.9,0.92,0.81,0.83,901860,0
20090427,0.82,0.83,0.78,0.81,263676,0
20090428,0.8,0.8,0.74,0.75,261486,0
20090429,0.76,0.81,0.76,0.81,134556,0
20090430,0.81,0.81,0.78,0.8,85727,0
20090504,0.8,0.8,0.78,0.8,63724,0
20090505,0.8,0.8,0.73,0.78,246689,0
20090506,0.77,0.79,0.75,0.75,92683,0
20090507,0.75,0.8,0.74,0.77,381731,0
20090508,0.75,0.77,0.74,0.76,67188,0
20090511,0.75,0.77,0.74,0.77,88138,0
20090512,0.76,0.77,0.74,0.76,174319,0
20090513,0.76,0.76,0.73,0.75,196146,0
20090514,0.73,0.74,0.7,0.73,154748,0
20090515,0.73,0.73,0.7,0.73,85045,0
20090518,0.7,0.72,0.7,0.71,123363,0
20090519,0.72,0.73,0.7,0.7,93521,0
20090520,0.7,0.71,0.7,0.7,82432,0
20090521,0.7,0.7,0.68,0.7,37590,0
20090522,0.7,0.7,0.68,0.69,16028,0
20090525,0.68,0.69,0.65,0.68,106349,0
20090526,0.66,0.68,0.65,0.68,39192,0
20090527,0.68,0.68,0.65,0.68,90812,0
20090528,0.67,0.67,0.64,0.65,106151,0
20090529,0.65,0.7,0.65,0.65,306626,0
20090601,0.66,0.68,0.65,0.68,312216,0
20090602,0.68,0.68,0.66,0.68,47351,0
20090603,0.68,0.68,0.65,0.66,76462,0
20090604,0.65,0.68,0.65,0.68,67828,0
20090605,0.68,0.75,0.67,0.72,792069,0
20090608,0.72,0.72,0.7,0.7,183665,0
20090609,0.7,0.71,0.68,0.68,123075,0
20090610,0.7,0.7,0.67,0.7,101715,0
20090612,0.7,0.73,0.7,0.72,84260,0
20090615,0.71,0.71,0.68,0.71,60453,0
20090616,0.7,0.7,0.67,0.7,70470,0
20090617,0.71,0.71,0.67,0.69,62548,0
20090618,0.68,0.69,0.66,0.69,22045,0
20090619,0.67,0.69,0.67,0.69,67403,0
20090622,0.7,0.7,0.65,0.65,64565,0
20090623,0.65,0.65,0.62,0.65,82771,0
20090624,0.66,0.66,0.62,0.63,106761,0
20090625,0.67,0.67,0.63,0.65,29795,0
20090626,0.65,0.66,0.65,0.65,18628,0
20090629,0.66,0.66,0.63,0.63,67897,0
20090630,0.64,0.65,0.62,0.63,96098,0
20090701,0.62,0.64,0.62,0.63,31850,0
20090702,0.61,0.64,0.61,0.63,10951,0
20090703,0.63,0.64,0.62,0.63,24835,0
20090706,0.62,0.63,0.61,0.63,14705,0
20090707,0.61,0.64,0.61,0.63,97655,0
20090708,0.62,0.63,0.62,0.62,57199,0
20090709,0.63,0.64,0.61,0.61,27220,0
20090710,0.61,0.62,0.61,0.62,39120,0
20090713,0.61,0.62,0.6,0.61,16783,0
20090714,0.61,0.63,0.61,0.63,111616,0
20090715,0.62,0.64,0.62,0.63,78508,0
20090716,0.63,0.63,0.62,0.63,71243,0
20090717,0.64,0.64,0.61,0.62,10200,0
20090720,0.62,0.63,0.59,0.62,129740,0
20090721,0.62,0.63,0.61,0.62,39264,0
20090722,0.62,0.62,0.61,0.61,17861,0
20090723,0.61,0.64,0.61,0.64,119432,0
20090724,0.64,0.66,0.63,0.66,198618,0
20090727,0.66,0.66,0.63,0.65,167749,0
20090728,0.65,0.74,0.63,0.71,1446717,0
20090729,0.72,0.73,0.68,0.68,616832,0
20090730,0.7,0.76,0.69,0.74,734661,0
20090731,0.74,0.74,0.69,0.71,429863,0
20090803,0.71,0.74,0.7,0.72,252107,0
20090804,0.72,0.72,0.7,0.7,56643,0
20090805,0.69,0.72,0.69,0.69,181994,0
20090806,0.7,0.71,0.68,0.68,151926,0
20090807,0.68,0.69,0.66,0.68,146193,0
20090810,0.67,0.72,0.67,0.69,225368,0
20090811,0.72,0.72,0.68,0.69,106951,0
20090812,0.68,0.69,0.67,0.67,56278,0
20090813,0.69,0.69,0.67,0.69,41962,0
20090814,0.7,0.71,0.69,0.71,25045,0
20090817,0.68,0.7,0.67,0.67,90801,0
20090818,0.69,0.69,0.68,0.68,23444,0
20090819,0.68,0.68,0.66,0.67,102200,0
20090820,0.67,0.69,0.67,0.69,209388,0
20090821,0.69,0.71,0.69,0.7,256502,0
20090824,0.71,0.72,0.68,0.71,296683,0
20090825,0.71,0.72,0.7,0.71,197247,0
20090826,0.72,0.72,0.69,0.7,75701,0
20090827,0.7,0.71,0.68,0.71,104306,0
20090828,0.71,0.72,0.71,0.71,165520,0
20090831,0.71,0.72,0.69,0.7,89959,0
20090901,0.69,0.7,0.64,0.68,87771,0
20090902,0.66,0.66,0.63,0.63,115180,0
20090903,0.65,0.66,0.62,0.65,102090,0
20090904,0.65,0.66,0.65,0.65,39839,0
20090907,0.66,0.66,0.64,0.65,26107,0
20090908,0.66,0.66,0.64,0.64,32724,0
20090909,0.66,0.66,0.64,0.66,8112,0
20090910,0.65,0.65,0.65,0.65,17100,0
20090911,0.66,0.66,0.64,0.65,16885,0
20090914,0.64,0.64,0.63,0.63,22853,0
20090915,0.64,0.65,0.63,0.64,47181,0
20090916,0.63,0.65,0.63,0.64,26910,0
20090917,0.65,0.65,0.64,0.64,33185,0
20090918,0.64,0.69,0.64,0.68,296050,0
20090921,0.68,0.68,0.65,0.66,79793,0
20090922,0.66,0.67,0.64,0.66,76038,0
20090923,0.66,0.67,0.65,0.65,57489,0
20090924,0.65,0.66,0.64,0.65,42879,0
20090925,0.65,0.66,0.64,0.66,93925,0
20090928,0.66,0.66,0.65,0.65,16068,0
20090929,0.66,0.68,0.65,0.66,202032,0
20090930,0.66,0.68,0.65,0.67,20122,0
20091001,0.66,0.66,0.64,0.65,80702,0
20091002,0.65,0.67,0.63,0.63,144147,0
20091005,0.64,0.65,0.64,0.65,8311,0
20091006,0.63,0.66,0.63,0.65,19887,0
20091007,0.64,0.64,0.63,0.64,20286,0
20091008,0.63,0.65,0.63,0.63,25282,0
20091009,0.64,0.64,0.63,0.63,6852,0
20091012,0.63,0.64,0.63,0.63,552,0
20091013,0.63,0.65,0.63,0.63,16535,0
20091014,0.64,0.64,0.63,0.64,12898,0
20091015,0.64,0.64,0.63,0.64,25066,0
20091016,0.63,0.64,0.62,0.62,61980,0
20091019,0.7,0.72,0.69,0.7,1607220,0
20091020,0.71,0.71,0.7,0.7,333076,0
20091021,0.7,0.71,0.7,0.71,243454,0
20091022,0.7,0.7,0.7,0.7,207527,0
20091023,0.7,0.7,0.7,0.7,158490,0
20091026,0.7,0.7,0.7,0.7,158823,0
20091027,0.7,0.71,0.7,0.7,174738,0
20091028,0.71,0.71,0.7,0.7,41400,0
20091029,0.7,0.71,0.7,0.71,244025,0
20091030,0.7,0.71,0.7,0.7,109036,0
20091102,0.71,0.72,0.7,0.71,38961,0
20091103,0.72,0.72,0.71,0.71,114845,0
20091104,0.72,0.72,0.71,0.71,86762,0
20091105,0.71,0.72,0.71,0.71,217306,0
20091106,0.71,0.71,0.71,0.71,48026,0
20091109,0.71,0.72,0.71,0.71,250100,0
20091110,0.71,0.72,0.71,0.72,36938,0
20091112,0.72,0.72,0.71,0.71,25061,0
20091113,0.71,0.71,0.71,0.71,23140,0
20091116,0.72,0.72,0.71,0.71,8309,0
20091117,0.71,0.71,0.71,0.71,30498,0
20091118,0.71,0.72,0.71,0.71,13417,0
20091119,0.71,0.71,0.71,0.71,94217,0
20091120,0.71,0.71,0.71,0.71,29839,0
20091123,0.72,0.72,0.71,0.71,52029,0
20091124,0.71,0.71,0.71,0.71,48688,0
20091125,0.71,0.71,0.71,0.71,28472,0
20091126,0.71,0.71,0.71,0.71,45961,0
20091127,0.71,0.71,0.71,0.71,71902,0
20091130,0.71,0.72,0.71,0.71,37756,0
20091201,0.71,0.71,0.71,0.71,78665,0
20091202,0.72,0.72,0.66,0.7,14987,0
20091203,0.7,0.7,0.66,0.66,20152,0
20091204,0.67,0.74,0.67,0.74,203774,0
20091207,0.74,0.74,0.72,0.72,12188,0
20091208,0.73,0.73,0.71,0.72,14892,0
20091209,0.71,0.71,0.69,0.7,10128,0
20091210,0.7,0.71,0.69,0.71,34846,0
20091211,0.69,0.71,0.68,0.71,8800,0
20091214,0.68,0.71,0.68,0.69,5120,0
20091215,0.7,0.7,0.67,0.68,72811,0
20091216,0.67,0.68,0.67,0.67,18089,0
20091217,0.66,0.67,0.64,0.65,50821,0
20091218,0.66,0.7,0.66,0.69,22472,0
20091221,0.69,0.69,0.66,0.69,14468,0
20091222,0.68,0.68,0.66,0.68,13850,0
20091223,0.66,0.67,0.64,0.64,56105,0
20091228,0.64,0.66,0.64,0.65,34612,0
20091229,0.65,0.65,0.64,0.65,6111,0
20091230,0.63,0.66,0.63,0.66,26065,0
20091231,0.68,0.68,0.64,0.67,2030,0
20100104,0.65,0.69,0.64,0.69,45981,0
20100105,0.69,0.69,0.67,0.68,600,0
20100106,0.69,0.69,0.68,0.68,400,0
20100107,0.66,0.66,0.66,0.66,4580,0
20100108,0.68,0.69,0.68,0.69,1120,0
20100111,0.68,0.69,0.68,0.68,4371,0
20100112,0.69,0.69,0.66,0.68,15024,0
20100113,0.68,0.69,0.68,0.69,1126,0
20100114,0.69,0.7,0.67,0.7,20471,0
20100115,0.7,0.7,0.68,0.69,10889,0
20100118,0.69,0.69,0.67,0.68,5710,0
20100119,0.67,0.68,0.67,0.68,12947,0
20100120,0.68,0.69,0.68,0.69,2838,0
20100121,0.69,0.69,0.67,0.68,5950,0
20100122,0.67,0.68,0.67,0.67,2841,0
20100125,0.67,0.67,0.66,0.67,1740,0
20100126,0.66,0.68,0.66,0.68,19808,0
20100127,0.68,0.68,0.65,0.68,9556,0
20100128,0.68,0.69,0.65,0.68,8279,0
20100129,0.69,0.69,0.67,0.69,11254,0
20100201,0.67,0.68,0.67,0.68,440,0
20100202,0.68,0.68,0.66,0.67,2900,0
20100203,0.68,0.69,0.68,0.69,11185,0
20100204,0.68,0.68,0.66,0.68,800,0
20100205,0.66,0.68,0.65,0.68,10235,0
20100208,0.66,0.68,0.64,0.65,19619,0
20100209,0.65,0.65,0.65,0.65,9320,0
20100210,0.64,0.68,0.64,0.65,45332,0
20100211,0.68,0.68,0.65,0.67,3355,0
20100215,0.65,0.67,0.65,0.67,3200,0
20100216,0.65,0.66,0.65,0.66,12510,0
20100217,0.67,0.67,0.64,0.67,2930,0
20100218,0.65,0.67,0.64,0.64,28979,0
20100219,0.67,0.67,0.66,0.67,1430,0
20100222,0.65,0.67,0.65,0.67,1262,0
20100223,0.65,0.67,0.63,0.66,5960,0
20100224,0.66,0.66,0.65,0.66,9855,0
20100225,0.66,0.67,0.66,0.66,2280,0
20100226,0.66,0.66,0.66,0.66,880,0
20100301,0.66,0.67,0.65,0.67,6700,0
20100303,0.65,0.66,0.65,0.66,11410,0
20100304,0.64,0.67,0.64,0.67,30652,0
20100305,0.65,0.67,0.65,0.67,2145,0
20100308,0.66,0.67,0.66,0.67,6463,0
20100309,0.67,0.67,0.66,0.66,4107,0
20100310,0.66,0.67,0.65,0.67,51296,0
20100311,0.67,0.67,0.65,0.67,12660,0
20100312,0.67,0.71,0.67,0.69,193109,0
20100315,0.69,0.69,0.67,0.69,27500,0
20100316,0.68,0.72,0.67,0.72,165477,0
20100317,0.71,0.72,0.7,0.71,48020,0
20100318,0.71,0.71,0.69,0.71,32183,0
20100319,0.69,0.71,0.69,0.71,3482,0
20100322,0.68,0.71,0.67,0.7,61987,0
20100323,0.68,0.7,0.68,0.7,6260,0
20100324,0.67,0.7,0.67,0.68,84617,0
20100325,0.69,0.69,0.68,0.69,5959,0
20100326,0.68,0.69,0.67,0.68,12220,0
20100329,0.69,0.69,0.66,0.67,78306,0
20100330,0.67,0.68,0.66,0.67,30999,0
20100331,0.66,0.67,0.65,0.67,37405,0
20100401,0.66,0.67,0.66,0.66,24062,0
20100406,0.66,0.68,0.66,0.67,14915,0
20100407,0.66,0.67,0.66,0.66,50162,0
20100408,0.67,0.67,0.66,0.66,38203,0
20100409,0.66,0.66,0.65,0.66,18674,0
20100412,0.66,0.66,0.65,0.66,10150,0
20100413,0.66,0.67,0.66,0.67,18885,0
20100414,0.66,0.69,0.66,0.69,64649,0
20100415,0.67,0.68,0.67,0.67,25162,0
20100416,0.67,0.67,0.66,0.66,45291,0
20100419,0.66,0.66,0.65,0.66,31661,0
20100421,0.65,0.66,0.65,0.66,18944,0
20100422,0.65,0.65,0.65,0.65,11284,0
20100423,0.65,0.66,0.64,0.66,6933,0
20100426,0.66,0.66,0.65,0.65,60834,0
20100427,0.65,0.66,0.64,0.64,30271,0
20100428,0.64,0.69,0.64,0.65,111369,0
20100429,0.65,0.67,0.65,0.66,36645,0
20100430,0.66,0.66,0.65,0.66,13610,0
20100504,0.66,0.67,0.61,0.66,49046,0
20100505,0.66,0.66,0.64,0.66,3497,0
20100506,0.66,0.66,0.66,0.66,200,0
20100507,0.66,0.66,0.63,0.65,8799,0
20100510,0.65,0.65,0.63,0.63,50300,0
20100511,0.65,0.65,0.62,0.64,19884,0
20100512,0.64,0.64,0.61,0.64,3210,0
20100513,0.63,0.66,0.63,0.66,90112,0
20100514,0.66,0.66,0.62,0.66,10805,0
20100517,0.65,0.65,0.63,0.65,7945,0
20100518,0.63,0.65,0.63,0.65,3485,0
20100519,0.62,0.64,0.62,0.64,7200,0
20100520,0.63,0.65,0.63,0.64,12296,0
20100521,0.62,0.64,0.62,0.63,11528,0
20100524,0.61,0.63,0.61,0.63,852,0
20100525,0.62,0.62,0.61,0.62,3315,0
20100526,0.61,0.64,0.61,0.64,23105,0
20100527,0.64,0.64,0.61,0.64,25471,0
20100528,0.62,0.65,0.62,0.62,48086,0
20100531,0.64,0.64,0.6,0.63,28720,0
20100601,0.62,0.63,0.62,0.63,30145,0
20100602,0.62,0.63,0.61,0.63,4825,0
20100604,0.62,0.63,0.62,0.63,6100,0
20100607,0.61,0.63,0.6,0.63,24225,0
20100608,0.63,0.63,0.61,0.63,10697,0
20100609,0.62,0.62,0.6,0.62,13999,0
20100610,0.6,0.62,0.59,0.62,20126,0
20100611,0.62,0.62,0.59,0.62,3538,0
20100614,0.59,0.61,0.59,0.59,40362,0
20100615,0.59,0.61,0.59,0.59,17053,0
20100616,0.59,0.6,0.58,0.6,3620,0
20100617,0.6,0.6,0.56,0.59,19288,0
20100618,0.58,0.59,0.57,0.59,3283,0
20100621,0.58,0.59,0.57,0.59,35959,0
20100622,0.59,0.59,0.57,0.59,14156,0
20100623,0.58,0.59,0.56,0.58,10350,0
20100624,0.57,0.58,0.57,0.58,10830,0
20100625,0.58,0.6,0.56,0.6,7444,0
20100628,0.6,0.6,0.56,0.59,20064,0
20100629,0.56,0.59,0.55,0.59,11800,0
20100630,0.59,0.59,0.56,0.59,801,0
20100705,0.56,0.58,0.55,0.58,29000,0
20100706,0.57,0.58,0.57,0.58,5133,0
20100708,0.57,0.58,0.57,0.58,5959,0
20100709,0.58,0.59,0.58,0.58,9020,0
20100712,0.59,0.59,0.56,0.56,12420,0
20100713,0.58,0.58,0.56,0.57,14852,0
20100714,0.57,0.6,0.57,0.58,65603,0
20100715,0.55,0.58,0.55,0.58,18215,0
20100716,0.56,0.58,0.56,0.58,19836,0
20100719,0.58,0.59,0.58,0.59,16000,0
20100720,0.58,0.63,0.58,0.59,86342,0
20100721,0.62,0.62,0.58,0.61,86127,0
20100722,0.58,0.63,0.58,0.63,73680,0
20100723,0.61,0.63,0.59,0.6,185647,0
20100726,0.61,0.61,0.6,0.61,17251,0
20100727,0.59,0.6,0.58,0.58,13931,0
20100728,0.6,0.6,0.58,0.6,2701,0
20100729,0.59,0.6,0.58,0.59,11958,0
20100730,0.59,0.6,0.58,0.6,9260,0
20100802,0.6,0.61,0.59,0.6,20130,0
20100803,0.6,0.6,0.58,0.59,8801,0
20100804,0.58,0.59,0.57,0.59,10951,0
20100805,0.58,0.59,0.57,0.59,14178,0
20100806,0.59,0.61,0.58,0.61,65357,0
20100809,0.61,0.61,0.6,0.61,61426,0
20100810,0.62,0.63,0.61,0.61,42086,0
20100811,0.6,0.62,0.6,0.62,22211,0
20100812,0.61,0.63,0.6,0.63,59480,0
20100813,0.62,0.63,0.61,0.63,8767,0
20100816,0.63,0.63,0.59,0.59,35891,0
20100817,0.62,0.62,0.61,0.62,25300,0
20100818,0.62,0.62,0.6,0.62,2211,0
20100819,0.6,0.61,0.6,0.61,26230,0
20100820,0.61,0.61,0.61,0.61,300,0
20100823,0.6,0.61,0.6,0.61,2251,0
20100824,0.6,0.6,0.59,0.6,6096,0
20100825,0.59,0.61,0.59,0.6,3866,0
20100826,0.6,0.6,0.59,0.6,10820,0
20100827,0.59,0.6,0.59,0.59,4932,0
20100830,0.59,0.6,0.59,0.6,1650,0
20100831,0.58,0.59,0.54,0.59,30500,0
20100901,0.58,0.59,0.54,0.59,51250,0
20100902,0.57,0.59,0.55,0.58,3621,0
20100903,0.57,0.59,0.55,0.58,31741,0
20100906,0.58,0.58,0.58,0.58,880,0
20100907,0.56,0.58,0.56,0.57,10775,0
20100908,0.57,0.58,0.57,0.58,12697,0
20100909,0.58,0.65,0.57,0.65,348117,0
20100910,0.67,0.67,0.61,0.64,332168,0
20100913,0.62,0.64,0.61,0.62,69293,0
20100914,0.61,0.63,0.59,0.61,54281,0
20100915,0.61,0.61,0.59,0.61,9420,0
20100916,0.59,0.63,0.59,0.62,23342,0
20100917,0.61,0.62,0.59,0.61,7700,0
20100920,0.61,0.61,0.58,0.59,134207,0
20100921,0.6,0.6,0.58,0.6,17566,0
20100922,0.6,0.6,0.59,0.6,3660,0
20100923,0.59,0.6,0.58,0.6,4832,0
20100924,0.58,0.6,0.58,0.6,12375,0
20100927,0.58,0.6,0.58,0.6,1801,0
20100928,0.59,0.6,0.58,0.6,11155,0
20100929,0.59,0.6,0.59,0.6,16250,0
20100930,0.59,0.6,0.58,0.6,2482,0
20101001,0.6,0.6,0.6,0.6,2818,0
20101004,0.59,0.6,0.58,0.6,28992,0
20101005,0.58,0.6,0.58,0.58,17922,0
20101006,0.59,0.6,0.58,0.59,10861,0
20101007,0.59,0.59,0.58,0.59,88761,0
20101008,0.58,0.59,0.57,0.59,13283,0
20101011,0.58,0.59,0.57,0.59,7492,0
20101012,0.57,0.59,0.57,0.59,11300,0
20101013,0.57,0.59,0.57,0.59,10485,0
20101014,0.57,0.58,0.57,0.58,4152,0
20101015,0.57,0.57,0.56,0.57,44818,0
20101018,0.57,0.57,0.55,0.57,37588,0
20101019,0.56,0.56,0.55,0.56,7200,0
20101020,0.55,0.57,0.55,0.57,14910,0
20101021,0.57,0.57,0.56,0.57,15509,0
20101022,0.55,0.57,0.55,0.57,8002,0
20101025,0.57,0.57,0.55,0.57,13267,0
20101026,0.55,0.57,0.55,0.56,37771,0
20101027,0.57,0.57,0.55,0.57,739,0
20101028,0.57,0.57,0.55,0.57,2712,0
20101029,0.57,0.57,0.55,0.57,4600,0
20101102,0.57,0.57,0.57,0.57,2700,0
20101103,0.56,0.57,0.54,0.54,47071,0
20101104,0.56,0.56,0.54,0.56,15983,0
20101105,0.56,0.56,0.54,0.56,2103,0
20101108,0.56,0.59,0.55,0.57,250449,0
20101109,0.57,0.58,0.56,0.57,39811,0
20101110,0.56,0.57,0.54,0.57,105038,0
20101112,0.57,0.57,0.55,0.57,8284,0
20101115,0.57,0.57,0.55,0.57,3883,0
20101116,0.55,0.58,0.55,0.57,29777,0
20101117,0.57,0.57,0.55,0.57,34461,0
20101118,0.55,0.57,0.54,0.57,24641,0
20101119,0.56,0.57,0.53,0.56,56902,0
20101122,0.54,0.56,0.54,0.56,7810,0
20101123,0.55,0.56,0.51,0.56,57442,0
20101125,0.53,0.55,0.53,0.55,14277,0
20101126,0.55,0.56,0.53,0.56,10890,0
20101129,0.56,0.56,0.51,0.51,201069,0
20101130,0.5,0.52,0.47,0.52,45059,0
20101201,0.52,0.52,0.5,0.5,8685,0
20101202,0.5,0.51,0.5,0.51,9583,0
20101203,0.51,0.52,0.5,0.52,8344,0
20101206,0.5,0.5,0.49,0.49,28030,0
20101207,0.5,0.52,0.49,0.49,77618,0
20101208,0.49,0.51,0.49,0.51,1163,0
20101209,0.49,0.51,0.49,0.49,38036,0
20101210,0.49,0.5,0.48,0.48,16613,0
20101213,0.49,0.5,0.49,0.5,5003,0
20101214,0.49,0.49,0.48,0.49,18184,0
20101215,0.48,0.48,0.48,0.48,2500,0
20101216,0.47,0.48,0.47,0.48,36866,0
20101217,0.48,0.48,0.46,0.46,2264,0
20101220,0.46,0.47,0.45,0.46,48449,0
20101221,0.45,0.45,0.43,0.45,50007,0
20101222,0.43,0.45,0.43,0.43,29719,0
20101223,0.43,0.44,0.43,0.43,48909,0
20101227,0.46,0.46,0.44,0.44,49905,0
20101228,0.44,0.44,0.41,0.41,275753,0
20101229,0.41,0.44,0.41,0.44,78150,0
20101230,0.45,0.48,0.45,0.45,145054,0
20101231,0.46,0.46,0.43,0.44,44278,0
20110103,0.46,0.48,0.45,0.47,61057,0
20110104,0.46,0.47,0.46,0.47,14833,0
20110105,0.47,0.47,0.45,0.46,30618,0
20110107,0.46,0.46,0.45,0.45,7000,0
20110110,0.45,0.45,0.44,0.44,17585,0
20110111,0.44,0.46,0.44,0.45,8789,0
20110112,0.44,0.45,0.44,0.45,18358,0
20110113,0.45,0.45,0.45,0.45,8540,0
20110114,0.45,0.45,0.44,0.45,36250,0
20110117,0.45,0.46,0.45,0.45,12060,0
20110118,0.45,0.46,0.45,0.46,4840,0
20110119,0.46,0.46,0.45,0.45,5679,0
20110120,0.45,0.45,0.45,0.45,14000,0
20110121,0.45,0.45,0.44,0.44,14838,0
20110124,0.46,0.46,0.45,0.45,38096,0
20110125,0.46,0.46,0.45,0.46,7350,0
20110126,0.45,0.46,0.45,0.46,6067,0
20110127,0.45,0.45,0.44,0.44,13161,0
20110128,0.44,0.45,0.43,0.45,20939,0
20110131,0.44,0.45,0.43,0.45,6202,0
20110201,0.45,0.45,0.42,0.44,24722,0
20110202,0.45,0.45,0.42,0.45,45246,0
20110203,0.45,0.45,0.45,0.45,5220,0
20110204,0.45,0.45,0.44,0.45,11800,0
20110207,0.44,0.45,0.43,0.45,11222,0
20110208,0.45,0.45,0.44,0.44,7200,0
20110209,0.44,0.44,0.43,0.44,4720,0
20110210,0.43,0.45,0.43,0.45,4290,0
20110211,0.45,0.45,0.45,0.45,1600,0
20110214,0.45,0.45,0.45,0.45,6318,0
20110215,0.45,0.45,0.44,0.45,22030,0
20110216,0.44,0.48,0.44,0.45,243207,0
20110217,0.45,0.45,0.43,0.45,3644,0
20110218,0.45,0.45,0.44,0.45,4800,0
20110221,0.44,0.45,0.43,0.45,7460,0
20110222,0.45,0.45,0.43,0.44,6322,0
20110223,0.43,0.44,0.43,0.44,19129,0
20110224,0.44,0.44,0.42,0.44,6386,0
20110225,0.43,0.45,0.43,0.44,4587,0
20110228,0.42,0.45,0.42,0.44,29657,0
20110301,0.43,0.44,0.43,0.44,2510,0
20110302,0.44,0.44,0.43,0.44,11562,0
20110303,0.44,0.44,0.43,0.44,5700,0
20110304,0.43,0.44,0.43,0.44,9850,0
20110307,0.44,0.44,0.44,0.44,8636,0
20110308,0.44,0.44,0.43,0.44,7624,0
20110309,0.44,0.44,0.43,0.44,11440,0
20110310,0.43,0.44,0.42,0.43,11396,0
20110311,0.43,0.44,0.43,0.44,5407,0
20110314,0.44,0.44,0.43,0.44,10888,0
20110315,0.42,0.43,0.42,0.43,15067,0
20110316,0.43,0.43,0.43,0.43,1450,0
20110317,0.43,0.43,0.42,0.43,2890,0
20110318,0.43,0.43,0.43,0.43,1150,0
20110321,0.43,0.43,0.41,0.43,8721,0
20110322,0.43,0.43,0.42,0.43,19320,0
20110323,0.43,0.43,0.41,0.41,3200,0
20110324,0.43,0.43,0.41,0.41,800,0
20110325,0.43,0.44,0.41,0.44,14735,0
20110328,0.44,0.44,0.43,0.44,9910,0
20110329,0.44,0.44,0.41,0.44,6910,0
20110330,0.43,0.44,0.43,0.44,2710,0
20110331,0.43,0.44,0.42,0.43,25197,0
20110401,0.43,0.43,0.42,0.43,13855,0
20110404,0.43,0.43,0.41,0.43,17011,0
20110405,0.43,0.43,0.43,0.43,4400,0
20110406,0.43,0.44,0.42,0.44,32002,0
20110407,0.43,0.44,0.43,0.44,6250,0
20110408,0.44,0.44,0.42,0.44,17685,0
20110411,0.44,0.44,0.43,0.44,8112,0
20110412,0.43,0.44,0.43,0.44,12885,0
20110413,0.43,0.44,0.42,0.43,6633,0
20110414,0.43,0.43,0.42,0.43,5341,0
20110415,0.43,0.43,0.43,0.43,740,0
20110418,0.43,0.44,0.43,0.44,4940,0
20110419,0.42,0.44,0.42,0.44,2182,0
20110420,0.44,0.44,0.44,0.44,5025,0
20110421,0.44,0.44,0.42,0.44,20800,0
20110426,0.44,0.44,0.42,0.44,13371,0
20110427,0.44,0.44,0.42,0.44,9220,0
20110428,0.44,0.44,0.43,0.44,6465,0
20110429,0.44,0.44,0.43,0.44,6480,0
20110502,0.44,0.44,0.42,0.44,4861,0
20110504,0.44,0.44,0.43,0.44,1260,0
20110505,0.44,0.44,0.44,0.44,300,0
20110506,0.44,0.44,0.42,0.43,11086,0
20110509,0.42,0.43,0.4,0.42,130336,0
20110510,0.4,0.42,0.4,0.42,53053,0
20110511,0.41,0.42,0.4,0.42,17010,0
20110512,0.42,0.42,0.4,0.42,54729,0
20110513,0.42,0.42,0.41,0.42,2300,0
20110516,0.41,0.42,0.39,0.41,23222,0
20110517,0.4,0.41,0.39,0.41,9510,0
20110518,0.41,0.42,0.41,0.42,9767,0
20110519,0.4,0.41,0.39,0.41,48722,0
20110520,0.41,0.41,0.41,0.41,6250,0
20110523,0.4,0.41,0.39,0.41,11580,0
20110524,0.4,0.41,0.4,0.41,18800,0
20110525,0.4,0.41,0.4,0.41,6100,0
20110526,0.4,0.41,0.4,0.41,4300,0
20110527,0.41,0.41,0.4,0.41,17321,0
20110530,0.41,0.42,0.4,0.42,42624,0
20110531,0.42,0.42,0.4,0.42,26848,0
20110601,0.42,0.42,0.42,0.42,300,0
20110602,0.42,0.42,0.42,0.42,950,0
20110603,0.41,0.42,0.4,0.42,4200,0
20110606,0.41,0.42,0.41,0.42,5460,0
20110607,0.41,0.42,0.4,0.42,35106,0
20110608,0.42,0.42,0.4,0.42,74710,0
20110609,0.42,0.42,0.4,0.41,70831,0
20110610,0.41,0.41,0.4,0.41,7100,0
20110613,0.4,0.41,0.4,0.41,9060,0
20110614,0.39,0.41,0.39,0.41,5050,0
20110615,0.4,0.41,0.4,0.41,1500,0
20110616,0.4,0.4,0.39,0.4,20623,0
20110617,0.4,0.4,0.39,0.39,17248,0
20110620,0.39,0.39,0.38,0.38,79082,0
20110621,0.37,0.39,0.37,0.39,32187,0
20110622,0.39,0.39,0.37,0.38,14074,0
20110624,0.37,0.38,0.37,0.38,600,0
20110627,0.36,0.39,0.36,0.39,18830,0
20110628,0.36,0.39,0.36,0.39,2112,0
20110629,0.39,0.39,0.39,0.39,200,0
20110630,0.38,0.39,0.37,0.39,12690,0
20110701,0.37,0.38,0.37,0.38,6420,0
20110704,0.38,0.38,0.37,0.38,10173,0
20110705,0.38,0.38,0.38,0.38,300,0
20110706,0.38,0.38,0.37,0.38,6030,0
20110707,0.37,0.38,0.37,0.38,1330,0
20110708,0.38,0.38,0.36,0.38,6905,0
20110711,0.38,0.38,0.37,0.38,2605,0
20110712,0.36,0.37,0.35,0.37,16710,0
20110713,0.36,0.37,0.35,0.37,3700,0
20110714,0.37,0.37,0.37,0.37,3300,0
20110715,0.37,0.37,0.36,0.37,6636,0
20110718,0.37,0.38,0.35,0.38,26158,0
20110719,0.36,0.38,0.35,0.35,16797,0
20110720,0.36,0.37,0.36,0.37,13180,0
20110721,0.37,0.38,0.35,0.38,6233,0
20110722,0.38,0.38,0.35,0.35,20722,0
20110725,0.36,0.37,0.36,0.37,14100,0
20110726,0.37,0.38,0.37,0.37,11550,0
20110727,0.37,0.38,0.36,0.37,4520,0
20110728,0.36,0.36,0.35,0.36,11010,0
20110729,0.35,0.36,0.35,0.36,7404,0
20110801,0.36,0.37,0.34,0.34,43630,0
20110802,0.36,0.36,0.34,0.36,15470,0
20110803,0.33,0.36,0.33,0.35,22610,0
20110804,0.34,0.35,0.34,0.35,3010,0
20110805,0.33,0.34,0.32,0.33,20898,0
20110808,0.31,0.33,0.3,0.33,8086,0
20110809,0.3,0.32,0.25,0.3,36952,0
20110810,0.28,0.32,0.28,0.3,47702,0
20110811,0.28,0.3,0.27,0.29,24975,0
20110812,0.29,0.29,0.28,0.29,2468,0
20110816,0.29,0.3,0.28,0.29,26798,0
20110817,0.29,0.29,0.28,0.28,27589,0
20110818,0.28,0.29,0.27,0.29,59605,0
20110819,0.27,0.29,0.27,0.28,11590,0
20110822,0.28,0.29,0.28,0.29,6690,0
20110823,0.28,0.28,0.27,0.28,2820,0
20110824,0.28,0.29,0.27,0.29,14457,0
20110825,0.29,0.29,0.28,0.29,9580,0
20110826,0.29,0.29,0.28,0.29,2000,0
20110829,0.28,0.29,0.27,0.29,13500,0
20110830,0.28,0.29,0.28,0.28,5255,0
20110831,0.28,0.28,0.28,0.28,3282,0
20110901,0.27,0.28,0.26,0.27,9809,0
20110902,0.27,0.28,0.25,0.27,44533,0
20110905,0.27,0.27,0.26,0.26,1200,0
20110906,0.26,0.26,0.23,0.23,70138,0
20110907,0.23,0.25,0.22,0.25,56949,0
20110908,0.24,0.24,0.23,0.23,35864,0
20110909,0.24,0.24,0.23,0.24,32935,0
20110912,0.24,0.25,0.23,0.24,20250,0
20110913,0.24,0.24,0.22,0.24,19446,0
20110914,0.23,0.23,0.21,0.23,19316,0
20110915,0.23,0.23,0.22,0.23,7395,0
20110916,0.22,0.23,0.21,0.23,46922,0
20110919,0.23,0.23,0.2,0.2,54513,0
20110920,0.2,0.22,0.2,0.22,25230,0
20110921,0.22,0.23,0.21,0.23,17779,0
20110922,0.21,0.22,0.2,0.21,60314,0
20110923,0.2,0.22,0.2,0.21,40905,0
20110926,0.2,0.21,0.2,0.21,20620,0
20110927,0.2,0.22,0.19,0.21,47672,0
20110928,0.21,0.21,0.19,0.21,33226,0
20110929,0.21,0.21,0.2,0.2,16285,0
20110930,0.19,0.2,0.19,0.2,5344,0
20111003,0.2,0.2,0.18,0.2,31244,0
20111004,0.2,0.2,0.19,0.19,4350,0
20111005,0.2,0.21,0.19,0.21,22788,0
20111006,0.2,0.2,0.19,0.2,3715,0
20111007,0.21,0.21,0.2,0.21,25400,0
20111010,0.21,0.21,0.2,0.21,46511,0
20111011,0.21,0.21,0.21,0.21,15000,0
20111012,0.21,0.22,0.21,0.22,40450,0
20111013,0.22,0.22,0.21,0.21,75907,0
20111014,0.21,0.21,0.2,0.2,6930,0
20111017,0.22,0.22,0.2,0.2,8430,0
20111018,0.2,0.2,0.2,0.2,1010,0
20111019,0.2,0.21,0.2,0.2,2150,0
20111020,0.21,0.21,0.19,0.19,35580,0
20111021,0.19,0.24,0.19,0.23,165632,0
20111024,0.23,0.27,0.23,0.27,270262,0
20111025,0.28,0.3,0.26,0.26,116164,0
20111026,0.25,0.29,0.25,0.26,66306,0
20111027,0.29,0.29,0.27,0.29,78585,0
20111028,0.29,0.29,0.27,0.27,36032,0
20111031,0.27,0.27,0.26,0.26,36651,0
20111102,0.24,0.27,0.23,0.26,201709,0
20111103,0.27,0.28,0.26,0.28,30590,0
20111104,0.28,0.3,0.28,0.28,92281,0
20111107,0.29,0.3,0.27,0.27,59663,0
20111108,0.27,0.28,0.25,0.28,34500,0
20111109,0.28,0.28,0.26,0.27,38534,0
20111110,0.26,0.27,0.25,0.25,30100,0
20111114,0.27,0.28,0.26,0.26,94088,0
20111115,0.26,0.28,0.25,0.27,47404,0
20111116,0.27,0.31,0.27,0.28,154091,0
20111117,0.27,0.31,0.27,0.29,136591,0
20111118,0.29,0.3,0.28,0.29,89988,0
20111121,0.3,0.3,0.28,0.3,34793,0
20111122,0.28,0.3,0.28,0.29,37300,0
20111123,0.29,0.29,0.29,0.29,600,0
20111124,0.29,0.29,0.27,0.28,7769,0
20111125,0.28,0.29,0.27,0.29,32194,0
20111128,0.29,0.29,0.28,0.29,5126,0
20111129,0.29,0.29,0.26,0.29,39100,0
20111130,0.26,0.28,0.26,0.27,153640,0
20111201,0.27,0.27,0.26,0.26,28690,0
20111202,0.26,0.28,0.26,0.28,55992,0
20111205,0.27,0.29,0.27,0.29,15926,0
20111206,0.29,0.29,0.27,0.28,12351,0
20111207,0.28,0.28,0.27,0.28,25381,0
20111208,0.27,0.28,0.27,0.28,2210,0
20111209,0.28,0.28,0.28,0.28,1000,0
20111212,0.28,0.28,0.27,0.28,12646,0
20111213,0.26,0.28,0.26,0.27,74649,0
20111214,0.27,0.27,0.26,0.27,3260,0
20111215,0.27,0.27,0.26,0.27,8190,0
20111216,0.27,0.27,0.26,0.27,8465,0
20111219,0.26,0.26,0.25,0.26,68469,0
20111220,0.26,0.26,0.25,0.25,45852,0
20111221,0.25,0.26,0.24,0.24,41500,0
20111222,0.25,0.25,0.24,0.24,15449,0
20111223,0.24,0.24,0.22,0.23,49785,0
20111227,0.23,0.25,0.22,0.25,181566,0
20111228,0.26,0.26,0.24,0.24,5244,0
20111229,0.26,0.27,0.25,0.26,26940,0
20111230,0.26,0.26,0.26,0.26,3481,0
20120102,0.27,0.28,0.24,0.24,65330,0
20120103,0.26,0.26,0.26,0.26,1064,0
20120104,0.26,0.26,0.24,0.26,39000,0
20120105,0.25,0.26,0.25,0.26,26565,0
20120109,0.25,0.27,0.25,0.27,38947,0
20120110,0.27,0.27,0.25,0.25,64173,0
20120111,0.25,0.26,0.25,0.26,17470,0
20120112,0.26,0.27,0.25,0.26,17739,0
20120113,0.26,0.26,0.26,0.26,4200,0
20120116,0.26,0.27,0.25,0.25,1400,0
20120117,0.25,0.25,0.24,0.25,31100,0
20120118,0.24,0.25,0.23,0.25,24000,0
20120119,0.25,0.25,0.24,0.24,15000,0
20120120,0.24,0.26,0.24,0.26,22198,0
20120123,0.25,0.26,0.25,0.26,8460,0
20120124,0.26,0.27,0.26,0.26,40850,0
20120125,0.26,0.27,0.25,0.27,12963,0
20120126,0.27,0.29,0.26,0.29,120384,0
20120127,0.29,0.29,0.27,0.29,1473,0
20120130,0.29,0.29,0.27,0.29,14733,0
20120131,0.29,0.29,0.28,0.29,16270,0
20120201,0.28,0.29,0.27,0.29,45617,0
20120202,0.29,0.29,0.28,0.29,26547,0
20120203,0.29,0.29,0.28,0.29,13602,0
20120206,0.29,0.29,0.27,0.28,49422,0
20120207,0.28,0.29,0.27,0.28,19319,0
20120208,0.28,0.28,0.26,0.28,32905,0
20120209,0.28,0.28,0.27,0.28,15183,0
20120210,0.28,0.28,0.28,0.28,14003,0
20120213,0.28,0.29,0.28,0.29,38329,0
20120214,0.28,0.29,0.28,0.29,72518,0
20120215,0.28,0.29,0.27,0.27,111225,0
20120216,0.27,0.27,0.26,0.26,25570,0
20120217,0.26,0.27,0.26,0.27,5201,0
20120220,0.27,0.27,0.27,0.27,500,0
20120221,0.27,0.27,0.26,0.26,91130,0
20120222,0.26,0.26,0.25,0.26,54660,0
20120223,0.26,0.27,0.26,0.27,43501,0
20120224,0.26,0.27,0.26,0.27,50845,0
20120227,0.27,0.28,0.26,0.28,33410,0
20120228,0.28,0.28,0.27,0.27,47001,0
20120229,0.27,0.27,0.26,0.26,23500,0
20120301,0.26,0.26,0.26,0.26,1000,0
20120302,0.26,0.26,0.26,0.26,11753,0
20120305,0.26,0.27,0.26,0.27,21829,0
20120306,0.27,0.27,0.26,0.26,12378,0
20120307,0.26,0.26,0.26,0.26,13200,0
20120308,0.27,0.27,0.27,0.27,375,0
20120309,0.27,0.27,0.27,0.27,2375,0
20120312,0.27,0.27,0.26,0.26,7500,0
20120313,0.26,0.26,0.26,0.26,1800,0
20120314,0.26,0.26,0.26,0.26,5700,0
20120315,0.26,0.26,0.25,0.25,7450,0
20120316,0.25,0.26,0.25,0.25,7747,0
20120319,0.25,0.25,0.25,0.25,10770,0
20120320,0.25,0.25,0.25,0.25,500,0
20120321,0.25,0.26,0.25,0.25,12564,0
20120322,0.26,0.26,0.24,0.25,31711,0
20120323,0.24,0.25,0.24,0.25,6920,0
20120326,0.24,0.24,0.24,0.24,2220,0
20120327,0.24,0.25,0.24,0.25,5700,0
20120328,0.25,0.25,0.25,0.25,400,0
20120329,0.25,0.25,0.25,0.25,1600,0
20120330,0.24,0.25,0.24,0.25,4234,0
20120402,0.25,0.25,0.25,0.25,4400,0
20120403,0.25,0.25,0.24,0.24,8945,0
20120404,0.25,0.25,0.24,0.24,2684,0
20120405,0.25,0.25,0.24,0.25,18200,0
20120410,0.25,0.26,0.25,0.26,4657,0
20120411,0.26,0.26,0.24,0.24,2610,0
20120412,0.25,0.25,0.24,0.24,6100,0
20120413,0.23,0.23,0.23,0.23,5273,0
20120416,0.23,0.25,0.22,0.24,18302,0
20120417,0.24,0.25,0.23,0.23,24850,0
20120418,0.23,0.25,0.21,0.23,1951,0
20120419,0.23,0.24,0.23,0.24,6386,0
20120420,0.25,0.26,0.24,0.25,15689,0
20120423,0.25,0.25,0.25,0.25,7000,0
20120424,0.25,0.25,0.24,0.25,920,0
20120425,0.25,0.26,0.25,0.25,4026,0
20120426,0.26,0.26,0.26,0.26,770,0
20120427,0.26,0.26,0.25,0.26,2150,0
20120430,0.26,0.26,0.25,0.25,2400,0
20120502,0.26,0.26,0.24,0.25,1300,0
20120504,0.25,0.25,0.24,0.24,2984,0
20120507,0.24,0.24,0.23,0.23,20400,0
20120508,0.24,0.25,0.24,0.25,11115,0
20120509,0.25,0.26,0.25,0.26,24307,0
20120510,0.25,0.26,0.24,0.25,3301,0
20120511,0.25,0.26,0.25,0.26,12361,0
20120514,0.26,0.26,0.24,0.24,14620,0
20120515,0.25,0.26,0.25,0.26,14892,0
20120516,0.26,0.26,0.25,0.25,600,0
20120517,0.25,0.25,0.24,0.25,20593,0
20120518,0.24,0.24,0.24,0.24,1400,0
20120521,0.24,0.25,0.24,0.25,5181,0
20120522,0.25,0.25,0.24,0.24,6534,0
20120523,0.23,0.23,0.23,0.23,27800,0
20120524,0.23,0.23,0.23,0.23,1000,0
20120525,0.24,0.24,0.24,0.24,580,0
20120528,0.24,0.25,0.23,0.23,24151,0
20120529,0.23,0.25,0.23,0.23,25029,0
20120530,0.23,0.23,0.22,0.23,5726,0
20120531,0.22,0.23,0.22,0.22,2132,0
20120601,0.22,0.22,0.21,0.21,7424,0
20120604,0.21,0.23,0.2,0.23,48077,0
20120605,0.24,0.24,0.22,0.23,2401,0
20120606,0.23,0.23,0.22,0.23,3701,0
20120608,0.22,0.22,0.21,0.21,22146,0
20120611,0.21,0.25,0.19,0.25,57943,0
20120612,0.23,0.25,0.22,0.22,58660,0
20120613,0.22,0.23,0.22,0.22,10202,0
20120614,0.22,0.22,0.21,0.21,6000,0
20120615,0.21,0.23,0.21,0.23,2800,0
20120618,0.23,0.23,0.21,0.22,49506,0
20120619,0.22,0.22,0.2,0.2,24350,0
20120620,0.2,0.2,0.19,0.19,19706,0
20120621,0.2,0.2,0.19,0.19,15850,0
20120622,0.19,0.2,0.18,0.2,44110,0
20120625,0.2,0.2,0.2,0.2,600,0
20120626,0.2,0.2,0.18,0.19,8345,0
20120627,0.2,0.2,0.19,0.19,10993,0
20120628,0.19,0.2,0.19,0.2,10050,0
20120629,0.2,0.2,0.2,0.2,500,0
20120702,0.2,0.2,0.19,0.19,4200,0
20120703,0.19,0.2,0.19,0.2,4150,0
20120704,0.2,0.2,0.2,0.2,500,0
20120705,0.2,0.21,0.2,0.2,25950,0
20120706,0.2,0.2,0.2,0.2,4100,0
20120709,0.2,0.22,0.2,0.22,2368,0
20120710,0.22,0.22,0.2,0.2,9061,0
20120711,0.2,0.2,0.19,0.19,8951,0
20120712,0.19,0.2,0.19,0.2,7200,0
20120713,0.2,0.2,0.2,0.2,1000,0
20120716,0.21,0.21,0.19,0.21,2209,0
20120717,0.21,0.21,0.21,0.21,1000,0
20120718,0.21,0.21,0.21,0.21,4300,0
20120719,0.21,0.21,0.21,0.21,1300,0
20120720,0.21,0.21,0.2,0.2,2722,0
20120723,0.2,0.2,0.19,0.19,25047,0
20120724,0.19,0.19,0.18,0.19,4242,0
20120726,0.19,0.19,0.19,0.19,800,0
20120727,0.19,0.21,0.19,0.21,2884,0
20120730,0.21,0.21,0.2,0.2,5100,0
20120731,0.2,0.2,0.2,0.2,2000,0
20120801,0.2,0.2,0.2,0.2,200,0
20120802,0.2,0.2,0.2,0.2,200,0
20120803,0.2,0.2,0.2,0.2,500,0
20120806,0.2,0.21,0.2,0.21,4350,0
20120807,0.2,0.2,0.2,0.2,3600,0
20120808,0.2,0.2,0.2,0.2,200,0
20120810,0.2,0.21,0.2,0.21,8182,0
20120813,0.21,0.21,0.2,0.2,3350,0
20120814,0.21,0.21,0.21,0.21,730,0
20120816,0.21,0.21,0.2,0.21,2355,0
20120817,0.21,0.22,0.19,0.22,45772,0
20120820,0.2,0.23,0.2,0.23,27877,0
20120821,0.23,0.25,0.22,0.25,47860,0
20120822,0.24,0.25,0.23,0.25,30410,0
20120823,0.24,0.25,0.24,0.25,2450,0
20120824,0.24,0.24,0.22,0.23,50780,0
20120827,0.22,0.22,0.2,0.2,120720,0
20120828,0.2,0.2,0.19,0.19,31083,0
20120829,0.19,0.19,0.19,0.19,8812,0
20120830,0.19,0.2,0.19,0.19,16070,0
20120831,0.19,0.19,0.19,0.19,350,0
20120903,0.19,0.2,0.19,0.2,23772,0
20120904,0.2,0.21,0.19,0.2,39863,0
20120905,0.2,0.21,0.2,0.21,8500,0
20120906,0.21,0.21,0.19,0.2,26510,0
20120907,0.2,0.2,0.19,0.2,1840,0
20120910,0.2,0.2,0.2,0.2,2800,0
20120911,0.2,0.2,0.19,0.2,1310,0
20120912,0.2,0.2,0.19,0.2,6290,0
20120913,0.2,0.21,0.19,0.21,6190,0
20120914,0.21,0.21,0.21,0.21,100,0
20120917,0.2,0.21,0.19,0.2,1596,0
20120918,0.21,0.21,0.21,0.21,500,0
20120919,0.21,0.21,0.2,0.21,1202,0
20120920,0.2,0.21,0.2,0.21,1630,0
20120921,0.21,0.21,0.21,0.21,100,0
20120924,0.21,0.21,0.21,0.21,500,0
20120925,0.21,0.21,0.21,0.21,300,0
20120926,0.21,0.21,0.21,0.21,2780,0
20120927,0.21,0.21,0.2,0.2,13531,0
20120928,0.21,0.21,0.2,0.21,3679,0
20121001,0.21,0.21,0.2,0.21,490,0
20121002,0.21,0.22,0.21,0.22,24650,0
20121003,0.22,0.22,0.22,0.22,500,0
20121004,0.22,0.22,0.22,0.22,250,0
20121005,0.22,0.22,0.21,0.22,15650,0
20121008,0.22,0.22,0.22,0.22,300,0
20121009,0.21,0.22,0.21,0.22,7200,0
20121010,0.22,0.22,0.21,0.22,20060,0
20121011,0.21,0.22,0.2,0.21,39750,0
20121012,0.21,0.21,0.21,0.21,2900,0
20121015,0.21,0.22,0.2,0.2,6931,0
20121016,0.2,0.21,0.2,0.2,2865,0
20121017,0.2,0.2,0.2,0.2,500,0
20121018,0.2,0.22,0.2,0.22,828,0
20121019,0.22,0.22,0.22,0.22,350,0
20121022,0.22,0.22,0.21,0.21,1354,0
20121023,0.22,0.22,0.2,0.2,14610,0
20121024,0.2,0.21,0.2,0.2,42287,0
20121025,0.21,0.21,0.19,0.2,10614,0
20121026,0.2,0.21,0.2,0.2,1450,0
20121029,0.2,0.21,0.2,0.2,8050,0
20121030,0.19,0.2,0.19,0.2,1917,0
20121031,0.2,0.2,0.2,0.2,5301,0
20121102,0.2,0.2,0.19,0.2,7110,0
20121105,0.2,0.2,0.2,0.2,2600,0
20121106,0.2,0.21,0.2,0.2,9193,0
20121107,0.2,0.21,0.2,0.2,10977,0
20121108,0.2,0.2,0.19,0.2,65426,0
20121109,0.19,0.2,0.19,0.2,11310,0
20121112,0.2,0.2,0.2,0.2,1785,0
20121113,0.2,0.2,0.2,0.2,850,0
20121114,0.21,0.21,0.21,0.21,2557,0
20121115,0.21,0.21,0.2,0.2,7800,0
20121116,0.2,0.2,0.2,0.2,1650,0
20121119,0.19,0.2,0.19,0.2,1900,0
20121120,0.2,0.2,0.19,0.2,112085,0
20121121,0.19,0.19,0.19,0.19,1700,0
20121122,0.19,0.19,0.19,0.19,6622,0
20121123,0.19,0.19,0.18,0.19,5050,0
20121126,0.19,0.19,0.19,0.19,300,0
20121127,0.18,0.19,0.18,0.19,10288,0
20121128,0.19,0.19,0.18,0.19,1251,0
20121129,0.19,0.19,0.19,0.19,2100,0
20121130,0.19,0.19,0.18,0.18,8920,0
20121203,0.18,0.19,0.18,0.18,18027,0
20121204,0.18,0.18,0.18,0.18,17784,0
20121205,0.19,0.19,0.18,0.18,1200,0
20121206,0.17,0.18,0.17,0.18,3840,0
20121207,0.18,0.19,0.18,0.18,2800,0
20121210,0.18,0.18,0.17,0.17,15654,0
20121211,0.17,0.18,0.17,0.18,1150,0
20121212,0.18,0.18,0.17,0.18,1592,0
20121213,0.18,0.18,0.17,0.18,27533,0
20121214,0.18,0.18,0.17,0.18,29340,0
20121217,0.17,0.17,0.15,0.16,216669,0
20121218,0.16,0.18,0.15,0.17,146541,0
20121219,0.17,0.18,0.16,0.16,24133,0
20121220,0.16,0.17,0.16,0.16,33940,0
20121221,0.16,0.17,0.16,0.17,2590,0
20121227,0.17,0.17,0.16,0.17,33771,0
20121228,0.17,0.17,0.16,0.16,6100,0
20130102,0.17,0.18,0.16,0.18,34460,0
20130103,0.18,0.18,0.18,0.18,22600,0
20130104,0.18,0.18,0.17,0.18,7824,0
20130107,0.18,0.18,0.17,0.17,3550,0
20130108,0.17,0.18,0.17,0.18,19990,0
20130109,0.18,0.18,0.18,0.18,600,0
20130110,0.17,0.18,0.17,0.18,23304,0
20130111,0.18,0.18,0.18,0.18,2650,0
20130114,0.18,0.19,0.17,0.18,21116,0
20130115,0.18,0.19,0.18,0.18,45766,0
20130116,0.19,0.19,0.19,0.19,600,0
20130117,0.19,0.19,0.18,0.18,9964,0
20130118,0.18,0.18,0.18,0.18,5424,0
20130121,0.18,0.25,0.18,0.25,574257,0
20130122,0.26,0.31,0.24,0.31,1224225,0
20130123,0.33,0.39,0.32,0.39,1314152,0
20130124,0.43,0.47,0.35,0.37,2098107,0
20130125,0.35,0.38,0.34,0.34,651837,0
20130128,0.34,0.36,0.32,0.34,61020,0
20130129,0.35,0.41,0.35,0.41,627590,0
20130130,0.43,0.43,0.38,0.38,492402,0
20130131,0.38,0.38,0.35,0.35,236987,0
20130201,0.34,0.35,0.32,0.34,104771,0
20130204,0.34,0.37,0.34,0.35,157708,0
20130205,0.37,0.37,0.35,0.35,26230,0
20130206,0.36,0.36,0.33,0.34,52806,0
20130207,0.34,0.34,0.33,0.34,25065,0
20130208,0.34,0.35,0.34,0.35,21042,0
20130211,0.34,0.36,0.33,0.34,64209,0
20130212,0.33,0.33,0.3,0.31,88471,0
20130213,0.29,0.33,0.26,0.32,273520,0
20130214,0.32,0.32,0.28,0.29,57184,0
20130215,0.29,0.29,0.27,0.29,17271,0
20130218,0.28,0.29,0.28,0.29,22886,0
20130219,0.28,0.3,0.28,0.29,34207,0
20130220,0.29,0.29,0.28,0.29,4644,0
20130221,0.28,0.28,0.26,0.26,57198,0
20130222,0.28,0.29,0.26,0.28,76251,0
20130225,0.28,0.28,0.27,0.28,12750,0
20130226,0.28,0.28,0.27,0.28,11217,0
20130227,0.28,0.35,0.28,0.35,560058,0
20130228,0.36,0.37,0.33,0.36,294248,0
20130301,0.35,0.35,0.3,0.31,178657,0
20130304,0.3,0.32,0.29,0.31,79753,0
20130305,0.31,0.34,0.3,0.31,180769,0
20130306,0.31,0.34,0.3,0.34,145115,0
20130307,0.34,0.35,0.31,0.31,192732,0
20130308,0.32,0.33,0.32,0.33,27780,0
20130311,0.33,0.33,0.31,0.33,79796,0
20130312,0.33,0.35,0.32,0.34,310094,0
20130313,0.34,0.34,0.32,0.34,28100,0
20130314,0.33,0.34,0.32,0.33,9716,0
20130315,0.33,0.34,0.32,0.34,18610,0
20130318,0.34,0.34,0.32,0.33,36139,0
20130319,0.33,0.33,0.32,0.33,21274,0
20130320,0.32,0.33,0.3,0.31,104150,0
20130321,0.31,0.32,0.3,0.31,28104,0
20130322,0.29,0.31,0.29,0.31,43920,0
20130325,0.3,0.3,0.29,0.29,47465,0
20130326,0.29,0.29,0.27,0.29,41980,0
20130327,0.27,0.28,0.27,0.28,13882,0
20130328,0.28,0.28,0.27,0.27,5559,0
20130402,0.27,0.27,0.27,0.27,14216,0
20130403,0.27,0.27,0.25,0.25,93273,0
20130404,0.24,0.26,0.24,0.24,41830,0
20130405,0.25,0.26,0.25,0.26,7957,0
20130408,0.26,0.26,0.25,0.26,1708,0
20130409,0.25,0.26,0.25,0.26,6130,0
20130410,0.25,0.26,0.25,0.26,12000,0
20130411,0.26,0.26,0.26,0.26,500,0
20130412,0.25,0.28,0.25,0.28,16094,0
20130415,0.26,0.29,0.26,0.28,23450,0
20130417,0.26,0.34,0.26,0.3,299382,0
20130418,0.31,0.31,0.28,0.29,22653,0
20130419,0.27,0.28,0.27,0.28,24608,0
20130422,0.28,0.28,0.25,0.27,17086,0
20130423,0.28,0.29,0.25,0.28,25985,0
20130424,0.28,0.28,0.26,0.26,2555,0
20130425,0.26,0.28,0.26,0.27,4762,0
20130426,0.26,0.27,0.26,0.27,3499,0
20130430,0.26,0.27,0.26,0.27,11210,0
20130502,0.27,0.27,0.27,0.27,100,0
20130506,0.27,0.27,0.25,0.26,7762,0
20130507,0.26,0.27,0.26,0.26,811,0
20130508,0.25,0.25,0.24,0.25,5110,0
20130509,0.24,0.27,0.23,0.27,133107,0
20130510,0.27,0.33,0.27,0.3,587481,0
20130513,0.3,0.3,0.27,0.28,64417,0
20130514,0.28,0.31,0.27,0.3,229598,0
20130515,0.3,0.33,0.3,0.33,152566,0
20130516,0.32,0.35,0.29,0.33,284602,0
20130517,0.33,0.33,0.3,0.33,44744,0
20130520,0.33,0.33,0.25,0.27,377714,0
20130521,0.27,0.29,0.26,0.28,111679,0
20130522,0.28,0.28,0.28,0.28,200,0
20130523,0.27,0.27,0.26,0.27,52445,0
20130524,0.27,0.28,0.26,0.28,14151,0
20130527,0.28,0.28,0.27,0.27,63694,0
20130528,0.27,0.28,0.26,0.28,44274,0
20130529,0.28,0.28,0.26,0.28,19721,0
20130531,0.28,0.29,0.28,0.28,130668,0
20130603,0.28,0.28,0.27,0.28,36056,0
20130604,0.28,0.28,0.27,0.28,18850,0
20130605,0.28,0.28,0.27,0.28,1400,0
20130606,0.28,0.28,0.26,0.28,13099,0
20130607,0.27,0.28,0.27,0.28,7360,0
20130610,0.28,0.28,0.27,0.28,5513,0
20130611,0.28,0.29,0.27,0.28,76560,0
20130612,0.28,0.28,0.27,0.28,53317,0
20130613,0.27,0.28,0.27,0.28,5400,0
20130614,0.28,0.28,0.27,0.28,2950,0
20130617,0.28,0.28,0.28,0.28,2300,0
20130618,0.28,0.28,0.27,0.27,23662,0
20130619,0.28,0.28,0.28,0.28,958,0
20130620,0.27,0.28,0.26,0.27,85243,0
20130621,0.27,0.27,0.26,0.26,4870,0
20130624,0.26,0.26,0.26,0.26,1836,0
20130625,0.26,0.26,0.25,0.25,14112,0
20130626,0.25,0.25,0.25,0.25,100,0
20130627,0.25,0.25,0.25,0.25,2789,0
20130628,0.25,0.26,0.24,0.26,9535,0
20130701,0.26,0.27,0.25,0.27,8682,0
20130702,0.27,0.27,0.27,0.27,100,0
20130703,0.25,0.26,0.25,0.26,48447,0
20130704,0.26,0.26,0.26,0.26,11100,0
20130705,0.26,0.26,0.26,0.26,1500,0
20130708,0.26,0.26,0.26,0.26,300,0
20130709,0.26,0.27,0.26,0.27,17503,0
20130710,0.27,0.27,0.25,0.27,5386,0
20130711,0.27,0.27,0.26,0.27,1133,0
20130712,0.27,0.27,0.26,0.26,1387,0
20130715,0.25,0.26,0.25,0.26,1020,0
20130716,0.25,0.25,0.25,0.25,9800,0
20130717,0.25,0.26,0.23,0.24,21602,0
20130718,0.24,0.25,0.24,0.25,4627,0
20130719,0.24,0.25,0.24,0.25,3002,0
20130722,0.25,0.25,0.25,0.25,600,0
20130723,0.25,0.27,0.25,0.27,34174,0
20130724,0.27,0.27,0.25,0.25,2450,0
20130725,0.25,0.25,0.25,0.25,27200,0
20130726,0.24,0.25,0.24,0.25,1110,0
20130729,0.25,0.25,0.24,0.24,1460,0
20130730,0.24,0.25,0.24,0.25,13720,0
20130731,0.25,0.25,0.25,0.25,600,0
20130801,0.25,0.25,0.25,0.25,3100,0
20130802,0.25,0.25,0.24,0.25,13300,0
20130805,0.25,0.25,0.24,0.25,4900,0
20130806,0.25,0.27,0.25,0.26,42104,0
20130807,0.26,0.26,0.25,0.26,17018,0
20130808,0.26,0.29,0.26,0.28,141467,0
20130809,0.29,0.29,0.27,0.29,45849,0
20130812,0.27,0.29,0.27,0.29,31553,0
20130813,0.29,0.29,0.27,0.29,32805,0
20130814,0.28,0.29,0.27,0.29,12663,0
20130816,0.29,0.29,0.29,0.29,300,0
20130819,0.29,0.29,0.28,0.28,1200,0
20130821,0.29,0.29,0.29,0.29,260,0
20130822,0.31,0.34,0.31,0.34,875472,0
20130823,0.35,0.35,0.31,0.32,229633,0
20130826,0.32,0.32,0.29,0.3,132866,0
20130827,0.31,0.31,0.29,0.29,49482,0
20130828,0.3,0.31,0.29,0.3,20039,0
20130829,0.3,0.31,0.3,0.31,21186,0
20130830,0.31,0.32,0.29,0.32,70894,0
20130902,0.32,0.33,0.31,0.32,41594,0
20130903,0.32,0.32,0.31,0.31,16969,0
20130904,0.31,0.32,0.31,0.31,27801,0
20130905,0.3,0.3,0.29,0.3,28860,0
20130906,0.29,0.3,0.29,0.3,19699,0
20130909,0.29,0.3,0.29,0.3,3096,0
20130910,0.29,0.3,0.29,0.3,24886,0
20130911,0.3,0.3,0.28,0.3,35243,0
20130912,0.3,0.33,0.3,0.32,71668,0
20130913,0.32,0.33,0.31,0.31,25300,0
20130916,0.31,0.32,0.3,0.32,13401,0
20130917,0.32,0.34,0.32,0.34,94298,0
20130918,0.33,0.34,0.32,0.34,9400,0
20130919,0.34,0.34,0.33,0.33,29900,0
20130920,0.33,0.34,0.33,0.33,13550,0
20130923,0.33,0.34,0.32,0.32,28461,0
20130924,0.32,0.32,0.32,0.32,7000,0
20130925,0.33,0.33,0.32,0.32,4150,0
20130926,0.32,0.35,0.32,0.34,66070,0
20130927,0.34,0.34,0.32,0.34,17325,0
20130930,0.33,0.33,0.33,0.33,200,0
20131001,0.33,0.33,0.32,0.33,801,0
20131002,0.33,0.35,0.32,0.34,12410,0
20131003,0.34,0.34,0.33,0.34,28601,0
20131004,0.34,0.34,0.32,0.34,4190,0
20131007,0.34,0.34,0.34,0.34,100,0
20131008,0.34,0.34,0.33,0.33,1120,0
20131009,0.33,0.33,0.32,0.33,1159,0
20131010,0.33,0.34,0.32,0.34,8350,0
20131011,0.34,0.34,0.32,0.34,3851,0
20131014,0.34,0.42,0.32,0.42,272949,0
20131015,0.43,0.44,0.39,0.4,360836,0
20131016,0.4,0.4,0.37,0.4,280553,0
20131017,0.38,0.39,0.37,0.39,10342,0
20131018,0.39,0.39,0.37,0.39,24311,0
20131021,0.39,0.4,0.39,0.39,59884,0
20131022,0.38,0.4,0.38,0.4,20496,0
20131023,0.39,0.39,0.38,0.39,37600,0
20131024,0.4,0.4,0.38,0.4,5670,0
20131025,0.4,0.4,0.39,0.39,2400,0
20131028,0.38,0.38,0.38,0.38,22614,0
20131029,0.38,0.39,0.37,0.39,36477,0
20131030,0.39,0.39,0.37,0.37,35153,0
20131031,0.37,0.38,0.36,0.36,36668,0
20131104,0.35,0.38,0.35,0.38,46003,0
20131105,0.37,0.37,0.35,0.37,22470,0
20131106,0.37,0.38,0.36,0.38,10650,0
20131107,0.38,0.38,0.37,0.37,1250,0
20131108,0.35,0.38,0.35,0.38,32613,0
20131112,0.38,0.38,0.35,0.35,34867,0
20131113,0.35,0.36,0.35,0.35,6626,0
20131114,0.34,0.35,0.34,0.35,1601,0
20131115,0.35,0.36,0.35,0.36,10100,0
20131118,0.37,0.37,0.36,0.37,4354,0
20131119,0.37,0.37,0.37,0.37,100,0
20131120,0.36,0.36,0.35,0.36,1200,0
20131121,0.36,0.36,0.35,0.35,5200,0
20131122,0.35,0.36,0.35,0.35,2900,0
20131125,0.36,0.36,0.35,0.36,5480,0
20131126,0.36,0.36,0.35,0.35,8470,0
20131127,0.36,0.36,0.35,0.36,5052,0
20131128,0.36,0.36,0.35,0.36,7682,0
20131129,0.36,0.36,0.34,0.36,2200,0
20131202,0.36,0.36,0.36,0.36,21867,0
20131203,0.34,0.36,0.34,0.36,3034,0
20131204,0.36,0.36,0.34,0.35,49370,0
20131205,0.35,0.35,0.32,0.32,42963,0
20131206,0.33,0.33,0.31,0.31,15545,0
20131209,0.32,0.33,0.32,0.33,85875,0
20131210,0.33,0.33,0.32,0.33,9999,0
20131211,0.33,0.33,0.33,0.33,800,0
20131212,0.32,0.33,0.32,0.33,8050,0
20131213,0.32,0.32,0.32,0.32,575,0
20131216,0.32,0.32,0.31,0.32,15474,0
20131217,0.32,0.32,0.31,0.31,1060,0
20131218,0.32,0.32,0.29,0.3,63370,0
20131219,0.3,0.3,0.3,0.3,18430,0
20131220,0.3,0.3,0.29,0.29,4561,0
20131223,0.29,0.3,0.29,0.3,10628,0
20131227,0.31,0.32,0.3,0.32,8600,0
20131230,0.32,0.32,0.32,0.32,2801,0
20140102,0.32,0.32,0.32,0.32,50,0
20140103,0.32,0.32,0.32,0.32,100,0
20140107,0.32,0.32,0.32,0.32,550,0
20140108,0.32,0.32,0.31,0.31,860,0
20140109,0.3,0.3,0.3,0.3,9000,0
20140110,0.31,0.31,0.3,0.3,760,0
20140113,0.3,0.3,0.3,0.3,4440,0
20140114,0.3,0.3,0.29,0.29,8508,0
20140115,0.29,0.29,0.28,0.28,2903,0
20140116,0.29,0.29,0.29,0.29,5899,0
20140117,0.3,0.32,0.3,0.32,40813,0
20140120,0.32,0.33,0.32,0.32,5630,0
20140121,0.33,0.33,0.32,0.32,11075,0
20140122,0.32,0.32,0.31,0.32,2010,0
20140123,0.31,0.31,0.3,0.31,35251,0
20140124,0.32,0.32,0.31,0.32,1600,0
20140127,0.31,0.32,0.31,0.32,500,0
20140128,0.32,0.32,0.3,0.3,8834,0
20140129,0.3,0.31,0.3,0.3,19601,0
20140130,0.3,0.3,0.3,0.3,1050,0
20140131,0.3,0.32,0.3,0.32,3100,0
20140203,0.32,0.32,0.32,0.32,3213,0
20140204,0.31,0.31,0.31,0.31,5577,0
20140205,0.32,0.32,0.31,0.32,112219,0
20140206,0.32,0.34,0.3,0.34,62443,0
20140207,0.34,0.34,0.33,0.33,12390,0
20140210,0.33,0.33,0.32,0.33,10533,0
20140211,0.33,0.36,0.31,0.35,89590,0
20140212,0.36,0.36,0.33,0.35,49076,0
20140213,0.35,0.38,0.35,0.35,198332,0
20140214,0.35,0.35,0.34,0.35,24874,0
20140217,0.34,0.35,0.33,0.35,14110,0
20140218,0.34,0.35,0.34,0.35,12888,0
20140219,0.35,0.35,0.35,0.35,1620,0
20140220,0.34,0.35,0.34,0.35,1005,0
20140221,0.34,0.35,0.34,0.35,9002,0
20140224,0.35,0.36,0.33,0.36,18305,0
20140225,0.36,0.36,0.34,0.35,5810,0
20140226,0.35,0.35,0.34,0.34,14541,0
20140227,0.34,0.35,0.34,0.35,3029,0
20140228,0.35,0.35,0.34,0.35,4895,0
20140303,0.33,0.33,0.32,0.33,19110,0
20140304,0.3,0.33,0.3,0.33,13933,0
20140305,0.34,0.34,0.33,0.33,1191,0
20140306,0.33,0.34,0.33,0.34,11,0
20140307,0.34,0.34,0.34,0.34,100,0
20140310,0.32,0.34,0.31,0.31,7285,0
20140311,0.31,0.34,0.31,0.33,16020,0
20140312,0.33,0.34,0.33,0.34,6176,0
20140313,0.34,0.34,0.32,0.33,251,0
20140314,0.34,0.34,0.33,0.33,290,0
20140317,0.34,0.34,0.33,0.33,890,0
20140318,0.33,0.33,0.33,0.33,240,0
20140319,0.34,0.34,0.32,0.33,1441,0
20140320,0.33,0.33,0.33,0.33,190,0
20140321,0.33,0.33,0.33,0.33,3304,0
20140324,0.31,0.32,0.31,0.32,3681,0
20140325,0.32,0.32,0.31,0.32,1851,0
20140326,0.32,0.33,0.32,0.33,2200,0
20140327,0.32,0.33,0.32,0.33,3893,0
20140328,0.31,0.32,0.31,0.31,21888,0
20140331,0.3,0.33,0.3,0.32,7128,0
20140401,0.3,0.3,0.3,0.3,3787,0
20140402,0.3,0.3,0.3,0.3,12809,0
20140403,0.3,0.3,0.3,0.3,9749,0
20140404,0.3,0.3,0.3,0.3,1600,0
20140407,0.3,0.3,0.29,0.29,2955,0
20140408,0.29,0.29,0.29,0.29,300,0
20140409,0.3,0.32,0.3,0.32,6681,0
20140410,0.3,0.3,0.3,0.3,277,0
20140411,0.31,0.31,0.31,0.31,3,0
20140414,0.3,0.3,0.3,0.3,5116,0
20140415,0.29,0.29,0.29,0.29,1402,0
20140416,0.29,0.29,0.29,0.29,10126,0
20140417,0.29,0.29,0.29,0.29,20,0
20140422,0.29,0.29,0.28,0.28,6674,0
20140423,0.28,0.28,0.28,0.28,5668,0
20140424,0.28,0.28,0.28,0.28,2103,0
20140425,0.29,0.29,0.29,0.29,1190,0
20140428,0.29,0.29,0.29,0.29,2800,0
20140429,0.29,0.29,0.29,0.29,3310,0
20140430,0.29,0.29,0.29,0.29,940,0
20140502,0.3,0.3,0.3,0.3,2850,0
20140505,0.3,0.3,0.3,0.3,200,0
20140506,0.29,0.29,0.28,0.28,1119,0
20140507,0.29,0.29,0.28,0.28,1321,0
20140508,0.28,0.29,0.28,0.29,310,0
20140509,0.29,0.29,0.29,0.29,260,0
20140512,0.29,0.29,0.29,0.29,259,0
20140513,0.29,0.29,0.29,0.29,200,0
20140514,0.28,0.29,0.28,0.29,2705,0
20140515,0.27,0.27,0.27,0.27,1500,0
20140516,0.27,0.27,0.27,0.27,200,0
20140519,0.27,0.27,0.26,0.26,6198,0
20140520,0.27,0.27,0.27,0.27,200,0
20140521,0.26,0.26,0.26,0.26,100,0
20140522,0.26,0.28,0.26,0.28,4190,0
20140523,0.27,0.27,0.27,0.27,270,0
20140526,0.28,0.28,0.28,0.28,230,0
20140527,0.28,0.28,0.28,0.28,120,0
20140528,0.28,0.28,0.28,0.28,150,0
20140529,0.28,0.28,0.28,0.28,300,0
20140530,0.28,0.28,0.27,0.27,2605,0
20140602,0.27,0.27,0.27,0.27,2470,0
20140603,0.27,0.28,0.27,0.28,332,0
20140604,0.28,0.28,0.27,0.27,16,0
20140605,0.27,0.27,0.27,0.27,24,0
20140606,0.27,0.27,0.27,0.27,1540,0
20140609,0.27,0.27,0.27,0.27,100,0
20140610,0.28,0.28,0.28,0.28,310,0
20140611,0.28,0.28,0.28,0.28,390,0
20140612,0.28,0.28,0.28,0.28,250,0
20140613,0.27,0.27,0.27,0.27,350,0
