Date,Open,High,Low,Close,Volume,OpenInt
20070411,14.551,18.661,14.551,18.04,1264464,0
20070412,17.679,17.679,15.674,16.443,231118,0
20070413,16.467,17.744,15.704,17.242,158554,0
20070416,17.39,17.685,16.857,17.153,60646,0
20070417,17.153,17.153,16.798,17.153,124649,0
20070418,16.679,17.401,16.183,17.153,111468,0
20070419,17.147,17.508,16.638,17.508,79768,0
20070420,17.39,20.997,17.337,20.997,69058,0
20070423,21.767,23.363,20.879,21.885,100449,0
20070424,23.246,23.246,21.056,21.867,142782,0
20070425,22.949,22.949,20.702,21.885,56390,0
20070426,21.885,21.908,21.045,21.583,27377,0
20070427,21.383,21.383,19.637,20.897,25540,0
20070430,20.702,20.702,20.193,20.654,5488,0
20070502,20.672,21.59,20.53,21.59,146963,0
20070504,22.181,22.181,21.59,21.678,18753,0
20070507,21.648,21.648,20.761,20.997,49105,0
20070508,20.643,21.293,20.169,20.69,115559,0
20070509,20.169,21.175,20.169,21.175,33652,0
20070510,21.175,21.175,19.223,19.844,34289,0
20070511,18.72,20.051,18.632,20.051,23714,0
20070514,20.619,20.914,19.578,20.914,14549,0
20070515,20.939,20.939,19.874,19.962,28308,0
20070516,19.968,21.885,19.962,21.707,229996,0
20070517,21.689,21.885,21.004,21.59,43856,0
20070518,21.553,22.476,20.761,22.476,57580,0
20070521,22.719,22.985,22.211,22.86,24179,0
20070522,23.322,24.227,22.488,23.274,25837,0
20070523,23.363,23.807,22.009,22.761,31580,0
20070524,22.772,23.003,22.181,22.761,13464,0
20070525,22.062,23.363,22.062,23.056,28026,0
20070528,22.211,23.304,22.211,23.304,21637,0
20070529,23.334,24.245,23.067,23.778,43199,0
20070530,23.363,23.837,23.067,23.807,27223,0
20070531,23.66,23.955,23.363,23.6,61245,0
20070601,23.363,23.66,23.067,23.66,21432,0
20070604,23.713,23.89,23.192,23.819,11237,0
20070605,23.819,23.819,23.363,23.653,4370,0
20070606,23.647,23.66,22.535,23.423,50248,0
20070608,22.476,23.66,22.476,23.66,43405,0
20070611,23.66,23.66,23.127,23.536,10035,0
20070612,23.529,23.6,23.156,23.423,15934,0
20070613,23.393,25.434,23.393,25.374,191918,0
20070614,25.73,29.278,25.73,28.332,185504,0
20070615,28.983,30.432,28.923,29.574,234372,0
20070618,30.402,30.402,29.042,29.87,90634,0
20070619,29.048,29.841,28.995,29.574,169154,0
20070620,29.692,33.655,28.983,31.348,1026496,0
20070621,31.822,32.236,30.195,30.462,48793,0
20070622,30.757,32.413,30.579,31.94,56370,0
20070625,30.876,31.911,30.225,31.911,69675,0
20070626,31.348,31.585,30.462,31.585,20299,0
20070627,31.585,33.093,31.408,32.325,81627,0
20070628,32.827,33.093,32.827,33.064,19878,0
20070629,33.064,33.064,31.881,31.881,15866,0
20070702,31.999,32.532,28.983,32.532,57614,0
20070703,33.625,33.625,31.408,31.526,23828,0
20070704,31.408,31.822,30.313,31.822,25391,0
20070705,31.644,32.236,31.053,31.644,19791,0
20070706,31.644,32.383,30.757,32.383,21411,0
20070709,31.644,32.532,31.201,32.236,19737,0
20070710,31.94,31.94,30.757,30.757,14628,0
20070711,30.462,30.727,29.574,30.372,18084,0
20070712,30.757,30.757,28.983,30.165,23225,0
20070713,30.402,30.757,29.634,29.751,7341,0
20070716,29.515,31.911,28.806,31.911,44273,0
20070717,30.165,31.822,30.165,31.644,8057,0
20070718,30.698,31.23,30.165,30.757,7725,0
20070719,30.816,31.112,29.87,30.165,68937,0
20070720,30.225,30.934,29.929,30.402,23980,0
20070723,30.698,31.083,29.87,30.757,4992,0
20070724,29.988,31.408,29.87,30.994,27944,0
20070725,30.225,31.23,29.574,31.23,20925,0
20070726,31.171,31.319,29.278,29.278,18253,0
20070727,27.741,28.864,26.144,28.864,68942,0
20070730,28.391,29.101,27.345,29.101,47571,0
20070731,28.983,30.165,28.923,30.165,34398,0
20070801,29.101,29.278,28.155,28.391,60099,0
20070802,28.456,28.687,27.948,28.391,22166,0
20070803,28.095,28.095,26.913,28.03,12283,0
20070806,27.196,27.415,26.439,27.415,20830,0
20070807,27.208,27.681,26.055,26.616,12671,0
20070808,26.883,27.001,24.546,25.877,27641,0
20070809,25.02,25.404,23.66,25.404,41628,0
20070810,23.718,24.836,22.032,24.836,72549,0
20070813,24.192,24.842,23.481,24.127,44384,0
20070814,24.12,24.813,23.216,24.723,21759,0
20070816,23.653,23.653,21.264,23.067,53595,0
20070817,23.955,24.014,21.944,23.95,32412,0
20070820,24.96,26.025,24.251,24.842,30458,0
20070821,24.842,24.842,23.423,24.842,14400,0
20070822,25.256,26.558,23.955,26.558,21730,0
20070823,27.149,27.149,25.759,26.202,27350,0
20070824,25.523,26.025,25.079,26.025,19693,0
20070827,26.025,26.025,25.564,25.966,17615,0
20070828,25.907,26.321,25.256,26.321,9225,0
20070829,25.434,26.913,25.434,26.913,11801,0
20070830,26.853,27.208,25.641,26.38,37026,0
20070831,26.706,26.706,26.209,26.676,5636,0
20070903,27.196,27.196,26.616,26.906,4126,0
20070904,27.03,27.208,26.439,27.143,18644,0
20070905,26.676,26.676,26.031,26.374,14695,0
20070906,26.321,26.605,25.57,26.434,8890,0
20070907,26.434,26.434,25.73,26.374,6116,0
20070910,25.552,25.907,23.955,25.907,11991,0
20070911,25.434,26.262,25.434,26.262,13540,0
20070912,26.321,26.499,25.552,25.552,2210,0
20070913,25.44,26.262,25.44,26.262,2406,0
20070914,26.002,26.321,25.73,26.315,2596,0
20070917,26.315,26.315,26.031,26.31,11545,0
20070918,26.31,26.439,25.907,26.439,7861,0
20070919,26.499,26.499,25.907,26.487,12595,0
20070920,26.434,26.616,26.202,26.616,3664,0
20070921,26.321,26.327,25.978,26.255,7699,0
20070924,25.735,25.841,25.386,25.434,8030,0
20070925,25.493,25.493,24.931,25.303,4841,0
20070926,24.972,25.303,24.399,24.842,8542,0
20070927,24.723,25.493,23.985,24.493,8111,0
20070928,24.842,24.842,23.246,23.246,17404,0
20071001,23.074,23.239,22.004,22.476,15808,0
20071002,22.092,22.092,21.512,21.885,15102,0
20071003,21.885,22.943,21.441,22.476,12239,0
20071004,22.931,22.931,22.37,22.476,13980,0
20071005,22.89,23.067,22.506,23.067,7094,0
20071008,23.127,23.363,22.896,23.067,6254,0
20071009,23.186,23.186,22.713,23.032,3055,0
20071010,23.067,23.66,22.832,23.66,14380,0
20071011,23.127,23.66,22.949,23.559,16382,0
20071012,23.316,23.66,22.956,23.66,8709,0
20071015,24.185,24.185,23.66,23.95,3132,0
20071016,23.718,24.251,23.423,24.251,3683,0
20071017,24.245,24.245,23.299,23.771,9748,0
20071018,23.66,23.66,22.802,23.423,6033,0
20071019,23.067,23.66,22.949,23.66,9837,0
20071022,23.138,23.357,23.08,23.357,2623,0
20071023,23.097,23.097,21.542,22.476,22979,0
20071024,23.039,23.039,21.618,22.388,41890,0
20071025,22.346,22.506,21.825,22.293,11304,0
20071026,22.181,22.181,21.068,21.879,22419,0
20071029,21.885,21.885,21.098,21.707,13144,0
20071030,21.157,21.678,21.027,21.489,6314,0
20071031,20.962,21.116,20.306,20.306,31449,0
20071102,19.796,20.182,19.43,19.519,9799,0
20071105,19.164,19.283,18.277,18.661,10508,0
20071106,17.833,18.04,17.337,17.744,17613,0
20071107,18.034,18.153,16.833,17.715,21884,0
20071108,16.833,17.715,16.562,17.077,25627,0
20071109,17.449,17.449,16.443,17.449,20987,0
20071112,17.017,17.449,16.916,17.212,7218,0
20071113,17.626,17.626,17.04,17.325,8593,0
20071114,17.744,18.04,16.679,17.378,9799,0
20071115,17.436,17.436,14.202,16.207,37176,0
20071116,15.798,15.798,14.805,15.396,18712,0
20071119,15.97,15.97,14.793,15.379,16214,0
20071120,15.006,15.006,14.427,14.58,9030,0
20071121,14.491,14.491,13.137,13.196,21717,0
20071122,12.835,13.9,12.131,13.9,544384,0
20071123,13.9,14.195,13.663,14.195,7592,0
20071126,14.284,14.58,13.781,14.19,22847,0
20071127,13.835,13.9,13.622,13.77,9362,0
20071128,13.93,13.93,13.628,13.764,13462,0
20071129,14.137,14.538,13.805,13.953,9555,0
20071130,14.195,14.485,13.912,14.485,26172,0
20071203,14.852,15.219,14.255,14.521,10118,0
20071204,14.781,14.781,14.107,14.473,4543,0
20071205,14.609,14.609,14.195,14.255,12988,0
20071206,14.302,14.302,13.959,14.19,12682,0
20071207,14.077,14.077,13.74,13.93,3726,0
20071210,14.054,14.054,13.663,13.841,4188,0
20071211,13.9,13.9,13.19,13.563,3747,0
20071212,13.309,13.309,12.882,13.089,11259,0
20071213,13.013,13.013,12.646,12.865,21258,0
20071214,12.717,12.717,11.984,12.717,43182,0
20071217,12.688,12.688,11.752,11.889,38192,0
20071218,11.83,12.108,11.285,11.356,32759,0
20071219,11.516,11.528,11.179,11.327,408590,0
20071220,11.356,11.741,11.309,11.676,34341,0
20071221,11.706,12.338,11.499,11.782,35686,0
20071227,11.605,11.77,11.534,11.77,8106,0
20071228,11.83,12.108,11.83,11.83,18128,0
20080102,11.948,11.948,11.889,11.889,4953,0
20080103,11.83,12.125,11.593,12.125,9978,0
20080104,12.238,12.238,11.818,11.818,15141,0
20080107,11.77,11.77,11.516,11.711,13508,0
20080108,11.528,11.948,11.528,11.711,19938,0
20080109,11.545,11.871,11.516,11.593,146598,0
20080110,11.86,11.86,10.907,11.582,14783,0
20080111,11.297,11.528,10.83,11.356,59513,0
20080114,11.623,11.623,10.717,11.12,13762,0
20080115,11.12,11.12,10.647,10.795,10014,0
20080116,10.552,10.552,9.771,9.972,9042,0
20080117,10.227,10.292,9.76,10.055,14167,0
20080118,9.884,10.765,9.884,10.351,317135,0
20080121,10.469,10.469,10.026,10.055,9200,0
20080122,9.4642,10.114,9.4642,10.055,51509,0
20080123,10.067,10.174,9.819,10.055,20354,0
20080124,10.174,10.907,10.174,10.907,6123,0
20080125,11.469,11.469,10.824,11.386,9449,0
20080128,11.446,11.752,10.937,11.386,9678,0
20080129,11.563,11.782,11.481,11.534,4622,0
20080130,11.8,11.812,11.244,11.244,6177,0
20080131,11.522,11.522,10.895,10.895,2372,0
20080201,11.173,11.83,11.173,11.83,13554,0
20080204,12.096,12.096,11.83,11.83,7591,0
20080205,11.83,11.83,11.534,11.534,22376,0
20080206,11.327,11.534,11.303,11.534,8288,0
20080207,11.582,12.776,11.582,12.776,47379,0
20080208,13.095,13.409,12.688,12.895,12327,0
20080211,12.569,13.309,12.569,13.309,3192,0
20080212,13.723,13.723,13.249,13.309,15497,0
20080213,13.604,13.604,13.013,13.249,7517,0
20080214,13.545,13.545,13.013,13.072,6962,0
20080215,13.013,13.309,13.013,13.084,2426,0
20080218,13.415,13.445,12.717,13.427,5360,0
20080219,13.367,13.367,13.013,13.013,7131,0
20080220,13.397,13.397,12.953,13.013,2961,0
20080221,13.243,13.397,13.007,13.367,2151,0
20080222,13.036,13.036,12.729,12.729,3229,0
20080225,12.806,13.019,12.433,12.953,2972,0
20080226,13.013,13.031,12.634,12.634,2800,0
20080227,12.545,13.013,12.539,12.906,8441,0
20080228,13.19,13.19,12.906,13.013,36967,0
20080229,12.895,13.013,12.693,13.013,3179,0
20080303,12.551,12.551,12.125,12.421,7744,0
20080304,12.711,12.717,12.433,12.433,8853,0
20080305,12.717,13.013,12.474,12.51,49929,0
20080306,12.817,13.143,12.498,13.143,2130,0
20080307,12.812,12.953,12.634,12.895,2223,0
20080310,12.9,13.013,12.575,12.746,6235,0
20080311,12.741,12.741,12.456,12.51,1761,0
20080312,12.539,12.539,12.439,12.439,8468,0
20080313,12.439,12.481,12.439,12.481,304,0
20080314,12.481,12.776,12.481,12.776,9617,0
20080317,12.717,12.717,12.22,12.362,4539,0
20080318,12.184,12.184,11.842,12.007,2297,0
20080319,11.83,12.191,11.83,12.191,1219,0
20080320,12.191,12.699,11.842,12.699,3045,0
20080325,12.433,12.599,12.433,12.599,1938,0
20080326,12.421,13.604,11.901,13.338,14688,0
20080327,13.013,13.013,13.013,13.013,69,0
20080328,12.806,12.806,12.776,12.776,1145,0
20080331,12.456,12.776,12.421,12.776,2337,0
20080401,13.007,13.007,12.835,12.835,290,0
20080402,12.58,12.829,12.58,12.711,196,0
20080403,12.545,12.569,12.421,12.421,43595,0
20080404,12.421,12.539,12.137,12.421,7458,0
20080407,12.539,12.539,12.285,12.297,52564,0
20080408,11.989,12.717,11.901,12.421,59616,0
20080409,12.356,12.734,12.356,12.663,8907,0
20080410,12.941,12.941,12.599,12.918,129625,0
20080411,12.729,13.013,12.717,13.013,6053,0
20080414,13.072,13.249,12.9,12.924,3244,0
20080415,13.249,13.604,12.983,13.604,5983,0
20080416,13.894,14.137,13.604,14.137,738040,0
20080417,14.314,14.385,13.988,14.373,175045,0
20080418,14.367,14.468,14.137,14.148,7290,0
20080421,14.148,14.148,13.013,13.959,13271,0
20080422,13.61,13.61,13.013,13.604,9079,0
20080423,13.574,13.799,13.137,13.799,12481,0
20080424,13.456,13.965,13.456,13.965,21076,0
20080425,14.195,14.195,13.87,14.13,127857,0
20080428,14.195,14.195,13.491,13.781,25293,0
20080429,13.516,13.604,13.22,13.604,1298,0
20080430,13.309,13.309,13.261,13.309,1262,0
20080505,13.314,13.427,13.19,13.19,894,0
20080506,13.013,13.013,12.729,12.865,1542,0
20080507,12.746,13.013,12.746,13.013,4636,0
20080508,13.013,13.072,13.013,13.072,425,0
20080509,12.9,13.131,12.9,13.131,3372,0
20080512,13.604,13.604,13.013,13.013,543,0
20080513,12.9,13.072,12.888,13.072,1104,0
20080514,12.605,12.605,11.83,12.403,7262,0
20080515,12.244,12.244,11.428,11.889,13359,0
20080516,11.475,11.711,11.475,11.711,1884,0
20080519,11.653,11.653,11.12,11.292,6869,0
20080520,10.765,10.878,10.765,10.866,2382,0
20080521,10.949,10.949,10.942,10.942,1740,0
20080523,10.883,11.002,10.883,11.002,1686,0
20080526,10.7,11.179,10.7,11.179,211,0
20080527,11.002,11.232,10.942,11.232,1259,0
20080528,11.238,11.534,11.238,11.534,338280,0
20080529,11.582,11.582,11.238,11.582,2922,0
20080530,10.647,11.534,10.647,11.534,667,0
20080602,11.12,11.297,11.12,11.297,1400,0
20080603,10.883,11.38,10.883,11.38,230,0
20080604,11.297,11.297,11.297,11.297,1,0
20080605,10.765,10.942,10.765,10.765,1149,0
20080606,11.061,11.232,10.949,11.232,1853,0
20080609,10.942,10.942,10.942,10.942,1683,0
20080610,10.588,10.931,10.416,10.931,1356,0
20080611,10.055,10.351,10.055,10.096,1749,0
20080612,9.996,10.913,9.996,10.913,592,0
20080613,10.528,10.73,10.528,10.588,169321,0
20080616,10.647,10.647,10.174,10.174,347,0
20080617,10.174,10.174,10.174,10.174,168,0
20080618,10.345,10.351,10.174,10.174,2607,0
20080619,10.167,10.167,10.167,10.167,33,0
20080620,10.167,10.167,10.144,10.144,388,0
20080623,10.055,10.647,9.937,10.647,8278,0
20080624,10.091,10.286,10.055,10.286,1581,0
20080625,9.937,9.937,9.937,9.937,168,0
20080626,9.996,10.055,9.7,10.055,1054,0
20080627,9.594,10.043,9.4931,9.7,2383,0
20080630,9.561,9.643,9.4987,9.643,26504,0
20080701,9.643,9.643,9.3784,9.637,6340,0
20080702,9.467,9.467,9.467,9.467,319,0
20080703,9.599,9.599,9.467,9.467,51389,0
20080704,9.0502,9.517,9.0502,9.4856,1180,0
20080707,9.1826,9.3281,8.9933,9.3281,3187,0
20080708,9.0306,9.4726,9.0306,9.4726,127,0
20080709,9.4726,9.599,9.1574,9.4726,2288,0
20080710,9.467,9.467,8.8413,9.2516,1715,0
20080711,8.7909,8.7909,8.3361,8.6141,7308,0
20080714,8.273,8.273,7.9193,7.9193,3040,0
20080715,7.9067,7.9067,7.212,7.4458,4027,0
20080716,7.2183,7.4205,6.7572,7.4205,10246,0
20080717,7.6099,7.7047,7.149,7.4141,2679,0
20080718,7.294,7.294,6.732,7.0099,5663,0
20080721,6.8963,7.0099,6.8205,7.0037,1807,0
20080722,7.0099,7.2626,6.9342,7.2626,2920,0
20080723,7.2626,7.4521,7.2626,7.294,2676,0
20080724,7.3573,7.3573,7.1363,7.3194,2160,0
20080725,7.3194,7.3194,7.3194,7.3194,6,0
20080728,7.3131,7.3131,7.2057,7.2057,1045,0
20080729,7.0731,7.351,7.0731,7.1742,657,0
20080730,7.3825,7.692,7.212,7.3446,12145,0
20080731,7.3889,7.4141,7.2626,7.4141,479,0
20080801,7.2626,7.4078,7.2626,7.4078,1312,0
20080804,7.3889,7.4016,7.1995,7.1995,2137,0
20080805,7.212,7.294,6.9973,7.1047,4947,0
20080806,7.1425,7.3257,7.1425,7.3257,1267,0
20080807,7.149,7.2879,7.1174,7.2879,239,0
20080808,7.2499,7.2499,7.2436,7.2436,951,0
20080811,7.2436,7.2436,7.1995,7.1995,1552,0
20080812,6.9783,7.1047,6.9595,7.0099,2040,0
20080813,6.9468,6.9468,6.8457,6.8457,15037,0
20080814,6.8205,6.9342,6.7889,6.7889,25825,0
20080818,6.751,6.751,6.4479,6.6941,1596,0
20080819,6.631,6.631,6.4479,6.4542,22215,0
20080820,6.5678,6.7447,6.4542,6.7447,1158,0
20080821,7.0858,7.0858,6.7572,6.8205,3364,0
20080822,6.8141,6.8205,6.6689,6.7257,72108,0
20080825,6.909,6.9342,6.7257,6.9342,14504,0
20080826,6.8331,6.9468,6.8331,6.9468,7808,0
20080827,7.1047,7.6099,6.9783,7.6099,5012,0
20080828,7.2689,7.7994,7.2689,7.7994,515,0
20080829,7.8057,8.5256,7.7994,8.5256,5168,0
20080901,8.5256,9.0623,8.5256,8.7088,171127,0
20080902,8.7088,8.8413,8.6141,8.8225,5522,0
20080903,8.3994,8.3994,8.0835,8.1783,12185,0
20080904,8.3676,8.5256,8.3172,8.3614,84579,0
20080905,8.3803,8.3803,7.9572,8.0204,5364,0
20080908,8.2856,8.2856,8.0204,8.0204,1513,0
20080909,8.311,8.311,7.9067,8.1214,1317,0
20080910,7.9067,7.9067,7.9003,7.9003,526,0
20080911,7.8942,8.0899,7.7678,8.0899,2679,0
20080912,8.0268,8.0268,8.0268,8.0268,541,0
20080915,7.9257,8.0078,7.9257,8.0078,154,0
20080916,8.0078,8.0078,8.0078,8.0078,16,0
20080917,7.831,7.831,7.5783,7.7867,2333,0
20080918,7.0099,7.6415,7.0099,7.6415,5195,0
20080919,7.5783,8.3172,7.5783,8.3172,8742,0
20080922,8.2161,8.3614,7.9635,8.3614,7869,0
20080923,8.292,8.292,7.9699,8.1657,1301,0
20080924,8.1151,8.1277,7.9131,8.1277,1124,0
20080925,7.9067,8.1025,7.9067,8.1025,184,0
20080926,7.9067,8.0078,7.6415,8.0078,1810,0
20080929,7.7678,7.7678,7.6542,7.6542,2234,0
20080930,7.831,7.831,7.2816,7.5658,7173,0
20081001,7.3637,7.3699,7.1363,7.1679,3198,0
20081002,7.0858,7.0921,6.9783,7.0921,8861,0
20081003,6.9468,6.9468,6.8205,6.8268,11745,0
20081006,6.3469,6.6626,6.3469,6.4542,3918,0
20081007,6.4415,6.4415,6.3405,6.4415,2090,0
20081008,6.4415,6.7889,5.9868,6.4479,14207,0
20081009,6.3784,6.4415,6.3405,6.4415,16098,0
20081010,5.8795,6.0689,5.7089,6.0689,11046,0
20081013,6.3153,6.3153,6.3153,6.3153,561,0
20081014,6.4415,6.6941,6.4415,6.6941,2638,0
20081015,6.6941,6.6941,6.3847,6.5046,1964,0
20081016,6.3153,6.7572,6.3153,6.7572,2729,0
20081017,6.7572,6.7572,6.4542,6.7572,3300,0
20081020,6.5299,6.5994,6.3153,6.5994,951,0
20081021,6.631,6.7889,6.631,6.6436,1594,0
20081022,6.4731,6.4731,6.3153,6.391,1155,0
20081023,6.3153,6.5678,5.9679,6.5678,10970,0
20081024,6.1889,6.1889,6.1889,6.1889,817,0
20081027,6.1574,6.631,6.1258,6.631,3080,0
20081028,6.631,6.9468,6.4542,6.9405,6317,0
20081029,7.1363,7.1868,6.7763,7.1363,8844,0
20081030,6.9468,7.1363,6.9468,7.1363,2934,0
20081031,7.2626,7.2626,6.9468,7.1995,964,0
20081103,6.9468,6.9468,6.9468,6.9468,468,0
20081104,7.1363,7.1363,6.8836,6.8836,2392,0
20081105,6.8205,6.8205,6.631,6.631,1451,0
20081106,6.6941,6.6941,6.4479,6.4479,3854,0
20081110,6.751,6.8836,6.751,6.8836,88,0
20081114,6.9468,6.9468,6.2205,6.2269,4502,0
20081117,6.2521,6.2521,6.2395,6.2395,812,0
20081118,6.2205,6.2205,5.9995,5.9995,2376,0
20081119,6.0627,6.3153,5.7786,5.7786,3256,0
20081120,5.7786,5.7786,5.3743,5.3743,561,0
20081121,5.6837,5.9112,5.6837,5.9112,411,0
20081124,5.8731,5.8731,5.6837,5.8731,485,0
20081125,5.8731,5.8731,5.6837,5.6837,2053,0
20081126,5.6837,5.6837,5.1785,5.5574,6165,0
20081127,5.5574,5.6522,5.368,5.6205,3297,0
20081128,5.6205,5.9932,5.3996,5.9932,3859,0
20081201,5.6837,5.6837,5.4436,5.4436,1300,0
20081202,5.6775,5.6775,5.6775,5.6775,549,0
20081203,5.5006,5.5006,5.5006,5.5006,3342,0
20081204,5.5069,5.6837,5.368,5.4311,18346,0
20081205,5.368,5.368,5.368,5.368,396,0
20081208,5.4627,5.5258,5.4311,5.5258,13068,0
20081209,5.6143,5.6143,5.4311,5.6143,6634,0
20081210,5.6079,5.6079,5.368,5.368,1776,0
20081211,5.368,5.368,5.1785,5.1785,3241,0
20081212,5.1848,5.1848,4.8185,4.9259,4757,0
20081215,4.8311,4.9259,4.7554,4.7554,7672,0
20081216,4.9259,4.9259,4.9259,4.9259,4322,0
20081217,4.7491,4.9132,4.7364,4.9132,6611,0
20081218,4.4838,4.7364,4.4838,4.7364,7533,0
20081219,4.8627,4.8627,4.4838,4.6733,4597,0
20081222,4.6416,4.6416,4.4333,4.6039,2362,0
20081223,4.4333,4.5469,4.4333,4.5469,10149,0
20081229,4.8438,5.0018,4.8438,5.0018,3245,0
20081230,5.1026,5.1154,4.8059,5.008,4855,0
20081231,5.008,5.008,5.008,5.008,3166,0
20090105,4.7364,4.9827,4.7364,4.8122,26360,0
20090106,4.8122,4.8122,4.6416,4.7995,12977,0
20090107,4.7995,4.7995,4.7049,4.7995,2772,0
20090108,4.6416,4.7049,4.5469,4.7049,5213,0
20090109,4.6733,4.7301,4.6733,4.7301,3976,0
20090112,4.5469,4.5469,4.4838,4.4838,47193,0
20090113,4.5469,4.5469,4.4522,4.4838,7204,0
20090114,4.4333,4.5408,4.4207,4.5408,1508,0
20090115,4.4207,4.4207,4.2944,4.3891,1119,0
20090116,4.4207,4.5408,4.4207,4.5408,1398,0
20090119,4.5408,4.6416,4.4207,4.4207,2259,0
20090120,4.6354,4.6354,4.4207,4.5469,2503,0
20090121,4.4271,4.4333,4.4271,4.4271,1740,0
20090122,4.4522,4.5154,4.4207,4.5154,7140,0
20090123,4.2944,4.5343,4.2944,4.5343,8487,0
20090126,4.6733,4.6733,4.4207,4.6669,11598,0
20090127,4.5848,4.6416,4.4838,4.6416,1995,0
20090128,4.6607,4.9259,4.6607,4.9259,14017,0
20090129,4.9259,5.0395,4.8059,5.0395,8222,0
20090130,5.0395,5.3552,5.0395,5.3552,8816,0
20090202,5.3364,5.3364,5.0964,5.3237,772,0
20090203,5.0522,5.1785,5.0522,5.1785,1540,0
20090204,5.1469,5.3048,5.0522,5.3048,3257,0
20090205,5.0522,5.3048,5.0522,5.2921,325,0
20090206,5.3048,5.5953,5.0522,5.5953,645,0
20090209,5.3996,5.5574,5.3996,5.5574,206,0
20090210,5.368,5.3743,5.368,5.368,1086,0
20090211,5.3616,5.3616,5.1154,5.3552,1383,0
20090212,5.4059,5.4059,5.1469,5.368,1516,0
20090213,5.2417,5.286,5.1154,5.1154,3864,0
20090216,5.1154,5.3364,4.9259,5.3048,5077,0
20090218,5.3552,5.3552,4.7995,5.2164,2016,0
20090219,5.2038,5.2038,5.1911,5.1911,1111,0
20090220,5.0838,5.0838,4.8817,4.9575,1139,0
20090223,5.1722,5.1722,4.989,5.0838,2324,0
20090224,5.0838,5.1595,5.0838,5.1469,4169,0
20090225,5.1091,5.1469,5.1091,5.1469,3191,0
20090226,5.0522,5.3048,5.0522,5.2985,10654,0
20090227,5.2985,5.2985,5.1469,5.2101,7124,0
20090302,5.1785,5.1785,5.1785,5.1785,79,0
20090303,5.0269,5.2101,5.0142,5.2101,743,0
20090305,5.1154,5.1154,5.1154,5.1154,159,0
20090306,5.1469,5.1595,5.1154,5.1595,2559,0
20090309,5.1722,5.1722,5.0522,5.0522,2259,0
20090310,5.1785,5.229,5.0585,5.229,553,0
20090311,5.3048,5.6017,5.2417,5.6017,1077,0
20090312,5.5574,5.9679,5.4943,5.9679,4723,0
20090313,5.6837,6.0627,5.6837,5.9995,2683,0
20090316,6.0627,6.2141,6.0627,6.2141,1894,0
20090317,6.2205,6.5363,6.2015,6.5172,8643,0
20090318,6.631,6.631,6.1448,6.4415,176487,0
20090319,6.2521,6.3153,6.1258,6.2521,228307,0
20090320,6.0627,6.0627,6.0627,6.0627,2719,0
20090323,6.0627,6.5616,5.8101,6.1889,15326,0
20090324,6.4415,6.4415,6.1258,6.4415,2883,0
20090325,6.0689,6.631,6.0689,6.631,5180,0
20090326,6.5994,6.8647,6.5994,6.6626,3296,0
20090327,6.6626,6.6626,6.3153,6.631,2433,0
20090330,6.3153,6.3784,6.3153,6.3784,6456,0
20090331,6.3784,6.6247,6.3784,6.6247,47583,0
20090402,6.4415,6.5678,6.4415,6.5678,2376,0
20090403,6.5616,6.5616,6.41,6.5552,4838,0
20090406,6.4415,6.631,6.4353,6.4353,9390,0
20090407,6.3153,6.8583,6.3153,6.8583,159,0
20090408,6.5046,7.0983,6.4415,6.9531,8859,0
20090409,7.2436,7.5783,7.2436,7.5405,24044,0
20090414,7.5783,8.0204,7.5153,7.572,3659,0
20090415,7.4836,7.5783,7.4836,7.5783,3165,0
20090416,7.5783,7.5783,7.2752,7.3257,1092,0
20090417,7.2816,7.5341,7.2816,7.4393,1520,0
20090420,7.2626,7.294,6.9595,7.1363,6240,0
20090421,6.9595,7.1363,6.9595,7.1363,198,0
20090422,7.1363,7.1363,6.9657,7.1363,3883,0
20090423,7.0731,7.1363,6.8268,7.1363,17232,0
20090424,7.1615,7.3257,7.0731,7.3257,2813,0
20090427,7.3257,7.3257,7.2626,7.2626,341,0
20090428,7.2626,7.2626,7.1047,7.1931,1569,0
20090429,7.1298,7.5153,7.1236,7.2626,3516,0
20090430,7.2626,7.5783,7.2626,7.5783,6819,0
20090504,7.3637,7.5783,7.3637,7.5405,7018,0
20090505,7.7047,7.7047,7.3889,7.3889,7910,0
20090506,7.3889,7.7047,7.3889,7.673,15014,0
20090507,7.6857,7.7047,7.673,7.673,15525,0
20090508,7.5783,7.6415,7.4708,7.6415,404,0
20090511,7.6352,7.7362,7.5909,7.7047,22761,0
20090512,7.6415,7.7362,7.6225,7.6415,20688,0
20090513,7.6415,7.6415,7.3257,7.4141,8293,0
20090514,7.0794,7.3067,6.9468,6.9657,4264,0
20090515,6.9657,6.9722,6.8709,6.9405,5295,0
20090518,6.8141,7.0605,6.6689,6.6941,1747,0
20090519,6.7068,7.0542,6.7068,6.7572,954,0
20090520,6.9973,7.2183,6.9973,7.0415,1965,0
20090521,7.1047,7.231,7.0099,7.1868,3039,0
20090522,6.8268,7.1931,6.8268,6.8647,2384,0
20090525,7.1615,7.1615,7.1615,7.1615,16,0
20090526,7.2057,7.2057,6.9531,6.9595,1097,0
20090527,6.9531,6.9531,6.8205,6.8205,2447,0
20090528,7.1298,7.1298,7.1298,7.1298,87,0
20090601,7.0731,7.0731,6.8205,6.8394,3108,0
20090602,6.9468,7.0415,6.9468,7.0415,484,0
20090603,7.0731,7.0731,7.0731,7.0731,429,0
20090604,6.9405,7.0794,6.9405,7.0794,8761,0
20090605,7.0858,7.0858,7.0731,7.0731,257,0
20090608,7.0858,7.1931,6.8836,6.9783,632,0
20090609,6.9783,7.0099,6.8394,7.0099,2016,0
20090610,6.9468,6.9468,6.8521,6.8521,3288,0
20090612,6.9468,7.0099,6.909,7.0099,5347,0
20090615,7.1298,7.1298,7.1298,7.1298,16,0
20090616,6.9468,7.1236,6.8205,7.1236,1909,0
20090617,7.0099,7.1047,7.0099,7.0605,1745,0
20090618,6.9468,7.0731,6.8016,7.0731,768,0
20090619,6.8394,6.9468,6.8394,6.9468,2421,0
20090622,6.9468,7.0415,6.8583,6.8583,2651,0
20090623,6.8205,6.9783,6.3153,6.7572,10282,0
20090624,6.9215,6.9215,6.5046,6.8205,491,0
20090626,6.6293,6.8232,6.6293,6.8232,3139,0
20090629,6.7897,7.057,6.7897,7.057,3550,0
20090630,6.9568,7.0102,6.9568,7.0102,252,0
20090701,6.9501,6.9501,6.9501,6.9501,142,0
20090702,6.8232,7.0102,6.8232,7.0102,902,0
20090703,6.8232,7.0036,6.7563,6.9501,861,0
20090706,6.8498,6.9501,6.8298,6.9501,2624,0
20090707,6.9501,7.0369,6.89,6.89,1172,0
20090708,6.9835,6.9835,6.89,6.89,345,0
20090709,7.0168,7.0168,7.0168,7.0168,149,0
20090710,7.0168,7.2173,7.0168,7.2173,1321,0
20090713,6.9167,7.1038,6.9167,7.0168,1588,0
20090714,7.0168,7.0168,6.8498,6.8498,4098,0
20090715,6.8298,6.8498,6.8165,6.8498,1624,0
20090716,6.7563,6.91,6.6827,6.8432,6631,0
20090717,6.8432,6.8766,6.6827,6.6827,17270,0
20090720,6.6827,6.803,6.6827,6.803,6696,0
20090721,6.6827,6.7897,6.6827,6.7897,6019,0
20090722,6.7496,6.7496,6.6226,6.6827,3031,0
20090723,6.803,6.8098,6.6827,6.6827,13122,0
20090724,6.91,7.2107,6.8165,7.1505,34467,0
20090727,7.3176,7.3176,7.2173,7.2173,16107,0
20090728,7.2241,7.3176,7.184,7.2173,18495,0
20090729,7.2509,7.2708,7.1505,7.2708,47858,0
20090730,7.3445,7.3511,7.2308,7.2843,5491,0
20090731,7.3445,7.3445,7.0168,7.2708,58062,0
20090803,7.3176,7.5983,7.3176,7.3844,2040,0
20090804,7.4246,7.4446,7.3844,7.4446,4643,0
20090805,7.4847,7.6851,7.4847,7.5516,18749,0
20090806,7.5516,7.6518,7.5516,7.6452,2670,0
20090807,7.5648,7.5648,7.5583,7.5583,396,0
20090810,7.6183,7.7589,7.6183,7.6584,7492,0
20090811,7.6919,8.0193,7.6919,7.772,10857,0
20090812,7.7521,7.7521,7.585,7.6183,3401,0
20090813,7.9459,7.9459,7.6851,7.6851,2328,0
20090814,7.6851,7.8188,7.6851,7.8188,4526,0
20090817,7.8188,7.8188,7.5583,7.5583,2863,0
20090818,7.7854,7.7854,7.5583,7.7453,4531,0
20090819,7.7121,7.9525,7.6986,7.9525,11746,0
20090820,7.9859,7.9859,7.9859,7.9859,1644,0
20090821,7.8188,8.3401,7.8188,8.0193,6469,0
20090824,8.153,8.4671,8.153,8.4537,37500,0
20090825,8.153,8.4537,8.153,8.4537,1963,0
20090826,8.4738,8.4738,8.2198,8.4403,3230,0
20090827,8.3735,8.6476,8.3735,8.5874,12118,0
20090828,8.6542,9.0082,8.6542,8.9886,12212,0
20090831,8.7879,9.122,8.6876,9.0819,7781,0
20090901,8.915,9.0222,8.848,9.0222,11523,0
20090902,8.9486,8.9486,8.2532,8.6207,10804,0
20090903,7.9525,8.3603,7.9525,8.3603,22274,0
20090904,8.427,8.6876,8.427,8.6876,12557,0
20090907,8.3067,8.6876,8.3067,8.6876,2014,0
20090908,8.6876,8.6876,8.6876,8.6876,8770,0
20090909,8.3535,8.5473,8.3535,8.3669,597,0
20090910,8.1664,8.6476,8.153,8.3201,3981,0
20090911,8.3535,8.6809,8.1196,8.6809,301968,0
20090914,8.3535,8.6809,8.153,8.3535,36617,0
20090915,8.6742,8.6742,8.2332,8.4537,347,0
20090916,8.3535,8.6609,8.3535,8.6609,120,0
20090917,8.5874,8.6609,8.3603,8.6409,722,0
20090918,8.4202,8.5539,8.3535,8.5539,1343,0
20090921,8.2934,8.6742,8.2934,8.5473,788,0
20090922,8.4202,8.7344,8.2198,8.6876,85282,0
20090923,8.7545,8.7545,8.5071,8.5071,2668,0
20090924,8.6809,8.6809,8.6809,8.6809,439,0
20090925,8.7545,8.7545,8.427,8.4403,616,0
20090928,8.8213,8.8213,8.3535,8.7745,40025,0
20090929,8.7545,9.0884,8.6876,8.6876,7183,0
20090930,8.2266,9.0082,8.2266,9.0082,1550,0
20091001,8.8012,9.0222,8.8012,9.0222,7597,0
20091002,8.9551,9.0222,8.9551,9.0222,61521,0
20091005,9.0549,9.1556,9.0549,9.1556,16047,0
20091006,9.2227,9.2824,8.9551,9.2227,4476,0
20091007,9.2553,9.2553,9.0884,9.0884,19510,0
20091008,9.0884,9.2227,9.0884,9.2227,839,0
20091009,9.0222,9.0884,8.9551,9.0819,2365,0
20091012,9.1155,9.1155,8.6876,9.0148,73744,0
20091013,8.8213,9.0148,8.7077,8.8547,1488,0
20091014,8.701,8.701,8.701,8.701,63,0
20091015,8.6943,8.6943,8.6876,8.6876,7238,0
20091016,8.3535,8.6876,8.3535,8.6876,595,0
20091019,8.387,8.387,8.2266,8.387,4943,0
20091020,8.2866,8.2866,8.0528,8.2532,1651,0
20091021,8.0326,8.2532,8.0326,8.2532,32415,0
20091022,8.0326,8.0326,7.5516,8.0193,9181,0
20091023,8.153,8.2532,8.153,8.2532,2053,0
20091026,8.1998,8.1998,8.0595,8.0595,3720,0
20091027,8.2532,8.2532,8.2532,8.2532,77,0
20091028,8.2866,8.2866,7.9525,8.2866,631,0
20091029,8.0193,8.153,8.0193,8.026,2234,0
20091030,7.8857,8.2733,7.8857,8.0861,10696,0
20091102,7.9525,8.4337,7.9525,8.2532,17952,0
20091103,8.2866,8.4202,8.2866,8.3535,6734,0
20091104,8.0326,8.4604,8.0193,8.4202,32283,0
20091105,8.4202,8.4202,8.4136,8.4202,1400,0
20091106,8.5406,8.5406,8.5406,8.5406,15,0
20091109,8.5406,8.5874,8.2866,8.2866,7497,0
20091110,8.2866,8.4202,8.2866,8.3935,165,0
20091112,8.0528,8.2799,8.0193,8.2799,2637,0
20091113,8.2799,8.2799,8.2799,8.2799,78,0
20091116,8.2799,8.2799,8.0193,8.2799,2205,0
20091117,8.1196,8.2866,8.0528,8.0528,6895,0
20091118,8.0528,8.2733,8.0528,8.0528,3021,0
20091119,8.0528,8.0528,7.8523,7.8523,5119,0
20091120,7.8523,7.9525,7.6183,7.6851,10265,0
20091123,7.7521,8.2733,7.7187,8.2733,1826,0
20091124,8.2198,8.2866,8.0193,8.2733,16106,0
20091125,8.2198,8.2532,8.2198,8.2532,1361,0
20091126,8.2532,8.3401,8.2198,8.2198,1092,0
20091127,8.1864,8.2198,8.1864,8.2198,577,0
20091130,8.2198,8.2198,8.0193,8.1998,1383,0
20091202,7.8523,8.026,7.8523,8.026,1003,0
20091203,8.1998,8.1998,7.9525,8.193,4975,0
20091204,8.0193,8.1597,8.0193,8.1597,1101,0
20091207,8.1597,8.1597,8.0193,8.0929,5068,0
20091208,7.8857,8.0794,7.8857,8.0794,3006,0
20091209,7.8924,7.8924,7.8924,7.8924,204,0
20091210,7.8857,7.9859,7.8857,7.9859,1586,0
20091211,7.8523,8.0393,7.7589,7.7655,245,0
20091214,7.7854,8.0193,7.7854,7.8857,20954,0
20091215,7.7921,8.0193,7.7921,8.0193,181,0
20091216,7.8857,8.1463,7.8857,8.1463,824,0
20091217,8.153,8.3535,8.153,8.3535,1915,0
20091218,8.113,8.5874,8.1063,8.5874,114054,0
20091221,8.6676,8.6676,8.387,8.6676,3123,0
20091222,8.6742,8.6742,8.3201,8.4537,582,0
20091223,8.4604,8.6008,8.2866,8.6008,2484,0
20091228,8.2198,8.3401,8.2198,8.2866,2280,0
20091229,8.2934,8.2934,8.0929,8.1864,1670,0
20091230,8.193,8.193,8.0193,8.0193,19467,0
20091231,8.2266,8.6742,8.2266,8.6676,2993,0
20100104,8.6676,8.6676,8.4871,8.5539,628,0
20100105,8.5539,8.6207,8.5539,8.6207,4189,0
20100106,8.5539,8.5539,8.4202,8.4202,1055,0
20100107,8.4202,8.4202,8.3802,8.3802,1214,0
20100108,8.2198,8.6207,8.2198,8.2866,4896,0
20100111,8.3535,8.5539,8.2866,8.2866,1144,0
20100112,8.5206,8.5206,8.2532,8.2532,1188,0
20100113,8.4202,8.4202,8.1864,8.4202,2396,0
20100114,8.3201,8.4136,8.3201,8.4136,1281,0
20100115,8.3535,8.3535,8.3469,8.3535,22783,0
20100118,8.3603,8.4202,8.3603,8.4202,222,0
20100119,8.4202,8.5539,8.387,8.5473,4248,0
20100120,8.6207,8.9486,8.6207,8.6809,6048,0
20100121,8.848,8.848,8.6274,8.6274,10324,0
20100122,8.6207,8.6207,8.3735,8.5874,22150,0
20100125,8.5539,8.6207,8.5539,8.6207,9779,0
20100126,8.5874,8.7813,8.5874,8.7745,5042,0
20100127,8.7879,8.9616,8.7879,8.9551,6255,0
20100128,8.9616,9.0017,8.8346,8.9551,11278,0
20100129,9.0875,9.1388,8.7936,8.9551,10845,0
20100201,8.9551,8.9551,8.5539,8.7545,3479,0
20100202,8.3603,8.6876,8.1597,8.1799,9543,0
20100203,8.4337,8.4337,8.4337,8.4337,1,0
20100204,8.4136,8.4136,8.0595,8.3201,1254,0
20100205,8.3135,8.3135,8.0193,8.2064,1586,0
20100208,8.1864,8.2799,8.1864,8.2799,1288,0
20100209,8.026,8.2198,8.026,8.2198,4678,0
20100210,8.1864,8.2799,8.1864,8.2799,1114,0
20100211,8.2799,8.8213,8.2799,8.8213,5376,0
20100212,8.4202,8.8079,8.4202,8.4403,1091,0
20100215,8.5539,8.8012,8.5539,8.8012,4968,0
20100216,8.721,9.0148,8.6876,9.0148,3928,0
20100217,9.0222,9.1556,8.8879,9.1556,4570,0
20100218,9.0884,9.2022,8.828,9.1891,4568,0
20100219,9.2022,9.2693,8.9616,9.2693,3513,0
20100222,9.2693,9.2693,9.0222,9.2227,6968,0
20100223,9.0549,9.0549,9.0549,9.0549,2750,0
20100224,8.9551,9.1891,8.9551,9.0884,165,0
20100225,9.0884,9.1826,8.6876,8.8547,6049,0
20100226,8.6876,8.8146,8.6876,8.8146,1212,0
20100301,8.7745,9.2628,8.7745,9.2628,7508,0
20100302,9.149,9.523,9.149,9.4894,8052,0
20100303,9.523,9.884,9.149,9.884,3838,0
20100304,9.89,9.957,9.356,9.957,19829,0
20100305,9.924,10.692,9.924,10.652,17356,0
20100308,10.633,10.639,10.218,10.626,1053,0
20100309,10.358,10.472,10.097,10.338,4157,0
20100310,10.071,10.679,10.025,10.66,14684,0
20100311,10.826,10.826,10.378,10.82,1803,0
20100312,10.633,10.692,10.158,10.626,4011,0
20100315,10.225,10.525,10.225,10.426,2718,0
20100316,10.432,10.432,10.185,10.426,3652,0
20100317,10.178,10.426,10.178,10.426,3092,0
20100318,10.291,10.492,10.291,10.492,260,0
20100319,10.258,10.352,10.258,10.352,2077,0
20100322,10.291,10.291,10.091,10.091,2741,0
20100323,9.85,10.158,9.824,10.158,3477,0
20100324,9.831,10.158,9.831,10.158,1527,0
20100325,9.764,10.091,9.764,10.091,4455,0
20100326,10.124,10.559,9.89,10.559,33096,0
20100329,10.559,10.692,10.432,10.626,7243,0
20100330,10.66,11.02,10.398,11.02,7107,0
20100331,11.019,11.218,10.866,11.211,2949,0
20100401,11.494,11.494,10.559,11.147,67622,0
20100406,11.16,11.16,11.053,11.061,2566,0
20100408,10.746,10.893,10.746,10.746,9621,0
20100409,10.692,10.96,10.432,10.96,1689,0
20100412,10.432,10.893,10.412,10.893,5451,0
20100413,10.793,10.793,10.358,10.358,14916,0
20100414,10.358,10.525,10.358,10.525,182,0
20100415,10.358,10.426,10.025,10.426,75033,0
20100416,10.225,10.419,10.225,10.419,14920,0
20100419,10.025,10.358,10.011,10.358,4114,0
20100420,9.991,10.325,9.991,10.325,1955,0
20100421,10.091,10.091,10.025,10.025,3476,0
20100422,9.857,10.025,9.857,10.025,626,0
20100423,9.756,10.146,9.726,10.086,1200,0
20100426,10.225,10.426,9.977,10.426,3505,0
20100427,10.158,10.225,9.924,10.025,2823,0
20100428,9.864,10.358,9.1556,10.352,4627,0
20100429,10.492,10.492,10.258,10.492,2619,0
20100430,10.491,10.593,10.491,10.593,2156,0
20100504,10.586,10.586,10.586,10.586,15,0
20100505,10.686,10.686,10.145,10.145,1482,0
20100506,9.696,10.025,9.696,10.025,2572,0
20100507,10.004,10.004,9.3896,9.818,5311,0
20100510,9.857,9.998,9.857,9.998,1661,0
20100512,9.69,9.924,9.69,9.917,1314,0
20100513,9.637,9.917,9.637,9.917,5582,0
20100514,9.683,9.683,9.4232,9.4894,8096,0
20100517,9.89,9.89,9.4232,9.65,1361,0
20100518,9.4558,9.4558,9.3896,9.3896,2920,0
20100519,9.1425,9.3756,9.1425,9.3756,1585,0
20100520,9.3495,9.3495,9.0222,9.0222,2006,0
20100521,9.0884,9.0884,9.0222,9.0222,1526,0
20100524,8.848,9.122,8.6876,9.1024,2784,0
20100525,8.6876,8.8146,8.4337,8.7144,3339,0
20100526,8.4805,8.8213,8.4805,8.7477,2140,0
20100527,8.8079,9.356,8.4202,9.3355,17681,0
20100528,9.957,9.957,9.356,9.523,4487,0
20100531,9.888,10.248,9.792,10.226,10320,0
20100601,10.16,10.16,9.697,9.976,5326,0
20100602,9.955,10.123,9.792,10.116,4393,0
20100604,10.226,10.226,10.131,10.131,9192,0
20100607,10.027,10.226,9.822,10.226,5274,0
20100608,10.256,10.461,10.226,10.425,3258,0
20100609,10.623,10.762,10.358,10.358,36597,0
20100610,10.799,10.799,9.734,10.358,21845,0
20100611,10.358,10.358,10.175,10.175,12533,0
20100614,10.248,10.468,10.182,10.461,29304,0
20100615,9.991,10.006,9.917,9.917,5996,0
20100616,9.917,9.955,9.595,9.602,1139,0
20100617,9.917,9.917,9.69,9.881,503,0
20100618,9.955,9.955,9.624,9.667,1893,0
20100621,9.697,9.947,9.69,9.881,4731,0
20100622,9.955,9.991,9.8,9.991,402581,0
20100623,9.955,9.991,9.778,9.917,3107,0
20100624,9.91,9.91,9.55,9.55,1441467,0
20100625,9.771,9.771,9.2786,9.697,732,0
20100628,9.411,9.91,9.411,9.91,1459,0
20100629,9.55,9.771,9.55,9.734,8907,0
20100630,9.555,9.994,9.555,9.994,19661,0
20100701,9.881,9.881,9.844,9.881,4084,0
20100702,9.705,9.771,9.705,9.712,1923,0
20100705,9.734,9.734,9.734,9.734,398,0
20100706,9.557,9.756,9.557,9.756,1562,0
20100707,9.756,9.756,9.624,9.624,1551,0
20100708,9.764,9.764,9.55,9.72,750,0
20100709,9.557,9.557,9.55,9.55,2151,0
20100712,9.55,9.55,9.3448,9.4036,2297,0
20100713,9.4036,9.4036,9.4036,9.4036,157,0
20100714,9.4185,9.4185,9.3299,9.3448,3801,0
20100715,9.3588,9.3588,9.2712,9.2712,178,0
20100716,9.2712,9.3663,9.1099,9.3663,4280,0
20100719,9.1826,9.3299,9.1826,9.3299,266,0
20100720,9.1826,9.1826,9.1826,9.1826,136,0
20100721,9.1826,9.2199,9.1826,9.2199,2066,0
20100722,9.4036,9.4036,9.2199,9.2199,2844,0
20100723,9.3961,9.917,9.3961,9.624,7073,0
20100726,9.624,9.646,9.624,9.646,1715,0
20100727,9.646,9.646,9.55,9.55,1960,0
20100728,9.2563,9.4036,9.2563,9.4036,58,0
20100729,9.726,9.726,9.69,9.69,104,0
20100730,9.69,9.69,9.3663,9.3663,2410,0
20100802,9.4036,9.4036,9.3663,9.3663,1812,0
20100803,9.2199,9.3299,9.2199,9.3299,1075,0
20100804,9.543,9.543,9.1099,9.1826,3480,0
20100805,9.3887,9.3887,8.97,8.97,1037,0
20100806,9.2936,9.2936,8.9849,9.1826,566,0
20100809,9.1099,9.2488,9.1099,9.2488,2100,0
20100810,9.1826,9.2786,9.1826,9.2786,16320,0
20100811,9.2786,9.2861,9.2563,9.2861,216,0
20100812,9.2786,9.2786,9.2786,9.2786,108,0
20100813,9.0362,9.2199,9.0362,9.1826,7959,0
20100816,9.0726,9.0726,8.9625,8.9625,492,0
20100817,8.9625,9.0362,8.9625,9.0362,97,0
20100818,9.0362,9.0362,8.9625,8.9625,14565,0
20100819,8.9551,8.9924,8.9551,8.9625,1450,0
20100820,9.0651,9.0651,8.9625,8.9625,1848,0
20100823,8.9625,9.1537,8.9625,9.1537,619,0
20100824,8.9989,9.1024,8.8889,9.1024,48664,0
20100825,8.8889,8.8889,8.7201,8.8156,3936,0
20100826,8.8156,8.8156,8.7715,8.8156,128284,0
20100830,8.8156,8.8156,8.7421,8.7421,2219,0
20100831,8.7054,8.8156,8.7054,8.7421,2402,0
20100901,8.7127,8.7127,8.7054,8.7054,946,0
20100902,8.8156,8.8156,8.7054,8.7054,1620,0
20100903,8.5732,8.7054,8.5658,8.7054,1664,0
20100906,8.7054,8.7054,8.5511,8.6614,800,0
20100907,8.6319,8.6319,8.5585,8.6319,195,0
20100908,8.5511,8.5585,8.5439,8.5585,3691,0
20100909,8.4482,8.5953,8.4482,8.5291,3429,0
20100910,8.5217,8.5291,8.4482,8.5291,11712,0
20100913,8.463,8.5658,8.4556,8.5658,876,0
20100914,8.5953,8.5953,8.5511,8.5658,3045,0
20100915,8.5732,8.6393,8.5732,8.5953,24322,0
20100916,8.5805,8.5953,8.5585,8.5585,2524,0
20100917,8.5291,8.5291,8.5217,8.5217,262,0
20100920,8.5217,8.6539,8.4556,8.6539,1357,0
20100921,8.6539,8.6614,8.6245,8.6614,710,0
20100922,8.6686,8.7936,8.6686,8.7936,98983,0
20100923,8.801,8.9625,8.7789,8.9625,2981,0
20100924,8.9989,9.1462,8.9989,9.1313,2228,0
20100927,9.1313,9.1313,8.8889,9.1024,2586,0
20100928,8.8229,9.1239,8.8229,8.9402,4660,0
20100929,8.9476,9.1099,8.9476,8.9625,824,0
20100930,9.1173,9.1313,8.8156,9.0726,9679,0
20101001,8.8156,9.0511,8.8156,9.0511,845,0
20101004,8.7789,8.9476,8.7789,8.9476,14,0
20101005,8.8156,9.1099,8.8156,8.8229,84248,0
20101006,8.8156,8.8229,8.8156,8.8229,990,0
20101007,8.7789,8.8082,8.3748,8.8082,52796,0
20101008,8.8156,8.8156,8.8156,8.8156,4741,0
20101011,9.0064,9.0726,9.0064,9.0726,3592,0
20101012,9.1388,9.2563,9.1099,9.1388,35360,0
20101013,9.3887,9.3887,9.205,9.205,676,0
20101014,9.3812,9.3812,9.2563,9.2563,1689,0
20101015,9.205,9.205,9.205,9.205,543,0
20101018,9.1099,9.1826,9.1099,9.1239,1482,0
20101019,9.2199,9.2199,9.0875,9.1462,1952,0
20101020,9.1761,9.1761,9.0875,9.1099,42403,0
20101021,8.9849,9.1099,8.9849,9.1099,3326,0
20101022,9.0576,9.1901,9.0576,9.1901,806,0
20101025,9.1826,9.3663,9.1826,9.3663,2956,0
20101026,9.1099,9.3961,9.1099,9.3961,1141,0
20101027,9.3887,9.771,9.3887,9.4763,5414,0
20101028,9.2563,9.72,9.2563,9.675,1188,0
20101029,9.696,9.696,9.696,9.696,1362,0
20101102,9.785,9.785,9.3374,9.69,796,0
20101103,9.639,9.83,9.4399,9.697,2208,0
20101104,9.69,9.69,9.69,9.69,103,0
20101105,9.4763,9.4763,9.4763,9.4763,271,0
20101108,9.2637,9.771,9.2637,9.771,1028,0
20101109,9.764,9.764,9.3374,9.653,907,0
20101110,9.66,9.667,9.616,9.66,8019,0
20101112,9.682,10.072,9.55,9.955,45658,0
20101115,9.91,9.91,9.2348,9.521,30650,0
20101116,9.2786,9.506,9.2786,9.2936,1355,0
20101117,9.1901,9.4987,9.1901,9.2563,61970,0
20101118,9.3737,9.3737,9.1537,9.3737,3939,0
20101119,9.4987,9.4987,9.3812,9.3812,1972,0
20101122,9.3887,9.529,9.3812,9.425,3218,0
20101123,9.4763,9.4763,9.4763,9.4763,68266,0
20101124,9.2936,9.4763,9.2936,9.4763,2848,0
20101125,9.4763,9.4763,9.3887,9.4763,392865,0
20101126,9.4763,9.4763,9.3299,9.4325,5816,0
20101129,9.4036,9.4698,9.3663,9.3663,173072,0
20101130,9.4036,9.55,9.4036,9.4763,14651,0
20101201,9.55,9.587,9.4036,9.587,425,0
20101202,9.595,9.69,9.595,9.646,3918,0
20101203,9.646,9.646,9.646,9.646,265,0
20101206,9.572,9.69,9.572,9.572,380,0
20101207,9.682,9.69,9.572,9.587,906,0
20101208,9.587,9.587,9.4763,9.58,1349,0
20101209,9.682,9.771,9.543,9.764,2096,0
20101210,9.565,9.764,9.565,9.69,6379,0
20101213,9.741,9.741,9.565,9.565,2575,0
20101214,9.58,9.58,9.4912,9.4912,1653,0
20101215,9.58,9.58,9.4763,9.4763,633,0
20101216,9.4838,9.4838,9.4838,9.4838,645,0
20101217,9.4763,9.506,9.4549,9.4549,7941,0
20101220,9.4549,9.55,9.4549,9.543,2007,0
20101221,9.536,9.609,9.4763,9.4763,2430,0
20101222,9.55,9.609,9.55,9.55,136580,0
20101223,9.543,9.55,9.4763,9.4763,69526,0
20101227,9.543,9.543,9.4698,9.4763,7183,0
20101228,9.4763,9.514,9.4036,9.4036,2323,0
20101229,9.547,9.586,9.4138,9.586,5250,0
20101230,9.626,9.727,9.626,9.696,4150,0
20101231,9.736,9.736,9.696,9.696,326,0
20110103,9.734,10.263,9.734,10.065,5708,0
20110104,10.094,10.468,10.035,10.402,10790,0
20110105,10.366,10.366,9.991,10.241,3233,0
20110107,10.27,10.27,9.955,9.962,2106,0
20110110,9.955,9.955,9.917,9.917,4491,0
20110111,9.955,9.955,9.917,9.917,1289,0
20110112,9.955,10.021,9.851,10.021,2886,0
20110113,9.991,9.991,9.955,9.991,2973,0
20110114,10.027,10.065,9.602,10.065,1485,0
20110117,10.065,10.065,9.917,10.027,1935,0
20110118,10.05,10.05,9.991,10.021,5993,0
20110119,10.021,10.021,9.917,9.925,1922,0
20110120,9.932,9.932,9.925,9.925,543,0
20110121,9.955,9.955,9.697,9.955,2748,0
20110124,9.925,9.925,9.771,9.771,958,0
20110125,9.962,9.962,9.844,9.844,1837,0
20110126,9.859,9.917,9.844,9.917,12614,0
20110127,9.917,9.917,9.917,9.917,164,0
20110128,9.917,9.917,9.917,9.917,232,0
20110131,9.657,9.994,9.657,9.743,3127,0
20110201,9.749,9.917,9.749,9.917,2725,0
20110202,9.764,9.917,9.764,9.917,2069,0
20110203,9.771,10.167,9.771,10.167,7638,0
20110204,10.16,10.175,10.16,10.175,2551,0
20110207,9.998,10.167,9.991,9.991,2188,0
20110208,10.072,10.072,10.072,10.072,681,0
20110209,9.932,10.205,9.925,10.205,4825,0
20110210,9.998,9.998,9.917,9.917,2370,0
20110211,9.807,9.844,9.807,9.807,435,0
20110214,9.844,9.844,9.712,9.712,3455,0
20110215,9.667,9.771,9.595,9.771,1624,0
20110216,9.631,9.66,9.624,9.624,48133,0
20110217,9.624,9.624,9.55,9.565,4670,0
20110218,9.529,9.69,9.2861,9.69,957,0
20110221,9.55,9.749,9.2861,9.749,290,0
20110222,9.4763,9.4763,9.4763,9.4763,558,0
20110223,9.4763,9.4763,9.4036,9.4036,1906,0
20110224,9.4763,9.4763,9.4763,9.4763,97,0
20110225,9.4763,10.152,9.4763,10.057,1662,0
20110228,9.782,10.12,9.782,10.072,4311,0
20110301,10.05,10.057,9.851,9.851,1256,0
20110302,9.844,9.844,9.807,9.807,400,0
20110303,9.807,9.807,9.807,9.807,517,0
20110304,9.792,10.013,9.697,10.013,2776,0
20110307,9.955,9.991,9.2637,9.697,97378,0
20110308,9.844,9.896,9.844,9.896,2101,0
20110309,9.969,10.175,9.969,10.175,7370,0
20110310,10.065,10.263,10.065,10.065,2222,0
20110311,10.006,10.065,10.006,10.065,3001,0
20110314,9.859,9.859,9.851,9.851,177,0
20110315,9.712,9.851,9.697,9.844,31913,0
20110316,9.917,9.917,9.917,9.917,817,0
20110317,9.846,9.846,9.846,9.846,260,0
20110318,9.705,9.991,9.697,9.991,3311,0
20110321,10.042,10.042,9.785,9.815,2809,0
20110322,9.844,9.844,9.844,9.844,681,0
20110323,9.712,9.917,9.712,9.917,341,0
20110324,9.917,9.917,9.917,9.917,1190,0
20110325,9.984,9.984,9.917,9.917,7321,0
20110328,9.792,9.837,9.792,9.837,1090,0
20110329,9.859,9.969,9.792,9.969,17411,0
20110330,9.991,10.138,9.991,10.138,5061,0
20110331,9.846,9.846,9.846,9.846,164,0
20110401,9.917,9.917,9.697,9.697,1735,0
20110404,9.91,9.917,9.697,9.917,124798,0
20110405,9.91,9.917,9.91,9.917,35677,0
20110406,9.917,9.984,9.807,9.807,11527,0
20110407,9.807,9.807,9.771,9.771,1186,0
20110408,9.902,9.991,9.712,9.712,1588,0
20110411,9.778,10.065,9.778,10.065,230,0
20110412,9.771,9.771,9.756,9.756,666,0
20110413,9.984,9.984,9.984,9.984,1,0
20110414,9.749,9.807,9.55,9.807,742,0
20110415,9.69,9.807,9.69,9.697,1511,0
20110418,9.55,9.55,9.55,9.55,1632,0
20110420,9.55,9.55,9.55,9.55,5174,0
20110421,9.55,9.771,9.514,9.771,1321,0
20110426,9.771,9.91,9.771,9.91,576,0
20110427,9.4763,9.4763,9.4763,9.4763,2047,0
20110428,9.888,9.888,9.888,9.888,1,0
20110502,9.888,9.888,9.3299,9.888,3,0
20110504,9.4185,9.881,9.3001,9.881,6575,0
20110505,9.4623,9.874,9.4623,9.874,28,0
20110509,9.3299,9.874,9.3299,9.874,230,0
20110512,9.4325,9.4399,9.4185,9.4399,1694,0
20110513,9.4399,9.4399,9.0362,9.0362,3122,0
20110516,8.6099,8.6173,8.1471,8.1471,19867,0
20110517,8.1838,8.1838,7.3757,7.934,322211,0
20110518,7.934,7.934,7.6034,7.6034,9084,0
20110519,7.6402,8.228,7.6329,8.1544,12074,0
20110520,8.3009,8.3009,8.0815,8.2852,3313,0
20110523,8.4042,8.5878,8.3014,8.5364,5963,0
20110524,8.8082,8.8156,8.5217,8.5291,23358,0
20110525,8.801,8.801,8.3602,8.3602,10911,0
20110526,8.4482,8.5805,8.3822,8.5805,3718,0
20110527,8.5831,8.5831,8.3635,8.5831,1876,0
20110530,8.6981,8.6981,8.5878,8.5953,2152,0
20110531,8.5987,8.7242,8.5987,8.7242,1816,0
20110601,8.5585,8.5585,8.5585,8.5585,817,0
20110602,8.5217,8.6173,8.3675,8.6025,6145,0
20110603,8.4498,8.6223,8.4498,8.6145,1671,0
20110606,8.4482,8.4482,8.4482,8.4482,116,0
20110607,8.5987,8.5987,8.2773,8.4969,4275,0
20110608,8.2617,8.5753,8.2617,8.5753,3673,0
20110609,8.4498,8.5753,8.4498,8.5753,1585,0
20110610,8.5674,8.5674,8.3949,8.3949,3223,0
20110613,8.1598,8.3087,8.1598,8.2617,17771,0
20110614,8.2304,8.2617,8.0108,8.0108,10329,0
20110615,8.0108,8.2146,7.9873,8.1911,51387,0
20110616,8.0892,8.1833,8.0815,8.1833,1457,0
20110617,8.0108,8.1911,8.0108,8.1911,3449,0
20110620,8.3635,8.3635,7.8697,8.3087,262,0
20110621,8.152,8.2068,7.8855,8.152,2647,0
20110622,7.9952,7.9952,7.9168,7.9168,1167,0
20110624,7.8384,8.0657,7.8384,7.9168,3534,0
20110627,8.1206,8.2068,8.1128,8.2068,3852,0
20110628,8.2304,8.3009,7.9952,8.3009,1383,0
20110629,8.0422,8.0422,8.0422,8.0422,129,0
20110630,8.2931,8.2931,8.152,8.152,514,0
20110701,8.2931,8.2931,8.2617,8.2696,862,0
20110704,8.2696,8.7006,8.2304,8.7006,11245,0
20110705,8.6223,9.3281,8.6223,8.928,6420,0
20110706,8.7006,8.7006,8.6223,8.6223,5582,0
20110707,8.6615,8.685,8.6615,8.6615,1485,0
20110711,8.8182,8.8182,8.5439,8.5439,536,0
20110712,8.5439,8.5439,8.1128,8.2304,3393,0
20110713,8.2146,8.2304,8.152,8.2304,2258,0
20110714,8.152,8.2304,8.152,8.2304,2304,0
20110715,8.152,8.3087,8.152,8.3087,1036,0
20110718,8.0736,8.3087,8.0736,8.3087,7652,0
20110719,7.9952,8.3087,7.9952,8.152,1120,0
20110720,8.2304,8.2304,8.152,8.2304,67664,0
20110721,7.9168,7.9168,7.8777,7.9168,476,0
20110722,7.9952,8.2304,7.9952,8.2304,270,0
20110725,8.152,8.152,8.1049,8.1049,1447,0
20110726,8.1128,8.1128,8.0344,8.0344,1915,0
20110727,8.0736,8.0736,7.8463,7.8463,542,0
20110728,7.7601,7.7601,7.5249,7.6817,4639,0
20110729,7.6032,8.2304,7.4465,7.8697,17870,0
20110801,7.8855,7.8855,7.8777,7.8777,319,0
20110802,7.8227,7.8227,7.7992,7.8227,2463,0
20110803,7.6112,7.7992,7.1957,7.2035,6232,0
20110804,7.2035,7.4465,7.2035,7.2113,3593,0
20110805,7.0546,7.0546,6.2708,6.9135,5663,0
20110808,6.6627,6.6627,6.3021,6.6391,2835,0
20110809,6.114,6.4197,5.9572,5.9572,7679,0
20110810,6.3413,6.4275,5.9964,5.9964,13556,0
20110811,6.1924,6.2942,5.9651,6.2708,7370,0
20110812,6.3491,6.3491,6.0435,6.0435,3023,0
20110816,6.4275,6.4275,6.2002,6.4275,8292,0
20110817,6.4275,7.0468,6.2708,6.5843,19520,0
20110818,6.506,6.5451,6.506,6.5451,33514,0
20110819,6.2708,6.5451,6.2708,6.5451,2202,0
20110822,6.2786,7.1957,6.2786,7.1643,14397,0
20110823,7.1643,7.1643,7.1643,7.1643,369,0
20110824,7.1643,7.2113,6.8193,7.2113,1737,0
20110825,6.7489,6.8038,6.7489,6.8038,4381,0
20110826,6.7802,7.0546,6.7802,7.0546,1279,0
20110829,7.4073,7.7601,7.3133,7.3133,7643,0
20110830,7.4387,7.4387,7.4387,7.4387,19,0
20110831,7.2898,7.2898,7.2898,7.2898,268,0
20110901,7.2898,8.0187,7.0546,7.3838,14185,0
20110902,7.3917,7.4152,7.3838,7.3838,1011,0
20110905,7.3838,7.4465,7.0546,7.0546,1109,0
20110906,7.0546,7.0546,6.8978,7.0468,965,0
20110907,6.7959,7.3211,6.7959,7.3211,731,0
20110909,6.9056,7.0076,6.741,6.7646,1267,0
20110912,6.5843,7.1957,6.4275,7.1957,766,0
20110913,6.5451,6.9605,6.5451,6.8978,1951,0
20110914,6.5608,6.7254,6.5608,6.7254,302,0
20110916,6.6627,6.9449,6.6627,6.6627,936,0
20110919,6.6627,6.6627,6.0512,6.0512,3821,0
20110920,6.1924,6.5764,6.1924,6.1924,1716,0
20110921,6.6313,6.6313,6.3335,6.3335,512,0
20110922,6.2315,6.2315,6.2315,6.2315,269,0
20110923,6.0435,6.2315,6.0435,6.2315,224,0
20110926,6.0748,6.2315,5.8867,6.0748,2682,0
20110927,5.9023,5.9651,5.8946,5.9572,1612,0
20110928,6.0356,6.114,5.8867,5.9572,2261,0
20110929,5.8867,5.8867,5.8788,5.8788,658,0
20110930,5.8005,6.0043,5.8005,6.0043,238,0
20111003,5.6436,5.6436,5.6436,5.6436,4,0
20111004,5.6515,5.6515,5.0872,5.0872,6244,0
20111005,5.5887,5.5887,5.1812,5.5105,287,0
20111006,5.338,5.581,5.0949,5.581,912,0
20111007,5.3301,5.8553,5.1733,5.8553,8247,0
20111010,5.5966,6.2315,5.5966,6.1924,18401,0
20111011,5.9259,6.1532,5.9259,6.1532,2450,0
20111012,6.1532,6.1532,6.114,6.114,701,0
20111013,6.114,6.114,5.6907,5.9337,3155,0
20111014,5.8788,5.9572,5.8788,5.9572,19797,0
20111017,5.9572,5.9572,5.7221,5.8788,2672,0
20111018,5.6907,5.9494,5.6436,5.9494,7440,0
20111019,5.7063,6.012,5.7063,6.012,801,0
20111020,6.012,6.012,6.012,6.012,13,0
20111021,5.7377,6.0277,5.7377,6.0277,1834,0
20111024,5.7612,5.9964,5.7534,5.9964,2452,0
20111025,6.0356,6.6391,6.0356,6.6078,8882,0
20111026,6.6156,6.8586,6.2708,6.8586,5475,0
20111027,6.6784,6.9762,6.6784,6.9605,2369,0
20111028,6.9605,6.9605,6.5843,6.8978,2928,0
20111031,6.5921,6.741,6.5921,6.741,996,0
20111102,6.5451,6.5451,6.3491,6.3491,4677,0
20111103,6.5373,6.5373,6.2786,6.4667,1619,0
20111104,6.4902,6.4902,6.4902,6.4902,255,0
20111107,6.4667,6.5295,6.2708,6.5295,809,0
20111108,6.2708,6.5608,6.2708,6.5295,961,0
20111109,6.3491,6.5215,6.3256,6.5215,869,0
20111110,6.2864,6.498,6.2864,6.498,357,0
20111114,6.498,6.506,6.31,6.506,856,0
20111115,6.3178,6.498,6.3178,6.498,76,0
20111116,6.2942,6.498,6.2864,6.4119,1242,0
20111117,6.2942,6.4039,6.2708,6.4039,2470,0
20111118,6.2864,6.2864,6.2864,6.2864,390,0
20111121,6.2786,6.2786,5.9964,5.9964,3151,0
20111122,5.9729,6.2315,5.8788,6.1924,2650,0
20111124,5.9023,6.2159,5.8946,6.2159,2376,0
20111125,5.8946,6.1766,5.8788,6.1766,446,0
20111128,6.1766,6.2237,6.1766,6.2237,990,0
20111130,6.2588,6.4945,6.2588,6.4945,552,0
20111201,6.498,6.498,6.498,6.498,13,0
20111202,6.498,6.498,6.1845,6.1845,394,0
20111206,6.1766,6.1845,5.8867,6.0277,6528,0
20111207,5.9101,5.9807,5.6436,5.8867,3581,0
20111208,5.7377,5.7377,5.7299,5.7299,575,0
20111209,5.7299,6.0356,5.7299,6.0356,2635,0
20111212,5.9101,6.1219,5.7221,6.1219,1008,0
20111214,5.7847,5.7847,5.7612,5.7612,3508,0
20111215,5.7377,5.7377,5.7377,5.7377,388,0
20111216,5.7534,5.7534,5.7299,5.7299,2294,0
20111219,5.5653,5.7299,5.5261,5.7299,5264,0
20111220,5.5261,5.5261,5.3693,5.3693,43861,0
20111221,5.3693,5.4398,5.1733,5.3301,21632,0
20111222,5.3301,5.3301,5.2674,5.3301,1270,0
20111227,5.3301,5.3301,5.1733,5.2517,229443,0
20111228,5.3301,5.3301,5.3145,5.3145,574,0
20111229,5.3615,5.3615,5.3301,5.3301,1795,0
20111230,5.4208,5.4208,5.4208,5.4208,332,0
20120102,5.6436,5.6436,5.6436,5.6436,128,0
20120103,5.5653,5.5653,5.4085,5.4869,5290,0
20120104,5.3693,5.4791,5.0949,5.4085,5736,0
20120105,5.4085,5.4085,5.1028,5.1969,3990,0
20120109,5.1733,5.385,5.1733,5.3693,1091,0
20120110,5.4006,5.8788,5.2596,5.5653,28145,0
20120111,5.6829,5.8005,5.4869,5.4869,25023,0
20120112,5.5653,5.7534,5.5653,5.7142,3470,0
20120113,5.7142,5.8239,5.6515,5.8239,5457,0
20120116,5.7221,5.9415,5.7221,5.9415,2002,0
20120117,5.9572,6.0748,5.9415,6.0748,9607,0
20120118,6.0826,6.2708,6.0826,6.2708,1954,0
20120119,6.2708,6.4667,6.2315,6.2315,35654,0
20120120,6.31,6.31,6.2315,6.31,12561,0
20120123,6.2002,6.2002,6.1296,6.1532,4206,0
20120124,6.1532,6.1532,6.1061,6.1061,829,0
20120125,6.2629,6.2629,6.2629,6.2629,5030,0
20120126,6.2708,6.3256,6.1766,6.3256,3277,0
20120127,6.3491,6.4667,6.3491,6.3884,4770,0
20120130,6.4667,6.4902,6.357,6.4902,574,0
20120131,6.4683,6.8786,6.4683,6.8786,10776,0
20120201,7.2113,7.2113,6.7567,6.7567,11130,0
20120202,6.8193,6.8978,6.7646,6.7646,5391,0
20120203,6.7489,6.8978,6.7489,6.8978,19019,0
20120206,6.89,6.9527,6.8193,6.9527,22670,0
20120207,6.8978,6.9762,6.8743,6.9684,51180,0
20120208,6.9762,7.1957,6.8822,6.9762,5036,0
20120209,6.9684,7.1329,6.9684,7.0546,1249,0
20120210,6.9998,6.9998,6.9918,6.9918,2707,0
20120213,6.9918,7.1565,6.9605,6.9684,2170,0
20120214,7.1565,7.1565,7.1565,7.1565,70,0
20120215,7.1643,7.3602,7.0153,7.2113,7018,0
20120216,7.2505,7.3602,7.2505,7.3602,4054,0
20120217,7.3602,7.6659,7.3602,7.6659,4602,0
20120220,7.6582,7.6582,7.4543,7.6503,928,0
20120221,7.4308,7.6503,7.4308,7.5876,39211,0
20120222,7.4701,7.6503,7.4701,7.6425,147510,0
20120223,7.6582,7.8384,7.6425,7.6973,6942,0
20120224,7.8227,7.8227,7.7287,7.7601,6437,0
20120227,7.8384,8.2225,7.7208,7.7208,15745,0
20120228,7.4465,7.7443,7.4465,7.5562,18122,0
20120229,7.5594,7.7165,7.5594,7.6118,7960,0
20120301,7.6425,7.6425,6.8509,6.8978,27502,0
20120302,7.1722,7.2427,6.9449,7.2349,19166,0
20120305,7.0153,7.1329,6.9684,7.1329,823,0
20120306,7.0781,7.0938,6.8978,6.9762,5680,0
20120307,6.8978,7.4308,6.8193,7.4308,19251,0
20120308,7.4543,7.6503,7.4465,7.6267,11288,0
20120309,7.5954,7.6425,7.5327,7.6346,2311,0
20120312,7.5641,7.6503,7.5641,7.5954,4064,0
20120313,7.5954,7.5954,7.5249,7.5641,1266,0
20120314,7.5641,7.5641,7.5249,7.5641,4950,0
20120315,7.5719,7.5719,7.5562,7.5641,1262,0
20120316,7.6032,7.6032,7.5249,7.5249,2707,0
20120319,7.6582,7.6582,7.5954,7.5954,779,0
20120320,7.5249,7.5876,7.376,7.5876,1744,0
20120321,7.5249,7.5876,7.3681,7.5876,1596,0
20120322,7.5876,7.5876,7.0546,7.2113,11989,0
20120323,7.0546,7.2663,7.0546,7.2663,3100,0
20120326,7.2663,7.5641,7.2663,7.5641,72651,0
20120327,7.5483,7.8384,7.5483,7.7208,10736,0
20120328,7.7992,7.7992,7.5249,7.7443,1981,0
20120329,7.7601,7.7679,7.3525,7.7052,6952,0
20120330,7.7515,7.7515,7.4635,7.4635,2040,0
20120402,7.4465,7.6738,7.4465,7.6738,1257,0
20120403,7.6817,7.7052,7.5641,7.6817,5932,0
20120404,7.6817,7.6817,7.3289,7.5641,3726,0
20120405,7.2898,7.5562,7.2898,7.5562,2256,0
20120411,7.517,7.5562,7.376,7.5562,1928,0
20120412,7.5641,7.6582,7.3838,7.6582,2634,0
20120413,7.6582,7.6817,7.6582,7.6582,5400,0
20120416,7.4622,7.9168,7.4622,7.8384,12705,0
20120417,7.9174,8.1007,7.9174,8.0309,7210,0
20120418,8.0344,8.0344,7.8384,7.8777,3547,0
20120419,7.8384,7.8384,7.6895,7.6895,1340,0
20120420,7.5562,7.8384,7.4622,7.8227,5309,0
20120423,7.4465,7.6112,7.4465,7.4465,1821,0
20120424,7.3211,7.5562,7.3211,7.5562,1692,0
20120425,7.6738,8.2304,7.619,7.9795,14854,0
20120426,7.9795,7.9795,7.9716,7.9795,1975,0
20120427,7.9795,7.9795,7.3133,7.9168,7172,0
20120430,7.8388,7.8388,7.5245,7.7427,5520,0
20120502,7.5249,7.6817,7.4543,7.6817,2447,0
20120504,7.6032,7.7052,7.4543,7.6817,4855,0
20120507,7.6817,7.7601,7.4936,7.7208,38353,0
20120508,7.7208,7.7208,7.6112,7.7208,1034,0
20120509,7.6031,7.7165,7.5594,7.7165,2236,0
20120510,7.5507,7.6817,7.5507,7.6817,574,0
20120511,7.5406,7.6817,7.5406,7.6817,328,0
20120514,7.6425,7.6425,7.6425,7.6425,89,0
20120515,7.4701,7.6817,7.4701,7.4701,1130,0
20120516,7.6425,7.6425,7.3681,7.6112,1124,0
20120517,7.4465,7.5954,7.4465,7.5954,5355,0
20120518,7.4896,7.5245,7.4896,7.5071,844,0
20120521,7.3054,7.6032,7.3054,7.5797,2870,0
20120523,7.3681,7.5249,7.3054,7.5249,600,0
20120525,7.3238,7.5158,7.3238,7.5158,509,0
20120528,7.5249,7.5641,7.5249,7.5249,1187,0
20120529,7.4465,7.6817,7.3446,7.6817,3970,0
20120530,7.7603,7.7603,7.6817,7.6817,1123,0
20120531,7.6817,7.6817,7.6817,7.6817,3045,0
20120601,7.6817,7.6817,7.6031,7.6031,2412,0
20120604,7.6817,7.6817,7.6817,7.6817,2030,0
20120605,7.7427,7.7427,7.6817,7.6817,4241,0
20120606,7.6031,7.6817,7.6031,7.6817,7500,0
20120608,8.2142,8.2142,7.6817,7.6817,1858,0
20120611,7.6817,7.6817,7.5944,7.6817,14891,0
20120612,7.4635,7.5071,7.4459,7.5071,675,0
20120613,7.3412,7.4983,7.2452,7.4635,2179,0
20120614,7.3761,7.3761,7.2452,7.2452,1148,0
20120615,7.3936,7.3936,7.1405,7.3587,786,0
20120618,7.4197,7.4809,7.4197,7.4809,1479,0
20120619,7.4023,7.5944,7.3936,7.5944,986,0
20120622,7.3761,7.5944,7.3761,7.5944,1618,0
20120625,7.5944,7.6468,7.4197,7.6293,1498,0
20120626,7.638,7.638,7.638,7.638,230,0
20120627,7.6729,7.6729,7.4023,7.4373,2280,0
20120628,7.4197,7.5071,7.4197,7.5071,667,0
20120629,7.4197,7.4635,7.4197,7.4635,1314,0
20120702,7.4635,7.4635,7.4197,7.4197,7072,0
20120703,7.4197,7.4197,7.4197,7.4197,401,0
20120704,7.4197,7.4635,7.4197,7.4635,1226,0
20120705,7.5071,7.5071,7.3761,7.3761,1187,0
20120706,7.35,7.4197,7.35,7.4197,447,0
20120709,7.4197,7.4197,7.3761,7.3761,184,0
20120710,7.3761,7.3761,7.2976,7.3325,2433,0
20120711,7.3325,7.4197,7.2626,7.2976,5229,0
20120712,7.3761,7.3761,6.8699,6.9834,11276,0
20120713,6.896,6.9135,6.4596,6.896,23428,0
20120716,6.8349,6.9397,6.5905,6.931,3201,0
20120717,6.7302,6.9746,6.7302,6.9746,1086,0
20120718,6.5992,6.9834,6.5992,6.9834,117346,0
20120719,7.1579,7.1753,6.9397,7.1753,2193,0
20120720,6.9834,7.1579,6.9834,7.1579,3993,0
20120723,6.9834,6.9834,6.9048,6.9048,3294,0
20120724,6.896,6.896,6.8524,6.8611,359,0
20120725,6.7738,6.896,6.7738,6.896,3010,0
20120726,6.896,6.896,6.896,6.896,10552,0
20120727,6.896,6.9397,6.8262,6.9397,8271,0
20120730,6.931,6.9397,6.8524,6.9397,115163,0
20120731,6.931,6.931,6.896,6.896,1426,0
20120801,6.896,6.896,6.8873,6.8873,609,0
20120802,6.7651,6.7651,6.7651,6.7651,287,0
20120803,6.7738,6.7738,6.7738,6.7738,30,0
20120807,6.5469,6.7651,6.5469,6.7651,2062,0
20120808,6.5905,6.5905,6.5905,6.5905,708,0
20120809,6.5905,6.5905,6.381,6.5731,734,0
20120810,6.5556,6.5643,6.5556,6.5643,532,0
20120813,6.5469,6.5731,6.5295,6.5295,2810,0
20120814,6.5469,6.5469,6.5469,6.5469,1278,0
20120816,6.5207,6.5381,6.4334,6.5381,871,0
20120817,6.5381,6.5381,6.4246,6.4596,1090,0
20120820,6.477,6.477,6.3286,6.3286,4401,0
20120821,6.4334,6.4334,6.2151,6.2151,5717,0
20120822,6.2413,6.2413,6.2151,6.2151,4075,0
20120823,6.3374,6.3374,6.1104,6.2763,5241,0
20120824,6.2937,6.2937,6.285,6.2937,1544,0
20120827,6.2937,6.2937,6.1104,6.2501,2386,0
20120828,6.1192,6.1889,6.1104,6.1104,2901,0
20120829,6.1977,6.1977,6.1104,6.1977,1879,0
20120830,6.2065,6.2065,6.1104,6.1104,1784,0
20120831,6.1104,6.1977,6.1104,6.1977,275,0
20120903,6.1977,6.2675,6.1977,6.2675,606,0
20120904,6.285,6.4596,6.285,6.4596,1493,0
20120905,6.3636,6.4508,6.3636,6.4508,276,0
20120906,6.4508,6.4683,6.285,6.416,5175,0
20120907,6.1628,6.1628,6.1541,6.1628,4141,0
20120910,6.1628,6.285,6.1628,6.285,935,0
20120912,6.2413,6.285,6.2413,6.285,753,0
20120913,6.2413,6.2413,6.1977,6.1977,5050,0
20120914,6.2327,6.2327,6.1977,6.1977,116030,0
20120917,6.1628,6.2413,6.1541,6.1977,3047,0
20120918,6.1715,6.3461,6.1715,6.3461,1858,0
20120920,6.416,6.416,6.3286,6.3286,738,0
20120921,6.3722,6.3722,6.2501,6.2501,716,0
20120924,6.285,6.3286,6.285,6.285,2349,0
20120925,6.3636,6.3636,6.2501,6.285,5031,0
20120926,6.2413,6.2413,6.1366,6.1366,1800,0
20120927,6.1977,6.1977,6.1977,6.1977,80,0
20120928,6.1541,6.1541,6.0842,6.093,4168,0
20121001,6.0231,6.0842,5.9183,5.9183,5033,0
20121002,5.9707,6.1104,5.9707,6.1104,35375,0
20121003,6.1104,6.2327,6.1104,6.2327,6757,0
20121004,6.1977,6.4421,6.1977,6.4421,77217,0
20121005,6.4508,6.8262,6.4508,6.8262,11914,0
20121008,6.8524,6.9572,6.8087,6.8087,3248,0
20121009,6.6516,6.6866,6.6516,6.6866,603,0
20121010,6.6516,6.7214,6.6516,6.6778,1491,0
20121011,6.6429,6.8,6.6429,6.6516,399,0
20121012,6.7302,6.7302,6.7302,6.7302,80,0
20121015,6.6342,6.8,6.5992,6.6429,1290,0
20121016,6.6429,6.8087,6.6429,6.6866,30870,0
20121017,6.6866,6.8,6.6778,6.8,374,0
20121018,6.8087,7.1579,6.8087,7.0008,5526,0
20121019,7.1143,7.1143,7.1143,7.1143,57,0
20121022,6.9834,7.1491,6.9834,7.1491,1692,0
20121023,7.0095,7.0095,7.0095,7.0095,352,0
20121024,6.9048,7.1143,6.9048,7.1143,3310,0
20121025,6.896,7.1143,6.896,7.1143,611,0
20121030,6.8087,6.9834,6.8087,6.9834,1336,0
20121031,6.9834,7.0706,6.9834,7.0619,1344,0
20121102,6.9484,6.9484,6.896,6.896,2611,0
20121105,6.896,6.896,6.8873,6.896,2320,0
20121106,6.896,6.896,6.8437,6.8437,1752,0
20121107,6.896,6.896,6.896,6.896,744,0
20121108,6.992,7.2015,6.992,7.1579,40459,0
20121109,7.1579,7.1579,7.0008,7.0881,2899,0
20121112,7.0881,7.1579,7.0008,7.0182,11684,0
20121113,6.9834,7.0706,6.896,7.0706,13717,0
20121114,7.1143,7.1143,7.0444,7.0444,343,0
20121115,7.027,7.0444,6.9834,7.0444,744,0
20121116,7.0444,7.0444,6.896,6.896,1137,0
20121119,6.896,6.9048,6.8873,6.896,1315,0
20121120,6.896,6.896,6.8786,6.8786,230,0
20121121,6.896,6.896,6.8699,6.8699,305,0
20121122,6.8699,6.896,6.8087,6.8087,2063,0
20121123,6.8699,6.8699,6.7389,6.7651,1430,0
20121126,6.7738,6.7738,6.5992,6.7389,2804,0
20121127,6.7476,6.8087,6.7476,6.8087,2778,0
20121128,6.8437,6.8524,6.8087,6.8087,819,0
20121129,6.8786,6.896,6.8437,6.896,928,0
20121130,6.8873,6.896,6.8349,6.8699,3910,0
20121203,6.9135,7.1143,6.9135,7.1143,2939,0
20121204,7.1405,7.315,7.1405,7.315,13144,0
20121205,7.3063,7.3063,7.1579,7.1579,2016,0
20121206,7.2015,7.2015,7.0706,7.1579,3762,0
20121207,7.1579,7.1579,7.1491,7.1579,2174,0
20121210,7.2015,7.2015,7.1667,7.1667,535,0
20121211,7.1667,7.1667,7.0706,7.0706,2962,0
20121212,7.1143,7.1405,7.1143,7.1143,2062,0
20121213,7.1579,7.1579,7.1143,7.1405,1923,0
20121214,7.1405,7.1405,7.0619,7.0706,2474,0
20121217,7.0706,7.1317,7.0706,7.1143,3620,0
20121218,7.1229,7.1229,7.0706,7.0793,1932,0
20121219,7.0793,7.6642,7.0793,7.5944,16386,0
20121220,7.6817,7.8475,7.5944,7.6817,5224,0
20121221,7.6729,7.6729,7.4983,7.6206,5177,0
20121227,7.5769,7.5769,7.5594,7.5682,197,0
20121228,7.5944,7.7603,7.5071,7.5071,13053,0
20130102,7.5158,7.7253,7.5158,7.7253,3740,0
20130103,7.7253,8.1966,7.7253,8.1181,6532,0
20130104,7.9959,8.1356,7.9959,8.1181,3236,0
20130107,8.1094,8.1094,7.9872,7.9872,4341,0
20130108,7.9959,7.9959,7.8562,7.8998,2940,0
20130109,7.8562,7.8998,7.8562,7.8998,4721,0
20130110,7.8998,7.8998,7.8998,7.8998,144,0
20130111,7.8998,8.1356,7.865,8.1356,1918,0
20130114,8.1094,8.1618,8.0309,8.0395,5175,0
20130115,8.0309,8.0395,8.0309,8.0395,286,0
20130116,8.0221,8.1007,8.0133,8.0745,5506,0
20130117,8.0309,8.1618,7.9348,8.1181,5142,0
20130118,8.1181,8.6331,8.1181,8.511,9355,0
20130121,8.7204,8.9914,8.6593,8.9038,14263,0
20130122,8.9215,9.0259,8.9038,8.9038,3908,0
20130123,8.8954,8.9038,8.8164,8.8954,2212,0
20130124,8.9038,8.9038,8.7292,8.7728,1768,0
20130125,8.7728,8.7728,8.6419,8.6681,1937,0
20130128,8.6069,8.6069,8.5546,8.6069,1670,0
20130129,8.2927,8.5546,8.2927,8.5546,1776,0
20130130,8.4934,8.4934,8.4236,8.4934,91,0
20130131,8.4934,8.6505,8.4673,8.6505,286,0
20130201,8.6855,8.6855,8.6419,8.6419,1411,0
20130204,8.5982,8.6157,8.4498,8.4673,2264,0
20130205,8.4673,8.4673,7.8475,8.2927,22715,0
20130206,8.2927,8.2927,8.249,8.249,1585,0
20130207,8.2927,8.4673,8.284,8.2927,25741,0
20130208,8.2927,8.4498,8.2927,8.2927,13503,0
20130211,8.2927,8.4673,8.2927,8.4673,2068,0
20130212,8.4673,8.7204,8.4586,8.7204,4263,0
20130213,8.7117,8.9038,8.7117,8.9038,4156,0
20130214,8.9122,9.1565,8.8693,9.0698,5584,0
20130215,9.1136,9.122,9.0259,9.122,4558,0
20130218,9.2441,9.2525,9.0782,9.2525,6440,0
20130219,9.2525,9.288,9.1742,9.1742,516,0
20130220,9.1742,9.1742,9.1565,9.1565,832,0
20130221,9.122,9.122,8.9476,8.9476,2112,0
20130222,8.9476,8.9476,8.2927,8.5546,3292,0
20130225,8.5546,8.5546,8.4236,8.5371,3546,0
20130226,8.511,8.9383,8.38,8.38,7018,0
20130227,8.38,8.86,8.38,8.6419,13136,0
20130228,8.4665,8.4665,8.2893,8.3359,15186,0
20130301,8.2927,8.3625,8.1007,8.284,12202,0
20130304,8.1705,8.2054,8.0395,8.0832,3497,0
20130305,8.0832,8.0832,7.6991,7.8126,20954,0
20130306,7.7689,7.8562,7.6904,7.8126,19945,0
20130307,7.8475,8.0657,7.6904,7.7515,5171,0
20130308,7.7515,7.7603,7.4547,7.6118,18679,0
20130311,7.6031,7.9435,7.5507,7.638,4987,0
20130312,7.638,7.638,7.4721,7.5944,8199,0
20130313,7.5594,7.6817,7.4983,7.5944,8514,0
20130314,7.5944,7.9785,7.5507,7.9785,24402,0
20130315,7.9872,8.7117,7.9872,8.5546,18538,0
20130318,8.6244,8.6244,8.2927,8.3887,9607,0
20130319,8.3887,8.5458,8.2927,8.4673,1584,0
20130320,8.4236,8.4236,8.249,8.3451,13849,0
20130321,8.3451,8.3451,8.1268,8.2054,61619,0
20130322,8.2054,8.38,7.8562,8.38,10894,0
20130325,8.3363,8.3363,8.0745,8.1181,1455,0
20130326,8.0309,8.0745,7.9959,8.0133,1227,0
20130327,8.0133,8.0309,7.9872,8.0309,315,0
20130328,7.9697,8.0133,7.9697,8.0047,230,0
20130402,8.0047,8.0047,7.8039,7.8998,3339,0
20130403,7.8912,7.8912,7.8388,7.8388,49397,0
20130404,7.254,7.7689,7.254,7.7603,4584,0
20130405,7.7603,7.8562,7.5769,7.6904,3588,0
20130408,7.7079,7.8998,7.6904,7.8475,7178,0
20130409,7.9348,7.9348,7.926,7.9348,292,0
20130410,7.9348,7.9959,7.865,7.8737,783,0
20130411,7.8737,7.8737,7.8126,7.8126,744,0
20130412,7.8562,7.9697,7.8562,7.926,744,0
20130415,7.961,7.9785,7.8388,7.8388,286,0
20130417,7.83,7.83,7.6817,7.6817,2047,0
20130418,7.6817,7.7689,7.6817,7.7689,163521,0
20130419,7.7689,7.7689,7.6817,7.6817,17928,0
20130422,7.7689,7.7689,7.6817,7.7689,710,0
20130423,7.7689,7.7777,7.7689,7.7689,264,0
20130424,7.7603,7.8562,7.7603,7.7689,8185,0
20130425,7.7689,8.0483,7.7689,8.0483,1181,0
20130426,8.0309,8.0309,7.9435,8.0309,3437,0
20130429,8.0309,8.0309,7.8998,7.8998,321,0
20130430,7.9443,7.9443,7.8977,7.8977,1937,0
20130502,7.8977,7.8977,7.8977,7.8977,175,0
20130506,7.8998,7.9086,7.8998,7.8998,298,0
20130507,7.9443,7.9443,7.9443,7.9443,367,0
20130508,7.9536,7.9536,7.5154,7.5714,8455,0
20130509,7.59,7.8604,7.59,7.7765,2150,0
20130510,7.7864,7.7864,7.6991,7.6991,849,0
20130513,7.6991,7.6991,7.4459,7.4459,20033,0
20130514,7.4373,7.5158,7.4373,7.5071,1138,0
20130515,7.5158,7.6293,7.5071,7.6293,995,0
20130516,7.6293,7.8475,7.6293,7.7253,283,0
20130517,7.7299,7.8511,7.7299,7.8511,299,0
20130520,7.8475,7.865,7.8475,7.865,1071,0
20130521,7.8824,7.9523,7.7515,7.7689,11633,0
20130522,7.7689,7.9959,7.7689,7.7689,7899,0
20130523,7.7689,7.7689,7.5071,7.5944,6624,0
20130524,7.59,7.8977,7.59,7.8977,16398,0
20130527,7.9872,8.249,7.9785,8.2054,741440,0
20130528,8.2054,8.2893,8.2054,8.28,4185,0
20130529,8.2707,8.308,8.2427,8.2893,4816,0
20130531,8.3266,8.3266,8.1961,8.2986,4298,0
20130603,8.2986,8.308,8.2707,8.308,7338,0
20130604,8.308,8.308,8.2054,8.2054,5230,0
20130605,8.2986,8.4385,8.252,8.4385,9136,0
20130606,8.4385,8.5691,8.4385,8.5691,2613,0
20130607,8.5691,8.5691,8.4385,8.4385,2620,0
20130610,8.2707,8.3919,8.1122,8.2986,2735,0
20130611,8.2893,8.2893,8.1961,8.2054,1751,0
20130612,8.2054,8.2986,8.1588,8.252,26960,0
20130613,8.2147,8.2147,8.1495,8.1588,1462,0
20130614,8.1308,8.252,8.1122,8.252,3108,0
20130617,8.2986,8.2986,7.9257,8.0935,5212,0
20130618,8.0935,8.0935,7.8418,7.8418,5196,0
20130619,7.7392,7.8697,7.7392,7.8324,1560,0
20130620,7.8231,7.8324,7.5154,7.5154,5195,0
20130621,7.5154,7.5154,7.3009,7.3009,2881,0
20130624,7.4595,7.5061,7.4128,7.4128,2705,0
20130625,7.5061,7.7019,7.4595,7.7019,1410,0
20130626,7.7578,7.7578,7.7578,7.7578,16,0
20130627,7.7578,7.7578,7.2916,7.4595,1628,0
20130628,7.5061,7.5807,7.2916,7.3196,1820,0
20130701,7.4595,7.4595,7.3196,7.3196,4478,0
20130702,7.3662,7.3662,7.3196,7.3196,247,0
20130703,7.3196,7.4595,7.3196,7.3196,690,0
20130704,7.3196,7.4595,7.273,7.4595,344,0
20130705,7.4408,7.4408,7.273,7.4315,1217,0
20130708,7.4315,7.4408,7.3662,7.3662,767,0
20130709,7.4128,7.4128,7.3196,7.3196,91,0
20130710,7.3849,7.4035,7.3755,7.4035,210,0
20130711,7.4035,7.4408,7.4035,7.4408,1520,0
20130712,7.4035,7.618,7.4035,7.618,503,0
20130715,7.6459,7.6832,7.6459,7.6832,91,0
20130716,7.7578,7.7672,7.5714,7.5714,1121,0
20130717,7.6459,7.8324,7.6459,7.8324,107,0
20130718,7.8324,7.8324,7.8324,7.8324,107,0
20130719,7.9164,7.9164,7.8324,7.8977,107,0
20130722,7.8791,7.8791,7.8324,7.8418,267,0
20130723,7.8418,7.8418,7.8324,7.8324,80,0
20130724,7.8697,7.8697,7.8418,7.8418,365,0
20130725,7.8418,7.8418,7.7205,7.7205,625,0
20130726,7.7205,7.7299,7.6459,7.6832,1737,0
20130729,7.8418,7.8604,7.8418,7.8604,107,0
20130730,7.8418,7.8418,7.7858,7.7858,76,0
20130731,7.562,7.6459,7.4595,7.6459,5139,0
20130801,7.5993,7.5993,7.5527,7.5527,522,0
20130802,7.5434,7.6459,7.4595,7.5154,2140,0
20130805,7.5154,7.6086,7.4968,7.6086,922,0
20130806,7.5993,7.6459,7.5993,7.6459,1332,0
20130807,7.6366,7.6366,7.618,7.6366,365,0
20130808,7.6459,7.6739,7.6366,7.6459,1575,0
20130809,7.6459,7.7951,7.6459,7.7951,1064,0
20130812,7.7951,8.1588,7.7485,8.1588,2215,0
20130813,8.1122,8.2893,8.1122,8.28,1381,0
20130814,8.28,8.28,8.2614,8.2614,579,0
20130816,8.28,8.28,8.1028,8.2054,1180,0
20130819,8.2054,8.2054,7.9723,7.9723,1200,0
20130820,7.9723,7.9723,7.963,7.963,296,0
20130821,7.8324,7.9257,7.4874,7.8511,5437,0
20130822,7.5527,7.907,7.5527,7.7672,2493,0
20130823,7.7765,8.0189,7.7765,8.0189,1658,0
20130826,8.0935,8.2986,8.0935,8.2054,9455,0
20130827,8.1774,8.252,8.1774,8.252,6524,0
20130828,8.2707,8.2986,8.2707,8.2986,1207,0
20130829,8.2986,8.2986,8.1308,8.2054,5666,0
20130830,8.2054,8.2054,8.1401,8.1401,271,0
20130902,8.1401,8.3453,8.1401,8.3453,1465,0
20130903,8.3453,8.3453,8.2986,8.2986,92,0
20130904,8.2893,8.2893,8.2147,8.2147,709,0
20130905,8.1868,8.1868,7.6366,8.0562,19275,0
20130906,7.5714,8.0655,7.5714,7.8324,3235,0
20130909,7.6459,8.0935,7.6459,7.9257,3028,0
20130910,8.0003,8.0935,8.0003,8.0935,4419,0
20130911,8.0935,8.1028,8.0842,8.0935,1140,0
20130912,8.0282,8.0749,8.0282,8.0749,5997,0
20130913,8.0655,8.2707,8.0655,8.1588,867,0
20130916,8.1588,8.1588,8.0189,8.0282,2581,0
20130917,8.0003,8.0655,7.9909,8.0655,241,0
20130918,7.9723,8.1028,7.9723,8.1028,80,0
20130919,8.1495,8.252,8.1495,8.2054,615,0
20130920,8.252,8.2986,8.2427,8.2986,1378,0
20130923,8.3453,8.3453,8.1961,8.1961,971,0
20130924,8.1961,8.1961,8.0282,8.1588,618,0
20130925,8.1122,8.1122,8.0189,8.0749,657,0
20130926,8.0749,8.0749,8.0189,8.0749,421,0
20130927,8.0655,8.2054,8.0655,8.1122,1653,0
20130930,8.1308,8.3919,8.1308,8.3173,3744,0
20131001,8.28,8.3919,8.28,8.3639,1260,0
20131002,8.5131,8.7182,8.5131,8.6064,2817,0
20131003,8.625,8.7649,8.625,8.625,25140,0
20131004,8.6343,8.7462,8.5504,8.5504,3992,0
20131007,8.5038,8.5318,8.5038,8.5224,524,0
20131008,8.5224,8.5318,8.5224,8.5318,123,0
20131009,8.7462,8.7649,8.6436,8.7649,2486,0
20131010,8.7649,9.0353,8.7649,8.8581,7147,0
20131011,8.8581,9.1005,8.8581,9.0446,14682,0
20131014,8.9886,9.0446,8.9607,9.0446,4047,0
20131015,9.1192,9.1845,9.0353,9.1845,2721,0
20131016,9.1845,9.2311,8.9327,8.942,2901,0
20131017,8.9234,8.9514,8.8115,8.8115,1582,0
20131018,8.8581,9.0446,8.7742,9.0446,5282,0
20131021,9.0912,9.1378,9.0166,9.1378,2252,0
20131022,9.1845,9.287,8.9141,9.0446,13482,0
20131023,8.9141,9.3709,8.7369,9.3243,66309,0
20131024,9.3709,9.4642,9.3243,9.4642,2880,0
20131025,9.3243,9.3803,9.2311,9.3336,7942,0
20131028,9.3336,9.585,9.3336,9.529,3303,0
20131029,9.585,9.641,9.529,9.585,12078,0
20131030,9.595,9.595,9.4828,9.511,1381,0
20131031,9.52,9.52,9.343,9.343,1651,0
20131104,9.343,9.585,9.343,9.576,4143,0
20131105,9.585,9.585,9.529,9.539,566,0
20131106,9.539,9.539,9.3243,9.4735,4262,0
20131107,9.4735,9.4735,9.2777,9.2777,9575,0
20131108,9.1938,9.1938,9.0446,9.1285,1290,0
20131112,9.1285,9.3336,9.1285,9.315,349,0
20131113,9.315,9.315,9.1005,9.315,1538,0
20131114,9.3336,9.735,9.2311,9.3803,6937,0
20131115,9.4176,9.4176,9.2684,9.287,1185,0
20131118,9.557,9.604,9.4269,9.557,161345,0
20131119,9.557,9.557,9.3709,9.3709,654,0
20131120,9.4455,9.632,9.4455,9.557,12190,0
20131121,9.548,9.548,8.9047,9.3803,8007,0
20131122,9.3709,9.3803,9.3243,9.3243,7793,0
20131125,9.4922,9.4922,9.315,9.315,3148,0
20131126,9.2591,9.2591,8.6343,8.7462,19426,0
20131127,8.7462,8.7462,8.3919,8.5877,13376,0
20131128,8.5784,8.5784,8.5318,8.5691,755,0
20131129,8.5877,8.7742,8.5597,8.7649,2842,0
20131202,8.7649,8.7649,8.6343,8.6903,764,0
20131203,8.6716,8.6716,8.4012,8.4012,2664,0
20131204,8.3919,8.4945,8.3919,8.4945,698,0
20131205,8.2707,8.4572,8.0842,8.4385,3236,0
20131206,8.4105,8.4199,8.3639,8.4199,480,0
20131209,8.4385,8.4478,8.3919,8.4199,2530,0
20131210,8.4199,8.4199,8.3919,8.3919,1873,0
20131211,8.3546,8.3919,8.2986,8.2986,414,0
20131212,8.2986,8.2986,7.9723,8.1122,3803,0
20131213,8.1681,8.252,8.1588,8.252,2458,0
20131216,8.2986,8.2986,8.1774,8.2054,1692,0
20131217,8.1681,8.1961,8.0282,8.1588,3386,0
20131218,8.1588,8.1681,8.1028,8.1308,4956,0
20131219,8.1308,8.1495,8.1215,8.1215,3432,0
20131220,8.1215,8.1588,8.1122,8.1495,3217,0
20131223,8.1401,8.3919,8.1401,8.3826,27194,0
20131227,8.3919,8.597,8.3919,8.597,746,0
20131230,8.597,8.597,8.3919,8.3919,4237,0
20140102,8.4851,8.5784,8.4851,8.4945,109,0
20140103,8.5784,8.8301,8.5784,8.8301,1076,0
20140107,8.7649,8.8954,8.7649,8.8208,386,0
20140108,8.8208,8.8208,8.7649,8.7649,230,0
20140109,8.7649,8.8022,8.4945,8.4945,1552,0
20140110,8.4851,8.4851,8.4012,8.4851,1929,0
20140113,8.4851,8.4945,8.4851,8.4851,375,0
20140114,8.4851,8.4945,8.4851,8.4851,1128,0
20140115,8.4851,8.4851,8.4292,8.4292,515,0
20140116,8.4478,8.4572,8.4292,8.4292,1835,0
20140117,8.4945,8.4945,8.4851,8.4851,1346,0
20140120,8.5224,8.5224,8.4572,8.4572,166,0
20140121,8.4665,8.4665,8.3919,8.4105,1827,0
20140122,8.4199,8.4199,8.3919,8.3919,1877,0
20140123,8.3639,8.3639,8.3639,8.3639,27,0
20140124,8.3639,8.3639,8.3639,8.3639,365,0
20140127,8.3639,8.3919,8.2427,8.2427,2155,0
20140128,8.2986,8.2986,8.2893,8.2986,188,0
20140129,8.3732,8.9234,8.3453,8.9234,9148,0
20140130,8.9047,8.9047,8.5784,8.5784,298,0
20140131,8.597,8.6996,8.5784,8.6996,879,0
20140203,8.6903,8.6996,8.6623,8.6716,1610,0
20140204,8.625,8.625,8.5318,8.5597,1968,0
20140205,8.5597,8.6996,8.5038,8.6903,7619,0
20140206,8.7276,9.1378,8.653,9.0912,47230,0
20140207,9.0912,9.0912,8.8581,8.9607,327,0
20140210,9.0912,9.0912,8.6716,8.6716,4177,0
20140211,8.6809,9.548,8.6809,9.4735,22168,0
20140212,9.557,9.623,9.511,9.539,7167,0
20140213,9.511,9.511,9.3243,9.3243,1775,0
20140214,9.3243,9.3243,9.3243,9.3243,11,0
20140217,9.1378,9.3243,9.0632,9.3243,764,0
20140218,9.3243,9.3243,9.0166,9.1378,13872,0
20140219,9.1378,9.2031,9.1378,9.1938,719,0
20140220,9.2311,9.2311,8.942,8.942,3553,0
20140221,8.9514,9.1378,8.7182,9.0912,6678,0
20140224,9.0353,9.0912,9.0259,9.0912,249,0
20140225,8.9607,9.1378,8.9607,9.1285,559,0
20140226,9.2777,10.536,9.2777,10.481,72003,0
20140227,10.434,10.434,10.117,10.341,3809,0
20140228,10.303,10.723,10.303,10.676,8528,0
20140303,10.443,10.443,9.902,10.294,28739,0
20140304,10.257,10.667,10.257,10.453,9389,0
20140305,10.536,10.639,10.443,10.443,6433,0
20140306,10.443,10.723,10.443,10.723,8540,0
20140307,10.779,10.854,10.509,10.723,4013,0
20140310,10.714,10.714,10.397,10.49,1515,0
20140311,10.434,10.434,10.21,10.21,908,0
20140312,10.21,10.21,9.977,9.977,8240,0
20140313,10.08,10.08,9.809,10.07,29404,0
20140314,9.819,10.07,9.679,10.07,42209,0
20140317,9.8,10.275,9.791,10.275,596,0
20140318,10.35,10.35,10.024,10.257,2601,0
20140319,10.145,10.247,9.94,10.164,2962,0
20140320,10.164,10.164,10.014,10.126,21533,0
20140321,10.257,10.257,10.136,10.164,981,0
20140324,10.164,10.378,10.164,10.378,2935,0
20140325,10.443,10.63,10.443,10.63,708,0
20140326,10.63,10.63,10.63,10.63,263,0
20140327,10.62,10.62,10.602,10.602,638,0
20140328,10.583,10.62,10.49,10.536,734,0
20140331,10.546,10.546,10.443,10.443,2884,0
20140401,10.574,10.574,10.49,10.49,709,0
20140402,10.49,10.555,10.275,10.555,1051,0
20140403,10.611,10.611,10.453,10.453,814,0
20140404,10.583,10.583,10.536,10.536,118,0
20140407,10.583,10.611,10.564,10.564,773,0
20140408,10.564,10.564,10.536,10.536,11116,0
20140409,10.555,10.993,10.555,10.993,19965,0
20140410,10.993,11.226,10.993,11.115,4850,0
20140411,11.115,11.254,11.077,11.254,2537,0
20140414,11.236,11.236,10.984,11.189,28412,0
20140415,11.199,11.254,11.003,11.003,1138,0
20140416,11.003,11.012,10.909,11.003,23176,0
20140417,10.881,11.376,10.881,11.376,5152,0
20140422,11.562,11.655,11.376,11.376,62347,0
20140423,11.376,11.376,11.189,11.189,3151,0
20140424,11.18,11.646,11.18,11.357,4047,0
20140425,11.553,11.553,11.208,11.404,837,0
20140428,11.376,11.376,11.376,11.376,16,0
20140429,11.376,11.376,11.357,11.357,214,0
20140430,11.329,11.329,10.742,10.742,1255,0
20140502,10.909,11.003,10.909,10.956,287,0
20140505,10.947,10.947,9.94,10.098,7179,0
20140506,10.07,10.098,9.837,9.884,6088,0
20140507,9.884,9.912,9.697,9.884,2248,0
20140508,9.884,9.977,9.884,9.958,5002,0
20140509,9.958,9.958,9.865,9.865,5831,0
20140512,9.884,9.893,9.697,9.791,7770,0
20140513,9.791,9.791,9.716,9.791,8214,0
20140514,9.604,9.604,8.9514,9.0539,18723,0
20140515,9.2311,9.2311,9.0446,9.2031,4652,0
20140516,9.2124,9.2124,9.0446,9.1658,1348,0
20140519,8.9886,9.0726,8.9514,9.0539,5332,0
20140520,9.1845,9.3243,9.1378,9.1378,3817,0
20140521,9.1378,9.3243,9.0912,9.0912,4680,0
20140522,9.1845,9.557,9.1845,9.529,12016,0
20140523,9.511,9.604,9.4269,9.604,63982,0
20140526,9.576,9.884,9.576,9.884,5564,0
20140527,9.884,10.052,9.744,9.977,16966,0
20140528,9.968,10.061,9.968,10.024,3294,0
20140529,10.061,10.061,9.949,9.958,973,0
20140530,10.005,10.024,9.744,9.884,10944,0
20140602,9.884,9.884,9.604,9.791,4472,0
20140603,9.8,9.902,9.4362,9.511,11588,0
20140604,9.539,9.977,9.539,9.865,4830,0
20140605,9.884,10.024,9.884,9.977,12049,0
20140606,10.005,10.35,10.005,10.35,17355,0
20140609,10.33,10.33,10.19,10.25,4500,0
20140610,10.28,10.28,10.03,10.05,872,0
20140611,10.05,10.05,9.7,9.85,2265,0
20140612,9.85,9.85,9.59,9.59,1142,0
20140613,9.6,9.61,9.58,9.6,491,0
