Date,Open,High,Low,Close,Volume,OpenInt
20120712,2,2.4,2,2.35,52218,0
20120713,2.33,2.34,2,2.32,22233,0
20120716,2.25,2.32,1.94,2.28,36176,0
20120717,2.16,2.34,2.15,2.34,9854,0
20120718,2.34,2.38,1.99,2.06,19619,0
20120719,2.15,2.31,2.15,2.16,2900,0
20120720,2.15,2.24,2.15,2.24,525,0
20120723,2.25,2.59,2.1,2.34,26170,0
20120724,2.34,2.34,2.33,2.34,30700,0
20120725,2.2,2.33,2.11,2.33,64200,0
20120726,2.3,2.33,2.29,2.33,51200,0
20120727,2.25,2.35,2,2.35,86218,0
20120730,2.21,2.31,2.16,2.31,49300,0
20120731,2.2,2.31,2.2,2.31,25100,0
20120801,2.2,2.2,2,2.15,29030,0
20120802,2.1,2.1,2.01,2.01,1830,0
20120803,2.1,2.3,1.85,1.85,25769,0
20120806,2,2.2,2,2.02,7650,0
20120807,2.04,2.15,1.92,2.11,49419,0
20120808,2.15,2.34,2.15,2.34,18690,0
20120809,2.3,2.35,2.3,2.35,800,0
20120810,2.35,2.35,2.25,2.34,2504,0
20120813,2.34,2.57,2.34,2.57,2176,0
20120814,2.33,2.44,2.33,2.44,3954,0
20120816,2.4,2.44,2.32,2.33,10860,0
20120817,2.4,2.59,2.4,2.59,4900,0
20120820,2.45,2.55,2.39,2.39,8954,0
20120821,2.44,2.84,2.44,2.7,8254,0
20120822,2.74,3.18,2.74,2.94,9810,0
20120823,2.94,3.15,2.36,2.99,56089,0
20120824,3,3.05,2.83,3.03,661,0
20120827,3.03,3.09,2.9,2.9,1710,0
20120828,2.9,3.1,2.75,2.81,2096,0
20120829,2.66,3.01,2.66,3.01,4832,0
20120830,3.1,3.15,2.91,2.91,2192,0
20120831,2.92,3.3,2.65,2.8,10630,0
20120903,2.8,2.8,2.78,2.79,1974,0
20120904,2.79,3.14,2.76,2.79,3117,0
20120905,2.7,2.7,2.61,2.61,780,0
20120906,2.62,3.1,2.62,3.1,1395,0
20120907,2.8,2.84,2.8,2.84,20,0
20120910,2.8,2.8,2.8,2.8,1048,0
20120911,2.8,2.8,2.8,2.8,5,0
20120912,2.79,3.36,2.79,2.87,6607,0
20120913,2.78,2.78,2.78,2.78,110,0
20120914,2.8,2.8,2.8,2.8,10,0
20120917,2.8,2.8,2.8,2.8,10,0
20120918,2.8,2.8,2.8,2.8,5,0
20120919,2.8,2.8,2.7,2.7,37,0
20120924,2.79,3.1,2.79,3.07,37070,0
20120925,3,3,2.88,2.88,428,0
20120926,2.92,3,2.92,3,632,0
20120927,3,3,3,3,2331,0
20120928,3,3,3,3,55,0
20121001,3.01,3.2,3.01,3.2,28678,0
20121002,2.99,2.99,2.99,2.99,4485,0
20121003,3,3,2.8,3,11149,0
20121004,3,3,2.81,2.84,570,0
20121005,2.84,2.99,2.8,2.95,204266,0
20121008,3,3,2.87,2.9,39764,0
20121009,2.9,2.9,2.85,2.85,58020,0
20121010,2.8,2.84,2.71,2.84,4063,0
20121011,2.85,2.85,2.85,2.85,10,0
20121012,2.86,2.86,2.86,2.86,10,0
20121015,2.86,3,2.86,3,1749,0
20121016,3,3,2.84,2.84,1385,0
20121017,2.86,3,2.72,2.8,2168,0
20121018,2.8,2.81,2.7,2.8,839,0
20121019,2.85,2.98,2.7,2.79,1383,0
20121022,2.79,3,2.79,2.99,2837,0
20121023,2.84,2.86,2.7,2.85,1622,0
20121024,2.8,2.88,2.72,2.88,6806,0
20121025,2.8,2.8,2.75,2.75,60,0
20121026,2.75,2.94,2.75,2.94,2190,0
20121029,2.94,2.94,2.75,2.75,154,0
20121030,2.82,2.95,2.82,2.88,225,0
20121031,2.88,2.95,2.84,2.95,9085,0
20121102,2.95,2.95,2.72,2.9,2440,0
20121105,2.9,2.9,2.75,2.75,819,0
20121106,2.78,2.98,2.74,2.89,3908,0
20121107,2.91,2.91,2.75,2.85,913,0
20121108,2.85,2.85,2.85,2.85,30,0
20121109,2.8,2.8,2.8,2.8,20,0
20121112,2.78,2.78,2.7,2.7,80,0
20121114,2.8,2.85,2.8,2.8,2060,0
20121115,2.75,2.8,2.75,2.8,280,0
20121116,2.9,3,2.79,2.9,1224,0
20121119,2.9,3,2.7,2.79,2139,0
20121120,2.79,2.87,2.79,2.87,544,0
20121121,2.8,2.8,2.67,2.7,4745,0
20121122,2.7,2.7,2.65,2.69,2766,0
20121126,2.69,2.7,2.69,2.7,40,0
20121127,2.7,2.7,2.65,2.7,3000,0
20121128,2.7,2.7,2.7,2.7,130,0
20121129,2.69,2.7,2.63,2.69,1721,0
20121130,2.69,2.69,2.69,2.69,10,0
20121203,2.69,2.8,2.65,2.8,5057,0
20121204,2.79,2.8,2.71,2.8,552,0
20121205,2.7,2.79,2.7,2.75,968,0
20121206,2.75,2.75,2.75,2.75,540,0
20121207,2.75,2.75,2.75,2.75,10,0
20121210,2.75,2.75,2.62,2.62,761,0
20121211,2.61,2.7,2.5,2.5,58773,0
20121212,2.5,2.5,2.5,2.5,10,0
20121213,2.5,2.5,2.5,2.5,1010,0
20121214,2.5,2.5,2.5,2.5,220,0
20121217,2.5,2.5,2.5,2.5,410,0
20121218,2.5,2.5,2.45,2.45,1220,0
20121219,2.5,2.5,2.2,2.5,11418,0
20121220,2.5,2.5,2.5,2.5,10,0
20121221,2.5,2.5,2.5,2.5,10,0
20121227,2.5,2.7,2.5,2.52,31477,0
20121228,2.5,2.5,2.5,2.5,392,0
20130102,2.5,2.5,2.5,2.5,10,0
20130103,2.5,2.5,2.5,2.5,10,0
20130104,2.5,2.5,2.48,2.48,30,0
20130107,2.5,2.5,2.45,2.45,30,0
20130108,2.5,2.5,2.2,2.24,1070,0
20130109,2.24,2.24,2.24,2.24,430,0
20130110,2.24,2.24,2.24,2.24,20,0
20130111,2.24,2.24,2.24,2.24,30,0
20130114,2.24,2.24,2.24,2.24,10,0
20130115,2.24,2.24,2,2,8453,0
20130116,2,2,1.92,2,13622,0
20130117,2,2,2,2,10,0
20130118,2,2,2,2,110,0
20130121,2,2,1.93,1.99,735,0
20130122,1.99,1.99,1.93,1.93,500,0
20130123,1.92,1.92,1.9,1.9,9560,0
20130124,1.91,1.91,1.82,1.82,7015,0
20130125,1.85,1.85,1.72,1.85,27914,0
20130128,1.76,1.89,1.76,1.89,4514,0
20130129,1.85,2.15,1.85,2.07,4942,0
20130130,2.07,2.15,2,2.08,6019,0
20130201,2.08,2.15,2.03,2.06,1417,0
20130204,2.06,2.07,2.06,2.07,551,0
20130206,2.04,2.04,1.91,1.91,921,0
20130207,1.94,2.06,1.94,2.06,840,0
20130208,2.06,2.06,2.06,2.06,10,0
20130211,2.06,2.06,2.06,2.06,15,0
20130212,2.06,2.06,1.9,2.06,15230,0
20130213,2.06,2.06,2.06,2.06,15,0
20130214,2.06,2.06,1.9,1.99,15883,0
20130215,1.99,2.12,1.99,2.12,1391,0
20130218,2.15,2.15,2.15,2.15,1100,0
20130219,2.15,2.15,2.04,2.04,790,0
20130220,2.06,2.06,1.94,1.95,1422,0
20130221,1.9,1.9,1.84,1.84,1728,0
20130222,1.93,2.1,1.93,1.97,9596,0
20130225,2.03,2.07,2.03,2.07,1020,0
20130226,2.07,2.07,2.07,2.07,10,0
20130227,2.07,2.07,1.98,2.07,505,0
20130228,2.07,2.07,2.07,2.07,10,0
20130301,2.07,2.07,1.98,2.07,1251,0
20130305,2,2.02,1.98,1.98,600,0
20130306,2.01,2.01,2.01,2.01,10,0
20130307,2.01,2.01,1.95,2.01,190,0
20130308,2.01,2.01,2.01,2.01,20,0
20130311,2.01,2.01,1.89,1.89,2971,0
20130312,1.95,2.01,1.88,1.88,3245,0
20130314,1.86,1.86,1.86,1.86,1050,0
20130315,1.93,1.93,1.93,1.93,460,0
20130318,1.95,2,1.78,1.78,3701,0
20130319,1.81,1.92,1.81,1.92,1930,0
20130320,1.8,2,1.75,2,6928,0
20130321,1.95,2,1.95,2,280,0
20130327,1.98,2.01,1.73,2.01,27253,0
20130328,2.01,2.01,2,2.01,30824,0
20130402,2.01,2.07,1.97,2.07,98751,0
20130403,2.02,2.02,1.99,2.02,268736,0
20130404,1.96,2.02,1.92,2.02,16379,0
20130405,2.02,2.18,2,2.02,371741,0
20130408,2.09,2.3,2.05,2.17,131244,0
20130409,2.18,2.18,2.05,2.18,40063,0
20130410,2.17,2.18,2.12,2.18,3818,0
20130411,2.11,2.17,2.07,2.08,80811,0
20130412,2.14,2.2,2.06,2.19,16463,0
20130415,2.19,2.42,2.19,2.39,24719,0
20130417,2.35,2.6,2.35,2.45,54311,0
20130418,2.41,2.45,2.1,2.2,129667,0
20130419,2.29,2.29,2.13,2.17,12628,0
20130422,2.19,2.19,2.08,2.1,123309,0
20130423,2.09,2.15,2.08,2.1,30101,0
20130424,2.14,2.14,2.05,2.12,966,0
20130425,2.12,2.12,2.07,2.07,1650,0
20130426,2.06,2.14,2.06,2.14,1620,0
20130429,2.14,2.15,2.14,2.15,6974,0
20130430,2.14,2.17,2.14,2.15,75742,0
20130502,2.17,2.23,2.17,2.2,10570,0
20130506,2.25,2.46,2.2,2.23,67391,0
20130507,2.27,2.27,2.14,2.2,17770,0
20130508,2.19,2.19,2.1,2.17,20097,0
20130509,2.12,2.17,2.1,2.16,13215,0
20130510,2.16,2.2,2.12,2.2,38749,0
20130513,2.2,2.2,2.15,2.2,10766,0
20130514,2.17,2.21,2.1,2.17,30707,0
20130515,2.11,2.2,2.1,2.19,51157,0
20130516,2.19,2.25,2.19,2.2,39571,0
20130517,2.23,2.24,2.18,2.18,5383,0
20130520,2.16,2.25,2.16,2.2,13668,0
20130521,2.18,2.2,2.14,2.15,15705,0
20130522,2.15,2.18,2.15,2.16,3311,0
20130523,2.16,2.17,2.12,2.17,9756,0
20130524,2.18,2.28,2.18,2.27,76558,0
20130527,2.27,2.27,2.2,2.2,7350,0
20130528,2.2,2.27,2.2,2.26,1070,0
20130529,2.27,2.27,2.2,2.2,1830,0
20130531,2.2,2.21,2.19,2.19,7300,0
20130603,2.25,2.27,2.2,2.2,10930,0
20130604,2.19,2.2,2.16,2.16,27150,0
20130605,2.14,2.23,2.14,2.15,15054,0
20130606,2.2,2.22,1.8,2.09,46625,0
20130607,2.1,2.18,2.1,2.15,6187,0
20130610,2.16,2.18,2.16,2.18,32730,0
20130611,2.24,2.24,2.15,2.18,105554,0
20130612,2.23,2.23,2.15,2.19,15795,0
20130613,2.18,2.21,2.16,2.21,63100,0
20130614,2.21,2.21,2.14,2.18,12898,0
20130617,2.18,2.18,2.18,2.18,12284,0
20130618,2.16,2.22,2.15,2.2,2500,0
20130619,2.17,2.17,2.17,2.17,1229,0
20130620,2.16,2.2,2.15,2.2,40850,0
20130621,2.15,2.16,2.12,2.16,31380,0
20130624,2.15,2.15,2.1,2.15,21715,0
20130625,2.14,2.15,2.14,2.15,4200,0
20130626,2.15,2.15,2.15,2.15,7669,0
20130627,2.18,2.18,2.09,2.09,11200,0
20130628,2.14,2.14,2.14,2.14,50,0
20130701,2.14,2.19,2.14,2.18,6000,0
20130702,2.17,2.17,2.17,2.17,2500,0
20130703,2.18,2.18,2.14,2.14,4430,0
20130704,2.14,2.14,2.01,2.11,8208,0
20130705,2.11,2.14,2.08,2.14,4667,0
20130708,2.13,2.13,2.08,2.09,14561,0
20130709,2.09,2.09,2.04,2.09,510,0
20130710,2.1,2.13,2.1,2.11,1465,0
20130711,2.09,2.1,2.08,2.09,17058,0
20130712,2.08,2.11,2.04,2.11,3403,0
20130715,2.11,2.11,2.03,2.09,384320,0
20130716,2.05,2.11,2.01,2.1,407420,0
20130717,2.06,2.12,2.01,2.08,33085,0
20130718,2.08,2.08,2.01,2.08,72675,0
20130719,2.08,2.08,2,2.07,19116,0
20130722,2.07,2.09,2.03,2.03,16550,0
20130723,2.05,2.07,2,2,10566,0
20130724,2,2,1.98,2,13809,0
20130725,2,2.06,1.99,2,35526,0
20130726,2,2,2,2,39825,0
20130729,2,2,1.97,1.98,21835,0
20130730,1.97,2,1.97,2,14637,0
20130731,2,2,1.99,2,63707,0
20130801,2,2,2,2,14300,0
20130802,1.99,2.05,1.99,2.05,14066,0
20130805,2.05,2.05,2.05,2.05,14892,0
20130806,2.05,2.22,2.05,2.2,29101,0
20130807,2.2,2.2,2.15,2.2,22936,0
20130808,2.2,2.2,2.15,2.2,8663,0
20130809,2.2,2.2,2.19,2.2,5701,0
20130812,2.2,2.49,2.2,2.3,60600,0
20130813,2.38,2.5,2.38,2.45,180477,0
20130814,2.49,2.5,2.31,2.45,36915,0
20130816,2.4,2.5,2.35,2.45,37652,0
20130819,2.48,2.54,2.4,2.48,158410,0
20130820,2.48,2.5,2.42,2.49,19787,0
20130821,2.5,2.51,2.44,2.49,89030,0
20130822,2.59,2.59,2.45,2.59,140093,0
20130823,2.6,2.69,2.6,2.66,221890,0
20130826,2.65,2.67,2.64,2.67,152419,0
20130827,2.65,2.65,2.51,2.59,32240,0
20130828,2.59,2.59,2.52,2.54,37166,0
20130829,2.55,2.55,2.49,2.55,19109,0
20130830,2.55,2.56,2.55,2.56,53902,0
20130902,2.56,2.56,2.52,2.54,27808,0
20130903,2.52,2.56,2.5,2.56,36278,0
20130904,2.6,2.85,2.6,2.74,175079,0
20130905,2.74,2.74,2.35,2.55,204857,0
20130906,2.49,2.63,2.49,2.57,313675,0
20130909,2.66,2.66,2.51,2.58,72212,0
20130910,2.63,2.8,2.55,2.78,527561,0
20130911,2.8,2.92,2.78,2.8,716848,0
20130912,2.8,2.85,2.72,2.82,160416,0
20130913,2.84,2.84,2.81,2.81,38371,0
20130916,2.85,2.9,2.81,2.85,99080,0
20130917,2.87,2.89,2.81,2.88,49981,0
20130918,2.88,3.15,2.88,3.05,155418,0
20130919,3.09,3.14,3.01,3.04,151516,0
20130920,3.1,3.13,3.02,3.05,75451,0
20130923,3.04,3.04,2.92,2.99,46127,0
20130924,2.99,2.99,2.9,2.97,32397,0
20130925,2.99,2.99,2.86,2.86,16205,0
20130926,2.95,3,2.87,2.98,87031,0
20130927,3,3,2.98,2.99,138310,0
20130930,2.99,2.99,2.9,2.99,59453,0
20131001,2.97,2.99,2.92,2.96,31042,0
20131002,2.99,2.99,2.89,2.95,46530,0
20131003,2.95,2.95,2.88,2.95,16472,0
20131004,2.93,2.93,2.85,2.86,61882,0
20131007,2.87,2.9,2.86,2.9,8362,0
20131008,2.9,3,2.9,2.95,14164,0
20131009,2.94,2.95,2.86,2.9,21132,0
20131010,2.87,2.99,2.87,2.99,22725,0
20131011,3,3.02,2.96,2.98,26540,0
20131014,2.98,3.19,2.95,3.18,50626,0
20131015,3.19,3.49,3.19,3.39,696521,0
20131016,3.39,3.39,3.24,3.24,44367,0
20131017,3.28,3.29,3.25,3.25,28253,0
20131018,3.25,3.25,3.03,3.19,31746,0
20131021,3.19,3.28,3.08,3.17,30187,0
20131022,3.15,3.15,3.03,3.09,29791,0
20131023,3.06,3.12,3.02,3.07,15141,0
20131024,3.01,3.1,2.9,2.97,92419,0
20131025,3.06,3.06,2.97,3,20633,0
20131028,3,3.01,2.95,2.95,20153,0
20131029,3,3,2.9,3,60216,0
20131030,2.99,3.1,2.9,3.1,57292,0
20131031,3.15,3.15,3,3.12,38974,0
20131104,3.12,3.12,3,3.05,44067,0
20131105,3,3.05,2.9,2.9,41554,0
20131106,2.99,2.99,2.91,2.99,6653,0
20131107,2.99,2.99,2.9,2.9,33014,0
20131108,2.9,3.05,2.88,2.9,20578,0
20131112,2.87,2.92,2.81,2.81,61406,0
20131113,2.81,2.97,2.8,2.95,78630,0
20131114,2.87,3,2.87,2.94,111202,0
20131115,2.94,3.08,2.94,3.05,33533,0
20131118,3.05,3.05,2.97,2.98,31720,0
20131119,2.98,3.07,2.92,3.07,67309,0
20131120,3.05,3.05,2.95,2.97,70851,0
20131121,3,3,2.94,2.98,38573,0
20131122,2.99,3.2,2.99,3.1,102722,0
20131125,3.14,3.14,3,3.05,32645,0
20131126,3.04,3.05,2.95,2.95,20967,0
20131127,2.98,3.09,2.98,3,26472,0
20131128,3,3,2.97,2.99,15794,0
20131129,3,3.06,2.91,2.96,81217,0
20131202,2.96,2.96,2.75,2.77,539628,0
20131203,2.77,2.77,2.58,2.6,157000,0
20131204,2.61,2.61,2.55,2.6,84859,0
20131205,2.63,2.64,2.58,2.6,79487,0
20131206,2.62,2.73,2.62,2.72,81466,0
20131209,2.82,2.85,2.74,2.8,95073,0
20131210,2.8,2.8,2.65,2.74,85581,0
20131211,2.8,2.8,2.7,2.77,18698,0
20131212,2.74,2.77,2.74,2.75,18308,0
20131213,2.75,2.75,2.67,2.73,39236,0
20131216,2.71,2.8,2.71,2.8,59161,0
20131217,2.75,2.75,2.65,2.7,48164,0
20131218,2.74,2.74,2.53,2.58,85725,0
20131219,2.55,2.58,2.49,2.56,26045,0
20131220,2.5,2.52,2.41,2.52,234365,0
20131223,2.52,2.69,2.5,2.58,14863,0
20131227,2.61,2.62,2.45,2.59,30784,0
20131230,2.53,2.63,2.53,2.62,29283,0
20140102,2.61,2.74,2.61,2.68,20460,0
20140103,2.69,2.69,2.61,2.66,2236,0
20140107,2.62,2.65,2.61,2.65,13556,0
20140108,2.65,2.65,2.54,2.55,32010,0
20140109,2.55,2.6,2.51,2.6,15819,0
20140110,2.53,2.55,2.46,2.48,81660,0
20140113,2.48,2.64,2.48,2.62,32542,0
20140114,2.53,2.6,2.53,2.6,9405,0
20140115,2.55,2.58,2.53,2.58,15370,0
20140116,2.62,2.62,2.57,2.57,11311,0
20140117,2.58,2.59,2.56,2.56,14626,0
20140120,2.55,2.56,2.51,2.56,8325,0
20140121,2.52,2.6,2.51,2.6,27900,0
20140122,2.6,2.6,2.5,2.52,20876,0
20140123,2.52,2.57,2.5,2.52,16109,0
20140124,2.51,2.54,2.48,2.51,17610,0
20140127,2.49,2.5,2.39,2.46,20116,0
20140128,2.39,2.5,2.39,2.5,15707,0
20140129,2.52,2.56,2.5,2.54,35643,0
20140130,2.55,2.55,2.54,2.54,151,0
20140131,2.54,2.6,2.54,2.57,21142,0
20140203,2.57,2.6,2.51,2.6,574361,0
20140204,2.56,2.56,2.52,2.55,18418,0
20140205,2.55,2.7,2.53,2.66,1399115,0
20140206,2.68,2.75,2.6,2.71,3187104,0
20140207,2.7,2.82,2.67,2.82,1271651,0
20140210,2.85,2.95,2.82,2.9,528119,0
20140211,2.89,2.89,2.8,2.82,1594250,0
20140212,2.84,2.85,2.79,2.81,237689,0
20140213,2.8,2.81,2.76,2.76,235150,0
20140214,2.75,2.8,2.74,2.76,72116,0
20140217,2.8,2.81,2.75,2.8,259174,0
20140218,2.81,3,2.8,2.9,454927,0
20140219,2.9,2.95,2.85,2.87,177261,0
20140220,2.87,2.95,2.81,2.92,285864,0
20140221,2.92,2.92,2.82,2.85,296735,0
20140224,2.87,2.89,2.81,2.87,95598,0
20140225,2.92,2.93,2.83,2.86,80637,0
20140226,2.86,2.87,2.76,2.76,108526,0
20140227,2.76,2.79,2.75,2.79,25699,0
20140228,2.78,2.79,2.76,2.79,231073,0
20140303,2.65,2.72,2.59,2.68,588217,0
20140304,2.68,2.77,2.68,2.76,126150,0
20140305,2.76,2.76,2.71,2.76,59393,0
20140306,2.76,2.76,2.72,2.76,327049,0
20140307,2.75,2.76,2.68,2.68,277535,0
20140310,2.68,2.71,2.45,2.69,382987,0
20140311,2.63,2.73,2.63,2.65,215990,0
20140312,2.57,2.73,2.57,2.58,365379,0
20140313,2.6,2.62,2.54,2.56,46088,0
20140314,2.53,2.56,2.42,2.46,124438,0
20140317,2.5,2.7,2.5,2.6,73989,0
20140318,2.64,2.66,2.5,2.65,74537,0
20140319,2.66,2.74,2.63,2.72,131918,0
20140320,2.7,2.7,2.65,2.68,5258,0
20140321,2.65,2.76,2.6,2.69,320994,0
20140324,2.69,2.69,2.63,2.68,48281,0
20140325,2.67,2.69,2.67,2.69,10014,0
20140326,2.69,2.72,2.61,2.72,182410,0
20140327,2.74,2.8,2.7,2.78,148913,0
20140328,2.78,2.84,2.7,2.79,445975,0
20140331,2.78,2.89,2.7,2.89,649580,0
20140401,2.89,2.89,2.83,2.88,196801,0
20140402,2.88,2.92,2.8,2.85,417028,0
20140403,2.88,2.88,2.73,2.8,75578,0
20140404,2.82,2.83,2.68,2.68,163277,0
20140407,2.69,2.72,2.55,2.58,231281,0
20140408,2.6,2.67,2.55,2.67,231212,0
20140409,2.64,2.75,2.64,2.72,27034,0
20140410,2.72,2.72,2.68,2.68,27563,0
20140411,2.64,2.85,2.64,2.72,410538,0
20140414,2.71,2.76,2.62,2.72,651672,0
20140415,2.77,2.78,2.75,2.75,20136,0
20140416,2.76,2.76,2.7,2.72,5907,0
20140417,2.72,2.75,2.68,2.74,20028,0
20140422,2.73,2.73,2.65,2.7,5846,0
20140423,2.7,2.7,2.6,2.67,39309,0
20140424,2.65,2.75,2.58,2.58,192015,0
20140425,2.59,2.62,2.53,2.54,99346,0
20140428,2.57,2.57,2.49,2.5,51015,0
20140429,2.5,2.52,2.48,2.49,54274,0
20140430,2.51,2.51,2.47,2.49,11212,0
20140502,2.48,2.54,2.48,2.5,14915,0
20140505,2.51,2.51,2.41,2.41,85008,0
20140506,2.42,2.53,2.42,2.44,30525,0
20140507,2.44,2.44,2.27,2.3,392314,0
20140508,2.34,2.37,2.27,2.3,176078,0
20140509,2.33,2.34,2.2,2.22,68911,0
20140512,2.25,2.25,2.15,2.24,45786,0
20140513,2.29,2.42,2.23,2.39,591567,0
20140514,2.42,2.44,2.4,2.44,466078,0
20140515,2.44,2.52,2.44,2.49,367823,0
20140516,2.48,2.57,2.45,2.47,584961,0
20140519,2.47,2.48,2.4,2.47,19557,0
20140520,2.47,2.48,2.42,2.42,576211,0
20140521,2.41,2.48,2.41,2.48,112006,0
20140522,2.47,2.47,2.41,2.42,19455,0
20140523,2.45,2.45,2.41,2.41,8360,0
20140526,2.42,2.45,2.3,2.45,89820,0
20140527,2.41,2.44,2.39,2.42,254451,0
20140528,2.42,2.42,2.37,2.4,5134,0
20140529,2.41,2.57,2.41,2.41,134521,0
20140530,2.42,2.45,2.39,2.39,36427,0
20140602,2.42,2.43,2.35,2.36,35346,0
20140603,2.4,2.55,2.36,2.49,811177,0
20140604,2.49,2.59,2.48,2.52,29060,0
20140605,2.55,2.68,2.5,2.55,66687,0
20140606,2.54,2.55,2.5,2.53,14460,0
20140609,2.54,2.64,2.46,2.55,782235,0
20140610,2.51,2.64,2.45,2.52,1353600,0
20140611,2.53,2.54,2.53,2.54,7000,0
20140612,2.5,2.53,2.5,2.52,53629,0
20140613,2.52,2.52,2.49,2.49,15425,0
