Date,Open,High,Low,Close,Volume,OpenInt
20070309,6.2826,6.7312,6.2736,6.3634,884921,0
20070312,6.3724,7.8982,6.3724,7.584,204511,0
20070313,8.302,9.0559,7.6289,7.8083,246650,0
20070314,7.6289,7.6289,7.1801,7.5661,92315,0
20070315,7.584,8.0238,7.4046,7.7008,238716,0
20070316,7.9789,8.0507,7.6289,7.943,188036,0
20070319,7.9879,8.2571,7.9699,8.0777,72171,0
20070320,8.3917,8.3917,7.9879,8.0596,33016,0
20070321,8.1405,8.1584,7.7635,7.8982,32538,0
20070322,8.0777,8.1225,7.8083,7.9879,58533,0
20070323,8.0686,8.0686,7.7456,7.9879,168430,0
20070326,7.8083,8.0596,7.8083,8.0328,14106,0
20070327,8.0777,8.1673,7.8443,8.0956,26215,0
20070328,8.1584,8.1584,7.8802,8.0777,18618,0
20070329,8.0777,8.1494,7.9161,8.0777,38403,0
20070330,8.0777,8.1315,7.907,8.1225,152595,0
20070402,8.1135,8.1135,7.9161,8.0866,9365,0
20070403,7.9969,8.1135,7.9879,7.9879,123947,0
20070404,8.1045,8.1135,7.8892,8.0777,222948,0
20070405,8.1135,8.1225,7.9879,8.0777,17619,0
20070410,8.0777,8.1673,7.9789,8.1225,29752,0
20070411,8.2392,10.591,8.2123,9.4149,268896,0
20070412,9.765,9.765,8.7957,8.9483,61361,0
20070413,9.3073,9.3342,8.7957,8.9572,30129,0
20070416,8.7777,9.648,8.7777,9.4239,74777,0
20070417,9.693,11.129,9.514,10.725,94650,0
20070418,10.995,11.174,10.097,10.77,283857,0
20070419,10.321,10.77,10.277,10.77,28280,0
20070420,10.95,12.565,10.95,12.117,516342,0
20070423,12.745,13.463,12.476,12.565,145653,0
20070424,12.655,12.655,11.775,12.476,225360,0
20070425,12.476,12.565,12.117,12.52,42086,0
20070426,12.52,12.565,12.278,12.341,47367,0
20070427,12.224,13.014,12.224,12.431,66775,0
20070430,12.377,12.592,12.377,12.565,56780,0
20070502,12.601,13.005,12.431,12.745,88104,0
20070504,12.96,13.409,12.844,13.104,48709,0
20070507,13.373,13.553,12.924,13.005,24302,0
20070508,12.969,12.969,12.117,12.565,51251,0
20070509,12.018,12.386,11.82,12.368,61388,0
20070510,12.117,12.287,10.411,11.578,79441,0
20070511,10.77,10.95,10.591,10.95,79379,0
20070514,11.416,11.982,11.138,11.533,25805,0
20070515,11.937,11.937,10.77,11.219,23650,0
20070516,11.174,12.117,10.77,11.668,102815,0
20070517,11.443,12.108,11.443,11.722,42503,0
20070518,11.713,11.713,11.219,11.713,106689,0
20070521,11.704,11.713,11.345,11.668,49507,0
20070522,11.704,11.704,11.309,11.668,23116,0
20070523,11.488,11.488,10.968,11.219,50645,0
20070524,11.219,11.219,10.95,11.201,16685,0
20070525,11.156,11.156,10.77,11.093,49494,0
20070528,11.111,11.111,10.564,11.075,136544,0
20070529,10.95,11.039,10.69,10.77,28988,0
20070530,10.501,11.129,10.393,10.77,30589,0
20070531,10.77,11.129,10.77,11.129,123170,0
20070601,11.264,11.389,11.039,11.219,39361,0
20070604,11.309,11.309,10.95,11.3,11471,0
20070605,11.434,11.434,10.95,11.309,8502,0
20070606,11.084,11.309,10.914,11.255,12163,0
20070608,10.77,11.219,10.681,11.039,39597,0
20070611,11.21,11.21,10.86,11.022,16131,0
20070612,11.013,11.013,10.6,10.851,13264,0
20070613,10.501,10.77,10.501,10.564,24760,0
20070614,10.465,10.752,10.366,10.636,32501,0
20070615,10.681,10.806,10.393,10.77,41112,0
20070618,10.986,10.986,10.501,10.725,10011,0
20070619,10.734,10.77,10.501,10.77,63347,0
20070620,10.69,12.206,10.69,11.883,218129,0
20070621,12.117,12.296,11.578,11.668,33534,0
20070622,11.668,12.117,11.461,12.108,22140,0
20070625,12.027,12.027,11.677,11.82,15784,0
20070626,11.928,11.937,11.668,11.668,126738,0
20070627,11.901,11.901,11.632,11.659,14911,0
20070628,11.668,12.117,11.084,12.117,36696,0
20070629,12.108,12.117,11.677,12.117,17680,0
20070702,12.072,12.072,11.488,11.937,4177,0
20070703,10.77,11.758,10.77,11.578,27616,0
20070704,11.748,11.748,11.345,11.345,3140,0
20070705,11.38,11.38,10.95,11.183,4726,0
20070706,11.336,11.336,11.039,11.255,3280,0
20070709,11.461,11.461,10.959,10.959,14969,0
20070710,11.309,11.309,10.501,10.995,12391,0
20070711,10.986,10.986,10.636,10.851,4553,0
20070712,10.851,10.86,10.555,10.86,4355,0
20070713,10.636,10.77,10.42,10.77,5805,0
20070716,10.86,10.86,9.9,10.321,11786,0
20070717,10.142,10.366,9.962,10.366,16616,0
20070718,10.411,10.411,9.989,9.989,5925,0
20070719,10.142,10.366,10.088,10.232,489993,0
20070720,10.411,10.411,9.873,9.873,25140,0
20070723,9.873,10.142,9.693,9.962,7296,0
20070724,10.007,10.007,9.55,9.783,17372,0
20070725,9.4599,9.765,9.3521,9.3701,15554,0
20070726,9.738,9.738,8.9753,9.2444,8488,0
20070727,8.5354,9.2444,8.5354,9.047,232888,0
20070730,9.1547,9.2444,8.7957,9.1996,4873,0
20070731,9.1547,9.2444,9.1547,9.2444,3388,0
20070801,8.7148,9.1547,8.7148,8.9753,120014,0
20070802,8.9753,9.0559,8.7328,9.0559,81412,0
20070803,9.2444,9.2444,8.8854,8.9753,67844,0
20070806,8.6161,8.8405,8.0777,8.5264,44633,0
20070807,8.2841,8.6161,8.2841,8.5264,84368,0
20070808,8.6161,8.6161,8.266,8.4455,3499,0
20070809,8.2571,8.5264,8.1225,8.4277,7375,0
20070810,7.8982,8.1854,7.8982,8.0328,104158,0
20070813,8.0328,8.3738,7.943,8.266,8604,0
20070814,8.338,8.3468,8.2571,8.302,6660,0
20070816,7.9879,8.0777,6.9826,8.0777,18230,0
20070817,7.6289,8.9572,7.6289,8.9572,5619,0
20070820,9.828,9.828,8.9303,9.1188,10671,0
20070821,8.9753,8.9753,8.6161,8.9662,9872,0
20070822,8.7238,9.1547,8.5264,9.1547,120668,0
20070823,9.0201,9.397,8.9841,9.3342,4987,0
20070824,9.2983,9.3342,8.8496,9.0649,5968,0
20070827,9.0649,9.1457,8.7957,8.8046,10981,0
20070828,8.8854,9.0559,8.7957,8.9753,1358,0
20070829,8.3917,9.1547,8.1673,9.1547,67442,0
20070830,9.3252,9.3342,8.5712,8.9753,6649,0
20070831,8.7957,9.0649,8.7957,9.0649,4547,0
20070903,9.1457,9.1457,9.0201,9.0201,673,0
20070904,8.7957,9.1816,8.7598,9.1816,2674,0
20070905,8.8405,9.0649,8.5532,8.5532,4782,0
20070906,8.7957,8.7957,8.3917,8.7957,1970,0
20070907,8.4367,8.9753,8.4367,8.6161,8400,0
20070910,8.3199,8.7957,8.1045,8.7867,7708,0
20070911,8.4904,8.9033,8.4904,8.9033,3863,0
20070912,8.5712,8.8854,8.5264,8.8854,7198,0
20070913,8.5712,8.7957,8.4367,8.5264,5582,0
20070914,8.6161,8.7058,8.5264,8.7058,2592,0
20070917,8.7058,8.7058,8.3468,8.6161,1437,0
20070918,8.4007,8.5264,8.3917,8.4367,9580,0
20070919,8.7058,8.7058,8.4725,8.7058,4480,0
20070920,8.7058,8.7957,8.6161,8.6969,3873,0
20070921,8.7957,8.7957,8.5354,8.5532,2780,0
20070924,8.5981,8.5981,8.3917,8.5532,1452,0
20070925,8.4097,8.6879,8.4007,8.5264,1397,0
20070926,8.3738,8.5712,8.0777,8.0777,12796,0
20070927,8.3468,8.3468,7.8264,8.0328,9880,0
20070928,7.9879,7.9879,7.8083,7.8083,12501,0
20071001,7.7366,7.8982,7.4224,7.7186,8229,0
20071002,7.7186,7.8083,7.4584,7.8083,3961,0
20071003,7.8083,7.8982,7.6289,7.8083,6790,0
20071004,7.6289,7.8083,7.4584,7.7995,6100,0
20071005,7.6738,7.7905,7.5392,7.6289,1150581,0
20071008,7.7725,7.7725,7.584,7.7008,18438,0
20071009,8.0686,8.9572,8.0686,8.8405,108433,0
20071010,8.8854,8.9214,8.4815,8.5354,52759,0
20071011,8.4367,8.6161,8.4367,8.6161,20822,0
20071012,8.5264,8.8585,8.4545,8.7957,9052,0
20071015,8.9214,8.9214,8.661,8.7058,5662,0
20071016,8.7957,8.9753,8.5981,8.9214,13645,0
20071017,8.8854,8.8854,8.5712,8.7957,16387,0
20071018,8.8944,8.9662,8.3468,8.7957,19914,0
20071019,8.6161,8.9483,8.5264,8.8854,15715,0
20071022,8.5264,8.8316,8.5264,8.8137,11734,0
20071023,8.7957,8.8854,8.5712,8.8854,7743,0
20071024,8.8854,8.8854,8.5981,8.7957,3899,0
20071025,8.7058,8.8854,8.5802,8.8854,17069,0
20071026,8.8854,8.8854,8.4367,8.7508,21730,0
20071029,8.8405,8.8405,8.4367,8.6071,74928,0
20071030,8.5264,8.7058,8.4636,8.6969,4897,0
20071031,8.6969,8.6969,8.6969,8.6969,146,0
20071102,8.302,8.5981,8.0866,8.5981,18332,0
20071105,8.8854,8.8854,8.1764,8.6879,10084,0
20071106,8.6879,8.6879,8.0777,8.6879,13231,0
20071107,8.311,8.5264,8.0686,8.2481,23196,0
20071108,7.7186,7.9879,7.4494,7.9879,18105,0
20071109,8.2571,8.2571,7.5301,7.5301,9480,0
20071112,7.7186,7.7186,7.0903,7.5301,22954,0
20071113,7.252,7.7186,7.234,7.7186,25827,0
20071114,7.7635,8.0058,7.4673,7.6738,33619,0
20071115,7.4046,7.4046,6.9557,7.1711,41359,0
20071116,6.866,7.0006,6.7312,7.0006,133918,0
20071119,7.0454,7.0454,6.8211,6.9557,14596,0
20071120,6.7312,6.866,6.5069,6.866,12400,0
20071121,6.6416,6.6416,6.4441,6.6416,19169,0
20071122,6.3186,6.8211,6.1479,6.8211,268529,0
20071123,6.8211,7.0903,6.8211,6.9108,11902,0
20071126,7.1801,7.1801,6.6416,6.9557,14413,0
20071127,6.8121,6.8121,6.5519,6.8032,9360,0
20071128,6.7045,6.9467,6.6864,6.9019,6674,0
20071129,7.1801,7.1801,6.6506,6.9108,47623,0
20071130,7.0813,7.0903,6.7403,7.0903,30306,0
20071203,7.0903,7.0903,6.6864,6.7312,34096,0
20071204,6.8211,6.8211,6.5967,6.7941,7486,0
20071205,6.6416,6.8929,6.6416,6.8211,26300,0
20071206,6.8032,6.9108,6.7312,6.7312,80659,0
20071207,6.8211,7.1801,6.7312,7.1801,17563,0
20071210,7.225,7.225,6.9108,7.1801,1652,0
20071211,6.9198,7.1622,6.7403,7.1532,9279,0
20071212,6.8211,7.0903,6.7403,7.0903,12224,0
20071213,6.9557,6.9557,6.7312,6.9557,35113,0
20071214,6.8211,7.0454,6.8211,7.0454,9041,0
20071217,6.6776,6.9916,6.6686,6.9198,12444,0
20071218,6.6864,6.9108,6.5698,6.9108,10084,0
20071219,7.0006,7.0006,6.4711,6.8032,36985,0
20071220,6.5967,6.8032,6.5967,6.8032,7834,0
20071221,6.6506,6.8211,6.6147,6.8211,19484,0
20071227,7.0365,7.0365,6.7312,7.0006,6800,0
20071228,6.9736,7.0006,6.7493,7.0006,11588,0
20080102,6.7312,7.0006,6.7312,7.0006,991,0
20080103,7.0006,7.0006,7.0006,7.0006,2178,0
20080104,6.8032,7.0006,6.8032,7.0006,1509,0
20080107,6.7312,6.9019,6.6864,6.875,4187,0
20080108,6.7312,6.9108,6.6416,6.8032,4589,0
20080109,6.5519,6.7763,6.1929,6.5069,12424,0
20080110,6.525,6.5429,6.3095,6.5338,12062,0
20080111,6.2378,6.4621,6.2378,6.2826,186771,0
20080114,6.1929,6.1929,5.7442,6.0492,17904,0
20080115,6.0134,6.0134,5.762,5.9326,13643,0
20080116,5.6275,5.8159,5.3941,5.6814,17120,0
20080117,5.4299,5.8339,5.4299,5.5646,28457,0
20080118,5.403,5.7442,5.403,5.6993,14954,0
20080121,5.5376,5.798,5.4299,5.5646,8223,0
20080122,5.4299,5.7442,5.4299,5.5735,701711,0
20080123,5.6993,5.7351,5.5646,5.7351,13140,0
20080124,5.789,5.9236,5.789,5.8788,15571,0
20080125,5.9236,6.1479,5.9236,6.1479,10442,0
20080128,6.1479,6.4621,6.0223,6.4621,185725,0
20080129,6.3454,6.6416,6.2826,6.6416,5843,0
20080130,6.6057,6.6416,6.2826,6.6416,20896,0
20080131,6.3275,6.5519,6.3186,6.5519,2802,0
20080201,6.4173,6.6864,6.4173,6.6864,1802,0
20080204,6.7312,6.7312,6.7312,6.7312,10,0
20080205,6.5429,6.7312,6.4082,6.7312,10965,0
20080206,6.6147,6.7312,6.5519,6.7312,5904,0
20080207,6.4621,6.6864,6.4621,6.6864,2451,0
20080208,6.4711,6.6686,6.4621,6.6686,4255,0
20080211,6.4711,6.6776,6.4711,6.6776,2365,0
20080212,6.4711,6.7312,6.3992,6.7312,6707,0
20080213,6.4801,6.8211,6.4621,6.8211,10251,0
20080214,6.6057,6.8211,6.6057,6.8211,781,0
20080215,6.7763,6.7763,6.7763,6.7763,781,0
20080218,6.6416,6.9736,6.6416,6.9736,6031,0
20080220,6.9647,6.9647,6.9647,6.9647,250607,0
20080221,6.7941,6.9736,6.7941,6.9647,5171,0
20080222,6.7763,6.9826,6.7763,6.9826,5149,0
20080225,7.0006,7.0006,6.839,7.0006,1316,0
20080226,7.0454,7.0454,6.8929,7.0454,683,0
20080227,7.0454,7.1801,6.9019,7.0185,17732,0
20080228,6.9108,6.9916,6.875,6.9916,11379,0
20080229,6.8301,6.9557,6.8211,6.9557,6685,0
20080303,6.7763,7.0813,6.6864,6.9736,7048,0
20080304,6.8121,7.0723,6.8121,7.0634,2386,0
20080305,6.8839,7.0723,6.8839,7.0723,3019,0
20080306,7.0723,7.0723,6.9108,6.9108,1293,0
20080307,6.9108,6.9108,6.9108,6.9108,84,0
20080310,6.6595,7.0634,6.6595,7.0454,9001,0
20080311,7.0454,7.0723,7.0006,7.0723,8156,0
20080312,7.0454,7.0723,6.866,7.0723,4243,0
20080313,7.1352,7.1352,6.857,7.0545,2568,0
20080314,7.0006,7.0006,7.0006,7.0006,112,0
20080317,7.0454,7.0454,6.857,6.9108,1760,0
20080318,6.9108,7.1262,6.9108,7.1262,8531,0
20080319,6.9557,7.1262,6.9557,7.1262,4074,0
20080320,7.1352,7.1352,7.1352,7.1352,1125,0
20080325,7.1352,7.1352,6.9557,7.1262,5392,0
20080326,6.9108,7.1173,6.8211,7.1173,7631,0
20080327,6.9108,7.1173,6.9019,7.1173,14292,0
20080328,7.0454,7.2698,7.0454,7.2698,30290,0
20080331,7.0903,7.2968,7.0903,7.2968,2228,0
20080401,7.3597,7.3597,7.2789,7.3507,245795,0
20080402,7.5392,7.5392,7.3597,7.4943,12389,0
20080403,7.5392,7.7186,7.4853,7.7186,8982,0
20080404,7.8173,7.8173,7.6738,7.7186,2227,0
20080407,7.7276,7.8892,7.7276,7.8892,3161,0
20080408,8.0686,8.0686,7.9879,7.9879,3010,0
20080409,7.9879,8.0328,7.8534,8.0328,6588,0
20080410,8.0777,8.0777,7.8534,8.0777,3137,0
20080411,7.8982,8.0777,7.8534,8.0777,3334,0
20080414,7.9609,8.0686,7.6289,8.0686,8709,0
20080415,8.0686,8.0777,7.8982,8.0777,4255,0
20080416,8.1315,8.1584,7.943,8.1584,2212,0
20080417,8.2123,8.2123,7.9879,8.1673,6134,0
20080418,8.2123,8.2123,8.0777,8.0777,2318,0
20080421,7.8534,8.0777,7.8534,8.0777,2062,0
20080422,7.8083,8.0686,7.8083,8.0686,2432,0
20080423,7.8083,7.9879,7.8083,7.9879,5837,0
20080424,7.8982,8.0777,7.8982,8.0777,2254,0
20080425,8.1673,8.1673,7.907,8.0777,6603,0
20080428,7.8982,8.0777,7.8173,8.0777,3654,0
20080429,7.907,8.0777,7.8982,8.0777,3364,0
20080430,7.943,8.0777,7.943,8.0777,82710,0
20080505,7.8083,8.0777,7.8083,8.0777,3265,0
20080506,7.8353,8.0777,7.8353,8.0777,3499,0
20080507,8.0777,8.0777,7.8534,8.0777,6786,0
20080508,8.0777,8.0777,8.0686,8.0686,333,0
20080509,7.8982,8.2123,7.7635,8.2123,112163,0
20080512,8.4367,8.4367,7.8982,7.8982,4061,0
20080513,7.8982,8.0328,7.8982,8.0328,5529,0
20080514,7.7456,8.0777,7.5392,8.0777,19059,0
20080515,7.8892,7.8892,7.8802,7.8802,1398,0
20080516,7.7186,7.8083,7.7186,7.8083,668,0
20080519,7.5481,7.7635,7.5481,7.7635,1628,0
20080520,7.5392,7.7635,7.5033,7.7635,925,0
20080521,7.5122,7.7186,7.5122,7.7186,6982,0
20080523,7.7456,7.8982,7.7456,7.8982,225,0
20080526,7.9879,7.9879,7.6289,7.6289,17220,0
20080527,7.6648,7.6738,7.6648,7.6648,1363,0
20080528,7.6648,7.6738,7.6558,7.6558,1190,0
20080529,7.6289,7.6289,7.6289,7.6289,140,0
20080530,7.584,7.584,7.584,7.584,117,0
20080602,7.584,7.584,7.584,7.584,128,0
20080603,7.5392,7.5392,7.5392,7.5392,150,0
20080604,7.2879,7.2879,7.261,7.2879,6821,0
20080605,7.1892,7.1892,6.9916,7.0006,5943,0
20080606,6.9288,6.9288,6.7312,6.7312,3178,0
20080609,6.866,6.8839,6.866,6.8839,67,0
20080610,6.6057,6.6057,6.4262,6.4262,3585,0
20080611,6.3724,6.3724,6.2826,6.2826,3030,0
20080612,6.2826,6.2826,6.2826,6.2826,1993,0
20080613,6.0134,6.0134,5.8877,5.8877,4988,0
20080616,5.9236,5.9236,5.6544,5.9236,8978,0
20080617,5.8339,5.8339,5.7442,5.8339,5586,0
20080618,5.9057,5.9057,5.789,5.789,2267,0
20080619,5.6275,5.9146,5.6275,5.789,1910,0
20080620,5.789,5.789,5.6454,5.7442,2814,0
20080623,5.8339,5.8339,5.7442,5.7442,1594,0
20080624,5.7442,5.7442,5.5646,5.6094,7335,0
20080625,5.6094,5.6544,5.6094,5.6094,2031,0
20080626,5.6094,5.6544,5.6094,5.6185,2036,0
20080627,5.6094,6.1031,5.5916,6.1031,4688,0
20080630,6.0134,6.1839,5.8788,6.1839,2959,0
20080701,5.8877,5.8967,5.7262,5.7262,5248,0
20080702,5.6094,5.7351,5.5646,5.7351,2642,0
20080703,5.5646,5.6094,5.5197,5.6094,1900,0
20080704,5.6094,5.6094,5.6094,5.6094,24,0
20080707,5.6094,5.6094,5.5826,5.5826,24,0
20080708,5.6454,5.6454,5.385,5.385,2601,0
20080709,5.2504,5.385,5.2056,5.385,712,0
20080710,5.4658,5.4658,5.2325,5.385,582,0
20080711,5.385,5.385,5.2056,5.2954,1359,0
20080714,5.2056,5.4748,5.2056,5.4658,740,0
20080715,5.2056,5.3761,5.2056,5.2056,1460,0
20080716,5.026,5.2056,5.026,5.1158,6786,0
20080717,5.1158,5.1966,4.9453,5.1966,2317,0
20080718,5.026,5.1158,4.9543,5.0709,3397,0
20080721,5.026,5.2056,5.026,5.2056,2369,0
20080722,5.1607,5.1966,4.9363,5.1966,1690,0
20080723,5.0709,5.1966,4.9453,4.9453,1018,0
20080724,4.9363,4.9363,4.8017,4.9363,2543,0
20080725,4.9363,4.9363,4.9363,4.9363,337,0
20080728,5.0082,5.0082,4.9991,4.9991,23,0
20080729,4.9363,4.9363,4.9363,4.9363,191,0
20080730,4.9363,5.2056,4.9363,5.2056,7552,0
20080731,5.2056,5.2954,5.026,5.2056,2205,0
20080801,5.2415,5.2504,5.2415,5.2504,1521,0
20080804,5.2415,5.2504,5.2325,5.2504,49,0
20080805,5.2954,5.385,5.2954,5.385,1551,0
20080806,5.2954,5.385,5.2954,5.385,908,0
20080807,5.2954,5.385,5.2954,5.385,317,0
20080808,5.2504,5.2504,5.2504,5.2504,2844,0
20080811,5.385,5.5646,5.385,5.4748,2799,0
20080812,5.5106,5.5106,5.385,5.4299,6246,0
20080813,5.385,5.385,5.3402,5.3402,457,0
20080814,5.3671,5.3671,5.2056,5.3312,1578,0
20080818,5.403,5.403,5.3761,5.385,16,0
20080819,5.2504,5.3761,5.2504,5.3761,2188,0
20080820,5.3402,5.3402,5.2415,5.2415,1437,0
20080821,5.2954,5.2954,5.2954,5.2954,13,0
20080822,5.3312,5.3402,5.3312,5.3402,1126,0
20080825,5.4658,5.4658,5.4658,5.4658,557,0
20080826,5.4568,5.4568,5.2954,5.4568,1997,0
20080827,5.5556,5.5646,5.5556,5.5646,568,0
20080828,5.6185,5.6185,5.6094,5.6094,234,0
20080829,5.4748,5.6993,5.4748,5.6993,2150,0
20080901,5.7801,5.8339,5.7442,5.7442,1415,0
20080902,5.789,5.789,5.6544,5.6544,90,0
20080903,5.6544,5.6544,5.4299,5.5646,2634,0
20080904,5.4748,5.6005,5.4748,5.6005,585,0
20080905,5.4299,5.5646,5.4299,5.5646,1415,0
20080908,5.6094,5.6094,5.6005,5.6005,112,0
20080909,5.4568,5.7262,5.4568,5.7262,1898,0
20080910,5.6993,5.7351,5.4568,5.7351,2564,0
20080911,5.6094,5.6094,5.385,5.4748,1397,0
20080912,5.385,5.6544,5.385,5.6544,557,0
20080915,5.4748,5.6364,5.3941,5.6275,2173,0
20080916,5.4479,5.4748,5.2056,5.385,4148,0
20080917,5.385,5.4658,5.385,5.4299,668,0
20080918,5.3761,5.5106,5.3761,5.5106,1637,0
20080919,5.4658,5.6275,5.4658,5.6275,3366,0
20080922,5.6544,5.6544,5.4837,5.4837,1432,0
20080923,5.385,5.4299,5.385,5.4299,3320,0
20080924,5.4389,5.4658,5.2954,5.385,279454,0
20080925,5.3761,5.3761,5.3761,5.3761,668,0
20080926,5.4658,5.4837,5.2145,5.3761,27174,0
20080929,5.3312,5.3312,5.2773,5.2954,112,0
20080930,5.1786,5.1786,5.026,5.1786,57002,0
20081001,5.1876,5.3402,5.1158,5.3402,1853,0
20081002,5.2504,5.385,5.2056,5.3761,1963,0
20081003,5.2145,5.3312,5.2056,5.3312,386,0
20081006,5.1786,5.2954,5.1158,5.1607,1171,0
20081007,5.1158,5.1158,4.9453,5.062,4670,0
20081008,4.8197,5.026,4.8197,4.8556,1715,0
20081009,4.8915,4.8915,4.712,4.8286,5045,0
20081010,4.6671,4.6671,4.2184,4.6671,3155,0
20081013,4.5325,4.712,4.4875,4.685,227234,0
20081014,4.9363,4.9363,4.685,4.685,3331,0
20081015,4.8017,4.8017,4.5684,4.5684,42755,0
20081016,4.5325,4.5325,4.4337,4.4337,4295,0
20081017,4.4875,4.4875,4.2184,4.3979,3646,0
20081020,4.5056,4.5056,4.3979,4.3979,58999,0
20081021,4.4786,4.5773,4.3619,4.5773,1851,0
20081022,4.4697,4.4697,4.4697,4.4697,793,0
20081023,4.2632,4.4427,4.2362,4.4427,2867,0
20081024,4.2632,4.3979,4.0388,4.3979,5450,0
20081027,4.2632,4.4697,4.2632,4.4697,2566,0
20081028,4.4427,4.4875,4.353,4.4875,2795,0
20081029,4.4875,4.4875,4.3979,4.4427,1294,0
20081030,4.5145,4.5145,4.4875,4.4875,1559,0
20081031,4.4337,4.4337,4.3081,4.4248,2558,0
20081103,4.4248,4.4697,4.4248,4.4697,464,0
20081104,4.4875,4.4875,4.3081,4.4875,3328,0
20081105,4.3979,4.4875,4.3081,4.4875,3274,0
20081106,4.4875,4.4875,4.4875,4.4875,10,0
20081107,4.3081,4.4875,4.3081,4.4875,567,0
20081110,4.5684,4.5684,4.4875,4.5595,318,0
20081112,4.4427,4.4427,4.3619,4.4427,2961,0
20081113,4.4875,4.4875,4.4875,4.4875,1266,0
20081114,4.344,4.4786,4.344,4.4786,1785,0
20081117,4.3979,4.3979,4.3979,4.3979,50,0
20081118,4.4875,4.4875,4.4427,4.4875,2026,0
20081119,4.4786,4.4786,4.4786,4.4786,10,0
20081120,4.4786,4.4786,4.4786,4.4786,443,0
20081121,4.371,4.4786,4.371,4.4786,673,0
20081124,4.3261,4.4697,4.2723,4.4697,2802,0
20081125,4.3081,4.4697,4.3081,4.4697,396,0
20081126,4.4606,4.4606,4.353,4.353,2415,0
20081127,4.3979,4.3979,4.3979,4.3979,59,0
20081128,4.3888,4.3888,4.3888,4.3888,10,0
20081201,4.3979,4.3979,4.3979,4.3979,10,0
20081202,4.3261,4.4248,4.3261,4.4248,2198,0
20081203,4.4158,4.4158,4.4158,4.4158,10,0
20081204,4.3171,4.4875,4.3081,4.4875,4244,0
20081205,4.4786,4.4786,4.4786,4.4786,802,0
20081208,4.3799,4.4875,4.3799,4.4875,734,0
20081209,4.4875,4.4875,4.371,4.4427,2931,0
20081210,4.4786,4.4875,4.2991,4.4875,958,0
20081211,4.4875,4.4875,4.3081,4.4875,1454,0
20081212,4.4786,4.4786,4.4427,4.4427,22286,0
20081215,4.335,4.335,4.335,4.335,1738,0
20081216,4.3261,4.3261,4.1735,4.3081,789,0
20081217,4.3081,4.3171,4.1825,4.3081,3144,0
20081218,4.2184,4.3799,4.2184,4.3799,2369,0
20081219,4.3799,4.3799,4.3799,4.3799,8,0
20081222,4.2723,4.3799,4.2723,4.3799,669,0
20081223,4.3799,4.4697,4.3799,4.4697,947,0
20081229,4.4606,4.4606,4.4606,4.4606,2,0
20081230,4.4427,4.4427,4.4427,4.4427,2,0
20081231,4.4517,4.4517,4.4517,4.4517,5,0
20090105,4.353,4.353,4.344,4.344,1911,0
20090106,4.335,4.335,4.3261,4.3261,2256,0
20090107,4.3261,4.3888,4.3261,4.3888,3814,0
20090108,4.2362,4.3888,4.2362,4.3888,2679,0
20090109,4.3171,4.3979,4.3171,4.3979,10,0
20090112,4.3081,4.4337,4.3081,4.4337,2349,0
20090113,4.2362,4.3888,4.1825,4.3888,1412,0
20090114,4.3888,4.3888,4.3888,4.3888,642,0
20090115,4.3081,4.3081,4.3081,4.3081,5,0
20090116,4.1825,4.3081,4.0927,4.3081,1667,0
20090119,4.2184,4.3081,4.2184,4.3081,228,0
20090120,4.1375,4.344,4.1375,4.344,2390,0
20090121,4.371,4.371,4.371,4.371,5,0
20090122,4.4158,4.4158,4.4158,4.4158,5,0
20090123,4.3979,4.3979,4.3979,4.3979,5,0
20090126,4.2901,4.2901,4.0388,4.2362,11278,0
20090127,4.335,4.335,4.335,4.335,268,0
20090128,4.2273,4.335,4.2273,4.335,1795,0
20090129,4.3888,4.3888,4.2184,4.3799,1877,0
20090130,4.2184,4.371,4.2184,4.371,1851,0
20090202,4.1825,4.1825,3.994,4.1197,4044,0
20090203,4.2184,4.2184,4.0119,4.1735,918,0
20090204,4.1197,4.2184,4.0119,4.0747,36595,0
20090205,4.0747,4.0747,4.0747,4.0747,1033,0
20090206,4.1107,4.1107,4.1107,4.1107,1278,0
20090209,4.0479,4.0838,3.9041,4.0838,6976,0
20090210,3.8863,4.0658,3.8863,4.0658,2149,0
20090211,3.9311,4.0299,3.9041,4.0299,2769,0
20090212,4.0838,4.0838,4.0838,4.0838,340,0
20090213,4.1286,4.1286,4.1286,4.1286,456,0
20090216,3.994,4.1286,3.994,4.1286,813,0
20090217,3.9221,3.9221,3.9221,3.9221,1807,0
20090218,3.8414,3.949,3.8414,3.949,622,0
20090219,3.9041,3.949,3.9041,3.949,669,0
20090220,3.949,3.949,3.949,3.949,16,0
20090223,3.8414,3.8502,3.6708,3.8414,3017,0
20090224,3.8414,3.8414,3.8414,3.8414,10,0
20090225,3.8593,3.8593,3.8414,3.8414,91,0
20090226,3.7695,3.7695,3.6708,3.7157,2285,0
20090227,3.7157,3.7157,3.4105,3.6259,8869,0
20090302,3.59,3.59,3.4554,3.5452,3232,0
20090303,3.3656,3.3656,3.3208,3.3656,3984,0
20090304,3.3747,3.5002,3.3747,3.5002,38172,0
20090305,3.59,3.59,3.59,3.59,258,0
20090306,3.5272,3.59,3.5272,3.5272,2363,0
20090309,3.59,3.59,3.59,3.59,10,0
20090310,3.59,3.6798,3.59,3.6798,2312,0
20090311,3.635,3.6798,3.4105,3.6798,60000,0
20090312,3.6798,3.7246,3.59,3.7246,2389,0
20090313,3.7695,3.7695,3.7246,3.7246,328,0
20090316,3.7246,3.7246,3.6977,3.7246,2087,0
20090317,3.7246,3.7515,3.7246,3.7515,6639,0
20090318,3.7515,3.7515,3.6798,3.7515,2397,0
20090319,3.608,3.7695,3.59,3.7695,384,0
20090320,3.6439,3.7515,3.59,3.7515,2377,0
20090323,3.608,3.7695,3.608,3.6798,2074,0
20090324,4.0299,4.0299,3.7067,3.8593,4289,0
20090325,3.7337,3.8593,3.7337,3.8593,323,0
20090326,3.8593,3.9041,3.8593,3.9041,562,0
20090327,3.8144,3.94,3.8144,3.94,150,0
20090330,3.94,3.94,3.8144,3.8144,2011,0
20090331,3.8593,3.8593,3.8593,3.8593,5,0
20090401,3.9041,3.9041,3.6798,3.9041,176951,0
20090402,3.9041,3.9131,3.9041,3.9131,1169,0
20090403,3.7875,3.94,3.7875,3.9131,21630,0
20090406,3.9131,4.0029,3.8144,3.985,4288,0
20090407,3.9041,3.985,3.9041,3.985,1078,0
20090408,3.985,4.1286,3.967,4.1286,4363,0
20090409,4.1286,4.1735,4.1286,4.1735,11253,0
20090414,4.1735,4.2991,4.0838,4.2991,114457,0
20090415,4.2362,4.344,4.1735,4.344,40781,0
20090416,4.4248,4.4248,4.2273,4.353,7481,0
20090417,4.344,4.344,4.2362,4.3081,2505,0
20090420,4.3081,4.3081,4.1286,4.3081,4920,0
20090421,4.1466,4.2632,4.1107,4.2632,223891,0
20090422,4.2362,4.2362,4.2004,4.2362,3460,0
20090423,4.2723,4.3979,4.2723,4.3979,13367,0
20090424,4.4158,4.4158,4.2273,4.3979,2662,0
20090427,4.4786,4.4786,4.3261,4.3979,1204,0
20090428,4.4697,4.4697,4.3081,4.3979,1017,0
20090429,4.353,4.4337,4.353,4.4337,692,0
20090430,4.353,4.4337,4.2362,4.4337,3572,0
20090504,4.4337,4.4337,4.2542,4.4248,1044,0
20090505,4.2723,4.3799,4.2184,4.3799,1950,0
20090506,4.1914,4.4248,4.1914,4.4248,4797,0
20090507,4.3081,4.3979,4.2184,4.3979,9369,0
20090508,4.3888,4.3888,4.3888,4.3888,428,0
20090511,4.4248,4.4248,4.2812,4.4248,2381,0
20090512,4.4248,4.712,4.4248,4.6223,142257,0
20090513,4.7927,4.7927,4.5773,4.6491,11291,0
20090514,4.5953,4.5953,4.5953,4.5953,1734,0
20090515,4.6671,4.6671,4.5773,4.6491,3314,0
20090518,4.6582,4.6582,4.6491,4.6491,11219,0
20090519,4.703,4.703,4.6491,4.6491,270,0
20090520,4.6582,4.6671,4.6401,4.6671,569,0
20090521,4.676,4.676,4.4427,4.4875,8226,0
20090522,4.3171,4.3799,4.3171,4.3799,4950,0
20090525,4.4875,4.4875,4.353,4.4875,433,0
20090526,4.5056,4.5056,4.3081,4.3979,2382,0
20090527,4.3081,4.3979,4.3081,4.3979,22695,0
20090528,4.4786,4.4786,4.3081,4.4427,3068,0
20090529,4.4786,4.4875,4.4786,4.4786,124589,0
20090601,4.3261,4.5862,4.3261,4.5862,2023,0
20090602,4.5414,4.5862,4.3979,4.5862,6656,0
20090603,4.3799,4.5773,4.3799,4.5773,4292,0
20090604,4.5773,4.5773,4.5325,4.5773,1033,0
20090605,4.5325,4.5773,4.3799,4.5773,1800,0
20090608,4.3979,4.5684,4.3799,4.5595,1030,0
20090609,4.353,4.4248,4.353,4.4248,5726,0
20090610,4.4248,4.4697,4.2632,4.4697,103868,0
20090612,4.4697,4.4697,4.4697,4.4697,91,0
20090615,4.335,4.4427,4.2632,4.4427,5440,0
20090616,4.3081,4.4427,4.2723,4.4427,1519,0
20090617,4.2362,4.2362,4.2094,4.2094,4721,0
20090618,4.3171,4.3171,4.1107,4.3171,4803,0
20090619,4.1016,4.2184,4.1016,4.2004,171799,0
20090622,4.0568,4.0568,3.9041,4.0388,2977,0
20090623,4.0388,4.1197,3.949,3.949,235433,0
20090624,4.0388,4.0388,3.7785,3.958,3678,0
20090625,3.985,4.0029,3.985,4.0029,734,0
20090626,4.1197,4.1197,4.0388,4.1107,1301,0
20090629,4.1735,4.1914,4.021,4.1914,2234,0
20090630,4.021,4.4786,4.0119,4.4786,11589,0
20090701,4.4786,4.4786,4.1735,4.2184,113331,0
20090702,4.3081,4.371,4.2632,4.2632,218,0
20090703,4.3081,4.3081,4.2632,4.2632,1059374,0
20090706,4.3081,4.3619,4.2632,4.353,606,0
20090707,4.3261,4.3261,4.3261,4.3261,65,0
20090708,4.3081,4.353,4.3081,4.353,6642,0
20090709,4.3799,4.4697,4.3799,4.4697,4036,0
20090710,4.4517,4.4875,4.4517,4.4875,14163,0
20090713,4.4875,4.4875,4.3261,4.4786,2595,0
20090714,4.4786,4.4786,4.4068,4.4337,25323,0
20090715,4.4875,4.5773,4.4786,4.5773,123018,0
20090716,4.5773,4.5773,4.5773,4.5773,650,0
20090717,4.4875,4.5862,4.4875,4.5862,1492,0
20090720,4.5773,4.5862,4.5773,4.5862,335,0
20090721,4.6223,4.6223,4.5773,4.6223,3073,0
20090722,4.6582,4.6671,4.5056,4.6223,3412,0
20090723,4.6671,4.6671,4.6671,4.6671,5,0
20090724,4.6223,4.6671,4.6223,4.6671,1114,0
20090727,4.6671,4.6671,4.6671,4.6671,55,0
20090728,4.6582,4.6582,4.6582,4.6582,50,0
20090729,4.6582,4.712,4.5325,4.712,5080,0
20090730,4.5504,4.712,4.5504,4.712,427,0
20090731,4.8197,4.8197,4.8197,4.8197,215,0
20090803,4.9363,4.9363,4.8466,4.9363,736,0
20090804,4.7569,4.9363,4.7569,4.9363,1207,0
20090805,4.721,4.9273,4.721,4.9183,1293,0
20090806,4.703,4.9183,4.703,4.9183,330,0
20090807,4.9363,5.1158,4.9363,5.1158,2353,0
20090810,5.026,5.1069,5.026,5.1069,2828,0
20090811,5.1158,5.3402,4.9363,5.3402,4032,0
20090812,5.2056,5.2504,4.8197,5.062,4920,0
20090813,5.1517,5.1607,4.9363,4.9363,622,0
20090814,4.9363,4.9363,4.9363,4.9363,2507,0
20090817,4.8915,5.0171,4.8107,4.9363,21160,0
20090818,4.8466,5.0171,4.8466,4.8646,2749,0
20090819,4.8915,4.8915,4.8646,4.8646,438,0
20090820,4.8466,4.9812,4.8286,4.9812,4432,0
20090821,4.9812,5.1158,4.9812,4.9812,22977,0
20090824,5.0709,5.2504,4.8556,5.2504,1643,0
20090825,5.2594,5.3402,5.2325,5.2504,2636,0
20090826,5.2504,5.3402,5.1517,5.3402,2945,0
20090827,4.9633,5.3222,4.9633,5.3222,10614,0
20090828,5.1876,5.2773,5.1069,5.2773,2858,0
20090831,5.3222,5.4748,5.1158,5.385,29473,0
20090901,5.385,5.5646,5.3312,5.5376,16014,0
20090902,5.5376,5.5376,5.2773,5.4658,10273,0
20090903,5.385,5.4658,5.385,5.4658,2362,0
20090904,5.4658,5.4658,5.3941,5.4658,849,0
20090907,5.4748,5.5466,5.385,5.4748,7288,0
20090908,5.5826,5.6094,5.2056,5.4299,15271,0
20090909,5.4299,5.4299,5.2056,5.385,1801,0
20090910,5.2056,5.3761,5.1607,5.3761,2356,0
20090911,5.385,5.385,5.2056,5.3761,3527,0
20090914,5.1607,5.3312,5.1607,5.3312,41,0
20090915,5.3222,5.3222,5.3222,5.3222,21,0
20090916,5.2056,5.3761,5.2056,5.3761,2237,0
20090917,5.4299,5.4299,5.2056,5.4299,1018,0
20090918,5.1607,5.4299,5.1607,5.385,1804,0
20090922,5.2504,5.4658,5.2504,5.4658,812,0
20090923,5.4479,5.4479,5.3402,5.4119,742,0
20090924,5.2056,5.3671,5.2056,5.2504,2383,0
20090925,5.1428,5.1428,4.9453,5.1158,4232,0
20090928,5.385,5.385,4.9812,5.1069,3915,0
20090929,5.2056,5.2056,4.9812,5.2056,535,0
20090930,5.1158,5.1158,5.053,5.1158,10923,0
20091001,5.0082,5.2415,4.9902,5.1069,5098,0
20091002,5.1966,5.1966,4.9543,4.9721,3284,0
20091005,5.0889,5.0889,5.0889,5.0889,3,0
20091006,4.9633,4.9633,4.9273,4.9273,3136,0
20091007,4.9273,4.9273,4.8466,4.8466,2425,0
20091008,4.8466,4.8466,4.7569,4.8376,1433,0
20091009,4.7569,4.7569,4.6223,4.6223,5252,0
20091012,4.6223,4.712,4.4875,4.6223,51761,0
20091013,4.6223,4.9363,4.5773,4.9094,784002,0
20091014,4.9273,4.9363,4.7747,4.9183,12729,0
20091015,4.9183,4.9183,4.6223,4.8017,3550,0
20091016,4.8107,4.8107,4.5953,4.712,5698,0
20091019,4.2632,4.712,4.2632,4.712,8021,0
20091020,4.5414,4.712,4.5414,4.712,1631,0
20091021,4.6223,4.6671,4.6223,4.6671,2843,0
20091022,4.712,4.712,4.5414,4.6671,1167,0
20091023,4.7388,4.7388,4.5145,4.5145,15977,0
20091026,4.6223,4.6223,4.5145,4.6043,184,0
20091027,4.5325,4.5862,4.4875,4.5595,7892,0
20091028,4.5414,4.5414,4.3619,4.5145,783,0
20091029,4.4606,4.4606,4.2632,4.3979,6256,0
20091030,4.4606,4.4606,4.4427,4.4427,255,0
20091102,4.3979,4.4517,4.353,4.4517,3573,0
20091103,4.4427,4.4427,4.4337,4.4337,712,0
20091104,4.4337,4.4427,4.4337,4.4427,1010,0
20091105,4.4427,4.4427,4.4427,4.4427,29,0
20091106,4.3979,4.4875,4.3979,4.3979,7587,0
20091109,4.3979,4.712,4.3979,4.5504,8011,0
20091110,4.5773,4.6223,4.5773,4.5773,6374,0
20091112,4.5056,4.5056,4.4068,4.4875,858,0
20091113,4.4517,4.4875,4.4517,4.4697,1998,0
20091116,4.4875,4.6223,4.4158,4.5235,2819,0
20091117,4.4875,4.5235,4.4158,4.4875,2369,0
20091118,4.6223,4.6223,4.353,4.4875,2507,0
20091119,4.3979,4.3979,4.353,4.3979,5050,0
20091120,4.353,4.353,4.353,4.353,2202,0
20091123,4.353,4.353,4.353,4.353,34,0
20091124,4.2453,4.3081,4.2453,4.3081,330,0
20091125,4.2632,4.2632,4.2632,4.2632,2085,0
20091126,4.2184,4.2184,4.0838,4.1735,6031,0
20091127,4.0838,4.0838,4.0388,4.0388,1686,0
20091130,4.0299,4.0388,4.0299,4.0388,617,0
20091201,4.1825,4.1825,4.0029,4.1825,1046,0
20091202,4.1914,4.1914,4.0029,4.0029,1344,0
20091203,4.1197,4.1197,4.0388,4.0838,815,0
20091204,4.1914,4.1914,4.0747,4.0747,804,0
20091207,4.0747,4.1914,4.0747,4.1914,489,0
20091208,4.2453,4.2453,4.2094,4.2094,1536,0
20091209,4.2004,4.2004,4.0388,4.0388,2622,0
20091210,4.0388,4.0388,4.0119,4.021,3718,0
20091211,4.021,4.021,4.0029,4.0029,927,0
20091214,4.021,4.1286,3.985,3.994,2158,0
20091215,3.949,3.985,3.949,3.949,3890,0
20091216,4.0388,4.0388,3.949,4.0388,2238,0
20091217,4.021,4.021,4.021,4.021,55,0
20091218,3.8683,3.9311,3.8324,3.9311,2701,0
20091221,3.9041,3.9041,3.7515,3.8952,16598,0
20091222,3.9041,4.0299,3.9041,4.0299,30913,0
20091223,3.994,3.994,3.9131,3.949,5682,0
20091228,3.9041,3.949,3.8593,3.94,29554,0
20091229,3.949,4.1197,3.949,4.1197,3264,0
20091230,4.0479,4.1466,4.0479,4.1466,5268,0
20091231,3.958,4.1466,3.958,3.958,4060,0
20100104,3.967,4.1466,3.967,4.1466,2673,0
20100105,3.976,4.1466,3.976,4.1466,9823,0
20100106,4.1016,4.1466,4.0029,4.1466,5446,0
20100107,4.0927,4.1466,4.0927,4.1466,1412,0
20100108,4.0838,4.1286,4.0838,4.1286,1143,0
20100111,4.0838,4.2632,4.0029,4.1286,8584,0
20100112,4.1735,4.1735,4.1286,4.1735,3622,0
20100113,4.1735,4.1735,4.1735,4.1735,148,0
20100114,4.2632,4.2632,4.2632,4.2632,5,0
20100115,4.2542,4.2632,4.0838,4.2542,2047,0
20100118,4.3081,4.3081,4.3081,4.3081,10,0
20100119,4.335,4.335,4.2632,4.2723,1342,0
20100120,4.3261,4.3261,4.1735,4.3261,6341,0
20100121,4.1645,4.3261,4.1645,4.3261,682,0
20100125,4.2273,4.2273,4.1735,4.1735,23048,0
20100126,4.2004,4.2004,4.0838,4.1645,4265,0
20100127,4.0119,4.1645,4.0029,4.1645,2181,0
20100128,4.0119,4.1735,4.0119,4.1735,290,0
20100129,4.0555,4.1381,4.0555,4.1381,840,0
20100201,4.1107,4.1107,4.0838,4.1107,1549,0
20100202,4.1107,4.1107,4.1107,4.1107,29,0
20100203,4.1107,4.1107,4.1107,4.1107,5689,0
20100204,4.1286,4.1286,3.949,3.949,11592,0
20100205,3.8234,3.8683,3.7695,3.7695,3896,0
20100208,3.8593,3.8593,3.599,3.6618,2608,0
20100209,3.5721,3.6798,3.5721,3.6798,1209,0
20100210,3.7695,3.7695,3.59,3.7246,1626,0
20100211,3.8144,3.8144,3.635,3.7246,1196,0
20100212,3.7246,3.7246,3.6798,3.7246,1342,0
20100215,3.7246,3.7246,3.7246,3.7246,2289,0
20100216,3.7515,3.7515,3.7515,3.7515,516,0
20100217,3.7695,3.7695,3.635,3.7606,1528,0
20100218,3.8054,3.8054,3.8054,3.8054,261,0
20100219,3.8054,3.8054,3.8054,3.8054,55,0
20100222,3.8593,4.021,3.8593,4.021,20310,0
20100223,4.0119,4.0479,4.0119,4.0388,6108,0
20100224,3.994,4.021,3.994,4.021,1798,0
20100225,4.0568,4.1286,3.949,3.949,8812,0
20100226,3.985,4.0568,3.985,4.0568,2168,0
20100301,4.1107,4.1286,3.958,4.1286,3980,0
20100302,4.1286,4.1286,4.0388,4.1286,2247,0
20100303,4.1286,4.1286,3.958,4.1286,2066,0
20100304,4.1286,4.1286,4.1107,4.1197,2192,0
20100305,4.1197,4.1197,4.1197,4.1197,48,0
20100308,4.1016,4.1016,4.1016,4.1016,55,0
20100309,4.0568,4.0568,3.994,4.0479,11490,0
20100310,4.0299,4.0299,3.958,4.021,381,0
20100311,3.994,3.994,3.9131,3.985,504111,0
20100312,3.949,3.985,3.9131,3.985,2192,0
20100315,3.985,4.021,3.985,4.021,538,0
20100316,4.0119,4.0119,4.0119,4.0119,10,0
20100317,3.994,4.0388,3.949,3.994,1559,0
20100318,3.9041,4.0388,3.9041,3.9131,15209,0
20100319,3.994,3.994,3.949,3.985,301,0
20100322,3.8863,4.0299,3.8593,3.9311,5587,0
20100323,3.8772,3.9311,3.8683,3.9311,5699,0
20100324,3.949,4.021,3.8144,3.9131,10864,0
20100325,3.994,4.2184,3.8683,4.1645,35646,0
20100326,4.1197,4.1286,4.1197,4.1286,55,0
20100329,4.1286,4.1466,4.1197,4.1466,3665,0
20100330,4.0479,4.2184,4.0479,4.2184,4472,0
20100331,4.2116,4.2207,4.0555,4.1748,5217,0
20100401,4.0479,4.1914,4.0388,4.1914,12879,0
20100406,4.1735,4.1735,3.967,4.1286,2330,0
20100407,4.0388,4.1286,4.0388,4.1286,4847,0
20100408,4.0029,4.1466,4.0029,4.1286,5526,0
20100409,4.1286,4.3081,4.1286,4.2004,15329,0
20100412,4.2004,4.3888,4.2004,4.3888,18328,0
20100413,4.4786,4.5684,4.4427,4.5684,4670,0
20100414,4.5773,4.676,4.5773,4.676,15624,0
20100415,4.6671,4.7569,4.6671,4.7299,63578,0
20100416,4.8376,4.8376,4.6491,4.6491,2685,0
20100419,4.6671,4.6671,4.4606,4.4606,4056,0
20100420,4.4875,4.4875,4.1825,4.3979,11342,0
20100421,4.5325,4.5325,4.2184,4.3081,7221,0
20100422,4.2632,4.5235,4.1914,4.4158,9758,0
20100423,4.4318,4.7529,4.4135,4.6612,12177,0
20100426,4.7658,4.7658,4.5773,4.7299,1737,0
20100427,4.712,4.8286,4.5595,4.8286,8509,0
20100428,4.712,4.712,4.5953,4.5953,5171,0
20100429,4.676,4.676,4.5056,4.676,7527,0
20100430,4.4868,4.7529,4.4868,4.6795,1808,0
20100504,4.4875,4.694,4.4875,4.685,8599,0
20100505,4.5684,4.6671,4.4875,4.5773,1130,0
20100506,4.6671,4.6671,4.5684,4.5773,1059,0
20100507,4.1914,4.5595,4.1914,4.5325,64348,0
20100510,4.6223,4.6671,4.5056,4.6671,8596,0
20100511,4.5773,4.6671,4.5773,4.6671,795,0
20100512,4.5773,4.6582,4.4606,4.4875,9453,0
20100513,4.5773,4.6671,4.5056,4.6582,4781,0
20100514,4.6671,4.6671,4.5056,4.6043,2637,0
20100517,4.6223,4.6223,4.4875,4.4875,1237,0
20100518,4.6671,4.6671,4.4427,4.4786,4704,0
20100519,4.3799,4.5504,4.371,4.5414,3340,0
20100520,4.5504,4.6043,4.4517,4.6043,60770,0
20100521,4.5056,4.5953,4.3888,4.5953,453,0
20100524,4.5056,4.5056,4.3261,4.3979,5643,0
20100525,4.4427,4.4427,4.2273,4.3619,5440,0
20100526,4.3619,4.4697,4.3619,4.4068,3537,0
20100527,4.4786,4.4786,4.2632,4.371,3953,0
20100528,4.2632,4.353,4.2632,4.353,712,0
20100531,4.2482,4.3675,4.2482,4.2482,1593,0
20100601,4.2184,4.2453,4.1286,4.2184,3905,0
20100602,4.3081,4.3081,4.0658,4.2723,2363,0
20100604,4.353,4.353,4.353,4.353,10,0
20100607,4.2453,4.353,4.2453,4.353,1763,0
20100608,4.2453,4.3081,4.2004,4.2004,1069,0
20100609,4.353,4.353,4.1466,4.2362,7288,0
20100610,4.2453,4.2453,4.2453,4.2453,10,0
20100611,4.3081,4.335,4.2453,4.2453,11,0
20100614,4.2453,4.2453,4.021,4.1286,6688,0
20100615,3.985,4.3081,3.985,4.3081,2584,0
20100616,4.3125,4.3492,4.0188,4.2116,3423,0
20100617,4.3125,4.3125,4.0188,4.0188,2724,0
20100618,4.1198,4.1198,3.9913,4.1107,2063,0
20100621,4.2004,4.2094,4.021,4.021,4156,0
20100622,4.1198,4.1748,3.8721,4.0555,2778,0
20100623,4.2482,4.3492,4.2482,4.2482,3139,0
20100624,4.2574,4.2574,4.1289,4.1289,3084,0
20100625,4.1289,4.1289,4.0188,4.1107,1927,0
20100628,4.1107,4.1107,4.0097,4.1107,1642,0
20100629,4.1381,4.3034,3.9454,4.0923,13151,0
20100630,3.958,4.1272,3.958,4.1085,8253,0
20100702,4.0372,4.0372,3.9363,3.9546,2451,0
20100705,4.0372,4.0372,3.9363,4.0097,683,0
20100706,4.0372,4.0372,3.8537,4.028,2476,0
20100707,3.9271,3.9913,3.8629,3.9913,2110,0
20100708,3.8996,3.9913,3.8996,3.9271,1777,0
20100709,3.9271,3.9271,3.9271,3.9271,1493,0
20100712,3.9913,3.9913,3.9913,3.9913,10,0
20100713,3.9913,3.9913,3.8721,3.9454,6598,0
20100714,3.8721,4.1107,3.8721,4.0188,5493,0
20100715,3.9639,4.0831,3.9639,3.973,3955,0
20100716,4.0464,4.0464,3.9639,3.9913,1204,0
20100719,4.0831,4.0831,3.9822,4.0831,1237,0
20100720,3.9913,4.0831,3.9913,4.0831,2709,0
20100721,3.9822,3.9913,3.9454,3.9913,847,0
20100722,3.9546,4.028,3.9546,4.028,588,0
20100723,3.9913,4.0555,3.9913,4.0555,2185,0
20100726,4.0372,4.1107,4.0188,4.1107,2762,0
20100727,4.1198,4.1198,4.0647,4.1198,1661,0
20100728,4.1198,4.1198,4.1198,4.1198,1177,0
20100729,4.1107,4.1289,4.0555,4.1289,3076,0
20100730,4.0372,4.0372,3.9454,4.0097,2152,0
20100802,4.0188,4.0188,4.0188,4.0188,1002,0
20100803,4.0464,4.1289,4.0464,4.1289,2707,0
20100804,4.1289,4.1289,4.0464,4.1289,1671,0
20100805,4.1289,4.1748,4.1289,4.1748,1416,0
20100806,4.1748,4.2666,4.1473,4.2666,169793,0
20100809,4.2666,4.2849,4.2207,4.2666,3469,0
20100810,4.1748,4.3034,4.1748,4.3034,1104,0
20100811,4.2758,4.2758,4.1381,4.2207,2348,0
20100812,4.2116,4.2116,4.2116,4.2116,1090,0
20100813,4.3034,4.3034,4.184,4.2207,116204,0
20100816,4.2116,4.2116,4.2024,4.2024,68,0
20100817,4.1473,4.1657,4.1473,4.1657,115,0
20100818,4.1381,4.1657,4.1381,4.1657,593,0
20100819,4.1014,4.1748,4.1014,4.1748,1466,0
20100820,4.1289,4.2207,4.1289,4.1473,1843,0
20100823,4.1381,4.2941,4.1381,4.2758,2912,0
20100824,4.184,4.3034,4.184,4.3034,5941,0
20100825,4.3951,4.3951,4.3951,4.3951,44,0
20100826,4.3492,4.3492,4.239,4.2941,3501,0
20100827,4.2941,4.3217,4.1748,4.2941,3427,0
20100830,4.184,4.2849,4.184,4.2666,410,0
20100831,4.184,4.2666,4.1748,4.1748,1642,0
20100901,4.2941,4.2941,4.1748,4.2666,642,0
20100902,4.2574,4.3583,4.2574,4.3583,22595,0
20100903,4.3583,4.496,4.3583,4.4501,5617,0
20100906,4.4593,4.5877,4.4501,4.5877,18200,0
20100907,4.5327,4.6978,4.5327,4.6978,6278,0
20100908,4.6978,4.7621,4.6978,4.7621,26477,0
20100909,4.7713,4.7713,4.7713,4.7713,779,0
20100910,4.8079,4.8171,4.6795,4.7254,7889,0
20100913,4.6795,4.7254,4.6795,4.7254,137,0
20100914,4.6336,4.6336,4.6336,4.6336,21,0
20100915,4.496,4.5877,4.496,4.5877,5195,0
20100916,4.239,4.5877,4.239,4.5785,1008,0
20100917,4.4501,4.496,4.4042,4.4042,9069,0
20100920,4.5419,4.5419,4.239,4.3675,3586,0
20100921,4.5327,4.5419,4.3217,4.4318,12205,0
20100922,4.4501,4.4593,4.4501,4.4593,3216,0
20100923,4.3125,4.496,4.3125,4.496,1990,0
20100924,4.496,4.496,4.3217,4.496,921,0
20100927,4.4042,4.7713,4.4042,4.6336,757,0
20100929,4.3308,4.34,4.3308,4.3308,850,0
20100930,4.3583,4.6244,4.3034,4.5969,6882,0
20101001,4.4868,4.5419,4.3767,4.4868,1346,0
20101004,4.496,4.496,4.3125,4.4868,6167,0
20101005,4.3951,4.5694,4.3951,4.5694,2027,0
20101006,4.5785,4.5785,4.3308,4.5419,13370,0
20101007,4.5419,4.5877,4.496,4.5877,4126,0
20101008,4.5785,4.5785,4.4684,4.5694,551,0
20101011,4.5785,4.5877,4.496,4.496,98839,0
20101012,4.5143,4.6061,4.5143,4.6061,2161,0
20101013,4.6061,4.6795,4.5511,4.5511,2543,0
20101014,4.5602,4.5877,4.4868,4.5877,51225,0
20101015,4.5419,4.5602,4.4318,4.5602,90083,0
20101018,4.5877,4.6336,4.5143,4.6336,59839,0
20101019,4.5969,4.5969,4.5143,4.5327,15938,0
20101020,4.6429,4.7713,4.5511,4.5511,5571,0
20101021,4.5969,4.6703,4.5969,4.6703,6171,0
20101022,4.6795,4.6795,4.5877,4.6153,8633,0
20101025,4.5877,4.6244,4.5877,4.6153,3289,0
20101026,4.6336,4.6336,4.5602,4.5877,2066,0
20101027,4.5877,4.6061,4.5877,4.6061,2179,0
20101028,4.6336,4.6336,4.5694,4.6336,2271,0
20101029,4.5879,4.7289,4.5879,4.7289,17326,0
20101102,4.7254,4.7254,4.5877,4.6336,1047,0
20101103,4.7254,4.7254,4.6153,4.6336,6897,0
20101104,4.652,4.7254,4.5969,4.5969,1567,0
20101105,4.6061,4.6336,4.5877,4.6336,958,0
20101108,4.6336,4.6795,4.6336,4.6795,15258,0
20101109,4.6795,4.863,4.6336,4.8171,30468,0
20101110,4.8079,4.9456,4.7713,4.7713,20975,0
20101112,4.8171,4.863,4.8171,4.863,1662,0
20101115,4.8905,5.0006,4.8723,4.8723,2604,0
20101116,4.7713,4.8538,4.7713,4.8538,4637,0
20101117,4.863,4.863,4.7713,4.8171,1578,0
20101119,4.8171,4.863,4.7713,4.7713,492,0
20101122,4.863,4.863,4.7713,4.8171,2706,0
20101123,4.7713,4.7713,4.7254,4.7254,7026,0
20101124,4.8171,4.8171,4.6429,4.707,9151,0
20101125,4.6887,4.7713,4.6887,4.7713,970,0
20101126,4.7621,4.7621,4.5877,4.7254,2327,0
20101201,4.7529,4.7529,4.6336,4.6336,1775,0
20101202,4.6336,4.6795,4.5143,4.5877,8579,0
20101203,4.5877,4.7621,4.5877,4.7621,2847,0
20101206,4.7529,4.7529,4.6336,4.7254,539,0
20101207,4.7254,4.7254,4.6153,4.6153,1561,0
20101208,4.6429,4.652,4.5511,4.5694,1466,0
20101209,4.5511,4.6887,4.3217,4.3217,4293,0
20101210,4.34,4.5419,4.34,4.5419,1386,0
20101213,4.5877,4.5877,4.5877,4.5877,10,0
20101214,4.5877,4.5877,4.5877,4.5877,16584,0
20101215,4.5877,4.5877,4.5877,4.5877,412,0
20101216,4.5877,4.6153,4.5052,4.5877,2477,0
20101217,4.5877,4.6703,4.5877,4.6703,4924,0
20101220,4.6795,4.6795,4.6795,4.6795,4145,0
20101221,4.5785,4.7437,4.5785,4.6795,3043,0
20101222,4.5694,4.5694,4.5602,4.5602,1652,0
20101223,4.6612,4.7713,4.6153,4.7713,22233,0
20101227,4.6978,4.7713,4.5419,4.7713,9761,0
20101228,4.6795,4.7713,4.5143,4.7713,3938,0
20101229,4.6632,4.8323,4.6632,4.8323,4966,0
20101230,4.9357,5.0956,4.9357,5.0486,20358,0
20101231,5.1144,5.1803,5.0486,5.0486,44460,0
20110103,4.9824,4.9824,4.9272,4.9548,886,0
20110104,4.9272,5.0465,4.8355,5.0465,419,0
20110105,4.9181,4.9181,4.7988,4.9089,870,0
20110107,4.8079,4.863,4.7437,4.7437,903,0
20110110,4.6244,4.8263,4.5419,4.5419,1514102,0
20110111,4.5327,4.8355,4.5327,4.6244,10567,0
20110112,4.6429,4.6978,4.4042,4.5052,5867,0
20110113,4.5052,4.6887,4.5052,4.6887,1665,0
20110114,4.7713,4.7713,4.4135,4.4501,6141,0
20110117,4.5052,4.6153,4.4318,4.5419,8301,0
20110118,4.4868,4.5143,4.4042,4.5052,2930,0
20110119,4.4501,4.496,4.3951,4.4868,1683,0
20110120,4.4868,4.4868,4.3951,4.3951,1716,0
20110121,4.3951,4.441,4.3859,4.4318,734,0
20110124,4.3675,4.3675,4.3034,4.3125,3579,0
20110125,4.3125,4.4135,4.3125,4.3583,2809,0
20110126,4.3583,4.4318,4.3583,4.4318,2174,0
20110127,4.4042,4.5235,4.4042,4.5235,5496,0
20110128,4.4135,4.4684,4.3767,4.4684,756,0
20110131,4.4657,4.4657,4.2682,4.3905,2729,0
20110201,4.3767,4.3859,4.3767,4.3859,451,0
20110202,4.2758,4.2758,4.1289,4.1748,6733,0
20110203,4.2941,4.4226,4.2941,4.3951,3467,0
20110204,4.4042,4.4042,4.4042,4.4042,3759,0
20110207,4.496,4.496,4.3859,4.4042,937,0
20110209,4.3125,4.3951,4.1289,4.3951,7412,0
20110210,4.2849,4.2849,4.2207,4.2207,2451,0
20110211,4.2299,4.3034,4.2207,4.3034,13907,0
20110214,4.3125,4.6795,4.2299,4.5877,48384,0
20110215,4.5969,4.6336,4.5327,4.5419,7645,0
20110216,4.5511,4.5877,4.5419,4.5877,935,0
20110217,4.5511,4.6429,4.5419,4.6429,1913,0
20110218,4.5419,4.6336,4.5235,4.6336,916,0
20110221,4.6336,4.652,4.4501,4.6336,1241,0
20110222,4.6244,4.6244,4.5143,4.5143,436,0
20110223,4.496,4.496,4.496,4.496,436,0
20110224,4.4318,4.4318,4.3217,4.3217,1926,0
20110225,4.4135,4.4135,4.3583,4.3583,262,0
20110228,4.3811,4.4657,4.2682,4.4657,1590,0
20110301,4.4593,4.4776,4.3675,4.4776,1233,0
20110302,4.3675,4.4501,4.3675,4.4501,1209,0
20110303,4.3583,4.4501,4.3583,4.4501,657,0
20110304,4.3583,4.3583,4.2666,4.3125,3458,0
20110307,4.3125,4.3125,4.2207,4.3125,3548,0
20110308,4.2207,4.2941,4.1289,4.2941,4694,0
20110309,4.3125,4.4135,4.184,4.4135,1012,0
20110311,4.1657,4.3583,4.1289,4.3583,4794,0
20110315,4.1289,4.2849,4.1289,4.2849,1316,0
20110316,4.2207,4.2207,4.2207,4.2207,108,0
20110317,4.1748,4.2207,4.1748,4.2207,179,0
20110318,4.1748,4.2482,4.1381,4.2482,166260,0
20110322,4.2482,4.3308,4.2482,4.2941,6981,0
20110323,4.2941,4.2941,4.1289,4.2849,651,0
20110324,4.1381,4.2666,4.0372,4.2666,2100,0
20110325,4.2666,4.2941,4.1289,4.2666,1439,0
20110328,4.1748,4.1748,3.8721,3.9913,27904,0
20110329,4.0372,4.1198,3.9913,4.1014,2405,0
20110330,4.0372,4.1014,4.0372,4.1014,815,0
20110331,4.0614,4.0708,4.0427,4.0708,957,0
20110401,4.074,4.074,3.9454,4.0372,4729,0
20110404,3.9454,4.0372,3.9363,4.0372,8420,0
20110405,4.1014,4.1014,3.9546,4.0464,1531,0
20110406,3.9639,4.0923,3.9639,4.0923,165,0
20110407,4.0831,4.0831,4.0831,4.0831,353,0
20110408,4.1014,4.1014,4.0006,4.0464,742,0
20110411,4.074,4.0923,3.9454,3.9454,175408,0
20110412,4.1381,4.1381,4.028,4.0555,12603,0
20110413,3.9822,3.9822,3.9546,3.9546,601,0
20110414,3.9913,3.9913,3.9913,3.9913,2507,0
20110415,4.0006,4.0006,3.9546,3.9913,757,0
20110418,3.9822,3.9913,3.9639,3.9913,4339,0
20110419,3.9639,3.9639,3.9639,3.9639,2179,0
20110420,3.9639,3.9639,3.9454,3.9454,3259,0
20110421,3.8812,3.9639,3.8812,3.9639,502,0
20110426,3.9639,3.9913,3.8996,3.9913,1383,0
20110427,4.0006,4.0831,4.0006,4.0372,6788,0
20110428,4.0188,4.0372,3.9913,4.0097,3353,0
20110429,4.0332,4.0332,3.9392,4.0238,1233,0
20110502,3.9546,4.0647,3.9546,4.0647,139,0
20110504,4.0647,4.0831,4.0647,4.0831,1090,0
20110506,4.0647,4.0647,3.973,4.0372,1461,0
20110509,4.0006,4.0647,3.9363,4.0647,4723,0
20110510,3.8812,3.9913,3.8721,3.9913,1022,0
20110511,3.9913,3.9913,3.8996,3.9913,1538,0
20110512,3.9822,4.3767,3.9822,4.1748,18073,0
20110513,4.0923,4.3217,4.0923,4.2758,14134,0
20110516,4.1657,4.1657,4.1014,4.1657,4439,0
20110517,4.1657,4.1657,4.0647,4.0647,1034,0
20110519,3.9913,4.0372,3.9822,4.028,1562,0
20110520,4.0097,4.0372,3.8812,4.0372,1943,0
20110523,4.0372,4.0464,3.9454,4.0372,1640,0
20110524,3.9454,4.074,3.8812,3.9913,2051,0
20110525,4.0188,4.0188,4.0188,4.0188,2,0
20110526,4.0372,4.0372,4.0372,4.0372,1,0
20110527,4.028,4.028,3.9271,4.028,1146,0
20110530,3.9913,4.0372,3.9913,4.0372,1253,0
20110531,3.9392,3.9487,3.9017,3.9487,203,0
20110601,3.8996,3.9454,3.8996,3.9454,369,0
20110602,3.8996,3.9363,3.8996,3.9363,1332,0
20110603,3.8996,3.9363,3.8996,3.9363,156,0
20110606,3.8996,3.8996,3.8996,3.8996,360,0
20110607,3.9017,3.9298,3.8547,3.9298,2998,0
20110608,3.8734,3.9017,3.8734,3.9017,5868,0
20110609,3.8547,4.2871,3.8547,4.2212,27870,0
20110610,4.1178,4.1178,4.0427,4.0427,2236,0
20110613,3.9546,4.1932,3.8996,4.1932,13898,0
20110614,4.2299,4.2299,4.0097,4.1107,5735,0
20110615,4.2024,4.2024,4.1014,4.1014,2483,0
20110616,4.2025,4.2025,3.9768,3.9768,5050,0
20110617,3.9017,3.9957,3.9017,3.9957,629,0
20110620,4.0991,4.1931,3.8358,3.9862,6775,0
20110621,3.8828,3.8828,3.8076,3.817,7683,0
20110622,3.7982,3.7982,3.7982,3.7982,436,0
20110624,3.77,3.77,3.7606,3.7606,2941,0
20110627,3.77,3.8358,3.7136,3.8264,2695,0
20110628,3.8264,3.8264,3.7418,3.817,2728,0
20110629,3.864,3.864,3.864,3.864,1,0
20110630,3.9298,3.9487,3.8547,3.8547,4683,0
20110701,3.8922,3.8922,3.8922,3.8922,1,0
20110704,3.8076,3.8922,3.7982,3.8922,77579,0
20110705,3.8076,3.9768,3.8076,3.9768,3942,0
20110706,3.8734,3.9768,3.8734,3.9768,1277,0
20110707,3.8264,4.0051,3.817,4.0051,1096,0
20110711,3.9487,3.9487,3.7982,3.7982,2782,0
20110712,3.7606,3.911,3.5914,3.911,3893,0
20110713,3.817,3.817,3.817,3.817,957,0
20110715,3.8922,3.9017,3.7982,3.7982,3411,0
20110718,3.7136,3.864,3.7136,3.864,13680,0
20110719,3.77,3.9392,3.723,3.77,1956,0
20110720,3.7136,3.7888,3.7136,3.7888,204,0
20110721,3.864,3.864,3.864,3.864,1,0
20110722,3.7888,3.7888,3.7794,3.7888,288,0
20110725,3.5726,3.7606,3.5726,3.7606,2471,0
20110726,3.6666,3.7512,3.5726,3.7512,2128,0
20110727,3.6571,3.7324,3.6571,3.7324,1574,0
20110728,3.6384,3.7136,3.582,3.7136,1894,0
20110801,3.5914,3.8076,3.5914,3.8076,3951,0
20110802,3.8452,3.8452,3.7512,3.8076,1205,0
20110803,3.7136,3.7136,3.5726,3.6948,5163,0
20110804,3.6007,3.6007,3.5726,3.5726,957,0
20110805,3.5256,3.5256,3.394,3.5161,8027,0
20110808,3.4316,3.4316,3.3846,3.4316,3437,0
20110809,3.2999,3.2999,3.1589,3.2906,15020,0
20110810,3.1965,3.2435,3.1213,3.2435,16688,0
20110811,3.1589,3.2906,2.9239,3.2059,6165,0
20110812,3.2717,3.2717,3.1965,3.2529,2170,0
20110816,3.2906,3.2906,3.1965,3.2906,428,0
20110817,3.2059,3.2906,3.1965,3.2906,6063,0
20110818,3.2059,3.2059,3.1213,3.1871,10196,0
20110819,2.9333,3.1871,2.9239,3.1871,10857,0
20110822,3.1871,3.1871,3.1119,3.1871,1548,0
20110823,3.1965,3.1965,3.1213,3.1213,3467,0
20110824,3.046,3.046,3.046,3.046,2462,0
20110826,2.9709,3.0555,2.9333,3.0555,1545,0
20110829,3.0555,3.1025,3.046,3.0555,149945,0
20110830,3.0555,3.0555,2.9239,2.9615,3822,0
20110831,2.952,3.0555,2.952,3.0555,2990,0
20110901,2.9896,3.0367,2.9145,3.0179,6487,0
20110902,2.9615,2.9615,2.9615,2.9615,319,0
20110905,2.9615,2.9615,2.8205,2.8486,1589,0
20110906,2.905,2.905,2.8205,2.858,2775,0
20110907,2.8956,2.905,2.8956,2.905,139,0
20110908,2.8675,2.8675,2.8299,2.8299,2757,0
20110909,2.764,2.8205,2.5666,2.5854,4887,0
20110912,2.6888,2.6888,2.5854,2.5854,78,0
20110913,2.3598,2.4444,2.3504,2.435,968,0
20110915,2.435,2.6324,2.435,2.6324,607,0
20110916,2.3692,2.7735,2.3692,2.7735,1277,0
20110920,2.6888,2.6888,2.6888,2.6888,36249,0
20110921,2.4256,2.4632,2.4256,2.4632,957,0
20110922,2.6795,2.6795,2.388,2.4444,869,0
20110923,2.388,2.6324,2.388,2.6324,533,0
20110926,2.6795,2.6795,2.6795,2.6795,1,0
20110928,2.5384,2.5384,2.5384,2.5384,2870,0
20110929,2.4726,2.6136,2.3504,2.5761,5377,0
20110930,2.5102,2.5761,2.5102,2.5761,2990,0
20111003,2.2751,2.388,2.2564,2.2564,7800,0
20111004,2.2564,2.4162,2.2564,2.2564,1362,0
20111005,2.2,2.2564,2.1154,2.2375,6162,0
20111006,2.153,2.153,2.0683,2.1435,5207,0
20111007,2.3034,2.3034,2.059,2.059,149019,0
20111010,2.2281,2.2845,2.2281,2.2845,111,0
20111011,2.1341,2.2375,2.0871,2.2375,905,0
20111012,2.1811,2.2188,2.1624,2.1717,3246,0
20111013,2.2,2.2094,2.2,2.2094,1616,0
20111014,2.2375,2.2375,2.2375,2.2375,1,0
20111017,2.2751,2.2751,2.2751,2.2751,1,0
20111018,2.3315,2.3315,2.294,2.294,214,0
20111019,2.294,2.3315,2.0965,2.3315,180345,0
20111020,2.3315,2.3315,2.2751,2.3315,899,0
20111024,2.3034,2.3315,2.1624,2.3315,1171,0
20111025,2.2564,2.3315,2.2564,2.2564,40,0
20111026,2.2564,2.3974,2.2564,2.3974,5337,0
20111027,2.3692,2.4444,2.3692,2.4444,28737,0
20111028,2.4444,2.4444,2.4444,2.4444,106,0
20111031,2.4162,2.4162,2.4162,2.4162,176,0
20111102,2.3974,2.3974,2.341,2.341,3524,0
20111103,2.3974,2.4444,2.3974,2.4444,688,0
20111104,2.4726,2.4914,2.4726,2.4914,1770,0
20111107,2.4726,2.482,2.4162,2.4162,3730,0
20111108,2.3598,2.4444,2.3598,2.4444,1087,0
20111109,2.3222,2.4632,2.3128,2.3128,3980,0
20111110,2.3598,2.4068,2.3598,2.4068,2,0
20111114,2.435,2.4444,2.435,2.4444,957,0
20111115,2.435,2.435,2.3785,2.435,331,0
20111116,2.3785,2.4162,2.294,2.3692,4939,0
20111118,2.3598,2.3598,2.3504,2.3504,2287,0
20111122,2.294,2.4256,2.2094,2.4256,73394,0
20111123,2.4162,2.5196,2.3785,2.4914,321154,0
20111124,2.5196,2.5854,2.5196,2.5854,320,0
20111125,2.5854,2.5854,2.5196,2.5854,1070,0
20111128,2.6512,2.6512,2.388,2.5384,1046,0
20111129,2.4726,2.4914,2.4726,2.4914,2129,0
20111130,2.529,2.5384,2.529,2.5384,2,0
20111201,2.5384,2.5384,2.4726,2.482,159,0
20111202,2.4256,2.529,2.4256,2.529,46,0
20111205,2.5384,2.5384,2.4726,2.5384,6009,0
20111208,2.4914,2.4914,2.4914,2.4914,319,0
20111213,2.4256,2.4256,2.4256,2.4256,213,0
20111214,2.3692,2.3692,2.3692,2.3692,3167,0
20111216,2.3504,2.3692,2.3504,2.3692,320,0
20111219,2.341,2.3504,2.341,2.3504,2659,0
20111220,2.1341,2.3504,2.1341,2.3504,52,0
20111221,2.3034,2.3974,2.3034,2.3974,72939,0
20111222,2.3504,2.4444,2.3504,2.4444,1792,0
20111223,2.388,2.3974,2.388,2.3974,15,0
20111227,2.341,2.4256,2.341,2.4256,107,0
20111229,2.5478,2.5478,2.5478,2.5478,21,0
20111230,2.3549,2.3549,2.3451,2.3549,1202,0
20120102,2.3504,2.3504,2.3504,2.3504,2287,0
20120103,2.3504,2.3504,2.3504,2.3504,53,0
20120105,2.3504,2.3692,2.3504,2.3692,152,0
20120109,2.3128,2.3598,2.3128,2.3598,96,0
20120110,2.3598,2.3598,2.3598,2.3598,5,0
20120111,2.3598,2.3692,2.294,2.294,5025,0
20120112,2.2375,2.5102,2.2375,2.5102,7594,0
20120113,2.4444,2.7829,2.4444,2.7829,22294,0
20120116,2.5384,2.717,2.5102,2.6606,13511,0
20120117,2.6606,2.7265,2.482,2.6324,9647,0
20120118,2.6888,2.6888,2.4914,2.5102,22265,0
20120119,2.5102,2.5666,2.5102,2.5666,161,0
20120120,2.6231,2.6231,2.5102,2.6136,9505,0
20120123,2.5478,2.67,2.5384,2.67,2895,0
20120124,2.67,2.67,2.5761,2.5854,7474,0
20120125,2.5761,2.5761,2.5384,2.5761,799,0
20120126,2.5761,2.6606,2.5761,2.6606,3438,0
20120127,2.5948,2.6606,2.5948,2.6512,2578,0
20120130,2.6136,2.6606,2.5948,2.6606,1597,0
20120131,2.6296,2.7866,2.6296,2.6492,28890,0
20120201,2.717,2.9145,2.6606,2.9145,6931,0
20120202,2.8392,2.8675,2.8392,2.8675,2859,0
20120203,2.9145,2.9145,2.9145,2.9145,97,0
20120206,2.9709,3.2529,2.9709,3.1965,6726,0
20120207,3.1307,3.1307,3.1025,3.1025,1597,0
20120208,3.1119,3.1119,3.1025,3.1025,1394,0
20120209,3.0367,3.1025,3.0367,3.0555,375,0
20120210,3.0367,3.1025,3.0273,3.1025,19997,0
20120213,3.093,3.093,3.093,3.093,5,0
20120214,3.093,3.093,3.0179,3.093,2132,0
20120215,3.0179,3.0837,3.0179,3.0837,1792,0
20120216,2.9615,3.046,2.7829,2.8205,44993,0
20120217,2.8486,2.9615,2.8205,2.8769,6977,0
20120220,2.9333,3.0555,2.9333,3.0555,5836,0
20120221,3.0743,3.0743,2.9426,3.0555,3462,0
20120222,2.9615,3.046,2.9426,3.0367,6852,0
20120223,3.0085,3.0085,2.9426,3.0085,2086,0
20120224,3.0555,3.0555,3.046,3.046,533,0
20120227,3.0837,3.0837,2.9803,3.046,640,0
20120228,3.046,3.046,3.0367,3.0367,320,0
20120229,2.973,2.973,2.9436,2.9436,2570,0
20120301,2.9426,2.9803,2.9426,2.9803,425,0
20120302,2.9145,2.9803,2.8486,2.9803,2622,0
20120305,2.9145,2.9615,2.9145,2.9615,1065,0
20120306,3.0273,3.0273,2.952,2.952,868,0
20120307,3.0085,3.0179,2.8862,2.8862,1489,0
20120308,2.952,2.952,2.952,2.952,1,0
20120309,3.0085,3.0085,2.8675,2.9896,3194,0
20120312,2.9709,2.9803,2.9709,2.9803,1065,0
20120314,2.905,2.9145,2.905,2.9145,1170,0
20120315,2.9145,2.9145,2.9145,2.9145,213,0
20120316,2.9803,2.9803,2.9803,2.9803,1,0
20120319,2.9803,3.0367,2.9803,3.0367,2030,0
20120320,3.046,3.046,2.9709,3.0367,1925,0
20120321,3.0367,3.0555,2.9896,2.9896,2838,0
20120322,2.9333,2.9333,2.858,2.8956,2940,0
20120323,2.8205,2.952,2.8205,2.952,1066,0
20120326,2.8769,2.8862,2.8205,2.8862,4204,0
20120328,2.8769,2.9239,2.8769,2.9239,1065,0
20120330,2.8455,2.8455,2.8455,2.8455,2818,0
20120402,2.7358,2.8769,2.7358,2.8769,649,0
20120403,2.9145,2.9239,2.9145,2.9239,101,0
20120404,2.8675,2.8956,2.8675,2.8956,1065,0
20120405,2.9615,2.9615,2.8862,2.8862,2600,0
20120410,2.8205,2.8205,2.7452,2.811,3608,0
20120411,2.7452,2.811,2.7452,2.811,257,0
20120412,2.811,2.8205,2.7452,2.8205,5574,0
20120413,2.7546,2.8205,2.7546,2.8205,2724,0
20120416,2.7546,2.7829,2.6888,2.7829,3336,0
20120417,2.717,2.7546,2.717,2.7546,2762,0
20120418,2.717,2.764,2.717,2.764,1597,0
20120419,2.6982,2.7735,2.6982,2.7735,397,0
20120420,2.5384,2.717,2.5384,2.6324,5665,0
20120423,2.5666,2.6324,2.5666,2.6324,447,0
20120424,2.6888,2.6888,2.6888,2.6888,425,0
20120425,2.6324,2.6324,2.6324,2.6324,947,0
20120426,2.6324,2.6606,2.6324,2.6606,1065,0
20120427,2.6324,2.6324,2.5854,2.6324,1838,0
20120504,2.5948,2.7922,2.5948,2.7922,75,0
20120507,2.6606,2.6606,2.6324,2.6606,3763,0
20120508,2.7452,2.7452,2.7452,2.7452,1,0
20120509,2.6795,2.6795,2.6795,2.6795,2800,0
20120510,2.6795,2.6795,2.6136,2.6136,4052,0
20120511,2.5854,2.6136,2.5854,2.6136,1064,0
20120514,2.5572,2.5572,2.4914,2.5384,4833,0
20120515,2.4068,2.4256,2.3785,2.4256,4182,0
20120516,2.3598,2.388,2.3598,2.388,3820,0
20120517,2.3692,2.3974,2.3034,2.3974,4431,0
20120518,2.341,2.341,2.341,2.341,427,0
20120521,2.341,2.388,2.341,2.388,320,0
20120522,2.3504,2.3504,2.2845,2.2845,7787,0
20120523,2.2281,2.2281,2.1341,2.1341,6025,0
20120524,2.1154,2.1154,2.0683,2.0965,5732,0
20120525,2.0495,2.0495,2.012,2.012,7377,0
20120528,1.965,1.965,1.8333,1.8803,20362,0
20120529,1.8333,1.8333,1.7863,1.8333,11265,0
20120530,1.7487,1.7769,1.6923,1.711,43044,0
20120531,1.7073,1.7858,1.6877,1.7858,2401,0
20120601,1.7863,1.8144,1.7393,1.8144,1320,0
20120604,1.8333,1.9931,1.7863,1.9931,644,0
20120605,1.9428,1.9428,1.8741,1.8741,2298,0
20120606,1.7956,1.8741,1.7858,1.8741,1065,0
20120608,1.8447,1.8741,1.7956,1.7956,1490,0
20120611,1.7957,1.8709,1.7957,1.8709,97,0
20120612,1.8709,1.8709,1.7863,1.8709,3186,0
20120613,1.8709,1.8709,1.8709,1.8709,213,0
20120614,1.8427,1.9179,1.8427,1.9179,329709,0
20120615,1.9133,1.933,1.9035,1.933,330164,0
20120618,1.9367,2.0213,1.9367,2.0213,10877,0
20120619,2.0213,2.1247,2.0213,2.1247,36434,0
20120621,2.1194,2.2175,2.1194,2.2175,30338,0
20120626,2.1685,2.2273,2.1685,2.2175,23938,0
20120627,2.1685,2.247,2.1586,2.247,11112,0
20120628,2.3647,2.453,2.3156,2.4334,10878,0
20120629,2.3745,2.4334,2.3745,2.4334,8134,0
20120702,2.5708,2.5708,2.3451,2.3451,10031,0
20120703,2.3451,2.3941,2.3451,2.3941,17402,0
20120705,2.2862,2.3745,2.2862,2.3745,177288,0
20120706,2.3451,2.4138,2.3451,2.4138,12816,0
20120710,2.3156,2.4039,2.2764,2.4039,5128,0
20120712,2.2568,2.3058,2.2568,2.3058,928,0
20120713,2.2175,2.3058,2.2175,2.3058,1139,0
20120718,2.2666,2.2666,2.1979,2.1979,6115,0
20120719,2.2666,2.2666,2.2666,2.2666,1,0
20120720,2.2666,2.296,2.2666,2.296,174,0
20120723,2.1881,2.2077,2.1881,2.2077,689,0
20120725,2.0605,2.0802,2.0605,2.0802,2178,0
20120726,1.982,2.0605,1.982,2.0605,9172,0
20120730,1.982,2.1096,1.982,2.1096,7813,0
20120731,2.1096,2.1096,2.1096,2.1096,1019,0
20120801,2.1096,2.1096,2.1096,2.1096,168,0
20120803,2.1096,2.1096,2.1096,2.1096,3486,0
20120808,2.1096,2.3058,2.1096,2.3058,3822,0
20120809,2.1586,2.1586,2.1586,2.1586,3057,0
20120816,2.0605,2.1586,2.0605,2.1586,342,0
20120817,2.1586,2.2077,2.1586,2.2077,9173,0
20120820,2.1096,2.1586,2.1096,2.1586,479,0
20120821,2.0605,2.1586,2.0605,2.1586,1346,0
20120829,2.1096,2.1586,2.0703,2.1586,8407,0
20120830,2.1586,2.1586,2.1586,2.1586,5326,0
20120831,2.1096,2.1096,2.1096,2.1096,41,0
20120903,2.1096,2.1096,2.1096,2.1096,102,0
20120904,2.0605,2.0605,2.0605,2.0605,13932,0
20120905,1.9918,2.0605,1.982,1.982,335302,0
20120906,1.9624,2.0605,1.9624,2.0605,7722,0
20120910,1.9624,2.0311,1.9624,2.0311,1122,0
20120912,2.0213,2.0213,2.0213,2.0213,306,0
20120913,1.9624,2.0311,1.9624,2.0311,918,0
20120917,1.9722,2.0409,1.9722,2.0409,103,0
20120918,2.0311,2.0311,2.0311,2.0311,510,0
20120919,2.0311,2.0802,2.0311,2.0802,8319,0
20120921,2.0605,2.2568,2.0605,2.0802,55657,0
20120924,2.1586,2.1586,2.0703,2.0703,9593,0
20120925,2.1194,2.1194,2.0802,2.1096,512,0
20120926,2.1096,2.1096,2.1096,2.1096,1529,0
20120927,2.1096,2.2371,2.1096,2.1586,28953,0
20120928,2.2077,2.3647,2.2077,2.3549,20930,0
20121001,2.3156,2.4138,2.3156,2.4138,5606,0
20121002,2.4824,2.5609,2.4138,2.5609,6157,0
20121003,2.5609,2.5609,2.5021,2.5511,589,0
20121004,2.453,2.5511,2.3549,2.5511,30578,0
20121005,2.3549,2.4628,2.3549,2.4628,460,0
20121011,2.4039,2.4039,2.4039,2.4039,458,0
20121017,2.3549,2.3941,2.2862,2.3941,3612,0
20121018,2.3549,2.3549,2.296,2.296,285,0
20121019,2.2666,2.2666,2.2371,2.2371,5183,0
20121023,2.3058,2.3058,2.3058,2.3058,1,0
20121030,2.1881,2.2862,2.1783,2.2862,4919,0
20121105,2.3058,2.3058,2.3058,2.3058,1,0
20121112,2.2371,2.2862,2.2371,2.2862,511,0
20121113,2.2862,2.3156,2.2862,2.3156,2667,0
20121114,2.2273,2.3156,2.2273,2.3156,786,0
20121115,2.2175,2.2175,2.1586,2.1783,11559,0
20121116,2.1292,2.1586,2.1096,2.1096,5157,0
20121119,2.0311,2.0311,2.0311,2.0311,5736,0
20121120,2.0017,2.0998,2.0017,2.0998,195,0
20121122,2.0213,2.0311,1.982,2.0311,10256,0
20121123,2.0311,2.0311,1.9624,2.0311,51464,0
20121126,1.9722,2.0311,1.9624,2.0311,30005,0
20121127,2.0507,2.0605,2.0507,2.0605,205,0
20121128,2.0507,2.0507,2.0507,2.0507,10,0
20121129,2.0507,2.0605,2.0507,2.0605,20873,0
20121130,2.0605,2.0802,2.0605,2.0802,6625,0
20121203,2.0605,2.1979,2.0605,2.1586,14771,0
20121204,2.1685,2.2371,2.1586,2.2273,583101,0
20121205,2.2764,2.3647,2.2568,2.3549,27661,0
20121206,2.3745,2.3941,2.3745,2.3843,12991,0
20121207,2.3549,2.3549,2.2077,2.3156,3395,0
20121210,2.3549,2.3549,2.2568,2.296,276,0
20121211,2.2273,2.296,2.1586,2.1586,9433,0
20121212,2.1685,2.2077,2.1586,2.2077,52142,0
20121213,2.2077,2.2666,2.2077,2.247,5596,0
20121214,2.2862,2.3941,2.2862,2.3941,63031,0
20121217,2.296,2.6296,2.296,2.6296,51303,0
20121218,2.6492,2.6492,2.5021,2.5217,9288,0
20121219,2.5217,2.5217,2.3647,2.4726,4806,0
20121220,2.4039,2.5119,2.3843,2.5119,4510,0
20121221,2.5119,2.5315,2.4628,2.5315,429,0
20121228,2.4236,2.5708,2.4236,2.453,63734,0
20130102,2.5708,2.6002,2.5511,2.6002,5618,0
20130103,2.6002,2.6002,2.5511,2.6002,31716,0
20130107,2.6198,2.6198,2.6198,2.6198,31,0
20130108,2.5609,2.5609,2.4334,2.5413,159226,0
20130109,2.5708,2.5708,2.5511,2.5511,618368,0
20130110,2.5904,2.61,2.5315,2.61,3705,0
20130111,2.5609,2.6198,2.5609,2.6198,307,0
20130114,2.6198,2.6296,2.6198,2.6296,3056,0
20130115,2.6492,2.6492,2.5511,2.61,7308,0
20130116,2.61,2.6198,2.5511,2.5511,67063,0
20130117,2.6198,2.7768,2.6198,2.7179,74785,0
20130118,2.8259,2.8357,2.7474,2.8259,25267,0
20130121,2.9142,2.9142,2.8259,2.9142,6042,0
20130122,2.8847,2.9044,2.7964,2.9044,3444,0
20130123,2.9142,3.0515,2.8455,2.9142,16776,0
20130125,2.9044,2.9044,2.9044,2.9044,1355,0
20130128,2.9044,2.9142,2.9044,2.9142,17269,0
20130129,2.9142,2.9142,2.9142,2.9142,306,0
20130131,2.8161,2.8847,2.767,2.8847,21145,0
20130204,2.8455,2.8455,2.7179,2.8357,8586,0
20130205,2.7081,2.8259,2.6983,2.8259,7569,0
20130206,2.7179,2.767,2.7179,2.767,2763,0
20130207,2.6591,2.767,2.6591,2.767,423,0
20130208,2.767,2.7768,2.767,2.7768,31,0
20130212,2.7474,2.8357,2.7376,2.7964,7104,0
20130213,2.8553,2.8553,2.6983,2.7572,5149,0
20130214,2.7474,2.7474,2.7474,2.7474,10,0
20130215,2.7474,2.7474,2.6296,2.6983,10696,0
20130218,2.6296,2.6983,2.6296,2.6983,2854,0
20130219,2.5708,2.6198,2.453,2.6198,16683,0
20130220,2.5708,2.5708,2.4628,2.5609,6294,0
20130222,2.5904,2.6198,2.5511,2.6198,1809,0
20130225,2.5119,2.6198,2.5119,2.6198,2778,0
20130228,2.57,2.76,2.57,2.76,15576,0
20130304,2.6198,2.7474,2.6198,2.7474,2293,0
20130306,2.6591,2.6591,2.6492,2.6492,5846,0
20130307,2.5315,2.5806,2.5315,2.5511,8729,0
20130308,2.5315,2.6198,2.5315,2.6198,1042,0
20130311,2.5708,2.6787,2.5708,2.5904,7285,0
20130312,2.5315,2.6492,2.5315,2.6492,7540,0
20130315,2.5609,2.6198,2.5413,2.6198,2857,0
20130318,2.5413,2.6394,2.5413,2.6394,3364,0
20130319,2.5511,2.6198,2.5511,2.6198,1323,0
20130320,2.6394,2.6394,2.6394,2.6394,815,0
20130321,2.5413,2.5413,2.5413,2.5413,5103,0
20130322,2.5119,2.5511,2.5119,2.5511,9003,0
20130325,2.4628,2.5708,2.4628,2.5708,857,0
20130326,2.4628,2.5708,2.4628,2.5708,2039,0
20130327,2.5708,2.6002,2.5708,2.6002,378,0
20130328,2.5511,2.5708,2.5511,2.5708,2957,0
20130402,2.4726,2.5708,2.4726,2.5708,907,0
20130403,2.5217,2.5217,2.3156,2.4628,2043,0
20130404,2.4039,2.453,2.3549,2.453,12397,0
20130408,2.4432,2.5413,2.4236,2.5413,6045,0
20130409,2.5119,2.5511,2.5119,2.5511,15750,0
20130410,2.5413,2.5511,2.4726,2.5511,12740,0
20130411,2.5413,2.5904,2.5413,2.5511,6664,0
20130412,2.5904,2.5904,2.5511,2.5511,1055,0
20130415,2.5511,2.5511,2.5511,2.5511,1325,0
20130417,2.5119,2.5511,2.5119,2.5511,15797,0
20130418,2.5511,2.5511,2.5511,2.5511,2298,0
20130419,2.5609,2.5609,2.5021,2.5021,36690,0
20130422,2.5315,2.5904,2.5315,2.5315,409,0
20130423,2.6296,2.6296,2.5021,2.5021,611,0
20130424,2.5021,2.5806,2.5021,2.5806,1216,0
20130425,2.6002,2.6002,2.3745,2.5904,2139,0
20130429,2.5511,2.5904,2.5511,2.5904,1650,0
20130430,2.65,2.65,2.59,2.6,521,0
20130502,2.6296,2.7964,2.6296,2.7964,7130,0
20130506,2.7964,2.8749,2.7964,2.8749,1262,0
20130507,2.8749,2.8749,2.7376,2.8651,816,0
20130508,2.8651,2.8651,2.8651,2.8651,10,0
20130509,2.8455,2.8455,2.8455,2.8455,5,0
20130510,2.8455,2.8455,2.6492,2.8455,3373,0
20130513,2.8455,2.8455,2.6002,2.7474,6626,0
20130514,2.5511,2.6689,2.5511,2.6689,1738,0
20130515,2.7179,2.7179,2.6394,2.6492,1176,0
20130516,2.7474,2.7474,2.7474,2.7474,20,0
20130517,2.6492,2.6492,2.6492,2.6492,904,0
20130520,2.6689,2.6689,2.6689,2.6689,20,0
20130521,2.6591,2.6591,2.5511,2.6394,3314,0
20130522,2.6394,2.6394,2.6394,2.6394,5,0
20130523,2.6394,2.6394,2.5511,2.6002,8159,0
20130524,2.6394,2.6394,2.6394,2.6394,10,0
20130527,2.6394,2.6394,2.6002,2.6002,438,0
20130528,2.6689,2.6689,2.5413,2.6002,244,0
20130529,2.55,2.64,2.55,2.64,1681,0
20130531,2.67,2.67,2.58,2.67,164,0
20130603,2.6689,2.6885,2.61,2.6885,2154,0
20130604,2.72,2.72,2.65,2.67,1419,0
20130605,2.72,2.72,2.65,2.66,2321,0
20130606,2.7,2.7,2.65,2.67,1966,0
20130607,2.67,2.67,2.67,2.67,10,0
20130610,2.6689,2.6689,2.6689,2.6689,10,0
20130611,2.65,2.65,2.58,2.64,3437,0
20130612,2.5806,2.8259,2.5806,2.7474,64529,0
20130613,2.7474,2.8357,2.7474,2.8357,265,0
20130614,2.85,2.85,2.85,2.85,776,0
20130617,2.8651,2.9338,2.7474,2.9142,7762,0
20130618,2.9,2.9,2.75,2.85,2320,0
20130619,2.84,2.84,2.73,2.73,1678,0
20130620,2.78,2.78,2.6,2.6,5126,0
20130621,2.59,2.59,2.59,2.59,163,0
20130624,2.61,2.61,2.61,2.61,10,0
20130625,2.61,2.61,2.61,2.61,10,0
20130626,2.61,2.61,2.61,2.61,10,0
20130627,2.65,2.65,2.6,2.6,2140,0
20130628,2.66,2.66,2.66,2.66,10,0
20130701,2.62,2.66,2.55,2.66,1171,0
20130702,2.62,2.62,2.62,2.62,66,0
20130703,2.62,2.65,2.62,2.65,545,0
20130704,2.6,2.7,2.6,2.7,214,0
20130705,2.7,2.7,2.55,2.7,3971,0
20130708,2.7,2.7,2.7,2.7,10,0
20130709,2.7,2.7,2.6,2.7,10213,0
20130710,2.7,2.7,2.6,2.7,4011,0
20130711,2.7,2.7,2.59,2.59,5786,0
20130712,2.7,2.7,2.6,2.6,50,0
20130715,2.57,2.61,2.57,2.6,17322,0
20130716,2.57,2.67,2.57,2.67,11,0
20130717,2.67,2.67,2.67,2.67,10,0
20130718,2.67,2.67,2.5,2.61,1030,0
20130719,2.61,2.61,2.61,2.61,10,0
20130722,2.67,2.67,2.67,2.67,10,0
20130723,2.67,2.67,2.54,2.67,2898,0
20130724,2.68,2.68,2.55,2.68,2035,0
20130725,2.69,2.69,2.69,2.69,10,0
20130726,2.69,2.69,2.69,2.69,10,0
20130729,2.68,2.68,2.68,2.68,10,0
20130730,2.66,2.66,2.66,2.66,10,0
20130731,2.66,2.66,2.56,2.66,2490,0
20130801,2.66,2.66,2.66,2.66,10,0
20130802,2.66,2.66,2.66,2.66,10,0
20130805,2.66,2.66,2.66,2.66,355,0
20130806,2.66,2.66,2.56,2.56,1510,0
20130807,2.56,2.65,2.56,2.65,101,0
20130808,2.65,2.7,2.62,2.7,6707,0
20130809,2.7,2.7,2.7,2.7,10,0
20130812,2.7,2.75,2.58,2.75,2032,0
20130813,2.75,2.75,2.66,2.66,5154,0
20130814,2.65,2.65,2.65,2.65,10,0
20130816,2.66,2.66,2.66,2.66,10,0
20130819,2.66,2.66,2.58,2.66,2010,0
20130820,2.6,2.75,2.6,2.75,271603,0
20130821,2.74,2.74,2.74,2.74,10,0
20130822,2.73,2.75,2.72,2.75,3459,0
20130823,2.77,2.77,2.77,2.77,10,0
20130826,2.71,2.71,2.66,2.66,6500,0
20130827,2.71,2.71,2.71,2.71,1,0
20130828,2.66,2.74,2.66,2.74,1251,0
20130829,2.75,2.89,2.75,2.89,1778,0
20130830,2.89,2.89,2.89,2.89,200,0
20130903,2.82,2.82,2.82,2.82,577,0
20130904,2.8,2.8,2.8,2.8,1250,0
20130905,2.75,2.8,2.75,2.8,4362,0
20130906,2.82,2.82,2.78,2.78,1937,0
20130909,2.8,2.85,2.63,2.85,1037,0
20130910,2.84,2.99,2.84,2.99,2346,0
20130911,2.99,2.99,2.8,2.8,4005,0
20130912,2.79,2.98,2.79,2.98,5875,0
20130913,2.98,2.98,2.96,2.96,650,0
20130916,2.96,2.98,2.96,2.98,2010,0
20130917,2.99,2.99,2.99,2.99,10,0
20130918,2.99,3,2.99,3,2010,0
20130919,3,3.05,2.9,3.05,3158,0
20130920,3,3,2.83,2.9,4977,0
20130923,3.04,3.04,2.85,2.85,1610,0
20130924,2.9,2.9,2.8,2.8,2366,0
20130925,2.88,2.88,2.74,2.8,9069,0
20130926,2.8,2.8,2.8,2.8,1000,0
20130927,2.89,2.89,2.8,2.8,8268,0
20130930,2.8,2.99,2.8,2.99,81,0
20131001,3,3,2.86,2.86,2146,0
20131002,2.86,2.9,2.85,2.9,3733,0
20131003,2.85,2.9,2.85,2.9,25,0
20131004,2.9,2.9,2.85,2.9,1230,0
20131007,2.9,2.95,2.9,2.95,16536,0
20131008,2.98,3.1,2.98,3.1,14215,0
20131009,3.2,3.4,3.15,3.4,15376,0
20131010,3.4,3.6,3.28,3.6,13379,0
20131011,3.59,3.7,3.57,3.59,13791,0
20131014,3.5,3.5,3.4,3.45,6677,0
20131015,3.32,3.56,3.32,3.44,38641,0
20131016,3.38,3.45,3.38,3.45,120,0
20131017,3.45,3.45,3.44,3.44,1565,0
20131018,3.44,3.44,3.36,3.42,730,0
20131021,3.42,3.42,3.42,3.42,10,0
20131022,3.42,3.42,3.2,3.35,6776,0
20131023,3.35,3.35,3.35,3.35,10,0
20131024,3.35,3.35,3.35,3.35,110,0
20131025,3.35,3.35,3.3,3.3,5524,0
20131028,3.35,3.35,3.28,3.35,4002,0
20131029,3.35,3.39,3.35,3.39,3620,0
20131030,3.4,3.42,3.4,3.42,400,0
20131031,3.45,3.45,3.37,3.37,510,0
20131104,3.41,3.41,3.3,3.31,3153,0
20131105,3.35,3.43,3.25,3.43,1540,0
20131106,3.43,3.83,3.35,3.83,13875,0
20131107,3.83,3.83,3.62,3.74,2181,0
20131108,3.81,3.97,3.78,3.78,8757,0
20131112,3.78,3.78,3.74,3.75,2693,0
20131113,3.73,3.75,3.6,3.75,5691,0
20131114,3.75,3.75,3.6,3.69,3451,0
20131115,3.75,3.75,3.75,3.75,10,0
20131118,3.75,3.75,3.7,3.74,4250,0
20131119,3.74,3.75,3.7,3.7,6600,0
20131120,3.71,3.75,3.7,3.75,1606,0
20131121,3.74,3.75,3.74,3.74,929,0
20131122,3.75,3.75,3.7,3.74,5057,0
20131125,3.73,3.73,3.73,3.73,30,0
20131126,3.73,3.73,3.7,3.7,855,0
20131127,3.7,3.7,3.7,3.7,6163,0
20131128,3.73,3.73,3.7,3.7,1205,0
20131129,3.73,3.73,3.73,3.73,214,0
20131202,3.73,3.73,3.73,3.73,10,0
20131203,3.73,3.73,3.61,3.61,2242,0
20131204,3.61,3.61,3.47,3.61,9211,0
20131205,3.61,3.61,3.52,3.52,1010,0
20131206,3.61,3.61,3.61,3.61,10,0
20131209,3.61,3.61,3.61,3.61,5,0
20131210,3.61,3.61,3.52,3.52,405,0
20131211,3.55,3.55,3.55,3.55,1000,0
20131212,3.52,3.52,3.52,3.52,200,0
20131213,3.31,3.44,3.3,3.44,5535,0
20131216,3.32,3.41,3.25,3.38,3110,0
20131217,3.39,3.39,3.39,3.39,10,0
20131218,3.39,3.39,3.25,3.38,1730,0
20131219,3.39,3.39,3.39,3.39,10,0
20131220,3.39,3.39,3.23,3.36,3456,0
20131223,3.2,3.29,3.19,3.29,9240,0
20131227,3.15,3.15,3.15,3.15,214,0
20131230,3.06,3.32,3.06,3.32,8476,0
20140102,3.31,3.32,3.25,3.27,3252,0
20140103,3.27,3.27,3.27,3.27,10,0
20140107,3.23,3.23,3.23,3.23,390,0
20140108,3.23,3.23,3.15,3.19,29054,0
20140109,3.19,3.19,3.19,3.19,10,0
20140110,3.12,3.12,3.02,3.1,2308,0
20140113,3.15,3.2,3.15,3.2,793,0
20140115,3.19,3.2,3.18,3.18,1510,0
20140116,3.15,3.42,3.15,3.42,3020,0
20140117,3.3,3.77,3.3,3.77,10815,0
20140120,3.68,3.68,3.6,3.68,1632,0
20140121,3.75,3.75,3.7,3.75,505,0
20140122,3.77,3.77,3.75,3.77,205,0
20140123,3.77,3.77,3.77,3.77,5,0
20140124,3.77,3.77,3.61,3.65,860,0
20140127,3.63,3.63,3.63,3.63,10,0
20140128,3.7,3.7,3.46,3.46,495,0
20140129,3.46,3.77,3.46,3.77,29285,0
20140130,3.77,3.77,3.77,3.77,5,0
20140131,3.77,3.77,3.77,3.77,5,0
20140203,3.77,3.77,3.77,3.77,5,0
20140204,3.77,3.77,3.66,3.66,564,0
20140205,3.66,3.66,3.66,3.66,5,0
20140206,3.66,3.66,3.51,3.6,844,0
20140207,3.65,3.66,3.65,3.66,600,0
20140210,3.77,3.77,3.77,3.77,5,0
20140211,3.77,3.78,3.7,3.77,3870,0
20140212,3.77,3.77,3.77,3.77,5,0
20140213,3.77,3.77,3.77,3.77,5,0
20140214,3.77,3.77,3.55,3.55,3392,0
20140217,3.5,3.58,3.5,3.58,62371,0
20140218,3.6,3.6,3.6,3.6,5,0
20140219,3.6,3.6,3.52,3.52,85,0
20140220,3.6,3.6,3.52,3.52,1407,0
20140221,3.52,3.52,3.52,3.52,10,0
20140224,3.45,3.45,3.45,3.45,210,0
20140225,3.5,3.61,3.5,3.61,1650,0
20140226,3.66,3.66,3.58,3.58,20002,0
20140227,3.6,3.6,3.58,3.58,205,0
20140228,3.58,3.58,3.5,3.5,12269,0
20140303,3.5,3.5,3.4,3.4,5318,0
20140304,3.3,3.3,3.3,3.3,97,0
20140305,3.36,3.41,3.36,3.41,3818,0
20140306,3.4,3.4,3.4,3.4,10,0
20140307,3.4,3.4,3.3,3.3,62,0
20140310,3.35,3.35,3.35,3.35,589,0
20140311,3.35,3.35,3.35,3.35,49000,0
20140312,3.4,3.4,3.38,3.38,9,0
20140313,3.4,3.4,3.27,3.27,1100,0
20140314,3.25,3.25,3.19,3.2,6313,0
20140317,3.11,3.2,3.11,3.2,397741,0
20140318,3.2,3.25,3.2,3.25,1986,0
20140319,3.2,3.2,3.2,3.2,3896,0
20140320,3.2,3.2,3.2,3.2,480,0
20140321,3.25,3.25,3.25,3.25,62,0
20140324,3.29,3.29,3.14,3.25,2560,0
20140325,3.2,3.2,3.13,3.13,1235,0
20140326,3.25,3.25,3.22,3.25,745,0
20140327,3.25,3.25,3.25,3.25,10,0
20140328,3.25,3.25,3.25,3.25,5,0
20140331,3.3,3.3,3.15,3.15,657,0
20140401,3.15,3.3,3.15,3.3,2790,0
20140402,3.32,3.46,3.32,3.46,17,0
20140403,3.51,3.51,3.35,3.35,310,0
20140404,3.3,3.3,3.3,3.3,10,0
20140407,3.3,3.3,3.2,3.2,420,0
20140408,3.3,3.3,3.25,3.25,52,0
20140409,3.2,3.2,3.2,3.2,4513,0
20140410,3.2,3.2,3.2,3.2,1,0
20140411,3.2,3.2,3.2,3.2,1,0
20140414,3.2,3.2,3.2,3.2,1,0
20140415,3.2,3.2,3.2,3.2,1,0
20140416,3.2,3.2,3.2,3.2,235,0
20140422,3.2,3.2,3.2,3.2,118,0
20140423,3.2,3.2,3.1,3.1,268873,0
20140425,3.14,3.14,3,3,3761,0
20140428,3,3,3,3,1,0
20140429,3,3,3,3,301,0
20140430,3,3,3,3,1,0
20140502,2.93,2.93,2.88,2.88,954,0
20140505,2.88,2.88,2.81,2.81,2098,0
20140506,2.82,2.82,2.82,2.82,40,0
20140508,2.82,2.82,2.82,2.82,900,0
20140509,2.82,2.82,2.8,2.8,201,0
20140512,2.8,2.8,2.8,2.8,240,0
20140514,2.8,2.8,2.8,2.8,151,0
20140516,2.83,2.83,2.83,2.83,2660,0
20140522,2.88,2.88,2.88,2.88,54,0
20140526,2.88,2.88,2.88,2.88,497,0
20140527,2.75,2.75,2.75,2.75,195,0
20140528,2.71,2.71,2.71,2.71,10,0
20140529,2.71,2.81,2.71,2.81,101,0
20140530,2.83,2.83,2.83,2.83,609,0
20140603,2.85,2.86,2.85,2.86,1501,0
20140604,2.85,2.85,2.85,2.85,44,0
20140605,2.9,2.9,2.9,2.9,20,0
20140606,2.94,2.94,2.94,2.94,330,0
20140609,2.99,2.99,2.99,2.99,20,0
20140611,2.99,2.99,2.99,2.99,500,0
20140612,2.99,2.99,2.99,2.99,100,0
20140613,3,3,3,3,1000,0
