Date,Open,High,Low,Close,Volume,OpenInt
20061229,10.514,10.521,9.764,10.206,536113,0
20070102,10.457,10.521,10.155,10.303,119444,0
20070103,10.322,10.322,9.636,9.783,41728,0
20070104,9.764,9.764,9.1294,9.501,39799,0
20070105,9.405,9.726,9.2639,9.565,22455,0
20070108,9.4627,9.572,9.3153,9.572,20054,0
20070109,9.604,9.604,9.4756,9.572,4060,0
20070110,9.565,9.565,9.3665,9.533,2404,0
20070111,9.4307,9.636,9.1935,9.636,21819,0
20070112,9.642,9.828,9.54,9.636,28626,0
20070115,9.796,9.796,9.508,9.572,19609,0
20070116,9.758,9.758,9.559,9.604,11285,0
20070117,9.61,9.751,9.546,9.604,15363,0
20070118,9.54,9.54,9.482,9.54,18372,0
20070119,9.738,9.738,9.3858,9.726,12660,0
20070122,9.764,9.828,9.572,9.687,10605,0
20070123,9.7,9.7,9.508,9.508,3910,0
20070124,9.572,9.764,9.508,9.636,11414,0
20070125,9.572,9.95,9.572,9.95,50007,0
20070126,9.886,9.95,9.636,9.899,7721,0
20070129,10.046,10.142,9.886,10.142,19917,0
20070130,10.046,10.078,9.86,10.033,21121,0
20070131,9.835,10.142,9.828,10.136,51927,0
20070201,10.046,10.142,10.014,10.014,23616,0
20070202,10.149,12.008,10.014,11.662,592779,0
20070205,11.662,11.918,10.925,11.316,144979,0
20070206,11.219,11.335,10.655,11.091,76762,0
20070207,11.091,11.091,10.61,10.777,28322,0
20070208,10.662,10.841,10.585,10.745,27404,0
20070209,10.636,11.168,10.219,11.168,51277,0
20070212,11.348,11.726,11.252,11.495,31428,0
20070213,11.418,11.726,11.322,11.726,20838,0
20070214,11.617,12.611,11.617,12.296,58563,0
20070215,12.361,12.361,11.79,12.04,8048,0
20070216,12.149,12.675,11.726,12.675,67280,0
20070219,12.681,12.867,12.361,12.681,30323,0
20070220,12.566,12.681,12.425,12.675,11130,0
20070221,12.559,12.995,12.559,12.835,8415,0
20070222,13.111,13.502,12.835,13.489,40275,0
20070223,13.309,13.309,12.931,13.296,11525,0
20070226,13.309,13.309,12.681,13.027,33696,0
20070227,12.681,12.681,11.502,11.598,29022,0
20070228,11.283,12.29,10.969,11.54,49953,0
20070301,11.758,12.04,11.091,11.405,20785,0
20070302,11.296,11.527,11.29,11.405,15186,0
20070305,11.418,11.418,10.841,10.969,15275,0
20070306,11.187,11.348,10.457,10.655,48208,0
20070307,10.873,11.437,10.873,11.348,11778,0
20070308,11.283,11.566,11.053,11.566,14477,0
20070309,11.726,11.726,11.098,11.098,11203,0
20070312,11.219,11.412,10.989,11.303,11875,0
20070313,11.098,11.155,10.905,10.969,4432,0
20070314,10.854,11.591,10.521,11.155,9978,0
20070315,11.283,11.283,10.969,10.969,2655,0
20070316,10.854,11.001,10.841,10.905,6016,0
20070319,11.123,11.283,11.001,11.219,9680,0
20070320,11.219,11.283,11.091,11.219,7521,0
20070321,11.444,11.527,11.226,11.252,23194,0
20070322,11.412,11.79,11.252,11.252,23148,0
20070323,11.252,12.168,11.187,12.021,59104,0
20070326,12.046,12.457,11.95,12.168,30864,0
20070327,12.162,12.335,12.162,12.162,10310,0
20070328,12.046,12.136,12.046,12.111,16416,0
20070329,12.111,13.245,12.111,13.245,129322,0
20070330,13.245,13.624,12.797,13.624,28521,0
20070402,13.566,14.265,13.066,14.265,45611,0
20070403,14.265,14.265,13.79,13.938,24904,0
20070404,14.201,14.322,13.63,13.88,63080,0
20070405,13.745,13.938,13.309,13.861,46464,0
20070410,13.726,13.816,13.309,13.816,7708,0
20070411,13.681,13.681,13.245,13.303,20552,0
20070412,13.175,13.303,12.046,12.995,8087,0
20070413,12.963,12.963,12.425,12.771,15050,0
20070416,12.649,12.835,12.649,12.681,819,0
20070417,12.232,12.617,12.232,12.617,11348,0
20070418,12.489,13.63,12.168,12.232,40126,0
20070419,12.361,12.361,12.085,12.361,3023,0
20070420,12.245,12.45,12.046,12.45,27595,0
20070423,12.7,12.7,12.046,12.059,24800,0
20070424,12.361,12.611,12.117,12.611,3947,0
20070425,12.482,13.374,12.482,13.309,12419,0
20070426,13.181,13.213,12.681,13.213,18467,0
20070427,13.079,13.22,12.835,13.059,13914,0
20070430,13.316,13.316,12.771,12.995,2383,0
20070502,12.931,13.374,12.931,13.374,5133,0
20070504,13.374,13.944,13.374,13.816,15134,0
20070507,13.938,15.053,13.726,15.053,22086,0
20070508,15.053,15.053,14.072,14.143,56078,0
20070509,14.265,14.265,13.187,13.309,15377,0
20070510,13.566,13.566,12.232,12.232,14323,0
20070511,12.232,12.758,11.636,12.758,21735,0
20070514,12.758,12.758,12.123,12.2,18979,0
20070515,12.361,12.681,11.79,12.617,17039,0
20070516,12.489,12.617,12.046,12.553,18014,0
20070517,12.553,12.553,12.111,12.54,3514,0
20070518,12.534,12.534,12.168,12.29,1966,0
20070521,12.553,12.553,12.168,12.232,6277,0
20070522,12.482,12.489,12.046,12.046,5530,0
20070523,12.284,12.45,12.072,12.45,2500,0
20070524,12.111,12.425,12.111,12.162,1311,0
20070525,12.168,12.405,12.046,12.354,2567,0
20070528,12.367,12.553,12.361,12.502,2643,0
20070529,12.521,12.521,12.361,12.38,19858,0
20070530,12.316,12.316,12.162,12.309,947,0
20070531,12.175,12.797,12.053,12.797,9243,0
20070601,12.681,12.681,12.329,12.335,2818,0
20070604,12.329,12.348,12.329,12.329,8485,0
20070605,12.418,12.418,12.245,12.296,1368,0
20070606,12.258,12.258,12.04,12.046,3356,0
20070608,11.925,12.046,11.726,11.848,9144,0
20070611,11.726,12.284,11.726,12.284,4246,0
20070612,12.361,12.361,11.982,12.239,13478,0
20070613,12.168,12.354,12.168,12.329,24840,0
20070614,12.354,12.797,12.232,12.681,30936,0
20070615,12.925,12.925,12.489,12.675,33310,0
20070618,12.739,12.995,12.681,12.681,39429,0
20070619,12.899,12.899,12.553,12.675,747,0
20070620,12.925,12.925,12.046,12.046,16683,0
20070621,12.046,12.354,12.046,12.354,2361,0
20070622,12.29,13.931,12.29,13.309,108865,0
20070625,13.579,14.085,13.316,13.316,17485,0
20070626,13.187,14.072,13.187,13.944,11864,0
20070627,14.008,14.771,13.797,14.771,29744,0
20070628,14.643,14.643,14.213,14.213,7108,0
20070629,14.104,14.104,13.374,13.816,24805,0
20070702,13.681,13.938,13.309,13.79,12688,0
20070703,13.649,13.874,13.438,13.752,6324,0
20070704,14.027,14.265,13.309,13.816,477,0
20070705,13.348,13.816,13.348,13.348,2963,0
20070706,13.63,13.925,13.187,13.187,6346,0
20070709,13.438,13.713,13.309,13.47,5589,0
20070710,13.329,13.329,12.681,12.771,7170,0
20070711,12.995,12.995,12.623,12.963,1035,0
20070712,13.143,13.22,13.143,13.143,1592,0
20070713,13.271,13.271,13.014,13.136,290,0
20070716,13.002,13.175,12.405,13.175,1558,0
20070717,13.04,13.271,12.437,13.245,2924,0
20070718,13.111,13.143,12.534,13.143,969,0
20070719,13.008,13.271,13.008,13.271,617,0
20070720,13.136,13.136,12.765,12.816,1683,0
20070723,12.816,12.938,12.694,12.938,6028,0
20070724,12.572,13.014,12.572,12.822,9674,0
20070725,12.694,12.822,12.694,12.822,3074,0
20070726,12.95,13.136,12.566,12.886,8090,0
20070727,12.752,12.752,12.277,12.726,2303,0
20070730,12.598,13.079,12.373,13.014,3931,0
20070731,12.88,13.143,12.63,13.136,1520,0
20070801,12.835,12.835,12.694,12.822,16835,0
20070802,12.822,12.822,12.822,12.822,4,0
20070806,12.809,12.809,12.437,12.803,2887,0
20070807,12.758,13.213,12.758,12.95,82262,0
20070808,13.207,13.207,12.95,13.207,17048,0
20070809,13.393,13.393,12.2,12.758,20261,0
20070810,13.014,13.014,12.245,12.72,8551,0
20070813,12.944,12.995,12.2,12.995,6598,0
20070814,12.861,13.117,12.213,13.072,3145,0
20070816,12.059,12.944,11.604,12.053,4628,0
20070817,11.931,11.989,11.219,11.982,15489,0
20070820,11.861,12.309,10.707,12.226,10012,0
20070821,12.47,12.47,11.578,11.61,3767,0
20070822,12.226,12.226,11.764,12.181,3642,0
20070823,12.053,12.405,11.944,12.181,22089,0
20070824,12.277,12.418,11.604,12.053,6435,0
20070827,12.053,12.623,12.053,12.187,21852,0
20070828,12.181,12.463,12.053,12.463,18863,0
20070829,12.329,12.617,12.181,12.617,2488,0
20070830,12.508,12.662,12.495,12.63,5627,0
20070831,12.688,12.822,12.444,12.694,2032,0
20070903,12.822,12.899,12.502,12.899,14672,0
20070904,13.104,13.271,12.835,13.271,5098,0
20070905,13.143,13.406,12.854,13.239,7705,0
20070906,13.111,13.111,12.579,13.111,15180,0
20070907,12.822,12.829,12.021,12.482,5128,0
20070910,12.354,12.354,12.053,12.29,1324,0
20070911,12.303,12.303,11.925,12.053,3295,0
20070912,12.348,12.822,12.181,12.47,5584,0
20070913,12.187,12.752,12.181,12.284,2346,0
20070914,12.63,12.63,12.187,12.277,1251,0
20070917,12.117,12.226,11.925,12.149,1946,0
20070918,11.861,11.861,11.668,11.828,1718,0
20070919,12.117,12.117,11.732,12.053,1393,0
20070920,11.989,12.149,11.809,12.149,1598,0
20070921,12.149,12.149,11.816,12.085,421,0
20070924,12.053,12.072,12.053,12.072,196,0
20070925,12.085,12.502,12.078,12.502,2377,0
20070926,12.694,12.694,12.437,12.502,2268,0
20070927,12.534,12.534,12.47,12.534,1516,0
20070928,12.066,12.149,12.046,12.149,2048,0
20071001,12.027,12.277,12.027,12.277,628,0
20071002,12.175,12.181,11.739,12.168,390,0
20071003,11.739,12.046,11.303,12.046,1700,0
20071004,12.117,12.117,11.861,12.111,2797,0
20071005,11.796,12.111,11.796,12.111,5086,0
20071008,12.053,12.111,11.873,11.925,813,0
20071009,12.117,12.117,11.796,12.117,3090,0
20071010,12.181,12.181,11.925,12.175,4321,0
20071011,12.341,12.341,12.341,12.341,78,0
20071012,12.213,12.245,11.899,12.245,1938,0
20071015,12.335,12.399,12.085,12.181,78979,0
20071016,11.931,12.367,11.931,12.367,3652,0
20071017,12.335,12.335,12.335,12.335,505,0
20071018,12.181,12.213,12.123,12.181,9499,0
20071019,12.181,12.309,11.995,12.309,17341,0
20071022,12.181,12.373,12.181,12.373,23552,0
20071023,12.373,12.95,12.373,12.95,3060,0
20071024,12.95,13.912,12.95,13.777,48809,0
20071025,14.098,14.361,13.848,13.848,27811,0
20071026,13.848,14.072,13.784,13.848,1008,0
20071029,13.463,14.04,13.463,14.034,641,0
20071030,14.104,14.425,14.008,14.175,5571,0
20071031,14.168,14.322,13.912,14.245,2165,0
20071102,14.098,14.239,13.912,14.239,1099,0
20071105,14.29,14.29,13.335,13.438,10480,0
20071106,13.444,14.04,13.444,13.63,1655,0
20071107,13.604,13.604,12.822,13.463,39462,0
20071108,13.207,13.367,12.566,13.367,5716,0
20071109,13.232,13.784,13.232,13.463,5728,0
20071112,13.463,14.681,13.463,14.669,38735,0
20071113,14.669,14.746,14.104,14.746,27936,0
20071114,14.874,15.066,14.746,15.066,7623,0
20071115,15.066,15.387,13.88,15.066,22548,0
20071116,14.233,15.066,14.104,14.361,36586,0
20071119,14.649,15.835,14.649,15.714,56162,0
20071120,15.707,16.105,15.579,15.932,11945,0
20071121,15.579,15.835,15.387,15.387,3090,0
20071122,14.899,15.367,14.899,15.367,63954,0
20071123,15.387,15.387,15.066,15.162,24143,0
20071126,15.194,15.419,14.425,14.874,145183,0
20071127,14.746,14.746,14.617,14.746,22724,0
20071128,14.893,14.893,14.649,14.746,11924,0
20071129,14.996,15.066,14.81,15.066,65686,0
20071130,15.367,15.38,15.066,15.258,64991,0
20071203,15.258,15.258,15.258,15.258,664,0
20071204,15.194,15.194,14.746,14.746,838,0
20071205,14.752,14.752,14.752,14.752,103,0
20071206,14.746,14.938,14.746,14.938,2058,0
20071207,15.002,15.361,15.002,15.361,1740,0
20071210,15.252,15.361,14.874,15.13,3994,0
20071211,15.252,15.252,15.252,15.252,62,0
20071212,14.906,14.906,14.746,14.746,597,0
20071213,14.746,14.746,14.746,14.746,1627,0
20071214,14.598,14.746,14.168,14.746,2711,0
20071217,14.746,15.034,14.168,14.297,4160,0
20071218,14.271,14.681,14.04,14.681,1770,0
20071219,14.233,14.746,13.976,14.746,4487,0
20071220,14.598,14.81,14.361,14.81,781,0
20071221,14.874,14.874,14.002,14.81,5272,0
20071227,15.066,15.066,14.425,14.733,1681,0
20071228,14.585,15.002,14.553,15.002,4569,0
20080102,15.002,15.002,14.297,15.002,4149,0
20080103,14.611,14.675,14.297,14.675,1052,0
20080104,14.675,14.675,14.675,14.675,468,0
20080107,14.361,14.746,14.361,14.553,4067,0
20080108,14.553,14.553,14.553,14.553,3420,0
20080109,14.104,14.104,13.149,14.008,7672,0
20080110,13.406,13.784,12.899,12.899,1425,0
20080111,12.861,13.463,12.79,13.463,3673,0
20080114,12.79,13.38,12.117,13.38,4293,0
20080115,13.271,13.271,13.271,13.271,780,0
20080116,13.143,13.143,12.309,12.502,6033,0
20080117,12.95,13.624,12.829,13.367,1484,0
20080118,13.457,13.457,12.841,13.457,377,0
20080121,12.187,13.322,12.187,12.758,1583,0
20080122,13.207,13.207,11.54,12.739,14533,0
20080123,12.181,12.655,12.181,12.655,343,0
20080124,12.662,12.822,12.098,12.822,4644,0
20080125,12.822,12.886,12.502,12.502,2129,0
20080128,13.13,13.13,13.13,13.13,62,0
20080129,13.123,13.784,12.822,13.713,7137,0
20080130,13.656,13.656,13.207,13.656,586,0
20080131,12.822,13.399,12.502,12.502,1794,0
20080201,13.656,13.656,12.822,13.245,934,0
20080204,13.675,13.681,12.636,13.45,781,0
20080205,13.136,13.136,13.136,13.136,78,0
20080206,12.822,13.303,12.502,13.303,2436,0
20080208,12.707,13.271,12.566,12.585,887,0
20080211,12.585,12.95,12.585,12.95,222,0
20080212,12.502,12.944,12.502,12.944,1020,0
20080213,12.944,13.143,12.944,13.143,4679,0
20080214,13.489,13.489,13.489,13.489,47,0
20080215,13.489,13.572,13.489,13.572,15,0
20080218,13.457,13.457,13.45,13.45,1950,0
20080219,13.656,13.656,13.149,13.457,9422,0
20080220,13.399,13.399,13.399,13.399,189,0
20080222,12.694,13.13,12.694,13.13,258,0
20080225,13.13,13.13,12.732,12.732,857,0
20080226,13.123,13.123,12.739,12.745,7089,0
20080227,13.175,13.2,12.822,13.079,120,0
20080228,12.822,12.822,12.822,12.822,157,0
20080229,12.982,12.982,12.566,12.816,25,0
20080303,12.809,13.014,12.809,13.014,196,0
20080304,12.437,13.008,12.437,12.995,731,0
20080305,12.694,12.694,12.694,12.694,624,0
20080306,13.014,13.688,12.822,12.822,479,0
20080307,12.566,12.758,12.373,12.758,2046,0
20080310,12.867,12.867,12.514,12.514,166,0
20080311,12.822,13.143,12.63,12.95,1950,0
20080312,13.079,13.079,12.316,12.758,1177,0
20080313,12.694,12.694,12.63,12.63,576,0
20080314,12.63,12.63,12.502,12.502,98,0
20080317,12.508,12.758,12.508,12.758,57,0
20080318,12.63,13.656,12.63,13.585,3210,0
20080319,13.335,13.335,12.63,13.143,14289,0
20080320,13.649,13.649,12.649,12.649,63,0
20080325,12.7,13.111,12.63,12.63,8689,0
20080326,12.63,12.63,12.63,12.63,260,0
20080327,12.822,13.457,12.662,12.95,24379,0
20080328,13.399,13.399,12.79,12.816,122061,0
20080331,12.816,12.816,12.816,12.816,585,0
20080403,12.598,12.598,12.579,12.579,234,0
20080404,12.322,13.431,12.322,12.758,635,0
20080407,12.758,12.816,12.758,12.816,857,0
20080408,12.54,12.54,12.534,12.534,1248,0
20080409,12.63,12.63,12.566,12.566,1877,0
20080410,12.566,12.566,12.566,12.566,1248,0
20080411,12.777,12.777,12.777,12.777,4,0
20080414,12.136,12.752,11.861,12.752,4558,0
20080416,12.63,12.758,11.809,12.752,3513,0
20080417,12.502,12.502,12.309,12.437,1001,0
20080418,12.053,12.181,12.053,12.181,327,0
20080421,12.431,12.431,12.181,12.181,938,0
20080422,12.181,12.309,11.809,12.162,1999,0
20080423,12.149,12.149,11.444,11.54,2398,0
20080424,11.412,11.796,11.283,11.354,6843,0
20080425,11.412,11.476,11.283,11.283,5788,0
20080428,11.841,12.111,11.245,12.111,7800,0
20080429,11.796,12.111,11.796,12.111,8408,0
20080430,12.111,12.111,12.104,12.104,8113,0
20080505,12.149,12.149,12.111,12.111,2,0
20080506,12.111,12.111,12.085,12.085,110,0
20080507,12.149,12.149,11.732,11.925,160,0
20080508,11.925,11.925,11.925,11.925,2,0
20080509,12.149,12.149,11.796,11.796,25741,0
20080512,12.149,12.373,12.117,12.117,397,0
20080513,12.117,12.117,12.117,12.117,2,0
20080514,12.245,12.341,12.245,12.245,83,0
20080515,11.732,12.117,11.54,11.861,7219,0
20080516,12.085,12.13,11.54,12.13,1823,0
20080519,11.604,11.982,11.604,11.982,481,0
20080520,11.905,12.085,11.348,11.861,8020,0
20080521,11.918,11.918,11.854,11.854,10,0
20080523,11.918,11.918,11.918,11.918,1,0
20080526,11.796,11.918,11.54,11.918,1038,0
20080527,11.918,11.918,11.796,11.796,161,0
20080528,11.861,12.014,11.861,11.912,159,0
20080529,12.021,12.021,11.463,11.732,2645,0
20080530,11.732,11.732,11.476,11.476,18597,0
20080602,11.54,11.54,11.54,11.54,8531,0
20080603,11.54,11.803,11.444,11.803,9805,0
20080604,11.816,11.816,11.54,11.54,1562,0
20080605,11.816,11.816,11.386,11.54,2456,0
20080606,11.514,11.514,11.283,11.283,2193,0
20080609,11.437,11.437,11.219,11.437,813,0
20080610,11.463,11.463,10.899,10.899,1297,0
20080611,10.899,11.828,10.899,11.091,1212,0
20080612,11.508,11.508,11.322,11.322,34,0
20080613,11.502,11.508,11.142,11.495,560,0
20080616,11.828,11.828,11.027,11.816,2982,0
20080617,11.828,11.828,11.213,11.219,2183,0
20080618,11.252,11.252,11.213,11.219,3925,0
20080619,10.989,11.219,10.976,11.219,3360,0
20080620,11.219,11.219,11.219,11.219,2,0
20080623,11.219,11.283,11.213,11.283,883,0
20080624,11.283,11.283,10.899,11.149,1957,0
20080625,11.149,11.155,10.835,10.892,915,0
20080626,10.892,10.892,10.892,10.892,2,0
20080627,10.838,10.89,10.062,10.89,2489,0
20080630,10.838,10.838,10.259,10.765,418,0
20080701,10.765,10.765,10.7,10.7,2,0
20080702,10.7,10.7,10.7,10.7,15,0
20080703,10.259,10.259,9.556,9.931,18549,0
20080704,10.772,10.772,9.596,10.082,1099,0
20080707,9.858,10.647,9.53,9.845,780,0
20080708,9.826,9.99,9.3983,9.852,5033,0
20080709,9.977,9.977,9.53,9.977,4088,0
20080710,9.918,9.918,9.661,9.845,14,0
20080711,9.858,9.858,9.1354,9.793,1004,0
20080714,9.3983,9.3983,8.2811,8.6425,32671,0
20080715,8.4782,8.6097,8.2153,8.2153,5858,0
20080716,8.6031,8.6097,7.9328,8.4717,16848,0
20080717,8.4717,9.99,8.4717,9.99,1077,0
20080718,9.858,9.858,8.8135,9.858,2241,0
20080721,9.2013,9.977,8.9383,9.2537,5182,0
20080722,8.8726,9.3064,8.7148,8.7148,5112,0
20080723,9.2013,9.2013,8.8726,9.1947,6834,0
20080724,9.1947,9.1947,9.0697,9.0697,225,0
20080725,9.1947,9.1947,8.774,9.1354,1344,0
20080728,9.1354,9.1354,8.544,8.544,198,0
20080729,8.544,8.544,8.2942,8.5045,534,0
20080730,8.544,9.2013,8.544,9.2013,3510,0
20080731,9.2013,9.2013,9.0697,9.0697,39,0
20080801,9.2013,9.2013,9.2013,9.2013,1,0
20080804,9.1354,9.1354,9.0697,9.0697,2,0
20080805,8.544,9.1289,8.2153,8.8726,988,0
20080806,9.1289,9.1289,8.544,9.0697,246,0
20080807,9.004,9.004,8.2153,8.8726,2346,0
20080808,8.4717,8.8661,8.3731,8.8661,1230,0
20080811,8.544,8.8529,8.544,8.8529,323,0
20080812,8.7542,8.7542,8.5637,8.5637,2,0
20080813,8.6163,8.6163,8.544,8.544,2,0
20080814,8.8397,8.8397,8.5374,8.5374,3,0
20080818,8.2153,8.2153,8.2153,8.2153,1047,0
20080819,8.7281,8.7281,7.8802,8.3402,1252,0
20080820,7.9525,8.3402,7.6896,8.3402,1366,0
20080821,8.3271,8.3271,7.8735,8.1496,21941,0
20080822,8.3402,8.3402,7.8538,8.2153,8849,0
20080825,8.3271,8.3271,7.6896,8.2811,1225,0
20080826,7.821,8.1825,7.821,7.821,1316,0
20080827,8.2021,8.2021,7.821,7.8867,1259,0
20080828,8.1496,8.1496,8.0182,8.0182,469,0
20080829,8.1496,8.1496,8.143,8.143,15,0
20080901,8.1496,8.1496,8.1496,8.1496,15,0
20080902,8.2021,8.2021,7.5581,8.143,311,0
20080903,8.143,8.143,8.143,8.143,2,0
20080904,8.143,8.143,7.0324,7.8867,10845,0
20080905,7.9459,7.9459,7.3281,7.3281,677,0
20080908,7.3281,7.913,7.3281,7.913,839,0
20080909,7.913,8.005,7.6304,7.7554,3493,0
20080910,7.8867,7.8867,7.4923,7.7554,2227,0
20080911,7.5581,7.5581,6.9929,6.9929,4717,0
20080912,7.8867,7.8867,7.7027,7.7027,498,0
20080915,7.6961,7.6961,6.7037,7.591,3756,0
20080916,7.6698,7.6698,7.4923,7.4923,885,0
20080917,7.6764,7.6764,7.4923,7.4923,7278,0
20080918,6.7695,7.1901,6.3094,7.1901,5174,0
20080919,7.1836,7.1836,6.5723,6.8878,4250,0
20080922,6.9009,6.9009,6.4867,6.7103,6565,0
20080923,6.6906,6.6906,6.1451,6.3686,11402,0
20080924,6.4408,6.4473,5.915,5.915,7482,0
20080925,6.0333,6.0333,5.5536,5.8624,3235,0
20080926,6.2371,6.2371,5.5931,5.8494,6323,0
20080929,5.8494,5.8494,5.2513,5.2513,6313,0
20080930,4.6006,5.7114,4.6006,5.5667,9970,0
20081001,5.8427,5.8427,5.1395,5.5601,4740,0
20081002,5.1461,5.685,5.1461,5.6653,11148,0
20081003,6.0071,6.0071,5.2578,5.2578,25,0
20081006,5.6785,5.6785,4.9292,5.4287,1801,0
20081007,5.4287,5.4287,5.2381,5.2381,3,0
20081008,5.2381,5.2381,4.6006,4.9227,7001,0
20081009,4.9227,4.9227,4.594,4.6006,7285,0
20081010,4.456,4.6006,3.9762,4.5743,10753,0
20081013,4.9292,5.4287,4.9161,5.3498,14370,0
20081014,5.3893,5.3893,5.2513,5.3236,7306,0
20081015,5.2578,5.3828,5.0278,5.3695,3689,0
20081016,5.3236,5.3236,5.1265,5.2578,979,0
20081017,5.3236,5.5141,5.1395,5.5141,3727,0
20081020,5.915,6.5,5.731,5.8822,11955,0
20081021,6.0728,6.0728,6.0465,6.0465,372,0
20081022,6.0465,6.0465,5.5864,5.5864,2416,0
20081023,5.5864,5.5864,4.9292,5.5799,639,0
20081024,5.5864,5.5864,5.5206,5.5206,2,0
20081027,5.5206,5.5206,4.9292,5.5076,2322,0
20081028,5.5076,6.04,5.133,6.04,431,0
20081029,6.1123,6.1123,5.915,5.915,708,0
20081030,5.915,5.915,5.0672,5.3893,1183,0
20081031,5.3695,5.4551,5.2578,5.4551,3326,0
20081103,5.5864,5.5864,5.5864,5.5864,2,0
20081104,5.1593,5.6719,5.0936,5.5864,2143,0
20081105,5.7837,5.9085,5.4089,5.9085,3116,0
20081106,5.7179,5.7179,5.7179,5.7179,110,0
20081107,5.915,5.915,5.6522,5.6522,156,0
20081110,5.915,5.915,5.7179,5.8427,176,0
20081112,5.6522,5.6522,5.2578,5.2578,2742,0
20081113,5.2578,5.9085,5.2578,5.3236,3367,0
20081114,5.2644,5.8362,5.2644,5.8362,31519,0
20081117,5.3761,5.7837,5.3761,5.7179,37464,0
20081118,5.7837,5.7837,5.3893,5.7837,31179,0
20081119,5.7837,5.7837,5.4879,5.7179,79997,0
20081120,5.8362,5.8362,5.7837,5.7837,45,0
20081121,5.8362,5.8362,5.8362,5.8362,2,0
20081124,5.8362,5.8427,5.5864,5.823,2106,0
20081125,5.8427,6.0794,5.7508,5.7508,1785,0
20081126,5.4945,5.7837,5.4945,5.6522,15175,0
20081127,6.0531,6.0531,5.7245,5.7245,16297,0
20081128,5.7837,5.7837,5.7837,5.7837,3,0
20081201,5.7837,5.7902,5.4879,5.7704,11322,0
20081202,5.915,5.915,5.4879,5.8427,5646,0
20081203,5.915,5.915,5.8427,5.8427,86,0
20081204,5.5864,5.8362,5.5864,5.8295,2588,0
20081205,5.8295,5.9742,5.8295,5.9742,608,0
20081208,5.9807,5.9807,5.8362,5.915,2573,0
20081209,6.0926,6.0926,5.915,5.915,965,0
20081210,6.0926,6.0926,5.7179,6.0926,2124,0
20081211,6.0794,6.0794,6.0465,6.0465,2,0
20081212,6.0465,6.0465,6.0465,6.0465,1,0
20081215,6.0662,6.0662,6.0136,6.0136,397,0
20081216,6.0465,6.0465,6.0465,6.0465,229,0
20081217,6.0662,6.0662,5.7179,5.7179,18226,0
20081218,5.7179,5.7179,5.3893,5.5864,2527,0
20081219,5.4551,5.5864,5.4551,5.5864,1521,0
20081222,5.915,6.0071,5.5206,6.0071,2739,0
20081223,6.0005,6.0005,5.5864,5.9085,69224,0
20081229,5.9611,5.9611,5.7837,5.9611,307,0
20081230,5.9611,5.9611,5.9611,5.9611,2,0
20081231,5.9546,5.9546,5.9546,5.9546,844,0
20090105,6.0662,6.0662,5.9348,6.0071,156,0
20090106,6.0202,6.1451,6.0136,6.1123,4356,0
20090107,6.1123,6.1976,6.1123,6.1976,4321,0
20090108,6.2437,6.8944,6.0465,6.8944,9959,0
20090109,7.1637,7.1637,6.4408,6.5526,8768,0
20090112,6.7957,6.7957,6.3884,6.5658,3495,0
20090113,6.7695,6.7695,6.408,6.4408,2857,0
20090114,6.7563,6.7563,6.0531,6.2437,106909,0
20090115,6.7498,6.7498,6.2437,6.3884,6230,0
20090116,6.5592,6.5592,6.178,6.3751,8419,0
20090119,6.4408,6.4408,5.8559,5.9807,9727,0
20090120,6.5723,6.5723,5.915,6.2437,6582,0
20090121,6.2437,6.4935,5.8494,6.4935,6682,0
20090122,6.5066,6.5066,6.4738,6.4738,6394,0
20090123,6.4343,6.4343,6.4212,6.4212,7551,0
20090126,6.4212,6.4212,6.2174,6.408,6849,0
20090127,6.5066,6.5066,6.2765,6.2765,12774,0
20090128,6.4408,6.4408,6.1846,6.2371,6103,0
20090129,6.4277,6.4277,6.3884,6.3949,5477,0
20090130,6.3949,6.3949,6.2437,6.3489,5613,0
20090202,6.2437,6.3884,6.2437,6.3751,5770,0
20090203,6.3751,6.3751,6.0465,6.3422,7788,0
20090204,6.3422,6.3422,6.2108,6.3291,6244,0
20090205,6.3422,6.3422,5.915,6.2108,8483,0
20090206,6.2043,6.2043,6.1714,6.178,5618,0
20090209,6.1976,6.1976,6.178,6.178,2,0
20090210,5.915,6.1976,5.915,6.1976,26,0
20090211,6.1976,6.1976,6.178,6.178,762,0
20090212,6.178,6.178,5.9413,6.178,1009,0
20090213,6.4343,6.4343,6.4145,6.4145,2287,0
20090216,6.4277,6.4277,6.1253,6.3225,3198,0
20090217,6.2437,6.2437,6.0202,6.178,1607,0
20090218,6.3291,6.3291,6.0465,6.2503,1692,0
20090219,6.2634,6.2634,6.2503,6.2569,2650,0
20090220,6.2634,6.2634,6.2437,6.2437,2287,0
20090223,6.2569,6.2569,6.178,6.2174,35608,0
20090224,6.2174,6.2174,6.1253,6.1253,2287,0
20090225,6.1385,6.1385,5.9677,6.0465,3688,0
20090226,6.2305,6.2305,6.0465,6.1123,2318,0
20090227,6.1714,6.1714,5.6522,6.0136,15937,0
20090302,6.1581,6.2108,5.915,6.2043,21607,0
20090303,6.2043,6.2043,6.1846,6.1846,2287,0
20090304,6.191,6.191,6.0465,6.1846,2498,0
20090305,6.3422,6.3422,6.04,6.1714,3972,0
20090306,6.1648,6.1648,5.9217,5.9217,2007,0
20090309,6.1648,6.1648,5.9939,5.9939,2336,0
20090310,6.1319,6.1319,5.9677,6.1056,3195,0
20090311,6.1056,6.191,5.9873,6.1581,4760,0
20090312,6.1976,6.1976,5.915,6.04,4531,0
20090313,6.04,6.04,5.9283,5.9283,2558,0
20090316,6.178,6.178,5.9479,6.1648,2272,0
20090317,6.1846,6.1846,5.9807,6.1648,3162,0
20090318,6.178,6.178,6.0268,6.1451,3399,0
20090319,6.1714,6.1714,6.0728,6.1648,3414,0
20090320,6.1648,6.1648,6.0202,6.0465,4215,0
20090323,6.1385,6.1385,5.9742,5.9742,3231,0
20090324,5.9742,6.1253,5.9742,5.9939,2742,0
20090325,6.1188,6.1188,5.9873,6.0465,2893,0
20090326,6.0465,6.1385,6.0465,6.1056,4415,0
20090327,6.1056,6.1188,6.0465,6.1123,3118,0
20090330,6.1123,6.1123,6.0202,6.0992,2998,0
20090331,6.1123,6.1123,6.0465,6.1056,1603,0
20090401,6.1123,6.1123,5.9807,6.0926,1589,0
20090402,6.0859,6.1123,6.0333,6.0728,2553,0
20090403,6.178,6.178,6.0465,6.1451,5220,0
20090406,6.1123,6.1319,6.1123,6.1319,3204,0
20090407,6.1451,6.1451,6.1056,6.1056,1964,0
20090408,6.1319,6.1976,5.9807,6.1976,13547,0
20090409,6.2108,6.2108,6.0465,6.191,3758,0
20090414,6.3094,6.3094,6.1123,6.27,30340,0
20090415,6.3949,6.5658,6.1385,6.5658,24259,0
20090416,6.9009,7.1507,6.3094,7.0981,36142,0
20090417,7.1637,7.1637,6.7037,7.0324,1212,0
20090420,7.0981,7.0981,7.0324,7.0324,151,0
20090421,6.9009,6.9009,6.4738,6.8351,3256,0
20090422,7.0652,7.0652,6.6052,6.6052,155,0
20090423,6.9074,6.9074,6.7037,6.8944,4840,0
20090424,6.4473,6.8944,6.4473,6.8878,19248,0
20090427,7.0324,7.0324,6.7366,6.9009,70218,0
20090428,7.0324,7.0324,6.546,6.7957,40804,0
20090429,6.7957,6.9601,6.7957,6.9601,2803,0
20090430,7.0258,7.1243,6.9995,7.0784,16787,0
20090504,7.0981,7.0981,6.7695,6.8351,10212,0
20090505,6.9995,6.9995,6.7695,6.8878,439,0
20090506,6.9009,6.914,6.7366,6.9009,27192,0
20090507,7.0324,7.0324,6.7695,6.9601,1843,0
20090508,6.7366,6.8155,6.7366,6.8155,7502,0
20090511,6.9468,6.9534,6.7695,6.9338,141979,0
20090512,6.9338,7.0324,6.8418,7.0324,21844,0
20090513,7.1637,7.2295,6.9009,6.9995,10900,0
20090514,7.4727,7.4727,6.7431,7.1966,6118,0
20090515,7.2295,7.5252,7.2295,7.2953,14986,0
20090518,7.5449,7.5449,7.0652,7.2953,4687,0
20090519,7.1995,7.4153,7.0988,7.4153,3165,0
20090520,7.0652,7.7684,7.0652,7.7554,10491,0
20090521,7.8867,8.2482,7.7554,7.8867,10720,0
20090522,8.5301,8.5444,7.9546,8.0195,37461,0
20090525,8.0116,8.2088,7.6567,8.2088,9707,0
20090526,8.1201,8.1201,7.7246,7.9404,16113,0
20090527,8.0122,8.0122,7.6886,7.9834,13963,0
20090528,7.89,7.89,7.631,7.7533,11929,0
20090529,7.8037,7.8828,7.7533,7.8612,10100,0
20090601,7.89,8.0698,7.89,8.005,45638,0
20090602,8.5517,8.5517,7.9116,8.2495,10820,0
20090603,8.2568,8.2568,7.9188,8.1273,8072,0
20090604,8.192,8.2064,7.9188,8.1273,8448,0
20090605,8.0554,8.0554,7.5447,8.0195,32395,0
20090608,8.0122,8.0195,7.4081,7.8397,12496,0
20090609,7.8684,7.8684,7.6239,7.6598,1978,0
20090610,7.8612,7.8612,7.552,7.8397,6625,0
20090612,7.8397,7.8397,7.5447,7.7965,73712,0
20090615,7.6598,7.8755,7.6598,7.7677,22656,0
20090616,7.7677,7.7677,7.552,7.7317,1274,0
20090617,7.7246,7.7246,7.4656,7.4656,8227,0
20090618,7.5951,7.5951,7.1995,7.2067,6713,0
20090619,6.9046,7.2067,6.9046,7.2067,14923,0
20090622,7.2067,7.2067,6.9046,7.1851,2036,0
20090623,7.1851,7.2067,6.7176,7.0413,5584,0
20090624,6.732,7.0125,6.732,7.0125,821,0
20090625,7.0125,7.0125,7.0125,7.0125,774,0
20090626,7.0125,7.0125,7.0125,7.0125,515,0
20090629,7.0125,7.0125,6.7608,7.0125,478,0
20090630,7.2067,7.2067,6.768,6.768,708,0
20090701,6.4803,6.8327,6.4803,6.768,2186,0
20090702,6.768,6.8327,6.768,6.8327,40,0
20090703,6.8327,6.8327,6.6889,6.8327,528,0
20090706,6.696,6.8327,6.6889,6.8327,1961,0
20090707,6.8327,6.9478,6.8327,6.9478,1499,0
20090708,7.0845,7.0845,6.9693,7.0197,1031,0
20090709,7.1923,7.2571,7.0413,7.0484,4838,0
20090710,7.2283,7.2283,7.0125,7.2283,1270,0
20090713,7.2283,7.2283,6.9693,7.221,2018,0
20090714,7.221,7.3433,7.221,7.3433,4885,0
20090715,7.3433,7.3433,7.2714,7.3362,749,0
20090716,7.3433,7.5447,7.3002,7.5375,956,0
20090717,7.5304,7.5304,7.3146,7.5304,1658,0
20090720,7.3289,7.5304,7.3289,7.5159,102,0
20090721,7.5304,7.5304,7.3074,7.4513,4193,0
20090722,7.2787,7.4368,7.2642,7.2642,684,0
20090723,7.4009,7.4009,7.4009,7.4009,10,0
20090724,7.4009,7.4009,7.07,7.3937,3982,0
20090727,7.3937,7.3937,7.3362,7.3362,2,0
20090728,7.3937,7.3937,7.1923,7.2642,137,0
20090729,7.3002,7.3002,7.0557,7.0557,606,0
20090730,7.2283,7.2283,7.0845,7.1851,2094,0
20090731,7.3362,7.552,7.1923,7.444,7566,0
20090803,7.5088,7.5088,7.3002,7.5088,1023,0
20090804,7.5088,7.5088,7.3433,7.48,1095,0
20090805,7.48,7.48,7.3722,7.4225,2533,0
20090806,7.3433,7.3433,7.1923,7.3362,1175,0
20090807,7.3074,7.3433,7.1995,7.2714,2333,0
20090810,7.2714,7.48,7.2642,7.48,2799,0
20090811,7.48,7.48,7.3793,7.48,6468,0
20090812,7.4729,7.4729,7.4656,7.4729,847,0
20090813,7.5088,7.5879,7.4081,7.5879,2214,0
20090814,7.6455,7.9834,7.6455,7.8828,6916,0
20090817,8.1201,8.1201,7.7533,7.8397,1533,0
20090818,7.9834,7.9834,7.6958,7.8324,2228,0
20090819,7.8324,7.8324,7.552,7.6958,415,0
20090820,7.8397,7.8397,7.6598,7.6886,1088,0
20090821,7.8397,7.8397,7.5591,7.5591,2863,0
20090824,7.8324,7.8324,7.5591,7.6958,824,0
20090825,7.7317,7.8037,7.5879,7.8037,3541,0
20090826,7.9762,7.9762,7.5879,7.7677,511,0
20090827,7.8828,7.89,7.8828,7.8828,5174,0
20090828,7.6598,7.9619,7.6598,7.9475,1899,0
20090831,7.9834,7.9834,7.8397,7.9834,10926,0
20090901,7.9907,7.9907,7.7389,7.9834,3881,0
20090902,7.9834,7.9834,7.6239,7.9116,6037,0
20090903,7.9116,7.9116,7.9116,7.9116,2,0
20090904,7.9116,7.9116,7.6239,7.89,3931,0
20090907,7.7965,7.9907,7.7965,7.9907,3493,0
20090908,7.9116,8.1992,7.9116,8.1992,7502,0
20090909,8.1992,8.1992,8.1273,8.1273,1860,0
20090910,8.1201,8.1201,7.7677,7.7677,3758,0
20090911,7.9116,7.9116,7.9116,7.9116,304,0
20090914,7.8971,7.8971,7.6095,7.6239,257,0
20090915,7.6239,7.8971,7.5951,7.8971,248,0
20090916,7.8971,7.8971,7.631,7.8971,20,0
20090917,7.8397,7.9116,7.7677,7.8397,3576,0
20090918,7.8755,7.9834,7.8755,7.9116,3294,0
20090921,8.0266,8.0266,7.7677,7.9546,664,0
20090922,8.0266,8.0266,7.7317,7.8755,5157,0
20090923,7.9116,8.0195,7.9116,8.005,1316,0
20090924,8.1201,8.1704,7.9116,8.1273,920,0
20090925,8.2208,8.2208,8.1273,8.1273,350,0
20090928,8.2568,8.264,7.5591,7.5591,20387,0
20090929,7.5879,7.7677,7.552,7.552,3942,0
20090930,7.6958,7.8755,7.6958,7.8755,14160,0
20091001,7.8612,7.8755,7.552,7.552,6207,0
20091002,7.7604,7.7965,7.3577,7.7965,2699,0
20091005,7.7604,7.7604,7.5159,7.6958,834,0
20091006,7.6958,7.6958,7.4081,7.6239,2636,0
20091007,7.3722,7.6239,7.3722,7.6239,1797,0
20091008,7.6239,7.6239,7.4081,7.6239,1047,0
20091009,7.6239,7.6239,7.4225,7.6095,1026,0
20091012,7.6095,7.6095,7.4729,7.5879,3715,0
20091013,7.5879,7.5879,7.4225,7.552,351,0
20091014,7.6095,7.6095,7.3793,7.5591,1548,0
20091015,7.5807,7.5807,7.3362,7.5807,6990,0
20091016,7.5807,7.5807,7.444,7.5807,698,0
20091019,7.5807,7.5807,7.3937,7.3937,353,0
20091020,7.5807,7.5807,7.3722,7.5807,1212,0
20091021,7.4225,7.5807,7.4225,7.5807,315,0
20091022,7.5807,7.5807,7.48,7.552,5665,0
20091023,7.5807,7.5807,7.444,7.552,8092,0
20091026,7.8108,7.8108,7.444,7.6167,13300,0
20091027,7.6167,7.6167,7.4081,7.552,12260,0
20091028,7.818,7.818,7.552,7.6958,11820,0
20091029,7.2139,7.7533,7.2139,7.7533,7050,0
20091030,7.8397,7.89,7.6239,7.6886,6937,0
20091102,7.8253,7.8253,7.552,7.7677,221,0
20091103,7.7677,7.7677,7.3002,7.3362,7734,0
20091104,7.3362,7.552,7.3362,7.552,662,0
20091105,7.6239,7.6239,7.3362,7.3722,10675,0
20091106,7.48,7.6095,7.3722,7.552,4698,0
20091109,7.48,7.6958,7.4081,7.6958,2007,0
20091110,7.703,7.703,7.6813,7.6958,13452,0
20091112,7.6958,7.7317,7.6958,7.7317,346,0
20091113,7.7317,7.9834,7.6958,7.9834,133063,0
20091116,8.0554,8.5013,8.0195,8.5013,11146,0
20091117,8.487,8.5517,8.1992,8.3792,32047,0
20091118,8.3792,8.487,8.1346,8.3143,7788,0
20091119,8.3359,8.487,8.0554,8.3792,2456,0
20091120,8.1776,8.2352,7.9834,8.2352,568,0
20091123,8.2352,8.5301,8.0554,8.5301,710,0
20091124,8.487,8.8969,8.487,8.8969,13100,0
20091125,8.8897,9.2061,8.8466,9.2061,5591,0
20091126,9.2061,9.2061,8.9328,9.199,2686,0
20091127,9.2638,9.2638,8.7243,9.199,6993,0
20091130,9.2709,9.3429,9.2061,9.3429,2642,0
20091201,9.3429,9.832,9.3429,9.817,9635,0
20091202,9.71,10.645,9.71,10.213,28753,0
20091203,10.213,10.264,9.782,10.184,2922,0
20091204,10.227,10.227,10.156,10.156,201,0
20091207,9.89,10.17,9.89,10.12,3464,0
20091208,10.17,10.17,9.81,10.098,1554,0
20091209,9.782,9.997,9.638,9.99,1982,0
20091210,9.997,10.156,9.638,10.033,633,0
20091211,10.033,10.033,9.638,10.026,1116,0
20091214,10.033,10.033,9.566,9.99,475,0
20091215,9.99,9.99,9.782,9.782,2,0
20091216,9.782,9.868,9.0623,9.868,10908,0
20091217,9.925,9.925,9.4219,9.89,510,0
20091218,9.789,9.789,9.71,9.789,698,0
20091221,9.789,9.89,9.3068,9.89,6120,0
20091222,9.89,10.026,9.4938,10.026,10872,0
20091223,10.033,10.033,9.638,9.997,142,0
20091228,10.026,10.127,9.997,10.12,5034,0
20091229,10.12,10.393,10.069,10.393,4563,0
20091230,10.177,10.63,10.069,10.393,23557,0
20091231,10.573,10.573,10.077,10.357,30689,0
20100104,10.789,10.789,10.285,10.285,450,0
20100105,10.278,10.681,9.854,10.681,9797,0
20100106,10.717,10.717,10.45,10.45,247,0
20100107,10.717,10.789,10.321,10.321,711,0
20100108,10.429,11.069,9.969,10.753,98796,0
20100111,11.069,11.069,10.422,10.968,958,0
20100112,10.968,10.968,10.681,10.925,83761,0
20100113,10.896,10.896,10.429,10.789,28652,0
20100114,10.789,10.789,10.429,10.709,31210,0
20100115,10.709,10.709,10.609,10.702,65944,0
20100118,10.932,10.932,10.429,10.551,644,0
20100119,11.069,11.069,10.429,10.551,42918,0
20100120,10.789,10.789,10.501,10.709,1186,0
20100121,10.709,10.717,10.292,10.638,16710,0
20100122,10.638,10.638,10.587,10.587,2,0
20100125,10.587,10.587,10.429,10.429,2,0
20100126,10.429,10.429,9.933,10.177,7538,0
20100127,10.429,10.429,10.077,10.357,20417,0
20100128,10.422,10.422,10.077,10.422,836,0
20100129,10.424,10.424,10.162,10.324,254,0
20100201,10.587,10.587,10.429,10.429,42,0
20100202,10.494,10.494,10.429,10.429,2,0
20100203,10.494,10.494,10.393,10.393,2,0
20100204,10.494,10.494,9.997,10.062,7306,0
20100205,9.925,10.033,9.674,10.033,6870,0
20100208,9.746,10.264,9.746,10.264,4795,0
20100209,10.264,10.264,9.997,9.997,114,0
20100210,10.264,10.264,9.854,9.997,1459,0
20100211,10.206,10.206,9.71,10.177,651,0
20100212,10.192,10.206,9.71,9.81,15571,0
20100215,9.731,9.997,9.71,9.997,5952,0
20100216,10.206,10.206,9.954,10.141,693,0
20100217,10.177,10.177,9.925,10.163,142,0
20100218,10.177,10.177,10.177,10.177,2,0
20100219,10.177,10.501,10.17,10.429,1873,0
20100222,10.501,10.501,9.746,10.45,2899,0
20100223,10.429,10.537,9.89,10.537,2783,0
20100224,10.537,10.587,10.278,10.587,16,0
20100225,10.681,10.681,10.141,10.141,140,0
20100226,10.681,11.148,10.659,10.796,79236,0
20100301,11.148,11.148,11.069,11.141,2295,0
20100302,11.141,11.141,11.004,11.069,392,0
20100303,11.076,11.076,10.789,10.824,545,0
20100304,11.055,11.055,10.702,10.932,354,0
20100305,11.004,11.148,10.86,11.148,5702,0
20100308,11.148,11.652,11.148,11.508,6353,0
20100309,11.939,12.083,11.939,12.083,22,0
20100310,12.191,12.68,12.191,12.68,3761,0
20100311,12.659,12.68,12.083,12.68,3982,0
20100312,12.874,12.874,12.659,12.73,6982,0
20100315,12.659,12.766,11.946,12.766,28157,0
20100316,12.766,12.802,11.946,12.802,1658,0
20100317,12.73,12.802,12.73,12.788,19899,0
20100318,12.788,12.788,12.73,12.788,42423,0
20100319,12.788,12.788,12.788,12.788,2,0
20100322,12.788,12.788,12.011,12.694,1189,0
20100323,12.644,12.694,12.155,12.694,2171,0
20100324,12.694,13.09,12.457,12.946,1901,0
20100325,13.09,13.155,12.234,13.155,54860,0
20100326,13.522,13.522,12.594,13.522,29975,0
20100329,13.522,13.522,12.659,13.514,3945,0
20100330,13.45,13.45,13.378,13.378,51,0
20100331,13.481,13.488,13.089,13.381,1466,0
20100401,12.73,13.629,12.73,12.946,3748,0
20100406,12.946,13.076,12.946,12.946,2440,0
20100407,12.946,13.076,12.946,13.076,1597,0
20100408,12.766,13.018,12.227,13.018,2404,0
20100409,12.982,13.529,11.946,13.09,1651,0
20100412,13.054,13.522,13.054,13.522,49,0
20100413,13.666,13.666,13.629,13.629,326,0
20100414,13.666,13.666,13.097,13.666,495,0
20100415,13.658,13.666,13.162,13.666,1421,0
20100416,13.666,13.666,13.666,13.666,465,0
20100419,13.666,13.666,12.601,13.658,689,0
20100420,13.658,13.658,12.946,12.946,747,0
20100421,13.306,13.593,12.946,13.593,737,0
20100422,13.593,13.593,12.946,12.946,894,0
20100423,13.166,13.296,12.597,13.296,4514,0
20100426,13.486,13.486,13.471,13.471,329,0
20100427,13.486,13.486,12.623,13.227,262,0
20100428,12.623,13.069,12.623,13.061,2181,0
20100429,13.155,13.155,12.587,12.594,3853,0
20100430,12.935,13.381,12.935,13.381,2141,0
20100504,13.378,13.378,12.594,13.371,295,0
20100505,13.378,13.378,12.694,12.694,2534,0
20100506,12.946,12.946,11.508,12.507,18302,0
20100507,12.227,12.464,11.903,12.464,785,0
20100510,12.874,12.874,12.011,12.766,960,0
20100511,12.766,12.766,12.371,12.759,701,0
20100512,12.766,12.766,12.766,12.766,320,0
20100513,12.802,12.802,12.802,12.802,2,0
20100514,12.802,12.802,12.766,12.802,417,0
20100517,12.802,12.802,12.162,12.802,663,0
20100518,12.234,12.932,12.026,12.587,2677,0
20100519,12.587,12.587,11.939,12.364,2603,0
20100520,12.443,12.795,12.083,12.227,3068,0
20100521,11.867,12.328,11.867,12.227,577,0
20100524,12.299,12.299,11.731,12.299,1917,0
20100525,12.299,12.299,12.299,12.299,2,0
20100526,12.298,12.306,11.868,12.306,49855,0
20100527,12.298,12.551,12.298,12.444,3993,0
20100528,12.643,12.651,12.444,12.444,6218,0
20100531,12.789,12.797,12.444,12.728,12021,0
20100601,12.797,13.342,12.797,13.22,12388,0
20100602,13.235,13.304,12.943,13.304,12266,0
20100604,13.166,13.619,13.158,13.558,11759,0
20100607,13.058,13.174,12.713,12.751,6714,0
20100608,12.981,12.981,12.751,12.774,3538,0
20100609,13.174,13.174,12.674,12.774,1314,0
20100610,12.713,12.713,11.875,12.659,5648,0
20100611,12.82,12.82,12.075,12.213,698,0
20100614,12.29,12.29,11.614,11.737,4906,0
20100615,11.676,12.29,11.676,11.737,1927,0
20100616,12.267,12.267,11.606,11.737,2409,0
20100617,12.121,12.121,11.56,11.737,1864,0
20100618,11.737,11.737,10.877,11.637,2278,0
20100621,11.637,12.129,11.637,11.791,832,0
20100622,11.983,11.983,11.676,11.983,446,0
20100623,12.267,12.267,12.175,12.175,2,0
20100624,12.206,12.206,12.175,12.175,552,0
20100625,12.213,12.213,11.752,11.752,1016,0
20100628,12.06,12.06,12.021,12.021,39,0
20100629,12.06,12.06,11.553,11.975,174,0
20100630,11.909,11.909,11.534,11.909,651,0
20100701,12.014,12.014,12.006,12.006,2,0
20100702,12.006,12.006,12.006,12.006,66,0
20100705,11.944,11.944,11.906,11.906,2,0
20100706,12.021,12.052,11.906,11.906,384,0
20100707,11.906,11.906,11.906,11.906,2,0
20100708,12.121,12.121,11.906,11.906,11,0
20100709,12.121,12.121,11.522,11.752,61,0
20100712,11.676,11.676,11.522,11.676,489,0
20100713,11.676,11.676,11.115,11.63,1279,0
20100714,11.676,11.676,11.653,11.653,258,0
20100715,11.376,11.676,11.376,11.676,978,0
20100716,11.676,11.676,11.676,11.676,2,0
20100719,11.676,11.676,11.637,11.637,2,0
20100720,11.676,12.121,11.56,11.906,1434,0
20100721,11.906,12.052,11.522,12.052,2056,0
20100722,12.052,12.052,12.052,12.052,2,0
20100723,12.136,12.136,12.06,12.06,133,0
20100726,12.06,12.06,12.06,12.06,2,0
20100727,12.06,12.136,12.06,12.06,128,0
20100728,12.136,12.136,12.06,12.06,334,0
20100729,12.06,12.06,11.583,11.583,877,0
20100730,11.906,12.052,11.537,12.052,289,0
20100802,12.052,12.052,11.645,11.791,392,0
20100803,12.052,12.052,11.898,12.014,152,0
20100804,12.052,12.052,12.052,12.052,2,0
20100805,12.052,12.252,12.052,12.252,1286,0
20100806,12.29,12.29,11.76,12.244,3452,0
20100809,12.252,12.252,12.244,12.252,253,0
20100810,12.252,12.252,12.136,12.252,1987,0
20100811,12.213,12.213,11.66,11.883,3514,0
20100812,12.267,12.267,11.868,12.198,405,0
20100813,12.213,12.213,11.983,11.983,115,0
20100816,12.206,12.206,12.206,12.206,2,0
20100817,12.213,12.213,11.606,12.213,1284,0
20100818,12.213,12.213,12.213,12.213,2,0
20100819,12.213,12.213,12.098,12.098,24,0
20100820,12.098,12.098,11.906,11.906,136,0
20100823,11.599,11.906,11.599,11.906,1682,0
20100824,11.33,11.906,11.33,11.906,1365,0
20100825,11.906,11.906,11.676,11.676,151,0
20100826,11.676,11.898,11.33,11.898,2176,0
20100827,11.906,11.906,11.845,11.845,1303,0
20100830,11.906,11.906,11.153,11.891,2952,0
20100831,11.891,11.891,11.345,11.891,1595,0
20100901,11.983,12.252,11.983,12.252,2560,0
20100902,12.252,12.29,12.213,12.213,11472,0
20100903,11.983,12.213,11.53,12.136,3860,0
20100906,12.175,12.175,11.906,12.175,2100,0
20100907,11.829,11.906,11.606,11.898,3258,0
20100908,11.752,12.052,11.752,12.052,3059,0
20100909,12.129,12.129,11.691,11.691,990,0
20100910,11.752,12.044,11.637,12.044,6373,0
20100913,12.029,12.029,11.714,11.906,574,0
20100914,11.906,12.29,11.491,12.213,107723,0
20100915,12.213,12.29,12.06,12.282,27186,0
20100916,12.329,12.367,11.599,12.29,1887,0
20100917,12.367,12.981,12.29,12.674,4731,0
20100920,12.981,12.981,12.674,12.905,886,0
20100921,12.981,12.981,12.835,12.905,1249,0
20100922,12.905,12.905,12.674,12.905,198,0
20100923,12.905,12.905,12.114,12.751,628,0
20100924,12.866,12.866,12.866,12.866,2,0
20100927,12.866,12.866,12.828,12.828,392,0
20100928,12.828,12.828,12.828,12.828,1,0
20100929,12.828,12.828,12.828,12.828,2,0
20100930,12.828,12.828,12.451,12.828,1487,0
20101001,12.828,12.828,12.444,12.828,269,0
20101004,12.828,12.828,12.828,12.828,206,0
20101005,12.828,12.828,12.828,12.828,783,0
20101006,12.828,12.828,12.597,12.597,131,0
20101007,12.597,12.674,12.597,12.674,744,0
20101008,12.674,12.828,12.674,12.828,354,0
20101011,12.828,12.943,12.29,12.935,1539,0
20101012,12.935,12.935,12.298,12.889,1552,0
20101013,12.897,13.051,12.597,13.051,3421,0
20101014,13.02,13.02,12.674,12.828,106,0
20101015,12.82,12.82,12.298,12.521,748,0
20101018,12.705,12.705,12.413,12.674,1564,0
20101019,12.705,12.705,12.29,12.705,540,0
20101020,12.713,12.713,12.713,12.713,51,0
20101021,12.713,12.713,12.39,12.674,402,0
20101022,12.597,12.597,12.367,12.597,393,0
20101025,12.444,12.713,12.444,12.713,308,0
20101026,12.713,12.713,12.106,12.106,249,0
20101027,12.106,12.106,11.714,12.098,860,0
20101028,12.09,12.16,11.768,11.837,1626,0
20101029,11.95,12.716,11.95,12.716,1740,0
20101102,12.713,12.713,12.405,12.674,262,0
20101103,12.713,12.713,12.329,12.674,597,0
20101104,12.905,12.905,12.49,12.82,1019,0
20101105,12.82,12.82,12.474,12.782,615,0
20101108,12.805,12.805,12.451,12.728,172,0
20101109,12.736,12.736,11.952,12.674,1917,0
20101110,12.736,12.736,12.713,12.736,1581,0
20101112,12.736,12.736,12.29,12.29,11769,0
20101115,12.674,12.674,12.405,12.674,67,0
20101116,12.674,12.674,12.29,12.666,1126,0
20101117,12.674,12.674,12.29,12.482,806,0
20101118,12.482,12.482,12.29,12.474,133,0
20101119,12.482,12.482,12.213,12.474,328,0
20101122,12.482,12.674,12.482,12.674,522,0
20101123,12.674,12.674,12.29,12.559,1204,0
20101124,12.559,12.666,12.213,12.666,310,0
20101125,12.306,12.597,12.213,12.597,453,0
20101126,12.298,12.559,12.298,12.559,261,0
20101129,12.674,12.674,12.298,12.659,150,0
20101130,12.659,12.659,11.568,12.651,5154,0
20101201,12.659,12.659,12.213,12.213,1017,0
20101202,12.659,12.659,12.213,12.482,396,0
20101203,12.659,12.659,12.29,12.559,188,0
20101206,12.597,12.659,12.229,12.659,336,0
20101207,12.444,12.659,12.29,12.367,318,0
20101208,12.367,12.628,12.213,12.628,2471,0
20101209,12.659,12.674,12.367,12.674,1596,0
20101210,12.482,12.674,12.29,12.29,1296,0
20101213,12.29,12.29,12.213,12.252,1077,0
20101214,12.367,12.405,12.267,12.39,1768,0
20101215,12.39,12.459,12.044,12.044,789,0
20101216,12.405,12.405,12.136,12.398,2312,0
20101217,12.075,12.482,12.075,12.344,7787,0
20101220,12.29,12.367,12.121,12.367,1264,0
20101221,12.075,12.436,12.075,12.405,526,0
20101222,12.075,12.405,12.037,12.29,817,0
20101223,12.282,12.282,11.983,11.983,131,0
20101227,11.983,12.382,11.983,12.29,991,0
20101228,11.998,12.282,11.991,12.282,2125,0
20101229,12.283,12.283,12.033,12.283,152,0
20101230,12.292,12.292,12.025,12.292,2198,0
20101231,11.992,12.325,11.983,12.292,6973,0
20110103,12.014,12.29,11.914,11.914,6137,0
20110104,12.06,12.06,11.906,11.944,529,0
20110105,12.075,12.098,11.676,12.044,1378,0
20110107,12.075,12.075,11.676,12.052,328,0
20110110,12.052,12.067,11.683,12.044,606,0
20110111,12.044,12.044,11.676,11.998,392,0
20110112,12.044,12.044,11.998,12.029,524,0
20110113,12.021,12.021,11.752,12.014,563,0
20110114,11.683,12.006,11.683,11.983,3,0
20110117,11.775,11.906,11.676,11.898,898,0
20110118,11.891,11.891,11.276,11.706,2529,0
20110119,11.407,11.706,11.407,11.706,310,0
20110120,11.737,11.737,11.668,11.714,673,0
20110121,11.898,11.898,11.822,11.822,2,0
20110124,11.898,11.898,11.668,11.668,87,0
20110125,11.676,11.676,11.522,11.522,360,0
20110126,11.66,11.66,10.869,10.954,2743,0
20110127,11.583,11.583,10.754,10.831,3085,0
20110128,11.207,11.215,10.785,11.215,7504,0
20110131,11.584,11.584,10.601,11.517,5464,0
20110201,11.514,11.822,10.677,11.368,4770,0
20110202,11.13,11.13,10.769,10.792,2211,0
20110203,10.984,11.207,10.831,11.138,1859,0
20110204,11.215,11.215,10.639,10.931,1083,0
20110207,10.907,11.007,10.639,11.007,4999,0
20110208,10.8,11.207,10.639,10.854,3236,0
20110209,11.023,11.023,10.639,11,5494,0
20110210,10.946,10.946,10.785,10.785,93,0
20110211,10.831,10.831,10.785,10.808,458,0
20110214,10.808,11.507,10.654,11.507,2056,0
20110215,11.514,11.514,10.808,10.977,4444,0
20110216,11.061,11.061,10.831,11,895,0
20110217,11.061,11.061,11.015,11.015,144,0
20110218,11.015,11.015,11.015,11.015,2,0
20110221,10.977,11.053,10.977,11.053,390,0
20110222,10.984,10.984,10.846,10.907,440,0
20110223,11.1,11.33,11.1,11.33,4043,0
20110224,11.215,11.783,11.215,11.783,3325,0
20110225,11.43,11.822,11.43,11.791,2374,0
20110228,11.792,11.792,11.75,11.792,28,0
20110301,11.791,11.914,11.23,11.822,2358,0
20110302,11.822,11.822,11.445,11.63,1031,0
20110303,11.752,11.752,11.361,11.676,115,0
20110304,11.752,11.783,11.752,11.783,171,0
20110307,11.752,11.752,11.368,11.737,783,0
20110308,11.706,11.706,11.484,11.676,1714,0
20110309,11.484,11.745,11.484,11.745,675,0
20110310,11.683,11.752,11.407,11.745,5985,0
20110311,11.599,11.752,11.599,11.676,187,0
20110314,11.752,11.752,11.637,11.637,133,0
20110315,11.752,11.752,11.253,11.514,701,0
20110316,11.514,11.53,11.246,11.53,176,0
20110317,11.534,11.534,11.267,11.475,2385,0
20110318,11.476,11.514,11.461,11.514,67,0
20110321,11.591,11.591,11.23,11.484,381,0
20110322,11.522,11.522,11.176,11.399,769,0
20110323,11.514,11.514,11.184,11.361,297,0
20110324,11.399,11.399,11.176,11.399,168,0
20110325,11.399,11.407,11.076,11.407,493,0
20110328,11.038,11.292,11.023,11.292,2511,0
20110329,11.368,11.53,11.115,11.215,5513,0
20110330,11.43,11.43,11.03,11.322,11654,0
20110331,11.134,11.717,11.067,11.717,11098,0
20110401,11.315,11.714,11.315,11.676,633,0
20110404,11.676,11.676,11.33,11.599,1291,0
20110405,11.66,11.676,11.215,11.676,2555,0
20110406,11.376,11.63,11.215,11.63,2788,0
20110407,11.568,11.568,11.261,11.514,1738,0
20110408,11.514,11.568,11.284,11.568,1439,0
20110411,11.568,11.568,11.276,11.507,1065,0
20110412,11.491,11.522,11.222,11.522,1674,0
20110413,11.676,11.822,11.56,11.791,3486,0
20110414,11.791,11.822,11.537,11.822,191,0
20110415,11.676,11.906,11.676,11.906,1040,0
20110418,11.898,11.898,11.683,11.86,452,0
20110419,11.86,11.875,11.86,11.875,210,0
20110420,11.875,12.521,11.86,11.86,13720,0
20110421,12.175,12.313,11.775,12.313,2219,0
20110426,12.29,12.405,12.29,12.405,6891,0
20110427,12.367,12.513,12.098,12.513,964,0
20110428,12.521,12.521,12.29,12.482,243,0
20110429,12.558,12.558,12.292,12.367,3363,0
20110502,12.359,12.359,12.129,12.282,9317,0
20110504,12.29,12.367,12.075,12.367,2248,0
20110505,12.292,12.292,12.133,12.283,2027,0
20110506,12.29,12.29,12.098,12.275,1174,0
20110509,12.075,12.282,12.075,12.282,462,0
20110510,12.29,12.29,12.029,12.267,1247,0
20110511,12.283,12.283,12.133,12.25,1019,0
20110512,12.213,12.244,11.975,12.229,1212,0
20110513,12.29,12.29,12.213,12.29,2099,0
20110516,12.352,12.352,12.29,12.29,666,0
20110517,12.29,13.519,12.29,13.058,22635,0
20110518,13.135,13.442,13.012,13.058,11958,0
20110519,13.381,13.381,13.058,13.273,8924,0
20110520,13.374,13.824,13.366,13.549,13802,0
20110523,13.55,13.903,13.342,13.366,2765,0
20110524,13.519,13.519,13.166,13.212,311,0
20110525,13.404,13.404,13.112,13.404,3504,0
20110526,13.396,13.673,13.396,13.665,5008,0
20110527,13.666,13.666,13.349,13.366,2179,0
20110530,13.596,13.596,13.366,13.366,22161,0
20110531,13.599,13.599,13.382,13.516,1689,0
20110601,13.619,13.619,13.381,13.619,1572,0
20110602,13.596,13.596,13.335,13.596,3838,0
20110603,13.607,13.607,13.324,13.324,4096,0
20110606,13.442,13.519,13.442,13.442,1018,0
20110607,13.516,13.582,13.441,13.574,3794,0
20110608,13.599,13.616,13.407,13.407,6489,0
20110609,13.591,13.591,13.366,13.591,16321,0
20110610,13.591,13.732,13.416,13.599,7453,0
20110613,13.732,14.74,13.441,14.582,10636,0
20110614,14.515,14.515,13.865,14.207,2337,0
20110615,14.207,14.207,13.824,14.057,4937,0
20110616,14.057,14.057,13.766,13.857,17887,0
20110617,14.157,14.157,13.766,13.982,904,0
20110620,13.982,14.157,13.799,13.807,3139,0
20110621,13.807,13.99,13.799,13.882,1586,0
20110622,13.324,13.982,13.324,13.815,1823,0
20110624,13.899,13.899,13.324,13.324,3433,0
20110627,13.607,13.607,12.924,12.924,2344,0
20110628,12.916,12.916,12.783,12.824,381,0
20110629,12.824,12.824,12.558,12.566,1498,0
20110630,12.683,13.741,12.566,13.741,2207,0
20110701,13.732,13.741,12.974,13.466,1461,0
20110704,13.466,13.832,13.466,13.657,2705,0
20110705,13.532,13.699,13.308,13.624,1270,0
20110706,13.074,13.616,13.074,13.607,560,0
20110707,13.607,13.607,13.299,13.566,159,0
20110708,13.158,13.499,13.158,13.357,10,0
20110711,12.708,13.482,12.708,13.407,1081,0
20110712,12.875,12.875,12.866,12.866,1620,0
20110713,12.866,13.274,12.824,13.274,2530,0
20110714,12.875,13.299,12.875,13.233,62903,0
20110715,13.224,13.224,13.199,13.199,2,0
20110718,13.191,13.191,13.191,13.191,2,0
20110719,13.191,13.191,13.191,13.191,2,0
20110720,12.7,13.174,12.7,12.908,847,0
20110721,12.691,12.924,12.658,12.908,1613,0
20110722,13.108,13.108,13.066,13.066,2,0
20110725,13.049,13.049,12.575,12.908,155,0
20110726,12.616,12.824,12.616,12.824,8,0
20110727,13.066,13.066,12.824,12.824,2,0
20110728,12.816,12.816,12.816,12.816,2,0
20110729,12.816,12.816,12.816,12.816,2,0
20110801,12.816,12.816,12.758,12.758,289,0
20110802,12.65,12.65,12.65,12.65,61,0
20110803,12.775,12.775,12.775,12.775,1,0
20110804,12.491,12.491,11.659,12.475,1785,0
20110805,10.543,11.65,9.585,11.592,25783,0
20110808,10.834,11.409,10.826,11.009,7430,0
20110809,10.826,11.675,10.826,10.976,8681,0
20110810,11.009,11.201,10.41,10.434,6810,0
20110811,10.743,10.751,10.743,10.751,150,0
20110812,11.425,11.425,10.992,11.076,1441,0
20110816,11.084,11.659,11.084,11.659,1377,0
20110817,11.659,11.659,11.251,11.659,133,0
20110818,11.251,11.417,10.834,10.834,1566,0
20110819,11.034,11.034,11.026,11.026,2,0
20110822,11.034,11.242,11.034,11.242,1304,0
20110823,11.242,11.242,11.076,11.076,242,0
20110824,10.909,10.909,10.784,10.784,105,0
20110825,10.992,10.992,10.992,10.992,241,0
20110826,11.409,11.409,11.076,11.409,1449,0
20110829,11.659,11.659,11.076,11.259,1258,0
20110830,11.259,11.259,11.117,11.117,269,0
20110831,11.425,11.425,11.326,11.409,2027,0
20110901,11.409,11.409,10.701,11.117,4050,0
20110902,11.067,11.067,10.801,11.067,665,0
20110905,10.826,10.826,10.701,10.826,714,0
20110906,10.826,11.034,10.793,11.034,7585,0
20110907,11.042,11.059,10.834,10.834,483,0
20110908,10.909,11.067,10.909,11.067,145,0
20110909,11.059,11.059,10.659,11.051,476,0
20110912,11.051,11.051,10.41,10.743,1179,0
20110913,10.659,10.809,10.41,10.809,137,0
20110914,10.551,10.551,10.076,10.301,465,0
20110915,10.426,10.643,10.243,10.643,308,0
20110916,10.643,10.643,10.643,10.643,2,0
20110919,10.643,10.659,10.643,10.659,91,0
20110920,10.659,10.659,10.659,10.659,37,0
20110921,10.826,10.826,10.584,10.826,20,0
20110922,10.826,11.459,10.826,11.459,3416,0
20110923,11.234,11.442,10.834,11.242,1598,0
20110926,11.242,11.242,10.818,11.242,144,0
20110927,11.242,11.251,10.818,11.251,2086,0
20110928,10.826,11.201,10.826,11.192,674,0
20110929,11.192,11.192,11.192,11.192,12,0
20110930,11.192,11.192,10.826,11.192,448,0
20111003,11.117,11.117,11.117,11.117,3,0
20111004,11.117,11.117,10.709,10.826,462,0
20111005,11.109,11.109,10.534,10.776,868,0
20111006,11.084,11.084,10.659,10.659,114,0
20111007,11.034,11.034,10.992,10.992,16,0
20111010,11.034,11.034,11.034,11.034,2,0
20111011,11.034,11.034,10.826,10.826,119,0
20111012,11.034,11.451,11.034,11.451,560,0
20111013,11.451,11.451,11.159,11.159,282,0
20111014,11.159,11.326,11.159,11.326,22,0
20111017,11.442,11.442,11.051,11.434,1294,0
20111018,11.442,11.442,11.034,11.034,1019,0
20111019,11.001,11.434,11.001,11.334,1161,0
20111020,11.234,11.234,10.826,11.151,1684,0
20111021,11.159,11.159,10.751,11.101,69,0
20111024,11.142,11.142,10.793,11.126,1472,0
20111025,10.826,11.117,10.759,11.067,1192,0
20111026,11.059,11.059,10.818,11.026,3155,0
20111027,11.067,11.067,10.751,10.984,4286,0
20111028,10.984,10.984,10.751,10.976,3652,0
20111031,10.984,10.984,10.984,10.984,1,0
20111102,10.734,10.976,10.518,10.934,4073,0
20111103,10.934,10.934,10.593,10.884,597,0
20111104,10.901,10.901,10.576,10.901,183,0
20111107,10.576,10.909,10.576,10.826,784,0
20111108,10.909,10.909,10.826,10.909,460,0
20111109,10.909,10.934,10.743,10.909,1352,0
20111110,10.909,10.909,10.826,10.826,366,0
20111114,10.909,10.909,10.909,10.909,2,0
20111115,10.942,11.309,10.826,11.309,7817,0
20111116,11.326,11.451,11.326,11.451,105,0
20111117,11.451,11.451,11.384,11.451,433,0
20111118,11.451,11.451,11.167,11.409,1211,0
20111121,11.467,11.467,11.034,11.326,4840,0
20111122,11.326,11.326,11.326,11.326,1,0
20111123,11.326,11.326,10.868,11.159,1338,0
20111124,11.376,11.376,10.942,11.159,35,0
20111125,11.326,11.326,10.909,11.201,13,0
20111128,11.209,11.209,10.992,11.201,305,0
20111129,11.209,11.209,11.034,11.209,894,0
20111130,11.192,11.192,11.155,11.192,192,0
20111201,11.192,11.384,11.192,11.192,1558,0
20111202,11.242,11.251,11.001,11.251,844,0
20111205,11.251,11.251,10.926,11.242,93,0
20111206,11.242,11.242,11.159,11.159,50,0
20111207,11.242,11.242,11.151,11.151,2,0
20111208,11.251,11.251,10.784,11.159,4824,0
20111209,11.201,11.201,10.926,10.926,4914,0
20111212,11.067,11.067,10.743,10.992,1135,0
20111213,11.067,11.067,10.826,10.992,1250,0
20111214,10.826,10.992,10.826,10.951,13952,0
20111215,10.942,10.951,10.751,10.951,40,0
20111216,10.951,10.951,10.909,10.909,2,0
20111219,10.942,11.242,10.751,11.242,439,0
20111220,11.242,11.242,11.242,11.242,2,0
20111221,11.242,11.242,11.126,11.242,14532,0
20111222,11.176,11.176,10.834,11.176,27,0
20111223,11.176,11.176,11.167,11.167,90,0
20111227,11.167,11.376,10.909,11.376,11799,0
20111228,11.001,11.634,11.001,11.567,3268,0
20111229,11.567,11.634,10.942,11.617,31117,0
20111230,11.631,11.631,11.164,11.402,25518,0
20120102,11.65,11.65,11.65,11.65,1,0
20120103,11.417,11.575,11.417,11.575,106,0
20120104,11.575,12.242,11.575,12.033,1935,0
20120105,12.025,12.025,11.95,12.017,518,0
20120109,12.017,12.242,11.675,11.675,640,0
20120110,12.017,12.017,11.434,11.659,184,0
20120111,11.326,11.767,11.242,11.659,1422,0
20120112,11.725,12.075,11.409,11.85,1141,0
20120113,11.742,11.825,11.117,11.825,2636,0
20120116,12.075,12.075,11.517,11.567,478,0
20120117,11.567,12.242,11.134,12.242,912,0
20120118,12.242,12.866,11.667,12.242,1470,0
20120119,12.866,12.866,12.866,12.866,1,0
20120120,12.075,12.075,12.075,12.075,173,0
20120123,11.992,11.992,11.992,11.992,2,0
20120124,12.242,12.242,11.659,11.909,609,0
20120125,12.075,12.242,12.033,12.242,208,0
20120126,12.242,12.824,12.033,12.824,179,0
20120127,12.824,12.866,12.292,12.658,1609,0
20120130,12.866,12.866,12.108,12.866,54,0
20120131,12.865,13.24,12.554,13.24,1459,0
20120201,13.491,13.491,12.658,13.116,805,0
20120202,12.908,12.983,12.908,12.983,973,0
20120203,13.033,13.033,13.033,13.033,2,0
20120206,13.116,13.407,12.991,13.407,1711,0
20120207,13.407,13.766,13.158,13.657,5320,0
20120208,13.716,13.741,13.158,13.649,2794,0
20120209,13.741,13.741,13.324,13.324,372,0
20120210,13.474,13.474,12.741,12.741,1070,0
20120213,12.741,12.899,12.741,12.899,3926,0
20120214,13.158,13.316,12.824,13.316,363,0
20120215,13.324,13.416,12.824,13.399,1037,0
20120216,12.991,13.416,12.991,13.399,443,0
20120217,13.416,13.416,12.575,12.8,651,0
20120220,13.616,13.616,12.991,13.324,1086,0
20120221,13.407,13.407,13.133,13.407,115,0
20120222,13.416,13.416,12.908,12.908,6029,0
20120223,13.033,13.699,13.033,13.507,3311,0
20120224,13.474,14.523,13.324,14.523,13359,0
20120227,13.507,14.523,13.324,13.366,9968,0
20120228,13.366,13.657,13.366,13.657,122,0
20120229,13.743,14.154,13.423,14.154,2896,0
20120301,13.749,14.115,13.749,13.99,528,0
20120302,14.14,14.14,13.741,14.065,122,0
20120305,13.982,13.982,13.824,13.982,176,0
20120306,14.074,14.074,13.649,13.657,1090,0
20120307,13.532,14.515,13.532,14.515,86,0
20120308,14.515,14.515,13.949,13.99,302,0
20120309,13.99,13.99,13.741,13.949,135,0
20120312,14.024,14.024,13.741,13.741,61,0
20120313,13.741,13.982,13.532,13.982,278,0
20120314,13.99,13.99,13.99,13.99,1,0
20120315,13.99,13.99,13.907,13.907,182,0
20120316,13.99,13.99,13.99,13.99,1,0
20120319,13.907,13.907,13.333,13.741,1753,0
20120320,13.849,13.849,13.407,13.815,30,0
20120321,13.799,13.799,13.491,13.791,579,0
20120322,13.791,13.907,13.324,13.899,2266,0
20120323,13.882,14.157,13.416,14.157,2804,0
20120326,13.99,14.149,13.657,14.149,455,0
20120327,14.149,14.149,13.691,13.749,255,0
20120328,13.741,13.94,13.657,13.94,1665,0
20120329,13.907,13.907,13.741,13.741,602,0
20120330,13.889,14.026,13.487,13.99,1444,0
20120402,13.99,13.99,13.749,13.99,1297,0
20120403,13.99,13.99,13.99,13.99,2,0
20120404,13.743,13.825,13.743,13.825,90,0
20120405,13.743,14.072,13.743,14.072,3,0
20120410,13.741,13.741,13.741,13.741,218,0
20120411,13.741,13.741,13.574,13.741,2782,0
20120412,13.749,13.749,13.749,13.749,174,0
20120413,14.049,14.049,13.757,13.824,352,0
20120416,13.99,13.99,13.491,13.574,3711,0
20120417,13.578,13.798,13.322,13.798,155,0
20120418,13.799,13.807,13.799,13.799,330,0
20120419,13.807,13.807,13.799,13.807,992,0
20120420,13.807,13.807,13.732,13.732,1239,0
20120423,13.799,13.799,13.799,13.799,1,0
20120424,13.732,13.741,13.574,13.741,1210,0
20120425,13.799,13.799,13.799,13.799,2300,0
20120426,13.824,13.824,13.574,13.732,315,0
20120427,13.66,13.743,13.66,13.743,375,0
20120430,13.743,13.825,13.743,13.825,58,0
20120502,13.824,13.832,13.824,13.832,121,0
20120504,13.825,13.825,13.743,13.825,549,0
20120507,13.574,13.741,13.574,13.741,156,0
20120508,13.824,13.824,13.741,13.815,1513,0
20120509,13.816,13.816,13.596,13.743,992,0
20120510,13.798,13.816,13.615,13.816,2670,0
20120511,13.816,13.816,13.743,13.816,201,0
20120514,13.816,14.072,13.66,13.816,4857,0
20120515,13.862,14.575,13.862,14.044,4335,0
20120516,14.072,14.273,13.743,13.999,10523,0
20120517,14.172,14.172,13.889,13.898,1502,0
20120518,13.907,13.99,13.468,13.898,4517,0
20120521,13.615,14.172,13.615,13.898,5767,0
20120522,13.907,13.907,12.801,12.975,4259,0
20120523,12.581,12.655,12.088,12.088,1975,0
20120524,11.887,11.887,10.707,11.887,5798,0
20120525,11.887,12.024,11.795,11.795,789,0
20120528,11.704,11.704,10.963,11.192,3783,0
20120529,11.192,11.612,11.192,11.603,1868,0
20120530,11.603,11.603,11.42,11.603,1301,0
20120531,11.621,11.786,11.621,11.631,138,0
20120601,11.631,11.631,11.631,11.631,85,0
20120604,11.631,11.631,11.631,11.631,149,0
20120605,11.621,11.621,11.621,11.621,89,0
20120606,11.621,11.621,11.621,11.621,1,0
20120608,11.612,11.612,10.46,10.936,5799,0
20120611,11.109,11.109,10.698,10.744,1044,0
20120612,10.789,11.091,10.698,11.091,2860,0
20120613,11.091,11.612,11.091,11.603,606,0
20120614,11.868,11.877,11.868,11.877,441,0
20120615,12.207,12.207,12.069,12.079,349,0
20120618,12.106,12.801,12.106,12.325,1252,0
20120619,12.426,12.444,12.426,12.444,265,0
20120620,12.435,12.435,12.435,12.435,1,0
20120621,12.618,12.645,12.618,12.645,311,0
20120622,12.645,12.901,12.645,12.901,778,0
20120625,12.892,12.892,12.892,12.892,1,0
20120626,12.664,13.395,12.664,13.395,1750,0
20120627,13.542,13.542,12.664,13.029,2602,0
20120628,12.938,13.057,12.938,13.057,969,0
20120629,13.578,13.578,13.578,13.578,1,0
20120702,13.578,13.578,13.578,13.578,219,0
20120703,13.203,13.203,12.892,12.892,2303,0
20120704,13.066,13.066,13.066,13.066,1,0
20120705,12.975,12.975,12.975,12.975,2,0
20120706,12.975,12.975,12.975,12.975,190,0
20120709,12.984,12.984,12.984,12.984,8,0
20120710,12.984,12.984,12.984,12.984,365,0
20120711,12.801,13.258,12.801,13.029,1135,0
20120712,13.212,13.77,13.212,13.258,2562,0
20120716,13.359,13.359,13.359,13.359,1,0
20120717,13.167,13.167,13.167,13.167,46,0
20120718,13.185,13.185,13.185,13.185,21,0
20120719,12.984,12.984,12.746,12.746,1298,0
20120720,12.746,12.746,12.481,12.481,230,0
20120723,12.481,12.618,12.481,12.618,547,0
20120724,12.618,12.618,12.618,12.618,87,0
20120725,12.755,12.975,12.755,12.975,284,0
20120726,12.975,12.975,12.975,12.975,2,0
20120727,12.975,12.975,12.499,12.627,295,0
20120730,12.627,12.965,12.49,12.49,1399,0
20120802,12.408,12.408,12.408,12.408,2,0
20120803,12.435,12.892,12.435,12.892,121,0
20120806,12.892,12.892,12.883,12.883,2,0
20120807,12.883,12.883,12.883,12.883,2,0
20120808,12.883,12.883,12.883,12.883,2,0
20120809,12.883,12.883,12.883,12.883,2,0
20120810,12.883,12.883,12.883,12.883,214,0
20120813,12.901,12.901,12.892,12.892,126,0
20120816,12.408,12.883,12.408,12.883,219,0
20120817,12.883,12.883,12.883,12.883,2,0
20120820,12.892,12.892,12.435,12.435,132,0
20120821,12.453,12.481,12.453,12.481,2,0
20120822,12.435,12.892,12.426,12.892,400,0
20120823,12.892,12.892,12.892,12.892,2,0
20120824,12.892,12.892,12.892,12.892,2,0
20120827,12.892,12.892,12.892,12.892,2,0
20120828,12.892,12.892,12.417,12.801,726,0
20120829,12.801,12.801,12.801,12.801,231,0
20120830,12.847,12.929,12.847,12.847,2344,0
20120831,12.938,12.938,12.892,12.938,3938,0
20120903,12.984,12.984,12.947,12.947,339,0
20120904,12.947,13.158,12.947,13.158,12,0
20120905,13.075,13.167,13.075,13.167,44404,0
20120907,12.81,12.892,12.81,12.892,27,0
20120910,12.892,13.167,12.892,13.167,145,0
20120913,13.304,13.304,13.304,13.304,37,0
20120914,13.258,13.258,13.258,13.258,2,0
20120917,13.258,13.258,13.258,13.258,1,0
20120918,13.167,13.359,13.167,13.258,551,0
20120919,13.258,13.432,13.258,13.432,371,0
20120920,13.715,13.715,13.715,13.715,2351,0
20120921,13.843,13.843,13.843,13.843,164,0
20120924,13.715,13.852,13.715,13.852,180,0
20120925,13.98,13.98,13.715,13.962,392,0
20120926,13.99,13.99,13.715,13.715,232,0
20120927,13.715,13.715,13.66,13.66,187,0
20120928,13.258,13.487,13.194,13.487,979,0
20121001,13.715,13.98,13.715,13.98,220,0
20121002,13.468,13.624,13.45,13.624,854,0
20121003,13.532,13.624,13.304,13.624,791,0
20121004,13.798,13.798,13.715,13.77,766,0
20121005,13.715,13.743,13.715,13.743,132,0
20121008,13.807,13.807,13.304,13.587,522,0
20121009,13.587,13.587,13.139,13.258,1128,0
20121010,13.35,13.35,13.35,13.35,234,0
20121011,13.34,13.35,13.075,13.35,330,0
20121012,13.258,13.258,12.984,12.984,336,0
20121015,12.911,12.911,11.887,12.783,2736,0
20121017,12.353,12.847,12.353,12.792,115,0
20121018,12.792,12.792,12.792,12.792,83,0
20121022,12.801,12.984,12.536,12.536,140,0
20121023,12.984,12.984,12.984,12.984,1,0
20121024,12.984,12.984,12.984,12.984,1,0
20121026,12.984,12.984,12.792,12.847,221,0
20121029,12.618,12.618,12.536,12.572,220,0
20121030,12.572,12.572,12.572,12.572,97,0
20121031,12.572,12.984,12.572,12.984,608,0
20121102,13.002,13.002,12.892,12.892,778,0
20121105,12.892,12.892,12.892,12.892,110,0
20121106,12.892,12.892,12.892,12.892,110,0
20121107,12.892,12.984,12.892,12.984,221,0
20121108,12.984,12.984,12.984,12.984,2,0
20121109,12.984,12.984,12.892,12.984,16,0
20121112,12.984,12.984,12.801,12.801,173,0
20121113,12.801,12.984,12.801,12.984,117,0
20121114,12.984,13.212,12.984,13.212,1606,0
20121115,13.267,14.547,13.267,13.898,2692,0
20121116,13.898,14.099,13.898,13.898,970,0
20121119,14.054,14.054,13.898,13.898,242,0
20121120,13.715,13.715,13.715,13.715,164,0
20121121,13.898,13.898,13.898,13.898,131,0
20121122,13.898,13.898,13.898,13.898,66,0
20121123,13.898,13.935,13.807,13.935,2585,0
20121126,13.679,13.697,13.679,13.697,311,0
20121127,13.715,13.724,13.715,13.715,182,0
20121129,13.715,13.98,13.715,13.98,732,0
20121130,13.898,13.898,13.898,13.898,219,0
20121203,14.154,14.154,14.154,14.154,63,0
20121204,14.163,14.163,13.898,13.898,1592,0
20121205,13.898,14.438,13.898,14.438,4987,0
20121206,13.926,14.355,13.926,14.355,142,0
20121207,14.401,14.401,13.953,13.953,73,0
20121210,14.264,14.474,14.264,14.474,16952,0
20121211,14.447,15.361,14.447,15.352,12109,0
20121212,15.361,16.001,15.27,15.727,18505,0
20121213,15.635,15.69,15.407,15.69,13273,0
20121214,15.992,15.992,15.59,15.818,11275,0
20121217,16.093,16.093,15.27,15.27,1590,0
20121218,15.306,15.434,15.123,15.361,11908,0
20121219,15.763,16.093,15.178,16.093,15336,0
20121220,15.937,15.937,15.416,15.727,5021,0
20121221,15.818,16.001,15.818,16.001,1490,0
20121227,15.453,16.294,15.453,16.184,1358,0
20121228,16.285,16.449,15.818,15.818,6268,0
20130102,15.91,16.458,15.727,16.458,1363,0
20130103,16.641,16.641,16.294,16.458,515,0
20130104,16.55,16.824,16.504,16.733,3249,0
20130107,16.385,16.87,16.385,16.87,2568,0
20130108,16.915,16.915,16.55,16.55,604,0
20130109,16.55,16.55,16.358,16.367,1543,0
20130110,16.367,16.367,16.275,16.275,402,0
20130111,16.367,16.367,16.275,16.367,2407,0
20130114,16.367,16.367,16.184,16.184,1151,0
20130115,16.367,16.367,16.184,16.184,386,0
20130116,16.358,16.358,16.184,16.358,836,0
20130117,16.358,16.358,16.358,16.358,197,0
20130118,16.358,16.358,16.275,16.275,220,0
20130121,16.367,16.367,16.202,16.367,1308,0
20130122,16.367,16.367,16.202,16.202,98,0
20130123,16.367,16.367,15.864,15.864,931,0
20130124,15.873,15.873,15.297,15.672,3256,0
20130125,15.672,15.672,14.995,15.562,6727,0
20130128,15.581,15.581,15.581,15.581,90,0
20130129,15.581,15.581,15.581,15.581,1,0
20130130,15.581,15.581,15.178,15.581,142,0
20130131,15.59,15.773,15.453,15.773,550,0
20130201,15.818,16.047,15.818,16.047,525,0
20130204,15.553,16.138,15.553,16.138,551,0
20130205,16.266,16.266,15.974,15.974,110,0
20130206,15.974,16.367,15.974,15.974,271,0
20130207,16.349,16.349,16.349,16.349,1,0
20130208,16.358,16.367,16.358,16.367,110,0
20130211,16.367,16.449,16.367,16.449,199,0
20130212,16.458,16.458,16.458,16.458,1,0
20130213,16.458,16.458,15.928,16.047,1272,0
20130214,16.093,16.093,15.535,15.535,476,0
20130215,15.526,15.526,15.526,15.526,21,0
20130218,15.599,15.599,15.59,15.599,290,0
20130219,15.599,15.599,15.599,15.599,93,0
20130220,15.773,15.773,15.773,15.773,1,0
20130221,15.773,15.773,15.773,15.773,1,0
20130222,15.773,15.773,15.553,15.553,63,0
20130225,15.773,15.773,15.773,15.773,1,0
20130226,15.773,15.773,15.773,15.773,219,0
20130227,15.562,15.562,15.544,15.544,1102,0
20130228,15.77,16.45,15.76,16.45,1741,0
20130301,16.458,16.458,16.184,16.266,1957,0
20130304,16.458,16.458,16.367,16.367,83,0
20130305,16.458,16.458,16.394,16.394,121,0
20130306,16.385,16.385,16.175,16.175,213,0
20130307,16.175,16.55,16.175,16.55,13618,0
20130308,16.632,16.879,16.632,16.879,2415,0
20130311,16.879,16.879,16.641,16.778,1284,0
20130312,16.778,16.778,16.367,16.367,280,0
20130313,16.769,16.769,16.349,16.595,3081,0
20130314,16.714,16.906,16.367,16.367,1657,0
20130315,16.87,17.83,16.87,17.83,3227,0
20130318,18.653,18.68,17.556,17.921,1868,0
20130319,17.556,17.556,16.751,17.373,1488,0
20130320,17.647,17.647,16.65,17.299,1415,0
20130321,17.583,17.583,16.915,17.281,2822,0
20130322,17.281,18.013,17.281,17.464,7260,0
20130325,17.83,17.921,17.382,17.391,4696,0
20130326,17.821,17.821,16.742,17.318,1412,0
20130327,17.318,17.318,17.318,17.318,1,0
20130328,17.309,17.309,17.299,17.309,167,0
20130402,17.281,17.4,17.281,17.4,657,0
20130403,17.464,17.812,17.464,17.775,254,0
20130404,17.373,17.373,17.309,17.363,1423,0
20130405,17.373,17.373,17.345,17.345,526,0
20130408,17.354,17.354,17.345,17.345,232,0
20130409,17.363,17.363,17.281,17.281,294,0
20130410,17.363,17.363,17.299,17.345,335,0
20130411,17.373,17.373,17.336,17.345,351,0
20130412,17.373,17.373,16.961,16.961,5897,0
20130415,17.318,17.318,16.669,16.998,4239,0
20130417,17,17.06,16.96,17.01,1128,0
20130418,17.181,17.327,17.162,17.327,1619,0
20130419,17.363,17.363,16.989,17.281,222,0
20130422,17.281,17.281,17.281,17.281,1,0
20130423,17.272,17.272,16.961,16.961,1597,0
20130424,16.961,17.272,16.961,17.272,2,0
20130425,17.336,17.336,17.19,17.336,996,0
20130426,17.36,17.36,17.19,17.19,938,0
20130429,17.208,17.208,17.208,17.208,260,0
20130430,17.33,17.34,16.72,16.72,3003,0
20130502,16.78,17.1,16.78,17.1,225,0
20130506,16.979,17.19,16.979,17.19,2368,0
20130507,17.19,17.19,17.05,17.19,2041,0
20130508,17.19,17.22,17.19,17.22,596,0
20130509,17.24,17.28,17.22,17.28,1312,0
20130510,17.28,17.28,17.23,17.23,1357,0
20130513,17.26,17.28,17.24,17.28,2954,0
20130514,17.28,17.29,17.25,17.29,13487,0
20130515,17.37,17.65,17.3,17.59,9003,0
20130516,17.57,17.57,17.19,17.28,9536,0
20130517,17.28,17.28,16.73,17.08,17526,0
20130520,17.28,17.28,17,17,4349,0
20130521,16.99,16.99,16.3,16.3,9177,0
20130522,16.29,16.98,15.88,16.02,5151,0
20130523,16.02,16.02,15.72,15.8,1824,0
20130524,15.6,16.87,15.6,16.69,3669,0
20130527,16.44,16.68,16.44,16.5,199,0
20130528,16.5,16.5,16.06,16.4,1627,0
20130529,16.4,16.4,15.92,15.92,1948,0
20130531,15.93,16.14,15.27,15.8,3915,0
20130603,15.8,15.99,15.8,15.99,120,0
20130604,16,16.5,16,16.5,5734,0
20130605,16.32,16.82,16.3,16.8,3784,0
20130606,16.79,16.79,16.7,16.7,719,0
20130607,16.7,16.7,16.6,16.7,365,0
20130610,16.3,16.67,16.3,16.67,1924,0
20130611,16.67,16.67,16.65,16.65,2,0
20130612,16.6,16.67,16.5,16.67,423,0
20130613,16.8,17.15,16.45,17.15,1985,0
20130614,17.15,17.15,17.01,17.13,15089,0
20130617,17.15,17.15,17.02,17.1,1274,0
20130618,17.2,17.2,16.7,16.7,739,0
20130619,16.7,16.7,15.65,16.65,2599,0
20130620,16.6,16.6,16.5,16.5,266,0
20130621,16.05,16.4,15.76,16,1574,0
20130625,16.2,16.2,16.2,16.2,9,0
20130626,15.89,16.2,15.75,16.2,1230,0
20130627,15.65,16.2,15.65,16.2,685,0
20130628,16.2,16.2,16.2,16.2,38,0
20130701,16.19,16.2,16.19,16.2,60,0
20130702,16,16,15.8,15.8,1240,0
20130703,15.8,15.8,15.6,15.7,1487,0
20130704,15.7,15.7,15.7,15.7,1012,0
20130705,15.8,16.7,15.8,16.7,4232,0
20130708,17.1,17.1,16.6,16.6,777,0
20130709,16.9,16.9,16.69,16.69,2,0
20130710,16.65,17,16.64,16.65,4078,0
20130711,16.7,17,16.7,17,6352,0
20130712,16.89,17,16.4,17,4021,0
20130715,17,17,17,17,2,0
20130716,16.6,16.99,16.44,16.94,356,0
20130717,16.89,16.89,16.89,16.89,34,0
20130718,16.9,16.9,16.85,16.85,290,0
20130719,16.9,16.9,16.89,16.89,2,0
20130722,16.94,16.94,16.2,16.63,655,0
20130723,16.63,17,16.01,17,1151,0
20130724,17,17,16.99,17,1002,0
20130725,17,17.75,16.81,16.81,14976,0
20130726,17.5,17.5,17,17.49,117,0
20130729,17,17,17,17,706,0
20130730,17.3,17.3,17.3,17.3,2,0
20130731,17.3,17.3,17.01,17.28,3162,0
20130801,17.3,17.3,17.3,17.3,1,0
20130802,17.3,17.3,17.3,17.3,1,0
20130805,17.01,17.62,17.01,17.6,1486,0
20130806,17.6,17.73,17.6,17.7,1269,0
20130807,17.8,18,17.7,18,2150,0
20130808,18,18,17.52,18,1561,0
20130809,18,18,17.9,18,1231,0
20130812,18,18.9,18,18.9,3894,0
20130813,18.9,19.5,18.9,19.3,16101,0
20130814,19.27,21.19,19.27,21.19,10510,0
20130816,21.49,22.91,20.05,20.05,5361,0
20130819,20,20,19.38,19.4,278,0
20130820,19.65,19.65,18.33,19.51,1799,0
20130821,19,19.16,19,19.16,5462,0
20130822,19.19,20,19.19,20,516,0
20130823,19.74,20.4,19.74,20.4,2344,0
20130826,20.35,21,20.35,20.95,4856,0
20130827,20.95,20.95,20.5,20.95,1460,0
20130828,20.94,20.94,20.94,20.94,2,0
20130829,20.8,20.96,20.1,20.96,1623,0
20130830,20.5,21,19.5,21,11208,0
20130902,20.1,20.3,19.95,20.27,2505,0
20130903,20.2,20.2,20.2,20.2,1,0
20130904,20.1,20.1,19.4,19.94,355,0
20130905,20,20,19.33,19.99,112,0
20130906,19.59,19.59,19.49,19.49,81,0
20130909,19.45,19.45,18.85,19.29,122,0
20130910,19.29,19.29,19.29,19.29,26,0
20130911,19.29,19.29,18.81,18.82,246,0
20130912,19.3,19.3,18.71,18.76,702,0
20130913,19.3,19.3,18.75,19.3,635,0
20130916,19.3,19.3,18.9,19.29,319,0
20130917,19.29,19.29,18.72,19.2,206,0
20130918,19.18,19.18,18.05,18.05,745,0
20130919,18.21,18.69,18.21,18.5,559,0
20130920,18.6,18.6,18.6,18.6,140,0
20130923,18.68,18.68,18.51,18.51,511,0
20130924,18.67,18.67,18.51,18.51,151,0
20130925,18.71,19.2,18.65,19.2,1642,0
20130926,18.77,19.2,18.77,19.2,3374,0
20130927,19.4,20,18.76,20,2140,0
20130930,20.1,21.2,20.06,21.2,4238,0
20131001,21.5,21.5,20.02,20.02,1171,0
20131002,20.08,20.3,20.08,20.3,227,0
20131003,20.37,20.5,20.37,20.5,423,0
20131004,20.6,20.6,20.6,20.6,99,0
20131007,20.7,20.7,20.7,20.7,663,0
20131008,20.8,20.8,20.1,20.52,365,0
20131009,20.53,20.54,19.77,19.8,1064,0
20131010,20.36,20.36,19.79,19.82,1334,0
20131011,20,20,18.11,19.98,2635,0
20131014,19.74,19.74,18.83,19.73,367,0
20131015,19.5,19.5,19.5,19.5,53,0
20131016,19.5,19.5,18.95,19.34,698,0
20131017,19.34,19.35,19.34,19.35,3843,0
20131018,19.5,20,19.3,20,8081,0
20131021,20,20.38,19.85,20.38,2107,0
20131022,20.38,20.49,19.9,20.38,2395,0
20131023,20.37,20.37,20.2,20.3,1501,0
20131024,20.3,20.3,20,20,2,0
20131025,20,20,19,19.25,2724,0
20131028,19.25,19.44,19.18,19.44,856,0
20131029,19.45,19.92,19.19,19.44,4922,0
20131030,19.46,19.55,19.06,19.4,4190,0
20131031,19.54,19.54,18.95,19.48,5686,0
20131104,19.48,20.01,19.48,20,4137,0
20131105,20.54,20.54,20,20,7693,0
20131106,20,20,19.8,19.8,571,0
20131107,20.1,20.1,19.99,19.99,81,0
20131108,19.25,19.69,19.24,19.4,676,0
20131112,19.2,19.2,19.2,19.2,290,0
20131113,19.5,20.19,19.39,20.19,551,0
20131114,19.99,19.99,19.93,19.93,2,0
20131115,19.01,19.01,17.3,18.7,11006,0
20131118,18.69,18.7,18,18.48,3946,0
20131119,17.8,18.47,17.35,17.99,8631,0
20131120,17.9,17.9,17.43,17.85,1255,0
20131121,17.75,17.75,17.35,17.4,911,0
20131122,17.88,17.88,16.35,16.7,4916,0
20131125,16.99,16.99,16.21,16.67,4929,0
20131126,16.91,16.92,16.34,16.92,1173,0
20131127,16.96,17,16.44,16.44,3955,0
20131128,17,17,16.18,16.18,1955,0
20131129,16.49,16.49,16,16.49,1492,0
20131202,16.5,16.55,16.17,16.17,801,0
20131203,16.47,16.47,16,16.2,2474,0
20131204,16.2,16.2,15.21,15.4,2177,0
20131205,15.45,15.7,15.45,15.69,915,0
20131206,15.87,15.87,15.5,15.5,122,0
20131209,15.5,15.89,15.43,15.89,1369,0
20131210,16,16,15.37,15.67,1513,0
20131211,15.78,15.82,15.45,15.82,1098,0
20131212,15.82,15.82,15.16,15.7,2352,0
20131213,15.78,15.78,15.23,15.56,208,0
20131216,15.77,15.77,15.62,15.62,1503,0
20131217,15.79,16,15.6,16,2455,0
20131218,16,16.29,16,16.29,2428,0
20131219,16.29,16.29,15.68,15.68,3405,0
20131220,15.68,16,15.53,16,2036,0
20131223,16,16.19,16,16,9970,0
20131227,16,16,16,16,1651,0
20131230,16,16.19,15.8,16,2340,0
20140102,16.01,16.35,15.15,15.15,5343,0
20140103,15.6,15.6,15.5,15.6,636,0
20140107,15.62,15.68,15.5,15.68,775,0
20140108,15.68,15.68,15.68,15.68,101,0
20140109,15.7,15.7,15.7,15.7,138,0
20140110,15.72,15.72,15.23,15.23,887,0
20140113,15.7,15.71,15.15,15.15,2147,0
20140114,15.71,15.71,15.21,15.3,371,0
20140115,15.7,15.7,14.7,14.7,3593,0
20140116,14.97,14.97,14.49,14.49,5458,0
20140117,14.86,14.86,14.5,14.51,878,0
20140120,14.6,14.6,13.62,13.83,10107,0
20140121,14.29,14.29,13.67,13.67,3535,0
20140122,13.67,13.97,13.67,13.87,1905,0
20140123,14.25,14.25,13.86,14.09,2490,0
20140124,14.29,14.29,13.85,13.85,1167,0
20140127,14.29,14.29,14.24,14.24,149,0
20140128,14.25,14.25,14.25,14.25,122,0
20140129,14.25,14.33,13.75,14.26,3035,0
20140130,14.25,14.3,14.24,14.3,362,0
20140131,14.5,14.67,13.49,14.29,3908,0
20140203,14.37,14.8,14.37,14.8,1421,0
20140204,14.99,14.99,13.99,14.9,5373,0
20140205,14.98,14.99,14.4,14.44,3089,0
20140206,14.5,14.5,14.47,14.47,206,0
20140207,14.48,14.48,14.33,14.34,517,0
20140210,14.47,14.47,13.99,13.99,1047,0
20140211,13.99,13.99,13.65,13.79,2219,0
20140212,13.8,14.1,13.8,14.1,861,0
20140213,14.11,14.3,14.09,14.1,2681,0
20140214,14.1,14.3,13.79,13.79,8821,0
20140217,14.21,14.21,13.84,13.84,3050,0
20140218,14.14,15.55,13.9,15.5,77309,0
20140219,15.49,16.7,15.3,16.2,9527,0
20140220,16.2,16.2,16,16.06,28292,0
20140221,16.15,16.3,16,16.21,2801,0
20140224,16.3,16.3,15.91,15.91,2112,0
20140225,16.2,16.86,16.2,16.55,11455,0
20140226,16.6,16.87,16.38,16.38,6484,0
20140227,16.6,16.89,16.6,16.74,2798,0
20140228,16.79,16.79,16.75,16.75,3473,0
20140303,16.7,16.7,15.2,15.74,7539,0
20140304,15.75,16.25,15.75,16.19,3089,0
20140305,16.31,16.38,16.19,16.22,896,0
20140306,16.19,16.21,15.99,16,603,0
20140307,15.98,15.98,15.21,15.25,7048,0
20140310,15.74,15.74,14.8,14.8,7817,0
20140311,15.38,15.38,14.49,14.49,4230,0
20140312,14.68,14.68,13.95,13.95,3957,0
20140313,13.9,14.15,13.82,13.82,5625,0
20140314,13.83,14.14,13.05,13.62,7226,0
20140317,13.65,13.99,13.6,13.6,8669,0
20140318,14,14.08,13.45,13.45,9035,0
20140319,13.6,13.8,13.28,13.28,12845,0
20140320,13.29,13.34,13.1,13.2,3942,0
20140321,13.35,13.51,13.2,13.2,5440,0
20140324,13.11,14.11,13.11,14.1,7632,0
20140325,14.1,14.26,14,14.15,13509,0
20140326,14.28,14.32,14.1,14.1,31832,0
20140327,14.25,14.25,14.1,14.15,5327,0
20140328,14.15,14.23,14,14,1959,0
20140331,14.25,14.5,14.25,14.49,3390,0
20140401,14.5,14.89,14.5,14.7,1070,0
20140402,14.89,14.92,14.7,14.7,2607,0
20140403,14.92,14.92,14.75,14.75,380,0
20140404,14.75,14.75,13.99,14.51,612,0
20140407,14,14,13.97,13.97,140,0
20140408,13.97,13.97,13.97,13.97,1,0
20140409,14,14,14,14,943,0
20140410,14.14,14.15,14,14,400,0
20140411,14,14,13.95,13.95,175,0
20140414,13.62,13.62,13.6,13.6,854,0
20140415,13.99,13.99,13.62,13.62,575,0
20140416,13.55,13.7,13.5,13.5,745,0
20140417,13.7,13.9,13.7,13.9,248,0
20140422,13.9,13.9,13.9,13.9,1,0
20140423,13.99,14,13.7,14,1002,0
20140424,13.5,14.04,13.5,14,2165,0
20140425,14,14.3,13.7,14.28,3281,0
20140428,14.3,14.3,14.3,14.3,1,0
20140429,14.28,14.5,14.11,14.43,2922,0
20140430,14.52,14.6,14.3,14.6,3456,0
20140502,14.7,14.77,14.01,14.01,1410,0
20140505,14.6,14.6,14.3,14.6,1037,0
20140506,14.59,14.6,14.59,14.6,861,0
20140507,14.59,14.59,14.59,14.59,1,0
20140508,14.55,14.55,14.55,14.55,200,0
20140509,14.55,14.55,14.01,14.5,3329,0
20140512,14.55,14.59,14.3,14.3,556,0
20140513,14.59,14.59,14.06,14.58,1022,0
20140514,14.59,15,14.59,15,1501,0
20140515,15,15.49,14.99,15.15,3277,0
20140516,13.99,13.99,12.85,12.91,24353,0
20140519,13.35,13.35,12.91,13.08,3947,0
20140520,12.98,12.98,12.89,12.9,2098,0
20140521,12.9,13.5,12.81,13,4988,0
20140522,13.05,13.05,12.72,12.72,919,0
20140523,12.72,12.76,12.62,12.62,2452,0
20140526,12.63,12.95,12.62,12.62,759,0
20140527,12.62,13.04,12.62,13,873,0
20140528,13.05,13.19,12.74,12.74,10070,0
20140529,12.64,12.73,12.62,12.63,3283,0
20140530,12.62,12.74,12.62,12.72,1134,0
20140602,12.73,12.98,12.69,12.69,1651,0
20140603,12.62,12.75,12.62,12.75,381,0
20140604,12.98,12.98,12.78,12.78,729,0
20140605,12.81,12.81,12.78,12.78,3900,0
20140606,12.79,12.8,12.69,12.69,2066,0
20140609,12.97,13.4,12.97,13.4,753,0
20140610,13.37,13.37,12.89,12.89,1171,0
20140611,12.91,12.91,12.61,12.61,2648,0
20140612,13.27,13.27,12.62,12.62,1685,0
20140613,12.61,12.61,12.3,12.59,1084,0
