Date,Open,High,Low,Close,Volume,OpenInt
20060804,2.4577,2.5862,2.3613,2.5461,6659602,0
20060807,2.538,2.5461,2.5139,2.5461,915630,0
20060808,2.5461,2.5541,2.538,2.5541,845556,0
20060809,2.5461,2.5702,2.53,2.5541,1005555,0
20060810,2.5541,2.5621,2.538,2.5461,323194,0
20060811,2.5461,2.5541,2.538,2.5461,209690,0
20060814,2.53,2.5461,2.53,2.5461,415517,0
20060816,2.5461,2.5461,2.522,2.53,276035,0
20060817,2.53,2.538,2.53,2.53,317066,0
20060818,2.522,2.53,2.4497,2.53,547007,0
20060821,2.53,2.53,2.5139,2.53,492919,0
20060822,2.5059,2.53,2.5059,2.5139,186110,0
20060823,2.5059,2.53,2.4979,2.522,518897,0
20060824,2.5139,2.5702,2.5139,2.5702,1746265,0
20060825,2.5541,2.6183,2.5541,2.5943,1467300,0
20060828,2.6103,2.6585,2.6103,2.6585,1055646,0
20060829,2.6344,2.8432,2.6344,2.8432,994098,0
20060830,2.779,2.779,2.6987,2.7388,100982,0
20060831,2.779,2.779,2.7067,2.7308,257783,0
20060901,2.7629,2.8111,2.7308,2.795,822242,0
20060904,2.779,2.8272,2.771,2.8272,90990,0
20060905,2.8272,2.8914,2.779,2.8914,495317,0
20060906,2.8914,2.8914,2.8513,2.8673,46494,0
20060907,2.8673,2.8673,2.7549,2.8272,63280,0
20060908,2.8272,2.8432,2.8272,2.8272,103513,0
20060911,2.8272,2.8352,2.8272,2.8352,23447,0
20060912,2.8272,2.8513,2.8111,2.8191,149608,0
20060913,2.795,2.8191,2.795,2.8111,141881,0
20060914,2.8111,2.8111,2.795,2.8111,51423,0
20060915,2.8111,2.8111,2.8111,2.8111,53289,0
20060918,2.8111,2.8111,2.795,2.795,4530,0
20060919,2.8111,2.8111,2.7549,2.787,150007,0
20060920,2.787,2.787,2.7067,2.7308,134420,0
20060921,2.7308,2.7308,2.6264,2.7308,183179,0
20060922,2.7308,2.7308,2.6344,2.7228,24646,0
20060925,2.6987,2.7147,2.6987,2.7147,23580,0
20060926,2.7147,2.7147,2.6987,2.6987,41565,0
20060927,2.6906,2.7147,2.6665,2.7067,1062174,0
20060928,2.6987,2.7067,2.6987,2.7067,5061,0
20060929,2.7388,2.771,2.7067,2.771,66477,0
20061002,2.779,2.8111,2.6987,2.6987,208358,0
20061003,2.6906,2.7388,2.6906,2.6987,305743,0
20061004,2.779,2.779,2.6906,2.7308,164795,0
20061005,2.779,2.779,2.6987,2.7629,32906,0
20061006,2.771,2.8432,2.6987,2.8352,613218,0
20061009,2.8432,2.8513,2.779,2.8191,512902,0
20061010,2.779,2.8191,2.779,2.8191,208358,0
20061011,2.779,2.8432,2.779,2.8432,43430,0
20061012,2.8432,2.8513,2.8272,2.8513,891517,0
20061013,2.8513,2.9075,2.8513,2.9075,624540,0
20061016,2.9075,2.9155,2.8432,2.9075,244461,0
20061017,2.8673,2.9477,2.8513,2.9477,112039,0
20061018,2.8834,2.9798,2.8834,2.9798,246060,0
20061019,2.9798,2.9798,2.9155,2.9236,52756,0
20061020,2.9477,2.9717,2.9236,2.9557,60749,0
20061023,2.9236,2.9798,2.9236,2.9316,2080385,0
20061024,2.8754,2.9316,2.8754,2.9236,50224,0
20061025,2.8272,2.9236,2.8272,2.8914,206093,0
20061026,2.8593,2.8995,2.8272,2.8995,24380,0
20061027,2.9316,2.9316,2.779,2.8513,71540,0
20061030,2.8914,2.9155,2.8352,2.8914,122830,0
20061031,2.9155,2.9236,2.8352,2.8834,181714,0
20061102,2.8834,2.9155,2.8513,2.8914,99250,0
20061103,2.8513,2.9155,2.8513,2.9155,66611,0
20061106,2.9236,2.9236,2.8914,2.8914,37302,0
20061107,2.8914,2.9236,2.8914,2.8995,101648,0
20061108,2.8995,2.8995,2.8593,2.8995,138683,0
20061109,2.9236,2.9236,2.8673,2.8995,81264,0
20061110,2.8754,2.8995,2.8513,2.8995,116968,0
20061113,2.8995,2.8995,2.779,2.8673,147476,0
20061114,2.9075,2.9075,2.8191,2.8513,304544,0
20061115,2.8191,2.8272,2.7067,2.8272,76336,0
20061116,2.7228,2.8191,2.7147,2.7629,126427,0
20061117,2.7388,2.8111,2.6906,2.779,279232,0
20061120,2.787,2.787,2.5782,2.6987,166793,0
20061121,2.6746,2.779,2.6344,2.7147,1779837,0
20061122,2.779,2.8352,2.6906,2.8272,1298907,0
20061123,2.8432,2.8673,2.8111,2.8432,82997,0
20061124,2.8432,2.8432,2.787,2.8432,231539,0
20061127,2.8352,2.8432,2.7469,2.8352,30508,0
20061128,2.8352,2.8352,2.7469,2.771,55553,0
20061129,2.8031,2.8031,2.771,2.8031,40899,0
20061130,2.8031,2.8191,2.7388,2.8111,1373246,0
20061201,2.8191,2.8432,2.7629,2.8432,235402,0
20061204,2.787,2.8432,2.779,2.8432,53289,0
20061205,2.8513,2.8513,2.8031,2.8272,44762,0
20061206,2.771,2.8995,2.771,2.8995,281363,0
20061207,2.9155,2.9155,2.795,2.8513,74870,0
20061208,2.779,2.8513,2.779,2.8513,42631,0
20061211,2.8914,2.8914,2.8031,2.8031,17585,0
20061212,2.8754,2.8754,2.8031,2.8673,372753,0
20061213,2.8914,2.9236,2.8111,2.9155,189707,0
20061214,2.9155,2.9236,2.8673,2.8914,46228,0
20061215,2.8754,2.9155,2.8352,2.8593,596698,0
20061218,2.8513,2.9798,2.8513,2.9477,2832819,0
20061219,2.9717,3.0039,2.9236,2.9637,1486617,0
20061220,2.9316,2.9557,2.8995,2.9316,5633931,0
20061221,2.9477,2.9477,2.8995,2.9075,26111,0
20061222,2.9075,2.9637,2.9075,2.9236,90591,0
20061227,2.9316,3.1886,2.9316,3.1725,2972168,0
20061228,3.1404,3.2127,3.044,3.0681,760427,0
20061229,3.0922,3.1163,3.0199,3.0199,70074,0
20070102,3.028,3.1083,3.028,3.028,33705,0
20070103,3.028,3.1565,3.028,3.1565,343178,0
20070104,3.1484,3.1806,3.0601,3.1484,50891,0
20070105,3.1484,3.1484,3.0681,3.0762,142947,0
20070108,3.0762,3.1404,3.0762,3.1163,32240,0
20070109,3.1484,3.1484,3.0762,3.1243,91523,0
20070110,3.1484,3.1484,3.0681,3.0681,37968,0
20070111,3.1163,3.1484,3.1163,3.1484,45162,0
20070112,3.1565,3.3251,3.1484,3.301,202763,0
20070115,3.301,3.5179,3.285,3.4135,65012,0
20070116,3.4537,3.5018,3.4296,3.4777,46228,0
20070117,3.4938,3.5018,3.4135,3.4777,41832,0
20070118,3.4777,3.5661,3.4777,3.5661,131090,0
20070119,3.5661,3.5982,3.4938,3.5581,88459,0
20070122,3.5822,3.6063,3.2288,3.4858,73139,0
20070123,3.542,3.5581,3.5259,3.542,392070,0
20070124,3.5581,3.6785,3.542,3.6785,13224483,0
20070125,3.8633,3.8874,3.7107,3.8151,30508,0
20070126,3.8472,3.8472,3.6785,3.8151,894048,0
20070129,3.807,3.8633,3.7107,3.8472,3334131,0
20070130,3.8633,3.9195,3.8231,3.8472,19184,0
20070131,3.9195,3.9195,3.7669,3.8151,1392296,0
20070201,3.8874,3.8954,3.791,3.8633,108842,0
20070202,3.8954,3.9115,3.791,3.9115,138550,0
20070205,3.9034,4.056,3.8954,4.0239,63147,0
20070206,4.0239,4.0239,3.9275,3.9516,29442,0
20070207,3.9757,3.9757,3.8552,3.9115,33172,0
20070208,3.9034,3.9034,3.791,3.8392,2847207,0
20070209,3.6063,3.8311,3.6063,3.8231,52489,0
20070212,3.6785,3.7749,3.6143,3.7508,1777173,0
20070213,3.7508,3.799,3.7187,3.791,1327284,0
20070214,3.8633,3.9034,3.7428,3.7428,23314,0
20070215,3.7348,3.8392,3.7348,3.8392,120832,0
20070216,3.7267,3.8552,3.7267,3.8552,26777,0
20070219,3.8552,3.9034,3.791,3.8552,9857,0
20070220,3.8552,3.8552,3.783,3.8392,299082,0
20070221,3.9034,3.9034,3.799,3.799,5329,0
20070222,3.7669,3.8552,3.7508,3.7508,74737,0
20070223,3.7267,3.8231,3.6223,3.7508,31973,0
20070226,3.807,3.8552,3.7508,3.799,63280,0
20070227,3.791,3.8633,3.6384,3.6384,77667,0
20070228,3.3814,3.6866,3.301,3.6866,52489,0
20070301,3.7428,3.7428,3.6143,3.6143,1364453,0
20070302,3.6063,3.6384,3.5661,3.6063,19582,0
20070305,3.5902,3.6063,3.4858,3.5982,5595,0
20070306,3.542,3.5902,3.3894,3.5902,117901,0
20070307,3.5902,3.7187,3.5661,3.6705,55020,0
20070308,3.7187,3.7508,3.6785,3.7508,91257,0
20070309,3.8472,3.8472,3.7428,3.7669,31174,0
20070312,3.8552,3.8552,3.7669,3.7749,35570,0
20070313,3.6544,3.7508,3.6143,3.6143,54754,0
20070314,3.534,3.7508,3.4777,3.7508,115103,0
20070315,3.6464,3.791,3.6464,3.791,124562,0
20070316,3.8231,3.8954,3.7508,3.8954,63680,0
20070319,3.8633,3.9034,3.7589,3.8633,77933,0
20070320,3.8472,4.0239,3.8151,3.9757,97784,0
20070321,3.9757,3.9757,3.8633,3.9115,48226,0
20070322,3.8954,4.0319,3.8954,4.0319,135220,0
20070323,3.9757,4.3773,3.9516,4.3773,216618,0
20070326,4.313,4.5058,4.2086,4.4897,150007,0
20070327,4.4897,4.7307,4.3612,4.5942,113505,0
20070328,4.5942,4.6263,4.4094,4.5861,216351,0
20070329,4.6504,4.6504,4.4657,4.6102,1193930,0
20070330,4.5138,4.6102,4.4255,4.6022,77267,0
20070402,4.3612,4.554,4.3612,4.554,71007,0
20070403,4.5379,4.5379,4.4576,4.5379,32639,0
20070404,4.4737,4.5379,4.3934,4.5058,120832,0
20070405,4.4255,4.5058,4.4175,4.4897,73005,0
20070410,4.4094,4.6263,4.3612,4.6183,152405,0
20070411,4.6183,4.6343,4.5219,4.6022,178517,0
20070412,4.5781,4.6343,4.4657,4.6102,35170,0
20070413,4.6102,4.7146,4.5058,4.7146,143080,0
20070416,4.7146,4.9556,4.7146,4.8753,297616,0
20070417,4.803,4.9797,4.803,4.9797,64612,0
20070418,5.0198,5.068,4.9235,4.9797,144145,0
20070419,5.0279,5.0279,4.803,4.9556,82864,0
20070420,5.1082,5.558,5.1082,5.3331,232871,0
20070423,5.5098,5.9676,5.2608,5.2608,217417,0
20070424,5.4375,5.4375,5.0359,5.1805,1733210,0
20070425,5.2447,5.3411,5.1082,5.1403,173587,0
20070426,5.2447,5.2528,5.1483,5.2528,6928,0
20070427,5.2528,5.2528,5.1082,5.1403,171722,0
20070430,5.1082,5.1403,4.8753,5.1082,227009,0
20070502,5.1805,5.4134,5.1082,5.2688,165194,0
20070504,5.3652,5.3732,5.2769,5.3411,439364,0
20070507,5.3572,5.4937,5.2528,5.2849,294286,0
20070508,5.2769,5.4696,5.1885,5.2046,18118,0
20070509,5.2769,5.3893,5.2046,5.2528,97918,0
20070510,5.2929,5.2929,5.1965,5.2769,17852,0
20070511,5.0359,5.1805,4.9877,5.1323,100316,0
20070514,5.2528,5.3331,5.1403,5.2528,109108,0
20070515,5.1082,5.1082,4.8994,5.0198,215019,0
20070516,4.9717,5.0118,4.5701,4.6504,371421,0
20070517,4.5219,4.6986,4.5058,4.6263,352770,0
20070518,4.5781,4.6504,4.5299,4.6263,407924,0
20070521,4.7227,4.7227,4.5219,4.6102,29975,0
20070522,4.6183,4.6183,4.546,4.6102,75137,0
20070523,4.6183,4.7066,4.5219,4.6183,66078,0
20070524,4.6986,4.7227,4.6183,4.7227,121098,0
20070525,4.7227,4.819,4.6986,4.7548,76735,0
20070528,4.8431,4.8431,4.7628,4.8271,24912,0
20070529,4.8351,4.8351,4.6986,4.8271,89125,0
20070530,4.8271,4.8271,4.6504,4.7307,87526,0
20070531,4.7307,4.8351,4.7227,4.819,106044,0
20070601,4.7548,4.819,4.7387,4.803,123763,0
20070604,4.7628,4.8753,4.6102,4.8431,116702,0
20070605,4.6905,4.9717,4.6905,4.8753,84329,0
20070606,4.8753,4.9154,4.811,4.8431,737247,0
20070608,4.6986,4.8833,4.6986,4.8833,649852,0
20070611,4.8994,5.1885,4.8753,5.1403,51956,0
20070612,5.1082,5.1323,5.052,5.1082,45162,0
20070613,5.0279,5.1965,5.0279,5.1403,430172,0
20070614,5.2367,5.3331,5.1403,5.3331,662377,0
20070615,5.3331,5.3331,5.2126,5.2447,69675,0
20070618,5.2447,5.309,5.1805,5.2929,215952,0
20070619,5.2929,5.317,5.2849,5.2849,124296,0
20070620,5.2608,5.2849,5.2528,5.2849,382079,0
20070621,5.2608,5.2849,5.2528,5.2528,56486,0
20070622,5.2528,5.2929,5.1162,5.2929,187975,0
20070625,5.2929,5.558,5.2849,5.5098,123896,0
20070626,5.558,5.6303,5.5258,5.6142,399797,0
20070627,5.6222,5.6222,5.3652,5.5339,212621,0
20070628,5.5017,5.558,5.3893,5.5017,1111332,0
20070629,5.4054,5.5339,5.4054,5.5017,729653,0
20070702,5.4214,5.4375,5.3331,5.4375,24779,0
20070703,5.4696,5.4696,5.3652,5.4295,24380,0
20070704,5.4295,5.4295,5.3491,5.3973,11723,0
20070705,5.3572,5.4054,5.2688,5.4054,35304,0
20070706,5.3652,5.4054,5.2849,5.3893,75936,0
20070709,5.3893,5.3973,5.2929,5.2929,30374,0
20070710,5.3893,5.3893,5.1805,5.1805,145078,0
20070711,5.2447,5.325,5.0761,5.0761,36769,0
20070712,5.1805,5.2528,4.8753,5.2528,103646,0
20070713,5.2447,5.3813,5.0761,5.2528,126693,0
20070716,5.1403,5.3652,4.9556,5.0279,1423870,0
20070717,5.1403,5.1403,4.9154,5.0279,676098,0
20070718,5.0279,5.0841,4.9235,5.0118,35970,0
20070719,5.1805,5.3652,5.1724,5.1724,173987,0
20070720,5.1724,5.1805,4.9556,5.1724,1455177,0
20070723,5.1885,5.1885,4.9717,5.0921,84329,0
20070724,4.9556,5.2447,4.9556,5.0038,780411,0
20070725,4.9315,5.0038,4.9154,4.9315,28243,0
20070726,4.9877,5.0038,4.6905,4.8753,90591,0
20070727,4.7709,4.8753,4.6423,4.795,85528,0
20070730,4.8753,5.068,4.803,4.9556,49558,0
20070731,5.0921,5.1082,4.9556,4.9556,156667,0
20070801,4.9154,4.9154,4.6905,4.819,114970,0
20070802,4.9476,4.9797,4.4576,4.4978,156719,0
20070803,4.7789,4.7789,4.0641,4.1685,333047,0
20070806,3.9356,4.0801,3.7348,3.8472,283816,0
20070807,3.7589,3.9757,3.7026,3.9757,411148,0
20070808,4.1926,4.1926,3.8552,3.9757,88744,0
20070809,3.9998,4.1203,3.6544,3.6625,132687,0
20070810,3.6143,3.6143,3.3412,3.4537,227614,0
20070813,3.4135,3.7267,3.2288,3.4537,78338,0
20070814,3.3733,3.3733,2.8191,2.9717,315249,0
20070816,2.6906,2.6987,2.2489,2.538,735654,0
20070817,2.4497,2.6906,2.3131,2.6103,446822,0
20070820,2.795,2.8111,2.6585,2.7067,201259,0
20070821,2.787,2.787,2.5541,2.6987,189969,0
20070822,2.8111,2.9316,2.7308,2.8754,306425,0
20070823,2.9717,3.1243,2.8914,2.9557,596809,0
20070824,2.9396,3.0922,2.9316,3.044,164693,0
20070827,3.1324,3.3733,3.1324,3.3332,120438,0
20070828,3.4456,3.4456,3.293,3.293,133026,0
20070829,3.0922,3.2448,3.0842,3.2127,140501,0
20070830,3.4376,3.4376,3.2529,3.293,297582,0
20070831,3.3894,3.4456,3.2047,3.293,134821,0
20070903,3.4055,3.4135,3.2368,3.3251,67638,0
20070904,3.3251,3.3251,3.1725,3.285,75945,0
20070905,3.293,3.293,3.1083,3.1083,49886,0
20070906,3.2368,3.2368,3.0119,3.0922,32886,0
20070907,3.0521,3.0922,2.9075,2.9717,43011,0
20070910,2.8914,3.036,2.8914,2.9075,73823,0
20070911,2.9717,3.0039,2.9155,3.0039,30239,0
20070912,3.028,3.0521,2.9477,3.0521,20723,0
20070913,3.044,3.0601,2.9316,3.0601,38530,0
20070914,3.0922,3.1163,2.9798,3.0842,37374,0
20070917,3.0922,3.0922,2.9155,2.9316,45192,0
20070918,2.9477,2.9958,2.787,2.8593,190561,0
20070919,3.0119,3.0119,2.8432,2.9316,44030,0
20070920,2.9717,2.9717,2.9236,2.9316,28421,0
20070921,2.9477,2.9477,2.8111,2.8111,64961,0
20070924,3.1725,3.6946,3.1725,3.6946,1550669,0
20070925,3.9677,4.1604,3.4777,3.5741,2052038,0
20070926,3.6946,3.7749,3.4617,3.55,521032,0
20070927,3.6143,4.048,3.534,3.9275,2352853,0
20070928,3.9918,4.0801,3.6544,3.6946,897987,0
20071001,3.8151,3.9757,3.4938,3.8392,960764,0
20071002,3.9356,3.9356,3.6143,3.6785,666336,0
20071003,3.6705,3.6785,3.534,3.6143,190878,0
20071004,3.5741,3.6705,3.534,3.6223,142541,0
20071005,3.5581,3.6785,3.534,3.6143,110302,0
20071008,3.6303,3.9597,3.6143,3.8954,449135,0
20071009,3.783,3.8954,3.783,3.8874,173631,0
20071010,3.9516,4.4897,3.9356,4.297,1898266,0
20071011,4.3371,4.4576,4.1363,4.297,525647,0
20071012,4.1765,4.297,4.0962,4.1604,358260,0
20071015,4.2408,4.3291,4.1042,4.2568,191663,0
20071016,4.1604,4.305,4.1524,4.1926,97751,0
20071017,4.2327,4.6263,4.1444,4.5379,429653,0
20071018,4.546,4.811,4.313,4.4978,589625,0
20071019,4.4416,4.5379,4.4175,4.4737,253570,0
20071022,4.4978,4.6986,4.3211,4.4978,286933,0
20071023,4.6584,4.7789,4.5058,4.5942,230668,0
20071024,4.6022,4.6022,4.3371,4.4897,1139661,0
20071025,4.4335,4.4576,4.3693,4.4335,565456,0
20071026,4.3693,4.4175,4.2729,4.3371,141953,0
20071029,4.3773,4.4175,4.1604,4.2568,88485,0
20071030,4.2568,4.2568,4.0962,4.1765,82884,0
20071031,4.1363,4.2568,4.1363,4.2167,77739,0
20071102,4.1203,4.2086,4.0641,4.1765,100977,0
20071105,4.1042,4.2086,4.0962,4.1363,96811,0
20071106,4.1765,4.1765,4.0801,4.0882,113454,0
20071107,4.0882,4.0962,3.6866,3.7267,820423,0
20071108,3.3573,3.9275,3.3573,3.7428,209649,0
20071109,3.8552,3.8793,3.4617,3.5982,223105,0
20071112,3.5741,3.6143,3.4055,3.5982,330786,0
20071113,3.6946,3.7348,3.5259,3.7348,84589,0
20071114,3.9195,3.9275,3.7348,3.807,58788,0
20071115,3.7669,3.7669,3.4537,3.534,1193664,0
20071116,3.3733,3.4537,3.1163,3.3733,394810,0
20071119,3.3733,3.4938,3.277,3.3412,93035,0
20071120,3.3492,3.3492,3.1324,3.1886,517726,0
20071121,3.1324,3.1324,2.8914,2.9316,289494,0
20071122,2.8754,3.4376,2.6585,3.3733,413282,0
20071123,3.3733,3.55,3.3733,3.534,418920,0
20071126,3.6143,3.7589,3.3733,3.4537,792457,0
20071127,3.293,3.4296,3.293,3.4215,275020,0
20071128,3.4858,3.5902,3.3814,3.5581,331841,0
20071129,3.7669,3.7669,3.4135,3.5259,176356,0
20071130,3.4938,3.6464,3.4938,3.5902,191840,0
20071203,3.5982,3.7589,3.534,3.6143,272824,0
20071204,3.542,3.6143,3.4777,3.4858,292171,0
20071205,3.5741,3.6143,3.4617,3.5982,72847,0
20071206,3.6946,3.6946,3.5982,3.6303,31700,0
20071207,3.6866,3.6866,3.6143,3.6143,344848,0
20071210,3.6866,3.7749,3.534,3.6464,378112,0
20071211,3.6625,3.7267,3.6143,3.6143,187615,0
20071212,3.3814,3.6464,3.3814,3.6143,86316,0
20071213,3.5822,3.6063,3.5099,3.5259,181151,0
20071214,3.5741,3.5741,3.4938,3.5099,65541,0
20071217,3.534,3.534,3.2529,3.3733,68026,0
20071218,3.3653,3.3653,3.277,3.3573,122340,0
20071219,3.293,3.3332,3.285,3.3091,66800,0
20071220,3.2609,3.3974,3.2609,3.3332,29560,0
20071221,3.293,3.3974,3.293,3.3974,103667,0
20071227,3.4456,3.5018,3.4215,3.4215,22228,0
20071228,3.4376,3.55,3.3733,3.5179,57497,0
20080102,3.5018,3.542,3.3332,3.534,138612,0
20080103,3.5661,3.5661,3.4938,3.5179,7676,0
20080104,3.4858,3.4858,3.3492,3.4617,33646,0
20080107,3.3251,3.4376,3.3251,3.3733,29380,0
20080108,3.3733,3.3733,3.293,3.3251,39605,0
20080109,3.3091,3.3091,3.0521,3.1725,258986,0
20080110,3.1645,3.1725,2.8914,2.9717,181362,0
20080111,3.036,3.036,2.9155,2.9155,729777,0
20080114,2.9155,2.9155,2.7067,2.787,740879,0
20080115,2.7147,2.8272,2.6183,2.6906,230627,0
20080116,2.6103,2.6103,2.4497,2.5059,245319,0
20080117,2.6103,2.6103,2.4336,2.5702,228087,0
20080118,2.6183,2.6183,2.4577,2.4898,849015,0
20080121,2.4256,2.4898,2.3533,2.3694,189970,0
20080122,2.2489,2.4497,2.1766,2.4095,6405950,0
20080123,2.6424,2.6424,2.4256,2.4497,164616,0
20080124,2.6023,2.6103,2.4898,2.6103,357913,0
20080125,2.7228,2.7228,2.5541,2.6103,663976,0
20080128,2.4818,2.7228,2.4818,2.5943,184802,0
20080129,2.6344,2.771,2.6344,2.7629,131991,0
20080130,2.771,3.3332,2.7629,3.0199,697345,0
20080131,3.036,3.0842,2.8272,2.9075,331487,0
20080201,2.9717,3.0762,2.9236,3.0119,131047,0
20080204,3.0922,3.1324,2.9396,3.0119,215885,0
20080205,3.0521,3.1243,2.9798,3.0922,349710,0
20080206,2.9477,3.0521,2.8513,3.0521,286705,0
20080207,3.0119,3.0521,2.9878,3.0521,431389,0
20080208,3.036,3.036,2.9236,3.0199,63238,0
20080211,3.036,3.1003,3.0119,3.0681,39923,0
20080212,3.1163,3.1404,3.0119,3.1404,98081,0
20080213,3.0922,3.1484,3.0601,3.1404,48113,0
20080214,3.1725,3.1725,3.1003,3.1324,26362,0
20080215,3.0922,3.1163,3.0842,3.1003,47656,0
20080218,3.0762,3.1243,3.0762,3.1163,81546,0
20080219,3.0601,3.1484,3.0601,3.1003,41555,0
20080220,3.1404,3.1404,3.0922,3.1003,10732,0
20080221,3.1324,3.1645,3.1003,3.1003,8664,0
20080222,3.1163,3.1324,3.0762,3.1163,18326,0
20080225,3.1324,3.1484,3.1163,3.1484,42217,0
20080226,3.1725,3.277,3.1404,3.1404,103148,0
20080227,3.1083,3.2529,3.1083,3.2529,100292,0
20080228,3.2609,3.277,3.1725,3.2127,57701,0
20080229,3.1404,3.1484,3.1003,3.1003,5308328,0
20080303,2.8513,3.044,2.8513,2.9236,146420,0
20080304,2.9075,2.9075,2.8352,2.8673,29728,0
20080305,2.9316,3.0039,2.8673,2.9958,36139,0
20080306,2.9798,3.1324,2.9798,3.0922,45519,0
20080307,3.0762,3.0922,2.9316,3.0842,1280577,0
20080310,3.0521,3.0922,2.9316,3.0922,28687,0
20080311,2.9798,3.1083,2.9798,3.0842,61526,0
20080312,3.1083,3.1404,3.0601,3.1083,61806,0
20080313,3.0762,3.1083,3.0601,3.1083,248402,0
20080314,3.1404,3.1404,3.0601,3.1083,8958,0
20080317,3.1083,3.1083,2.9958,3.044,99669,0
20080318,3.028,3.028,2.9557,2.9798,97047,0
20080319,2.9075,2.9958,2.9075,2.9717,81620,0
20080320,2.8995,3.0521,2.8914,3.0521,24780,0
20080325,3.0842,3.0922,3.0119,3.0521,18556,0
20080326,3.044,3.0762,2.9717,3.0521,15120,0
20080327,3.0842,3.0842,3.028,3.044,7326,0
20080328,3.0762,3.1083,2.9958,3.1003,337082,0
20080331,3.1083,3.1243,3.0601,3.0681,28096,0
20080401,3.0681,3.1163,3.0521,3.1163,28724,0
20080402,3.1163,3.3091,3.1003,3.2288,45477,0
20080403,3.285,3.285,3.0922,3.1725,27461,0
20080404,3.1083,3.2127,3.0762,3.2127,52875,0
20080407,3.1324,3.2127,3.0521,3.1725,40078,0
20080408,3.1565,3.1565,3.1324,3.1324,348506,0
20080409,3.1324,3.1565,3.0922,3.1083,52891,0
20080410,3.1163,3.1324,3.0681,3.1083,168880,0
20080411,3.0601,3.1324,3.0601,3.1163,86905,0
20080414,3.0601,3.0601,3.0601,3.0601,169306,0
20080415,3.0521,3.0601,3.044,3.0521,789711,0
20080416,3.0039,3.0039,2.9958,2.9958,303884,0
20080417,3.0039,3.0922,2.9958,3.0922,160398,0
20080418,3.0922,3.0922,2.9717,3.0119,234999,0
20080421,3.0521,3.0521,2.9717,2.9717,50257,0
20080422,2.9717,2.9717,2.9075,2.9155,196091,0
20080423,2.8513,2.8914,2.8513,2.8593,483666,0
20080424,2.8593,2.8593,2.8352,2.8593,53920,0
20080425,2.8111,2.9316,2.6987,2.9316,256953,0
20080428,2.8111,2.8834,2.8111,2.8593,51390,0
20080429,2.8593,2.9316,2.8111,2.9316,39498,0
20080430,2.9075,3.0521,2.8593,3.0521,29168,0
20080505,3.0922,3.0922,3.0119,3.0119,12102,0
20080506,3.0922,3.0922,2.9477,3.0119,3048,0
20080507,2.9396,3.1725,2.9396,3.1324,22303,0
20080508,3.0922,3.1324,3.036,3.036,201681,0
20080509,3.0521,3.0681,3.0521,3.0681,197598,0
20080512,3.0521,3.1725,3.0521,3.1083,23395,0
20080513,3.0681,3.1163,3.0681,3.0681,399940,0
20080514,3.1163,3.2047,3.0762,3.1003,24292,0
20080515,3.1886,3.293,3.1003,3.2288,328164,0
20080516,3.2288,3.3733,3.2288,3.3332,157236,0
20080519,3.3653,3.3653,3.277,3.3091,305235,0
20080520,3.2207,3.2529,3.2207,3.2368,52560,0
20080521,3.3251,3.3251,3.2047,3.293,26232,0
20080523,3.293,3.293,3.2529,3.2609,5212,0
20080526,3.2529,3.3332,3.2529,3.3171,16498,0
20080527,3.2529,3.293,3.2529,3.285,34197,0
20080528,3.2127,3.5018,3.2127,3.4135,140100,0
20080529,3.4135,3.4537,3.3492,3.4135,150605,0
20080530,3.3733,3.3733,3.3573,3.3653,88979,0
20080602,3.3733,3.3894,3.3412,3.3894,64336,0
20080603,3.3894,3.4456,3.3332,3.4296,16516,0
20080604,3.4296,3.4456,3.3733,3.4055,200150,0
20080605,3.3492,3.4055,3.3492,3.3814,22391,0
20080606,3.3814,3.4296,3.3733,3.4296,1047612,0
20080609,3.4215,3.4215,3.301,3.3653,23994,0
20080610,3.3171,3.3332,3.2529,3.301,793541,0
20080611,3.285,3.3332,3.2529,3.2689,53479,0
20080612,3.2529,3.2529,3.2127,3.2529,83303,0
20080613,3.2207,3.3251,3.1966,3.3251,113024,0
20080616,3.3492,3.4055,3.3332,3.3332,33562,0
20080617,3.3332,3.3653,3.2689,3.3653,47163,0
20080618,3.301,3.3332,3.2127,3.2368,39509,0
20080619,3.2448,3.301,3.2448,3.301,70716,0
20080620,3.301,3.301,3.2529,3.2609,29207,0
20080623,3.2609,3.2689,3.2127,3.2529,212906,0
20080624,3.293,3.293,3.2207,3.2529,363037,0
20080625,3.2529,3.3251,3.2529,3.2529,204551,0
20080626,3.2207,3.2448,3.2047,3.2448,64264,0
20080627,3.2047,3.293,3.1725,3.293,680612,0
20080630,3.285,3.285,3.1725,3.1725,8725,0
20080701,3.0601,3.285,3.044,3.285,101870,0
20080702,3.2207,3.2207,3.1404,3.1484,26202,0
20080703,3.2127,3.2127,3.1003,3.1324,116970,0
20080704,3.0601,3.0762,3.0199,3.0199,224573,0
20080707,3.0119,3.0119,2.8111,2.8111,31652,0
20080708,2.8513,2.8513,2.6023,2.6906,134852,0
20080709,2.7308,2.7308,2.7308,2.7308,9662,0
20080710,2.7308,2.771,2.7308,2.7308,19926,0
20080711,2.7388,2.7388,2.7147,2.7228,291308,0
20080714,2.7147,2.7147,2.5541,2.6505,48439,0
20080715,2.7549,2.7549,2.53,2.6505,29259,0
20080716,2.6505,2.6505,2.5461,2.5702,37735,0
20080717,2.5702,2.6826,2.5702,2.5702,76189,0
20080718,2.6665,2.6826,2.6264,2.6344,71175,0
20080721,2.6424,2.6424,2.5782,2.5782,50116,0
20080722,2.5782,2.5782,2.5702,2.5702,7277,0
20080723,2.5862,2.6264,2.538,2.6103,62775,0
20080724,2.6424,2.6424,2.5782,2.5943,157954,0
20080725,2.5943,2.5943,2.5782,2.5782,12649,0
20080728,2.5621,2.5702,2.4979,2.5702,33132,0
20080729,2.53,2.6505,2.53,2.5702,28174,0
20080730,2.5862,2.7308,2.5862,2.6987,24591,0
20080731,2.6746,2.7067,2.6746,2.7067,230546,0
20080801,2.7228,2.8031,2.6826,2.771,74197,0
20080804,2.7147,2.771,2.7147,2.771,7996,0
20080805,2.7629,2.787,2.7629,2.787,92906,0
20080806,2.795,2.795,2.787,2.787,3644,0
20080807,2.7147,2.8754,2.7147,2.8111,1384358,0
20080808,2.6987,2.7629,2.6987,2.7629,3611,0
20080811,2.7228,2.8513,2.7228,2.8513,10482,0
20080812,2.779,2.8513,2.779,2.8513,1180,0
20080813,2.8513,2.9075,2.8513,2.9075,30285,0
20080814,2.9075,2.9075,2.8352,2.8352,3709,0
20080818,2.7388,2.7388,2.7308,2.7308,46578,0
20080819,2.6987,2.6987,2.5702,2.6424,66378,0
20080820,2.6424,2.6424,2.5862,2.6103,27034,0
20080821,2.5059,2.5782,2.5059,2.5782,5309,0
20080822,2.522,2.6424,2.522,2.5702,14979,0
20080825,2.53,2.5541,2.5059,2.5059,8591,0
20080826,2.5059,2.6424,2.5059,2.6424,21943,0
20080827,2.6424,2.6505,2.6424,2.6505,1134,0
20080828,2.6505,2.6505,2.6424,2.6424,1890,0
20080829,2.538,2.6505,2.538,2.6505,32632,0
20080901,2.6424,2.6505,2.6424,2.6505,187,0
20080902,2.5541,2.6505,2.5541,2.6505,17202,0
20080903,2.6505,2.8272,2.6505,2.8191,253036,0
20080904,2.8031,2.8754,2.8031,2.8513,1707,0
20080905,2.8031,2.8191,2.771,2.8111,145087,0
20080908,2.8111,2.8111,2.7308,2.7469,30261,0
20080909,2.7308,2.7308,2.6906,2.6906,9937,0
20080910,2.6906,2.8111,2.6906,2.8111,6900,0
20080911,2.771,2.771,2.7228,2.7308,631525,0
20080912,2.7308,2.771,2.7308,2.771,136414,0
20080915,2.6103,2.6826,2.6103,2.6826,36293,0
20080916,2.5782,2.771,2.5702,2.6505,13660,0
20080917,2.5782,2.6505,2.5541,2.6505,84831,0
20080918,2.53,2.6103,2.53,2.6103,19993,0
20080919,2.8111,2.8111,2.6344,2.779,1911,0
20080922,2.6987,2.6987,2.6906,2.6906,2087,0
20080923,2.7308,2.7308,2.6023,2.6906,12787,0
20080924,2.7308,2.7308,2.6505,2.6505,49862,0
20080925,2.7308,2.771,2.7067,2.7147,2509,0
20080926,2.6826,2.8031,2.6826,2.8031,21558,0
20080929,2.7067,2.8031,2.6906,2.6987,5116,0
20080930,2.6906,2.6906,2.538,2.6103,6141,0
20081001,2.6505,2.7629,2.6103,2.6103,5406,0
20081002,2.6183,2.6183,2.4577,2.4577,20515,0
20081003,2.4577,2.4577,2.4095,2.4497,41947,0
20081006,2.4497,2.4497,2.3292,2.3292,14199,0
20081007,2.3292,2.3292,2.1123,2.1766,67851,0
20081008,2.0883,2.2971,1.9678,2.2971,29256,0
20081009,2.2971,2.2971,2.0883,2.1043,40828,0
20081010,1.9678,2.0079,1.8955,1.9196,130333,0
20081013,1.9678,2.0079,1.9196,1.9196,34330,0
20081014,2.016,2.032,1.9357,1.9437,48176,0
20081015,1.9919,1.9919,1.7349,1.767,161569,0
20081016,1.6786,1.7268,1.6144,1.7188,21061,0
20081017,1.7911,1.7911,1.6545,1.7188,11603,0
20081020,1.7429,1.7429,1.7268,1.7268,26423,0
20081021,1.7268,1.7268,1.6465,1.6465,9384,0
20081022,1.7188,1.7188,1.5421,1.5421,8393,0
20081023,1.5421,1.5421,1.4136,1.5019,27664,0
20081024,1.4859,1.4859,1.3815,1.4297,52346,0
20081027,1.3975,1.3975,1.2851,1.3574,31566,0
20081028,1.3654,1.4297,1.3654,1.3734,60348,0
20081029,1.4457,1.4457,1.4056,1.4377,17184,0
20081030,1.4778,1.5742,1.4056,1.526,68384,0
20081031,1.4056,1.526,1.3734,1.51,22363,0
20081103,1.51,1.5662,1.51,1.5582,26456,0
20081104,1.5662,1.7911,1.5341,1.767,35956,0
20081105,1.767,1.8473,1.6867,1.7509,39890,0
20081106,1.6867,1.7027,1.6063,1.7027,25887,0
20081107,1.6063,1.767,1.5823,1.6144,280461,0
20081110,1.6224,1.7027,1.6144,1.6465,14231,0
20081112,1.6465,1.6465,1.6063,1.6063,5204,0
20081113,1.5501,1.6063,1.5501,1.6063,3302,0
20081114,1.6063,1.6465,1.5662,1.6063,19398,0
20081117,1.6224,1.6224,1.526,1.5823,4408,0
20081118,1.5823,1.5823,1.3493,1.4216,16341,0
20081119,1.518,1.518,1.3975,1.3975,9424,0
20081120,1.3574,1.3574,1.277,1.277,21777,0
20081121,1.269,1.526,1.269,1.3975,36362,0
20081124,1.5662,1.5662,1.4457,1.4859,32551,0
20081125,1.3654,1.6063,1.3654,1.4618,12548,0
20081126,1.518,1.5903,1.4618,1.5582,68890,0
20081127,1.5501,1.5501,1.4778,1.51,18869,0
20081128,1.4939,1.51,1.4056,1.5019,5427,0
20081201,1.4136,1.4859,1.3895,1.4216,5700,0
20081202,1.3734,1.4216,1.261,1.261,194516,0
20081203,1.3092,1.3172,1.277,1.3011,80706,0
20081204,1.3011,1.3092,1.2851,1.2851,96013,0
20081205,1.2851,1.2851,1.2208,1.2289,85781,0
20081208,1.3011,1.3011,1.253,1.269,423152,0
20081209,1.2851,1.2851,1.2048,1.2369,61261,0
20081210,1.2369,1.2369,1.2048,1.2369,55589,0
20081211,1.2369,1.2369,1.2048,1.2208,14050,0
20081212,1.2208,1.2208,1.1967,1.2128,34516,0
20081215,1.1967,1.2048,1.1646,1.1807,39822,0
20081216,1.1807,1.1807,1.1244,1.1244,34832,0
20081217,1.1244,1.1646,1.0682,1.1646,49083,0
20081218,1.1405,1.1405,1.0441,1.0843,25381,0
20081219,1.0843,1.0843,0.9959,1.0361,32819,0
20081222,0.9959,1.0361,0.9638,0.9718,37148,0
20081223,0.9718,0.9718,0.9156,0.9156,46895,0
20081229,0.8915,0.8915,0.8433,0.8594,70045,0
20081230,0.8433,0.8996,0.8433,0.8674,166512,0
20081231,0.8674,0.9237,0.8433,0.8433,72883,0
20090105,0.8674,0.9959,0.8674,0.9718,196328,0
20090106,0.9638,0.9718,0.9317,0.9558,66570,0
20090107,0.9558,0.9718,0.8835,0.8835,857053,0
20090108,0.8915,0.9477,0.8835,0.8915,57572,0
20090109,0.8996,0.9477,0.8835,0.9317,35215,0
20090112,0.9317,1.1646,0.9237,1.1646,579167,0
20090113,1.1646,1.277,1.0843,1.1084,976093,0
20090114,1.1003,1.1003,1.012,1.0281,330687,0
20090115,1.004,1.0682,0.9558,1.0441,195499,0
20090116,1.0843,1.0843,1.004,1.0361,108113,0
20090119,1.0843,1.0843,0.9959,1.004,43527,0
20090120,1.0281,1.0281,0.9237,0.9558,117595,0
20090121,0.9076,0.9558,0.9076,0.9237,92238,0
20090122,0.9558,0.9718,0.8755,0.9076,92871,0
20090123,0.8996,0.8996,0.8594,0.8835,61635,0
20090126,0.9237,0.9397,0.8835,0.9076,339144,0
20090127,0.9317,0.9397,0.8032,0.8032,825393,0
20090128,0.8032,0.8514,0.747,0.8273,315985,0
20090129,0.8273,0.8353,0.8032,0.8273,60633,0
20090130,0.8273,0.8433,0.8032,0.8192,60089,0
20090202,0.8192,0.8192,0.7951,0.8112,53748,0
20090203,0.7951,0.8032,0.7951,0.7951,30242,0
20090204,0.7951,0.7951,0.763,0.7791,16061,0
20090205,0.7951,0.7951,0.763,0.7951,41561,0
20090206,0.7951,0.8353,0.7951,0.8112,28137,0
20090209,0.8112,0.8192,0.8032,0.8192,34324,0
20090210,0.8192,0.8755,0.8112,0.8433,108486,0
20090211,0.8353,0.8353,0.7951,0.8273,52062,0
20090212,0.8433,0.8433,0.8273,0.8433,39305,0
20090213,0.8433,0.8433,0.8353,0.8433,12443,0
20090216,0.8433,0.8433,0.8032,0.8273,163286,0
20090217,0.8273,0.8273,0.8032,0.8032,58960,0
20090218,0.8032,0.8112,0.7951,0.8032,152495,0
20090219,0.8192,0.8273,0.8112,0.8192,148866,0
20090220,0.8112,0.8112,0.7871,0.7951,58118,0
20090223,0.8032,0.8032,0.7871,0.8032,3853,0
20090224,0.7871,0.7871,0.771,0.7871,22917,0
20090225,0.7791,0.7871,0.7791,0.7871,22049,0
20090226,0.7871,0.7871,0.771,0.771,19209,0
20090227,0.7951,0.7951,0.763,0.7791,20028,0
20090302,0.7871,0.7871,0.7389,0.7389,13671,0
20090303,0.755,0.755,0.6827,0.7148,73312,0
20090304,0.7148,0.7148,0.6586,0.6827,157344,0
20090305,0.6988,0.6988,0.6425,0.6586,210917,0
20090306,0.6586,0.6586,0.6345,0.6345,93259,0
20090309,0.6506,0.6907,0.6425,0.6747,95136,0
20090310,0.6827,0.6907,0.6506,0.6827,99940,0
20090311,0.7229,0.7229,0.6747,0.6747,153309,0
20090312,0.6827,0.6827,0.6184,0.6425,262310,0
20090313,0.6586,0.6586,0.6265,0.6265,174865,0
20090316,0.6265,0.6425,0.6184,0.6345,389240,0
20090317,0.6184,0.8112,0.6184,0.7148,2813853,0
20090318,0.747,0.747,0.6747,0.6988,1168845,0
20090319,0.7068,0.7148,0.6747,0.7148,341080,0
20090320,0.7148,0.747,0.6988,0.7229,1052820,0
20090323,0.747,0.7791,0.7389,0.763,1009835,0
20090324,0.7951,0.8192,0.7791,0.7791,729091,0
20090325,0.7791,0.7951,0.7309,0.7871,586673,0
20090326,0.7951,0.8433,0.7951,0.8112,1041322,0
20090327,0.8433,0.8433,0.7871,0.7951,576631,0
20090330,0.7951,0.7951,0.755,0.763,605435,0
20090331,0.755,0.8032,0.747,0.7951,387053,0
20090401,0.8273,0.8353,0.7791,0.8032,681112,0
20090402,0.8273,0.8835,0.8192,0.8835,584776,0
20090403,0.8835,0.9317,0.8594,0.9156,630996,0
20090406,0.9237,0.9799,0.9156,0.9156,546937,0
20090407,0.9477,0.9477,0.8915,0.9237,265772,0
20090408,0.8915,0.9638,0.8915,0.9477,237544,0
20090409,0.9638,1.02,0.9237,0.9959,637153,0
20090414,0.9959,1.0682,0.9959,1.012,521396,0
20090415,1.02,1.02,0.9237,1.02,258307,0
20090416,1.0361,1.0923,1.0361,1.0441,521520,0
20090417,1.0923,1.0923,1.012,1.0843,287594,0
20090420,1.0923,1.0923,0.9799,1.02,374032,0
20090421,0.9718,1.0602,0.9718,1.0441,417392,0
20090422,1.0763,1.1164,1.0682,1.0682,306100,0
20090423,1.0682,1.0923,1.0522,1.0843,102950,0
20090424,1.1164,1.1405,1.0843,1.1084,832392,0
20090427,1.1084,1.1084,1.0843,1.0923,224284,0
20090428,1.0843,1.0923,1.0361,1.0361,167341,0
20090429,1.0763,1.0843,1.0602,1.0682,77648,0
20090430,1.1003,1.1244,1.1003,1.1084,223466,0
20090504,1.1244,1.1325,1.0923,1.1244,192380,0
20090505,1.1244,1.1485,1.1084,1.1325,275435,0
20090506,1.1084,1.277,1.1084,1.277,611464,0
20090507,1.2851,1.3092,1.2449,1.277,183733,0
20090508,1.2851,1.3654,1.261,1.3252,273921,0
20090511,1.3815,1.4056,1.3092,1.3654,143285,0
20090512,1.3574,1.51,1.3333,1.4457,996626,0
20090513,1.4859,1.5582,1.4537,1.4859,369143,0
20090514,1.4859,1.518,1.4377,1.5019,573248,0
20090515,1.526,1.5662,1.4939,1.518,31603,0
20090518,1.518,1.526,1.4939,1.4939,136996,0
20090519,1.51,1.5501,1.4859,1.4859,340585,0
20090520,1.51,1.51,1.4457,1.4537,499600,0
20090521,1.4457,1.4537,1.4056,1.4457,345816,0
20090522,1.4056,1.4457,1.3815,1.4377,1162579,0
20090525,1.4377,1.4377,1.3654,1.4216,119491,0
20090526,1.4297,1.4537,1.3975,1.4537,186778,0
20090527,1.4698,1.526,1.4698,1.51,387166,0
20090528,1.5341,1.5421,1.4939,1.518,149086,0
20090529,1.526,1.526,1.4939,1.5019,1106912,0
20090601,1.4859,1.5421,1.4778,1.5421,413768,0
20090602,1.5501,1.6867,1.5421,1.6385,127394,0
20090603,1.6545,1.6626,1.5903,1.5983,114839,0
20090604,1.6063,1.6063,1.5582,1.5662,78530,0
20090605,1.6063,1.6063,1.526,1.526,132813,0
20090608,1.5341,1.5662,1.4216,1.5662,408900,0
20090609,1.5983,1.5983,1.5662,1.5742,330709,0
20090610,1.5983,1.5983,1.5742,1.5903,47375,0
20090612,1.6144,1.6144,1.5501,1.5823,182516,0
20090615,1.5742,1.5742,1.51,1.51,233314,0
20090616,1.5019,1.5903,1.4537,1.518,324827,0
20090617,1.526,1.5501,1.5019,1.51,1061576,0
20090618,1.5019,1.51,1.4457,1.51,31298,0
20090619,1.4457,1.518,1.4457,1.5019,34321,0
20090622,1.4537,1.4618,1.3654,1.4216,726089,0
20090623,1.3654,1.4537,1.3172,1.4537,159872,0
20090624,1.5019,1.5019,1.4457,1.5019,92388,0
20090625,1.4859,1.4859,1.4618,1.4618,29962,0
20090626,1.5341,1.5341,1.4698,1.51,90435,0
20090629,1.5421,1.5903,1.526,1.5903,423690,0
20090630,1.5903,1.6545,1.5341,1.5341,808078,0
20090701,1.5903,1.6545,1.5662,1.6063,380632,0
20090702,1.5903,1.6465,1.5903,1.6063,807751,0
20090703,1.6385,1.6626,1.6304,1.6545,679093,0
20090706,1.6545,1.6545,1.5421,1.6304,315787,0
20090707,1.5662,1.6304,1.5662,1.6304,52358,0
20090708,1.5662,1.6224,1.5662,1.6224,126330,0
20090709,1.6385,1.6385,1.6063,1.6224,33714,0
20090710,1.6063,1.6465,1.6063,1.6304,72738,0
20090713,1.6063,1.6385,1.6063,1.6385,61993,0
20090714,1.6465,1.6786,1.6063,1.6706,38496,0
20090715,1.6786,1.8312,1.6786,1.7268,174737,0
20090716,1.8071,1.8312,1.6385,1.7188,215865,0
20090717,1.7268,1.7268,1.6626,1.6626,101833,0
20090720,1.6545,1.7188,1.6545,1.7188,40158,0
20090721,1.6867,1.7429,1.6867,1.7429,41335,0
20090722,1.7108,1.775,1.7108,1.775,11621,0
20090723,1.7991,1.8071,1.767,1.7911,29288,0
20090724,1.7911,1.7911,1.7509,1.7509,30200,0
20090727,1.8071,1.8152,1.7509,1.783,83738,0
20090728,1.783,1.783,1.759,1.767,71647,0
20090729,1.767,1.767,1.7027,1.7268,68015,0
20090730,1.7509,1.8553,1.7188,1.8071,510835,0
20090731,1.8634,1.9597,1.8232,1.8232,428704,0
20090803,1.9035,1.9196,1.8473,1.8714,150940,0
20090804,1.8875,1.8875,1.775,1.8473,334328,0
20090805,1.8312,1.9597,1.8232,1.8473,100079,0
20090806,1.8634,1.9437,1.8634,1.9116,154456,0
20090807,1.9678,1.9999,1.9437,1.9919,59189,0
20090810,2.0481,2.1043,2.016,2.024,142867,0
20090811,2.0481,2.0883,1.9678,1.9678,179880,0
20090812,1.9678,1.9678,1.8875,1.8955,204462,0
20090813,1.8955,1.9035,1.8634,1.8875,173072,0
20090814,1.9035,1.9035,1.7911,1.8312,259985,0
20090817,1.8232,1.8232,1.7268,1.759,1709585,0
20090818,1.7509,1.8393,1.7509,1.8071,1694445,0
20090819,1.8393,1.8393,1.759,1.783,130564,0
20090820,1.8393,1.8714,1.8393,1.8714,281083,0
20090821,1.8473,1.8714,1.8152,1.8473,175464,0
20090824,1.8714,1.8875,1.8232,1.8473,101668,0
20090825,1.8473,1.8473,1.7991,1.8312,174923,0
20090826,1.8393,1.8473,1.8071,1.8152,127455,0
20090827,1.8152,1.8473,1.8071,1.8312,424093,0
20090828,1.8473,1.8473,1.8232,1.8312,159058,0
20090831,1.8473,1.8473,1.8152,1.8393,165848,0
20090901,1.8473,1.8473,1.7349,1.783,860866,0
20090902,1.7429,1.7429,1.5742,1.7268,536706,0
20090903,1.7268,1.783,1.6947,1.767,1322691,0
20090904,1.8071,1.8152,1.767,1.775,66988,0
20090907,1.7991,1.8152,1.783,1.7911,121830,0
20090908,1.775,1.7911,1.767,1.767,649560,0
20090909,1.767,1.8071,1.7509,1.8071,415878,0
20090910,1.8071,1.8071,1.6867,1.7108,97193,0
20090911,1.7268,1.7268,1.6385,1.6385,116069,0
20090914,1.6224,1.6224,1.5501,1.6063,74722,0
20090915,1.6063,1.6626,1.5582,1.6063,31761,0
20090916,1.6385,1.6545,1.6224,1.6465,54415,0
20090917,1.6545,1.6626,1.6063,1.6144,18597,0
20090918,1.6465,1.6626,1.6063,1.6626,378776,0
20090921,1.6867,1.6867,1.5742,1.6626,127746,0
20090922,1.6626,1.7188,1.6224,1.6706,33995,0
20090923,1.6867,1.6867,1.6465,1.6626,24865,0
20090924,1.6144,1.6465,1.6063,1.6063,66357,0
20090925,1.6385,1.6385,1.5823,1.6144,27899,0
20090928,1.5983,1.6144,1.5983,1.6144,88517,0
20090929,1.6224,1.767,1.6224,1.7268,434415,0
20090930,1.7429,1.7429,1.6465,1.6465,55989,0
20091001,1.6545,1.6626,1.6304,1.6465,79171,0
20091002,1.6786,1.6786,1.5823,1.6385,40641,0
20091005,1.6385,1.6947,1.6385,1.6947,41012,0
20091006,1.6706,1.7188,1.6706,1.7188,17506,0
20091007,1.7108,1.7108,1.6545,1.6545,41875,0
20091008,1.6545,1.7027,1.6545,1.6545,40828,0
20091009,1.6626,1.6626,1.6465,1.6545,13071,0
20091012,1.6706,1.6706,1.6224,1.6224,32719,0
20091013,1.6063,1.6063,1.5823,1.6063,38653,0
20091014,1.6063,1.6626,1.6063,1.6385,94451,0
20091015,1.6465,1.6465,1.5823,1.5903,47007,0
20091016,1.5903,1.6385,1.5903,1.6063,102199,0
20091019,1.6465,1.6465,1.526,1.5662,88819,0
20091020,1.5501,1.6144,1.5501,1.5662,69764,0
20091021,1.5742,1.5742,1.5582,1.5662,39001,0
20091022,1.5823,1.6063,1.5582,1.5903,43428,0
20091023,1.5903,1.6385,1.5662,1.6385,41153,0
20091026,1.6063,1.6786,1.6063,1.6706,51863,0
20091027,1.6786,1.6786,1.6063,1.6304,107705,0
20091028,1.5983,1.6304,1.5983,1.5983,97225,0
20091029,1.5662,1.5983,1.5421,1.5983,15355,0
20091030,1.6063,1.6063,1.5742,1.5823,20375,0
20091102,1.5742,1.5983,1.5582,1.5662,46184,0
20091103,1.5662,1.5662,1.4859,1.518,49176,0
20091104,1.4939,1.5341,1.4939,1.518,52493,0
20091105,1.526,1.5341,1.518,1.5341,65457,0
20091106,1.5421,1.5662,1.4859,1.5662,698992,0
20091109,1.5582,1.6063,1.5582,1.6063,59846,0
20091110,1.6224,1.6304,1.6144,1.6224,57880,0
20091112,1.6063,1.6224,1.5903,1.6224,23346,0
20091113,1.6144,1.7188,1.5742,1.6706,194904,0
20091116,1.6786,1.6867,1.6224,1.6385,65755,0
20091117,1.6144,1.6947,1.5983,1.6947,215236,0
20091118,1.7027,1.783,1.6947,1.7509,263342,0
20091119,1.7509,1.7509,1.6706,1.6867,116245,0
20091120,1.6706,1.6867,1.6626,1.6867,21683,0
20091123,1.6867,1.7509,1.6304,1.7268,539282,0
20091124,1.6947,1.7268,1.6867,1.6867,36137,0
20091125,1.7268,1.759,1.6626,1.7268,18904,0
20091126,1.7429,1.7429,1.6465,1.6706,100129,0
20091127,1.6224,1.6706,1.6144,1.6706,174804,0
20091130,1.6626,1.6626,1.6304,1.6626,48906,0
20091201,1.6465,1.6867,1.6224,1.6786,44982,0
20091202,1.6626,1.6706,1.6224,1.6465,70321,0
20091203,1.6304,1.6786,1.6224,1.6465,78982,0
20091204,1.6224,1.6786,1.6224,1.6786,136414,0
20091207,1.6706,1.6786,1.6465,1.6706,39644,0
20091208,1.6706,1.6706,1.6545,1.6706,19884,0
20091209,1.6706,1.6706,1.6545,1.6706,23848,0
20091210,1.6545,1.6626,1.6545,1.6626,285259,0
20091211,1.6706,1.6867,1.6626,1.6867,26540,0
20091214,1.6947,1.6947,1.6626,1.6947,92297,0
20091215,1.6947,1.6947,1.6626,1.6867,21639,0
20091216,1.6626,1.6706,1.5662,1.6706,41007,0
20091217,1.6304,1.6786,1.6304,1.6786,20583,0
20091218,1.6224,1.6545,1.6224,1.6545,9886,0
20091221,1.6144,1.6545,1.6144,1.6545,18863,0
20091222,1.6545,1.6545,1.5903,1.6144,78353,0
20091223,1.6063,1.6385,1.5983,1.6385,70102,0
20091228,1.5903,1.7027,1.5903,1.6867,117703,0
20091229,1.6867,1.7108,1.6706,1.7108,35532,0
20091230,1.7108,1.7108,1.6465,1.7027,39630,0
20091231,1.6786,1.7268,1.6786,1.7268,1221153,0
20100104,1.7349,1.8553,1.7349,1.8312,475097,0
20100105,1.8393,1.9196,1.7911,1.8473,223821,0
20100106,1.8634,1.9116,1.7991,1.9035,274339,0
20100107,1.9035,1.9678,1.8875,1.9276,916022,0
20100108,1.9196,1.9357,1.8875,1.9196,451647,0
20100111,1.9196,1.9999,1.9196,1.9999,1474592,0
20100112,1.9678,1.9919,1.9276,1.9276,64333,0
20100113,1.8634,1.9196,1.8634,1.9116,31668,0
20100114,1.9437,1.9517,1.8794,1.9276,21339,0
20100115,1.9357,1.9517,1.9276,1.9357,47063,0
20100118,1.9357,1.9357,1.8714,1.8875,21335,0
20100119,1.8875,1.9357,1.8875,1.9357,83390,0
20100120,1.9597,2.0642,1.9517,2.0401,307246,0
20100121,2.0642,2.1204,2.0481,2.1043,169440,0
20100122,2.0883,2.0883,1.9919,1.9919,172088,0
20100125,1.9919,2.032,1.9437,2.016,133219,0
20100126,2.016,2.0481,1.9437,2.0481,283149,0
20100127,2.0802,2.1445,2.0401,2.1284,110690,0
20100128,2.1686,2.2489,2.1445,2.1846,491166,0
20100129,2.2087,2.2087,2.1284,2.1605,70831,0
20100201,2.1686,2.1686,2.1123,2.1204,37573,0
20100202,2.1605,2.1605,2.0079,2.0883,64585,0
20100203,2.032,2.1123,2.032,2.0802,15206,0
20100204,2.032,2.0802,2.016,2.0481,59178,0
20100205,1.9999,1.9999,1.8071,1.9678,297895,0
20100208,1.9517,1.9999,1.9517,1.9919,114658,0
20100209,1.9597,1.9838,1.9517,1.9838,150833,0
20100210,1.9678,2.0079,1.9678,2.0079,14658,0
20100211,1.9678,2.0481,1.9437,2.0481,128164,0
20100212,2.0561,2.0642,2.0401,2.0481,186517,0
20100215,2.0883,2.0963,2.032,2.0963,8776,0
20100216,2.1204,2.1525,2.1043,2.1284,22036,0
20100217,2.1686,2.1766,2.1605,2.1686,44869,0
20100218,2.1284,2.2489,2.1284,2.2409,52720,0
20100219,2.2328,2.2569,2.2087,2.2489,39522,0
20100222,2.2328,2.2489,2.1686,2.2168,41949,0
20100223,2.2328,2.2328,2.1284,2.1525,71495,0
20100224,2.1525,2.1605,2.0642,2.1284,43512,0
20100225,2.1284,2.1284,2.032,2.1043,61772,0
20100226,2.032,2.1445,2.032,2.1445,9644,0
20100301,2.0561,2.1445,2.0561,2.1445,7752,0
20100302,2.1605,2.1605,2.0883,2.1123,87272,0
20100303,2.0883,2.0883,2.0642,2.0883,117354,0
20100304,2.0883,2.1364,2.0722,2.0883,70035,0
20100305,2.0883,2.0883,2.0481,2.0883,70306,0
20100308,2.0481,2.0883,2.0481,2.0883,199374,0
20100309,2.0481,2.1123,2.0481,2.1123,5517,0
20100310,2.0883,2.1445,2.0642,2.1445,57248,0
20100311,2.1445,2.1445,2.0802,2.1364,29823,0
20100312,2.0883,2.3292,2.0561,2.3051,892517,0
20100315,2.3533,2.3533,2.1605,2.1927,186825,0
20100316,2.1686,2.1766,2.0722,2.0963,138810,0
20100317,2.1284,2.1364,2.0722,2.0883,120364,0
20100318,2.0883,2.0883,1.9758,2.024,114955,0
20100319,2.024,2.024,1.8473,1.9035,104559,0
20100322,1.8714,2.024,1.8473,1.9597,38056,0
20100323,1.9517,1.9999,1.9196,1.9276,169799,0
20100324,1.9517,1.9517,1.8473,1.8714,60044,0
20100325,1.8714,1.8875,1.8634,1.8634,63171,0
20100326,1.8473,1.8473,1.783,1.8312,79700,0
20100329,1.7911,1.9276,1.783,1.9196,241710,0
20100330,1.9517,1.9517,1.8634,1.9437,29584,0
20100331,1.9678,1.9919,1.9035,1.9678,39274,0
20100401,2.024,2.0963,1.9999,2.0883,267807,0
20100406,2.1123,2.1445,2.1043,2.1204,33841,0
20100407,2.1364,2.1364,1.9758,1.9919,183835,0
20100408,1.9919,2.0722,1.9517,2.0722,44282,0
20100409,2.0722,2.0722,2.0079,2.0401,11097,0
20100412,1.9758,2.0401,1.9758,2.0401,6110,0
20100413,2.024,2.0481,1.9999,2.0401,62024,0
20100414,2.0079,2.1364,1.9999,2.1364,172798,0
20100415,2.1364,2.1605,2.0963,2.1364,21426,0
20100416,2.1364,2.1364,2.0642,2.0802,34296,0
20100419,2.0642,2.0642,1.9999,1.9999,22770,0
20100420,2.0079,2.0883,1.9678,2.0883,34159,0
20100421,2.016,2.0481,2.016,2.0481,4365,0
20100422,2.016,2.0481,1.9597,2.0079,22763,0
20100423,1.9678,2.0642,1.9678,2.0481,18729,0
20100426,2.024,2.0401,1.9919,1.9999,19439,0
20100427,1.9999,1.9999,1.9357,1.9437,17750,0
20100428,1.9437,1.9678,1.8955,1.9276,57817,0
20100429,1.9035,2.0079,1.9035,1.9357,49448,0
20100430,1.9919,2.0079,1.9678,1.9999,12203,0
20100504,1.9999,1.9999,1.9678,1.9678,14959,0
20100505,1.9678,1.9678,1.8553,1.8875,17130,0
20100506,1.783,1.9196,1.7188,1.8232,212809,0
20100507,1.767,1.8794,1.7509,1.783,57651,0
20100510,1.7911,1.8553,1.775,1.8553,217514,0
20100511,1.8794,1.8794,1.8312,1.8393,9812,0
20100512,1.8393,1.8714,1.8152,1.8393,7178,0
20100513,1.8393,1.8473,1.8232,1.8393,28517,0
20100514,1.8393,1.8393,1.7429,1.8232,28765,0
20100517,1.767,1.8071,1.759,1.783,14916,0
20100518,1.7911,1.7991,1.7268,1.7991,97457,0
20100519,1.8071,1.8071,1.7349,1.7911,20220,0
20100520,1.7991,1.7991,1.6545,1.7108,136638,0
20100521,1.7429,1.7429,1.6706,1.6867,255044,0
20100524,1.7027,1.7027,1.6786,1.6867,12033,0
20100525,1.6867,1.6867,1.5903,1.6063,230314,0
20100526,1.6063,1.6626,1.6063,1.6144,568911,0
20100527,1.6224,1.6706,1.6063,1.6063,160926,0
20100528,1.6224,1.6947,1.6224,1.6786,1336255,0
20100531,1.759,1.759,1.6626,1.6786,122313,0
20100601,1.6867,1.6867,1.6545,1.6786,343361,0
20100602,1.6786,1.6867,1.6545,1.6545,133175,0
20100604,1.6867,1.6867,1.6626,1.6786,19603,0
20100607,1.6706,1.6706,1.6465,1.6465,22508,0
20100608,1.6465,1.6545,1.6063,1.6385,34779,0
20100609,1.6465,1.6465,1.6385,1.6465,20293,0
20100610,1.6385,1.6465,1.6304,1.6465,39513,0
20100611,1.6786,1.6786,1.6385,1.6385,39346,0
20100614,1.6385,1.6385,1.6224,1.6304,89618,0
20100615,1.6224,1.6385,1.6063,1.6385,80288,0
20100616,1.6545,1.6706,1.6304,1.6385,34460,0
20100617,1.6465,1.6545,1.6063,1.6385,31703,0
20100618,1.6144,1.6304,1.5983,1.6304,23908,0
20100621,1.5983,1.6063,1.5903,1.5903,667048,0
20100622,1.5903,1.6063,1.5742,1.5903,18905,0
20100623,1.5341,1.5662,1.5341,1.5582,400397,0
20100624,1.5662,1.5662,1.518,1.526,11979,0
20100625,1.518,1.5501,1.4939,1.5341,30853,0
20100628,1.526,1.526,1.518,1.526,7968,0
20100629,1.5341,1.5341,1.4939,1.518,47301,0
20100630,1.526,1.526,1.51,1.518,17593,0
20100701,1.51,1.51,1.4698,1.4939,18805,0
20100702,1.4939,1.4939,1.4618,1.4859,60836,0
20100705,1.4698,1.4698,1.4216,1.4297,89387,0
20100706,1.4457,1.4698,1.3975,1.3975,229386,0
20100707,1.4056,1.4136,1.3734,1.3815,70050,0
20100708,1.3895,1.4778,1.3895,1.4537,308673,0
20100709,1.4698,1.5019,1.4377,1.4939,63222,0
20100712,1.5019,1.5662,1.5019,1.5582,126428,0
20100713,1.5662,1.5823,1.5341,1.5823,33492,0
20100714,1.5823,1.5903,1.5662,1.5662,10798,0
20100715,1.5662,1.5662,1.5341,1.5421,23194,0
20100716,1.5421,1.5501,1.526,1.5421,16121,0
20100719,1.526,1.526,1.51,1.518,15648,0
20100720,1.5421,1.5501,1.4859,1.526,41543,0
20100721,1.518,1.526,1.518,1.526,5350,0
20100722,1.5501,1.5983,1.526,1.5983,53500,0
20100723,1.5983,1.7268,1.5983,1.6465,175509,0
20100726,1.6626,1.6626,1.6465,1.6465,32314,0
20100727,1.6706,1.6867,1.6144,1.6465,37936,0
20100728,1.6626,1.6626,1.6385,1.6545,25303,0
20100729,1.6545,1.6545,1.6304,1.6385,27366,0
20100730,1.6304,1.6304,1.5903,1.5903,50688,0
20100802,1.6063,1.6626,1.5983,1.6224,49847,0
20100803,1.6063,1.6465,1.6063,1.6063,21058,0
20100804,1.6144,1.6385,1.6063,1.6385,199557,0
20100805,1.6385,1.6545,1.6144,1.6465,84577,0
20100806,1.6545,1.6706,1.6385,1.6545,31702,0
20100809,1.6545,1.6626,1.6465,1.6626,17703,0
20100810,1.6626,1.6626,1.6224,1.6304,8728,0
20100811,1.6224,1.6304,1.6144,1.6304,636415,0
20100812,1.6144,1.6385,1.5903,1.6385,23827,0
20100813,1.6144,1.6465,1.6144,1.6385,19744,0
20100816,1.6626,1.6706,1.6224,1.6465,13073,0
20100817,1.6867,1.6867,1.6465,1.6465,162652,0
20100818,1.6465,1.6786,1.6385,1.6786,132794,0
20100819,1.6786,1.6786,1.6465,1.6545,186043,0
20100820,1.6304,1.6545,1.6224,1.6545,8957,0
20100823,1.6465,1.6545,1.6224,1.6545,15221,0
20100824,1.6385,1.6385,1.6144,1.6304,7775,0
20100825,1.6304,1.6304,1.5983,1.6144,12777,0
20100826,1.6385,1.6385,1.6224,1.6385,10124,0
20100827,1.6385,1.6706,1.6385,1.6706,28879,0
20100830,1.6465,1.6465,1.6465,1.6465,5560,0
20100831,1.6465,1.6706,1.6465,1.6706,21744,0
20100901,1.6786,1.6786,1.6545,1.6706,8181,0
20100902,1.6465,1.6867,1.6465,1.6867,31448,0
20100903,1.6867,1.7509,1.6867,1.7429,111845,0
20100906,1.7509,1.8473,1.7509,1.8473,181164,0
20100907,1.8473,1.8714,1.8071,1.8232,46269,0
20100908,1.8393,1.8875,1.8312,1.8875,48646,0
20100909,1.8955,1.9357,1.8875,1.9276,123568,0
20100910,1.9357,1.9838,1.9116,1.9517,53064,0
20100913,1.9437,1.9437,1.8955,1.9276,97704,0
20100914,1.8955,1.9276,1.8955,1.9276,39440,0
20100915,1.8955,1.9116,1.8875,1.9116,19881,0
20100916,1.8794,1.9035,1.8794,1.9035,42433,0
20100917,1.9196,1.9276,1.9116,1.9116,129736,0
20100920,1.8875,1.9116,1.8794,1.9116,28046,0
20100921,1.9035,1.9276,1.9035,1.9196,43997,0
20100922,1.9196,1.9276,1.9116,1.9276,140491,0
20100923,1.9276,1.9276,1.8875,1.9116,31240,0
20100924,1.8794,1.9597,1.8794,1.9597,30861,0
20100927,1.9597,1.9838,1.9357,1.9838,25631,0
20100928,1.9838,1.9999,1.9517,1.9999,37804,0
20100929,1.9999,2.016,1.9678,2.016,81088,0
20100930,1.9678,2.0802,1.9597,1.9597,113958,0
20101001,1.9517,2.0722,1.9517,1.9999,37753,0
20101004,1.9597,2.016,1.9597,1.9999,4850,0
20101005,1.9597,1.9678,1.9357,1.9357,25409,0
20101006,1.9276,2.0079,1.9276,1.9678,17999,0
20101007,1.9437,1.9678,1.9116,1.9196,64930,0
20101008,1.9035,1.9116,1.9035,1.9116,7606,0
20101011,1.8794,1.9838,1.8794,1.9276,11890,0
20101012,1.9357,1.9357,1.8071,1.8152,34553,0
20101013,1.8152,1.9116,1.8071,1.9116,72186,0
20101014,1.8875,1.9276,1.8875,1.9116,108204,0
20101015,1.9116,1.9116,1.8553,1.8875,30066,0
20101018,1.8794,1.9276,1.8794,1.9276,5235,0
20101019,1.8634,1.8714,1.8473,1.8634,17062,0
20101020,1.8473,1.9116,1.8232,1.9116,19010,0
20101022,1.9035,1.9116,1.8473,1.9035,9770,0
20101025,1.8875,1.8875,1.8875,1.8875,3555,0
20101026,1.8875,1.8875,1.8553,1.8875,5072,0
20101027,1.8875,1.8875,1.8393,1.8794,15608,0
20101028,1.8714,1.9276,1.8473,1.8473,40289,0
20101029,1.92,1.97,1.86,1.9,67784,0
20101102,1.9035,1.9035,1.8553,1.8955,16254,0
20101103,1.8634,1.9196,1.8634,1.9116,21098,0
20101104,1.9196,1.9437,1.9116,1.9276,33661,0
20101105,1.9597,1.9838,1.9357,1.9838,26232,0
20101108,1.9999,2.0401,1.9758,2.0401,49944,0
20101109,2.0481,2.0481,2.0079,2.0079,30586,0
20101110,2.032,2.0481,1.9838,2.016,17783,0
20101112,2.0401,2.0481,2.0079,2.0401,32355,0
20101115,2.016,2.0401,2.0079,2.032,11524,0
20101116,1.9678,1.9919,1.9678,1.9919,22797,0
20101117,1.9919,1.9919,1.9437,1.9758,21486,0
20101118,1.9437,1.9758,1.9116,1.9116,81457,0
20101119,1.9116,1.9276,1.8553,1.8875,193155,0
20101122,1.9678,1.9678,1.8875,1.9196,13460,0
20101123,1.9276,1.9276,1.8634,1.8955,146369,0
20101124,1.8794,1.9116,1.8714,1.9116,6885,0
20101125,1.8875,1.9437,1.8875,1.9437,43824,0
20101126,1.9597,1.9678,1.9035,1.9035,65744,0
20101129,1.9035,2.016,1.9035,1.9999,123734,0
20101130,1.9999,2.0401,1.9196,2.0079,786483,0
20101201,2.0481,2.2087,2.032,2.2007,1071510,0
20101202,2.2248,2.2489,2.1525,2.1686,297650,0
20101203,2.2248,2.2248,2.1284,2.1525,39636,0
20101206,2.1605,2.1846,2.0481,2.0883,434244,0
20101207,2.0883,2.1204,1.9838,2.0883,206835,0
20101208,2.0802,2.0802,2.0481,2.0481,14407,0
20101209,2.0561,2.1204,2.0079,2.0079,68437,0
20101210,2.0079,2.0561,1.9838,2.024,45338,0
20101213,1.9919,2.024,1.9437,2.024,117184,0
20101214,2.016,2.024,1.9919,2.024,44796,0
20101215,2.0079,2.0079,1.9758,2.0079,30844,0
20101216,2.0079,2.0401,1.9838,2.0401,175413,0
20101217,2.0401,2.0401,2.0079,2.0401,95924,0
20101220,2.0401,2.1445,2.0401,2.1364,862660,0
20101221,2.1364,2.1364,2.032,2.1284,40733,0
20101222,2.0883,2.1364,2.0722,2.1364,16503,0
20101223,2.1123,2.1445,2.0963,2.1445,24073,0
20101227,2.1445,2.1445,2.0963,2.1445,203987,0
20101228,2.1284,2.1525,2.0883,2.1525,57453,0
20101229,2.1123,2.1525,2.1123,2.1364,35959,0
20101230,2.1123,2.1284,2.0963,2.1284,159114,0
20101231,2.13,2.15,2.13,2.15,10483,0
20110103,2.1525,2.1766,2.1525,2.1766,19768,0
20110104,2.1686,2.1927,2.1525,2.1525,8199,0
20110105,2.1525,2.1605,2.1043,2.1605,497584,0
20110107,2.1204,2.1686,2.1204,2.1686,12731,0
20110110,2.1846,2.1846,2.1445,2.1445,9027,0
20110111,2.1445,2.2248,2.1445,2.2168,72845,0
20110112,2.2248,2.3533,2.2007,2.3372,137100,0
20110113,2.3372,2.3854,2.3131,2.3533,73751,0
20110114,2.3533,2.3533,2.2569,2.289,56152,0
20110117,2.3292,2.3372,2.2168,2.289,108221,0
20110118,2.3935,2.5943,2.3935,2.4738,1590987,0
20110119,2.4818,2.4818,2.4256,2.4818,215446,0
20110120,2.4738,2.4818,2.4176,2.4818,106293,0
20110121,2.5059,2.5702,2.5059,2.522,126875,0
20110124,2.5702,2.5782,2.5461,2.5782,137770,0
20110125,2.5862,2.5862,2.5059,2.5461,80071,0
20110126,2.5461,2.5461,2.4417,2.4818,92147,0
20110127,2.4738,2.522,2.4497,2.522,416039,0
20110128,2.4818,2.5461,2.4738,2.5139,38440,0
20110131,2.52,2.55,2.47,2.49,52772,0
20110201,2.4657,2.6906,2.3292,2.6585,535022,0
20110202,2.6826,2.7308,2.6505,2.6505,287116,0
20110203,2.6424,2.771,2.6183,2.7147,927676,0
20110204,2.7308,2.7308,2.6906,2.7067,40651,0
20110207,2.7147,2.779,2.7067,2.7549,91428,0
20110208,2.7549,2.7549,2.7228,2.7308,608300,0
20110209,2.6987,2.7549,2.6264,2.6665,29332,0
20110210,2.7308,2.7308,2.5461,2.6746,195279,0
20110211,2.6746,2.6987,2.6344,2.6987,163764,0
20110214,2.7147,2.7469,2.6987,2.7067,38375,0
20110215,2.7549,2.771,2.7067,2.7308,26028,0
20110216,2.7308,2.7388,2.6746,2.7308,146858,0
20110217,2.6906,2.779,2.6665,2.779,227571,0
20110218,2.787,2.8352,2.7308,2.779,106707,0
20110221,2.7308,2.779,2.7308,2.771,64162,0
20110222,2.771,2.771,2.6826,2.7228,29996,0
20110223,2.6585,2.7629,2.6585,2.6746,48023,0
20110224,2.6585,2.6746,2.6183,2.6665,84899,0
20110225,2.6746,2.6826,2.6344,2.6585,33661,0
20110228,2.6505,2.7067,2.6103,2.6264,113783,0
20110301,2.6264,2.6987,2.6183,2.6906,31932,0
20110302,2.6906,2.7308,2.6906,2.7228,45477,0
20110303,2.7308,2.7308,2.6103,2.7067,40738,0
20110304,2.6987,2.7147,2.6344,2.6585,103103,0
20110307,2.6585,2.7228,2.6585,2.7228,27010,0
20110308,2.6746,2.795,2.6746,2.795,119267,0
20110309,2.779,2.8031,2.771,2.795,70487,0
20110310,2.8031,2.9798,2.771,2.9637,162518,0
20110311,2.9637,3.0119,2.9557,2.9798,25755,0
20110314,3.0039,3.044,2.9396,3.028,89352,0
20110315,2.9958,2.9958,2.8432,2.9637,159563,0
20110316,2.9557,3.028,2.8111,2.9717,28696,0
20110317,2.9717,3.0119,2.9717,3.0119,38027,0
20110318,3.0039,3.0521,3.0039,3.0521,126862,0
20110321,3.0521,3.1163,3.0521,3.1083,111115,0
20110322,3.1163,3.2127,3.0922,3.1725,394912,0
20110323,3.1966,3.2609,3.0601,3.1645,295245,0
20110324,3.1565,3.1565,3.1083,3.1565,66176,0
20110325,3.1404,3.1404,2.9717,3.0119,216704,0
20110328,3.0199,3.0601,3.0119,3.036,61985,0
20110329,3.0521,3.0521,2.9155,2.9717,315237,0
20110330,2.9717,3.0681,2.9316,2.9958,87581,0
20110331,3.06,3.07,3.04,3.07,56528,0
20110401,3.0842,3.1484,3.0762,3.1324,410952,0
20110404,3.1484,3.1645,3.1324,3.1565,70235,0
20110405,3.1565,3.1565,3.1083,3.1484,27124,0
20110406,3.1484,3.1484,3.0521,3.0521,117607,0
20110407,3.1083,3.1163,3.0521,3.1163,23896,0
20110408,3.1163,3.1163,3.0842,3.1003,25601,0
20110411,3.1163,3.1163,3.0842,3.1003,9885,0
20110412,3.0922,3.0922,3.0199,3.0842,204573,0
20110413,3.0922,3.0922,3.0039,3.0119,48917,0
20110414,3.0199,3.0521,2.7308,2.9557,212385,0
20110415,2.9557,2.9637,2.8513,2.9637,42547,0
20110418,2.9236,2.9236,2.8352,2.8432,113907,0
20110419,2.8352,2.8673,2.8031,2.8272,56536,0
20110420,2.8111,2.8432,2.779,2.8352,52791,0
20110421,2.8432,2.8754,2.8031,2.8352,78616,0
20110426,2.8754,2.8834,2.8191,2.8513,27353,0
20110427,2.8272,2.8593,2.8191,2.8513,657135,0
20110428,2.8352,2.8995,2.8352,2.8995,31657,0
20110429,2.88,2.92,2.87,2.91,35152,0
20110502,2.9075,3.0119,2.9075,2.9958,23185,0
20110504,2.9557,2.9557,2.8754,2.9075,6586,0
20110505,2.9075,2.9637,2.8432,2.9396,76381,0
20110506,2.8754,2.9316,2.8513,2.9316,29691,0
20110509,2.9316,2.9477,2.8914,2.9316,8639,0
20110510,2.9236,2.9236,2.8513,2.8995,16813,0
20110511,2.8995,2.8995,2.8432,2.8834,601071,0
20110512,2.8513,2.8513,2.8272,2.8513,90600,0
20110513,2.8432,2.8834,2.7308,2.8834,69326,0
20110516,2.8834,2.8834,2.8111,2.8834,7870,0
20110517,2.8513,2.8914,2.771,2.8191,108991,0
20110518,2.8272,2.8754,2.8272,2.8513,31684,0
20110519,2.8834,3.0039,2.8834,2.9958,45412,0
20110520,2.9958,3.0842,2.9717,3.0521,110007,0
20110523,3.0521,3.0521,2.9557,2.9717,630605,0
20110524,2.9637,3.0039,2.9637,2.9717,26570,0
20110525,2.9717,3.0521,2.9717,3.036,32578,0
20110526,3.044,3.0762,3.0199,3.0762,22823,0
20110527,3.0922,3.0922,3.0119,3.028,16315,0
20110530,3.044,3.0521,3.028,3.0521,36655,0
20110531,3.09,3.16,3.07,3.16,133987,0
20110601,3.1404,3.1484,3.1083,3.1404,29128,0
20110602,3.1003,3.1243,3.0922,3.1163,15201,0
20110603,3.1163,3.1886,3.1163,3.1324,85202,0
20110606,3.1645,3.1645,3.1003,3.1003,9277,0
20110607,3.1324,3.1324,3.1003,3.1083,12358,0
20110608,3.1243,3.1484,3.1003,3.1003,14679,0
20110609,3.1003,3.1003,3.0039,3.0681,22802,0
20110610,3.0521,3.0922,3.0199,3.0601,17012,0
20110613,3.044,3.0762,3.036,3.044,8603,0
20110614,3.036,3.0521,2.8191,2.9316,76115,0
20110615,2.9477,2.9477,2.9316,2.9316,6037,0
20110616,2.93,2.96,2.9,2.94,12107,0
20110617,2.9958,3.036,2.9717,3.036,17344,0
20110620,3.028,3.028,2.9316,2.9396,34565,0
20110621,2.9396,2.9878,2.9075,2.9396,47067,0
20110622,2.9396,3.044,2.8995,3.044,28778,0
20110624,3.044,3.0601,2.9958,3.044,40855,0
20110627,3.044,3.044,2.9717,3.044,360883,0
20110628,3.0521,3.0521,2.9798,3.028,24118,0
20110629,3.0119,3.0119,2.9798,2.9798,43973,0
20110630,3.06,3.06,3.01,3.01,16790,0
20110701,3.0199,3.0521,3.0199,3.0521,5933,0
20110704,3.05,3.06,3.03,3.05,19342,0
20110705,3.05,3.08,2.99,2.99,39595,0
20110706,3.07,3.07,3.02,3.07,17628,0
20110707,3.08,3.09,3.03,3.09,44071,0
20110708,3.12,3.12,3.09,3.12,8835,0
20110711,3.1565,3.1725,3.036,3.0521,87292,0
20110712,3.05,3.06,2.99,3.05,34483,0
20110713,3.028,3.1324,3.028,3.0922,36980,0
20110714,3.1243,3.1243,3.1083,3.1163,16300,0
20110715,3.1163,3.1324,3.1083,3.1083,37931,0
20110718,3.1083,3.1083,3.0762,3.0922,78013,0
20110719,3.09,3.11,2.95,3.11,86671,0
20110720,3.1003,3.1083,3.0119,3.0922,32352,0
20110721,3.044,3.1083,2.9878,3.1083,49179,0
20110722,3.12,3.13,3.08,3.09,29477,0
20110725,3.0922,3.0922,3.0521,3.0521,28877,0
20110726,3.05,3.09,3.04,3.09,29168,0
20110727,3.0922,3.0922,3.0119,3.028,62501,0
20110728,3,3.03,2.93,3.03,124579,0
20110729,3.01,3.03,2.92,3.03,242120,0
20110801,3.044,3.0842,3.044,3.0842,69026,0
20110802,3.15,3.15,3.05,3.06,89086,0
20110803,3.05,3.05,2.88,3.01,130989,0
20110804,2.92,3.01,2.88,2.89,59590,0
20110805,2.73,3,2.47,2.91,230337,0
20110808,2.81,2.91,2.63,2.72,100328,0
20110809,2.7,2.73,2.4,2.47,221883,0
20110810,2.55,2.8,2.49,2.53,316012,0
20110811,2.99,2.99,2.54,2.8,217306,0
20110812,2.96,3.05,2.9,2.9,177184,0
20110816,3,3,2.83,2.93,78821,0
20110817,2.94,2.95,2.82,2.89,45043,0
20110818,2.8,2.87,2.53,2.87,121265,0
20110819,2.7,2.85,2.59,2.74,28291,0
20110822,2.72,2.74,2.65,2.69,14418,0
20110823,2.67,2.73,2.6,2.72,21218,0
20110824,2.62,2.7,2.55,2.69,79579,0
20110825,2.7,2.7,2.61,2.61,16754,0
20110826,2.68,2.68,2.61,2.67,3052,0
20110829,2.67,2.8,2.67,2.8,21939,0
20110830,2.83,2.94,2.8,2.94,125206,0
20110831,2.97,2.99,2.88,2.99,60965,0
20110901,2.99,2.99,2.81,2.92,25174,0
20110902,2.92,2.92,2.71,2.84,23364,0
20110905,2.7,2.77,2.65,2.73,78934,0
20110906,2.66,2.75,2.66,2.72,13547,0
20110907,2.85,2.87,2.82,2.87,5314,0
20110908,2.87,2.87,2.76,2.86,6634,0
20110909,2.76,2.76,2.72,2.74,26123,0
20110912,2.74,2.74,2.6,2.65,26942,0
20110913,2.6,2.72,2.6,2.68,28326,0
20110914,2.74,2.74,2.68,2.72,19887,0
20110915,2.72,2.74,2.71,2.71,29272,0
20110916,2.74,2.74,2.67,2.68,27640,0
20110919,2.65,2.68,2.55,2.68,25160,0
20110920,2.62,2.7,2.59,2.7,4950,0
20110921,2.63,2.68,2.62,2.68,3580,0
20110922,2.6,2.65,2.56,2.63,10826,0
20110923,2.51,2.6,2.46,2.6,29586,0
20110926,2.6,2.6,2.55,2.58,5984,0
20110927,2.58,2.6,2.58,2.6,23656,0
20110928,2.59,2.64,2.59,2.61,45596,0
20110929,2.55,2.6,2.55,2.6,13458,0
20110930,2.61,2.61,2.47,2.51,224053,0
20111003,2.51,2.51,2.36,2.45,24655,0
20111004,2.36,2.4,2.21,2.4,75947,0
20111005,2.3,2.45,2.3,2.45,21681,0
20111006,2.34,2.5,2.34,2.5,28231,0
20111007,2.5,2.53,2.41,2.47,13379,0
20111010,2.45,2.55,2.42,2.54,69778,0
20111011,2.47,2.55,2.46,2.55,205618,0
20111012,2.47,2.55,2.47,2.55,33435,0
20111013,2.5,2.55,2.49,2.5,6499,0
20111014,2.47,2.57,2.47,2.56,12093,0
20111017,2.56,2.57,2.49,2.49,16335,0
20111018,2.45,2.55,2.41,2.55,22091,0
20111019,2.5,2.57,2.48,2.57,12764,0
20111020,2.46,2.55,2.46,2.48,6200,0
20111021,2.48,2.57,2.42,2.57,32324,0
20111024,2.57,2.7,2.48,2.7,79076,0
20111025,2.7,2.79,2.65,2.73,541909,0
20111026,2.64,2.73,2.64,2.65,2808,0
20111027,2.73,2.73,2.66,2.66,22231,0
20111028,2.66,2.69,2.64,2.69,846,0
20111031,2.64,2.7,2.6,2.7,50724,0
20111102,2.58,2.68,2.58,2.61,41104,0
20111103,2.6,2.61,2.58,2.58,17658,0
20111104,2.56,2.63,2.56,2.63,25703,0
20111107,2.63,2.67,2.63,2.67,10400,0
20111108,2.66,2.7,2.62,2.7,17911,0
20111109,2.7,2.7,2.55,2.55,16786,0
20111110,2.55,2.67,2.55,2.67,124799,0
20111114,2.67,2.74,2.67,2.74,25348,0
20111115,2.74,2.75,2.62,2.75,26757,0
20111116,2.69,2.72,2.65,2.72,101620,0
20111117,2.65,2.7,2.6,2.7,45804,0
20111118,2.63,2.69,2.6,2.69,26978,0
20111121,2.6,2.67,2.53,2.53,38078,0
20111122,2.51,2.6,2.47,2.56,100704,0
20111123,2.57,2.57,2.35,2.37,778215,0
20111124,2.54,2.54,2.39,2.42,30721,0
20111125,2.47,2.55,2.41,2.5,24404,0
20111128,2.56,2.56,2.42,2.54,20475,0
20111129,2.48,2.51,2.37,2.51,238109,0
20111130,2.45,2.62,2.39,2.62,408995,0
20111201,2.52,2.63,2.44,2.63,142515,0
20111202,2.63,2.67,2.55,2.67,20006,0
20111205,2.65,2.75,2.61,2.75,48438,0
20111206,2.74,2.79,2.71,2.79,80613,0
20111207,2.74,2.87,2.74,2.87,209042,0
20111208,2.82,2.95,2.82,2.91,331324,0
20111209,2.86,2.92,2.83,2.9,223733,0
20111212,2.9,2.9,2.81,2.9,20636,0
20111213,2.84,2.9,2.81,2.82,11300,0
20111214,2.81,2.9,2.71,2.89,1604406,0
20111215,2.89,2.89,2.76,2.76,7817,0
20111216,2.77,2.85,2.7,2.84,23667,0
20111219,2.76,2.8,2.73,2.75,313680,0
20111220,2.72,2.74,2.66,2.66,340609,0
20111221,2.69,2.79,2.69,2.79,13915,0
20111222,2.81,2.83,2.81,2.83,8322,0
20111223,2.88,2.88,2.8,2.85,13776,0
20111227,2.87,2.87,2.61,2.8,172090,0
20111228,2.84,2.84,2.72,2.84,5584,0
20111229,2.82,2.88,2.76,2.88,12268,0
20111230,2.88,2.88,2.79,2.87,54500,0
20120102,2.83,2.88,2.83,2.88,4000,0
20120103,2.81,2.82,2.81,2.81,2648,0
20120104,2.88,2.88,2.81,2.81,8682,0
20120105,2.8,2.8,2.78,2.78,6072,0
20120109,2.86,2.88,2.81,2.81,12612,0
20120110,2.78,2.83,2.78,2.83,1592,0
20120111,2.81,2.81,2.77,2.77,4153,0
20120112,2.73,2.8,2.73,2.78,4810,0
20120113,2.84,2.84,2.71,2.73,15728,0
20120116,2.71,2.75,2.71,2.75,19692,0
20120117,2.76,2.76,2.72,2.76,26293,0
20120118,2.75,2.77,2.75,2.77,3143,0
20120119,2.74,2.76,2.74,2.74,14045,0
20120120,2.74,2.74,2.74,2.74,155347,0
20120123,2.74,2.77,2.74,2.74,18392,0
20120124,2.76,2.8,2.76,2.8,25056,0
20120125,2.87,3.05,2.87,3,62793,0
20120126,3,3.14,3,3.06,48660,0
20120127,3.06,3.1,3.02,3.05,39618,0
20120130,3.09,3.1,3.05,3.08,7317,0
20120131,3.1,3.2,3.07,3.1,30687,0
20120201,3.1,3.15,3.1,3.1,389524,0
20120202,3.14,3.2,3.1,3.19,727937,0
20120203,3.2,3.35,3.2,3.28,330450,0
20120206,3.34,3.34,3.25,3.28,18660,0
20120207,3.23,3.23,3.16,3.16,13222,0
20120208,3.17,3.2,3.15,3.16,24414,0
20120209,3.19,3.2,3.16,3.16,10724,0
20120210,3.19,3.19,3.15,3.19,18199,0
20120213,3.2,3.5,3.2,3.4,633080,0
20120214,3.33,3.44,3.33,3.44,17318,0
20120215,3.44,3.45,3.4,3.42,7206,0
20120216,3.42,3.63,3.41,3.62,101774,0
20120217,3.63,3.73,3.63,3.7,38125,0
20120220,3.66,3.8,3.55,3.55,95101,0
20120221,3.6,3.6,3.32,3.58,58326,0
20120222,3.6,3.6,3.58,3.6,8443,0
20120223,3.51,3.58,3.47,3.51,10243,0
20120224,3.56,3.57,3.49,3.51,7792,0
20120227,3.55,3.6,3.55,3.55,18243,0
20120228,3.53,3.59,3.53,3.59,4910,0
20120229,3.6,3.75,3.58,3.75,114548,0
20120301,3.72,3.73,3.62,3.71,25845,0
20120302,3.72,3.72,3.66,3.66,16409,0
20120305,3.62,3.65,3.62,3.62,5214,0
20120306,3.55,3.64,3.4,3.5,238172,0
20120307,3.4,3.6,3.4,3.59,228751,0
20120308,3.59,3.59,3.55,3.59,17129,0
20120309,3.59,3.59,3.51,3.58,1777,0
20120312,3.53,3.58,3.53,3.58,33069,0
20120313,3.58,3.58,3.54,3.58,19068,0
20120314,3.55,3.68,3.53,3.68,26460,0
20120315,3.68,3.83,3.68,3.81,148646,0
20120316,3.85,3.85,3.75,3.75,43682,0
20120319,3.7,3.7,3.66,3.66,11708,0
20120320,3.7,3.7,3.55,3.64,514227,0
20120321,3.65,3.69,3.65,3.65,11700,0
20120322,3.65,3.65,3.35,3.52,127547,0
20120323,3.39,3.52,3.39,3.52,298927,0
20120326,3.5,3.5,3.46,3.5,149459,0
20120327,3.59,3.59,3.5,3.55,18398,0
20120328,3.55,3.58,3.55,3.58,14476,0
20120329,3.58,3.63,3.58,3.63,45700,0
20120330,3.68,3.68,3.66,3.68,72015,0
20120402,3.7,3.73,3.68,3.71,5643,0
20120403,3.72,3.72,3.56,3.65,7042,0
20120404,3.64,3.74,3.55,3.67,39977,0
20120405,3.58,3.6,3.57,3.58,111131,0
20120410,3.51,3.53,3.3,3.43,29770,0
20120411,3.4,3.59,3.32,3.59,414013,0
20120412,3.62,3.67,3.59,3.67,43597,0
20120413,3.69,3.69,3.63,3.68,5616,0
20120416,3.65,3.66,3.6,3.6,34689,0
20120417,3.51,3.65,3.51,3.65,99391,0
20120418,3.54,3.65,3.54,3.64,5390,0
20120419,3.58,3.65,3.54,3.63,24546,0
20120420,3.64,3.64,3.52,3.6,1276,0
20120423,3.6,3.6,3.4,3.43,329082,0
20120424,3.43,3.43,3.37,3.4,106890,0
20120425,3.38,3.51,3.37,3.4,174113,0
20120426,3.4,3.5,3.37,3.5,704659,0
20120427,3.5,3.65,3.5,3.65,21344,0
20120430,3.71,3.71,3.61,3.69,13169,0
20120502,3.69,3.7,3.61,3.68,11700,0
20120504,3.52,3.54,3.5,3.54,111136,0
20120507,3.51,3.55,3.41,3.54,121022,0
20120508,3.54,3.67,3.54,3.65,5956,0
20120509,3.64,3.65,3.51,3.63,103937,0
20120510,3.59,3.6,3.59,3.6,102000,0
20120511,3.56,3.61,3.47,3.61,169892,0
20120514,3.63,3.63,3.44,3.49,134978,0
20120515,3.5,3.5,3.41,3.48,68690,0
20120516,3.54,3.6,3.41,3.6,123957,0
20120517,3.49,3.6,3.49,3.59,25450,0
20120518,3.59,3.6,3.57,3.6,8005,0
20120521,3.49,3.63,3.49,3.6,6499,0
20120522,3.62,3.65,3.55,3.65,146280,0
20120523,3.67,3.69,3.6,3.67,47092,0
20120524,3.67,3.73,3.65,3.73,282560,0
20120525,3.67,3.8,3.67,3.8,35355,0
20120528,3.8,3.88,3.79,3.88,40158,0
20120529,3.89,4,3.87,4,83371,0
20120530,4,4.05,3.9,3.99,51699,0
20120531,3.93,4.15,3.93,4.14,138084,0
20120601,4.2,4.22,3.92,4.09,104890,0
20120604,4.09,4.09,3.86,3.94,58803,0
20120605,3.88,3.94,3.86,3.89,19015,0
20120606,3.81,4,3.73,4,45387,0
20120608,3.95,4.05,3.95,4.05,10994,0
20120611,4.1,4.1,3.86,3.9,14238,0
20120612,3.85,3.86,3.76,3.76,13660,0
20120613,3.8,3.8,3.61,3.7,38768,0
20120614,3.66,3.8,3.6,3.8,36881,0
20120615,3.74,3.75,3.7,3.75,5529,0
20120618,3.75,3.75,3.66,3.75,62416,0
20120619,3.72,4,3.7,4,71986,0
20120620,4,4,3.85,3.91,10444,0
20120621,3.85,3.85,3.83,3.83,2007,0
20120622,3.83,3.9,3.8,3.9,18644,0
20120625,3.9,3.9,3.81,3.9,7173,0
20120626,3.9,3.98,3.84,3.98,66617,0
20120627,4,4.04,3.91,4.03,18370,0
20120628,3.98,4.02,3.91,4.01,16844,0
20120629,3.93,4.01,3.93,4,29939,0
20120702,4,4.01,3.95,3.95,113130,0
20120703,4,4,3.93,3.99,2216,0
20120704,3.92,3.98,3.92,3.98,935,0
20120705,3.92,4.04,3.92,4.04,219627,0
20120706,4.02,4.09,3.96,4.05,55043,0
20120709,4.09,4.09,3.96,4.01,13258,0
20120710,4,4.08,4,4.08,114823,0
20120711,4.08,4.18,4.03,4.18,99487,0
20120712,4.15,4.18,4.02,4.14,67899,0
20120713,4.15,4.19,4.15,4.19,10434,0
20120716,4.1,4.18,4.1,4.18,7477,0
20120717,4.17,4.17,4.13,4.15,25325,0
20120718,4.15,4.15,4.15,4.15,6000,0
20120719,4.07,4.1,4.04,4.1,15588,0
20120720,4.03,4.13,4.02,4.13,16256,0
20120723,4.01,4.03,3.96,3.96,54605,0
20120724,3.93,3.99,3.7,3.99,102274,0
20120725,3.94,4.04,3.9,4,19693,0
20120726,3.86,3.93,3.86,3.93,95466,0
20120727,3.85,3.98,3.85,3.98,6966,0
20120730,3.89,4.05,3.89,4.02,189382,0
20120731,3.96,4.08,3.96,4.08,62407,0
20120801,4,4.01,3.99,4,71640,0
20120802,4.01,4.01,3.96,4,6462,0
20120803,4,4,4,4,105373,0
20120806,3.95,4,3.95,4,103900,0
20120807,3.99,4,3.95,4,521395,0
20120808,3.95,4,3.95,4,10730,0
20120809,3.95,4,3.95,4,158262,0
20120810,4,4,3.95,3.95,6716,0
20120813,3.92,4,3.92,4,11616,0
20120814,4.02,4.02,4.02,4.02,8120,0
20120816,4.02,4.07,4.02,4.07,15214,0
20120817,4.01,4.07,4,4.07,15475,0
20120820,4.07,4.12,4.05,4.12,19345,0
20120821,4.04,4.15,4.04,4.15,18881,0
20120822,4.15,4.15,4.1,4.1,32256,0
20120823,4.1,4.1,4.1,4.1,20000,0
20120824,4.1,4.1,4.1,4.1,300,0
20120827,4.09,4.09,4.09,4.09,95,0
20120828,4.01,4.12,4.01,4.12,159320,0
20120829,4.15,4.17,4.1,4.17,29460,0
20120830,4.17,4.18,4.1,4.15,204994,0
20120831,4.21,4.49,4.21,4.47,1053589,0
20120903,4.47,4.47,4.39,4.4,81806,0
20120904,4.4,4.5,4.35,4.42,97326,0
20120905,4.49,4.5,4.46,4.5,24754,0
20120906,4.51,4.67,4.45,4.5,232285,0
20120907,4.52,4.52,4.33,4.4,77125,0
20120910,4.34,4.35,4.21,4.25,174602,0
20120911,4.24,4.25,4.15,4.25,73192,0
20120912,4.4,4.4,4.28,4.35,78595,0
20120913,4.39,4.47,4.39,4.4,279676,0
20120914,4.45,4.48,4.38,4.4,58347,0
20120917,4.42,4.42,4.2,4.4,141604,0
20120918,4.39,4.42,4.28,4.41,69084,0
20120919,4.38,4.42,4.38,4.4,74133,0
20120920,4.39,4.48,4.39,4.42,79219,0
20120921,4.43,4.56,4.4,4.42,84792,0
20120924,4.5,4.5,4.39,4.43,64616,0
20120925,4.43,4.63,4.36,4.63,112700,0
20120926,4.53,4.71,4.53,4.6,164217,0
20120927,4.68,4.73,4.54,4.6,161517,0
20120928,4.71,4.72,4.55,4.68,156380,0
20121001,4.7,4.7,4.6,4.65,29620,0
20121002,4.6,4.61,4.43,4.6,91151,0
20121003,4.52,4.6,4.52,4.58,16859,0
20121004,4.55,4.58,4.49,4.55,29986,0
20121005,4.5,4.57,4.44,4.55,46798,0
20121008,4.55,4.55,4.48,4.54,14871,0
20121009,4.54,4.54,4.44,4.48,25038,0
20121010,4.47,4.48,4.43,4.45,62935,0
20121011,4.43,4.45,4.34,4.4,87160,0
20121012,4.4,4.6,4.36,4.6,38346,0
20121015,4.6,4.6,4.58,4.58,1326815,0
20121016,4.58,4.59,4.48,4.52,688236,0
20121017,4.5,4.55,4.5,4.55,5761,0
20121018,4.6,4.6,4.52,4.6,38590,0
20121019,4.6,4.69,4.6,4.65,20849,0
20121022,4.63,4.72,4.56,4.72,28123,0
20121023,4.74,4.89,4.74,4.8,38489,0
20121024,4.82,4.82,4.75,4.8,15285,0
20121025,4.82,4.88,4.77,4.83,23246,0
20121026,4.9,4.9,4.75,4.75,18814,0
20121029,4.74,4.78,4.68,4.78,18822,0
20121030,4.7,4.72,4.58,4.66,175585,0
20121031,4.69,4.72,4.6,4.72,33006,0
20121102,4.73,4.76,4.7,4.76,303188,0
20121105,4.76,4.76,4.66,4.67,194475,0
20121106,4.73,4.73,4.64,4.65,36155,0
20121107,4.67,4.67,4.62,4.63,3252065,0
20121108,4.61,4.67,4.52,4.63,123318,0
20121109,4.7,4.71,4.65,4.66,102079,0
20121112,4.69,4.7,4.64,4.69,20841,0
20121113,4.67,4.69,4.64,4.69,16537,0
20121114,4.66,4.73,4.64,4.72,169856,0
20121115,4.81,4.97,4.81,4.89,372542,0
20121116,4.85,4.86,4.83,4.85,31817,0
20121119,4.85,4.85,4.71,4.81,207841,0
20121120,4.8,4.85,4.76,4.8,165175,0
20121121,4.8,4.86,4.75,4.82,102397,0
20121122,4.87,4.9,4.8,4.85,1329505,0
20121123,4.86,4.88,4.85,4.86,56478,0
20121126,4.9,4.9,4.74,4.75,383632,0
20121127,4.77,4.85,4.77,4.8,29079,0
20121128,4.8,4.8,4.76,4.79,140766,0
20121129,4.79,4.85,4.77,4.83,57824,0
20121130,4.83,4.85,4.83,4.85,30179,0
20121203,4.85,4.85,4.83,4.84,42891,0
20121204,4.85,4.86,4.83,4.83,70201,0
20121205,4.82,4.87,4.76,4.83,68277,0
20121206,4.82,4.85,4.79,4.85,35875,0
20121207,4.84,4.84,4.79,4.8,18118,0
20121210,4.8,4.84,4.77,4.84,14545,0
20121211,4.82,4.85,4.77,4.85,58895,0
20121212,4.85,4.88,4.76,4.88,707211,0
20121213,4.89,4.9,4.82,4.86,36400,0
20121214,4.89,4.89,4.82,4.86,20984,0
20121217,4.82,4.86,4.78,4.8,52006,0
20121218,4.77,4.82,4.77,4.82,116306,0
20121219,4.8,4.89,4.8,4.85,85309,0
20121220,4.85,4.85,4.8,4.85,56469,0
20121221,4.85,4.87,4.77,4.85,105626,0
20121227,4.85,4.85,4.81,4.81,84529,0
20121228,4.88,4.89,4.77,4.77,215075,0
20130102,4.79,4.84,4.75,4.8,155597,0
20130103,4.8,4.8,4.78,4.8,5745,0
20130104,4.8,4.87,4.78,4.8,68769,0
20130107,4.8,4.8,4.36,4.7,77820,0
20130108,4.61,4.77,4.61,4.77,44650,0
20130109,4.8,4.82,4.71,4.8,35628,0
20130110,4.78,4.8,4.75,4.8,22341,0
20130111,4.75,4.77,4.7,4.77,24946,0
20130114,4.71,4.74,4.69,4.7,118299,0
20130115,4.68,4.73,4.64,4.65,156811,0
20130116,4.67,4.69,4.63,4.63,128168,0
20130117,4.63,4.65,4.61,4.64,12181,0
20130118,4.64,4.65,4.6,4.65,62730,0
20130121,4.59,4.63,4.59,4.62,19506,0
20130122,4.65,4.65,4.64,4.65,19417,0
20130123,4.65,4.66,4.59,4.6,87268,0
20130124,4.6,4.65,4.53,4.6,20133,0
20130125,4.6,4.6,4.58,4.6,27540,0
20130128,4.56,4.56,4.53,4.54,42390,0
20130129,4.47,4.59,4.46,4.54,119195,0
20130130,4.51,4.55,4.48,4.55,104467,0
20130131,4.54,4.57,4.52,4.55,77231,0
20130201,4.59,4.71,4.58,4.64,35910,0
20130204,4.68,4.68,4.63,4.65,21108,0
20130205,4.7,4.7,4.6,4.6,7185,0
20130206,4.6,4.6,4.5,4.5,38560,0
20130207,4.6,4.6,4.43,4.43,128840,0
20130208,4.43,4.51,4.43,4.51,209381,0
20130211,4.55,4.55,4.48,4.53,30911,0
20130212,4.59,4.59,4.5,4.55,22495,0
20130213,4.55,4.55,4.51,4.55,48894,0
20130214,4.57,4.6,4.5,4.6,55119,0
20130215,4.6,4.65,4.59,4.65,37167,0
20130218,4.68,4.71,4.62,4.65,42011,0
20130219,4.69,4.74,4.67,4.7,323618,0
20130220,4.74,4.75,4.67,4.67,59793,0
20130221,4.7,4.75,4.7,4.75,38068,0
20130222,4.75,4.78,4.73,4.73,42020,0
20130225,4.77,4.79,4.74,4.75,78681,0
20130226,4.75,4.75,4.74,4.75,32334,0
20130227,4.79,4.79,4.73,4.74,122768,0
20130228,4.78,4.79,4.72,4.72,5968,0
20130301,4.71,4.76,4.7,4.75,202040,0
20130304,4.81,4.99,4.75,4.8,499785,0
20130305,4.8,4.8,4.65,4.7,73444,0
20130306,4.79,4.79,4.71,4.75,227104,0
20130307,4.75,4.75,4.66,4.66,47625,0
20130308,4.66,4.76,4.65,4.65,266056,0
20130311,4.65,4.68,4.63,4.66,224490,0
20130312,4.68,4.75,4.68,4.75,113223,0
20130313,4.79,4.81,4.75,4.8,160997,0
20130314,4.82,4.82,4.77,4.8,34815,0
20130315,4.79,4.84,4.78,4.84,30112,0
20130318,4.82,4.82,4.75,4.79,44015,0
20130319,4.73,4.81,4.73,4.8,33952,0
20130320,4.76,4.89,4.76,4.86,33566,0
20130321,4.86,4.94,4.76,4.81,340375,0
20130322,4.81,4.82,4.7,4.7,108812,0
20130325,4.74,4.74,4.7,4.7,263516,0
20130326,4.7,4.7,4.68,4.7,12664,0
20130327,4.79,4.79,4.7,4.72,211236,0
20130328,4.79,4.79,4.69,4.69,865632,0
20130402,4.68,4.75,4.68,4.69,101862,0
20130403,4.7,4.7,4.68,4.68,33350,0
20130404,4.64,4.67,4.64,4.67,9630,0
20130405,4.67,4.67,4.64,4.65,207013,0
20130408,4.64,4.7,4.64,4.65,16086,0
20130409,4.65,4.65,4.51,4.65,49333,0
20130410,4.55,4.67,4.55,4.65,27494,0
20130411,4.68,4.69,4.67,4.69,16724,0
20130412,4.7,4.7,4.65,4.69,2067,0
20130415,4.69,4.7,4.65,4.7,12714,0
20130417,4.55,4.68,4.55,4.68,158597,0
20130418,4.62,4.68,4.55,4.68,23938,0
20130419,4.68,4.68,4.58,4.6,31830,0
20130422,4.57,4.72,4.57,4.72,111197,0
20130423,4.7,4.7,4.65,4.69,58606,0
20130424,4.53,4.66,4.42,4.66,1030023,0
20130425,4.56,4.65,4.56,4.65,30500,0
20130426,4.62,4.62,4.52,4.55,1011613,0
20130429,4.55,4.65,4.5,4.64,11380,0
20130430,4.69,4.69,4.51,4.6,117138,0
20130502,4.59,4.6,4.56,4.6,25710,0
20130506,4.59,4.59,4.53,4.57,124357,0
20130507,4.55,4.59,4.53,4.53,204495,0
20130508,4.53,4.6,4.45,4.6,25408,0
20130509,4.62,4.68,4.56,4.59,218113,0
20130510,4.6,4.65,4.59,4.65,34303,0
20130513,4.61,4.65,4.51,4.65,54927,0
20130514,4.65,4.7,4.61,4.65,26762,0
20130515,4.64,4.68,4.64,4.68,21234,0
20130516,4.68,4.68,4.62,4.64,203627,0
20130517,4.64,4.65,4.6,4.65,30027,0
20130520,4.65,4.65,4.53,4.6,1137486,0
20130521,4.53,4.59,4.53,4.59,652852,0
20130522,4.57,4.57,4.52,4.54,1921635,0
20130523,4.51,4.55,4.51,4.55,1564564,0
20130524,4.55,4.71,4.52,4.66,2812066,0
20130527,4.66,4.91,4.66,4.9,694451,0
20130528,4.99,5.09,4.95,5.01,314662,0
20130529,5,5.21,5,5.1,1440038,0
20130531,5.11,5.45,5.1,5.45,2234534,0
20130603,5.44,5.44,5.26,5.3,43201,0
20130604,5.21,5.45,5.15,5.4,337548,0
20130605,5.32,5.4,5.28,5.4,122786,0
20130606,5.39,5.39,5.35,5.35,8852,0
20130607,5.38,5.6,5.38,5.45,1621579,0
20130610,5.6,5.6,5.4,5.5,110124,0
20130611,5.5,5.55,5.42,5.5,1541825,0
20130612,5.45,5.5,5.43,5.5,76060,0
20130613,5.47,5.5,5.46,5.49,66777,0
20130614,5.49,5.55,5.45,5.55,236944,0
20130617,5.6,5.6,5.45,5.54,115689,0
20130618,5.43,5.54,5.43,5.45,57101,0
20130619,5.49,5.53,5.49,5.52,193094,0
20130620,5.52,5.59,5.42,5.58,295825,0
20130621,5.5,5.55,5.44,5.55,93835,0
20130624,5.5,5.52,5.44,5.44,24480,0
20130625,5.4,5.54,5.4,5.54,41028,0
20130626,5.5,5.5,5.42,5.45,82259,0
20130627,5.48,5.5,5.43,5.5,65544,0
20130628,5.5,5.54,5.45,5.5,99134,0
20130701,5.33,5.49,5.2,5.48,83008,0
20130702,5.45,5.47,5.35,5.47,4739,0
20130703,5.41,5.45,5.4,5.45,9054,0
20130704,5.41,5.45,5.35,5.45,37141,0
20130705,5.45,5.45,5.35,5.43,1007304,0
20130708,5.43,5.43,5.39,5.39,5076,0
20130709,5.39,5.39,5.26,5.39,31693,0
20130710,5.3,5.31,5.17,5.26,103587,0
20130711,5.07,5.29,5.01,5.29,188373,0
20130712,5.21,5.3,5.21,5.3,73797,0
20130715,5.21,5.28,5.21,5.28,19282,0
20130716,5.1,5.3,5.1,5.23,46021,0
20130717,5.18,5.19,5.1,5.19,35030,0
20130718,5.19,5.3,5.09,5.18,35526,0
20130719,5.06,5.24,5.05,5.19,45395,0
20130722,5.19,5.27,5.13,5.27,5817,0
20130723,5.27,5.49,5.26,5.46,33069,0
20130724,5.33,5.5,5.33,5.5,10818,0
20130725,5.48,5.48,5.41,5.43,30919,0
20130726,5.4,5.4,5.36,5.39,10166,0
20130729,5.39,5.39,5.3,5.35,6344,0
20130730,5.35,5.5,5.32,5.48,9185,0
20130731,5.45,5.48,5.44,5.48,14157,0
20130801,5.55,5.58,5.33,5.5,62253,0
20130802,5.5,5.5,5.49,5.49,1699,0
20130805,5.45,5.5,5.45,5.49,5610,0
20130806,5.4,5.4,5.4,5.4,1174,0
20130807,5.4,5.4,5.33,5.4,2250,0
20130808,5.39,5.4,5.35,5.35,10632,0
20130809,5.33,5.38,5.31,5.31,5931,0
20130812,5.3,5.49,5.21,5.33,13525,0
20130813,5.45,5.45,5.36,5.45,1561,0
20130814,5.48,5.48,5.33,5.4,182164,0
20130816,5.4,5.48,5.39,5.39,13459,0
20130819,5.42,5.45,5.32,5.39,13141,0
20130820,5.38,5.39,5.31,5.39,66985,0
20130821,5.4,5.5,5.37,5.38,14037,0
20130822,5.4,5.4,5.33,5.38,7158,0
20130823,5.49,5.49,5.38,5.38,312,0
20130826,5.45,5.45,5.45,5.45,7104,0
20130827,5.46,5.46,5.32,5.33,3724,0
20130828,5.31,5.35,5.3,5.34,8123,0
20130829,5.4,5.4,5.26,5.36,6846,0
20130830,5.3,5.34,5.03,5.29,71994,0
20130902,5.29,5.29,5.21,5.29,2397,0
20130903,5.31,5.31,5.2,5.29,39710,0
20130904,5.28,5.35,5.2,5.35,17911,0
20130905,5.36,5.36,5.2,5.25,45847,0
20130906,5.25,5.35,5.11,5.35,12380,0
20130909,5.28,5.49,5.26,5.49,12239,0
20130910,5.5,5.5,5.41,5.5,8142,0
20130911,5.5,5.5,5.38,5.49,13229,0
20130912,5.5,5.5,5.37,5.47,55764,0
20130913,5.5,5.5,5.44,5.45,14088,0
20130916,5.44,5.6,5.44,5.56,77139,0
20130917,5.7,5.78,5.7,5.74,25785,0
20130918,5.77,5.8,5.68,5.74,484026,0
20130919,5.79,5.84,5.68,5.72,254534,0
20130920,5.72,5.79,5.68,5.72,144991,0
20130923,5.8,5.8,5.71,5.71,9672,0
20130924,5.74,5.74,5.53,5.53,41079,0
20130925,5.5,5.55,5.35,5.46,284301,0
20130926,5.43,5.69,5.43,5.52,202482,0
20130927,5.73,5.73,5.46,5.46,253626,0
20130930,5.49,5.54,5.4,5.48,515978,0
20131001,5.55,5.55,5.49,5.49,55335,0
20131002,5.5,5.5,5.4,5.4,9712,0
20131003,5.39,5.48,5.39,5.48,26110,0
20131004,5.48,5.48,5.4,5.4,113258,0
20131007,5.45,5.45,5.4,5.45,81087,0
20131008,5.41,5.41,5.37,5.4,95284,0
20131009,5.47,5.47,5.25,5.25,17310,0
20131010,5.26,5.3,5.2,5.24,151821,0
20131011,5.2,5.29,5.19,5.29,27001,0
20131014,5.3,5.38,5.22,5.25,94136,0
20131015,5.27,5.34,5.26,5.34,93828,0
20131016,5.34,5.34,5.25,5.28,105270,0
20131017,5.29,5.35,5.28,5.35,266509,0
20131018,5.35,5.48,5.29,5.48,111550,0
20131021,5.48,5.67,5.44,5.5,186361,0
20131022,5.65,5.69,5.45,5.52,490562,0
20131023,5.52,5.55,5.49,5.49,34444,0
20131024,5.46,5.53,5.45,5.5,277863,0
20131025,5.6,5.6,5.51,5.54,7920,0
20131028,5.59,5.6,5.54,5.54,22209,0
20131029,5.54,5.64,5.54,5.59,31492,0
20131030,5.59,5.62,5.46,5.52,22128,0
20131031,5.49,5.5,5.35,5.35,10881,0
20131104,5.33,5.33,5.17,5.22,284442,0
20131105,5.28,5.35,5.24,5.24,538799,0
20131106,5.22,5.27,5.22,5.22,491904,0
20131107,5.23,5.31,5.21,5.22,28024,0
20131108,5.33,5.33,5.22,5.28,217101,0
20131112,5.3,5.33,5.23,5.23,8664,0
20131113,5.28,5.28,5.2,5.27,20545,0
20131114,5.31,5.49,5.26,5.49,57209,0
20131115,5.48,5.74,5.45,5.65,521382,0
20131118,5.64,5.7,5.6,5.66,218066,0
20131119,5.63,5.66,5.55,5.6,40814,0
20131120,5.6,5.6,5.47,5.58,57157,0
20131121,5.53,5.58,5.5,5.5,311184,0
20131122,5.56,5.56,5.5,5.5,151119,0
20131125,5.5,5.5,5.42,5.49,216668,0
20131126,5.44,5.55,5.43,5.49,206468,0
20131127,5.49,5.49,5.4,5.4,26550,0
20131128,5.39,5.4,5.27,5.27,27512,0
20131129,5.24,5.35,5.23,5.27,36531,0
20131202,5.27,5.34,5.25,5.28,159511,0
20131203,5.28,5.3,5.21,5.3,53625,0
20131204,5.3,5.39,5.2,5.2,41345,0
20131205,5.18,5.29,5.18,5.26,67447,0
20131206,5.27,5.3,5.26,5.26,114502,0
20131209,5.39,5.39,5.3,5.39,12870,0
20131210,5.39,5.45,5.37,5.45,31017,0
20131211,5.48,5.48,5.41,5.44,506431,0
20131212,5.27,5.38,5.25,5.37,14129,0
20131213,5.3,5.39,5.25,5.25,6110,0
20131216,5.23,5.29,5.2,5.2,125844,0
20131217,5.23,5.3,4.95,4.95,16448,0
20131218,4.72,5.16,4.7,5.04,849040,0
20131219,5.37,5.37,5.2,5.27,12422,0
20131220,5.24,5.25,5.1,5.18,341927,0
20131223,5.12,5.29,5.12,5.28,9290,0
20131227,5.28,5.43,5.28,5.42,599333,0
20131230,5.33,5.42,5.16,5.3,567250,0
20140102,5.35,5.35,5.26,5.29,6692,0
20140103,5.35,5.58,5.21,5.49,1870513,0
20140107,5.48,5.48,5.31,5.35,13925,0
20140108,5.35,5.35,5.29,5.31,9761,0
20140109,5.42,5.42,5.4,5.4,26001,0
20140110,5.32,5.38,5.2,5.32,121934,0
20140113,5.26,5.32,5.14,5.2,133698,0
20140114,5.2,5.21,5.12,5.2,490547,0
20140115,5.22,5.3,5.22,5.26,311024,0
20140116,5.24,5.35,5.2,5.24,8681,0
20140117,5.2,5.24,5.1,5.13,60736,0
20140120,5.13,5.14,5.11,5.13,8270,0
20140121,5.12,5.17,5.12,5.16,217089,0
20140122,5.17,5.23,5.07,5.07,65865,0
20140123,5.1,5.11,4.91,4.91,44594,0
20140124,4.9,5,4.74,5,30119,0
20140127,4.94,4.95,4.75,4.95,17264,0
20140128,4.98,5,4.93,5,19952,0
20140129,5.09,5.29,5.04,5.29,39832,0
20140130,5.2,5.2,4.98,5,42541,0
20140131,5.03,5.03,4.96,4.99,34238,0
20140203,5,5.11,4.98,5.04,31405,0
20140204,4.97,5.01,4.95,4.98,5474,0
20140205,5,5,4.83,4.84,16157,0
20140206,4.79,4.96,4.75,4.87,19993,0
20140207,4.96,4.96,4.9,4.9,44246,0
20140210,4.96,5.02,4.9,4.96,5567,0
20140211,4.96,4.98,4.77,4.98,40558,0
20140212,4.91,4.95,4.88,4.94,13552,0
20140213,4.93,4.93,4.77,4.8,16603,0
20140214,4.8,4.84,4.78,4.78,4961,0
20140217,4.81,4.93,4.81,4.86,34570,0
20140218,4.86,5.05,4.86,4.98,94113,0
20140219,4.91,4.97,4.85,4.93,22647,0
20140220,4.93,4.93,4.75,4.83,41365,0
20140221,4.84,4.85,4.8,4.85,36439,0
20140224,4.85,4.85,4.8,4.8,5183,0
20140225,4.8,4.84,4.79,4.82,9560,0
20140226,4.84,4.84,4.77,4.79,19104,0
20140227,4.84,4.84,4.78,4.83,5743,0
20140228,4.83,4.83,4.63,4.63,19037,0
20140303,4.63,4.64,4.23,4.4,55004,0
20140304,4.28,4.49,4.28,4.49,35695,0
20140305,4.6,4.63,4.3,4.3,23171,0
20140306,4.31,4.54,4.31,4.54,10433,0
20140307,4.52,4.59,4.31,4.31,13001,0
20140310,4.36,4.47,4.15,4.26,2751354,0
20140311,4.17,4.27,4.15,4.17,280627,0
20140312,4.2,4.2,4.07,4.15,129064,0
20140313,4.1,4.26,4.1,4.16,8673,0
20140314,4.25,4.3,4,4.15,241091,0
20140317,4.15,4.35,4.15,4.25,12951,0
20140318,4.34,4.35,4.2,4.2,186871,0
20140319,4.2,4.28,4.1,4.1,56663,0
20140320,4.25,4.25,4.05,4.15,58859,0
20140321,4.2,4.25,4.11,4.24,18781,0
20140324,4.2,4.2,3.88,3.88,47878,0
20140325,3.98,4.15,3.82,4.15,76573,0
20140326,4.15,4.31,4.15,4.3,46685,0
20140327,4.3,4.3,4.25,4.3,23290,0
20140328,4.2,4.34,4.2,4.34,62325,0
20140331,4.34,4.5,4.3,4.4,109258,0
20140401,4.5,4.51,4.45,4.49,12396,0
20140402,4.48,4.55,4.48,4.52,3869,0
20140403,4.55,4.58,4.52,4.55,14401,0
20140404,4.5,4.54,4.49,4.5,116048,0
20140407,4.58,4.58,4.4,4.44,1072,0
20140408,4.41,4.48,4.4,4.48,9850,0
20140409,4.42,4.42,4.35,4.4,6992,0
20140410,4.38,4.39,4.38,4.38,101801,0
20140411,4.31,4.45,4.3,4.3,4425,0
20140414,4.43,4.43,4.05,4.05,59951,0
20140415,4.05,4.2,4.05,4.07,36678,0
20140416,4.07,4.2,4.07,4.08,1055,0
20140417,4.07,4.2,4.01,4.01,46248,0
20140422,4.19,4.19,4.07,4.08,1039820,0
20140423,4.08,4.15,4.07,4.08,7078,0
20140424,4.48,4.6,4.4,4.45,827670,0
20140425,4.5,4.5,4.45,4.49,55653,0
20140428,4.49,4.51,4.35,4.45,42696,0
20140429,4.45,4.45,4.37,4.42,7480,0
20140430,4.43,4.44,4.37,4.39,11383,0
20140502,4.44,4.49,4.36,4.45,11663,0
20140505,4.49,4.53,4.44,4.44,7107,0
20140506,4.46,4.48,4.4,4.46,16445,0
20140507,4.46,4.46,4.2,4.39,23636,0
20140508,4.39,4.39,4.27,4.27,16884,0
20140509,4.27,4.28,4.18,4.18,25562,0
20140512,4.19,4.4,4.19,4.21,32445,0
20140513,4.29,4.32,4.15,4.27,89663,0
20140514,4.29,4.29,4.18,4.22,24895,0
20140515,4.22,4.25,4.13,4.13,23634,0
20140516,4.12,4.4,4.12,4.38,284845,0
20140519,4.4,4.66,4.4,4.57,303096,0
20140520,4.7,4.7,4.56,4.58,173366,0
20140521,4.58,4.58,4.5,4.55,3741,0
20140522,4.62,4.8,4.56,4.8,316475,0
20140523,4.84,4.84,4.76,4.8,129431,0
20140526,4.84,4.89,4.77,4.84,240090,0
20140527,4.85,4.85,4.71,4.8,26064,0
20140528,4.8,4.8,4.61,4.7,13411,0
20140529,4.6,4.65,4.56,4.58,84255,0
20140530,4.55,4.75,4.52,4.73,19814,0
20140602,4.8,4.85,4.67,4.68,36506,0
20140603,4.79,4.79,4.68,4.7,11168,0
20140604,4.75,4.77,4.67,4.67,9769,0
20140605,4.74,4.74,4.62,4.7,20204,0
20140606,4.7,5.07,4.7,4.8,405616,0
20140609,4.86,4.9,4.79,4.81,77816,0
20140610,4.87,4.88,4.7,4.71,58842,0
20140611,4.73,4.88,4.73,4.82,160144,0
20140612,4.89,4.9,4.8,4.81,41578,0
20140613,4.82,4.86,4.75,4.85,69074,0
