Date,Open,High,Low,Close,Volume,OpenInt
20100414,12.311,12.684,11.705,11.723,134664,0
20100415,12.041,12.097,11.723,11.723,57728,0
20100416,12.013,12.013,11.565,11.891,227,0
20100419,11.565,11.565,10.847,11.556,365,0
20100420,11.938,11.985,11.304,11.845,152982,0
20100421,11.304,11.845,11.304,11.845,228,0
20100422,11.742,11.752,11.742,11.742,646,0
20100423,11.285,11.612,11.285,11.341,1459,0
20100426,11.752,11.985,11.397,11.752,1663,0
20100427,11.565,11.565,11.406,11.406,536,0
20100428,11.285,11.285,11.192,11.285,548,0
20100429,11.854,11.985,11.378,11.378,464,0
20100430,11.201,11.891,11.192,11.891,683,0
20100505,11.565,11.565,11.099,11.099,143487,0
20100507,11.015,11.099,11.005,11.005,19190,0
20100510,11.192,11.192,11.192,11.192,225,0
20100511,11.201,11.201,10.865,10.865,11738,0
20100512,11.285,11.285,11.192,11.192,510,0
20100513,11.248,11.248,11.248,11.248,1086,0
20100514,11.192,11.472,11.192,11.472,1958,0
20100517,11.472,11.472,11.472,11.472,231,0
20100518,11.472,11.472,11.472,11.472,3364,0
20100520,11.453,11.462,10.726,11.453,1112,0
20100525,10.38,11.192,10.38,11.145,351,0
20100526,10.726,11.052,10.726,11.052,1464,0
20100527,11.099,11.192,11.099,11.192,12190,0
20100528,11.192,11.248,10.912,11.248,9792,0
20100531,11.052,11.211,11.052,11.211,904,0
20100601,11.192,11.192,10.819,10.931,7322,0
20100604,10.865,10.931,10.837,10.931,325,0
20100607,10.837,10.837,10.837,10.837,201,0
20100608,10.586,10.837,10.586,10.837,1241,0
20100609,10.819,10.837,10.819,10.837,74,0
20100610,10.632,10.651,10.632,10.651,45,0
20100611,10.931,10.931,10.735,10.735,2663,0
20100614,10.735,10.735,10.735,10.735,89,0
20100615,10.502,10.502,10.502,10.502,107,0
20100616,10.502,10.726,10.502,10.726,32797,0
20100617,10.502,10.586,10.269,10.269,24635,0
20100618,10.278,10.362,10.278,10.362,986,0
20100621,10.259,10.259,10.259,10.259,312,0
20100623,9.7,10.446,9.7,10.073,11385,0
20100624,9.979,9.989,9.979,9.989,57,0
20100625,10.707,10.726,10.707,10.716,365,0
20100628,10.726,11.005,10.352,10.912,4287,0
20100629,11.033,11.285,10.819,10.819,2733,0
20100630,10.539,10.959,10.539,10.959,158,0
20100701,10.959,10.959,10.539,10.959,44,0
20100702,10.959,10.959,10.959,10.959,268,0
20100705,10.959,11.192,10.959,11.192,278,0
20100706,11.145,11.35,10.586,11.35,1591,0
20100707,11.35,11.658,11.099,11.295,2565,0
20100708,11.658,11.705,11.658,11.705,458,0
20100709,11.705,11.705,11.658,11.658,527,0
20100712,11.752,11.752,11.705,11.705,4179,0
20100713,11.705,12.078,11.705,12.059,1689,0
20100714,11.239,12.069,11.239,12.069,54691,0
20100715,12.031,12.106,12.031,12.106,22,0
20100716,11.938,12.013,11.938,12.013,91784,0
20100719,12.115,12.115,11.798,11.985,10744,0
20100720,11.798,12.106,11.798,12.106,11712,0
20100721,12.106,12.106,12.106,12.106,12,0
20100722,12.097,12.097,12.097,12.097,9,0
20100723,12.031,12.031,11.845,11.845,762,0
20100726,12.078,12.078,11.845,11.845,249,0
20100727,11.845,11.845,11.472,11.845,1035,0
20100728,11.929,11.929,11.332,11.929,1835,0
20100729,11.891,11.891,11.612,11.612,478,0
20100730,11.453,11.453,11.453,11.453,858,0
20100802,11.649,11.649,11.649,11.649,5,0
20100803,11.565,11.658,11.388,11.472,19543,0
20100804,11.565,11.565,11.565,11.565,215,0
20100805,11.649,11.649,11.201,11.201,555,0
20100806,11.621,11.621,11.621,11.621,490,0
20100809,11.63,11.63,11.201,11.565,1519,0
20100810,11.891,11.891,11.891,11.891,107,0
20100812,11.388,11.565,11.388,11.565,849,0
20100813,11.658,11.752,11.378,11.63,1133,0
20100816,11.752,11.752,11.63,11.742,138,0
20100817,11.285,11.285,11.285,11.285,7,0
20100818,11.835,11.835,11.192,11.285,12202,0
20100819,11.192,11.192,11.192,11.192,10,0
20100820,11.099,11.789,11.099,11.789,58,0
20100823,11.201,11.891,11.201,11.789,7366,0
20100824,11.229,11.658,11.229,11.64,308,0
20100825,11.248,11.257,11.248,11.257,55,0
20100826,11.649,11.649,11.285,11.285,26923,0
20100827,11.649,11.649,11.304,11.304,2175,0
20100830,11.649,11.649,11.378,11.378,22034,0
20100831,11.63,11.63,11.024,11.192,3716,0
20100901,11.658,11.658,11.239,11.63,213,0
20100902,11.192,11.509,11.192,11.509,9,0
20100903,11.462,11.462,11.099,11.099,40124,0
20100906,11.099,11.117,11.099,11.099,577,0
20100907,11.462,11.462,10.959,10.959,452,0
20100908,11.416,11.416,11.341,11.341,65,0
20100909,10.921,10.921,10.921,10.921,22,0
20100910,11.425,11.425,11.332,11.332,59,0
20100913,11.472,11.472,11.472,11.472,10,0
20100914,11.173,11.173,11.173,11.173,54,0
20100915,11.378,11.378,11.005,11.005,322,0
20100916,11.015,11.015,11.005,11.005,275,0
20100917,11.052,11.052,11.052,11.052,1081,0
20100920,11.052,11.36,11.052,11.36,131,0
20100921,11.36,11.36,10.977,10.977,1047,0
20100922,10.977,11.369,10.977,11.341,764,0
20100923,11.304,11.304,10.446,11.192,2093,0
20100924,11.127,11.127,11.127,11.127,10,0
20100927,11.08,11.08,10.492,10.548,2366,0
20100928,11.099,11.099,10.259,10.548,24740,0
20100929,10.763,10.763,10.073,10.073,14711,0
20100930,10.642,10.642,9.979,10.52,3833,0
20101001,10.418,10.418,10.073,10.073,471,0
20101004,10.39,10.39,10.073,10.073,1203,0
20101005,10.073,10.073,9.989,9.989,440,0
20101006,10.166,10.166,9.979,9.979,3892,0
20101007,10.334,10.334,9.979,10.203,2453,0
20101008,10.054,10.269,10.054,10.269,16873,0
20101011,10.119,10.119,9.812,9.989,366,0
20101012,10.11,10.11,9.989,9.989,59,0
20101013,9.979,10.073,9.979,10.073,611,0
20101014,10.101,10.101,9.849,9.849,429,0
20101015,10.11,10.11,10.11,10.11,10,0
20101018,10.11,10.11,10.11,10.11,427,0
20101019,10.11,10.11,9.858,9.979,678,0
20101020,10.11,10.679,9.793,9.793,5170,0
20101021,9.886,9.886,9.737,9.793,937,0
20101022,9.793,9.793,9.793,9.793,6912,0
20101025,9.97,9.97,9.793,9.793,215,0
20101026,9.793,9.793,9.793,9.793,5259,0
20101027,9.793,9.961,9.793,9.961,268,0
20101028,9.952,9.952,9.793,9.793,322,0
20101029,9.812,9.812,9.765,9.793,322,0
20101102,9.933,10.119,9.923,9.979,80898,0
20101103,10.241,10.241,10.213,10.213,396,0
20101104,10.259,10.259,10.25,10.259,1781,0
20101105,10.446,10.726,10.101,10.325,1409,0
20101108,10.325,10.819,10.325,10.819,1185,0
20101109,10.837,10.837,10.352,10.763,2361,0
20101110,10.763,10.763,10.586,10.632,2197,0
20101112,10.642,10.996,10.642,10.782,549,0
20101115,10.754,10.754,10.586,10.586,215,0
20101116,10.586,10.586,10.306,10.352,1429,0
20101117,10.446,10.446,10.352,10.352,334,0
20101118,10.707,10.707,10.259,10.259,423,0
20101119,10.67,10.67,10.67,10.67,5,0
20101122,10.623,10.623,10.138,10.138,112,0
20101123,10.175,10.446,10.119,10.399,49805,0
20101124,10.604,10.604,10.166,10.166,265,0
20101125,10.576,10.576,10.576,10.576,54,0
20101126,10.436,10.446,10.399,10.446,115525,0
20101129,10.259,10.259,10.259,10.259,10,0
20101130,10.259,10.259,10.259,10.259,17,0
20101201,10.502,10.502,10.502,10.502,43,0
20101202,10.502,10.511,10.352,10.352,219,0
20101203,10.483,10.483,10.446,10.455,239,0
20101206,10.492,10.492,10.492,10.492,155,0
20101207,10.483,10.483,10.259,10.259,1554,0
20101208,10.269,10.269,10.269,10.269,64,0
20101209,10.287,10.427,10.278,10.427,239,0
20101210,10.427,10.427,10.399,10.399,322,0
20101213,10.408,10.408,10.306,10.306,943,0
20101214,10.306,10.306,10.259,10.259,311,0
20101215,10.259,10.259,10.259,10.259,322,0
20101216,10.297,10.297,10.297,10.297,17,0
20101217,10.297,10.297,10.297,10.297,133,0
20101220,10.306,10.306,10.306,10.306,215,0
20101221,10.483,10.483,10.175,10.175,65,0
20101222,10.352,10.352,10.352,10.352,107,0
20101223,10.399,10.399,10.399,10.399,10,0
20101227,10.539,10.539,10.539,10.539,5,0
20101228,10.492,10.492,10.091,10.492,529,0
20101229,10.352,10.352,10.352,10.352,65,0
20101230,10.259,10.539,10.101,10.11,601,0
20101231,10.259,10.259,10.259,10.259,10,0
20110103,10.67,10.67,10.67,10.67,5,0
20110104,10.483,10.483,10.073,10.073,118,0
20110105,10.082,10.082,10.073,10.073,364,0
20110107,10.259,10.259,9.793,10.166,1168,0
20110110,9.895,9.895,9.886,9.886,1072,0
20110111,9.886,9.886,9.793,9.793,322,0
20110112,9.979,10.11,9.979,10.026,884,0
20110113,10.119,10.119,10.119,10.119,965,0
20110114,10.129,10.129,10.063,10.063,221,0
20110117,10.063,10.063,9.793,9.793,584,0
20110118,9.812,9.905,9.802,9.802,669,0
20110119,9.802,9.802,9.513,9.7,1752,0
20110120,9.998,10.007,9.998,10.007,122,0
20110121,9.933,9.933,9.56,9.877,835,0
20110124,9.7,9.7,9.7,9.7,107,0
20110125,9.933,9.933,9.84,9.84,107,0
20110126,9.849,9.849,9.849,9.849,51,0
20110127,9.793,9.793,9.793,9.793,429,0
20110128,9.7,9.849,9.7,9.849,153,0
20110131,9.7,9.886,9.513,9.513,1823,0
20110201,9.56,9.56,9.513,9.513,1077,0
20110202,9.513,9.513,8.8602,9.2985,3327,0
20110203,9.14,9.14,9.14,9.14,515,0
20110204,9.14,9.14,9.14,9.14,369,0
20110207,9.2705,9.606,9.2705,9.606,2494,0
20110208,9.606,9.653,9.606,9.653,198,0
20110209,9.0188,9.0188,9.0188,9.0188,22,0
20110211,9.0188,9.0188,9.0188,9.0188,68,0
20110214,9.3266,9.3266,9.1307,9.1307,23,0
20110216,9.1307,9.504,9.1307,9.504,580,0
20110217,9.784,9.784,9.784,9.784,5,0
20110218,9.746,9.746,9.746,9.746,5,0
20110221,9.4292,9.746,9.4292,9.513,2692,0
20110222,9.522,9.746,9.513,9.746,4462,0
20110223,9.756,9.756,9.616,9.616,906,0
20110224,9.616,9.616,9.4758,9.4758,97,0
20110225,9.4758,9.784,9.4198,9.784,1470,0
20110228,9.793,9.812,9.793,9.812,643,0
20110301,10.073,10.073,9.886,9.886,26,0
20110302,9.886,9.886,9.812,9.812,207,0
20110303,9.886,10.063,9.606,9.849,1292,0
20110304,9.905,9.905,9.634,9.886,343,0
20110307,9.606,9.84,9.4758,9.513,906,0
20110308,9.886,9.886,9.858,9.858,356,0
20110309,9.522,9.793,9.4198,9.793,4190,0
20110310,9.4385,9.793,9.3359,9.737,3718,0
20110311,9.867,9.867,9.867,9.867,10,0
20110314,9.877,9.923,9.7,9.923,4343,0
20110315,9.895,9.895,9.4198,9.4198,1292,0
20110316,9.4292,10.362,9.4292,10.026,8701,0
20110317,10.017,10.026,9.877,10.026,2760,0
20110318,10.241,10.241,9.802,10.157,300,0
20110321,10.157,10.157,10.157,10.157,15,0
20110322,10.063,10.063,9.849,9.979,24096,0
20110323,9.886,9.886,9.69,9.7,507,0
20110324,9.952,9.952,9.886,9.886,170,0
20110325,9.746,10.063,9.746,10.063,64,0
20110328,9.979,9.979,9.653,9.7,22770,0
20110329,9.7,9.877,9.625,9.625,2173,0
20110330,9.653,9.653,9.0934,9.2799,5522,0
20110331,9.3546,9.3546,8.5338,8.7577,21250,0
20110401,8.8229,9.0934,8.767,9.0001,2728,0
20110404,9.0001,9.084,9.0001,9.0001,3479,0
20110405,9.0934,9.1959,8.767,8.767,9271,0
20110406,9.0001,9.14,8.6736,8.6736,8698,0
20110407,8.9815,8.9815,8.8602,8.9442,123,0
20110408,8.9721,8.9721,8.9255,8.9348,1505,0
20110411,8.9348,9.0561,8.9069,9.0561,808,0
20110412,9.0561,9.0561,9.0561,9.0561,364,0
20110413,9.0467,9.0747,9.0188,9.0188,2713,0
20110414,9.0094,9.0094,8.9255,8.9255,562,0
20110415,8.9069,8.9069,8.5804,8.8975,1694,0
20110418,8.6736,8.6736,8.6084,8.6084,1027,0
20110419,8.9255,8.9255,8.767,8.767,115,0
20110420,8.767,8.9162,8.627,8.9162,1056,0
20110421,8.8602,8.8602,8.8602,8.8602,5,0
20110426,8.8509,8.8509,8.8509,8.8509,54,0
20110427,8.8416,8.8416,8.5804,8.5804,1128,0
20110428,8.795,8.795,8.5897,8.7763,1054,0
20110429,8.9255,9.1027,8.8602,9.084,4673,0
20110502,8.9628,9.084,8.9628,9.0561,982,0
20110504,9.0934,9.0934,8.683,9.0094,275,0
20110505,8.9908,8.9908,8.7109,8.9908,462,0
20110506,8.9628,8.9628,8.9628,8.9628,2,0
20110509,8.9628,8.9628,8.9628,8.9628,91,0
20110510,8.9348,8.9348,8.9348,8.9348,10,0
20110511,8.739,8.767,8.739,8.767,1126,0
20110512,8.7297,8.9535,8.7297,8.8602,2819,0
20110513,8.8602,8.9535,8.8509,8.9535,1020,0
20110516,8.9069,8.9069,8.9069,8.9069,43,0
20110517,8.7483,8.7577,8.739,8.7577,456,0
20110518,8.7763,8.8043,8.6643,8.8043,2594,0
20110519,8.8136,8.8136,8.8136,8.8136,4504,0
20110520,8.8136,8.8136,8.8136,8.8136,67,0
20110523,8.683,8.683,8.6363,8.6363,1529,0
20110524,8.8602,8.8602,8.8602,8.8602,107,0
20110525,8.8136,8.8136,8.4125,8.6736,5278,0
20110526,8.7016,8.7016,8.1608,8.5804,12876,0
20110527,8.627,8.627,8.1887,8.1887,18687,0
20110530,8.3006,8.5617,8.1234,8.1234,2380,0
20110531,8.1234,8.3379,8.0954,8.3379,8790,0
20110601,8.3379,8.3379,8.3379,8.3379,2,0
20110602,8.2727,8.2727,7.8809,8.1047,10016,0
20110603,8.0954,8.282,8.0674,8.282,897,0
20110606,8.1794,8.3286,8.0208,8.3286,1184,0
20110607,8.2727,8.2727,8.0394,8.1421,3433,0
20110608,8.1794,8.1794,7.9089,7.9089,1059,0
20110609,8.1234,8.1234,7.8343,7.8343,1679,0
20110610,7.9275,8.4871,7.9275,8.0674,5244,0
20110613,8.1794,8.1794,8.1794,8.1794,5,0
20110614,8.1608,8.1608,7.7783,7.7783,10011,0
20110615,7.769,7.769,7.5359,7.5359,1708,0
20110616,7.741,7.769,7.5359,7.6385,2456,0
20110617,7.6385,7.6851,7.2467,7.4425,38301,0
20110620,7.5452,7.5452,7.1628,7.1628,21994,0
20110621,7.3493,7.3493,7.2654,7.3493,20492,0
20110622,7.3027,7.3493,7.2933,7.3493,644,0
20110624,7.4612,7.4985,7.4612,7.4985,135,0
20110627,7.5545,7.825,7.2747,7.4612,3809,0
20110628,7.825,7.825,7.4612,7.825,10836,0
20110629,7.825,7.8996,7.825,7.8996,643,0
20110630,7.8809,8.0021,7.6012,7.9275,883,0
20110701,7.5078,7.9648,7.5078,7.9648,189,0
20110704,8.0021,8.3006,8.0021,8.2727,2085,0
20110705,8.3006,8.627,8.2074,8.2074,22225,0
20110706,8.3473,8.4871,8.2074,8.2074,6303,0
20110707,8.2167,8.3193,8.2167,8.3006,718,0
20110708,8.4685,8.4871,8.3566,8.3939,13394,0
20110711,8.6177,8.6177,8.4685,8.4685,1592,0
20110712,8.5338,8.5338,8.3939,8.3939,2597,0
20110713,8.3006,8.4405,8.3006,8.3006,376,0
20110714,8.3193,8.3939,8.282,8.3939,346,0
20110715,8.3939,8.3939,8.3939,8.3939,429,0
20110718,8.3939,8.3939,8.2074,8.2074,1096,0
20110719,8.2074,8.2074,8.0208,8.0861,4773,0
20110720,8.0208,8.0208,7.4612,7.4798,3039,0
20110721,7.8343,7.8343,7.6478,7.7224,464686,0
20110722,7.7224,7.7224,7.7224,7.7224,107,0
20110725,7.7224,7.7224,7.4612,7.7131,230,0
20110726,7.6478,7.7224,7.6478,7.7224,1413,0
20110727,7.3679,7.4612,7.3213,7.3679,2755,0
20110728,7.2747,7.2747,7.2747,7.2747,4717,0
20110729,7.2001,7.2747,7.2001,7.2747,3685,0
20110801,7.6944,7.6944,7.2281,7.4332,1344,0
20110802,7.5825,7.5825,7.2747,7.2747,3594,0
20110803,7.0509,7.0509,6.9949,6.9949,1604,0
20110804,6.9949,6.9949,6.7151,6.9483,1369,0
20110805,6.2581,6.5193,6.2581,6.4633,2765,0
20110808,6.0156,6.4167,6.0156,6.4167,3244,0
20110809,5.9037,6.1555,5.5959,5.9037,41346,0
20110810,6.3887,6.4167,5.7825,5.7825,89048,0
20110811,5.6985,6.2487,5.512,5.969,334626,0
20110812,6.3887,6.3887,6.0529,6.3328,2262,0
20110816,6.398,6.398,6.2581,6.3421,8506,0
20110817,6.398,6.9016,6.398,6.482,8755,0
20110819,6.4726,6.482,6.2114,6.482,3356,0
20110822,6.3421,6.6032,6.3421,6.6032,1958,0
20110823,6.8083,6.8083,6.8083,6.8083,1608,0
20110824,6.855,6.855,6.855,6.855,2,0
20110825,6.855,6.855,6.5379,6.827,112,0
20110826,6.5286,6.5286,6.5286,6.5286,64,0
20110829,6.8363,6.8363,6.2208,6.8363,235,0
20110830,6.8083,6.8083,6.771,6.771,97,0
20110831,6.855,6.855,6.855,6.855,17,0
20110901,6.398,6.6125,6.3887,6.6032,5561,0
20110902,6.5566,6.5566,6.3328,6.5566,39,0
20110905,6.5006,6.5006,6.4447,6.4447,1076,0
20110906,6.5566,6.5566,5.969,6.426,664,0
20110907,6.2487,6.2487,6.2487,6.2487,2,0
20110908,6.5193,6.5193,5.9224,6.2394,11052,0
20110909,6.482,6.482,5.3348,5.3348,3436,0
20110912,5.8664,5.8664,5.4187,5.6052,2943,0
20110913,5.6052,5.9224,5.5679,5.5679,2798,0
20110914,5.8291,6.0436,5.8291,5.9597,4,0
20110915,5.9503,6.1835,5.9503,6.1835,97,0
20110916,6.0529,6.2301,5.9224,6.2301,2898,0
20110919,6.3328,6.3328,5.3721,5.6145,3614,0
20110920,6.0529,6.0529,5.5959,5.5959,531,0
20110921,5.5959,5.5959,5.4094,5.4094,1785,0
20110922,5.5959,5.5959,5.3721,5.5866,3686,0
20110923,5.5772,5.5866,5.3628,5.5866,3390,0
20110926,5.5772,5.5866,5.5679,5.5866,2740,0
20110927,5.9224,5.9224,5.5493,5.7825,440,0
20110928,5.7825,6.0622,5.3628,5.8105,1379,0
20110929,5.2695,5.8011,5.2695,5.8011,2690,0
20110930,5.7825,5.7918,5.5026,5.5026,16795,0
20111003,5.2695,5.7918,5.1763,5.7918,36276,0
20111004,5.5959,5.5959,5.5959,5.5959,5,0
20111005,5.5959,5.6518,5.5493,5.5493,188,0
20111006,5.6518,6.0622,5.6518,5.9224,25330,0
20111007,5.8757,5.8757,5.5959,5.8757,1346,0
20111010,5.9224,5.9224,5.6145,5.6145,1609,0
20111011,5.6145,5.913,5.139,5.3161,8140,0
20111012,5.7825,5.8664,5.2229,5.2229,34987,0
20111013,5.2229,5.2229,5.1483,5.2229,33406,0
20111014,5.3161,5.5772,5.1296,5.5772,1346,0
20111017,5.5586,5.5586,5.4094,5.456,1343,0
20111018,5.428,5.428,5.1763,5.1763,1855,0
20111019,5.2695,5.2695,5.1763,5.1763,3871,0
20111020,5.1763,5.1763,4.9524,4.9524,7203,0
20111021,5.1763,5.1763,4.9524,4.9524,536,0
20111024,4.9057,5.1763,4.7099,5.1296,7618,0
20111025,5.1203,5.1203,4.9617,5.0829,24184,0
20111027,5.0736,5.0829,4.9617,5.0736,1027,0
20111028,5.0736,5.5493,5.0363,5.4747,163119,0
20111031,5.2695,5.5493,5.2695,5.4747,49858,0
20111102,4.9337,5.4094,4.9337,5.2322,6349,0
20111103,5.4094,5.4094,5.4094,5.4094,1,0
20111104,5.4094,5.4094,5.2229,5.3161,1395,0
20111107,5.3161,5.3161,5.3161,5.3161,171,0
20111108,5.3161,5.3161,4.971,5.3161,191,0
20111109,5.4001,5.4001,5.0829,5.0829,1515,0
20111110,5.3814,5.3814,5.0363,5.0363,809,0
20111114,5.3814,5.3814,5.0829,5.2975,322,0
20111115,5.3814,5.3814,5.0456,5.3534,269,0
20111116,5.0549,5.2882,4.943,5.2882,1287,0
20111117,5.027,5.2602,5.027,5.1949,552,0
20111118,5.0363,5.2136,5.0363,5.2136,496,0
20111121,4.8964,5.2136,4.8032,4.8032,6368,0
20111122,4.8032,5.0363,4.7099,5.0363,1809,0
20111123,4.9897,4.9897,4.6167,4.6167,589,0
20111124,4.6167,4.7565,4.6167,4.7565,5386,0
20111125,4.8498,4.8498,4.8498,4.8498,5,0
20111128,4.6819,4.8498,4.6819,4.8498,5550,0
20111129,4.8684,4.8684,4.8684,4.8684,322,0
20111130,4.6415,4.6609,4.6124,4.6609,4955,0
20111201,4.8032,4.8032,4.7565,4.7565,2042,0
20111202,4.8032,4.8218,4.8032,4.8218,103,0
20111205,4.8125,4.8125,4.57,4.6633,332,0
20111206,4.6633,4.6633,4.6633,4.6633,5,0
20111207,4.6353,4.6353,4.6353,4.6353,418,0
20111208,4.6446,4.6446,4.6446,4.6446,865,0
20111209,4.6446,5.1296,4.6446,5.1296,71925,0
20111212,5.1203,5.1203,5.1203,5.1203,3,0
20111213,5.1016,5.1016,4.8032,4.8032,507,0
20111214,5.1016,5.1203,4.7379,5.1203,3412,0
20111215,5.1109,5.1109,4.7752,4.7752,9245,0
20111216,5.0829,5.0829,4.7752,4.7752,474,0
20111219,4.7192,4.7192,4.7099,4.7099,1215,0
20111220,5.0176,5.0176,4.7286,4.9524,150,0
20111221,4.9151,4.9244,4.6633,4.9151,677,0
20111222,4.9337,4.9337,4.9337,4.9337,5,0
20111223,4.6819,4.8964,4.6819,4.8964,86,0
20111227,4.8871,5.0736,4.8871,4.943,2715,0
20111228,4.6913,4.7565,4.6913,4.7565,1691,0
20111229,4.7565,4.7565,4.6726,4.6726,2680,0
20111230,4.8547,4.8547,4.6802,4.8547,3539,0
20120102,5.0363,5.0363,4.8218,4.8591,1222,0
20120103,4.9151,5.0829,4.9151,4.9151,3549,0
20120104,5.0829,5.0829,4.7565,4.7565,558,0
20120105,4.7565,4.7565,4.7099,4.7565,269,0
20120109,5.0736,5.0736,5.0643,5.0643,456,0
20120110,5.0363,5.0829,5.0363,5.0829,161,0
20120111,5.0829,5.0829,4.7192,4.7192,3502,0
20120112,4.9151,4.943,4.9151,4.943,686,0
20120113,4.9897,4.9897,4.8964,4.8964,1614,0
20120116,4.7099,4.7099,4.6913,4.7099,1691,0
20120117,4.8498,4.8498,4.7192,4.8311,4387,0
20120118,4.8964,4.8964,4.8311,4.8311,3051,0
20120119,5.0363,5.2695,5.027,5.0829,3061,0
20120120,4.943,5.2975,4.943,5.1016,6727,0
20120123,5.3161,5.3907,5.1296,5.1296,1009,0
20120124,5.0363,5.2695,5.0363,5.0922,876,0
20120125,5.1016,5.2229,5.1016,5.2229,68,0
20120126,5.1856,6.2581,5.1856,5.2229,119386,0
20120127,5.2975,5.2975,5.027,5.0363,20342,0
20120130,5.2229,5.2229,5.1296,5.2136,2668,0
20120131,5.2229,5.3779,5.1744,5.3198,10709,0
20120201,5.3814,5.5772,5.3255,5.5772,3099,0
20120202,5.5679,5.7732,5.4933,5.5586,3340,0
20120203,5.4374,6.1555,5.4374,6.1462,8965,0
20120206,6.2021,6.2114,6.0529,6.0622,5736,0
20120207,6.1555,6.454,6.0436,6.2954,66942,0
20120208,6.5286,6.6218,6.5193,6.5379,50453,0
20120209,6.5286,6.5379,6.5286,6.5379,1757,0
20120210,6.482,6.5286,6.1555,6.5286,56932,0
20120213,6.5193,6.5193,6.1835,6.5193,2258,0
20120214,6.5006,6.5006,6.5006,6.5006,322,0
20120215,6.4633,6.6778,6.4633,6.6778,4219,0
20120216,6.6218,6.8083,6.6218,6.7431,5413,0
20120217,6.855,7.4425,6.855,7.4425,77174,0
20120220,7.4425,7.5266,7.2747,7.4612,12146,0
20120221,7.6385,7.6851,7.5545,7.6851,1469,0
20120222,7.6198,7.6198,7.2281,7.2747,23760,0
20120223,7.2747,7.2747,7.0043,7.2747,3022,0
20120224,6.9949,7.2747,6.9949,7.2747,346,0
20120227,6.9949,7.1814,6.9949,7.1814,1950,0
20120228,7.0136,7.6012,7.0136,7.1908,2797,0
20120229,7.5969,7.5969,7.4612,7.4612,606,0
20120301,7.4612,7.4612,7.1814,7.1814,770,0
20120302,7.4239,7.4239,6.855,6.855,1906,0
20120305,6.8177,7.0416,6.8177,6.9109,49661,0
20120306,7.0416,7.1068,6.9949,7.0882,1851,0
20120307,6.9949,7.34,6.9949,7.34,767,0
20120308,7.34,7.34,7.34,7.34,5,0
20120309,7.2747,7.34,7.2747,7.34,811,0
20120313,7.3773,7.3773,7.3679,7.3679,2062,0
20120314,7.3679,7.5918,7.3679,7.5918,3056,0
20120315,7.6478,8.5897,7.4612,8.4032,249947,0
20120316,8.5804,8.739,8.5804,8.5804,6488,0
20120319,8.683,8.683,8.4125,8.4125,6044,0
20120320,8.3846,8.6643,8.3473,8.4871,35757,0
20120321,8.5804,8.5804,8.2727,8.2727,6289,0
20120322,8.5711,8.5711,8.0674,8.1608,71474,0
20120323,8.3939,8.4871,8.1421,8.4871,3042,0
20120326,8.4685,8.655,8.3566,8.655,27593,0
20120327,8.767,8.9069,8.7577,8.7577,2677,0
20120328,8.8882,8.8882,8.7856,8.7856,610,0
20120329,8.8882,8.8882,8.8136,8.8136,27321,0
20120330,8.8566,8.905,8.8178,8.8178,5396,0
20120402,8.9442,8.9442,8.8136,8.8136,1719,0
20120403,9.0467,9.0467,9.0467,9.0467,538,0
20120404,8.9535,9.0934,8.767,9.0934,2943,0
20120410,9.0934,9.0934,8.767,8.767,56407,0
20120411,8.5804,8.627,8.3473,8.4871,55127,0
20120412,8.767,8.767,8.767,8.767,215,0
20120413,8.767,8.767,8.767,8.767,107,0
20120416,8.5431,8.767,8.5338,8.7203,1275,0
20120417,8.7209,8.7694,8.5465,8.5465,875,0
20120418,8.627,8.627,8.5804,8.5804,4326,0
20120419,8.767,8.8602,8.4498,8.8136,29581,0
20120420,8.767,8.767,8.4965,8.4965,1180,0
20120423,8.4871,8.4871,8.0208,8.4405,110788,0
20120424,8.2167,8.3939,8.0674,8.3473,444350,0
20120425,8.1141,8.1141,8.1141,8.1141,130,0
20120427,8.1141,8.1141,8.1141,8.1141,21965,0
20120502,8.2074,8.2074,8.0208,8.0208,220,0
20120504,8.0674,8.4125,8.0674,8.4125,247,0
20120509,7.9748,7.9748,7.7326,7.7907,689,0
20120510,7.5969,7.8391,7.5969,7.8391,3952,0
20120514,7.4612,7.4612,7.2747,7.2747,345,0
20120515,6.6685,7.2374,6.6685,7.2374,11738,0
20120516,6.6778,7.1814,6.6312,7.1814,4257,0
20120517,6.6964,6.9949,6.6964,6.9949,409447,0
20120518,6.9961,6.9961,6.686,6.8217,1670,0
20120521,6.8083,7.1814,6.6778,7.1814,54333,0
20120522,7.2747,7.2747,7.2747,7.2747,530,0
20120523,7.4612,7.4612,7.4612,7.4612,215,0
20120524,7.4612,7.4612,6.939,7.4612,3943,0
20120525,7.4612,7.4612,7.4612,7.4612,215,0
20120528,7.4612,7.9182,7.4612,7.9182,97238,0
20120529,7.5078,7.5078,7.5078,7.5078,1053,0
20120530,7.5097,7.5097,7.4612,7.4612,75095,0
20120531,7.4612,8.0717,7.4612,8.0717,40,0
20120601,7.4128,7.4128,7.1415,7.1415,1846,0
20120604,7.1415,7.1415,7.0058,7.0058,778,0
20120605,7.3643,7.4128,7.2771,7.4128,1619,0
20120606,7.4612,7.4612,7.4612,7.4612,675,0
20120611,8.1395,8.1395,8.1395,8.1395,1,0
20120612,7.9457,7.9457,7.5581,7.5581,142,0
20120613,7.5581,7.5581,7.5581,7.5581,877,0
20120614,7.5581,7.5581,7.5097,7.5097,464,0
20120619,6.9961,6.9961,6.9961,6.9961,491,0
20120620,7.4612,7.5484,7.4612,7.5484,311,0
20120621,7.3837,7.3837,7.3837,7.3837,181,0
20120622,7.0058,7.2674,7.0058,7.0736,27,0
20120625,7.0736,7.0736,7.0736,7.0736,25,0
20120627,7.7519,7.7519,7.655,7.655,2,0
20120628,7.655,7.655,7.655,7.655,4,0
20120629,7.6453,7.6453,7.6453,7.6453,124,0
20120702,7.3353,7.4031,7.3353,7.4031,161,0
20120703,7.1027,7.1027,7.1027,7.1027,1,0
20120704,6.9864,6.9864,6.8605,6.8605,428,0
20120705,6.8508,6.8508,6.7926,6.7926,1238,0
20120706,6.4922,6.4922,6.4922,6.4922,955,0
20120709,6.4535,6.4922,6.4535,6.4535,424,0
20120710,6.4535,6.4535,5.9593,5.9593,4833,0
20120711,5.9593,6.1822,5.9593,6.1822,3664,0
20120712,6.1919,6.1919,6.1919,6.1919,1,0
20120713,6.0271,6.0271,6.0078,6.0174,1160,0
20120716,6.0271,6.0271,5.8721,5.8721,4975,0
20120717,6.3953,6.3953,5.5717,6.3953,1012,0
20120718,6.7054,6.7054,6.7054,6.7054,9,0
20120720,7.3062,7.3062,7.1512,7.1512,2,0
20120723,6.4535,7.0058,6.4535,7.0058,877,0
20120724,7.0058,7.0058,7.0058,7.0058,1,0
20120725,6.4729,6.686,6.2984,6.686,3464,0
20120726,6.5891,6.6182,6.5891,6.6182,2,0
20120727,6.4244,6.4244,6.4244,6.4244,1,0
20120730,6.3953,6.3953,5.9109,6.3953,4809,0
20120731,6.2984,6.2984,6.2984,6.2984,103,0
20120801,6.2888,6.2888,6.2888,6.2888,626,0
20120802,5.6783,5.688,5.6783,5.688,938,0
20120803,6.25,6.25,6.25,6.25,21,0
20120806,6.2888,6.2888,6.2888,6.2888,1759,0
20120807,6.2888,6.2984,6.2888,6.2984,2,0
20120808,5.814,6.2209,5.814,6.1822,217,0
20120810,6.0562,6.0562,6.0562,6.0562,29,0
20120813,5.9884,6.0078,5.9884,6.0078,13416,0
20120814,5.9884,5.9884,5.9884,5.9884,1008,0
20120816,6.1919,6.1919,6.1919,6.1919,42,0
20120817,5.9981,5.9981,5.6298,5.6298,2741,0
20120820,5.6395,5.6395,5.6298,5.6298,4122,0
20120821,5.9884,5.9884,5.9884,5.9884,4,0
20120822,5.9884,5.9884,5.969,5.969,21,0
20120823,5.969,5.969,5.6686,5.9593,114,0
20120824,5.969,5.969,5.969,5.969,10,0
20120827,5.969,5.969,5.969,5.969,165,0
20120829,5.814,5.814,5.814,5.814,10,0
20120830,5.5814,5.814,5.5814,5.814,78901,0
20120831,5.969,5.969,5.8043,5.814,574,0
20120904,5.9109,5.9109,5.9109,5.9109,1096,0
20120905,5.814,5.9593,5.814,5.9109,993,0
20120906,5.9593,6.3566,5.814,5.814,4511,0
20120907,5.969,5.9787,5.7655,5.7655,25983,0
20120910,5.7655,5.7655,5.7171,5.7461,52401,0
20120911,5.814,5.814,5.7461,5.8043,1967,0
20120912,5.7849,5.7849,5.6686,5.6686,1548,0
20120913,5.6202,5.7074,5.5717,5.5717,1424,0
20120914,5.5233,5.5233,5.3295,5.4748,106242,0
20120917,5.4457,5.5717,5.4264,5.5717,2140,0
20120918,5.5717,5.5717,5.4264,5.4264,1393,0
20120919,5.4264,5.6202,5.3876,5.6202,85645,0
20120920,5.5426,5.6202,5.5233,5.6202,62697,0
20120921,5.7946,5.9593,5.6298,5.9593,2515,0
20120924,6.2984,6.2984,5.814,5.814,2850,0
20120925,6.1047,6.1725,5.814,6.1725,397,0
20120926,5.9109,5.9205,5.9109,5.9109,5268,0
20120927,5.969,5.969,5.814,5.814,1084,0
20121001,5.8721,5.9593,5.8624,5.8624,1042,0
20121002,5.8333,5.8333,5.814,5.814,1205,0
20121003,5.843,5.843,5.843,5.843,1316,0
20121005,5.6202,5.6686,5.6202,5.6686,592,0
20121008,5.7171,5.7364,5.7171,5.7171,311056,0
20121009,5.8333,5.8333,5.8333,5.8333,2321,0
20121010,5.9302,5.9302,5.814,5.814,5,0
20121011,5.8236,5.9302,5.7655,5.9302,1752,0
20121015,5.9302,5.9302,5.9302,5.9302,52,0
20121016,5.814,5.8721,5.814,5.814,15728,0
20121017,5.814,5.814,5.814,5.814,1032,0
20121018,5.9302,6.0078,5.9302,6.0078,1184,0
20121019,6.2016,6.2984,6.2016,6.2984,2478,0
20121022,6.2984,6.4244,6.2984,6.2984,354,0
20121023,6.25,6.25,5.9109,6.1531,688,0
20121024,6.7636,6.7636,6.5891,6.5891,91,0
20121025,6.5019,6.7539,6.5019,6.5019,1168,0
20121026,5.9109,6.7636,5.9109,6.7539,33878,0
20121029,6.5407,6.5407,6.5407,6.5407,601,0
20121030,5.9302,6.25,5.9302,6.25,3292,0
20121031,5.8333,5.8721,5.8333,5.8721,728,0
20121102,6.4535,6.4535,6.4535,6.4535,1,0
20121105,6.6376,6.6376,6.4535,6.4535,29,0
20121106,6.3953,6.3953,6.3953,6.3953,21,0
20121107,6.2016,6.3857,6.2016,6.3857,259,0
20121108,6.3566,6.3663,6.3566,6.3663,2,0
20121109,6.1531,6.1531,6.1531,6.1531,1,0
20121112,5.9109,6.1531,5.9109,6.1531,973,0
20121114,6.1531,6.1531,6.1434,6.1531,434,0
20121115,5.9109,6.1047,5.814,6.1047,2941,0
20121116,5.8624,5.8624,5.8624,5.8624,120664,0
20121119,5.7752,5.8818,5.7752,5.8818,144,0
20121120,5.9012,6.095,5.9012,6.095,588,0
20121121,6.1531,6.1531,6.1047,6.1047,2530,0
20121122,6.1143,6.1143,6.1047,6.1047,9288,0
20121123,6.1047,6.1047,6.0465,6.0465,1904,0
20121126,6.0562,6.0562,5.9787,5.9787,873,0
20121127,5.8624,5.8721,5.8624,5.8721,36393,0
20121128,5.8624,5.9109,5.8624,5.9109,1644,0
20121129,6.0368,6.1919,6.0368,6.1919,2166,0
20121130,6.2016,6.3953,6.1919,6.1919,3178,0
20121203,6.2016,6.3953,6.2016,6.3953,1429,0
20121204,6.3275,6.3953,6.2984,6.3469,2001,0
20121205,6.2112,6.2112,6.1047,6.1047,1753,0
20121206,6.1143,6.1143,6.1143,6.1143,111,0
20121207,6.2984,6.2984,6.2984,6.2984,37,0
20121210,6.4826,6.4826,6.4826,6.4826,268,0
20121211,6.3469,6.4922,6.3469,6.4922,2374,0
20121212,6.7345,6.7636,6.5891,6.5891,1607,0
20121213,6.405,6.5891,6.405,6.5891,2621,0
20121214,6.5891,6.5891,6.2984,6.2984,3208,0
20121217,6.2984,6.2984,6.1725,6.2016,2021,0
20121218,6.1919,6.2016,6.1047,6.1047,3940,0
20121219,6.1822,6.1822,6.1822,6.1822,4223,0
20121220,5.8818,5.9109,5.8721,5.9109,156,0
20121221,6.0465,6.2694,6.0368,6.2694,1154,0
20121228,6.2597,6.4922,6.0078,6.0078,1254,0
20130102,6.3953,6.3953,6.0174,6.0271,1315,0
20130103,6.0853,6.0853,6.0853,6.0853,13,0
20130104,6.5795,6.5795,6.1531,6.1531,289,0
20130107,6.1143,6.124,6.1047,6.1047,1020,0
20130108,6.0465,6.1531,5.8721,5.8721,551015,0
20130109,5.8818,5.8818,5.8818,5.8818,63,0
20130110,5.969,5.969,5.969,5.969,49,0
20130111,6.1531,6.1531,6.095,6.095,342,0
20130114,6.2791,6.2791,6.0659,6.1047,4016,0
20130115,6.0853,6.0853,6.0853,6.0853,304,0
20130116,6.0756,6.1531,6.0756,6.1047,4081,0
20130117,6.2112,6.2112,6.0756,6.1047,13244,0
20130121,6.1047,6.1047,6.1047,6.1047,4072,0
20130122,6.0078,6.0562,5.9593,6.0562,551,0
20130123,6.1047,6.1047,6.0756,6.0756,834,0
20130124,6.1047,6.1047,6.1047,6.1047,51,0
20130125,6.1047,6.124,6.095,6.095,28080,0
20130128,6.1047,6.1047,6.095,6.1047,10444,0
20130129,6.1047,6.1047,6.0078,6.0078,1439,0
20130130,5.9302,6.0853,5.9302,6.0853,377,0
20130131,6.0271,6.0271,5.9787,5.9787,1202,0
20130201,5.9787,6.1047,5.969,5.969,1119,0
20130204,5.9302,6.095,5.9302,6.095,705,0
20130205,6.095,6.1434,6.095,6.1434,7708,0
20130207,6.1531,6.1531,6.1337,6.1337,1676,0
20130208,6.1047,6.1047,6.1047,6.1047,103,0
20130211,6.0465,6.1919,6.0465,6.0465,1144,0
20130212,6.0465,6.0465,5.9399,5.9981,1308,0
20130213,5.9496,5.9593,5.8236,5.8236,5103,0
20130215,5.6298,5.7171,5.6298,5.7171,4293,0
20130218,5.814,5.9593,5.814,5.9593,1431,0
20130220,5.8624,5.9593,5.8527,5.8527,5617,0
20130221,5.8624,5.8624,5.843,5.843,1432,0
20130222,5.4748,5.8043,5.4264,5.8043,7319,0
20130225,5.7946,5.814,5.436,5.436,3508,0
20130226,5.7074,5.7074,5.6686,5.6686,2041,0
20130227,5.7655,5.7655,5.6492,5.6492,369,0
20130228,5.81,5.81,5.81,5.81,1206,0
20130301,5.6977,5.6977,5.6977,5.6977,44,0
20130304,5.6977,5.7558,5.5814,5.6395,4985,0
20130305,5.814,5.814,5.814,5.814,5160,0
20130306,5.9109,5.9981,5.9109,5.9496,12962,0
20130307,5.9593,5.9593,5.9593,5.9593,502,0
20130308,6.0562,6.0756,6.0078,6.0078,11260,0
20130311,6.0853,6.0853,6.0853,6.0853,5315,0
20130312,6.0756,6.1628,6.0368,6.1628,6770,0
20130313,6.1047,6.1822,6.0465,6.1822,26376,0
20130314,6.1822,6.7733,6.1822,6.4438,19377,0
20130315,6.6182,6.6182,6.3178,6.5601,1880,0
20130318,6.4826,6.4922,6.4826,6.4922,169,0
20130319,6.531,6.531,6.1725,6.4147,3266,0
20130320,6.1725,6.2984,6.1725,6.2016,8390,0
20130321,6.2209,6.2403,6.2016,6.2016,62755,0
20130322,6.2112,6.3372,6.2112,6.2112,280,0
20130325,6.2984,6.2984,6.2016,6.2209,764,0
20130326,6.2112,6.2112,6.124,6.1434,11490,0
20130327,6.2016,6.2016,6.2016,6.2016,5400,0
20130328,6.2888,6.2888,6.2016,6.2016,52104,0
20130402,6.2112,6.2112,6.2112,6.2112,1503,0
20130403,6.0174,6.0174,6.0078,6.0078,571,0
20130404,6.0078,6.0078,6.0078,6.0078,2006,0
20130405,5.9787,5.9787,5.9787,5.9787,45,0
20130408,5.9787,5.9787,5.9787,5.9787,134,0
20130409,5.9787,5.9787,5.9787,5.9787,40,0
20130410,5.9787,5.9787,5.9787,5.9787,47,0
20130411,6.1919,6.2016,6.1919,6.2016,5070,0
20130412,6.2888,6.2888,6.2016,6.2016,4421,0
20130417,6.0659,6.0659,6.0562,6.0562,1233,0
20130418,6.2016,6.2016,6.2016,6.2016,103,0
20130419,6.1919,6.1919,6.0562,6.0562,253,0
20130422,6.0562,6.0562,5.969,5.969,1612,0
20130423,6.0756,6.0756,6.0756,6.0756,1,0
20130424,6.0562,6.0853,5.8818,6.0853,1552,0
20130429,6.0853,6.1143,6.0853,6.1143,89,0
20130506,6.1047,6.1047,6.1047,6.1047,487,0
20130507,6.1143,6.1143,6.1047,6.1047,372,0
20130509,6.0562,6.0562,6.0562,6.0562,393,0
20130510,6.0174,6.0174,6.0174,6.0174,31,0
20130513,6.124,6.2016,6.0562,6.1822,13477,0
20130514,6.2984,6.2984,6.2694,6.2694,2290,0
20130515,6.2694,6.2694,6.0756,6.0756,666,0
20130516,6.2791,6.2791,5.9109,5.9109,964,0
20130517,6.2791,6.2791,6.2791,6.2791,206,0
20130520,6.2984,6.2984,6.2016,6.2016,3375,0
20130521,6.4826,6.8217,6.4826,6.7829,4035,0
20130522,6.686,6.686,6.5988,6.686,1250,0
20130523,6.5891,6.686,6.5891,6.686,689,0
20130524,6.686,6.7829,6.686,6.7829,1296,0
20130527,6.9767,7.2578,6.9767,7.2578,3097,0
20130528,6.98,7.22,6.9,7.05,42204,0
20130529,7.16,7.35,7.16,7.31,12334,0
20130531,7.24,7.32,7.24,7.32,2301,0
20130603,7.2674,7.2674,6.9864,7.2578,1150,0
20130604,7.26,7.7,7.26,7.7,3426,0
20130605,7.46,7.46,7.27,7.27,739,0
20130606,7.27,7.27,7.27,7.27,5129,0
20130607,7.27,7.27,7.17,7.17,22372,0
20130610,7.17,7.17,7.07,7.07,3509,0
20130611,7.1,7.1,7.07,7.07,10606,0
20130613,7.03,7.03,7.03,7.03,137,0
20130614,7.24,7.5,7.12,7.5,1394,0
20130617,7.6,8,7.59,8,49626,0
20130618,7.95,8.1,7.41,8.1,1925,0
20130619,8,8,8,8,950,0
20130620,7.95,7.95,7.5,7.5,912,0
20130621,7.42,7.5,7.42,7.45,797,0
20130624,7.52,7.52,7.52,7.52,1,0
20130625,7.98,8,7.82,8,1470,0
20130626,8.12,8.12,8.12,8.12,5705,0
20130627,8.13,8.3,8.1,8.1,6963,0
20130628,7.97,7.97,7.97,7.97,1100,0
20130701,8.19,8.19,7.9,8.1,5823,0
20130702,8.02,8.08,8.02,8.08,1409,0
20130703,8.04,8.04,8.04,8.04,2200,0
20130704,8.04,8.04,8.03,8.03,2365,0
20130705,8.03,8.03,7.9,8.03,3151,0
20130708,7.85,7.85,7.85,7.85,2700,0
20130709,7.51,7.92,7.43,7.43,3614,0
20130710,7.7,7.7,7.1,7.1,3988,0
20130712,7.09,7.1,7.09,7.1,260,0
20130715,7.1,7.1,6.91,6.91,3561,0
20130716,7,7,6.65,6.65,4863,0
20130717,6.6,6.6,6.5,6.5,9735,0
20130718,6.5,6.5,6.4,6.49,4370,0
20130719,6.3,6.65,6.3,6.4,6760,0
20130722,6.4,6.41,6.4,6.41,4352,0
20130723,6.42,6.87,6.22,6.22,3472,0
20130724,6.3,6.3,6.2,6.2,6849,0
20130725,6.2,6.68,6.2,6.68,36849,0
20130726,6.5,6.5,6.45,6.45,370,0
20130729,6.5,6.5,6.5,6.5,125,0
20130730,6.67,7,6.67,7,2310,0
20130731,7,7,7,7,4150,0
20130801,6.96,7.38,6.96,7.37,1245,0
20130802,7.07,7.3,7.07,7.3,228,0
20130805,7.2,7.2,7.2,7.2,120,0
20130806,7.2,7.22,6.95,6.95,7482,0
20130807,6.9,6.91,6.9,6.91,439,0
20130808,7,7.06,6.95,7.06,6985,0
20130809,7.2,7.44,7.2,7.44,4654,0
20130812,7.44,7.44,7.29,7.4,3195,0
20130813,7.4,7.48,7.4,7.48,1346,0
20130814,7.81,8.1,7.81,7.9,47934,0
20130816,8.07,8.09,8.07,8.09,1765,0
20130819,8.1,8.1,7.93,8,11399,0
20130820,7.94,7.95,7.85,7.95,3799,0
20130821,7.85,8.19,7.85,8.15,1126,0
20130822,8.01,8.15,8.01,8.15,5042,0
20130823,8.01,8.01,7.95,7.95,2950,0
20130826,7.95,7.96,7.7,7.7,1863,0
20130827,7.7,7.96,7.01,7.85,5111,0
20130828,7.54,7.9,7.54,7.9,2326,0
20130830,7.74,7.9,7.74,7.9,429,0
20130902,7.73,8.15,7.73,7.75,2920,0
20130903,7.76,8.18,7.75,7.9,4684,0
20130904,7.91,7.97,7.91,7.97,1839,0
20130905,7.98,7.98,7.21,7.8,7834,0
20130906,7.99,7.99,7.51,7.65,2756,0
20130909,7.99,8,7.99,8,9353,0
20130910,8,8.3,8,8.1,77479,0
20130911,8.3,8.3,8,8.22,45600,0
20130912,8.29,9,8.19,9,447410,0
20130913,8.63,9.39,8.63,9.23,9246,0
20130916,9.23,9.6,9.23,9.5,21924,0
20130917,9.3,9.5,9.05,9.39,2970,0
20130918,9.44,9.44,9.01,9.1,14189,0
20130919,9.35,9.56,9.1,9.15,7846,0
20130920,9.3,9.44,9.11,9.44,2743,0
20130923,9.3,9.3,9.1,9.29,3139,0
20130924,9.28,9.28,9.1,9.1,330,0
20130926,9.15,9.49,9.1,9.23,5676,0
20130930,9.46,9.5,9.46,9.5,3924,0
20131001,9.49,9.59,9.4,9.4,11301,0
20131002,9.48,9.49,9.47,9.47,15140,0
20131003,9.48,9.48,9.21,9.31,1072,0
20131004,9.27,9.48,8.79,9.4,11678,0
20131007,9.1,9.3,9.1,9.3,11018,0
20131008,9.27,9.29,9.22,9.22,4132,0
20131009,9.15,9.16,9.15,9.15,5654,0
20131010,9.11,9.5,9.1,9.15,6180,0
20131011,9.49,9.5,9.2,9.4,1956,0
20131014,9.5,9.74,9.5,9.74,17278,0
20131015,9.74,10.04,9.32,9.75,40706,0
20131016,9.75,9.89,9.65,9.75,22670,0
20131017,9.75,10.7,9.75,10.7,14804,0
20131018,10.7,10.9,10.35,10.9,21464,0
20131021,10.9,11,10.52,11,3787,0
20131022,11,11.09,10.55,10.75,4491,0
20131023,10.65,10.73,10.63,10.64,3797,0
20131024,10.64,10.65,10.64,10.65,1280,0
20131025,10.6,10.79,10.6,10.65,10052,0
20131028,10.8,10.8,10.35,10.8,37526,0
20131029,10.37,10.93,10.37,10.93,35199,0
20131030,10.7,10.9,10.67,10.8,1602,0
20131031,10.36,10.88,10.36,10.88,1718,0
20131104,10.77,10.88,10.77,10.88,41,0
20131105,10.8,10.96,10.8,10.96,193,0
20131106,10.79,11.44,10.79,11.44,8625,0
20131107,11.43,11.43,11.2,11.25,1275,0
20131108,11.25,11.4,11.25,11.4,2007,0
20131112,11.4,11.78,11.4,11.63,25946,0
20131113,11.65,11.9,11.59,11.66,31492,0
20131114,11.75,12.99,11.75,12.4,12393,0
20131115,12.78,12.78,12.2,12.39,97487,0
20131118,12.2,12.39,12,12,966,0
20131119,11.9,11.9,11.66,11.66,8416,0
20131120,11.9,12.15,11.89,12.15,267821,0
20131121,11.91,12.15,11.9,12.1,91127,0
20131122,12.15,12.15,11.69,12.1,89302,0
20131125,12.1,12.1,11.8,12.1,1605,0
20131126,11.82,11.82,11.52,11.71,16168,0
20131127,11.54,11.94,11,11.89,16418,0
20131128,11.33,11.92,11.33,11.56,6630,0
20131129,11.41,11.9,11.13,11.9,6675,0
20131202,11.6,11.92,11.6,11.78,807,0
20131203,11.78,11.78,11.78,11.78,10,0
20131204,11.51,11.55,11.17,11.26,1600,0
20131205,11.98,11.98,10.85,11.06,5318,0
20131206,10.62,11.19,10.62,11.1,2033,0
20131209,10.8,11.73,10.8,11.73,547,0
20131210,11.75,11.75,11.22,11.41,2207,0
20131211,11.5,11.5,11.05,11.23,2798,0
20131212,11.21,11.21,11,11,147,0
20131213,10.36,11.21,10.36,11.13,3497,0
20131216,11,11,10.5,10.7,9681,0
20131217,10.42,10.75,10.42,10.62,15534,0
20131218,10.43,11,10.43,10.46,14809,0
20131219,11.73,11.73,10.57,10.7,3013,0
20131220,10.51,10.6,10.5,10.5,10653,0
20131223,10.47,10.75,10.4,10.75,38072,0
20131227,10.75,11.8,10.75,10.75,556,0
20131230,11.68,11.68,10.75,10.75,2792,0
20140102,10.75,10.75,10.57,10.57,1598,0
20140103,10.52,10.95,10.52,10.75,1799,0
20140107,10.75,10.75,10.52,10.71,202,0
20140108,10.51,10.51,10.51,10.51,2268,0
20140109,10.51,10.51,10.51,10.51,4443,0
20140110,10.74,10.98,10.74,10.75,5929,0
20140114,10.75,10.76,10.75,10.75,506,0
20140115,10.99,11.01,10.99,11,4056,0
20140116,11,11.34,11,11.34,5222,0
20140117,11.34,11.34,11.2,11.21,18007,0
20140120,11.26,11.39,11.23,11.39,34399,0
20140121,11.39,12.38,11.39,12.1,271623,0
20140122,12.11,12.52,11.32,12.38,229813,0
20140123,12.25,12.25,11.63,11.73,7661,0
20140124,11.65,11.65,11.42,11.65,3742,0
20140127,11.65,11.74,11.41,11.74,3826,0
20140128,11.42,11.7,11.42,11.7,628,0
20140129,11.7,12,11.7,11.99,64336,0
20140130,11.85,12,11.7,12,11428,0
20140131,12,12.31,11.81,12.31,53867,0
20140203,11.82,12.54,11.82,12.35,26029,0
20140204,12.35,12.35,11.97,12.35,13103,0
20140205,12.35,12.49,11.79,12.35,245113,0
20140206,12.49,12.49,12.21,12.49,94480,0
20140207,12.4,12.95,12.4,12.51,15458,0
20140210,12.51,12.89,12.4,12.4,24271,0
20140211,12.49,12.5,12.1,12.15,6838,0
20140212,12.2,12.3,12.2,12.21,6361,0
20140213,12.3,12.51,12.3,12.3,52954,0
20140214,12.48,12.48,11.9,11.99,10086,0
20140217,11.82,12.79,11.82,12.79,39391,0
20140218,12.43,12.8,12.13,12.72,38143,0
20140219,12.34,12.41,12.34,12.38,2838,0
20140220,12.32,12.34,12.2,12.2,4651,0
20140221,12.15,12.55,12.15,12.2,1475,0
20140224,12.19,12.19,12,12,2646,0
20140225,12,12.3,12,12.1,10280,0
20140226,12.1,12.3,12,12,3373,0
20140227,11.67,12,11.67,12,1310,0
20140228,11.8,12.43,11.8,12.43,27217,0
20140303,12.2,12.4,11.01,11.39,12932,0
20140304,11.1,11.83,11.1,11.71,8440,0
20140305,11.52,12.34,11.27,11.7,1953,0
20140306,11.55,12,11.34,12,7312,0
20140307,11.71,12.2,11.71,12.2,960,0
20140310,11.7,12,11.67,12,23807,0
20140311,12,12,11.57,11.57,150377,0
20140312,11.55,12,11.2,11.9,166705,0
20140313,12,12,11.41,11.5,76139,0
20140314,11.28,11.6,11.01,11.15,14129,0
20140317,10.77,11.5,10.77,11.5,1254,0
20140318,11.6,11.95,11.2,11.85,18809,0
20140319,11.31,11.7,11.31,11.7,13444,0
20140320,11.36,12.2,11.36,12.2,86309,0
20140321,11.77,12.6,11.77,12.37,4913,0
20140324,12.32,12.4,11.89,12.3,1145,0
20140325,12.03,12.39,12,12.2,7556,0
20140326,12.4,12.78,12.2,12.7,151303,0
20140327,12.45,12.83,12.13,12.83,15120,0
20140328,12.83,12.83,12.19,12.75,3880,0
20140331,12.77,12.9,12.22,12.8,17851,0
20140401,12.56,13.5,12.56,12.6,11947,0
20140402,12.61,13.29,12.61,12.8,1200,0
20140403,12.8,12.99,12.44,12.44,6566,0
20140404,12.3,12.98,12.3,12.3,4765,0
20140407,12.35,12.97,12.35,12.84,2321,0
20140408,12.8,12.85,12.5,12.59,574,0
20140409,12.49,13,12.49,12.94,3241,0
20140410,12.85,13,12.7,12.7,3195,0
20140411,12.69,13.48,12.57,12.92,2142,0
20140414,12.77,12.9,12.33,12.9,696,0
20140415,12.9,12.9,12.6,12.6,60,0
20140416,12.28,12.49,12.1,12.49,14521,0
20140417,12.3,12.47,12.09,12.09,4778,0
20140422,12.01,12.1,11.27,12,5690,0
20140423,12.77,12.77,12.1,12.71,6937,0
20140424,12.13,12.7,12.13,12.54,35996,0
20140425,12.04,12.7,12.04,12.7,952,0
20140428,11.8,12.69,11.8,12.68,3111,0
20140429,12.21,12.69,12.21,12.5,4730,0
20140430,12.48,12.48,12.21,12.4,8752,0
20140502,12.4,12.4,12.1,12.1,390,0
20140505,12.1,12.39,11.72,12.12,7880,0
20140506,11.81,12.1,11.63,11.79,11305,0
20140507,11.2,11.77,11.06,11.69,9136,0
20140508,11.27,11.69,11.27,11.45,13453,0
20140509,11.96,11.96,11.47,11.93,167,0
20140512,11.41,11.88,11.41,11.7,2220,0
20140513,11.85,11.97,11.6,11.74,5025,0
20140514,11.9,11.94,11.66,11.89,102468,0
20140515,11.97,11.97,11.72,11.78,100323,0
20140516,11.9,11.9,11.66,11.87,2038,0
20140519,11.61,11.85,11.42,11.85,6872,0
20140520,11.41,11.9,11.41,11.84,2282,0
20140521,11.83,11.83,11.55,11.78,860,0
20140522,11.74,11.85,11.63,11.85,2005,0
20140523,11.61,11.89,11.61,11.89,3001,0
20140526,11.33,11.9,11.33,11.87,2651,0
20140527,11.9,11.9,11.32,11.9,11222,0
20140529,11.9,11.9,11.77,11.77,2885,0
20140530,11.9,11.9,11.56,11.65,2968,0
20140602,11.9,11.9,11.8,11.88,317,0
20140603,12.1,12.5,11.9,12.3,10529,0
20140604,12.49,12.49,11.58,11.6,30298,0
20140605,11.6,11.99,11.6,11.71,3385,0
20140606,11.98,11.98,11.81,11.85,48061,0
20140609,12.32,12.32,11.87,11.87,14065,0
20140610,11.99,11.99,11.75,11.85,19342,0
20140611,11.94,11.94,11.62,11.81,8757,0
20140612,11.83,11.83,11.68,11.71,5093,0
20140613,11.84,11.84,11.4,11.4,21240,0
