Date,Open,High,Low,Close,Volume,OpenInt
20081230,3.7,6.5,3.7,4.14,139946,0
20081231,4.05,5,4.05,4.27,34484,0
20090105,4.41,4.7,4,4.07,34119,0
20090106,4.11,4.19,3.82,4.04,13247,0
20090107,3.82,3.98,3.65,3.88,14281,0
20090108,3.55,4.1,3.55,3.99,11340,0
20090109,3.8,3.95,3.72,3.72,2127,0
20090112,3.86,3.98,3.55,3.55,1304,0
20090113,3.85,3.85,3.5,3.84,6021,0
20090114,3.5,3.78,3.4,3.78,2101,0
20090115,3.22,3.59,3.22,3.59,403,0
20090116,3.3,3.59,3.24,3.48,2018,0
20090119,3.7,3.71,3.47,3.47,3709,0
20090120,3.2,3.45,3.17,3.45,724,0
20090121,3.12,3.42,3.12,3.12,34,0
20090122,3.38,3.38,3.26,3.33,1154,0
20090123,3.3,3.54,3.3,3.54,3852,0
20090126,3.45,3.53,3.45,3.53,4281,0
20090127,3.07,3.78,3.07,3.51,552,0
20090202,3.01,3.48,2.81,3.48,53,0
20090204,2.8,3.3,2.8,3.28,1425,0
20090205,3.2,3.2,3.2,3.2,1,0
20090206,3.5,3.5,3.1,3.4,6258,0
20090209,3.5,3.74,3.5,3.7,703,0
20090210,3.42,3.7,3.42,3.7,100,0
20090211,3.65,3.7,3.3,3.7,1970,0
20090212,3.6,3.6,3.6,3.6,1,0
20090216,3.24,3.6,3.24,3.6,446,0
20090223,3.6,3.6,3.6,3.6,100,0
20090226,3,3.08,3,3.08,1030,0
20090227,2.99,3.08,2.9,3.08,2376,0
20090302,3.2,3.2,2.8,2.81,1011,0
20090305,3,3,2.8,3,400,0
20090306,3,3,2.71,3,2900,0
20090309,3.29,3.7,3.29,3.6,3444,0
20090310,3.65,4,3.65,4,11258,0
20090311,3.6,3.85,3.6,3.79,1177,0
20090312,4,4,3.79,3.79,1351,0
20090313,3.5,3.8,3.5,3.8,393,0
20090318,3.79,3.79,3.79,3.79,4,0
20090319,3.5,3.69,3.5,3.5,744,0
20090320,3.5,3.82,3.5,3.62,6315,0
20090323,3.64,3.64,3.32,3.5,114,0
20090324,3.5,3.66,3.5,3.65,12130,0
20090325,3.65,3.68,3.45,3.68,5336,0
20090326,3.66,4.7,3.66,4.4,15920,0
20090327,4.6,4.7,4.25,4.45,12642,0
20090330,4.5,4.5,4.05,4.25,401,0
20090331,4.5,4.5,4.1,4.5,2788,0
20090401,4.5,4.99,4.19,4.95,9039,0
20090402,5.2,5.7,4.72,4.8,25363,0
20090403,5.25,5.49,4.99,5.3,21653,0
20090406,5.01,5.1,4.75,5.1,27797,0
20090407,5,5.05,4.75,5,11429,0
20090408,4.99,5.14,4.95,5.1,5277,0
20090409,4.85,5.49,4.75,5.49,21977,0
20090414,5.49,6.6,5.49,6.6,33442,0
20090415,6.7,6.9,6.04,6.45,7229,0
20090416,6.6,6.7,5.25,5.5,24320,0
20090417,5.5,6.1,5.21,5.88,26312,0
20090420,5.88,5.88,5.3,5.65,12565,0
20090421,5.87,6.15,5.3,5.7,19321,0
20090422,5.8,5.8,5.14,5.45,28953,0
20090423,5.45,5.45,4.95,5.35,27376,0
20090424,5.35,5.44,5.3,5.3,3451,0
20090427,5.2,5.28,5.03,5.2,4129,0
20090428,5.04,5.04,4.91,5,830,0
20090429,4.95,5.28,4.9,5.28,5728,0
20090430,5.25,5.35,5.02,5.02,4339,0
20090504,5.02,5.23,5.02,5.23,586,0
20090505,4.98,5.22,4.95,5.22,2814,0
20090506,5.02,5.18,5.02,5.18,1206,0
20090507,4.92,5.15,4.92,5.15,396,0
20090508,5,5.15,5,5.15,42,0
20090511,5.19,5.19,5.18,5.19,1504,0
20090512,5.05,5.06,5,5.06,3737,0
20090513,5,5.3,5,5.1,5225,0
20090514,5.28,5.28,4.76,5.15,4270,0
20090515,4.92,5.05,4.9,5.05,2307,0
20090518,4.99,5.2,4.99,5.2,2483,0
20090519,5.08,5.65,5.07,5.52,16123,0
20090520,5.64,5.85,5.41,5.41,6599,0
20090521,5.19,5.36,4.92,5.17,2174,0
20090525,5.15,5.19,4.95,5.19,1522,0
20090526,4.93,5.1,4.9,5.1,3060,0
20090528,5.05,5.05,5.05,5.05,100,0
20090529,5.05,5.05,5.05,5.05,200,0
20090601,5.06,5.06,5.06,5.06,201,0
20090602,5.08,5.38,5,5,8857,0
20090603,5,5,5,5,86,0
20090604,4.9,5,4.85,5,101,0
20090605,4.85,5.06,4.8,5.06,4265,0
20090608,5.04,5.04,4.72,4.94,2091,0
20090609,4.94,4.94,4.7,4.89,937,0
20090610,4.8,4.88,4.62,4.8,4167,0
20090612,4.8,4.98,4.8,4.8,522,0
20090615,4.64,5.15,4.64,4.7,14798,0
20090616,5.09,5.09,4.63,4.64,4860,0
20090617,4.86,5.59,4.86,5.44,57398,0
20090618,5.45,5.45,5.02,5.02,12728,0
20090619,4.91,5.37,4.91,5,10755,0
20090622,5.22,5.22,4.97,5.13,9993,0
20090623,5.02,5.13,5,5.13,5081,0
20090624,5.15,5.25,5.06,5.23,4320,0
20090625,5.25,5.25,4.74,5.04,15060,0
20090626,5.19,5.26,5.1,5.25,11234,0
20090629,5.3,5.38,5.04,5.29,5358,0
20090630,5.39,5.39,5.27,5.33,809,0
20090701,5.35,5.37,5.18,5.31,2662,0
20090702,5.38,5.38,5.35,5.35,492,0
20090703,5.15,5.15,5.15,5.15,400,0
20090707,5.06,5.08,5,5.08,2855,0
20090708,4.99,5.11,4.9,5.11,571,0
20090709,5,5.13,4.9,5.13,943,0
20090710,5.07,5.09,4.87,5,1822,0
20090713,4.98,5.09,4.65,5.09,3116,0
20090714,5.15,5.16,5.1,5.1,630,0
20090715,5.11,5.2,5.1,5.1,2223,0
20090716,5.05,5.09,4.97,5.09,2180,0
20090717,5.1,5.15,5.1,5.15,1660,0
20090720,5.05,5.1,4.95,5.1,251,0
20090721,5.05,5.05,5.05,5.05,15,0
20090722,5.05,5.05,5.05,5.05,358,0
20090723,5.03,5.04,4.92,5.04,1554,0
20090724,4.91,5,4.91,5,900,0
20090727,4.95,5.05,4.95,5.05,1108,0
20090728,4.95,5.08,4.91,5.08,3010,0
20090729,5.05,6.6,5.05,6.6,43309,0
20090730,8,8.4,7.5,8.4,70353,0
20090731,9.49,10.5,8.6,9.38,55775,0
20090803,10.49,10.9,8.5,8.7,41954,0
20090804,8.8,8.8,8.12,8.69,9424,0
20090805,8.7,8.75,7.85,8.38,7522,0
20090806,8,8.25,7.75,8.25,8224,0
20090807,7.9,10.4,7.9,9.2,42905,0
20090810,9.55,10.08,9.05,9.8,16105,0
20090811,10,11.05,9.9,10.7,22777,0
20090812,10.6,10.6,9.61,9.75,4549,0
20090813,10,10.4,9.5,10.3,10936,0
20090814,10,10.29,9.4,10.09,5927,0
20090817,10,10,9.26,9.66,4657,0
20090818,9.6,9.6,9.2,9.4,453,0
20090819,9.5,9.5,9.2,9.4,648,0
20090820,9.4,9.4,8.69,9.4,1562,0
20090821,9.39,9.9,8.97,9.2,3846,0
20090824,9.15,9.15,8.4,8.6,3678,0
20090825,8.5,9.32,8,9.27,11947,0
20090826,8.75,9.15,8.55,9,5423,0
20090827,9.02,9.02,8.6,8.92,2769,0
20090828,8.6,8.87,8.13,8.78,6344,0
20090831,8.39,8.39,7.92,7.92,10630,0
20090901,7.85,7.96,6.37,6.5,125256,0
20090902,6.48,6.48,5.22,5.22,175417,0
20090903,5.22,5.72,4.61,4.61,1219527,0
20090904,4.92,5.6,4.71,5.6,1648490,0
20090907,5.89,6.47,5.84,6.4,841484,0
20090908,6.54,6.56,5.9,6.08,566023,0
20090909,6.2,6.2,5.63,5.78,234879,0
20090910,5.75,5.78,5.35,5.51,335778,0
20090911,5.6,5.99,5.59,5.67,272097,0
20090914,5.4,5.52,5.15,5.16,150994,0
20090915,5.17,5.42,5.14,5.33,191149,0
20090916,5.33,5.46,5.3,5.39,153113,0
20090917,5.5,5.5,5.2,5.23,129312,0
20090918,5.2,5.26,5.15,5.17,97861,0
20090921,5.21,5.73,5.04,5.54,287734,0
20090922,5.67,5.9,5.25,5.49,198556,0
20090923,5.58,5.63,5.3,5.46,76047,0
20090924,5.33,5.42,5.3,5.39,65825,0
20090925,5.48,5.48,5.32,5.46,63025,0
20090928,5.45,5.6,5.38,5.53,69154,0
20090929,5.55,5.78,5.5,5.5,87250,0
20090930,5.55,5.55,5.25,5.25,25356,0
20091001,5.3,5.35,5.24,5.33,24682,0
20091002,5.29,5.29,5.03,5.04,53449,0
20091005,5.09,5.19,5.07,5.19,52742,0
20091006,5.2,5.28,5.11,5.19,66202,0
20091007,5.2,5.61,5.19,5.3,151412,0
20091008,5.4,5.48,5.31,5.42,36099,0
20091009,5.48,5.57,5.33,5.44,81714,0
20091012,5.43,5.43,5.3,5.33,28844,0
20091013,5.31,5.31,5.05,5.13,32378,0
20091014,5.15,5.25,5.08,5.22,23922,0
20091015,5.22,5.23,5.08,5.09,36852,0
20091016,5.07,5.18,5.02,5.1,37602,0
20091019,5.02,5.15,5,5.14,36760,0
20091020,5.16,5.16,4.91,5.07,66039,0
20091021,4.98,5.01,4.85,4.87,24752,0
20091022,4.95,4.99,4.85,4.93,17017,0
20091023,4.94,4.99,4.84,4.9,36512,0
20091026,4.95,5.2,4.95,5.04,32597,0
20091027,5.04,5.04,4.9,4.99,9931,0
20091028,4.99,4.99,4.85,4.86,8640,0
20091029,4.86,4.94,4.75,4.85,25744,0
20091030,4.86,5.07,4.77,4.88,25841,0
20091102,4.88,4.88,4.78,4.78,11858,0
20091103,4.8,4.97,4.8,4.82,12832,0
20091104,4.86,4.9,4.81,4.83,5344,0
20091105,4.82,4.96,4.76,4.86,6644,0
20091106,4.86,4.86,4.77,4.8,8678,0
20091109,4.88,4.95,4.76,4.95,8331,0
20091110,4.98,5.3,4.93,5.1,49177,0
20091112,5.17,5.22,5.08,5.14,13143,0
20091113,5.08,5.3,5.04,5.04,57936,0
20091116,4.83,4.96,4.8,4.91,40662,0
20091117,4.91,4.91,4.79,4.85,10069,0
20091118,4.85,4.85,4.7,4.83,17469,0
20091119,4.79,4.86,4.7,4.86,8952,0
20091120,4.73,4.92,4.71,4.77,15590,0
20091123,4.9,4.9,4.68,4.74,22759,0
20091124,4.71,4.75,4.61,4.66,19864,0
20091125,4.62,4.79,4.6,4.7,25978,0
20091126,4.65,4.65,4.36,4.49,34135,0
20091127,4.39,4.43,4.3,4.4,34605,0
20091130,4.45,4.58,4.35,4.45,16946,0
20091201,4.4,4.49,4.2,4.34,20528,0
20091202,4.3,4.37,4.2,4.27,10656,0
20091203,4.22,4.28,4.14,4.23,23364,0
20091204,4.17,4.17,4.08,4.1,34490,0
20091207,4.08,4.08,3.9,3.97,48637,0
20091208,3.94,4.2,3.87,4.02,33496,0
20091209,4.1,4.1,3.88,3.96,13029,0
20091210,4.05,4.05,3.9,3.9,7352,0
20091211,3.93,3.98,3.93,3.98,4871,0
20091214,3.92,3.94,3.79,3.87,25843,0
20091215,3.92,3.92,3.6,3.64,29793,0
20091216,3.64,3.73,3.64,3.67,16023,0
20091217,3.67,3.85,3.58,3.58,23115,0
20091218,3.59,3.59,3.51,3.56,16550,0
20091221,3.54,3.54,3.31,3.35,20620,0
20091222,3.25,3.35,3.1,3.13,58971,0
20091223,2.97,3.11,2.96,3.04,57066,0
20091228,3.01,3.04,2.9,3,86679,0
20091229,3.04,3.75,3.04,3.75,144174,0
20091230,3.76,4.44,3.5,4.06,274884,0
20091231,4.07,4.07,3.87,3.98,36585,0
20100104,3.99,4.25,3.96,4.15,67529,0
20100105,4.24,4.24,4.01,4.04,34563,0
20100106,4.05,4.17,4.01,4.11,16783,0
20100107,4.16,4.16,4,4.06,23891,0
20100108,4,4.06,3.94,3.96,15371,0
20100111,3.97,4.08,3.91,4.01,8664,0
20100112,3.96,3.96,3.72,3.78,20116,0
20100113,3.8,3.9,3.8,3.87,7666,0
20100114,3.87,3.87,3.72,3.78,12993,0
20100115,3.76,3.86,3.76,3.84,14160,0
20100118,3.8,4,3.8,3.86,8412,0
20100119,3.81,3.81,3.75,3.76,1590,0
20100120,3.75,3.81,3.71,3.75,5707,0
20100121,3.72,3.73,3.51,3.56,17814,0
20100122,3.53,3.62,3.5,3.62,10627,0
20100125,3.43,3.58,3.42,3.5,15026,0
20100126,3.42,3.57,3.41,3.42,6064,0
20100127,3.43,3.8,3.42,3.8,37873,0
20100128,3.78,3.82,3.64,3.76,32505,0
20100129,3.73,3.8,3.36,3.53,67417,0
20100201,3.45,3.56,3.42,3.55,5774,0
20100202,3.64,3.64,3.5,3.5,4787,0
20100203,3.5,3.58,3.4,3.46,4163,0
20100204,3.42,3.69,3.4,3.51,12244,0
20100205,3.48,3.48,3.26,3.35,18003,0
20100208,3.4,3.48,3.34,3.35,8174,0
20100209,3.43,3.43,3.27,3.28,3904,0
20100210,3.3,3.36,3.3,3.3,5190,0
20100211,3.4,3.4,3.25,3.25,7948,0
20100212,3.29,3.7,3.26,3.64,36964,0
20100215,3.7,3.72,3.51,3.66,25198,0
20100216,3.67,3.68,3.45,3.48,7432,0
20100217,3.41,3.65,3.41,3.5,12825,0
20100218,3.59,3.62,3.5,3.5,8886,0
20100219,3.61,3.61,3.51,3.55,1958,0
20100222,3.66,3.66,3.6,3.6,970,0
20100223,3.58,3.59,3.44,3.58,4612,0
20100224,3.63,3.63,3.39,3.39,15727,0
20100225,3.5,3.5,3.39,3.39,4585,0
20100226,3.44,3.57,3.43,3.5,1499,0
20100301,3.52,3.52,3.45,3.45,5710,0
20100302,3.48,3.52,3.48,3.5,11050,0
20100303,3.55,3.55,3.46,3.52,3576,0
20100304,3.53,3.61,3.51,3.61,15322,0
20100305,3.65,3.85,3.65,3.82,80322,0
20100308,3.95,4,3.82,3.94,23967,0
20100309,3.91,3.98,3.74,3.98,19868,0
20100310,4.01,4.1,4,4.04,9628,0
20100311,4,4,3.86,3.98,19053,0
20100312,3.99,4,3.8,3.88,24588,0
20100315,3.8,3.87,3.8,3.8,14872,0
20100316,3.85,4.11,3.85,4,71297,0
20100317,4.06,4.07,3.89,3.89,24546,0
20100318,3.94,4.04,3.83,3.96,9916,0
20100319,3.95,3.95,3.82,3.92,3868,0
20100322,3.92,3.92,3.79,3.8,8005,0
20100323,3.63,3.78,3.55,3.73,36112,0
20100324,3.75,3.75,3.62,3.65,8791,0
20100325,3.7,3.81,3.64,3.76,25837,0
20100326,3.76,3.78,3.71,3.76,10667,0
20100329,3.82,3.82,3.7,3.79,5315,0
20100330,3.81,3.81,3.74,3.75,3873,0
20100331,3.7,3.7,3.61,3.61,11668,0
20100401,3.62,3.96,3.61,3.81,23038,0
20100406,3.9,3.9,3.73,3.73,27066,0
20100407,3.84,3.88,3.7,3.77,32754,0
20100408,3.8,3.8,3.65,3.65,17899,0
20100409,3.66,3.87,3.66,3.83,44796,0
20100412,3.8,3.87,3.76,3.82,9792,0
20100413,3.85,3.95,3.85,3.93,30373,0
20100414,4.05,4.07,3.99,4.05,47850,0
20100415,4.08,4.15,3.94,3.94,38421,0
20100416,3.95,3.98,3.84,3.9,14414,0
20100419,3.82,3.84,3.66,3.73,42480,0
20100420,3.83,3.97,3.78,3.86,33744,0
20100421,3.94,4.33,3.94,4.33,188215,0
20100422,4.5,4.87,4.48,4.63,199618,0
20100423,4.61,4.61,4.2,4.53,71512,0
20100426,4.53,4.6,4.34,4.36,45602,0
20100427,4.4,4.72,4.26,4.45,79795,0
20100428,4.36,4.6,4.28,4.38,69817,0
20100429,4.5,4.53,4.32,4.37,37929,0
20100430,4.47,4.47,4.25,4.25,19450,0
20100504,4.3,4.3,4.02,4.1,40431,0
20100505,3.99,4.18,3.83,3.91,44380,0
20100506,3.9,4.14,3.86,3.96,26950,0
20100507,3.84,3.89,3.76,3.8,29499,0
20100510,3.83,4.09,3.83,4.09,22947,0
20100511,4.07,4.07,3.95,3.98,3991,0
20100512,4,4,3.91,3.95,7715,0
20100513,3.93,4,3.91,3.98,11357,0
20100514,3.93,3.98,3.82,3.87,5999,0
20100517,3.76,3.8,3.7,3.78,28895,0
20100518,3.8,4.02,3.7,3.94,20754,0
20100519,3.9,3.9,3.71,3.84,19899,0
20100520,3.71,3.76,3.52,3.52,31295,0
20100521,3.51,3.7,3.31,3.7,38992,0
20100524,3.65,3.84,3.65,3.84,368,0
20100525,3.78,3.78,3.7,3.77,8900,0
20100526,3.76,3.83,3.75,3.75,4725,0
20100527,3.84,3.84,3.7,3.7,7385,0
20100528,3.79,3.84,3.71,3.77,1903,0
20100531,3.89,3.89,3.77,3.8,790,0
20100601,3.74,3.74,3.7,3.7,1323,0
20100602,3.71,3.79,3.62,3.71,6118,0
20100604,3.71,3.76,3.65,3.65,5057,0
20100607,3.65,3.75,3.65,3.75,4169,0
20100608,3.7,3.75,3.69,3.71,3554,0
20100609,3.7,3.7,3.61,3.7,2200,0
20100610,3.78,3.78,3.6,3.76,1775,0
20100611,3.6,3.69,3.53,3.65,9704,0
20100614,3.65,3.65,3.6,3.6,2413,0
20100615,3.64,3.64,3.53,3.55,6234,0
20100616,3.54,3.67,3.54,3.63,2909,0
20100617,3.55,3.66,3.55,3.66,244,0
20100618,3.55,3.67,3.53,3.56,5150,0
20100621,3.68,3.68,3.58,3.58,1306,0
20100622,3.55,3.62,3.5,3.62,3687,0
20100623,3.39,3.6,3.39,3.57,5512,0
20100624,3.43,3.5,3.43,3.45,6132,0
20100625,3.44,3.56,3.4,3.56,6861,0
20100628,3.3,3.59,3.3,3.59,601,0
20100630,3.5,3.51,3.4,3.51,8629,0
20100701,3.41,3.47,3.41,3.47,2705,0
20100702,3.38,3.51,3.35,3.51,2300,0
20100705,3.59,3.59,3.37,3.55,2659,0
20100706,3.55,3.56,3.4,3.54,1088,0
20100707,3.54,3.58,3.49,3.58,2334,0
20100708,3.58,3.6,3.5,3.5,2732,0
20100709,3.55,3.55,3.5,3.5,2500,0
20100712,3.5,3.5,3.41,3.41,2750,0
20100713,3.42,3.42,3.41,3.41,10527,0
20100714,3.49,3.5,3.4,3.4,951,0
20100715,3.4,3.49,3.35,3.49,4586,0
20100716,3.49,3.84,3.39,3.74,97580,0
20100719,3.85,3.97,3.65,3.76,53596,0
20100720,3.88,3.9,3.7,3.8,14066,0
20100721,3.71,3.83,3.71,3.77,6563,0
20100722,3.72,3.73,3.61,3.68,14202,0
20100723,3.75,3.75,3.68,3.7,6634,0
20100726,3.79,3.8,3.68,3.79,4736,0
20100727,3.76,3.76,3.61,3.63,25837,0
20100728,3.63,3.63,3.55,3.57,8260,0
20100729,3.53,3.65,3.5,3.65,17944,0
20100730,3.65,3.66,3.56,3.56,2576,0
20100802,3.57,3.62,3.5,3.62,13485,0
20100803,3.58,3.59,3.56,3.56,5807,0
20100804,3.55,3.76,3.55,3.71,20085,0
20100805,3.66,3.71,3.59,3.66,8256,0
20100806,3.65,3.66,3.57,3.65,5855,0
20100809,3.6,3.65,3.57,3.64,4252,0
20100810,3.63,3.63,3.46,3.47,9194,0
20100811,3.53,3.55,3.45,3.55,830,0
20100812,3.52,3.58,3.51,3.51,4350,0
20100813,3.64,3.69,3.51,3.6,10655,0
20100816,3.54,3.65,3.53,3.57,3107,0
20100817,3.57,3.6,3.52,3.53,6592,0
20100818,3.53,3.6,3.45,3.55,8035,0
20100819,3.59,3.59,3.42,3.42,27591,0
20100820,3.42,3.44,3.36,3.38,6850,0
20100823,3.45,3.53,3.43,3.45,2847,0
20100824,3.5,3.55,3.5,3.5,5574,0
20100825,3.5,3.5,3.45,3.45,1780,0
20100827,3.4,3.54,3.4,3.54,3913,0
20100830,3.43,3.48,3.42,3.48,2685,0
20100831,3.44,3.44,3.3,3.43,19923,0
20100901,3.22,3.25,3,3.15,84976,0
20100902,3.16,3.28,3.1,3.24,37497,0
20100903,3.18,3.24,3.15,3.16,13917,0
20100906,3.15,3.15,3.11,3.11,13982,0
20100907,3.11,3.22,3.11,3.19,13869,0
20100908,3.2,3.29,3.2,3.23,40749,0
20100909,3.3,3.32,3.27,3.3,14858,0
20100910,3.3,3.3,3.23,3.23,5537,0
20100913,3.19,3.19,3.17,3.18,2748,0
20100914,3.16,3.32,3.16,3.18,30485,0
20100915,3.18,3.3,3.18,3.27,7887,0
20100916,3.27,3.29,3.21,3.23,9123,0
20100917,3.29,3.3,3.18,3.18,22595,0
20100920,3.23,3.23,3.18,3.18,9473,0
20100921,3.21,3.27,3.18,3.18,2781,0
20100922,3.17,3.17,3.07,3.1,20611,0
20100923,3.1,3.24,3.1,3.15,17926,0
20100924,3.2,3.2,3.12,3.12,1510,0
20100927,3.13,3.15,3.12,3.13,6235,0
20100928,3.13,3.19,3.12,3.19,7586,0
20100929,3.2,3.2,3.13,3.13,7102,0
20100930,3.13,3.13,3.1,3.11,4181,0
20101001,3.09,3.19,3.09,3.11,2782,0
20101004,3.08,3.08,3.07,3.07,3530,0
20101005,3.1,3.11,3.07,3.08,6250,0
20101006,3.06,3.14,3.06,3.14,7499,0
20101007,3.14,3.14,3.07,3.07,2170,0
20101008,3.07,3.08,3.07,3.07,3280,0
20101011,3.06,3.19,3.06,3.11,4809,0
20101012,3.09,3.15,3.07,3.07,1400,0
20101013,3.07,3.13,3.05,3.09,13460,0
20101014,3.06,3.1,3.02,3.1,3485,0
20101015,3.03,3.07,3.01,3.01,7040,0
20101018,3,3.05,3,3.01,4066,0
20101019,3,3,2.92,3,14071,0
20101020,2.94,2.99,2.8,2.98,9820,0
20101021,2.98,3,2.9,3,2302,0
20101022,2.95,3.09,2.92,3,9662,0
20101025,3.04,3.04,3.04,3.04,1000,0
20101026,2.97,2.97,2.97,2.97,450,0
20101027,3.04,3.13,2.95,3.08,4502,0
20101028,3.06,3.06,3.06,3.06,1,0
20101029,3.08,3.08,2.95,2.99,2133,0
20101102,2.95,2.97,2.85,2.9,5761,0
20101103,2.9,2.98,2.83,2.89,10253,0
20101104,2.89,2.89,2.76,2.77,25638,0
20101105,2.8,2.85,2.76,2.8,10791,0
20101108,2.83,2.94,2.83,2.91,6404,0
20101109,2.93,3,2.9,3,13967,0
20101110,3,3,2.86,2.95,13668,0
20101112,2.81,2.9,2.8,2.8,47398,0
20101115,2.91,2.91,2.8,2.85,3987,0
20101116,2.7,2.7,2.52,2.64,54626,0
20101117,2.64,2.68,2.47,2.5,21925,0
20101118,2.52,2.64,2.48,2.52,9941,0
20101119,2.62,2.62,2.48,2.54,7460,0
20101122,2.54,2.54,2.33,2.4,16158,0
20101123,2.4,2.45,2.26,2.26,20312,0
20101124,2.35,2.35,2.27,2.35,13252,0
20101125,2.3,2.37,2.21,2.3,15525,0
20101126,2.27,2.27,2.12,2.12,39772,0
20101129,2.13,2.15,2.04,2.15,13594,0
20101130,2.18,2.26,2.18,2.2,14935,0
20101201,2.25,2.31,2.19,2.28,11297,0
20101202,2.31,2.31,2.14,2.17,10715,0
20101203,2.18,2.22,2.17,2.2,10998,0
20101206,2.2,2.27,2.18,2.18,43469,0
20101207,2.18,2.25,2.15,2.15,13149,0
20101208,2.24,2.24,2.16,2.2,7209,0
20101209,2.24,2.24,2.16,2.16,5850,0
20101210,2.2,2.25,2.1,2.15,16482,0
20101213,2.01,2.12,2.01,2.06,17396,0
20101214,2.13,2.13,2.04,2.04,13011,0
20101215,2.05,2.1,1.88,1.94,44060,0
20101216,1.94,1.95,1.91,1.94,10886,0
20101217,1.92,1.96,1.91,1.94,13801,0
20101220,1.94,1.94,1.91,1.92,22215,0
20101221,1.92,1.93,1.82,1.85,11277,0
20101222,1.85,1.85,1.82,1.82,10202,0
20101223,1.82,1.82,1.7,1.73,34822,0
20101227,1.72,1.72,1.6,1.66,62730,0
20101228,1.66,1.8,1.56,1.66,97990,0
20101229,1.67,1.75,1.66,1.7,22285,0
20101230,1.74,1.85,1.7,1.85,33499,0
20101231,1.89,2.07,1.75,2,45709,0
20110103,1.99,1.99,1.9,1.9,5650,0
20110104,1.93,1.93,1.79,1.87,8776,0
20110105,1.88,1.92,1.78,1.84,17488,0
20110107,1.84,1.84,1.84,1.84,737,0
20110110,1.85,2,1.78,1.78,9935,0
20110111,1.89,1.9,1.71,1.85,11804,0
20110112,1.85,1.85,1.84,1.84,1090,0
20110113,1.84,1.84,1.76,1.82,2938,0
20110114,1.8,1.8,1.8,1.8,95,0
20110117,1.75,1.78,1.7,1.77,13969,0
20110118,1.75,1.75,1.71,1.73,9598,0
20110119,1.71,1.73,1.65,1.68,23604,0
20110120,1.68,1.72,1.68,1.72,1169,0
20110121,1.68,1.71,1.68,1.69,5010,0
20110124,1.69,1.71,1.65,1.71,4700,0
20110125,1.73,1.73,1.68,1.71,10290,0
20110126,1.71,1.71,1.71,1.71,1083,0
20110127,1.66,1.66,1.66,1.66,752,0
20110128,1.66,1.66,1.65,1.65,4035,0
20110131,1.63,1.64,1.6,1.63,10232,0
20110201,1.56,1.57,1.47,1.57,8975,0
20110202,1.6,1.76,1.58,1.76,47330,0
20110203,1.85,1.85,1.72,1.76,12543,0
20110204,1.78,1.78,1.61,1.76,20278,0
20110207,1.75,1.75,1.75,1.75,500,0
20110208,1.76,1.76,1.74,1.75,3695,0
20110209,1.71,1.73,1.7,1.73,4151,0
20110210,1.64,1.73,1.64,1.73,2640,0
20110211,1.65,1.67,1.61,1.64,14439,0
20110214,1.67,1.67,1.63,1.66,2590,0
20110215,1.66,1.66,1.62,1.62,3783,0
20110216,1.62,1.62,1.62,1.62,2500,0
20110217,1.62,1.62,1.61,1.61,2905,0
20110218,1.61,1.62,1.55,1.61,14892,0
20110221,1.61,1.62,1.58,1.62,3277,0
20110222,1.57,1.57,1.55,1.55,1900,0
20110223,1.55,1.59,1.51,1.59,2851,0
20110224,1.58,1.58,1.57,1.57,1487,0
20110225,1.54,1.58,1.54,1.58,628,0
20110228,1.53,1.55,1.53,1.55,3303,0
20110301,1.5,1.53,1.5,1.51,16968,0
20110302,1.52,1.52,1.45,1.47,18405,0
20110303,1.45,1.53,1.45,1.53,4989,0
20110304,1.54,1.54,1.47,1.53,2485,0
20110307,1.49,1.5,1.49,1.49,8344,0
20110308,1.49,1.49,1.47,1.47,4601,0
20110309,1.45,1.5,1.44,1.5,4412,0
20110310,1.5,1.53,1.5,1.53,450,0
20110311,1.52,1.52,1.49,1.49,1600,0
20110314,1.52,1.52,1.52,1.52,10,0
20110315,1.45,1.52,1.45,1.52,144,0
20110318,1.5,1.5,1.5,1.5,296,0
20110321,1.5,1.5,1.44,1.45,3440,0
20110322,1.5,1.5,1.5,1.5,10,0
20110323,1.5,1.52,1.45,1.45,3749,0
20110324,1.5,1.53,1.4,1.53,4497,0
20110328,1.41,1.5,1.4,1.5,21428,0
20110329,1.41,1.49,1.41,1.48,4922,0
20110330,1.41,1.44,1.41,1.41,2000,0
20110331,1.46,1.46,1.46,1.46,10,0
20110401,1.4,1.46,1.4,1.46,13369,0
20110404,1.46,1.46,1.41,1.46,2350,0
20110405,1.46,1.5,1.46,1.46,5880,0
20110406,1.45,1.49,1.41,1.49,23186,0
20110407,1.49,1.52,1.49,1.51,7590,0
20110408,1.51,1.54,1.51,1.54,11316,0
20110411,1.54,1.54,1.52,1.53,1332,0
20110412,1.53,1.54,1.51,1.54,7605,0
20110413,1.51,1.54,1.51,1.54,4493,0
20110414,1.55,1.85,1.55,1.76,197141,0
20110415,1.79,2.3,1.76,2.3,166461,0
20110418,2.5,2.75,2.32,2.54,449438,0
20110419,2.3,2.65,2.3,2.45,154013,0
20110420,2.45,2.45,2.17,2.3,187640,0
20110421,2.3,2.35,2.2,2.3,70220,0
20110426,2.28,2.28,2.13,2.15,23700,0
20110427,2.15,2.44,2.15,2.22,150389,0
20110428,2.28,2.39,2.25,2.3,48454,0
20110429,2.3,2.3,2.08,2.19,62930,0
20110502,2.2,2.2,2.06,2.14,36306,0
20110504,2.14,2.14,2.01,2.01,55239,0
20110505,1.98,2.02,1.97,2.01,10130,0
20110506,1.96,2.21,1.89,2.2,57665,0
20110509,2.2,2.3,2.06,2.24,27649,0
20110510,2.24,2.24,2.03,2.18,24861,0
20110511,2.18,2.2,2.12,2.15,6598,0
20110512,2.12,2.14,2.06,2.14,8862,0
20110513,2.18,2.32,2.18,2.19,36350,0
20110516,2.19,2.28,2.15,2.28,22886,0
20110517,2.27,2.29,2.27,2.27,6538,0
20110518,2.15,2.22,2.15,2.17,5350,0
20110519,2.08,2.25,2.07,2.23,8051,0
20110520,2.22,2.22,2.13,2.15,29064,0
20110523,2.12,2.14,1.99,1.99,19186,0
20110524,1.87,2.23,1.84,2.02,20627,0
20110525,2.11,2.11,2.1,2.1,5620,0
20110526,2.1,2.12,2.03,2.1,7420,0
20110527,2,2.1,2,2.09,13206,0
20110530,2.02,2.02,2.01,2.02,4792,0
20110531,2.07,2.22,2,2.2,50566,0
20110601,2.2,2.37,2.2,2.37,131322,0
20110602,2.36,2.45,2.24,2.45,66176,0
20110603,2.45,2.49,2.37,2.43,35135,0
20110606,2.43,2.43,2.26,2.4,31856,0
20110607,2.42,2.49,2.3,2.49,23805,0
20110608,2.41,2.41,2.37,2.37,5400,0
20110609,2.37,2.4,2.25,2.26,6960,0
20110610,2.29,2.29,2.29,2.29,5,0
20110613,2.21,2.4,2.15,2.15,8443,0
20110614,2.15,2.3,2.15,2.17,22515,0
20110615,2.16,2.28,2.11,2.25,11773,0
20110616,2.16,2.23,2.15,2.23,8909,0
20110617,2.17,2.17,2.17,2.17,500,0
20110620,2.15,2.15,1.99,2.12,13195,0
20110621,2.1,2.23,2,2.1,58570,0
20110622,2.27,2.27,2.14,2.14,7019,0
20110624,2.24,2.24,2.07,2.07,35,0
20110627,2.08,2.1,2.08,2.09,3245,0
20110628,2.1,2.16,2,2.08,29307,0
20110629,2.02,2.15,2.02,2.15,2440,0
20110630,2.15,2.15,2.1,2.15,5727,0
20110701,2.17,2.17,2.07,2.17,3366,0
20110704,2.15,2.18,2.15,2.18,5000,0
20110705,2.1,2.17,2.1,2.17,1308,0
20110706,2.07,2.07,1.96,2.01,13741,0
20110707,2,2.04,1.9,2.04,7763,0
20110712,1.84,2.1,1.84,2.1,7700,0
20110714,2.08,2.08,2.08,2.08,1658,0
20110715,2.08,2.08,2.08,2.08,100,0
20110718,1.9,1.93,1.9,1.93,2090,0
20110719,1.9,1.92,1.86,1.92,4600,0
20110720,1.89,1.89,1.76,1.76,5336,0
20110721,1.62,1.76,1.62,1.65,5142,0
20110722,1.81,1.9,1.81,1.9,990,0
20110725,1.72,1.97,1.72,1.97,1591,0
20110726,1.8,1.97,1.8,1.97,8226,0
20110727,1.95,1.95,1.82,1.95,6360,0
20110729,1.95,1.95,1.93,1.93,480,0
20110801,1.8,1.97,1.8,1.95,3255,0
20110802,1.82,1.93,1.8,1.93,3636,0
20110804,1.74,1.93,1.74,1.93,6337,0
20110805,1.88,1.88,1.78,1.88,5950,0
20110808,1.69,1.78,1.69,1.78,9884,0
20110809,1.42,1.68,1.42,1.68,1791,0
20110810,1.6,1.75,1.6,1.75,15824,0
20110811,1.46,1.75,1.46,1.75,13029,0
20110812,1.75,1.75,1.75,1.75,60,0
20110817,1.79,1.79,1.75,1.75,1005,0
20110818,1.79,1.79,1.6,1.75,9451,0
20110819,1.65,1.77,1.65,1.77,3600,0
20110823,1.75,1.75,1.75,1.75,700,0
20110826,1.58,1.75,1.58,1.75,14109,0
20110829,1.75,1.75,1.75,1.75,20,0
20110830,1.75,1.75,1.75,1.75,1085,0
20110831,1.77,1.81,1.7,1.81,8439,0
20110902,1.66,1.79,1.66,1.79,1330,0
20110905,1.76,1.76,1.62,1.75,1654,0
20110906,1.62,1.74,1.6,1.74,4400,0
20110907,1.63,1.75,1.63,1.75,1600,0
20110908,1.62,1.7,1.61,1.7,2455,0
20110912,1.55,1.75,1.53,1.75,2540,0
20110914,1.51,1.7,1.5,1.7,9107,0
20110915,1.62,1.62,1.62,1.62,2000,0
20110919,1.5,1.7,1.5,1.7,2340,0
20110922,1.5,1.6,1.45,1.45,2937,0
20110923,1.45,1.65,1.45,1.64,3610,0
20110929,1.49,1.59,1.49,1.59,2777,0
20110930,1.48,1.48,1.44,1.44,900,0
20111004,1.6,1.6,1.6,1.6,5500,0
20111005,1.59,1.59,1.47,1.47,930,0
20111006,1.47,1.47,1.47,1.47,400,0
20111007,1.4,1.4,1.4,1.4,2700,0
20111010,1.27,1.27,1.27,1.27,85,0
20111011,1.24,1.24,1.14,1.14,7875,0
20111012,1.14,1.14,1.14,1.14,3700,0
20111013,1.13,1.13,1.05,1.05,5463,0
20111014,1.02,1.12,1.02,1.12,1640,0
20111017,1.12,1.12,1.12,1.12,1509,0
20111018,1.04,1.15,1.04,1.15,1143,0
20111020,1.14,1.14,1.14,1.14,1314,0
20111021,1.1,1.1,1.1,1.1,2255,0
20111024,1.1,1.1,1.1,1.1,11110,0
20111025,1.15,1.24,1.15,1.24,1280,0
20111026,1.2,1.2,1.2,1.2,1574,0
20111028,1.15,1.15,1.15,1.15,910,0
20111031,1.19,1.19,1.19,1.19,200,0
20111103,1.1,1.14,1.1,1.14,3167,0
20111104,1.14,1.15,1.14,1.15,5957,0
20111107,1.14,1.14,1.14,1.14,1500,0
20111109,1.1,1.1,1.1,1.1,2000,0
20111110,1.14,1.14,1.14,1.14,500,0
20111115,1.09,1.13,1.09,1.13,850,0
20111116,1.13,1.13,1.13,1.13,330,0
20111121,1.05,1.05,1.05,1.05,1200,0
20111122,1,1.05,1,1.05,3820,0
20111205,0.97,0.97,0.97,0.97,891,0
20111206,0.97,0.97,0.97,0.97,1926,0
20111207,0.97,0.97,0.97,0.97,1645,0
20111212,0.97,0.97,0.97,0.97,1189,0
20111215,0.89,0.89,0.89,0.89,202,0
20111216,0.97,0.97,0.97,0.97,50,0
20111219,0.99,0.99,0.99,0.99,100,0
20111220,0.97,0.97,0.97,0.97,20000,0
20111222,0.93,0.93,0.93,0.93,357000,0
20111223,0.91,0.91,0.91,0.91,1643,0
20111227,0.9,0.9,0.9,0.9,2085,0
20111229,0.9,0.9,0.9,0.9,4000,0
20111230,0.9,0.9,0.9,0.9,115,0
20120102,0.91,0.91,0.91,0.91,5372,0
20120103,0.91,0.91,0.91,0.91,4000,0
20120104,0.88,0.88,0.88,0.88,8907,0
20120105,0.87,0.88,0.8,0.83,33516,0
20120109,0.8,0.8,0.77,0.77,4081,0
20120110,0.8,0.8,0.77,0.79,845,0
20120111,0.8,0.8,0.8,0.8,1000,0
20120112,0.76,0.8,0.76,0.8,2500,0
20120113,0.8,0.8,0.8,0.8,510,0
20120117,0.76,0.8,0.76,0.8,2050,0
20120118,0.8,0.8,0.8,0.8,13200,0
20120119,0.8,1,0.8,0.93,94491,0
20120120,0.89,0.91,0.85,0.9,101171,0
20120123,0.89,0.89,0.88,0.88,5515,0
20120124,0.84,0.84,0.84,0.84,13500,0
20120125,0.84,0.87,0.76,0.87,145489,0
20120126,0.84,0.84,0.79,0.83,91749,0
20120127,0.82,0.85,0.82,0.85,16125,0
20120130,0.85,0.85,0.78,0.8,58687,0
20120131,0.82,0.87,0.8,0.8,91107,0
20120201,0.82,0.82,0.79,0.8,32751,0
20120202,0.82,0.85,0.8,0.82,64253,0
20120203,0.82,0.85,0.82,0.83,57931,0
20120206,0.82,0.84,0.82,0.82,36540,0
20120207,0.82,0.84,0.82,0.82,18870,0
20120208,0.82,0.84,0.81,0.82,17514,0
20120209,0.8,0.84,0.8,0.83,44197,0
20120210,0.83,0.83,0.82,0.83,11500,0
20120213,0.83,0.83,0.78,0.81,78499,0
20120214,0.8,0.8,0.77,0.8,48452,0
20120215,0.81,0.82,0.77,0.79,64765,0
20120216,0.79,0.79,0.72,0.75,68683,0
20120217,0.75,0.8,0.73,0.78,102388,0
20120220,0.79,0.8,0.77,0.8,24280,0
20120221,0.79,0.79,0.77,0.78,27470,0
20120222,0.78,0.78,0.77,0.78,17928,0
20120223,0.77,0.78,0.77,0.78,20000,0
20120224,0.8,0.8,0.8,0.8,1168,0
20120227,0.79,0.79,0.77,0.77,23500,0
20120228,0.8,0.8,0.77,0.77,6240,0
20120229,0.77,0.77,0.77,0.77,3743,0
20120301,0.76,0.76,0.75,0.76,14498,0
20120302,0.76,0.76,0.76,0.76,39,0
20120305,0.76,0.76,0.76,0.76,16472,0
20120306,0.75,0.75,0.68,0.73,34406,0
20120307,0.73,0.73,0.73,0.73,889,0
20120308,0.73,0.73,0.73,0.73,2811,0
20120309,0.76,0.76,0.74,0.74,7594,0
20120312,0.72,0.72,0.72,0.72,6000,0
20120313,0.76,0.77,0.72,0.72,16662,0
20120314,0.73,0.73,0.73,0.73,10,0
20120315,0.76,0.76,0.76,0.76,4391,0
20120316,0.77,0.92,0.76,0.89,509772,0
20120319,0.92,1.15,0.92,1.15,574131,0
20120320,1.23,1.45,1.2,1.2,1318978,0
20120321,1.17,1.2,0.98,1,562359,0
20120322,1,1.01,0.86,0.88,723908,0
20120323,0.91,0.92,0.83,0.84,216706,0
20120326,0.84,1.01,0.81,1.01,639178,0
20120327,1.17,1.28,0.96,1.03,1201081,0
20120328,1.04,1.12,0.93,1.07,387723,0
20120329,1.07,1.07,0.97,1.01,214231,0
20120330,1.03,1.03,0.94,0.96,110334,0
20120402,0.98,1,0.95,0.97,63183,0
20120403,0.96,0.96,0.87,0.88,126659,0
20120404,0.88,0.88,0.82,0.83,120028,0
20120405,0.81,0.91,0.81,0.88,260280,0
20120410,0.88,0.88,0.81,0.84,40366,0
20120411,0.84,0.88,0.82,0.87,79104,0
20120412,0.87,0.87,0.84,0.85,36907,0
20120413,0.86,0.86,0.83,0.85,6550,0
20120416,0.83,0.85,0.77,0.8,80685,0
20120417,0.81,0.81,0.75,0.76,107320,0
20120418,0.75,0.79,0.72,0.72,111439,0
20120419,0.73,0.74,0.69,0.69,60523,0
20120420,0.71,0.71,0.67,0.68,61271,0
20120423,0.69,0.69,0.56,0.6,57024,0
20120424,0.62,0.75,0.62,0.75,201912,0
20120425,0.79,0.83,0.73,0.74,193210,0
20120426,0.78,0.79,0.7,0.75,103096,0
20120427,0.77,0.87,0.77,0.86,203411,0
20120430,0.87,1.19,0.83,1.14,854400,0
20120502,1.1,1.29,1.07,1.1,679770,0
20120504,1.09,1.14,1.02,1.06,148940,0
20120507,1,1.05,0.97,0.99,164245,0
20120508,0.95,0.97,0.88,0.92,186276,0
20120509,0.92,1.07,0.79,0.81,543395,0
20120510,0.81,0.85,0.79,0.82,102313,0
20120511,0.84,0.84,0.79,0.81,61602,0
20120514,0.84,0.86,0.76,0.77,124318,0
20120515,0.77,0.77,0.73,0.73,90490,0
20120516,0.73,0.76,0.68,0.75,95650,0
20120517,0.76,0.77,0.7,0.72,65981,0
20120518,0.7,0.72,0.7,0.71,82282,0
20120521,0.73,0.75,0.71,0.73,72060,0
20120522,0.73,0.73,0.7,0.7,85106,0
20120523,0.67,0.68,0.64,0.67,98533,0
20120524,0.67,0.7,0.66,0.7,48697,0
20120525,0.68,0.69,0.66,0.69,33723,0
20120528,0.68,0.68,0.66,0.67,13903,0
20120529,0.65,0.73,0.64,0.73,51354,0
20120530,0.71,0.76,0.68,0.76,90792,0
20120531,0.73,0.75,0.73,0.75,17170,0
20120601,0.75,0.75,0.73,0.73,36555,0
20120604,0.71,0.8,0.71,0.79,95997,0
20120605,0.8,0.87,0.78,0.84,70310,0
20120606,0.85,0.87,0.8,0.82,33891,0
20120608,0.78,0.78,0.71,0.72,78058,0
20120611,0.74,0.8,0.74,0.77,35320,0
20120612,0.77,0.77,0.71,0.72,56773,0
20120613,0.74,0.76,0.72,0.75,29808,0
20120614,0.73,0.74,0.73,0.73,5066,0
20120615,0.73,0.75,0.72,0.75,15327,0
20120618,0.76,0.76,0.72,0.72,10000,0
20120619,0.76,0.78,0.74,0.77,64207,0
20120620,0.77,0.82,0.75,0.82,78993,0
20120621,0.83,0.84,0.8,0.84,72372,0
20120622,0.81,0.84,0.8,0.82,15587,0
20120625,0.8,0.8,0.78,0.78,52303,0
20120626,0.84,0.95,0.84,0.95,180707,0
20120627,1.26,1.38,1.2,1.38,914377,0
20120628,1.5,1.62,1.24,1.61,2062617,0
20120629,1.77,2.13,1.65,2.13,1894478,0
20120702,2.12,2.31,1.92,1.92,1985688,0
20120703,1.81,2.18,1.67,1.87,1235778,0
20120704,1.81,1.99,1.71,1.71,508057,0
20120705,1.67,1.95,1.66,1.85,405840,0
20120706,1.81,1.86,1.73,1.76,91382,0
20120709,1.8,1.82,1.52,1.53,245927,0
20120710,1.51,1.52,1.38,1.48,353464,0
20120711,1.48,1.75,1.41,1.5,412142,0
20120712,1.5,1.57,1.41,1.42,104495,0
20120713,1.45,1.55,1.38,1.47,96943,0
20120716,1.43,1.72,1.41,1.72,297157,0
20120717,1.87,2.23,1.74,2.23,951700,0
20120718,2.25,2.39,2.06,2.18,1851570,0
20120719,2.15,2.35,1.96,2.01,1241180,0
20120720,2.01,2.07,1.85,1.91,558129,0
20120723,1.9,1.95,1.74,1.75,224294,0
20120724,1.75,1.92,1.69,1.8,537392,0
20120725,1.79,1.87,1.75,1.76,163416,0
20120726,1.79,1.86,1.71,1.83,175589,0
20120727,1.83,1.91,1.75,1.83,258242,0
20120730,1.84,1.88,1.78,1.78,75227,0
20120731,1.81,1.83,1.71,1.74,79169,0
20120801,1.75,1.78,1.67,1.75,137560,0
20120802,1.69,1.78,1.69,1.7,67909,0
20120803,1.68,1.7,1.65,1.7,51634,0
20120806,1.68,1.74,1.67,1.7,28720,0
20120807,1.71,1.74,1.68,1.73,36981,0
20120808,1.74,1.96,1.7,1.96,438925,0
20120809,1.99,2.26,1.94,2.15,923888,0
20120810,2.14,2.34,2.03,2.06,663475,0
20120813,2.01,2.16,1.94,1.94,251272,0
20120814,1.94,2.04,1.94,2.02,72889,0
20120816,2.04,2.46,1.95,2.46,620930,0
20120817,2.52,2.64,2.25,2.25,704100,0
20120820,2.3,2.71,2.25,2.64,781672,0
20120821,2.6,2.91,2.6,2.77,904800,0
20120822,2.76,2.87,2.58,2.63,385731,0
20120823,2.66,2.89,2.65,2.78,399859,0
20120824,2.79,2.82,2.69,2.74,85252,0
20120827,2.76,2.8,2.6,2.6,141540,0
20120828,2.53,2.84,2.45,2.84,225840,0
20120829,2.94,3.36,2.87,3.35,911249,0
20120830,3.38,3.56,3.16,3.27,1082330,0
20120831,3.33,3.35,3.17,3.2,335647,0
20120903,3.17,3.3,2.7,2.73,817875,0
20120904,2.7,2.95,2.56,2.83,389186,0
20120905,2.85,3.09,2.76,3.01,267453,0
20120906,3.01,3.19,2.8,2.85,340591,0
20120907,2.85,2.87,2.71,2.8,163711,0
20120910,2.8,2.88,2.77,2.8,44477,0
20120911,2.85,2.86,2.73,2.79,71722,0
20120912,2.76,2.76,2.56,2.58,215601,0
20120913,2.57,2.57,2.15,2.45,738589,0
20120914,2.53,2.69,2.5,2.66,294959,0
20120917,2.69,2.78,2.52,2.6,174446,0
20120918,2.57,2.6,2.42,2.44,134235,0
20120919,2.35,2.56,2.29,2.47,372556,0
20120920,2.43,2.45,2.32,2.35,108186,0
20120921,2.33,2.5,2.23,2.41,201016,0
20120924,2.44,2.49,2.34,2.41,83772,0
20120925,2.39,2.44,2.31,2.32,53143,0
20120926,2.33,2.35,2.15,2.19,141180,0
20120927,2.17,2.25,1.97,2.1,383367,0
20120928,2.1,2.18,2.02,2.1,80988,0
20121001,2.1,2.1,1.99,2.04,120771,0
20121002,2.01,2.08,2,2,82720,0
20121003,1.97,2.5,1.94,2.5,864359,0
20121004,2.58,2.89,2.51,2.54,797698,0
20121005,2.57,2.66,2.42,2.46,317999,0
20121008,2.49,2.7,2.38,2.55,385651,0
20121009,2.64,2.64,2.46,2.56,117374,0
20121010,2.58,2.58,2.41,2.5,27125,0
20121011,2.46,2.86,2.43,2.8,344925,0
20121012,2.85,3.01,2.7,2.77,364416,0
20121015,2.74,2.78,2.7,2.7,46349,0
20121016,2.66,2.76,2.63,2.64,90122,0
20121017,2.68,2.68,2.43,2.47,182165,0
20121018,2.46,2.46,2.25,2.39,403384,0
20121019,2.4,2.57,2.35,2.56,233032,0
20121022,2.54,2.79,2.46,2.75,196196,0
20121023,2.76,2.85,2.55,2.56,189374,0
20121024,2.56,2.6,2.39,2.51,167432,0
20121025,2.55,2.67,2.5,2.56,117234,0
20121026,2.55,2.67,2.47,2.63,114800,0
20121029,2.62,2.87,2.59,2.8,285312,0
20121030,2.83,2.83,2.64,2.64,124245,0
20121031,2.6,2.73,2.55,2.64,75662,0
20121102,2.7,2.78,2.61,2.72,38429,0
20121105,2.75,3.29,2.75,3.15,740231,0
20121106,3.11,3.22,2.98,3,411800,0
20121107,3.01,3.04,2.83,2.83,138590,0
20121108,2.93,3.2,2.9,3,455905,0
20121109,2.95,3,2.84,2.96,160546,0
20121112,2.96,3,2.87,2.97,63411,0
20121113,2.97,2.97,2.8,2.8,94694,0
20121114,2.74,2.92,2.66,2.75,170127,0
20121115,2.75,2.82,2.59,2.59,121030,0
20121116,2.61,2.69,2.57,2.63,58820,0
20121119,2.69,2.88,2.64,2.84,96743,0
20121120,2.87,2.87,2.72,2.78,26077,0
20121121,2.73,3.01,2.7,2.83,204805,0
20121122,2.94,2.98,2.83,2.95,50784,0
20121123,2.97,3.05,2.89,2.89,62673,0
20121126,2.88,2.9,2.77,2.77,66316,0
20121127,2.76,2.89,2.76,2.85,22343,0
20121128,2.84,2.88,2.76,2.8,29507,0
20121129,2.8,2.82,2.76,2.79,14090,0
20121130,2.83,2.87,2.77,2.84,13668,0
20121203,2.84,2.87,2.71,2.75,46325,0
20121204,2.71,2.73,2.65,2.72,41906,0
20121205,2.7,2.72,2.62,2.62,39473,0
20121206,2.63,2.63,2.39,2.46,235193,0
20121207,2.49,2.53,2.35,2.49,70958,0
20121210,2.46,2.58,2.41,2.53,41596,0
20121211,2.52,2.64,2.52,2.64,59791,0
20121212,2.6,2.64,2.57,2.63,13022,0
20121213,2.68,2.85,2.44,2.58,8070270,0
20121214,2.49,2.55,2.2,2.2,600902,0
20121217,2.1,2.16,1.89,2,344706,0
20121218,2.11,2.22,2.04,2.04,235118,0
20121219,2.05,2.08,1.89,2.06,208391,0
20121220,2.05,2.08,1.95,1.98,115426,0
20121221,1.96,2,1.89,1.95,65557,0
20121227,1.97,1.97,1.78,1.83,81417,0
20121228,1.8,1.81,1.65,1.65,232904,0
20130102,1.8,1.85,1.65,1.7,167602,0
20130103,1.64,1.67,1.52,1.52,165675,0
20130104,1.54,1.65,1.44,1.53,239568,0
20130107,1.55,1.67,1.5,1.67,170418,0
20130108,1.71,1.76,1.62,1.63,111525,0
20130109,1.64,1.68,1.47,1.55,240988,0
20130110,1.57,1.6,1.5,1.5,63531,0
20130111,1.51,1.6,1.49,1.52,102705,0
20130114,1.54,1.92,1.53,1.92,352363,0
20130115,1.86,1.95,1.69,1.69,305126,0
20130116,1.7,1.76,1.54,1.6,125172,0
20130117,1.64,1.68,1.56,1.65,104578,0
20130118,1.65,1.75,1.59,1.68,80730,0
20130121,1.65,1.76,1.65,1.73,100706,0
20130122,1.73,1.73,1.68,1.68,18388,0
20130123,1.68,1.68,1.61,1.61,26837,0
20130124,1.61,1.64,1.57,1.57,50287,0
20130125,1.6,1.6,1.55,1.58,16000,0
20130128,1.56,1.57,1.49,1.54,71804,0
20130129,1.5,1.55,1.39,1.4,139024,0
20130130,1.41,1.41,1.27,1.33,266612,0
20130131,1.35,1.45,1.33,1.44,99348,0
20130201,1.45,1.52,1.42,1.47,59509,0
20130204,1.5,1.58,1.35,1.39,267843,0
20130205,1.35,1.37,1.31,1.37,22558,0
20130206,1.31,1.36,1.31,1.36,17997,0
20130207,1.32,1.35,1.32,1.35,9643,0
20130208,1.32,1.38,1.3,1.38,14234,0
20130211,1.34,1.36,1.28,1.33,61875,0
20130212,1.32,1.32,1.2,1.2,173447,0
20130213,1.12,1.21,1.05,1.16,297740,0
20130214,1.18,1.25,1.09,1.1,129123,0
20130215,1.1,1.2,1.07,1.16,97556,0
20130218,1.16,1.25,1.13,1.24,65363,0
20130219,1.25,1.27,1.2,1.2,60642,0
20130220,1.2,1.45,1.16,1.44,277554,0
20130221,1.42,1.46,1.29,1.33,361515,0
20130222,1.32,1.36,1.23,1.27,101652,0
20130225,1.27,1.33,1.19,1.19,114146,0
20130226,1.19,1.19,1.1,1.11,123683,0
20130227,1.12,1.18,1.11,1.16,55009,0
20130228,1.16,1.16,1.11,1.14,25731,0
20130301,1.14,1.15,1.11,1.15,29844,0
20130304,1.12,1.15,1.08,1.08,90419,0
20130305,1.09,1.14,1.09,1.13,12706,0
20130306,1.1,1.14,1.08,1.1,112993,0
20130307,1.1,1.12,1.06,1.07,63169,0
20130308,1.09,1.09,1.01,1.07,78667,0
20130311,1.05,1.06,1.03,1.04,30148,0
20130312,1.04,1.04,0.98,0.98,56454,0
20130313,0.98,1.19,0.96,1.19,428863,0
20130314,1.2,1.2,1.1,1.11,97742,0
20130315,1.12,1.12,1.05,1.08,41605,0
20130318,1.05,1.12,1.03,1.05,37483,0
20130319,1.09,1.09,1.04,1.04,10171,0
20130320,1.05,1.07,0.95,0.98,184011,0
20130321,0.99,1.07,0.97,1.07,55573,0
20130322,0.98,1.04,0.98,0.98,20110,0
20130325,0.99,1.04,0.93,0.94,61544,0
20130326,0.93,0.93,0.89,0.89,52406,0
20130327,0.89,0.91,0.85,0.89,60537,0
20130328,0.89,0.9,0.86,0.86,18287,0
20130402,0.86,0.86,0.82,0.85,61164,0
20130403,0.83,0.83,0.78,0.81,40546,0
20130404,0.78,0.89,0.72,0.86,213334,0
20130405,0.85,0.85,0.78,0.78,67289,0
20130408,0.78,0.82,0.77,0.8,20979,0
20130409,0.78,0.8,0.76,0.79,39792,0
20130410,0.79,0.81,0.75,0.78,27764,0
20130411,0.8,0.8,0.75,0.75,22859,0
20130412,0.74,0.74,0.7,0.74,24934,0
20130415,0.69,0.73,0.68,0.73,6710,0
20130417,0.69,0.69,0.63,0.63,28695,0
20130418,0.63,0.69,0.6,0.67,92039,0
20130419,0.67,0.72,0.65,0.7,61968,0
20130422,0.69,0.69,0.63,0.67,6136,0
20130423,0.65,0.68,0.63,0.66,34393,0
20130424,0.67,0.7,0.62,0.66,41634,0
20130425,0.65,0.79,0.65,0.79,138538,0
20130426,0.78,0.83,0.75,0.78,40179,0
20130429,0.75,0.79,0.75,0.77,21935,0
20130430,0.76,0.76,0.71,0.76,18163,0
20130502,0.76,0.77,0.76,0.77,1816,0
20130506,0.77,0.8,0.77,0.79,11448,0
20130507,0.79,0.94,0.79,0.94,238720,0
20130508,0.96,1.13,0.96,1.07,430320,0
20130509,1.07,1.07,0.97,1.01,91271,0
20130510,1,1.07,1,1.02,35164,0
20130513,1.03,1.07,1.01,1.05,73268,0
20130514,1.02,1.05,1,1.03,15813,0
20130515,1.03,1.04,1.02,1.04,19562,0
20130516,0.99,1.02,0.96,0.96,25520,0
20130517,0.95,0.96,0.9,0.93,28470,0
20130520,0.92,0.99,0.89,0.93,75780,0
20130521,0.9,0.96,0.9,0.92,37672,0
20130522,0.94,1.02,0.94,0.99,53176,0
20130523,1,1.2,0.99,1.18,321493,0
20130524,1.2,1.2,1.03,1.08,243800,0
20130527,1.1,1.1,1.03,1.09,58647,0
20130528,1.09,1.09,1.05,1.06,15864,0
20130529,1.06,1.15,1.02,1.15,123809,0
20130531,1.14,1.17,1.1,1.13,47283,0
20130603,1.13,1.15,1.1,1.12,37566,0
20130604,1.09,1.11,1.04,1.04,81443,0
20130605,1.04,1.14,1.02,1.05,61244,0
20130606,1.05,1.09,1.04,1.05,8270,0
20130607,1.1,1.1,1.05,1.09,18402,0
20130610,1.1,1.1,1.05,1.06,34503,0
20130611,1.09,1.09,1.02,1.03,15732,0
20130612,1.06,1.06,1.02,1.05,26944,0
20130613,1.02,1.04,1.01,1.04,7742,0
20130614,1.01,1.04,0.98,1.04,39410,0
20130617,0.96,1.02,0.96,0.97,12885,0
20130618,0.95,0.95,0.92,0.92,19100,0
20130619,0.92,0.96,0.92,0.94,12992,0
20130620,0.92,0.96,0.9,0.9,37852,0
20130621,0.9,0.9,0.81,0.9,27007,0
20130624,0.88,0.92,0.84,0.92,1020,0
20130625,0.84,0.89,0.84,0.89,11045,0
20130626,0.88,0.89,0.86,0.86,23055,0
20130627,0.86,0.86,0.82,0.83,22136,0
20130628,0.83,0.83,0.81,0.81,21700,0
20130701,0.8,0.85,0.8,0.84,19198,0
20130702,0.86,0.88,0.85,0.88,12277,0
20130703,0.83,0.87,0.83,0.87,1051,0
20130704,0.85,0.88,0.83,0.88,22183,0
20130705,0.84,0.87,0.84,0.87,7157,0
20130708,0.87,0.87,0.81,0.84,8823,0
20130709,0.82,0.82,0.8,0.8,8150,0
20130710,0.8,0.83,0.79,0.83,10269,0
20130711,0.83,0.84,0.83,0.84,2000,0
20130712,0.8,0.83,0.8,0.8,2564,0
20130715,0.84,0.85,0.79,0.83,6150,0
20130716,0.83,0.83,0.8,0.8,5454,0
20130717,0.8,0.83,0.8,0.82,1372,0
20130718,0.82,0.82,0.78,0.82,16865,0
20130719,0.84,0.87,0.84,0.86,24182,0
20130722,0.87,0.87,0.8,0.84,10660,0
20130723,0.84,0.84,0.81,0.81,2660,0
20130724,0.81,0.84,0.8,0.84,14089,0
20130725,0.84,0.85,0.8,0.83,19505,0
20130729,0.82,0.83,0.8,0.83,11873,0
20130730,0.78,0.82,0.71,0.8,15408,0
20130731,0.79,0.81,0.74,0.81,22352,0
20130801,0.81,0.81,0.75,0.79,5120,0
20130802,0.76,0.81,0.75,0.81,17502,0
20130805,0.76,0.83,0.76,0.8,11163,0
20130806,0.77,0.9,0.76,0.87,98593,0
20130807,0.87,0.87,0.81,0.84,48575,0
20130808,0.84,0.86,0.81,0.82,22751,0
20130809,0.85,0.85,0.82,0.84,4967,0
20130812,0.85,0.85,0.81,0.81,15616,0
20130813,0.81,0.84,0.8,0.84,9752,0
20130814,0.81,0.83,0.8,0.8,18682,0
20130816,0.81,0.87,0.81,0.86,44389,0
20130819,0.86,0.86,0.81,0.81,6407,0
20130821,0.81,0.84,0.81,0.84,20769,0
20130822,0.81,0.84,0.81,0.84,12264,0
20130823,0.81,0.83,0.81,0.82,11552,0
20130826,0.81,0.82,0.78,0.81,60024,0
20130827,0.79,0.8,0.75,0.8,48657,0
20130828,0.78,0.78,0.78,0.78,1617,0
20130829,0.79,0.79,0.76,0.79,1065,0
20130830,0.76,0.79,0.75,0.79,4359,0
20130902,0.78,0.79,0.76,0.76,1036,0
20130903,0.75,0.75,0.74,0.74,14045,0
20130904,0.74,0.78,0.73,0.78,23174,0
20130905,0.73,0.75,0.72,0.75,15015,0
20130909,0.72,0.75,0.72,0.75,4610,0
20130910,0.73,0.77,0.73,0.77,18386,0
20130911,0.77,0.78,0.71,0.76,31611,0
20130912,0.77,0.77,0.73,0.74,10062,0
20130913,0.74,0.76,0.74,0.74,12091,0
20130916,0.74,0.74,0.71,0.74,11272,0
20130917,0.71,0.72,0.66,0.72,20428,0
20130918,0.66,0.7,0.66,0.66,3332,0
20130919,0.67,0.7,0.66,0.68,5855,0
20130920,0.67,0.8,0.67,0.76,72136,0
20130923,0.78,0.8,0.75,0.79,36973,0
20130924,0.79,0.79,0.75,0.76,6828,0
20130925,0.76,0.77,0.69,0.77,40870,0
20130926,0.72,0.76,0.72,0.73,24956,0
20130927,0.73,0.75,0.72,0.75,3895,0
20130930,0.72,0.72,0.72,0.72,2222,0
20131001,0.75,0.75,0.7,0.7,23318,0
20131002,0.7,0.73,0.7,0.73,1628,0
20131003,0.74,0.74,0.7,0.7,1800,0
20131004,0.7,0.73,0.7,0.73,7420,0
20131007,0.71,0.71,0.69,0.69,5432,0
20131008,0.68,0.72,0.68,0.72,7836,0
20131009,0.7,0.7,0.67,0.7,14000,0
20131010,0.7,0.72,0.68,0.7,7681,0
20131011,0.7,0.71,0.68,0.71,16100,0
20131014,0.69,0.71,0.68,0.71,10500,0
20131015,0.7,0.72,0.69,0.72,6501,0
20131016,0.71,0.72,0.68,0.72,8601,0
20131017,0.75,0.9,0.75,0.9,185739,0
20131018,0.92,1.05,0.82,0.9,267561,0
20131021,0.85,0.88,0.84,0.87,29123,0
20131022,0.83,0.84,0.78,0.81,45874,0
20131023,0.81,0.84,0.81,0.81,9523,0
20131024,0.81,0.89,0.8,0.8,119013,0
20131025,0.84,0.84,0.8,0.83,27743,0
20131028,0.83,0.83,0.83,0.83,200,0
20131029,0.82,0.84,0.76,0.83,17550,0
20131030,0.8,0.8,0.74,0.76,46989,0
20131031,0.76,0.8,0.72,0.79,32403,0
20131104,0.74,0.85,0.73,0.84,54421,0
20131105,0.81,0.82,0.75,0.81,12292,0
20131106,0.76,0.81,0.75,0.78,13388,0
20131107,0.75,0.75,0.75,0.75,3781,0
20131108,0.78,0.85,0.78,0.83,69884,0
20131112,0.84,0.84,0.83,0.83,3000,0
20131113,0.79,0.8,0.78,0.78,23476,0
20131114,0.81,0.82,0.79,0.82,1600,0
20131115,0.74,0.78,0.74,0.78,23763,0
20131118,0.76,0.76,0.76,0.76,5644,0
20131119,0.75,0.75,0.68,0.71,46619,0
20131120,0.71,0.73,0.7,0.73,4066,0
20131121,0.74,0.74,0.7,0.7,13335,0
20131122,0.69,0.73,0.68,0.7,35071,0
20131125,0.69,0.72,0.68,0.7,17271,0
20131126,0.7,0.77,0.7,0.74,53212,0
20131127,0.71,0.75,0.71,0.73,21309,0
20131128,0.7,0.72,0.69,0.69,38141,0
20131129,0.7,0.73,0.69,0.73,9517,0
20131202,0.7,0.73,0.68,0.68,58628,0
20131203,0.7,0.71,0.68,0.71,5101,0
20131204,0.71,0.71,0.67,0.7,18400,0
20131205,0.68,0.69,0.63,0.66,27064,0
20131206,0.67,0.68,0.67,0.68,2236,0
20131209,0.68,0.68,0.66,0.68,6459,0
20131210,0.66,0.68,0.64,0.68,7462,0
20131211,0.64,0.67,0.64,0.67,7456,0
20131212,0.66,0.67,0.66,0.67,3870,0
20131213,0.65,0.7,0.65,0.69,18354,0
20131216,0.69,0.69,0.69,0.69,2860,0
20131217,0.68,0.68,0.63,0.65,14347,0
20131218,0.63,0.65,0.59,0.59,19987,0
20131219,0.6,0.66,0.57,0.64,49312,0
20131220,0.64,0.64,0.59,0.62,15636,0
20131223,0.59,0.62,0.53,0.55,42334,0
20131227,0.55,0.6,0.53,0.6,36007,0
20131230,0.6,0.64,0.56,0.64,8252,0
20140102,0.64,0.64,0.57,0.57,2000,0
20140103,0.6,0.61,0.56,0.59,14586,0
20140107,0.59,0.6,0.55,0.59,11248,0
20140108,0.56,0.58,0.54,0.56,8053,0
20140109,0.56,0.61,0.56,0.57,30205,0
20140110,0.57,0.59,0.56,0.59,9083,0
20140113,0.6,0.62,0.6,0.61,4329,0
20140114,0.61,0.65,0.58,0.6,26978,0
20140115,0.6,0.6,0.59,0.59,2987,0
20140116,0.59,0.63,0.59,0.63,3349,0
20140117,0.64,0.64,0.64,0.64,100,0
20140120,0.63,0.63,0.59,0.59,2999,0
20140121,0.58,0.58,0.58,0.58,16000,0
20140122,0.57,0.57,0.57,0.57,8061,0
20140123,0.57,0.57,0.56,0.57,3778,0
20140127,0.56,0.56,0.56,0.56,6443,0
20140128,0.55,0.6,0.55,0.58,8388,0
20140129,0.55,0.63,0.55,0.62,56726,0
20140205,0.59,0.6,0.58,0.6,1535,0
20140206,0.56,0.59,0.56,0.59,1980,0
20140207,0.61,0.61,0.61,0.61,246,0
20140210,0.58,0.6,0.56,0.6,5510,0
20140211,0.56,0.6,0.56,0.6,200,0
20140212,0.6,0.71,0.6,0.7,82582,0
20140213,0.66,0.7,0.65,0.69,20050,0
20140214,0.67,0.69,0.66,0.66,23958,0
20140217,0.65,0.78,0.65,0.73,176958,0
20140218,0.73,0.83,0.69,0.79,134698,0
20140219,0.8,0.88,0.78,0.83,147088,0
20140220,0.83,0.83,0.75,0.81,28420,0
20140221,0.82,0.82,0.76,0.76,25910,0
20140224,0.75,0.81,0.7,0.7,53507,0
20140225,0.7,0.71,0.66,0.66,55472,0
20140226,0.66,0.68,0.62,0.64,81906,0
20140227,0.67,0.67,0.63,0.65,50319,0
20140228,0.65,0.65,0.6,0.6,62863,0
20140303,0.6,0.6,0.56,0.56,63660,0
20140304,0.62,0.64,0.57,0.63,30637,0
20140305,0.59,0.63,0.59,0.59,17806,0
20140306,0.61,0.62,0.59,0.62,11517,0
20140307,0.62,0.64,0.6,0.64,27463,0
20140310,0.61,0.63,0.61,0.61,4355,0
20140311,0.61,0.61,0.57,0.58,12418,0
20140312,0.57,0.58,0.56,0.57,34220,0
20140313,0.57,0.59,0.57,0.59,3496,0
20140314,0.56,0.58,0.54,0.58,37066,0
20140318,0.57,0.58,0.55,0.56,27050,0
20140319,0.56,0.56,0.55,0.55,5050,0
20140320,0.56,0.56,0.55,0.55,23100,0
20140321,0.55,0.55,0.55,0.55,900,0
20140324,0.55,0.55,0.55,0.55,11419,0
20140325,0.54,0.54,0.54,0.54,111,0
20140327,0.55,0.59,0.52,0.59,47611,0
20140328,0.56,0.6,0.56,0.6,24635,0
20140331,0.6,0.6,0.57,0.58,3437,0
20140401,0.6,0.61,0.6,0.61,3137,0
20140402,0.6,0.6,0.55,0.59,4144,0
20140403,0.59,0.59,0.59,0.59,2271,0
20140407,0.57,0.57,0.55,0.57,7400,0
20140408,0.56,0.59,0.56,0.59,1475,0
20140409,0.56,0.59,0.56,0.57,5720,0
20140410,0.59,0.59,0.59,0.59,8,0
20140411,0.59,0.59,0.59,0.59,5,0
20140414,0.59,0.59,0.54,0.54,14203,0
20140415,0.58,0.58,0.58,0.58,200,0
20140416,0.55,0.57,0.54,0.57,10474,0
20140417,0.57,0.57,0.55,0.55,3976,0
20140422,0.57,0.57,0.57,0.57,2,0
20140423,0.56,0.56,0.54,0.54,3187,0
20140424,0.54,0.55,0.52,0.55,18696,0
20140425,0.52,0.52,0.49,0.52,41778,0
20140428,0.5,0.5,0.5,0.5,19698,0
20140429,0.5,0.5,0.46,0.47,26920,0
20140430,0.45,0.46,0.45,0.46,20100,0
20140502,0.45,0.45,0.44,0.45,9614,0
20140505,0.44,0.45,0.44,0.45,2371,0
20140609,0.43,0.43,0.39,0.39,59622,0
20140610,0.39,0.43,0.39,0.43,21274,0
20140611,0.4,0.42,0.39,0.42,4520,0
20140612,0.39,0.43,0.39,0.43,15000,0
20140613,0.4,0.43,0.4,0.43,11576,0
