Date,Open,High,Low,Close,Volume,OpenInt
20130710,1.46,1.85,1.46,1.8,16623,0
20130711,1.8,1.82,1.76,1.81,4997,0
20130712,1.8,1.8,1.8,1.8,300,0
20130715,1.8,1.8,1.63,1.63,19213,0
20130716,1.75,1.79,1.67,1.74,4355,0
20130717,1.74,1.75,1.67,1.74,4210,0
20130718,1.74,1.74,1.61,1.69,7162,0
20130719,1.69,1.69,1.6,1.68,8463,0
20130722,1.68,1.69,1.57,1.69,13953,0
20130723,1.69,1.69,1.54,1.65,4771,0
20130724,1.65,1.65,1.53,1.65,13559,0
20130725,1.65,1.73,1.65,1.73,7230,0
20130726,1.72,1.72,1.72,1.72,1089,0
20130729,1.71,1.71,1.66,1.71,1473,0
20130730,1.71,1.71,1.66,1.66,851,0
20130731,1.71,1.71,1.62,1.69,5373,0
20130801,1.69,1.69,1.6,1.67,9276,0
20130802,1.69,1.69,1.69,1.69,5,0
20130805,1.69,1.69,1.66,1.66,4540,0
20130806,1.67,1.67,1.67,1.67,5,0
20130807,1.67,1.67,1.67,1.67,1,0
20130808,1.69,1.69,1.59,1.64,6663,0
20130809,1.64,1.64,1.64,1.64,1,0
20130812,1.63,1.63,1.63,1.63,665,0
20130813,1.67,1.7,1.6,1.7,7807,0
20130814,1.73,1.75,1.71,1.75,8168,0
20130816,1.75,1.8,1.75,1.8,2503,0
20130819,1.85,1.85,1.81,1.84,5466,0
20130820,1.84,1.84,1.83,1.84,5557,0
20130821,1.84,1.84,1.84,1.84,200,0
20130822,1.84,1.84,1.76,1.83,9002,0
20130823,1.84,1.84,1.84,1.84,101,0
20130826,1.84,1.84,1.84,1.84,1,0
20130827,1.84,1.84,1.84,1.84,4,0
20130828,1.84,1.84,1.8,1.8,2508,0
20130829,1.84,1.84,1.8,1.8,3292,0
20130830,1.8,1.8,1.8,1.8,10,0
20130902,1.8,1.8,1.8,1.8,23,0
20130903,1.8,1.8,1.75,1.75,772,0
20130904,1.8,1.83,1.8,1.83,35,0
20130905,1.82,1.82,1.82,1.82,5,0
20130906,1.82,1.82,1.73,1.79,1062,0
20130909,1.79,1.79,1.79,1.79,5,0
20130910,1.75,1.87,1.75,1.87,23139,0
20130911,1.88,1.88,1.86,1.88,10614,0
20130912,1.89,1.89,1.82,1.82,1455,0
20130913,1.82,1.82,1.82,1.82,600,0
20130916,1.82,1.94,1.82,1.94,25045,0
20130917,1.95,2.22,1.95,2.16,102413,0
20130918,2.16,2.16,2.01,2.12,349250,0
20130919,2.12,2.13,2.08,2.12,3669,0
20130920,2.12,2.25,2.12,2.25,40997,0
20130923,2.33,2.33,2.2,2.22,31253,0
20130924,2.34,2.34,2.19,2.22,14104,0
20130925,2.25,2.25,2.16,2.25,19503,0
20130926,2.25,2.25,2.16,2.25,29898,0
20130927,2.25,2.25,2.09,2.11,20968,0
20130930,2.11,2.11,2.04,2.11,11120,0
20131001,2.11,2.11,2.07,2.11,3714,0
20131002,2.11,2.11,2.01,2.11,8510,0
20131003,2.11,2.11,2.11,2.11,2,0
20131004,2.11,2.11,2.11,2.11,5,0
20131007,2.03,2.05,2.03,2.05,5300,0
20131008,2.05,2.05,2.03,2.05,959,0
20131009,2.04,2.04,1.97,2.04,13697,0
20131010,2.04,2.04,2.04,2.04,17260,0
20131011,2,2,1.97,2,31319,0
20131014,2.03,2.03,1.98,2.03,2484,0
20131015,2.03,2.03,2.03,2.03,4510,0
20131016,2.03,2.14,2.01,2.1,39059,0
20131017,2.16,2.28,2.16,2.24,206770,0
20131018,2.21,2.27,2.18,2.18,110109,0
20131021,2.2,2.2,2.1,2.15,28204,0
20131022,2.15,2.15,2.1,2.11,49873,0
20131023,2.11,2.11,2.08,2.11,7110,0
20131024,2.11,2.11,2.1,2.1,9211,0
20131025,2.1,2.1,2,2,86195,0
20131028,2.07,2.19,2.07,2.18,65852,0
20131029,2.2,2.41,2.2,2.37,92860,0
20131030,2.35,2.38,2.3,2.3,24679,0
20131031,2.31,2.38,2.3,2.3,26331,0
20131104,2.35,2.6,2.35,2.49,148346,0
20131105,2.49,2.57,2.38,2.5,57070,0
20131106,2.48,2.48,2.4,2.45,7042,0
20131107,2.47,2.47,2.39,2.45,17406,0
20131108,2.45,2.46,2.45,2.46,1645,0
20131112,2.46,2.54,2.45,2.54,313513,0
20131113,2.55,2.7,2.54,2.6,54707,0
20131114,2.67,2.74,2.62,2.74,52322,0
20131115,2.74,2.74,2.63,2.74,58428,0
20131118,2.7,2.74,2.67,2.72,26118,0
20131119,2.71,2.72,2.55,2.63,25406,0
20131120,2.63,2.73,2.6,2.7,24254,0
20131121,2.69,2.72,2.64,2.71,10765,0
20131122,2.71,2.72,2.69,2.7,17036,0
20131125,2.72,2.72,2.62,2.62,8350,0
20131126,2.62,2.69,2.6,2.67,13542,0
20131127,2.68,2.68,2.5,2.64,24694,0
20131128,2.65,2.65,2.55,2.55,6437,0
20131129,2.55,2.57,2.4,2.55,25548,0
20131202,2.57,2.57,2.45,2.55,8713,0
20131203,2.57,2.57,2.44,2.5,33124,0
20131204,2.5,2.55,2.5,2.55,6405,0
20131205,2.54,2.56,2.33,2.48,19159,0
20131206,2.4,2.49,2.4,2.49,1250,0
20131209,2.56,2.56,2.5,2.5,2995,0
20131210,2.5,2.56,2.45,2.52,13672,0
20131211,2.56,2.57,2.45,2.57,14514,0
20131212,2.57,2.57,2.47,2.47,6548,0
20131213,2.47,2.47,2.38,2.39,15510,0
20131216,2.45,2.64,2.38,2.51,19826,0
20131217,2.51,2.64,2.38,2.38,17743,0
20131218,2.37,2.59,2.37,2.58,6454,0
20131219,2.58,2.58,2.4,2.4,16307,0
20131220,2.45,2.5,2.34,2.5,12701,0
20131223,2.5,2.6,2.5,2.5,2570,0
20131227,2.49,2.5,2.49,2.49,1520,0
20131230,2.62,2.62,2.55,2.55,500,0
20140102,2.55,2.62,2.5,2.53,9124,0
20140103,2.53,2.53,2.5,2.53,1499,0
20140107,2.55,2.55,2.48,2.54,3600,0
20140108,2.58,2.58,2.48,2.54,1486,0
20140109,2.58,2.58,2.4,2.44,27233,0
20140110,2.4,2.45,2.38,2.41,3062,0
20140113,2.41,2.55,2.41,2.54,6034,0
20140114,2.52,2.52,2.42,2.47,4151,0
20140115,2.44,2.45,2.44,2.45,195,0
20140116,2.44,2.46,2.44,2.45,4383,0
20140117,2.43,2.44,2.42,2.44,6818,0
20140120,2.42,2.47,2.42,2.42,3321,0
20140121,2.58,2.58,2.43,2.49,1030,0
20140122,2.48,2.49,2.41,2.45,17830,0
20140123,2.45,2.48,2.38,2.48,12593,0
20140124,2.48,2.5,2.47,2.5,8761,0
20140127,2.46,2.58,2.46,2.57,22506,0
20140128,2.47,2.57,2.44,2.51,10481,0
20140129,2.55,2.55,2.42,2.52,930,0
20140130,2.52,2.52,2.4,2.4,50888,0
20140131,2.4,2.48,2.4,2.47,7193,0
20140203,2.45,2.45,2.36,2.41,17883,0
20140204,2.41,2.42,2.4,2.4,23269,0
20140205,2.44,2.44,2.39,2.39,4859,0
20140206,2.39,2.44,2.36,2.43,12569,0
20140207,2.45,2.45,2.32,2.4,20696,0
20140210,2.4,2.43,2.35,2.39,885,0
20140211,2.38,2.38,2.3,2.33,14615,0
20140212,2.34,2.34,2.25,2.3,19179,0
20140213,2.3,2.3,2.25,2.29,16061,0
20140214,2.3,2.33,2.29,2.32,5282,0
20140217,2.32,2.33,2.32,2.32,1447,0
20140218,2.38,2.38,2.31,2.36,1699,0
20140219,2.33,2.38,2.33,2.38,700,0
20140220,2.36,2.37,2.36,2.37,1520,0
20140221,2.37,2.37,2.32,2.37,3165,0
20140224,2.37,2.37,2.28,2.32,6979,0
20140225,2.32,2.37,2.25,2.37,19228,0
20140226,2.37,2.37,2.2,2.2,20513,0
20140227,2.2,2.27,2.15,2.15,14659,0
20140228,2.2,2.21,2.13,2.21,5305,0
20140303,2.18,2.18,1.99,2.11,29158,0
20140304,2.06,2.16,2.06,2.13,7313,0
20140305,2.18,2.3,2.18,2.25,26122,0
20140306,2.27,2.3,2.25,2.25,2377,0
20140307,2.25,2.25,2.2,2.25,15294,0
20140310,2.3,2.3,2.3,2.3,2,0
20140311,2.3,2.3,2.29,2.29,11025,0
20140312,2.3,2.3,2.3,2.3,2,0
20140313,2.3,2.3,2.2,2.25,15715,0
20140314,2.25,2.3,2.25,2.25,8010,0
20140317,2.24,2.24,2.24,2.24,290,0
20140318,2.24,2.24,2.16,2.22,3718,0
20140319,2.22,2.22,2.2,2.2,1084,0
20140320,2.22,2.3,2.19,2.3,10835,0
20140321,2.3,2.35,2.24,2.35,9176,0
20140324,2.34,2.37,2.25,2.37,6031,0
20140325,2.38,2.38,2.2,2.37,8353,0
20140326,2.37,2.37,2.28,2.31,2181,0
20140327,2.34,2.34,2.34,2.34,33,0
20140328,2.3,2.3,2.3,2.3,11,0
20140331,2.3,2.3,2.3,2.3,2,0
20140401,2.3,2.3,2.2,2.24,9310,0
20140402,2.24,2.37,2.21,2.23,35088,0
20140403,2.24,2.29,2.23,2.29,8042,0
20140404,2.31,2.38,2.31,2.36,29932,0
20140407,2.35,2.35,2.35,2.35,3075,0
20140408,2.32,2.35,2.32,2.35,3500,0
20140409,2.35,2.35,2.3,2.35,4364,0
20140410,2.35,2.38,2.28,2.38,23125,0
20140411,2.38,2.41,2.38,2.41,5004,0
20140414,2.42,2.42,2.31,2.39,5968,0
20140415,2.4,2.4,2.3,2.38,8267,0
20140416,2.4,2.4,2.24,2.37,12608,0
20140417,2.4,2.4,2.27,2.27,2651,0
20140422,2.39,2.39,2.25,2.34,353,0
20140423,2.34,2.34,2.23,2.23,1472,0
20140424,2.22,2.31,2.22,2.31,812,0
20140425,2.22,2.32,2.22,2.32,4605,0
20140428,2.32,2.32,2.32,2.32,2,0
20140429,2.31,2.31,2.31,2.31,2,0
20140430,2.29,2.29,2.15,2.27,33993,0
20140502,2.26,2.26,2.26,2.26,145,0
20140507,2.18,2.19,2.1,2.19,44692,0
20140508,2.23,2.23,2.23,2.23,988,0
20140512,2.21,2.21,2.21,2.21,400,0
20140513,2.22,2.22,2.22,2.22,481,0
20140514,2.22,2.22,2.21,2.22,5001,0
20140515,2.22,2.22,2.22,2.22,950,0
20140516,2.2,2.2,2.11,2.18,6602,0
20140519,2.19,2.19,2.19,2.19,55,0
20140520,2.18,2.18,2.18,2.18,6000,0
20140521,2.18,2.18,2.12,2.18,5728,0
20140522,2.18,2.18,2.11,2.18,4201,0
20140523,2.15,2.18,2.15,2.18,2500,0
20140526,2.18,2.23,2.18,2.23,16430,0
20140527,2.23,2.23,2.23,2.23,2,0
20140528,2.23,2.23,2.23,2.23,1800,0
20140529,2.18,2.23,2.18,2.23,1010,0
20140530,2.21,2.24,2.21,2.24,3100,0
20140602,2.21,2.21,2.21,2.21,4120,0
20140603,2.23,2.23,2.23,2.23,10,0
20140604,2.23,2.23,2.23,2.23,479,0
20140605,2.2,2.23,2.18,2.23,5220,0
20140609,2.21,2.21,2.21,2.21,45,0
20140610,2.13,2.18,2.13,2.18,5026,0
20140612,2.16,2.18,2.05,2.05,7543,0
20140613,2.18,2.18,2.01,2.17,36977,0
