Date,Open,High,Low,Close,Volume,OpenInt
20041230,16.69,17.32,16.65,17.32,641005,0
20041231,17.5,17.64,17.19,17.37,84268,0
20050103,17.37,17.37,17.01,17.19,104204,0
20050104,17.1,17.1,16.69,17.01,40781,0
20050105,16.65,16.65,16.29,16.56,41000,0
20050106,16.29,16.29,15.75,16.29,39392,0
20050107,16.24,16.47,16.15,16.29,23260,0
20050110,16.02,16.24,16.02,16.24,22543,0
20050111,16.2,16.2,15.79,16.15,16381,0
20050112,15.84,16.11,15.57,15.61,39751,0
20050113,15.12,15.57,14.76,15.07,23091,0
20050114,14.85,14.85,14.4,14.4,22739,0
20050117,14.04,14.4,14.04,14.08,35941,0
20050118,13.99,13.99,13.45,13.54,34585,0
20050119,13.18,14.04,13.09,14.04,27186,0
20050120,14.22,14.31,14.04,14.17,11503,0
20050121,14.17,14.17,13.72,13.99,7217,0
20050124,13.68,13.95,13.68,13.9,7403,0
20050125,13.99,14.22,13.99,14.13,5093,0
20050126,14.22,14.71,14.22,14.44,12789,0
20050127,14.53,14.94,14.49,14.76,27397,0
20050128,14.85,15.3,14.85,15.3,7460,0
20050131,15.3,15.57,14.98,15.3,15733,0
20050201,15.3,15.39,15.03,15.03,3161,0
20050202,15.03,15.3,14.85,15.3,17881,0
20050203,14.94,15.21,14.94,15.12,2954,0
20050204,15.12,15.12,14.94,15.07,989,0
20050207,15.25,15.3,15.03,15.07,5556,0
20050208,15.03,15.12,14.85,14.85,7192,0
20050209,14.58,14.85,14.53,14.76,7675,0
20050210,14.76,14.76,14.71,14.71,1079,0
20050211,14.58,14.58,14.31,14.35,2756,0
20050214,14.4,14.71,14.35,14.4,3924,0
20050215,14.4,14.58,14.13,14.58,2535,0
20050216,14.4,14.4,14.22,14.4,7758,0
20050217,14.4,14.4,14.04,14.22,4327,0
20050218,14.13,14.4,14.13,14.13,24384,0
20050221,14.04,14.04,13.81,14.04,1794,0
20050222,13.9,13.95,13.68,13.95,1669,0
20050223,13.77,13.95,13.68,13.95,12470,0
20050224,13.95,14.67,13.95,14.58,4568,0
20050225,14.76,14.76,14.4,14.4,2667,0
20050228,14.49,14.49,13.95,14.08,3176,0
20050301,14.17,14.4,14.17,14.4,8365,0
20050302,14.13,14.4,14.08,14.22,11050,0
20050303,14.04,14.26,14.04,14.22,5217,0
20050304,14.13,14.13,14.04,14.04,942,0
20050307,13.99,14.04,13.77,13.77,968,0
20050308,13.63,13.81,13.54,13.72,4691,0
20050309,13.5,13.68,13.5,13.63,1863,0
20050310,13.63,13.63,13.5,13.59,1667,0
20050311,13.54,13.54,13.5,13.54,2007,0
20050314,13.54,13.59,13.41,13.54,13895,0
20050315,13.45,13.45,12.96,13.05,2385,0
20050316,13,13,12.1,12.15,15593,0
20050317,12.15,12.15,11.52,11.7,6475,0
20050318,11.83,12.55,11.79,12.42,1362,0
20050321,12.51,12.82,12.28,12.42,7128,0
20050322,12.42,12.64,12.37,12.64,1368,0
20050323,12.42,12.64,12.33,12.64,4586,0
20050324,12.82,13.05,12.64,12.64,2221,0
20050329,12.87,13.14,12.6,13,1891,0
20050330,13,13.05,13,13,1433,0
20050331,12.96,13.32,12.96,13.32,2635,0
20050401,13.41,13.5,12.19,13.32,7118,0
20050404,13.05,13.41,13.05,13.41,6023,0
20050405,13.41,13.59,13.36,13.59,1922,0
20050406,13.59,14.35,13.5,14.22,7043,0
20050407,14.31,14.4,13.95,14.22,7360,0
20050411,14.26,14.26,13.95,14.22,1802,0
20050412,14.22,14.35,14.04,14.35,2140,0
20050413,14.35,14.35,13.95,13.95,3316,0
20050414,13.95,14.22,13.95,14.22,718,0
20050415,13.9,13.9,13.86,13.9,5766,0
20050418,13.86,13.86,13.59,13.59,1853,0
20050419,13.59,13.72,13.5,13.72,22004,0
20050420,13.72,13.72,13.72,13.72,2768,0
20050421,13.5,13.5,13.23,13.23,1389,0
20050422,13.05,13.5,12.91,13.23,1959,0
20050425,13.5,13.5,13.41,13.41,288,0
20050426,13.14,13.68,13.14,13.41,11189,0
20050427,13.41,13.41,12.64,12.69,7812,0
20050428,12.91,12.91,12.15,12.15,9172,0
20050429,12.19,12.78,12.15,12.46,4773,0
20050502,12.73,12.78,12.6,12.6,1169,0
20050504,12.6,12.82,12.6,12.69,3807,0
20050505,12.87,14.31,12.87,13.86,12630,0
20050506,13.54,13.95,13.14,13.95,7788,0
20050509,14.04,14.31,13.86,14.04,5046,0
20050510,13.77,13.99,13.5,13.5,2266,0
20050511,13.41,13.86,13.05,13.72,13968,0
20050512,13.72,14.22,13.5,14.22,13724,0
20050513,13.72,14.22,13.72,14.17,4630,0
20050516,13.86,13.95,13.41,13.41,8876,0
20050517,13.41,14.22,13.23,13.9,7528,0
20050518,13.59,13.95,13.5,13.9,8627,0
20050519,13.9,13.9,13.5,13.77,4085,0
20050520,13.5,13.86,13.45,13.86,3836,0
20050523,13.86,13.86,13.59,13.86,2858,0
20050524,13.86,14.17,13.72,14.13,8419,0
20050525,13.86,13.95,13.81,13.81,3218,0
20050527,13.86,14.13,13.86,14.13,2348,0
20050530,14.22,14.94,14.22,14.71,30270,0
20050531,14.76,14.76,14.49,14.76,6469,0
20050601,14.58,14.76,14.4,14.76,6032,0
20050602,14.53,14.76,14.49,14.76,4633,0
20050603,14.76,14.8,14.62,14.67,5202,0
20050606,14.62,14.67,14.13,14.44,11024,0
20050607,14.35,14.4,14.04,14.4,8719,0
20050608,14.26,14.49,14.08,14.4,10243,0
20050609,14.31,14.4,14.31,14.4,1578,0
20050610,14.4,14.49,14.17,14.22,3980,0
20050613,14.13,14.44,13.95,14.44,5913,0
20050614,14.4,14.49,14.4,14.49,4671,0
20050615,14.49,14.85,14.4,14.85,10363,0
20050616,14.76,14.76,14.53,14.76,5137,0
20050617,14.76,14.98,14.62,14.98,13883,0
20050620,15.12,15.75,15.12,15.66,17447,0
20050621,15.66,16.02,15.48,16.02,19964,0
20050622,16.02,16.02,15.48,15.75,4665,0
20050623,15.61,15.75,15.3,15.7,3935,0
20050624,15.39,15.7,15.34,15.7,3105,0
20050627,15.39,15.66,15.39,15.66,2639,0
20050628,15.34,15.61,15.3,15.57,4659,0
20050629,15.48,15.52,15.39,15.39,3079,0
20050630,15.3,15.57,15.16,15.57,5256,0
20050701,15.3,15.7,15.3,15.7,3221,0
20050704,15.7,15.79,15.66,15.79,8106,0
20050705,15.88,15.97,15.7,15.7,31141,0
20050706,15.84,16.06,15.66,16.06,19920,0
20050707,16.11,16.2,15.75,16.2,9265,0
20050708,16.2,16.87,16.2,16.6,22181,0
20050711,16.69,16.92,16.38,16.6,7646,0
20050712,16.38,16.65,16.29,16.56,6688,0
20050713,16.51,16.56,16.2,16.51,3217,0
20050714,16.29,16.51,16.02,16.2,4280,0
20050715,15.97,16.06,15.93,16.06,4865,0
20050718,16.06,16.65,16.06,16.33,9839,0
20050719,16.42,16.42,16.11,16.38,8817,0
20050720,16.33,16.7,16.19,16.33,2778,0
20050721,16.33,16.33,16.24,16.29,20629,0
20050722,16.52,16.56,16.19,16.56,5273,0
20050725,16.52,16.94,16.52,16.75,15675,0
20050726,16.66,16.75,16.47,16.75,4942,0
20050727,16.75,16.75,16.33,16.38,3163,0
20050728,16.43,16.7,16.38,16.7,1945,0
20050729,16.43,16.8,16.43,16.61,22195,0
20050801,16.75,16.84,16.29,16.8,703,0
20050802,16.75,16.75,16.29,16.75,2650,0
20050803,16.7,17.17,16.56,17.17,22558,0
20050804,16.98,17.4,16.84,17.4,15282,0
20050805,17.4,17.4,17.26,17.35,7796,0
20050808,17.26,17.35,17.26,17.31,3091,0
20050809,17.17,17.26,17.17,17.21,6557,0
20050810,17.17,17.26,17.17,17.26,928,0
20050811,17.08,17.12,16.84,16.84,5922,0
20050812,16.56,16.61,16.52,16.56,11726,0
20050816,16.89,17.12,16.56,16.89,22662,0
20050817,16.89,16.89,16.38,16.38,2036,0
20050818,16.66,16.66,16.29,16.61,9667,0
20050819,16.56,16.75,16.56,16.75,1786,0
20050822,16.7,16.84,16.7,16.84,10840,0
20050823,16.7,16.89,16.7,16.7,3760,0
20050824,16.7,16.84,16.56,16.84,3531,0
20050825,16.52,16.89,16.52,16.84,5646,0
20050826,16.52,16.8,16.43,16.8,3183,0
20050829,16.75,16.84,16.75,16.84,1778,0
20050830,16.56,17.03,16.56,16.98,11809,0
20050831,16.7,16.7,16.56,16.7,369,0
20050901,16.98,16.98,16.98,16.98,183,0
20050902,16.7,16.98,16.61,16.7,25975,0
20050905,16.47,16.61,16.47,16.61,216,0
20050906,16.66,16.66,16.56,16.61,2259,0
20050907,16.52,16.52,16.33,16.52,503,0
20050908,16.24,16.52,16.24,16.52,3312,0
20050909,16.52,16.52,16.33,16.52,163,0
20050912,16.19,16.19,16.19,16.19,183,0
20050913,16.43,16.52,16.24,16.52,18189,0
20050914,16.24,16.47,16.19,16.47,118,0
20050915,16.15,16.24,15.92,15.92,1842,0
20050916,16.15,16.38,15.82,16.24,2524,0
20050919,16.24,16.47,16.24,16.38,2731,0
20050920,16.1,16.15,15.4,15.45,5936,0
20050921,15.78,16.47,15.5,16.47,19717,0
20050922,16.15,16.38,15.87,15.92,8632,0
20050923,16.19,16.33,15.92,16.33,34314,0
20050926,16.7,16.7,16.43,16.56,35396,0
20050927,16.56,16.89,16.56,16.89,37003,0
20050928,16.98,17.17,16.98,17.12,19592,0
20050929,17.08,17.12,16.8,16.84,10485,0
20050930,16.84,16.89,16.61,16.7,9759,0
20051003,16.84,16.89,16.38,16.8,9796,0
20051004,16.8,16.8,16.56,16.75,2843,0
20051005,16.75,16.8,16.47,16.61,5797,0
20051006,16.29,16.33,15.5,16.19,9090,0
20051007,15.92,16.05,15.22,15.82,10300,0
20051010,15.59,16.15,15.59,16.15,621,0
20051011,16.43,16.52,15.92,16.24,4462,0
20051012,16.24,16.24,15.96,16.24,835,0
20051013,16.01,16.38,15.64,15.78,4570,0
20051014,16.05,16.05,15.73,15.78,1599,0
20051017,15.59,15.78,15.4,15.78,2445,0
20051018,15.5,15.78,15.5,15.78,1993,0
20051019,15.5,15.59,15.4,15.59,1146,0
20051020,15.68,15.78,15.03,15.59,8894,0
20051021,15.31,15.96,15.17,15.64,5148,0
20051024,15.31,15.78,15.31,15.73,2145,0
20051025,15.78,15.96,15.78,15.96,1992,0
20051026,16.01,16.01,15.45,15.64,682,0
20051027,15.4,15.59,14.99,15.59,3114,0
20051028,15.27,15.4,15.03,15.22,4935,0
20051031,15.17,15.27,14.99,15.27,4141,0
20051102,15.5,15.5,15.17,15.5,1600,0
20051103,15.5,15.68,15.31,15.4,6981,0
20051104,15.31,15.59,15.27,15.59,2112,0
20051107,15.31,15.31,15.27,15.27,556,0
20051108,15.59,15.59,15.27,15.5,187,0
20051109,15.54,15.54,15.17,15.5,2118,0
20051110,15.17,15.45,15.17,15.45,1187,0
20051114,15.22,15.5,14.66,15.13,3771,0
20051115,14.94,15.08,14.85,15.08,6672,0
20051116,14.2,14.76,13.83,14.06,12718,0
20051117,13.83,14.06,13.83,14.06,2909,0
20051118,13.92,13.92,13.83,13.92,3973,0
20051121,13.92,13.92,13.73,13.92,2835,0
20051122,13.83,13.87,13.78,13.87,413,0
20051123,14.06,14.06,13.69,13.92,1242,0
20051124,13.83,13.83,13.18,13.22,3658,0
20051125,13.18,13.46,13.18,13.32,1340,0
20051128,13.36,13.41,13.32,13.32,3560,0
20051129,13.27,13.36,13.27,13.27,2033,0
20051130,13.27,13.27,12.67,12.99,8783,0
20051201,12.76,13.18,12.76,12.99,3010,0
20051202,12.9,12.99,12.16,12.67,9959,0
20051205,12.34,12.39,12.2,12.3,8702,0
20051206,12.3,12.67,12.06,12.53,3676,0
20051207,12.76,13.32,12.53,13.32,7991,0
20051208,13.27,13.27,12.81,12.81,32134,0
20051209,12.99,13.04,12.81,12.85,2856,0
20051212,12.9,12.9,12.06,12.34,5738,0
20051213,12.2,12.62,12.2,12.57,4332,0
20051214,12.34,12.81,12.3,12.57,23453,0
20051215,12.76,13.36,12.71,13.04,13349,0
20051216,13.22,14.24,13.04,13.87,20107,0
20051219,13.92,14.11,12.81,12.95,51561,0
20051220,12.95,12.95,12.57,12.62,32326,0
20051221,12.62,13.08,12.62,12.81,18304,0
20051222,12.9,13.08,12.81,13.08,11163,0
20051223,13.18,13.18,12.81,12.85,10849,0
20051227,12.9,12.95,12.53,12.9,27662,0
20051228,12.76,12.95,12.67,12.95,5346,0
20051229,12.9,12.99,12.62,12.99,8991,0
20051230,12.95,12.99,12.81,12.85,8464,0
20060102,13.04,13.41,12.99,13.36,10675,0
20060103,13.36,13.36,13.08,13.22,10688,0
20060104,13.22,13.36,13.04,13.04,16283,0
20060105,13.13,13.13,12.99,13.08,6585,0
20060106,13.04,13.78,13.04,13.78,17536,0
20060109,13.92,14.62,13.92,14.38,24762,0
20060110,14.34,14.34,13.83,13.92,25787,0
20060111,13.73,14.11,13.73,13.92,16352,0
20060112,14.01,14.01,13.83,13.92,12671,0
20060113,13.87,14.38,13.83,14.38,19770,0
20060116,14.38,15.17,14.38,15.03,11674,0
20060117,14.94,15.03,14.24,14.38,16848,0
20060118,14.8,14.85,14.34,14.34,15136,0
20060119,14.34,14.34,14.01,14.34,6335,0
20060120,14.48,14.62,14.11,14.2,11000,0
20060123,14.24,14.57,13.97,14.48,14179,0
20060124,14.52,14.52,14.01,14.15,9818,0
20060125,14.29,14.38,14.06,14.11,8879,0
20060126,14.11,14.11,13.55,13.92,20856,0
20060127,13.92,13.92,13.55,13.55,6287,0
20060130,13.5,13.87,13.46,13.83,3469,0
20060131,13.64,13.64,12.53,13.22,10552,0
20060201,13.22,13.46,12.99,13.32,4517,0
20060202,13.46,13.73,13.22,13.32,38258,0
20060203,13.46,13.46,12.85,13.27,9437,0
20060206,13.55,13.92,13.46,13.46,17287,0
20060207,13.46,13.69,13.36,13.41,9907,0
20060208,13.36,13.64,13.22,13.6,12273,0
20060209,13.78,14.29,13.55,13.97,44788,0
20060210,13.92,14.24,13.83,13.97,36302,0
20060213,14.15,14.15,13.87,14.01,34596,0
20060214,13.92,14.24,13.92,14.15,28487,0
20060215,14.2,14.66,14.2,14.29,43282,0
20060216,14.24,14.38,14.15,14.15,36175,0
20060217,13.97,14.15,13.92,14.15,18648,0
20060220,13.92,14.38,13.92,13.97,13640,0
20060221,14.24,14.85,14.2,14.24,38931,0
20060222,14.34,14.34,14.11,14.29,20988,0
20060223,14.29,14.52,14.15,14.2,22533,0
20060224,14.24,14.24,13.97,13.97,21849,0
20060227,14.01,14.11,13.87,13.87,19790,0
20060228,14.01,14.01,13.18,13.46,23379,0
20060301,13.46,13.46,12.76,12.99,15165,0
20060302,13.27,13.36,12.99,13.13,10612,0
20060303,13.27,13.27,12.81,12.95,14281,0
20060306,12.81,12.81,11.46,11.46,144995,0
20060307,11.69,11.69,10.9,11.14,44915,0
20060308,11.14,11.14,10.76,10.81,16748,0
20060309,11.04,11.28,10.76,10.76,39866,0
20060310,10.67,10.95,10.67,10.95,10925,0
20060313,11.04,11.32,11.04,11.09,21197,0
20060314,11.28,11.28,11.04,11.14,13616,0
20060315,11.18,11.23,11.04,11.14,9547,0
20060316,11.18,11.51,11.04,11.41,38505,0
20060317,11.51,12.2,11.41,11.88,41893,0
20060320,11.88,12.06,11.69,11.97,8408,0
20060321,12.02,12.02,11.65,11.79,11512,0
20060322,11.65,11.65,11.41,11.51,16984,0
20060323,11.6,11.88,11.51,11.55,21696,0
20060324,12.53,12.76,12.06,12.71,133033,0
20060327,12.67,13.73,12.53,13.69,120550,0
20060328,13.64,13.64,13.22,13.36,59228,0
20060329,13.08,13.08,12.67,12.99,27424,0
20060330,12.99,13.36,12.67,12.99,42010,0
20060331,12.71,13.27,12.71,12.99,15752,0
20060403,12.99,13.18,12.76,13.18,50504,0
20060404,13.36,13.36,12.95,12.95,17079,0
20060405,12.99,13.64,12.99,13.36,53229,0
20060406,13.6,13.6,13.32,13.6,22172,0
20060407,13.69,14.2,13.55,13.83,89831,0
20060410,14.29,14.34,13.92,14.29,63712,0
20060411,14.2,14.66,13.92,13.92,104088,0
20060412,14.06,14.76,14.01,14.76,34893,0
20060413,14.71,15.96,14.66,15.87,133839,0
20060418,16.15,17.12,16.05,16.89,91098,0
20060419,16.98,17.31,16.75,16.89,65265,0
20060420,16.89,17.08,14.48,14.99,162183,0
20060421,14.48,14.62,13.73,14.43,95715,0
20060424,14.2,14.2,13.55,13.73,55675,0
20060425,13.18,14.34,13.13,14.2,37318,0
20060426,14.38,14.66,14.38,14.62,29933,0
20060427,14.66,14.76,13.92,14.38,28020,0
20060428,14.57,14.94,14.24,14.71,56878,0
20060502,14.76,14.76,13.92,14.43,13642,0
20060504,14.15,14.43,13.92,14.01,18064,0
20060505,14.24,14.24,13.55,13.78,30661,0
20060508,13.69,13.69,13.55,13.55,10993,0
20060509,13.69,13.69,12.99,12.99,33457,0
20060510,12.99,12.99,12.9,12.99,10437,0
20060511,13.08,13.6,12.99,13.46,7929,0
20060512,13.64,13.64,13.46,13.46,7218,0
20060515,13.46,13.46,12.71,13.18,9539,0
20060516,13.36,13.36,12.81,12.99,10798,0
20060517,12.9,12.99,12.71,12.71,9913,0
20060518,12.71,12.71,12.2,12.2,19231,0
20060519,12.48,12.53,11.88,12.06,26425,0
20060522,12.25,12.25,11.32,11.32,30580,0
20060523,11.14,11.14,10.25,10.86,32308,0
20060524,10.86,11.14,10.67,10.81,16006,0
20060525,10.86,10.9,10.44,10.67,12939,0
20060526,10.86,10.86,10.63,10.67,47605,0
20060529,10.86,11.51,10.86,10.86,45989,0
20060530,10.95,11.04,10.67,10.67,18230,0
20060531,10.53,10.81,10.12,10.21,44009,0
20060601,10.49,10.58,10.16,10.39,40776,0
20060602,10.53,10.67,10.21,10.21,45998,0
20060605,10.21,10.63,10.21,10.39,74425,0
20060606,10.35,10.39,10.16,10.21,67928,0
20060607,10.35,10.86,10.02,10.67,127355,0
20060608,10.53,11.04,10.39,10.76,55802,0
20060609,10.9,11,10.25,10.35,21038,0
20060612,10.49,10.49,9.42,9.42,38399,0
20060613,8.35,9.19,8.35,9.19,64046,0
20060614,9,9.47,9,9.42,17427,0
20060616,10.3,10.39,9.98,9.98,21381,0
20060619,9.98,9.98,9.74,9.93,9019,0
20060620,9.88,9.88,9.74,9.84,4568,0
20060621,9.84,9.98,9.79,9.98,6747,0
20060622,10.39,10.86,9.98,10.02,39060,0
20060623,10.16,10.35,9.93,10.3,45086,0
20060626,10.53,10.86,10.25,10.76,32324,0
20060627,10.67,10.72,10.21,10.44,44045,0
20060628,10.53,10.53,10.3,10.49,8963,0
20060629,10.49,10.72,10.49,10.63,16346,0
20060630,10.67,10.76,10.58,10.67,21887,0
20060703,10.81,11.32,10.72,11.28,41423,0
20060704,11.32,11.32,11.09,11.23,37660,0
20060705,11.23,11.41,11.14,11.14,27238,0
20060706,11.23,11.46,11.09,11.41,13214,0
20060707,11.51,11.74,11.37,11.6,19309,0
20060710,11.32,11.74,11.32,11.55,23714,0
20060711,11.79,11.79,11.55,11.65,13543,0
20060712,11.79,11.79,11.65,11.69,34066,0
20060713,11.69,11.79,11.51,11.6,44740,0
20060714,11.51,11.55,11.28,11.55,8579,0
20060717,11.41,11.6,11.32,11.6,4376,0
20060718,11.6,11.6,11.32,11.51,23316,0
20060719,11.55,11.79,11.55,11.6,24095,0
20060720,11.8,11.8,11.4,11.4,23388,0
20060721,11.5,11.7,11.4,11.65,26334,0
20060724,11.7,11.75,11.6,11.75,10918,0
20060725,11.8,12,11.5,11.85,39361,0
20060726,11.75,11.85,11.5,11.8,13617,0
20060727,11.9,11.9,11.65,11.9,20772,0
20060728,11.9,11.9,11.55,11.7,7038,0
20060731,11.6,11.7,11.5,11.5,5630,0
20060801,11.35,11.5,11.35,11.4,5034,0
20060802,11.4,11.4,11.15,11.3,11064,0
20060803,11.15,11.15,10.9,11,13801,0
20060804,10.8,11,10.8,11,6693,0
20060807,11,11.05,10.65,11,9419,0
20060808,11,11,10.7,10.9,8370,0
20060809,10.9,11,10.8,11,10330,0
20060810,10.95,11.1,10.95,11.1,2677,0
20060811,11.25,11.25,10.85,11,9914,0
20060814,10.8,10.95,10.1,10.7,10620,0
20060816,10.55,10.65,10.45,10.5,8581,0
20060817,10.5,10.5,10,10.15,44768,0
20060818,10.05,10.15,9.9,10.15,8431,0
20060821,10.1,10.15,10,10.1,9970,0
20060822,10.1,10.55,10,10.55,16545,0
20060823,10.55,10.55,10.3,10.5,8646,0
20060824,10.35,10.4,10.15,10.25,6632,0
20060825,10.25,10.5,10.15,10.5,6242,0
20060828,10.5,10.5,10.25,10.5,7912,0
20060829,10.55,10.65,10.5,10.55,9135,0
20060830,10.55,11.05,10.55,10.95,16660,0
20060831,11,11,10.8,10.8,5963,0
20060901,10.81,10.81,10.5,10.73,8817,0
20060904,10.52,11,10.5,11,22610,0
20060905,10.99,10.99,10.75,10.9,8500,0
20060906,10.99,10.99,10.6,10.6,8365,0
20060907,10.66,10.8,10.55,10.69,6027,0
20060908,10.57,10.63,10.5,10.63,13661,0
20060911,10.6,10.6,10.5,10.55,5127,0
20060912,10.6,10.6,10.31,10.52,7625,0
20060913,10.5,10.55,10.29,10.5,15289,0
20060914,10.5,10.65,10.5,10.5,11923,0
20060915,10.42,10.75,10.4,10.55,5582,0
20060918,10.46,10.54,10.4,10.5,4619,0
20060919,10.39,10.5,10.32,10.5,12935,0
20060920,10.55,10.63,10.45,10.45,4782,0
20060921,10.5,10.53,10.31,10.44,7943,0
20060922,10.31,10.35,10.29,10.3,3625,0
20060925,10.3,10.44,10.22,10.33,7855,0
20060926,10.32,10.7,10.28,10.69,21207,0
20060927,10.74,10.74,10.45,10.5,21063,0
20060928,10.4,10.45,10.32,10.45,20207,0
20060929,10.45,10.77,10.45,10.55,12946,0
20061002,10.76,10.77,10.45,10.45,6515,0
20061003,10.41,10.75,10.41,10.5,18331,0
20061004,10.64,10.66,10.46,10.66,20282,0
20061005,10.7,11,10.48,11,46659,0
20061006,11.21,11.44,11,11.44,90092,0
20061009,11.56,11.58,11.3,11.49,38617,0
20061010,11.5,11.55,11.4,11.54,22836,0
20061011,11.45,11.45,11.15,11.21,11948,0
20061012,11.33,12.18,11.33,12.18,82413,0
20061013,12.2,12.5,12.2,12.4,72595,0
20061016,12.4,12.5,12.01,12.15,25977,0
20061017,12.1,12.1,11.5,11.98,11999,0
20061018,12.22,12.22,11.81,11.9,13823,0
20061019,11.85,11.85,11.55,11.85,17792,0
20061020,11.5,11.78,11.45,11.49,21162,0
20061023,11.49,11.55,11.45,11.45,10546,0
20061024,11.45,11.45,11.22,11.39,12338,0
20061025,11.39,11.62,11.2,11.25,21137,0
20061026,11.12,11.15,10.92,11,32834,0
20061027,11,11.1,11,11.01,7843,0
20061030,11.04,11.04,10.61,10.99,17566,0
20061031,10.77,10.77,10.5,10.6,41600,0
20061102,10.69,10.7,10.53,10.61,33734,0
20061103,10.7,11,10.7,10.91,33556,0
20061106,11.15,11.75,11.15,11.69,69293,0
20061107,11.79,11.8,11.5,11.62,47829,0
20061108,11.68,11.71,11.5,11.66,22241,0
20061109,11.7,12.48,11.7,12.16,97014,0
20061110,12.09,12.85,12.09,12.7,172938,0
20061113,12.94,13.55,12.9,13.26,167536,0
20061114,13.3,13.3,12.62,12.8,123514,0
20061115,12.8,12.8,12.3,12.44,62302,0
20061116,12.44,12.9,12.44,12.85,51825,0
20061117,13.09,13.26,12.8,12.8,38742,0
20061120,12.75,13.36,12.75,13.01,46403,0
20061121,13,13.37,12.9,12.9,23554,0
20061122,12.9,13,12.4,12.52,22883,0
20061123,12.51,12.75,12.42,12.68,4543,0
20061124,12.7,13,12.53,12.53,11291,0
20061127,12.55,12.9,12.52,12.62,17377,0
20061128,12.41,12.65,12.4,12.43,12430,0
20061129,12.47,12.7,12.42,12.45,11607,0
20061130,12.69,12.7,12.45,12.45,20382,0
20061201,12.69,12.69,12.35,12.36,23800,0
20061204,12.35,12.8,12.35,12.54,32544,0
20061205,12.54,13.2,12.54,12.86,72163,0
20061206,13.05,13.05,12.58,12.58,22274,0
20061207,12.54,13,12.54,12.89,15300,0
20061208,12.74,13.2,12.74,13.17,24566,0
20061211,13.25,13.33,12.98,13.1,23290,0
20061212,13.1,13.6,13.1,13.45,42382,0
20061213,13.4,13.4,13.05,13.07,23594,0
20061214,13.09,13.09,12.02,12.25,57957,0
20061215,12.19,12.4,11.1,12.33,55036,0
20061218,12.34,12.34,11.8,12.05,12756,0
20061219,12.01,12.14,11.5,11.5,11783,0
20061220,11.33,11.65,11.2,11.27,15898,0
20061221,11.25,11.3,10.97,11.3,34988,0
20061222,11.31,11.5,11.11,11.24,26764,0
20061227,11.47,11.78,11.47,11.7,4159,0
20061228,11.82,11.82,11.55,11.56,5026,0
20061229,11.5,11.5,11.36,11.36,3277,0
20070102,11.4,11.6,11.25,11.6,4760,0
20070103,11.54,11.6,11.5,11.6,4993,0
20070104,11.36,11.45,11.12,11.12,12409,0
20070105,11.01,11.46,11.01,11.46,8188,0
20070108,11.44,11.44,11.16,11.21,3188,0
20070109,11.29,11.48,11.29,11.35,2986,0
20070110,11.25,11.43,11.05,11.2,11167,0
20070111,11.21,11.6,11.21,11.49,17475,0
20070112,11.55,11.55,11.3,11.41,7117,0
20070115,11.45,11.68,11.45,11.6,9148,0
20070116,11.65,12.23,11.41,12.23,12092,0
20070117,12.24,12.6,11.7,12.18,36600,0
20070118,12,12,11.75,11.79,20774,0
20070119,11.75,11.75,11.49,11.59,11970,0
20070122,11.63,12.18,11.63,11.89,25022,0
20070123,11.96,11.96,11.5,11.6,5727,0
20070124,11.61,11.7,11.43,11.52,21339,0
20070125,11.52,11.7,11.3,11.55,19125,0
20070126,11.32,11.5,11.22,11.42,11775,0
20070129,11.4,11.59,11.31,11.59,12410,0
20070130,11.6,11.79,11.37,11.69,10033,0
20070131,11.65,12.08,11.65,11.9,28867,0
20070201,11.9,12,11.88,11.9,12130,0
20070202,11.9,12.2,11.9,11.91,43198,0
20070205,12.1,12.2,11.95,12,13803,0
20070206,12,12,11.75,11.8,14532,0
20070207,11.8,11.8,11.69,11.8,5558,0
20070208,11.8,11.85,11.51,11.52,12182,0
20070209,11.43,12,11.41,12,31569,0
20070212,12.24,12.9,11.75,12.67,193463,0
20070213,12.98,13.2,12.33,12.61,96682,0
20070214,12.75,13.2,12.75,12.91,135581,0
20070215,12.5,12.85,12,12.85,175166,0
20070216,13.1,14.25,12.86,14.25,300935,0
20070219,14.3,15.27,13.95,14.8,206841,0
20070220,14.69,14.81,14,14.2,48373,0
20070221,14.01,14.44,13.7,14,53557,0
20070222,13.83,14.49,13.8,14.14,53089,0
20070223,14.15,14.45,14.05,14.18,38407,0
20070226,14.45,16.3,14.45,16.11,261729,0
20070227,15.65,15.75,14,14.4,116262,0
20070228,13.42,14.6,13.42,14.28,114758,0
20070301,15.3,15.3,13.22,13.95,54742,0
20070302,13.95,14.46,13.7,14.46,22134,0
20070305,13.06,13.88,13.06,13.65,41512,0
20070306,13.9,14.28,13.65,13.92,31224,0
20070307,13.99,14.18,13.5,13.5,31004,0
20070308,13.41,13.93,13.41,13.84,21984,0
20070309,13.83,13.83,13.4,13.61,17353,0
20070312,13.98,14.53,13.91,14.53,106205,0
20070313,14.56,15.19,14.3,14.97,39936,0
20070314,14.3,15.39,13.91,15.12,44107,0
20070315,14.99,15.5,14.7,15.18,44607,0
20070316,15,15.06,14.5,14.99,37857,0
20070319,14.71,15.1,14.5,14.85,19155,0
20070320,14.85,15,14.75,14.8,23361,0
20070321,14.8,15.2,14.5,15.19,42426,0
20070322,15.2,16.19,15.2,15.71,125456,0
20070323,17.3,18.4,16.55,17.37,353372,0
20070326,17.5,17.72,16.3,16.6,94687,0
20070327,16.59,17.65,16.42,17.1,93261,0
20070328,17.2,17.2,16.66,16.9,14420,0
20070329,16.86,17.43,16.86,17.3,46936,0
20070330,17.4,17.45,16.9,17.4,47408,0
20070402,17.73,18.87,17.13,18.87,132303,0
20070403,19.1,19.35,18.4,18.6,100996,0
20070404,18.85,18.85,17.61,17.99,50800,0
20070405,17.77,18,17.6,17.85,28994,0
20070410,17.9,18.75,17.9,18.6,58209,0
20070411,18.6,19.4,18.3,18.4,71945,0
20070412,18.36,18.8,17.2,17.98,59142,0
20070413,18.34,19.25,17.99,18.9,82837,0
20070416,19.4,21.5,19.22,21.5,211501,0
20070417,21.07,22.05,20.5,21.7,70269,0
20070418,25.89,26.78,23,24.3,187196,0
20070419,23.11,23.79,21.6,22.6,89890,0
20070420,23.07,24.19,21.61,21.73,65745,0
20070423,21.5,21.7,20.42,21.49,75239,0
20070424,20.99,21.43,20.5,21,34394,0
20070425,21.4,22.35,20.7,22.35,29095,0
20070426,21.99,23.65,21,22,108534,0
20070427,21.97,22,20.61,21,38652,0
20070430,20.59,21.1,19.52,19.8,20413,0
20070502,19.4,19.9,18.61,18.8,69863,0
20070504,18.5,19.5,17.99,19.25,84763,0
20070507,19.5,19.5,18.3,18.99,30905,0
20070508,18.48,18.65,17.91,18,60507,0
20070509,17.91,18.8,17.31,17.5,90668,0
20070510,17.5,17.85,16.02,16.1,42628,0
20070511,15.42,16.95,15.41,16.79,30733,0
20070514,16.75,17,15.9,17,49953,0
20070515,16.66,17.1,16.5,17.05,36149,0
20070516,16.15,17.5,16.11,17.29,48914,0
20070517,17.66,18,17.4,17.79,35138,0
20070518,18,18.29,17.4,17.5,23163,0
20070521,17.38,17.38,16.32,16.91,89369,0
20070522,16.15,16.5,15.71,16.45,95829,0
20070523,16.3,16.6,16,16.48,16455,0
20070524,16.49,16.64,16.03,16.49,20343,0
20070525,16.45,16.74,16.04,16.6,28369,0
20070528,16.17,16.3,16.03,16.08,32437,0
20070529,16.3,16.3,15.66,16.23,59078,0
20070530,16.15,16.15,15.7,16.14,9300,0
20070531,15.85,16.66,15.85,16.66,15676,0
20070601,16.61,16.87,16.26,16.64,7613,0
20070604,16.59,16.59,16.03,16.45,12427,0
20070605,16.15,16.39,16,16.11,10676,0
20070606,16.44,16.44,15.76,16,7710,0
20070608,15.4,16,15.4,16,11401,0
20070611,16.2,16.2,15.62,15.8,7444,0
20070612,15.99,16.16,15.75,15.75,5756,0
20070613,15.75,15.99,15.6,15.92,22340,0
20070614,15.99,16.08,15.65,15.81,5517,0
20070615,15.89,15.89,15.64,15.88,8410,0
20070618,15.89,15.92,15.52,15.52,9447,0
20070619,15.5,15.8,15.45,15.74,11414,0
20070620,15.8,15.8,15.5,15.7,22618,0
20070621,15.52,15.7,15.52,15.6,3433,0
20070622,15.5,15.65,14.64,14.89,59061,0
20070625,14.84,14.85,13.85,14.17,106722,0
20070626,14.2,14.7,13.85,14,87258,0
20070627,14,14.2,13.8,13.8,30892,0
20070628,13.8,14.5,13.8,14.07,51151,0
20070629,14.19,14.19,13.8,14,29597,0
20070702,14.55,14.79,13.93,14.18,60923,0
20070703,14.44,14.44,13.91,14.09,12889,0
20070704,14.1,14.22,13.79,13.9,15197,0
20070705,13.65,13.9,13.01,13.25,61020,0
20070706,13.25,13.4,13.1,13.2,30451,0
20070709,13.5,13.8,13.32,13.59,38703,0
20070710,13.74,13.74,13.33,13.33,10742,0
20070711,13.25,13.49,12.5,12.69,40271,0
20070712,12.62,12.8,12.41,12.47,19782,0
20070713,12.4,12.69,12.2,12.6,22161,0
20070716,12.85,12.85,12.3,12.3,10041,0
20070717,12.31,12.31,12,12.19,16440,0
20070718,12.2,12.2,11.81,12.1,20645,0
20070719,12.35,12.39,11.91,12.39,27200,0
20070720,12.63,12.63,12.4,12.49,13581,0
20070723,12.51,12.58,12.5,12.57,3802,0
20070724,12.39,12.39,12.09,12.37,16754,0
20070725,12.3,12.3,12,12.3,7114,0
20070726,12.08,12.27,11.41,11.99,10541,0
20070727,11.42,11.9,11.03,11.69,33694,0
20070730,11.45,11.45,11.11,11.42,23560,0
20070731,11.55,11.7,11.31,11.59,12400,0
20070801,11.11,11.25,11,11.15,15671,0
20070802,11.1,11.4,10.9,10.9,17461,0
20070803,11.1,11.11,10,10.26,28108,0
20070806,9.6,9.6,9.05,9.5,70280,0
20070807,9.49,9.49,9.1,9.38,35943,0
20070808,9.09,9.48,9.04,9.48,27677,0
20070809,8,8.37,7.7,8.15,114666,0
20070810,7.6,8.06,7.32,7.49,38310,0
20070813,7.6,7.75,7.4,7.55,31457,0
20070814,7.69,7.69,7.4,7.59,5941,0
20070816,7.28,7.28,6.4,7,52697,0
20070817,6.1,7,6.1,6.75,30210,0
20070820,6.89,7.07,6.53,6.72,24404,0
20070821,6.75,6.75,6.26,6.36,22285,0
20070822,6.5,7.46,6.16,6.99,41674,0
20070823,7.3,7.5,7.1,7.2,31909,0
20070824,7.35,7.8,7.17,7.8,19757,0
20070827,7.9,8.48,7.81,8.23,36084,0
20070828,8,8,7.51,7.68,18459,0
20070829,7.5,8.1,7.3,8,21946,0
20070830,7.95,8.3,7.5,7.5,30193,0
20070831,7.84,7.9,7.72,7.8,3700,0
20070903,7.9,7.9,7.75,7.86,7319,0
20070904,7.7,7.7,7.5,7.69,12605,0
20070905,7.63,7.64,7.37,7.39,9259,0
20070906,7.5,7.5,7.2,7.2,13964,0
20070907,7.2,7.26,6.89,7,13297,0
20070910,6.86,7.14,6.42,6.95,16854,0
20070911,7,7.1,7,7.1,6568,0
20070912,7.35,7.35,7.1,7.1,2638,0
20070913,7.2,7.2,7.05,7.16,376,0
20070914,7.3,7.3,6.7,6.99,7229,0
20070917,6.7,6.78,6.5,6.63,18307,0
20070918,6.52,6.52,5.99,6.02,77809,0
20070919,6.29,6.29,6.11,6.23,31319,0
20070920,6.31,7.39,6.25,6.97,88029,0
20070921,7.08,7.58,7.08,7.25,73400,0
20070924,7.39,7.39,6.82,6.92,20444,0
20070925,6.81,7,6.8,6.8,9992,0
20070926,6.8,6.93,6.7,6.91,8386,0
20070927,6.81,6.86,6.73,6.74,7433,0
20070928,6.75,6.96,6.66,6.88,7624,0
20071001,6.79,6.87,6.25,6.42,18236,0
20071002,6.7,6.7,6.26,6.39,16089,0
20071003,6.65,6.65,6.42,6.59,44340,0
20071004,6.58,6.7,6.33,6.7,5950,0
20071005,6.7,6.75,6.29,6.67,7282,0
20071008,6.69,6.69,6.47,6.52,11739,0
20071009,6.5,6.52,6.3,6.49,40297,0
20071010,6.47,6.48,6.35,6.42,20986,0
20071011,6.41,6.59,6.41,6.41,24623,0
20071012,6.4,6.95,6.29,6.85,39742,0
20071015,6.9,6.92,6.42,6.51,24380,0
20071016,6,6.18,5.6,5.71,115191,0
20071017,5.6,5.75,5.41,5.67,36750,0
20071018,5.71,5.75,5.51,5.59,21908,0
20071019,5.46,5.75,5.31,5.65,12494,0
20071022,5.27,5.65,5.27,5.43,10090,0
20071023,5.35,5.55,5.29,5.42,12116,0
20071024,5.26,5.39,5.2,5.25,14988,0
20071025,5.21,5.21,4.85,5.1,36963,0
20071026,5.01,5.19,4.93,5.19,12202,0
20071029,5.15,5.19,5.07,5.1,11001,0
20071030,5.2,5.2,5.01,5.15,7185,0
20071031,5.15,5.57,5.09,5.37,25144,0
20071102,5.91,7.9,5.89,7.7,479601,0
20071105,7.6,9.19,7.51,8.2,595255,0
20071106,8.39,8.8,7.07,7.1,201110,0
20071107,7.39,7.39,6.02,6.33,101873,0
20071108,5.9,7.02,5.8,6.69,78664,0
20071109,6.8,6.8,6.25,6.35,38144,0
20071112,6.34,6.4,5.96,6.38,31460,0
20071113,6.15,6.89,6.1,6.69,43851,0
20071114,6.66,6.66,6.4,6.4,20678,0
20071115,6.88,6.88,6,6.22,14882,0
20071116,5.81,6.15,5.62,6.15,20394,0
20071119,6.15,6.6,5.9,5.9,3409,0
20071120,5.31,5.8,5.31,5.5,35377,0
20071121,5.5,5.6,4.81,4.9,36509,0
20071122,4.8,5.29,4.8,5.29,22259,0
20071123,7,7.5,6.5,7.18,279386,0
20071126,7,8.2,7,7.54,180188,0
20071127,7.1,9.5,6.8,8.7,243091,0
20071128,9.1,10.37,8.13,8.6,374234,0
20071129,10.3,10.3,9.11,9.11,296113,0
20071130,9.12,9.55,8.8,9.05,51958,0
20071203,9.09,9.4,8.61,9,40248,0
20071204,8.6,8.7,7.84,7.99,106197,0
20071205,7.95,8,7.43,7.92,144500,0
20071206,7.9,8.66,7.68,8.4,85387,0
20071207,8.45,9.1,8.11,8.35,85153,0
20071210,8.51,8.9,8.39,8.6,24522,0
20071211,8.7,8.7,8.35,8.35,175250,0
20071212,8.02,8.2,7.7,7.8,36091,0
20071213,7.86,8,7.61,7.85,39910,0
20071214,7.9,7.9,7.22,7.63,15692,0
20071217,7.69,7.69,7.23,7.28,21414,0
20071218,7.3,7.3,6.65,7.23,42921,0
20071219,7.55,7.72,7.2,7.44,81554,0
20071220,7.29,7.44,7.09,7.19,38265,0
20071221,7,7.3,6.9,7.04,55535,0
20071227,6.98,7.03,6.81,6.98,7132,0
20071228,6.81,7,6.66,6.98,6377,0
20080102,6.98,7.65,6.98,7.59,9090,0
20080103,7,7.4,6.83,7.09,20729,0
20080104,7.15,7.15,6.8,7.12,21138,0
20080107,6.84,7.7,6.84,7.21,22193,0
20080108,7.4,7.4,6.85,7,11894,0
20080109,6.73,6.97,6.07,6.51,13292,0
20080110,6.78,6.78,6.45,6.74,6309,0
20080111,6.78,6.78,6.15,6.7,10104,0
20080114,8.21,8.47,7.67,8.21,128673,0
20080115,8.25,8.7,7.5,7.51,40642,0
20080116,7.05,7.5,6.45,7.25,34024,0
20080117,7.27,7.89,7.2,7.45,19477,0
20080118,7.38,7.77,7.09,7.7,13652,0
20080121,7.4,7.68,7.4,7.6,9709,0
20080122,7.4,7.45,6.92,7.43,6501,0
20080123,7.25,7.7,7.13,7.39,11863,0
20080124,7.39,7.75,7.39,7.7,7265,0
20080125,7.89,7.9,7.7,7.85,7590,0
20080128,7.54,7.7,7.4,7.7,5977,0
20080129,7.63,8.19,7.63,8.06,15181,0
20080130,7.61,8.17,7.61,8.14,27673,0
20080131,8.09,8.35,7.85,8.25,17569,0
20080201,8.39,9.06,8.25,8.8,35462,0
20080204,8.9,9.1,8.56,8.85,9948,0
20080205,8.8,8.8,8.06,8.3,22487,0
20080206,7.8,8.3,7.8,8.3,14852,0
20080207,8.29,8.48,7.9,8.19,2350,0
20080208,8.46,8.46,8.36,8.36,658,0
20080211,8.36,8.36,7.8,8.1,4662,0
20080212,8.25,8.25,7.71,8,25227,0
20080213,7.76,8.08,7.76,8.05,4081,0
20080214,8.05,8.05,7.76,8.04,6445,0
20080215,7.94,7.94,7.71,7.9,729,0
20080218,7.71,8.05,7.7,8.03,4927,0
20080219,8.03,8.05,7.89,8.05,3568,0
20080220,7.83,8.04,7.82,7.82,5350,0
20080221,7.66,8.04,7.56,7.99,12042,0
20080222,7.9,7.9,7.9,7.9,3399,0
20080225,8.27,8.27,7.82,8,1802,0
20080227,8.16,8.16,7.81,7.97,3970,0
20080228,7.92,8.15,7.65,7.79,1397,0
20080229,7.79,7.79,7.58,7.59,2639,0
20080303,7.3,7.5,6.8,6.99,14266,0
20080304,6.8,6.99,6.4,6.65,14482,0
20080305,6.76,6.99,6.45,6.61,2145,0
20080306,6.99,6.99,6.7,6.99,1536,0
20080307,6.6,7,6.6,6.99,2416,0
20080310,6.61,7.1,6.6,6.99,2176,0
20080311,6.98,7.3,6.95,7.18,1500,0
20080312,7,7.2,6.85,7.15,7217,0
20080313,6.86,7.03,6.79,7.03,4544,0
20080314,6.8,7,6.45,6.89,2086,0
20080317,6.79,7.24,6.69,6.95,2529,0
20080318,7,7,6.63,6.95,893,0
20080319,6.95,6.95,6.7,6.7,3047,0
20080320,6.7,6.99,6.7,6.99,2072,0
20080325,7,7,6.7,6.99,2876,0
20080326,6.71,6.94,6.67,6.69,6202,0
20080327,6.93,6.93,6.69,6.89,2136,0
20080328,6.56,6.9,6.5,6.75,8208,0
20080331,6.8,6.82,6.5,6.69,11379,0
20080401,6.6,6.69,6.51,6.69,5285,0
20080402,6.7,6.7,6.5,6.65,11597,0
20080403,6.5,6.69,6.5,6.69,2714,0
20080404,6.55,6.89,6.5,6.89,4583,0
20080407,6.61,6.88,6.6,6.88,4728,0
20080408,6.88,6.89,6.88,6.89,618,0
20080409,6.8,6.82,6.6,6.79,2453,0
20080410,6.59,6.74,6.59,6.6,1717,0
20080411,6.79,6.93,6.51,6.78,6658,0
20080414,6.7,6.7,6.5,6.7,1349,0
20080415,6.5,6.88,6.5,6.88,9842,0
20080416,6.75,6.84,6.55,6.84,4304,0
20080417,6.53,6.75,6.52,6.69,1912,0
20080418,6.69,6.69,6.69,6.69,2000,0
20080421,6.62,6.65,6.54,6.62,11633,0
20080422,6.62,6.7,6.5,6.7,13412,0
20080423,6.5,6.66,6.4,6.66,6872,0
20080424,6.5,6.92,6.5,6.7,5001,0
20080425,6.62,6.62,6.5,6.5,3605,0
20080428,6.43,6.62,6.4,6.62,6928,0
20080429,6.58,6.6,6.4,6.6,3680,0
20080430,6.41,6.7,6.41,6.7,3854,0
20080505,6.8,6.89,6.7,6.89,4712,0
20080506,6.72,7.04,6.72,7.03,8814,0
20080507,7.04,7.25,7.04,7.25,6282,0
20080508,7.47,7.62,7.31,7.62,5400,0
20080509,7.65,7.68,7.31,7.65,1485,0
20080512,7.35,7.59,6.96,7.59,2706,0
20080513,7.64,7.64,7.64,7.64,800,0
20080514,7.3,7.9,7.3,7.89,16077,0
20080515,7.9,7.9,7.65,7.79,12797,0
20080516,7.9,8.33,7.9,8.09,30981,0
20080519,8.08,8.09,7.63,7.84,5735,0
20080520,7.75,7.75,7.37,7.66,7116,0
20080521,7.5,7.7,7.4,7.7,3916,0
20080523,7.81,8,7.4,7.98,17436,0
20080526,8.03,8.13,8,8.05,23115,0
20080527,7.8,7.99,7.8,7.99,10356,0
20080528,7.94,7.99,7.9,7.99,6214,0
20080529,8.26,8.26,7.99,8.07,7501,0
20080530,8.08,8.09,7.99,8.07,1178,0
20080602,7.78,8.05,7.78,8,3332,0
20080603,8,8.02,7.9,7.97,11259,0
20080604,8,8.02,7.9,8.02,8266,0
20080605,8.04,8.04,7.65,7.98,3862,0
20080606,7.98,7.98,7.5,7.75,6354,0
20080609,7.36,7.89,7.36,7.6,2025,0
20080610,7.59,7.59,6.96,7.2,6157,0
20080611,7.14,7.14,6.3,7.14,33167,0
20080612,6.9,7.39,6.89,7.38,3805,0
20080613,7.49,7.49,7.13,7.43,3082,0
20080616,7.49,7.49,7.03,7.03,3754,0
20080617,7,7.48,6.9,7.48,3220,0
20080618,7.08,7.19,7.04,7.19,4111,0
20080619,7.02,7.6,7.02,7.3,4086,0
20080620,7.1,7.39,7.1,7.39,342,0
20080623,7.02,7.55,7.02,7.19,3077,0
20080624,7.17,7.28,7.04,7.28,2348,0
20080625,7.48,7.48,7.1,7.47,256,0
20080626,7.15,7.41,7.15,7.39,1111,0
20080627,7.05,7.45,7.05,7.39,3010,0
20080630,7.25,7.39,7.2,7.38,652,0
20080701,7.2,7.39,7.06,7.36,626,0
20080702,7.05,7.33,6.99,7.3,363,0
20080703,7,7.13,6.93,7.09,2947,0
20080704,7.3,7.3,6.6,6.61,3725,0
20080707,7.04,7.04,6.66,6.98,524,0
20080708,6.84,6.84,6.65,6.65,238,0
20080709,6.99,7.03,6.84,7.01,170,0
20080710,6.7,7,6.7,6.99,6001,0
20080711,6.65,7.37,6.65,7.37,2264,0
20080714,7.4,7.4,7.03,7.39,3124,0
20080715,7.02,7.02,6.84,7.02,444,0
20080716,7.15,7.15,6.84,6.89,2930,0
20080717,7.3,7.3,6.8,6.8,635,0
20080718,7.14,7.14,7.14,7.14,1,0
20080721,6.75,7.15,6.75,6.88,4571,0
20080722,7.02,7.02,6.99,6.99,2609,0
20080723,6.75,7.11,6.75,7.11,1092,0
20080724,7.05,7.12,6.79,7.12,819,0
20080725,7.04,7.04,7.04,7.04,100,0
20080728,7.04,7.15,6.79,7.05,2176,0
20080729,6.81,7.04,6.81,7.04,97,0
20080730,7.03,7.08,6.58,7.05,2958,0
20080731,7.05,7.05,7.05,7.05,229,0
20080801,6.72,7.05,6.72,7.05,35,0
20080804,6.71,6.98,6.66,6.98,946,0
20080805,6.7,6.95,6.34,6.95,6480,0
20080806,6.7,6.91,6.6,6.91,2555,0
20080807,6.56,6.6,6.43,6.5,4855,0
20080808,6.41,6.82,6.4,6.45,10654,0
20080811,6.55,6.55,6.5,6.55,680,0
20080812,6.5,6.64,6.5,6.64,299,0
20080813,6.34,6.69,6.3,6.69,485,0
20080814,6.7,6.7,6.4,6.4,2977,0
20080818,6.4,6.7,6.13,6.55,1927,0
20080819,6.6,6.6,6,6.55,5897,0
20080820,6.22,6.54,6,6.49,5933,0
20080821,6.49,6.6,6.28,6.59,1925,0
20080822,6.68,6.68,6.5,6.68,1143,0
20080825,6.35,6.61,6.28,6.51,3297,0
20080826,6.5,6.64,6.33,6.64,1914,0
20080827,6.71,6.71,6.5,6.71,940,0
20080828,6.38,6.69,6.3,6.69,769,0
20080829,6.4,6.69,6.35,6.69,2980,0
20080901,6.6,6.77,6.6,6.76,2465,0
20080902,6.75,6.75,6.6,6.75,660,0
20080903,6.6,6.7,6.6,6.7,128,0
20080904,6.6,6.6,6.55,6.6,1848,0
20080905,6.74,6.74,6.7,6.7,336,0
20080908,6.7,6.75,6.53,6.7,1091,0
20080909,6.75,6.76,6.75,6.76,1347,0
20080910,6.76,6.78,6.7,6.76,2232,0
20080911,6.75,6.75,6.74,6.74,330,0
20080912,6.5,6.72,6.4,6.66,1045,0
20080915,6.7,6.7,6.15,6.39,2784,0
20080916,6.7,6.7,6.3,6.4,6299,0
20080917,6.5,6.5,6.22,6.39,453,0
20080918,6.21,6.48,6.21,6.45,829,0
20080919,6.45,6.74,6.4,6.7,2855,0
20080922,6.99,6.99,6.72,6.88,3369,0
20080923,6.72,6.72,6.54,6.72,1346,0
20080924,6.84,6.84,6.84,6.84,10,0
20080925,6.85,6.85,6.79,6.85,802,0
20080926,6.84,7.09,6.75,6.89,4137,0
20080929,6.89,7.15,5.59,5.59,16807,0
20080930,6.1,6.39,5.65,6.19,16127,0
20081001,6.19,6.36,6.16,6.16,1724,0
20081002,6,6.22,6,6.11,3476,0
20081003,5.95,6.24,5.95,6.19,437,0
20081006,6.19,6.19,5.8,6,3900,0
20081007,5.85,5.89,5.7,5.89,8804,0
20081008,5.6,5.89,4.93,5.29,15287,0
20081009,5.36,5.5,5.36,5.48,2320,0
20081010,5.1,5.25,4.8,4.86,13017,0
20081013,5,5.13,4.92,5,4900,0
20081014,5.18,5.48,5.05,5.48,8530,0
20081015,5.6,5.6,5.18,5.28,3718,0
20081016,5,5.07,4.9,5.05,4925,0
20081017,5.29,5.29,4.91,5.06,3749,0
20081020,5.17,5.17,4.91,5.06,4711,0
20081021,5.15,5.15,5,5,270,0
20081022,4.9,5.09,4.55,5,5462,0
20081023,5.05,5.05,4.34,4.5,6354,0
20081024,4.96,4.96,4.22,4.7,8891,0
20081027,4.3,4.7,4.28,4.64,2072,0
20081028,4.8,4.8,4.3,4.5,1091,0
20081029,4.94,4.94,4.3,4.45,4208,0
20081030,4.5,4.67,4.07,4.63,5068,0
20081031,4.09,4.3,4.06,4.06,14758,0
20081103,4.15,4.25,4.08,4.2,4231,0
20081104,4.11,4.2,4.08,4.18,5448,0
20081105,4.18,4.2,4.11,4.2,3266,0
20081106,4.15,4.15,4.1,4.1,3194,0
20081107,4.1,4.26,4.05,4.2,2505,0
20081110,4.06,4.18,3.79,3.97,18085,0
20081112,3.97,4.1,3.83,3.83,11274,0
20081113,3.72,3.99,3.72,3.91,4584,0
20081114,3.91,4.09,3.71,3.71,8253,0
20081117,3.7,3.95,3.7,3.95,2817,0
20081118,3.64,3.81,3.6,3.6,4164,0
20081119,3.7,3.7,3.53,3.53,827,0
20081120,3.51,3.64,3.5,3.64,1134,0
20081121,3.41,3.6,3.4,3.6,2099,0
20081124,3.54,3.55,3.5,3.55,4926,0
20081125,3.37,3.6,3.33,3.54,2200,0
20081126,3.5,3.52,3.4,3.5,1596,0
20081127,3.47,3.47,3.4,3.4,907,0
20081128,3.4,3.4,3.3,3.4,1020,0
20081202,3.29,3.4,3.29,3.39,1524,0
20081203,3.3,3.37,3.26,3.37,1500,0
20081204,3.34,3.6,3.34,3.6,17018,0
20081205,3.62,3.68,3.6,3.68,7004,0
20081208,3.69,3.78,3.69,3.76,1904,0
20081209,3.75,3.81,3.69,3.8,14272,0
20081210,3.88,3.88,3.7,3.86,5038,0
20081211,3.8,3.9,3.7,3.88,3468,0
20081212,3.86,3.86,3.7,3.83,7096,0
20081215,3.77,3.88,3.77,3.88,3370,0
20081216,3.75,3.89,3.7,3.89,7422,0
20081217,3.94,3.94,3.76,3.83,503,0
20081218,3.84,3.9,3.84,3.85,11703,0
20081219,3.89,3.89,3.75,3.89,4129,0
20081222,3.93,3.93,3.7,3.84,1956,0
20081223,3.72,4.2,3.72,4.2,15122,0
20081229,4.19,4.19,4.11,4.11,280,0
20081230,4.11,4.12,4.01,4.1,3012,0
20081231,3.82,4.09,3.82,4.08,210,0
20090105,4.19,4.19,4.19,4.19,2145,0
20090106,3.88,4.19,3.88,4.19,90,0
20090107,4,4.2,4,4.15,480,0
20090108,4.1,4.15,4.1,4.15,2003,0
20090109,3.9,4.09,3.85,4.09,2811,0
20090112,4,4.15,3.88,3.88,1806,0
20090113,3.9,4.09,3.86,4.09,1328,0
20090114,3.81,3.81,3.81,3.81,1033,0
20090115,3.83,3.99,3.8,3.99,2555,0
20090116,3.8,3.99,3.8,3.99,3009,0
20090119,3.71,4.64,3.7,4.5,60760,0
20090120,4.49,4.55,4.21,4.45,21397,0
20090121,4.36,4.37,4.2,4.37,8776,0
20090122,4.44,4.45,4.21,4.38,7577,0
20090123,4.1,4.2,3.95,4.19,7398,0
20090126,4.24,4.24,3.88,3.89,8524,0
20090127,3.89,3.99,3.8,3.99,3820,0
20090128,3.8,3.99,3.8,3.99,1174,0
20090129,3.61,3.93,3.61,3.61,1544,0
20090130,4,4,4,4,1,0
20090202,3.7,3.7,3.7,3.7,900,0
20090203,3.95,3.95,3.95,3.95,10,0
20090204,3.95,3.95,3.95,3.95,10,0
20090205,3.6,3.95,3.6,3.95,2,0
20090206,3.95,3.95,3.9,3.95,1160,0
20090209,3.61,3.9,3.61,3.9,359,0
20090210,3.9,3.9,3.75,3.87,4358,0
20090211,3.87,3.95,3.87,3.89,1825,0
20090212,3.87,3.94,3.87,3.94,590,0
20090213,3.95,3.95,3.95,3.95,1750,0
20090216,3.93,3.93,3.76,3.76,1354,0
20090217,3.76,3.98,3.65,3.7,8615,0
20090218,3.97,3.97,3.6,3.9,5757,0
20090219,3.9,3.9,3.9,3.9,260,0
20090220,3.59,3.78,3.55,3.6,3323,0
20090223,3.59,3.8,3.59,3.6,1132,0
20090224,3.59,3.7,3.3,3.49,2543,0
20090225,3.48,3.57,3.31,3.57,682,0
20090226,3.32,3.57,3.32,3.57,600,0
20090227,3.55,3.89,3.55,3.89,2937,0
20090303,3.6,3.85,3.6,3.85,210,0
20090304,3.89,3.89,3.5,3.88,674,0
20090305,3.7,4.07,3.63,3.88,5692,0
20090306,3.94,3.95,3.71,3.93,2715,0
20090309,3.85,4.08,3.8,4.03,780,0
20090310,4.03,4.09,3.85,4.05,6581,0
20090311,4.17,4.18,4,4.15,4586,0
20090312,4.15,4.15,4,4.14,5864,0
20090313,4.01,4.24,3.97,4.24,5680,0
20090316,4.25,4.25,4.1,4.22,2053,0
20090317,4.23,4.39,4.22,4.34,18910,0
20090318,4.3,4.36,4.2,4.35,5859,0
20090319,4.38,4.38,3.95,4.26,9511,0
20090320,4.01,4.2,3.98,4.17,11063,0
20090323,4.04,4.15,4.01,4.11,3884,0
20090324,4,4.1,4,4.05,17815,0
20090325,4.14,4.14,4,4.08,8621,0
20090326,3.99,4.25,3.99,4.25,20343,0
20090327,4,4.26,4,4.25,7372,0
20090330,4.2,4.29,4.08,4.29,9584,0
20090331,4.28,4.38,4.28,4.37,2929,0
20090401,4.38,4.43,4.28,4.43,4357,0
20090402,4.43,4.5,4.4,4.4,2767,0
20090403,4.45,4.7,4.45,4.66,6645,0
20090406,4.65,5.05,4.37,4.59,28063,0
20090407,5.01,5.01,4.6,4.89,4433,0
20090408,4.89,5.89,4.88,5.79,38057,0
20090409,6.05,6.05,5.11,5.3,38004,0
20090414,5.3,5.3,5,5.17,13493,0
20090415,4.96,5.2,4.95,5.2,15487,0
20090416,5.2,5.29,5.01,5.21,10570,0
20090417,5.2,5.2,5.1,5.19,11339,0
20090420,5.06,5.07,4.93,4.93,5152,0
20090421,4.85,5.1,4.85,5.1,5814,0
20090422,5.27,5.3,5,5.3,6308,0
20090423,5.27,5.29,4.9,5.24,12907,0
20090424,5.26,5.3,5.25,5.29,3668,0
20090427,5.34,5.34,5,5.2,5739,0
20090428,4.99,5.11,4.73,5.07,8301,0
20090429,5,5.1,5,5.07,2715,0
20090430,5.19,5.19,5.05,5.16,5560,0
20090504,5.14,5.14,5,5.14,16129,0
20090505,5.14,5.14,5,5.14,5583,0
20090506,5.01,8.6,4.95,8.6,206446,0
20090507,9,9.49,7.7,7.7,196111,0
20090508,7.99,8.3,7.3,8.07,62390,0
20090511,7.99,8.29,7.61,8,31466,0
20090512,8.3,9,7.82,8.77,135258,0
20090513,8.95,9.49,8.41,8.89,92138,0
20090514,8.69,8.89,8.45,8.68,12877,0
20090515,8.55,8.71,8.42,8.5,22715,0
20090518,8.39,8.39,7.65,7.71,43666,0
20090519,7.76,8,7.51,7.74,13775,0
20090520,7.77,7.87,7.32,7.32,11944,0
20090521,7.5,7.69,7.2,7.55,18552,0
20090522,7.6,8,7.6,7.6,16825,0
20090525,7.34,7.7,7.32,7.55,13956,0
20090526,7.32,7.4,7.01,7.26,14617,0
20090527,7.25,7.47,7.2,7.47,2526,0
20090528,7.31,7.55,7.31,7.55,2346,0
20090529,7.5,7.65,7.45,7.64,6644,0
20090601,7.6,7.6,7.12,7.4,1701,0
20090602,7.4,7.68,7.24,7.6,16612,0
20090603,7.21,7.5,6.85,7.07,63202,0
20090604,7.07,7.3,6.95,7.12,9441,0
20090605,7.12,7.16,6.8,6.95,16266,0
20090608,6.9,7,6.75,6.8,2205,0
20090609,6.8,6.85,6.6,6.85,6323,0
20090610,6.94,6.94,6.7,6.85,7787,0
20090612,6.94,7.38,6.88,7.22,24940,0
20090615,7.3,7.44,6.61,7,45770,0
20090616,6.99,7.16,6.99,7.1,6909,0
20090617,6.96,6.99,6.81,6.95,19493,0
20090618,6.95,7.09,6.81,7.09,9278,0
20090619,7.14,7.14,6.8,6.85,4316,0
20090622,6.85,6.9,6.81,6.85,5606,0
20090623,6.93,6.99,6.75,6.9,6563,0
20090624,6.85,6.85,6.7,6.85,1848,0
20090625,6.77,6.77,6.51,6.69,5320,0
20090626,6.97,6.97,6.97,6.97,100,0
20090629,6.71,6.9,6.71,6.9,2565,0
20090630,6.89,6.9,6.74,6.9,1251,0
20090701,6.95,7.03,6.95,7,2743,0
20090702,6.95,6.95,6.76,6.81,2287,0
20090703,6.74,6.97,6.74,6.97,1199,0
20090706,6.75,6.97,6.28,6.95,9278,0
20090707,6.54,6.78,6.5,6.78,2565,0
20090708,6.56,6.88,6.4,6.77,9083,0
20090709,6.53,6.72,6.53,6.72,5528,0
20090710,6.53,6.68,6.5,6.52,3703,0
20090713,6.54,6.54,6.5,6.5,3816,0
20090714,6.65,6.7,6.5,6.7,430,0
20090715,6.7,6.84,6.6,6.84,2493,0
20090716,6.84,6.85,6.62,6.85,3306,0
20090717,6.88,6.88,6.6,6.65,3295,0
20090720,6.66,6.79,6.57,6.75,2687,0
20090721,6.75,6.86,6.55,6.85,2569,0
20090722,6.89,7.59,6.88,6.95,55174,0
20090723,7.2,7.39,6.97,7.25,11150,0
20090724,7.02,7.3,6.8,7.24,18361,0
20090727,7,7.25,6.92,7.19,4979,0
20090728,7.1,7.16,6.9,7.12,4656,0
20090729,6.9,7.12,6.9,7.12,2293,0
20090730,7.16,7.6,7.1,7.57,18635,0
20090731,7.9,7.9,7.4,7.65,8313,0
20090803,7.65,7.8,7.21,7.79,12211,0
20090804,7.79,8,7.51,7.79,7427,0
20090805,8,8,7.65,7.99,4469,0
20090806,7.92,8,7.72,7.9,3919,0
20090807,7.75,7.75,7.31,7.75,5645,0
20090810,7.78,7.85,7.5,7.75,1390,0
20090811,7.6,7.9,7.51,7.75,4489,0
20090812,7.51,7.7,7.5,7.7,1644,0
20090813,7.7,7.7,7.6,7.7,429,0
20090814,7.8,7.93,7.7,7.7,3087,0
20090817,7.65,7.65,7.42,7.58,4688,0
20090818,7.4,7.78,7.4,7.78,105,0
20090819,7.43,7.78,7.41,7.64,6477,0
20090820,7.56,7.75,7.54,7.56,3913,0
20090821,7.75,7.9,7.51,7.79,7735,0
20090824,7.94,7.94,7.8,7.85,9426,0
20090825,7.9,7.99,7.83,7.88,9944,0
20090826,7.94,8.14,7.72,8.02,10872,0
20090827,8.14,8.84,8.14,8.6,51417,0
20090828,8.79,8.79,8.02,8.25,19155,0
20090831,8.2,8.2,7.7,8,8447,0
20090901,8,8.09,7.5,7.83,14410,0
20090902,7.75,7.8,7.2,7.8,21635,0
20090903,7.33,7.9,7.33,7.8,7417,0
20090904,7.94,8.22,7.8,8,3842,0
20090907,7.71,7.9,7.6,7.84,2680,0
20090908,8,8.14,7.74,7.9,3226,0
20090909,7.9,8.13,7.9,8.13,5429,0
20090910,8.1,8.25,8,8,2736,0
20090911,8.1,8.24,8.1,8.1,645,0
20090914,7.85,8,7.7,7.97,1034,0
20090915,8.04,8.04,7.73,8,2172,0
20090916,7.76,8,7.76,8,110,0
20090917,7.81,7.99,7.73,7.99,3615,0
20090918,7.81,8,7.8,8,11139,0
20090921,8,8.13,8,8,13499,0
20090922,8.19,8.19,8,8.19,9009,0
20090923,8.19,8.23,8.01,8.19,1472,0
20090924,8.2,8.2,8,8.2,6964,0
20090925,8.2,8.4,8.1,8.3,14654,0
20090928,8.27,8.5,8.26,8.5,4027,0
20090929,8.6,9.7,8.6,9.34,62031,0
20090930,9.38,9.38,8.71,8.84,15280,0
20091001,8.89,9.17,8.86,8.92,7257,0
20091002,8.8,8.88,8.4,8.48,14592,0
20091005,8.65,8.85,8.51,8.55,1666,0
20091006,8.85,8.85,8.8,8.85,3309,0
20091007,9.13,9.13,8.57,8.6,5218,0
20091008,8.75,8.97,8.62,8.8,3472,0
20091009,8.9,8.9,8.68,8.79,438,0
20091012,8.78,8.78,8.64,8.78,1163,0
20091013,8.78,8.78,8.41,8.41,7568,0
20091014,8.7,8.7,8.41,8.5,1446,0
20091015,8.72,8.72,8.5,8.5,1890,0
20091016,8.5,8.52,8.31,8.41,6272,0
20091019,8.38,8.4,8.15,8.4,5445,0
20091020,8.4,8.4,8.35,8.37,624,0
20091021,8.36,8.36,8.2,8.2,4431,0
20091022,8.1,8.24,8,8.24,2333,0
20091023,8.24,8.4,7.58,8.26,4154,0
20091026,8.25,8.27,8,8.27,3371,0
20091027,8.27,8.5,7.81,8.5,1567,0
20091028,8.05,8.4,7.8,7.91,6325,0
20091029,8.1,8.1,7.7,7.91,1363,0
20091030,7.95,8.1,7.92,8,1797,0
20091102,8.09,8.25,7.77,8.09,991,0
20091103,7.99,8.19,7.8,8.06,3941,0
20091104,8.08,8.08,7.8,8.05,1543,0
20091105,8.03,8.03,7.8,7.94,3060,0
20091106,8.06,8.15,7.9,7.9,2476,0
20091109,8.15,8.2,7.6,7.89,8841,0
20091110,7.99,7.99,7.61,7.9,6366,0
20091112,7.61,8,7.5,7.99,11413,0
20091113,8,8,7.68,7.97,860,0
20091116,7.97,7.97,7.77,7.8,1883,0
20091117,8,8.1,7.71,7.83,3043,0
20091118,7.83,7.83,7.5,7.5,3840,0
20091119,7.75,7.75,7.3,7.74,2061,0
20091120,7.79,7.79,7.78,7.78,418,0
20091123,7.78,7.8,7.31,7.5,6097,0
20091124,7.5,7.5,7.4,7.4,1771,0
20091125,7.43,7.49,7.28,7.48,2381,0
20091126,7.51,7.68,7.27,7.68,1931,0
20091127,7.27,7.6,7.27,7.59,745,0
20091130,7.68,7.68,7.15,7.28,3474,0
20091201,7.3,7.59,7.2,7.54,2444,0
20091202,7.28,7.54,7.28,7.51,1289,0
20091203,7.5,7.5,7.5,7.5,314,0
20091204,7.29,7.48,7,7.3,3272,0
20091207,7.3,7.3,6.98,7,11795,0
20091208,7.28,7.28,7.1,7.27,1177,0
20091209,7.09,7.22,7.03,7.22,547,0
20091210,7.2,7.2,7.15,7.19,64,0
20091211,7.27,7.27,7.26,7.26,81,0
20091214,7.25,7.25,7.01,7.21,4010,0
20091215,7.01,7.17,7.01,7.17,937,0
20091216,7.24,7.24,7,7.15,2926,0
20091217,7.04,7.23,7.04,7.23,928,0
20091218,7.06,7.22,7.05,7.22,5877,0
20091221,7.07,7.22,6.98,7.22,856,0
20091222,7.1,7.49,7.05,7.24,4673,0
20091223,7.09,7.34,7.06,7.25,517,0
20091228,7,7.18,6.8,6.9,10686,0
20091229,6.86,7.13,6.86,7.13,1970,0
20091230,6.89,7.24,6.89,7.24,373,0
20091231,6.94,7.15,6.94,6.98,1625,0
20100104,7.3,7.3,6.97,7.21,1072,0
20100105,7.27,7.27,6.92,7.25,3852,0
20100106,6.99,7.24,6.99,7.24,620,0
20100107,6.95,6.95,6.95,6.95,600,0
20100108,7.23,7.23,6.99,7.16,736,0
20100111,7.33,7.45,7.03,7.34,1752,0
20100112,7.33,7.33,6.91,7.28,2606,0
20100113,7.28,7.28,7.1,7.27,511,0
20100114,7.16,7.28,7.04,7.27,998,0
20100115,7.17,7.27,7.17,7.27,281,0
20100118,7.1,7.6,7.1,7.58,6459,0
20100119,7.65,7.65,7.36,7.49,861,0
20100120,7.6,7.6,7.26,7.58,1905,0
20100121,7.57,7.57,7.03,7.39,3687,0
20100122,7.38,7.38,7.01,7.1,1726,0
20100125,6.98,7.35,6.94,7.1,2392,0
20100126,7,7.01,6.98,7.01,1586,0
20100127,6.99,7.17,6.98,7.17,745,0
20100128,7.17,7.17,7.17,7.17,300,0
20100129,7,7.15,7,7.15,360,0
20100201,7,7.13,6.98,7.13,2159,0
20100202,7.05,7.17,7.04,7.17,2040,0
20100203,7.15,7.3,7.1,7.3,1241,0
20100204,7.2,7.48,7.1,7.33,2105,0
20100205,7.1,7.25,6.88,7.25,4872,0
20100208,7.39,7.39,6.9,6.95,4072,0
20100209,7.17,7.17,6.93,7.16,42,0
20100210,7.14,7.16,7.09,7.16,95,0
20100211,7.14,7.14,7.14,7.14,1,0
20100212,6.76,6.8,6.36,6.36,37266,0
20100215,6.59,6.59,6.11,6.48,6440,0
20100216,6.21,6.59,6.21,6.49,2677,0
20100217,6.55,6.56,6.28,6.4,9488,0
20100218,6.31,6.55,6.3,6.3,5985,0
20100219,6.55,6.55,6.3,6.43,803,0
20100222,6.31,6.43,6.31,6.43,657,0
20100223,6.45,6.45,6.31,6.37,2209,0
20100224,6.38,6.39,6.31,6.39,677,0
20100225,6.54,6.55,6.35,6.39,879,0
20100226,6.32,6.35,6.25,6.3,4257,0
20100301,6.35,6.35,6.12,6.33,2892,0
20100302,6.11,6.33,6.11,6.29,1987,0
20100303,6.3,6.3,6.12,6.16,5418,0
20100304,6.17,6.19,6.15,6.18,2367,0
20100305,6.13,6.21,6.13,6.2,2484,0
20100308,6.13,6.21,6.13,6.2,2856,0
20100309,6.15,6.21,6.12,6.21,3567,0
20100310,6.15,6.32,6.15,6.32,5551,0
20100311,6.21,6.55,6.21,6.47,11587,0
20100312,6.47,6.52,6.1,6.46,7257,0
20100315,6.47,6.47,6.25,6.46,5480,0
20100316,6.46,6.48,6.32,6.42,17711,0
20100317,6.47,6.49,6.35,6.47,11190,0
20100318,6.35,6.49,6.31,6.44,6962,0
20100319,6.31,6.45,6.25,6.35,8230,0
20100322,6.18,6.48,6.18,6.48,4046,0
20100323,6.3,6.46,6.3,6.46,326,0
20100324,6.47,6.47,6.21,6.4,3311,0
20100325,6.22,6.43,6.22,6.39,3417,0
20100326,6.39,6.42,6.28,6.4,1046,0
20100329,6.28,6.4,6.28,6.4,1237,0
20100330,6.42,6.45,6.33,6.41,3496,0
20100331,6.35,6.35,6.33,6.33,1960,0
20100401,6.38,6.38,6,6.37,5716,0
20100406,6.35,6.55,6.35,6.54,8625,0
20100407,6.5,6.71,6.4,6.69,12304,0
20100408,6.71,7.2,6.7,7.13,21392,0
20100409,7.1,7.17,6.96,7.17,5201,0
20100412,7.14,7.29,7,7.2,7293,0
20100413,7.19,7.5,7.11,7.38,13889,0
20100414,7.35,7.69,7.29,7.6,11385,0
20100415,7.59,7.69,7.27,7.5,2361,0
20100416,7.58,7.58,7.2,7.44,1989,0
20100419,7.2,7.39,6.95,7.24,4738,0
20100420,7.2,7.2,7.1,7.2,400,0
20100421,7.2,7.2,6.6,6.94,12902,0
20100422,6.76,6.98,6.76,6.77,3134,0
20100423,7.05,7.11,7.05,7.1,330,0
20100426,7.05,7.1,6.9,7.05,2228,0
20100427,6.85,7.05,6.85,7.05,150,0
20100428,6.99,6.99,6.95,6.99,180,0
20100429,6.56,6.9,6.55,6.9,1001,0
20100430,6.89,6.89,6.6,6.8,916,0
20100504,6.61,6.88,6.4,6.88,7877,0
20100505,6.4,6.75,6.25,6.45,4572,0
20100506,6.45,6.63,6.35,6.63,1659,0
20100507,6.15,6.47,6.15,6.32,8043,0
20100510,6.3,6.54,6.3,6.35,9781,0
20100511,6.45,6.5,6.45,6.45,506,0
20100512,6.5,6.85,6.36,6.8,7719,0
20100513,6.83,6.83,6.73,6.82,2373,0
20100514,6.72,6.82,6.71,6.8,2723,0
20100517,6.71,6.8,6.71,6.8,5407,0
20100518,6.8,6.84,6.71,6.75,3059,0
20100519,6.75,6.75,6.5,6.73,3368,0
20100520,6.6,6.6,6.2,6.39,3170,0
20100521,6.15,6.59,6.15,6.59,3480,0
20100524,6.59,6.6,6.2,6.3,2549,0
20100525,6.3,6.59,6.25,6.26,3962,0
20100526,6.52,6.52,6.25,6.49,16,0
20100527,6.51,6.51,6.48,6.48,241,0
20100528,6.48,6.48,6.31,6.45,1195,0
20100531,6.4,6.44,6.25,6.44,3701,0
20100601,6.2,6.3,6.07,6.25,5762,0
20100602,6.24,6.24,6.1,6.24,1060,0
20100604,6.2,6.2,6.07,6.19,905,0
20100607,5.92,6.19,5.92,5.95,563,0
20100608,6.19,6.19,6.01,6.19,63,0
20100609,6.23,6.23,6.05,6.19,102,0
20100610,6.22,6.3,6.22,6.3,389,0
20100611,6.05,6.27,6.02,6.27,1854,0
20100614,6.28,6.3,6.28,6.3,725,0
20100615,6.3,6.3,6.3,6.3,399,0
20100616,6.02,6.29,6.01,6.29,500,0
20100617,6.1,6.29,6.05,6.29,975,0
20100618,6.05,6.29,6.01,6.01,2808,0
20100621,6.12,6.26,6.12,6.26,521,0
20100622,6.14,6.25,6.14,6.25,151,0
20100623,6.14,6.25,6.01,6.25,212,0
20100624,6.19,6.19,6.19,6.19,200,0
20100625,6.23,6.26,5.88,6.2,969,0
20100628,5.9,6.23,5.9,5.9,409,0
20100629,6.26,6.26,6,6.18,698,0
20100630,6.2,6.2,5.88,6.2,1345,0
20100701,6.18,6.18,6.18,6.18,5,0
20100702,5.8,6.26,5.8,6.19,983,0
20100705,6.26,6.26,5.9,6.19,620,0
20100706,6.13,6.13,6.13,6.13,25,0
20100707,6.09,6.09,5.66,6.08,6283,0
20100708,6.09,6.26,6.09,6.26,660,0
20100709,6.22,6.35,6.22,6.34,1161,0
20100712,6.25,6.25,6.01,6.2,2015,0
20100713,6.21,6.29,6.1,6.18,835,0
20100714,6.25,6.32,6,6.29,1616,0
20100715,6.3,6.3,6,6.1,3679,0
20100716,5.96,6.04,5.96,5.99,1290,0
20100719,6,6.19,5.91,6.19,1040,0
20100720,5.96,6.19,5.96,6.16,130,0
20100721,5.96,6.19,5.96,6.19,410,0
20100722,6.25,6.25,6.25,6.25,1,0
20100723,6,6.2,6,6.2,2270,0
20100726,6.25,6.45,6.25,6.45,2255,0
20100727,6.4,6.4,6.13,6.13,3801,0
20100728,6.4,6.4,6.13,6.3,1507,0
20100729,6.02,6.19,6.02,6.15,3175,0
20100730,6.28,6.28,6.05,6.15,386,0
20100802,6.1,6.39,6.09,6.29,2312,0
20100803,6.04,6.24,6.04,6.24,151,0
20100804,6.24,6.3,6.14,6.14,2387,0
20100805,6.15,6.38,6.07,6.24,526,0
20100806,6.23,6.24,6.13,6.24,3061,0
20100809,6.35,6.35,6.12,6.27,212,0
20100810,6.12,6.2,6.12,6.2,312,0
20100811,6.04,6.19,5.9,6.17,3931,0
20100812,5.9,6.12,5.9,6.05,1247,0
20100813,6.11,6.11,6,6.1,282,0
20100816,5.95,6.1,5.92,6.1,999,0
20100818,5.95,6.09,5.9,6.09,2490,0
20100819,6,6.09,5.9,6.09,2177,0
20100820,5.94,6.09,5.94,6.09,13,0
20100824,5.94,6.05,5.9,6.05,4777,0
20100825,5.85,6.05,5.85,6.05,1429,0
20100826,5.86,6.05,5.86,6.05,351,0
20100827,5.88,6.07,5.88,6.07,1010,0
20100830,5.92,6.11,5.91,6.11,1419,0
20100831,5.91,6.09,5.88,6.09,752,0
20100901,5.88,6.02,5.81,6.01,2108,0
20100903,5.85,6.02,5.85,5.97,880,0
20100906,5.92,6,5.7,5.8,4300,0
20100907,5.85,5.89,5.85,5.89,798,0
20100908,5.71,5.9,5.56,5.9,11323,0
20100909,5.72,5.85,5.72,5.85,587,0
20100910,5.72,5.83,5.72,5.83,226,0
20100913,5.78,5.89,5.78,5.89,1809,0
20100914,5.89,5.96,5.89,5.96,1486,0
20100915,5.8,5.9,5.8,5.9,42,0
20100916,6,6,5.79,5.99,1997,0
20100917,5.97,6.45,5.97,6.4,16301,0
20100920,6.39,6.83,6.39,6.5,32760,0
20100921,6.47,6.5,6.37,6.37,5338,0
20100922,6.31,6.39,6.03,6.29,4428,0
20100923,6.08,6.27,6,6.24,3055,0
20100924,6.06,6.23,5.95,6.23,5151,0
20100927,6.23,6.33,6.04,6.25,1338,0
20100928,6.26,6.26,6.05,6.14,468,0
20100929,6.1,6.19,6,6.19,1535,0
20100930,6.18,6.18,6.02,6.17,750,0
20101001,6.17,6.17,6.11,6.13,340,0
20101004,6.13,6.13,5.82,6,3319,0
20101005,5.84,5.98,5.8,5.98,5657,0
20101006,5.98,5.98,5.7,5.75,7307,0
20101007,5.9,5.9,5.75,5.75,440,0
20101008,5.71,6.14,5.71,6.02,4516,0
20101011,6.02,6.12,6.02,6.11,201,0
20101012,6.04,6.05,6.04,6.05,215,0
20101013,6.11,6.11,6.11,6.11,60,0
20101014,6.11,6.12,5.8,5.99,2979,0
20101015,5.81,5.89,5.6,5.6,5986,0
20101018,5.66,5.79,5.5,5.6,9150,0
20101019,5.6,5.6,5.4,5.57,4672,0
20101020,5.56,5.56,5.45,5.45,201,0
20101021,5.4,5.58,5.4,5.57,1318,0
20101022,5.48,5.48,5.48,5.48,186,0
20101025,5.48,5.56,5.48,5.56,1019,0
20101026,5.71,5.72,5.5,5.72,270,0
20101027,5.77,5.77,5.5,5.55,2581,0
20101028,5.55,5.69,5.38,5.51,3309,0
20101029,5.5,5.5,5.5,5.5,150,0
20101102,5.51,5.51,5.51,5.51,560,0
20101103,5.64,5.64,5.5,5.5,1296,0
20101104,5.5,5.5,5.5,5.5,1000,0
20101105,5.45,5.5,5.35,5.5,1001,0
20101108,5.35,5.8,5.2,5.8,9208,0
20101109,5.79,5.79,5.6,5.79,320,0
20101110,5.89,5.89,5.55,5.88,1002,0
20101115,5.87,5.87,5.3,5.3,26497,0
20101116,5.31,5.44,5.21,5.34,6280,0
20101117,5.25,5.34,5.25,5.34,1867,0
20101118,5.25,5.33,5.25,5.33,410,0
20101119,5.24,5.34,5.24,5.34,68,0
20101123,5.22,5.22,5,5.19,4479,0
20101124,4.9,5.17,4.9,5.17,415,0
20101125,5.16,5.18,5.16,5.18,1150,0
20101126,5.16,5.17,5.16,5.17,1000,0
20101201,5.17,5.17,5.17,5.17,190,0
20101202,4.91,5.14,4.9,5.14,701,0
20101203,4.89,5.18,4.88,5.18,5922,0
20101207,4.92,5.09,4.92,5.09,229,0
20101208,5.05,5.07,5.05,5.07,1477,0
20101209,5.02,5.07,5,5.07,520,0
20101210,5,5.07,5,5.07,501,0
20101213,5.07,5.07,4.82,4.99,1397,0
20101214,5,5,4.67,4.7,2541,0
20101215,4.69,4.88,4.51,4.8,1291,0
20101216,4.8,4.81,4.56,4.81,3931,0
20101217,4.81,5,4.76,4.98,1149,0
20101220,4.82,4.88,4.78,4.86,1865,0
20101221,4.78,4.78,4.57,4.78,1072,0
20101222,4.73,4.73,4.55,4.68,6168,0
20101223,4.6,4.72,4.58,4.63,42549,0
20101227,4.58,4.78,4.58,4.78,49099,0
20101228,4.7,4.72,4.57,4.57,48843,0
20101229,4.61,4.74,4.6,4.74,4713,0
20101230,4.77,4.77,4.6,4.6,2385,0
20101231,4.57,4.74,4.52,4.72,1845,0
20110103,4.72,4.72,4.51,4.71,1306,0
20110105,4.7,4.7,4.5,4.5,1235,0
20110107,4.55,4.66,4.55,4.64,1580,0
20110110,4.64,4.64,4.64,4.64,106,0
20110111,4.51,4.62,4.51,4.62,704,0
20110112,4.62,4.62,4.62,4.62,320,0
20110113,4.62,4.74,4.6,4.74,925,0
20110117,4.51,4.72,4.51,4.72,120,0
20110121,4.51,4.71,4.51,4.7,797,0
20110124,4.52,4.62,4.3,4.53,7242,0
20110125,4.36,4.49,4.35,4.48,1851,0
20110126,4.3,4.41,4.15,4.35,4102,0
20110127,4.3,4.3,4.16,4.3,1490,0
20110128,4.3,4.34,4.3,4.34,1680,0
20110131,4.38,4.38,4.38,4.38,1,0
20110201,4.38,4.39,4.2,4.39,778,0
20110202,4.2,4.38,4.2,4.38,601,0
20110203,4.38,4.38,4.27,4.37,1669,0
20110204,4.37,4.37,4.36,4.36,292,0
20110207,4.28,4.35,4.2,4.27,1681,0
20110208,4.2,4.27,4.14,4.27,98,0
20110210,4.16,4.22,4.15,4.22,756,0
20110211,4.2,4.27,4.18,4.27,966,0
20110216,4.2,4.2,4.15,4.15,3458,0
20110217,4.15,4.15,4.14,4.14,686,0
20110218,4.1,4.2,4.1,4.2,1936,0
20110221,4.2,4.2,4,4.19,3345,0
20110222,4.19,4.2,4.02,4.2,169,0
20110223,4.19,4.25,4,4.25,4026,0
20110224,4.25,4.25,4.25,4.25,10,0
20110225,4.2,4.25,4.2,4.25,152,0
20110228,4.25,4.25,4.24,4.25,401,0
20110301,4.25,4.27,4.11,4.27,717,0
20110302,4.01,4.26,4.01,4.26,21,0
20110304,4.24,4.24,4.24,4.24,28,0
20110307,4.01,4.2,4.01,4.2,923,0
20110308,4.17,4.19,4.17,4.19,700,0
20110309,4.26,4.26,4.26,4.26,1,0
20110310,4.24,4.49,4.24,4.47,2112,0
20110311,4.46,4.46,4.45,4.45,335,0
20110315,4.17,4.44,4.17,4.44,322,0
20110316,4.17,4.25,4,4.24,7499,0
20110317,4.03,4.3,4.03,4.29,534,0
20110318,4.03,4.22,4.03,4.22,723,0
20110321,3.99,4.2,3.99,4.2,526,0
20110322,4.01,4.2,4.01,4.2,101,0
20110324,4.2,4.2,4.2,4.2,3645,0
20110328,4.06,4.21,4.06,4.21,1735,0
20110329,4.2,4.2,4.2,4.2,500,0
20110330,4.21,4.21,4.09,4.2,2001,0
20110331,4.08,4.19,4.02,4.19,580,0
20110401,4.1,4.18,4.1,4.18,751,0
20110404,4.18,4.22,4.1,4.22,3776,0
20110405,4.11,4.11,4.1,4.1,500,0
20110406,4.22,4.22,4.02,4.03,3789,0
20110407,4.04,4.2,4,4,3833,0
20110408,4,4.19,3.99,4.19,1852,0
20110411,4,4.15,3.97,3.97,4553,0
20110412,4.15,4.15,3.97,3.97,1004,0
20110413,3.8,3.96,3.8,3.96,1130,0
20110414,3.95,4,3.72,3.92,4143,0
20110415,3.67,3.8,3.6,3.75,5246,0
20110418,3.89,3.92,3.55,3.9,7092,0
20110419,3.9,3.9,3.62,3.69,7684,0
20110420,3.65,3.87,3.65,3.87,1700,0
20110421,3.86,3.88,3.65,3.88,2028,0
20110426,3.88,4,3.88,4,1010,0
20110427,3.99,4,3.99,4,450,0
20110428,4,4.09,4,4.09,200,0
20110429,3.7,3.9,3.7,3.9,23090,0
20110502,3.9,3.9,3.9,3.9,700,0
20110504,3.9,3.9,3.8,3.8,1048,0
20110505,3.73,3.73,3.73,3.73,500,0
20110506,3.8,3.8,3.8,3.8,337,0
20110509,3.67,3.89,3.67,3.89,68,0
20110511,3.89,4,3.89,3.9,1886,0
20110512,3.9,4,3.9,4,186,0
20110513,4,4,3.79,3.95,2091,0
20110516,3.95,3.95,3.75,3.75,2950,0
20110517,3.77,3.87,3.48,3.48,5902,0
20110518,3.82,3.82,3.82,3.82,151,0
20110519,3.63,3.88,3.63,3.83,5454,0
20110520,3.94,3.94,3.9,3.9,51,0
20110523,3.51,3.89,3.51,3.89,705,0
20110525,3.66,3.87,3.66,3.87,2241,0
20110526,3.56,3.88,3.5,3.88,1787,0
20110530,3.57,3.72,3.56,3.65,5780,0
20110601,3.8,3.8,3.55,3.55,1967,0
20110602,3.88,3.88,3.56,3.82,430,0
20110603,3.82,3.82,3.82,3.82,20,0
20110606,3.51,3.55,3.48,3.51,7305,0
20110607,3.59,3.68,3.53,3.55,7450,0
20110608,3.63,3.63,3.63,3.63,10,0
20110609,3.6,3.65,3.51,3.65,5251,0
20110610,3.65,3.65,3.65,3.65,20,0
20110613,3.52,3.68,3.5,3.68,4907,0
20110614,3.7,3.7,3.51,3.66,102,0
20110616,3.51,3.66,3.49,3.66,1530,0
20110617,3.49,3.51,3.34,3.5,1706,0
20110621,3.51,3.66,3.45,3.54,2415,0
20110622,3.45,3.64,3.45,3.6,347,0
20110624,3.52,3.6,3.52,3.6,1905,0
20110627,3.44,3.55,3.44,3.55,410,0
20110628,3.42,3.55,3.41,3.55,720,0
20110629,3.49,3.49,3.48,3.48,2846,0
20110701,3.48,3.49,3.45,3.45,4966,0
20110704,3.48,3.49,3.35,3.48,1691,0
20110705,3.45,3.45,3.45,3.45,350,0
20110706,3.38,3.38,3.38,3.38,900,0
20110707,3.31,3.31,3.28,3.28,2924,0
20110708,3.28,3.28,3.26,3.26,580,0
20110711,3.27,3.27,3.26,3.26,964,0
20110712,3.09,3.25,3.09,3.1,2286,0
20110713,3.09,3.27,3.08,3.27,1160,0
20110715,3.09,3.25,3.08,3.25,906,0
20110718,3.25,3.35,3.09,3.35,750,0
20110719,3.37,3.37,3.12,3.37,1690,0
20110721,3.09,3.36,3.08,3.36,510,0
20110722,3.11,3.11,3.03,3.06,11624,0
20110725,3.05,3.05,2.84,3,1630,0
20110726,3,3.17,3,3.17,500,0
20110728,3.03,3.13,3,3.13,1943,0
20110729,2.93,2.93,2.93,2.93,976,0
20110801,2.86,3.14,2.86,3.14,750,0
20110802,3.04,3.2,3.04,3.09,2000,0
20110803,3,3,2.9,2.9,600,0
20110804,2.9,2.97,2.9,2.97,301,0
20110805,2.61,2.95,2.61,2.94,7304,0
20110808,2.66,2.66,2.4,2.54,12881,0
20110809,2.45,2.45,2,2.43,42838,0
20110810,2.45,2.49,1.91,1.91,35907,0
20110811,1.97,2.11,1.93,2.11,61711,0
20110812,2.1,2.29,2,2.13,6231,0
20110816,2.28,2.35,2.1,2.28,11120,0
20110817,2.29,2.38,2.29,2.38,1805,0
20110818,1.91,2.3,1.91,2.3,99783,0
20110819,2.07,2.29,2.07,2.27,5034,0
20110822,2.1,2.24,2.1,2.24,290,0
20110823,2.2,2.25,2.15,2.2,3975,0
20110824,2.07,2.35,2.07,2.35,10215,0
20110825,2.35,2.5,2.35,2.46,11535,0
20110826,2.44,2.44,2.44,2.44,2000,0
20110829,2.26,2.68,2.25,2.68,14987,0
20110830,2.68,2.84,2.68,2.7,6857,0
20110831,2.81,2.81,2.66,2.68,920,0
20110901,2.7,2.7,2.7,2.7,474,0
20110906,2.7,2.7,2.5,2.69,3748,0
20110907,2.7,2.7,2.69,2.7,3048,0
20110908,2.65,2.65,2.65,2.65,200,0
20110909,2.65,2.69,2.65,2.69,2406,0
20110912,2.5,2.6,2.5,2.6,660,0
20110913,2.5,2.63,2.47,2.63,721,0
20110914,2.5,2.5,2.49,2.5,3428,0
20110915,2.62,2.69,2.26,2.69,10825,0
20110916,2.53,2.69,2.46,2.69,5592,0
20110919,2.67,2.68,2.67,2.68,188,0
20110921,2.69,2.69,2.69,2.69,450,0
20110922,2.67,2.67,2.67,2.67,240,0
20110923,2.44,2.59,2.4,2.4,3510,0
20110926,2.47,2.47,2.47,2.47,10,0
20110927,2.26,2.47,2.26,2.47,928,0
20110930,2.46,2.46,2.46,2.46,968,0
20111003,2.26,2.26,2.26,2.26,250,0
20111004,2.41,2.41,2.41,2.41,50,0
20111006,2.27,2.39,2.26,2.39,1613,0
20111007,2.26,2.31,2.14,2.31,1670,0
20111010,2.35,2.35,2.35,2.35,10,0
20111011,2.13,2.34,2.13,2.34,4030,0
20111012,2.34,2.34,2.34,2.34,10,0
20111013,2.3,2.38,2.3,2.38,89,0
20111017,2.3,2.3,2.22,2.22,2969,0
20111018,2.23,2.23,2.17,2.22,2855,0
20111019,2.17,2.31,2.08,2.28,9439,0
20111020,2.23,2.23,2.23,2.23,1000,0
20111024,2.09,2.28,2.09,2.28,1534,0
20111025,2.28,2.28,2.2,2.2,1911,0
20111026,2.31,2.31,2.31,2.31,2,0
20111027,2.32,2.38,2.3,2.38,4500,0
20111028,2.26,2.58,2.26,2.58,14581,0
20111031,2.42,2.58,2.42,2.58,2505,0
20111102,2.42,2.42,2.42,2.42,816,0
20111103,2.42,2.49,2.42,2.49,1690,0
20111104,2.42,2.42,2.42,2.42,445,0
20111107,2.4,2.4,2.4,2.4,241,0
20111108,2.39,2.51,2.39,2.51,1211,0
20111109,2.51,2.6,2.46,2.58,1923,0
20111114,2.59,2.59,2.59,2.59,2215,0
20111115,2.68,2.68,2.48,2.48,4001,0
20111117,2.55,2.55,2.55,2.55,5,0
20111118,2.55,2.55,2.55,2.55,800,0
20111121,2.55,2.55,2.3,2.46,2676,0
20111124,2.45,2.49,2.45,2.49,112,0
20111125,2.39,2.39,2.39,2.39,1072,0
20111128,2.39,2.39,2.3,2.3,3152,0
20111129,2.3,2.3,2.3,2.3,575,0
20111130,2.22,2.46,2.2,2.46,2382,0
20111205,2.43,2.43,2.43,2.43,160,0
20111206,2.3,2.44,2.3,2.44,91,0
20111208,2.3,2.3,2.3,2.3,1000,0
20111209,2.31,2.31,2.3,2.3,788,0
20111212,2.12,2.28,2.07,2.2,1207,0
20111213,2.18,2.36,2.18,2.2,1202,0
20111214,2.36,2.36,2.36,2.36,50,0
20111219,2.15,2.36,2.15,2.36,144,0
20111220,2.15,2.3,2.13,2.3,5954,0
20111221,2.13,2.15,2.12,2.15,2942,0
20111222,2.13,2.13,2.06,2.09,3262,0
20111223,2.06,2.09,2.03,2.09,733,0
20111227,2.1,2.1,1.99,2.01,16871,0
20111228,2.01,2.08,1.94,2.08,2591,0
20111229,2,2.1,2,2.1,2042,0
20111230,2.1,2.21,2.1,2.21,60,0
20120102,2.21,2.47,2.21,2.46,7002,0
20120103,2.44,2.45,2.44,2.45,2325,0
20120104,2.45,2.55,2.33,2.33,840,0
20120105,2.37,2.43,2.37,2.42,1810,0
20120109,2.37,2.37,2.37,2.37,725,0
20120110,2.4,2.55,2.33,2.55,3740,0
20120111,2.37,2.5,2.37,2.5,2486,0
20120112,2.45,2.5,2.45,2.5,336,0
20120113,2.38,2.38,2.38,2.38,245,0
20120117,2.4,2.4,2.4,2.4,940,0
20120118,2.48,2.48,2.48,2.48,5,0
20120119,2.36,2.48,2.36,2.48,1736,0
20120120,2.48,2.48,2.48,2.48,1700,0
20120123,2.5,2.5,2.42,2.42,3384,0
20120124,2.43,2.43,2.43,2.43,10,0
20120125,2.5,2.5,2.5,2.5,1440,0
20120126,2.55,2.64,2.44,2.44,12700,0
20120127,2.6,2.6,2.44,2.5,2556,0
20120130,2.46,2.46,2.45,2.45,2400,0
20120131,2.58,2.58,2.5,2.5,801,0
20120201,2.5,2.58,2.5,2.58,1995,0
20120202,2.53,2.6,2.53,2.6,1749,0
20120203,2.63,2.7,2.6,2.7,3459,0
20120206,2.7,2.87,2.7,2.87,5431,0
20120207,2.9,2.9,2.9,2.9,1970,0
20120208,2.7,2.89,2.7,2.89,4570,0
20120209,2.9,2.9,2.8,2.85,1205,0
20120210,2.76,2.85,2.75,2.85,1650,0
20120213,2.73,2.9,2.73,2.89,5214,0
20120214,2.78,2.89,2.78,2.89,1001,0
20120216,2.79,2.99,2.79,2.99,1431,0
20120217,2.99,2.99,2.95,2.96,2200,0
20120220,2.86,2.95,2.77,2.95,705,0
20120221,2.96,2.96,2.96,2.96,10,0
20120222,2.9,2.95,2.8,2.95,849,0
20120223,2.8,2.9,2.76,2.9,3304,0
20120224,2.9,2.9,2.76,2.9,620,0
20120227,2.89,2.9,2.89,2.9,4247,0
20120228,2.9,2.96,2.9,2.96,1955,0
20120229,2.93,2.93,2.93,2.93,278,0
20120301,2.91,2.95,2.85,2.95,1989,0
20120302,2.95,3.05,2.9,3.05,2155,0
20120305,3.15,3.15,3.13,3.14,9747,0
20120306,3.1,3.18,3.01,3.01,4249,0
20120307,3.1,3.1,3.1,3.1,1,0
20120308,3.1,3.1,3.1,3.1,152,0
20120309,3.1,3.12,3.1,3.12,1000,0
20120312,3.03,3.03,3.03,3.03,1013,0
20120313,3.1,3.19,3.1,3.18,3623,0
20120315,3.18,3.18,3.18,3.18,3088,0
20120316,3.18,3.4,3.18,3.4,13429,0
20120319,3.4,3.58,3.4,3.5,14709,0
20120320,3.45,3.45,3.3,3.44,4360,0
20120321,3.22,3.44,3.22,3.29,1312,0
20120322,3.11,3.44,3.11,3.44,61,0
20120323,3.44,3.55,3.2,3.49,415,0
20120326,3.35,3.48,3.35,3.48,3850,0
20120327,3.55,3.59,3.55,3.59,1386,0
20120328,3.56,3.56,3.55,3.56,940,0
20120329,3.41,3.49,3.4,3.49,3541,0
20120330,3.58,3.58,3.37,3.58,47,0
20120402,3.56,3.56,3.4,3.46,226,0
20120403,3.46,3.46,3.13,3.39,2152,0
20120404,3.22,3.37,3.22,3.37,1144,0
20120405,3.37,3.37,3.37,3.37,184,0
20120411,3.48,3.48,3.48,3.48,300,0
20120412,3.3,3.3,3.3,3.3,500,0
20120416,3.15,3.29,3.06,3.19,8058,0
20120417,3.2,3.27,3.2,3.27,1200,0
20120420,3.01,3.15,3.01,3.15,1010,0
20120423,3.02,3.11,2.9,2.9,4920,0
20120424,2.9,3.11,2.9,3.11,560,0
20120425,3.11,3.27,3,3.27,847,0
20120426,3.27,3.27,3.27,3.27,480,0
20120427,2.96,3.14,2.96,3.14,680,0
20120430,2.92,2.92,2.92,2.92,400,0
20120502,2.98,3.04,2.98,3.04,755,0
20120504,3,3.04,2.9,3.04,2127,0
20120507,2.91,3.03,2.9,3.03,697,0
20120508,2.94,3.04,2.94,3.04,145,0
20120509,2.9,3.26,2.76,3.26,1630,0
20120510,3.26,3.26,3.24,3.24,410,0
20120514,3.05,3.05,3.04,3.04,1346,0
20120517,2.88,3.15,2.88,3.15,620,0
20120518,2.84,3.04,2.84,3.04,1153,0
20120521,2.86,3.11,2.86,3.11,12,0
20120522,2.89,3.01,2.88,3.01,2281,0
20120523,2.9,2.93,2.88,2.93,1820,0
20120524,3.01,3.01,3.01,3.01,10,0
20120525,2.88,2.88,2.88,2.88,1000,0
20120528,2.88,2.88,2.88,2.88,83,0
20120529,2.92,2.92,2.92,2.92,20,0
20120530,2.92,3.13,2.92,3.13,54,0
20120531,2.95,2.95,2.95,2.95,500,0
20120601,2.8,2.8,2.8,2.8,880,0
20120604,2.8,2.8,2.8,2.8,15,0
20120608,2.94,2.94,2.94,2.94,200,0
20120612,2.93,2.93,2.93,2.93,4000,0
20120615,2.84,2.91,2.84,2.91,200,0
20120618,2.62,2.92,2.62,2.92,165,0
20120621,2.64,2.9,2.64,2.7,3401,0
20120622,2.7,2.85,2.7,2.84,3950,0
20120625,2.66,2.85,2.66,2.85,290,0
20120628,2.66,2.94,2.66,2.94,889,0
20120702,2.74,2.93,2.74,2.93,147,0
20120703,2.76,3.22,2.73,3.22,1906,0
20120704,2.9,3.19,2.9,3.19,8008,0
20120705,3.2,3.2,3.2,3.2,695,0
20120706,3,3.21,3,3.21,4000,0
20120709,3.11,3.22,3.11,3.22,1686,0
20120710,3.3,3.37,3.3,3.37,1610,0
20120712,3.05,3.27,3,3.24,1215,0
20120713,2.99,3,2.9,2.9,5882,0
20120716,2.8,3.14,2.7,3.14,10319,0
20120717,3.12,3.17,3.12,3.17,7178,0
20120718,3.05,3.05,3.05,3.05,450,0
20120719,2.91,2.91,2.91,2.91,440,0
20120720,3.18,3.18,3.18,3.18,4,0
20120723,2.92,3.46,2.91,3.2,5663,0
20120731,3.18,3.4,3.18,3.4,1000,0
20120801,3.27,3.27,3.27,3.27,170,0
20120803,2.95,3.1,2.95,3.1,1010,0
20120806,3,3,2.91,2.91,400,0
20120808,2.85,3,2.85,3,580,0
20120813,2.8,3,2.8,3,276,0
20120814,2.8,2.98,2.8,2.98,690,0
20120823,2.8,2.8,2.8,2.8,70,0
20120827,2.8,2.9,2.79,2.9,2551,0
20120828,2.8,2.96,2.8,2.96,501,0
20120831,2.97,3,2.97,3,275,0
20120904,2.52,2.8,2.52,2.8,1609,0
20120905,2.8,2.8,2.8,2.8,392,0
20120913,3,3,3,3,100,0
20120919,3,3,3,3,14,0
20120921,2.7,2.95,2.7,2.95,787,0
20120924,2.7,2.94,2.7,2.94,252,0
20120925,2.66,2.8,2.59,2.8,1463,0
20120927,2.65,2.85,2.54,2.71,1410,0
20120928,2.6,2.61,2.6,2.61,801,0
20121001,2.61,2.61,2.5,2.6,900,0
20121002,2.45,2.54,2.4,2.54,3448,0
20121003,2.45,2.54,2.45,2.54,161,0
20121004,2.55,2.6,2.45,2.6,430,0
20121005,2.46,2.6,2.46,2.6,3083,0
20121008,2.5,2.59,2.5,2.59,1055,0
20121011,2.59,2.62,2.46,2.62,330,0
20121016,2.65,2.71,2.5,2.5,3096,0
20121017,2.51,2.7,2.5,2.7,1045,0
20121022,2.7,2.7,2.7,2.7,500,0
20121029,2.57,2.7,2.53,2.7,1350,0
20121030,2.58,2.6,2.58,2.6,120,0
20121031,2.58,2.6,2.53,2.6,5760,0
20121102,2.69,2.69,2.69,2.69,90,0
20121108,2.69,2.69,2.69,2.69,275,0
20121109,2.69,2.69,2.69,2.69,2595,0
20121112,2.7,2.93,2.7,2.93,1684,0
20121113,2.64,2.9,2.64,2.64,2825,0
20121114,2.92,2.93,2.75,2.9,4385,0
20121115,2.75,2.94,2.75,2.94,2788,0
20121116,2.95,2.95,2.95,2.95,5,0
20121119,2.95,2.95,2.81,2.95,791,0
20121120,2.95,3,2.85,3,874,0
20121121,3,3,3,3,4249,0
20121122,3.15,3.15,3.15,3.15,4,0
20121123,3.12,3.15,3.12,3.15,1786,0
20121126,3.2,3.2,3.19,3.2,1248,0
20121127,3.19,3.19,3.19,3.19,310,0
20121129,2.91,2.91,2.91,2.91,700,0
20121130,2.91,2.91,2.91,2.91,350,0
20121203,2.9,2.9,2.71,2.89,1201,0
20121204,2.89,3.08,2.89,3.08,513,0
20121206,3.08,3.22,3.08,3.22,1662,0
20121207,2.92,3.2,2.92,3.2,360,0
20121210,3.2,3.22,3.2,3.22,1241,0
20121212,2.9,3.18,2.9,2.9,333,0
20121213,3.1,3.19,3.1,3.19,70,0
20121217,3.11,3.25,2.88,3.19,3221,0
20121218,2.91,3.17,2.9,3.17,2540,0
20121219,2.9,2.9,2.78,2.78,1251,0
20121220,2.78,2.78,2.71,2.71,1810,0
20121227,2.96,2.96,2.96,2.96,10,0
20121228,2.63,2.63,2.63,2.63,240,0
20130102,2.63,2.8,2.44,2.8,1000,0
20130103,2.84,2.84,2.84,2.84,990,0
20130107,2.6,2.7,2.6,2.7,1865,0
20130108,2.6,2.6,2.6,2.6,10,0
20130109,2.6,2.6,2.6,2.6,1795,0
20130110,2.6,2.69,2.6,2.68,3437,0
20130114,2.73,2.73,2.73,2.73,390,0
20130115,2.75,2.75,2.75,2.75,298,0
20130116,2.53,2.54,2.53,2.53,14190,0
20130117,2.53,2.53,2.34,2.53,5721,0
20130118,2.53,2.53,2.5,2.5,2500,0
20130121,2.5,2.5,2.3,2.45,9353,0
20130122,2.33,2.33,2.33,2.33,359,0
20130123,2.35,2.4,2.32,2.4,700,0
20130124,2.4,2.45,2.4,2.45,3460,0
20130125,2.65,2.65,2.65,2.65,2,0
20130128,2.35,2.5,2.35,2.5,8199,0
20130130,2.5,2.5,2.4,2.5,2450,0
20130131,2.4,2.5,2.3,2.49,627,0
20130201,2.32,2.55,2.32,2.55,126,0
20130206,2.3,2.3,2.3,2.3,545,0
20130207,2.3,2.49,2.3,2.49,569,0
20130208,2.49,2.6,2.49,2.6,300,0
20130211,2.6,2.6,2.4,2.4,550,0
20130212,2.4,2.4,2.35,2.4,992,0
20130214,2.55,2.55,2.55,2.55,533,0
20130218,2.36,2.4,2.35,2.4,1820,0
20130219,2.4,2.4,2.4,2.4,630,0
20130222,2.55,2.6,2.55,2.6,1230,0
20130301,2.55,2.55,2.55,2.55,541,0
20130304,2.59,2.6,2.51,2.51,8631,0
20130305,2.59,2.79,2.59,2.79,425,0
20130306,2.79,2.79,2.79,2.79,832,0
20130307,2.84,2.85,2.84,2.85,975,0
20130308,2.85,2.88,2.76,2.76,1576,0
20130311,2.59,2.7,2.5,2.69,671,0
20130312,2.46,2.68,2.46,2.55,1848,0
20130313,2.49,2.69,2.48,2.68,1937,0
20130314,2.66,2.66,2.6,2.65,518,0
20130315,2.68,2.68,2.68,2.68,26,0
20130318,2.65,2.65,2.65,2.65,50,0
20130320,2.6,2.6,2.39,2.59,659,0
20130321,2.59,2.59,2.35,2.35,1252,0
20130322,2.35,2.65,2.35,2.65,1960,0
20130325,2.65,2.65,2.65,2.65,10,0
20130326,2.64,2.64,2.64,2.64,3,0
20130327,2.3,2.6,2.3,2.6,274,0
20130328,2.63,2.63,2.63,2.63,205,0
20130402,2.63,2.63,2.63,2.63,5,0
20130403,2.59,2.59,2.5,2.59,110,0
20130404,2.5,2.59,2.5,2.59,6636,0
20130405,2.63,2.64,2.63,2.64,415,0
20130409,2.6,2.6,2.6,2.6,10,0
20130410,2.6,2.6,2.4,2.6,160,0
20130411,2.6,2.6,2.6,2.6,5,0
20130415,2.6,2.6,2.6,2.6,5,0
20130422,2.49,2.49,2.49,2.49,10,0
20130423,2.45,2.45,2.45,2.45,500,0
20130426,2.25,2.45,2.25,2.45,40,0
20130429,2.45,2.45,2.45,2.45,200,0
20130430,2.44,2.45,2.44,2.45,1600,0
20130506,2.45,2.45,2.45,2.45,1633,0
20130508,2.45,2.45,2.45,2.45,110,0
20130509,2.25,2.25,2.25,2.25,909,0
20130510,2.24,2.24,2.24,2.24,201,0
20130513,2.24,2.24,2.24,2.24,310,0
20130514,2.25,2.44,2.05,2.44,2346,0
20130515,2.43,2.43,2.43,2.43,7917,0
20130520,2.43,2.43,2.43,2.43,370,0
20130523,2.45,2.45,2.45,2.45,123,0
20130524,2.4,2.45,2.4,2.45,330,0
20130527,2.4,2.45,2.16,2.37,1610,0
20130528,2.19,2.36,2.19,2.36,2157,0
20130529,2.23,2.25,2.21,2.22,2951,0
20130531,2.22,2.39,2.11,2.29,1453,0
20130603,2.13,2.54,2.13,2.54,170,0
20130621,2.17,2.17,2.17,2.17,660,0
20130624,2.22,2.22,2.17,2.17,2800,0
20130625,2.16,2.17,2.16,2.17,850,0
20130628,2.27,2.27,2.27,2.27,60,0
20130702,2.43,2.43,2.3,2.3,1813,0
20130703,2.37,2.37,2.37,2.37,357,0
20130704,2.44,2.44,2.44,2.44,10,0
20130705,2.39,2.39,2.39,2.39,200,0
20130708,2.37,2.37,2.26,2.26,584,0
20130709,2.2,2.2,2.08,2.08,2250,0
20130710,2.08,2.08,2.08,2.08,395,0
20130711,2.07,2.08,2.07,2.07,3401,0
20130712,2.07,2.25,2.06,2.25,1848,0
20130715,2.34,2.34,2.34,2.34,22,0
20130717,2.2,2.23,2.05,2.22,4832,0
20130718,2.22,2.22,2.22,2.22,4600,0
20130722,2.22,2.22,2.22,2.22,10,0
20130726,2.23,2.23,2.23,2.23,200,0
20130729,2.02,2.02,2.02,2.02,3,0
20130730,2.03,2.23,2.02,2.23,2096,0
20130731,2.26,2.27,2.26,2.27,1000,0
20130802,2.05,2.32,2.05,2.32,444,0
20130805,2.25,2.25,2.25,2.25,891,0
20130806,2.25,2.48,2.15,2.37,9244,0
20130807,2.38,2.38,2.38,2.38,601,0
20130808,2.37,2.37,2.37,2.37,140,0
20130809,2.49,2.49,2.38,2.38,2703,0
20130812,2.38,2.38,2.38,2.38,5700,0
20130816,2.29,2.29,2.09,2.09,292,0
20130819,2.11,2.27,2,2.09,11539,0
20130820,2,2.1,2,2.1,9497,0
20130821,2.2,2.2,2.2,2.2,900,0
20130823,2.04,2.15,2.04,2.15,624,0
20130826,2.15,2.23,2.05,2.23,6366,0
20130827,2.23,2.23,2.23,2.23,500,0
20130828,2.23,2.23,2.04,2.04,11298,0
20130829,2.23,2.23,2.05,2.05,7098,0
20130830,2.04,2.04,2.04,2.04,2251,0
20130903,2.17,2.19,2.17,2.19,1034,0
20130906,2.24,2.24,2.24,2.24,8,0
20130909,2.12,2.19,2.08,2.08,9701,0
20130911,2.07,2.11,2.04,2.11,1865,0
20130912,2.07,2.07,2.07,2.07,1585,0
20130913,2.07,2.07,2.04,2.07,3240,0
20130917,2.2,2.24,2.12,2.2,8700,0
20130918,2.13,2.23,2.13,2.23,401,0
20130919,2.23,2.23,2.2,2.2,1250,0
20130920,2.23,2.23,2.1,2.1,1700,0
20130924,2.1,2.1,2.1,2.1,4500,0
20130925,2.2,2.2,2.2,2.2,10,0
20131001,2.1,2.1,2.1,2.1,6608,0
20131003,2.06,2.06,2,2.02,5710,0
20131004,2.04,2.1,2.02,2.1,3432,0
20131007,1.99,2.03,1.99,2,3130,0
20131008,2,2,2,2,1468,0
20131009,2,2.03,2,2,8403,0
20131010,2.1,2.1,2,2,4174,0
20131014,2.01,2.02,2.01,2.02,4100,0
20131015,2.05,2.05,2.02,2.02,3900,0
20131016,2.02,2.05,2,2.05,7560,0
20131017,2.06,2.07,2.05,2.07,4103,0
20131021,2,2.1,2,2.03,7773,0
20131022,2.03,2.03,2.03,2.03,210,0
20131023,2,2,2,2,1000,0
20131024,2,2.07,2,2.07,5860,0
20131025,2.05,2.2,2.05,2.17,15037,0
20131029,2.03,2.17,2.03,2.17,3502,0
20131030,2,2.1,2,2.08,7166,0
20131031,2.17,2.29,2.17,2.29,12976,0
20131104,2.29,2.34,2.2,2.34,2578,0
20131106,2.33,2.4,2.15,2.15,9000,0
20131107,2.2,2.4,2.2,2.4,3937,0
20131108,2.31,2.31,2.31,2.31,306,0
20131114,2.25,2.3,2.25,2.3,383,0
20131115,2.35,2.5,2.35,2.46,1073,0
20131118,2.46,2.49,2.46,2.49,1934,0
20131119,2.49,2.5,2.49,2.5,8701,0
20131120,2.47,2.47,2.47,2.47,568,0
20131122,2.4,2.4,2.22,2.35,4388,0
20131125,2.17,2.18,2.15,2.16,13411,0
20131126,2.16,2.3,2.16,2.3,251,0
20131127,2.2,2.2,2.2,2.2,885,0
20131128,2.14,2.2,2.14,2.14,1663,0
20131129,2.15,2.15,2.14,2.15,1437,0
20131202,2.15,2.15,2.15,2.15,982,0
20131203,2.15,2.15,2.09,2.09,833,0
20131204,2.09,2.1,2.01,2.1,4113,0
20131205,2.05,2.05,2.04,2.04,2100,0
20131206,2.05,2.05,2.02,2.02,1055,0
20131209,2.19,2.19,2.19,2.19,5,0
20131210,2.05,2.19,2.05,2.05,10001,0
20131211,2.02,2.05,2,2.05,59777,0
20131212,1.99,2.06,1.99,2.06,824,0
20131213,2.1,2.1,2.1,2.1,765,0
20131216,1.95,2.1,1.95,2.1,503,0
20131218,1.8,2.05,1.69,2.05,12375,0
20131219,1.96,1.96,1.96,1.96,71,0
20131220,1.96,1.96,1.96,1.96,499,0
20131223,1.82,1.95,1.82,1.95,1542,0
20131227,2.05,2.05,2.05,2.05,1,0
20140102,2.07,2.07,2.07,2.07,2,0
20140103,2.04,2.04,2.04,2.04,10,0
20140108,1.9,2,1.9,1.99,780,0
20140109,1.99,1.99,1.9,1.97,4029,0
20140110,2.2,2.2,2.2,2.2,10,0
20140115,2.1,2.2,2.1,2.2,2331,0
20140116,2,2.13,2,2.02,1577,0
20140117,2,2,2,2,2493,0
20140121,1.9,1.9,1.9,1.9,1000,0
20140122,1.99,2.15,1.99,2.15,1647,0
20140123,1.91,2.08,1.9,1.91,31689,0
20140124,1.9,1.9,1.9,1.9,202,0
20140129,1.9,1.9,1.9,1.9,1780,0
20140130,1.9,1.9,1.89,1.89,533,0
20140205,1.91,1.91,1.91,1.91,1000,0
20140206,1.83,1.9,1.79,1.9,8000,0
20140210,1.88,1.88,1.83,1.88,601,0
20140211,1.89,1.9,1.88,1.88,1077,0
20140212,1.88,1.88,1.88,1.88,6903,0
20140213,1.9,1.9,1.9,1.9,7832,0
20140214,1.9,1.9,1.9,1.9,700,0
20140217,1.99,1.99,1.99,1.99,1,0
20140218,1.87,1.9,1.84,1.84,6439,0
20140219,2,2.1,1.95,2.09,60311,0
20140220,2.01,2.09,1.91,2.06,5467,0
20140221,1.89,2.07,1.89,2.07,5605,0
20140224,2.05,2.05,1.97,1.99,3653,0
20140225,1.99,2.05,1.99,2.05,1014,0
20140226,1.95,2.05,1.9,2,2728,0
20140227,2,2,2,2,500,0
20140228,2,2.06,2,2.04,3932,0
20140303,1.83,2,1.83,2,3990,0
20140304,1.96,1.99,1.96,1.99,1750,0
20140305,2,2,2,2,3240,0
20140306,1.94,2,1.94,2,2499,0
20140307,1.93,2.06,1.93,2.06,6301,0
20140310,2,2,2,2,400,0
20140314,1.92,1.92,1.89,1.89,17301,0
20140317,1.88,1.89,1.88,1.88,6878,0
20140318,1.89,1.89,1.89,1.89,1840,0
20140324,1.89,1.89,1.89,1.89,777,0
20140326,1.86,1.96,1.81,1.96,1024,0
20140327,1.96,1.96,1.96,1.96,415,0
20140403,1.96,1.96,1.96,1.96,95,0
20140407,1.81,1.96,1.81,1.96,601,0
20140409,1.82,1.96,1.82,1.96,41,0
20140415,1.81,1.91,1.81,1.81,3500,0
20140416,1.71,1.83,1.71,1.83,2554,0
20140417,1.83,1.85,1.82,1.82,3140,0
20140424,1.95,1.95,1.76,1.94,25,0
20140425,1.94,1.94,1.84,1.84,1551,0
20140429,1.93,1.93,1.93,1.93,769,0
20140513,1.89,1.92,1.89,1.91,12069,0
20140519,1.75,1.8,1.75,1.8,1120,0
20140520,1.81,1.81,1.74,1.81,2530,0
20140521,1.8,1.81,1.8,1.8,3200,0
20140522,1.8,1.8,1.8,1.8,1037,0
20140523,1.78,1.78,1.75,1.75,854,0
20140526,1.75,1.8,1.75,1.8,4683,0
20140527,1.78,1.78,1.78,1.78,4000,0
20140528,1.78,1.78,1.61,1.78,10591,0
20140529,1.64,1.64,1.45,1.45,18309,0
20140530,1.51,1.58,1.5,1.57,6541,0
20140602,1.61,1.65,1.57,1.65,3378,0
20140603,1.81,1.81,1.81,1.81,10,0
20140605,1.56,1.61,1.56,1.61,2700,0
20140606,1.5,1.6,1.5,1.6,1434,0
20140610,1.64,1.64,1.36,1.56,20528,0
20140612,1.46,1.65,1.46,1.65,3897,0
20140613,1.62,1.65,1.62,1.65,133,0
