Date,Open,High,Low,Close,Volume,OpenInt
20050211,14.38,14.38,13.03,13.56,114927,0
20050214,13.42,13.42,13.13,13.13,21624,0
20050215,13.23,13.23,12.94,13.03,8657,0
20050216,12.84,13.03,12.55,12.84,5617,0
20050217,12.65,12.65,12.07,12.5,16287,0
20050218,12.07,12.36,11.78,12.16,13411,0
20050221,12.45,12.45,12.07,12.41,4768,0
20050222,12.41,12.55,12.41,12.55,3677,0
20050223,12.55,12.65,12.07,12.36,3127,0
20050224,12.65,12.74,12.41,12.74,3508,0
20050225,12.94,12.94,12.45,12.74,1116,0
20050228,12.94,12.94,12.41,12.55,489,0
20050301,12.5,12.5,12.45,12.45,1139,0
20050302,12.5,12.84,12.5,12.6,5844,0
20050303,12.74,12.74,12.65,12.65,1087,0
20050304,12.74,12.98,12.74,12.94,7705,0
20050307,12.98,12.98,12.74,12.74,352,0
20050308,12.65,12.94,12.65,12.94,2896,0
20050309,12.94,13.23,12.94,13.03,93317,0
20050310,12.98,13.03,12.98,13.03,3236,0
20050311,13.03,13.03,12.89,12.94,7574,0
20050314,12.89,12.89,12.45,12.79,7557,0
20050315,12.84,12.84,12.45,12.55,3259,0
20050316,12.55,12.55,12.26,12.45,3798,0
20050317,12.55,12.65,12.5,12.55,10710,0
20050318,12.6,12.7,12.55,12.7,192856,0
20050321,12.74,12.89,12.7,12.7,3252,0
20050322,12.7,12.94,12.65,12.94,40562,0
20050323,12.74,12.74,12.74,12.74,942,0
20050324,12.74,12.74,12.74,12.74,10,0
20050329,12.55,12.55,12.55,12.55,517,0
20050330,12.55,12.55,12.55,12.55,1346,0
20050331,12.89,12.89,12.89,12.89,72,0
20050401,12.89,12.89,12.89,12.89,466,0
20050404,12.89,12.89,12.89,12.89,577,0
20050405,12.89,12.89,12.89,12.89,5,0
20050406,12.89,12.89,12.55,12.55,1439,0
20050407,12.74,12.74,12.7,12.74,2310,0
20050411,12.89,12.89,12.89,12.89,5,0
20050412,12.84,12.84,12.84,12.84,5,0
20050413,12.55,12.55,12.55,12.55,103,0
20050414,12.45,12.45,12.26,12.26,642,0
20050415,12.65,12.65,12.16,12.16,631,0
20050418,11.97,12.84,11.59,12.74,6480,0
20050419,12.84,13.08,12.84,13.03,36258,0
20050420,13.23,13.23,12.84,12.84,34544,0
20050421,13.13,13.13,13.13,13.13,5,0
20050422,12.94,13.13,12.74,13.13,43758,0
20050425,13.13,13.13,13.13,13.13,103,0
20050426,13.03,13.03,12.55,12.74,6101,0
20050427,13.18,13.18,12.65,12.98,34679,0
20050428,12.98,12.98,12.98,12.98,5,0
20050429,12.94,12.94,12.94,12.94,1234,0
20050502,13.08,13.08,13.08,13.08,5,0
20050504,13.08,13.08,13.08,13.08,5,0
20050505,13.03,13.27,12.98,13.18,3726,0
20050506,13.27,13.27,13.23,13.23,6356,0
20050509,13.27,13.52,12.89,13.52,2989,0
20050510,13.52,13.61,13.47,13.61,6603,0
20050511,13.71,13.85,13.61,13.85,2662,0
20050512,14,14.14,13.52,13.95,14557,0
20050513,14,14.48,13.95,14.38,38958,0
20050516,14.43,15.06,14.29,14.72,141819,0
20050517,14.87,14.96,14.29,14.77,14413,0
20050518,14.48,14.58,14.48,14.58,12260,0
20050519,14.58,15.16,14.48,14.96,284463,0
20050520,15.06,15.45,14.87,14.92,20478,0
20050523,15.21,15.21,14.87,15.01,2902,0
20050524,15.06,15.06,14.77,15.06,2574,0
20050525,15.06,15.06,14.1,14.96,16358,0
20050527,14.96,15.16,14.67,15.16,4526,0
20050530,15.11,15.16,14.96,15.16,2542,0
20050531,15.16,15.16,15.16,15.16,10,0
20050601,14.92,14.92,14.87,14.87,207,0
20050602,14.82,15.25,14.77,14.96,155058,0
20050603,14.92,15.3,14.92,15.16,6325,0
20050606,15.35,15.83,15.25,15.83,15444,0
20050607,16.22,16.32,15.83,16.27,18321,0
20050608,16.32,16.32,15.83,16.12,8051,0
20050609,16.27,16.51,15.74,16.36,211269,0
20050610,16.36,16.41,16.32,16.36,33153,0
20050613,16.36,16.36,16.12,16.17,37057,0
20050614,16.12,16.17,15.83,15.83,6876,0
20050615,16.12,16.32,16.12,16.32,1291,0
20050616,16.65,16.65,16.32,16.51,2902,0
20050617,16.41,16.51,16.41,16.41,680,0
20050620,16.51,16.51,16.51,16.51,103,0
20050621,16.51,16.51,16.51,16.51,301,0
20050622,16.03,16.41,15.78,16.27,3230,0
20050623,16.27,16.27,16.22,16.22,66,0
20050624,16.22,16.22,16.12,16.12,113,0
20050627,16.41,16.41,15.74,15.93,1355,0
20050628,16.17,16.17,15.54,15.83,420,0
20050629,15.88,15.88,15.21,15.83,2967,0
20050630,15.83,16.12,15.49,16.12,1237,0
20050701,16.17,16.17,16.17,16.17,10,0
20050704,16.32,16.32,15.93,15.98,497,0
20050705,15.93,16.12,15.93,16.12,281,0
20050706,16.12,16.12,15.74,16.03,383,0
20050707,16.03,16.03,15.49,15.78,432,0
20050708,15.78,15.78,15.49,15.78,735,0
20050711,15.49,15.83,15.35,15.83,2547,0
20050712,15.45,16.07,15.45,16.07,2196,0
20050713,15.83,16.07,15.83,16.07,621,0
20050714,15.83,16.07,15.83,16.03,4422,0
20050715,15.93,16.03,15.93,16.03,681,0
20050718,15.45,16.32,15.45,16.32,16161,0
20050719,15.98,15.98,15.83,15.83,145,0
20050720,15.83,16.27,15.78,16.27,61649,0
20050721,15.88,16.32,15.88,16.32,238,0
20050722,16.12,16.75,16.12,16.65,18351,0
20050725,16.65,16.89,16.65,16.7,11386,0
20050726,16.56,16.56,16.51,16.51,774,0
20050727,16.41,17.67,16.41,17.38,13634,0
20050728,17.38,17.96,17.28,17.38,2173,0
20050729,17.38,17.38,17.23,17.23,8045,0
20050801,17.38,17.38,16.94,17.28,9081,0
20050802,17.38,17.86,17.28,17.28,7716,0
20050803,17.28,17.86,16.8,16.8,402,0
20050804,16.89,17.33,16.89,16.89,1716,0
20050805,17.38,17.86,17.38,17.76,7944,0
20050808,17.96,17.96,17.67,17.96,1188,0
20050809,18.05,18.05,17.52,17.81,370,0
20050810,17.86,17.86,17.47,17.81,1626,0
20050811,17.81,17.81,17.38,17.76,2003,0
20050812,17.67,17.86,17.67,17.86,9390,0
20050816,17.81,17.81,17.72,17.76,4567,0
20050817,17.67,17.72,16.89,17.38,26036,0
20050818,17.43,17.43,16.41,17.14,8388,0
20050819,16.89,17.47,16.7,17.47,13437,0
20050822,17.57,17.57,17.28,17.57,737,0
20050823,17.52,17.57,17.33,17.57,3358,0
20050824,17.67,17.76,17.38,17.72,7435,0
20050825,17.67,17.67,16.99,17.18,16325,0
20050826,17.04,17.62,16.8,17.38,11180,0
20050829,17.33,17.57,17.33,17.38,29204,0
20050830,17.38,17.38,17.14,17.14,1248,0
20050831,17.38,17.38,17.14,17.14,438,0
20050901,17.38,17.38,16.99,17.38,1092,0
20050902,17.43,17.43,17.09,17.33,517,0
20050905,17.38,17.47,17.38,17.47,14759,0
20050906,17.57,17.86,17.43,17.76,281427,0
20050907,17.76,17.81,17.76,17.81,833,0
20050908,17.81,17.81,17.76,17.81,285,0
20050909,17.81,17.81,17.81,17.81,13,0
20050912,17.81,17.81,17.52,17.72,140,0
20050913,17.76,17.81,17.47,17.81,4670,0
20050914,17.38,17.67,17.38,17.43,1379,0
20050915,17.38,17.67,17.38,17.67,2392,0
20050916,17.38,17.67,17.38,17.67,5353,0
20050919,17.67,17.67,17.38,17.52,3168,0
20050920,17.52,17.62,17.43,17.52,4504,0
20050921,17.47,17.47,17.33,17.38,16055,0
20050922,17.52,17.52,16.99,17.09,1719,0
20050923,16.99,17.09,16.8,16.8,5004,0
20050926,16.8,17.18,16.8,17.18,11393,0
20050927,17.18,17.47,16.89,17.43,3054,0
20050928,17.57,17.67,17.38,17.62,6567,0
20050929,17.43,17.67,17.38,17.67,555,0
20050930,17.57,17.62,17.47,17.62,158500,0
20051003,17.62,17.62,17.38,17.57,1237,0
20051004,17.67,17.67,17.38,17.38,744,0
20051005,17.57,17.57,17.28,17.47,2807,0
20051006,17.43,17.43,16.99,17.43,435,0
20051007,17.38,17.38,17.09,17.38,915,0
20051010,17.33,17.57,17.33,17.43,1826,0
20051011,17.57,17.57,17.33,17.38,828,0
20051012,17.38,17.47,17.28,17.47,2706,0
20051013,17.47,17.57,17.09,17.18,1913,0
20051014,17.47,17.67,17.47,17.67,750,0
20051017,17.96,17.96,17.09,17.47,6626,0
20051018,17.57,18.2,17.57,17.86,150675,0
20051019,17.96,18.01,17.67,17.96,4094,0
20051020,17.96,18.73,17.96,18.63,16798,0
20051021,18.63,19.31,18.25,19.02,2118,0
20051024,19.02,19.31,18.83,19.21,56536,0
20051025,19.31,19.31,18.92,19.21,2048,0
20051026,19.31,19.31,18.54,18.54,2594,0
20051027,18.54,18.54,18.54,18.54,476,0
20051028,18.78,18.78,17.86,18.34,1236,0
20051031,18.34,18.39,18.05,18.34,13026,0
20051102,18.34,18.73,18.34,18.73,1896,0
20051103,18.68,18.68,18.34,18.58,2585,0
20051104,18.68,18.68,18.34,18.68,458,0
20051107,18.78,18.78,18.15,18.34,344,0
20051108,18.68,18.68,18.34,18.34,91,0
20051109,18.58,18.58,18.58,18.58,5,0
20051110,18.58,18.58,17.81,17.96,3466,0
20051114,17.52,18.01,17.38,17.86,3447,0
20051115,17.96,18.54,17.96,18.54,6951,0
20051116,18.54,18.73,18.54,18.63,920,0
20051117,18.97,18.97,18.34,18.34,2257,0
20051118,18.83,18.83,18.54,18.73,669,0
20051121,18.78,18.78,18.34,18.54,2506,0
20051122,18.83,19.69,18.83,19.07,12880,0
20051123,19.31,19.31,18.83,19.12,278,0
20051124,19.5,19.5,18.87,19.5,229,0
20051125,19.12,19.31,18.92,19.31,1479,0
20051128,19.5,19.5,18.83,18.92,976,0
20051129,18.83,19.21,18.83,19.21,42206,0
20051130,19.26,20.08,19.26,19.31,18879,0
20051201,19.31,19.69,19.31,19.69,383,0
20051202,19.79,19.79,19.31,19.5,1494,0
20051205,19.79,20.76,19.69,20.76,59693,0
20051206,20.37,21.24,20.08,21.14,7060,0
20051207,21.14,21.14,20.95,21.05,1858,0
20051208,20.76,20.76,19.89,20.18,3140,0
20051209,19.5,20.18,19.41,19.6,381,0
20051212,19.69,20.76,19.69,20.66,65,0
20051213,20.56,20.56,20.47,20.47,186,0
20051214,20.47,21.24,20.47,21.24,5767,0
20051215,21.05,22.01,21.05,22.01,3772,0
20051216,22.11,22.69,22.01,22.01,4875,0
20051219,22.2,22.2,21.63,21.72,2527,0
20051220,22.01,22.01,21.24,21.82,882,0
20051221,21.72,21.72,21.72,21.72,848,0
20051222,21.72,21.72,21.72,21.72,1522,0
20051223,21.92,21.92,21.72,21.72,212,0
20051227,21.72,22.59,21.72,22.01,57885,0
20051228,22.11,22.11,21.82,21.82,1339,0
20051229,21.82,22.2,21.82,22.2,310,0
20051230,22.2,22.2,21.72,22.01,6406,0
20060102,21.34,21.92,21.34,21.92,2999,0
20060103,22.01,22.01,21.63,21.92,9050,0
20060104,21.82,22.01,21.14,22.01,4703,0
20060105,21.82,22.11,21.82,22.01,4536,0
20060106,22.2,22.2,22.01,22.01,605,0
20060109,22.2,22.2,21.24,22.01,15054,0
20060110,21.53,22.69,21.43,22.49,12034,0
20060111,22.69,22.98,22.69,22.69,6247,0
20060112,22.78,23.17,22.69,23.17,27707,0
20060113,23.17,23.17,22.2,22.98,5001,0
20060116,22.98,22.98,22.98,22.98,676,0
20060117,23.17,23.17,23.07,23.07,1055,0
20060118,22.49,22.49,22.11,22.2,1211,0
20060119,22.2,22.69,21.82,21.92,1941,0
20060120,21.92,22.78,21.92,22.49,1261,0
20060123,22.01,22.11,21.63,21.92,901,0
20060124,22.01,22.98,22.01,22.78,3158,0
20060125,23.17,23.17,22.98,22.98,939,0
20060126,23.17,23.17,22.11,22.88,2002,0
20060127,22.2,22.2,21.82,21.82,1943,0
20060130,21.82,22.2,21.82,22.11,1724,0
20060131,21.82,22.4,20.95,22.2,3331,0
20060201,20.76,22.78,20.76,22.3,6190,0
20060202,23.07,23.07,21.82,22.59,1357,0
20060203,21.92,22.2,21.63,22.11,3862,0
20060206,22.2,22.3,21.82,22.2,830,0
20060207,21.63,21.82,21.63,21.82,776,0
20060208,21.82,22.3,21.24,22.3,10942,0
20060209,22.4,22.4,22.2,22.2,480,0
20060210,22.69,23.46,22.2,23.46,8139,0
20060213,23.46,25.29,23.17,24.43,7122,0
20060214,24.62,24.91,24.62,24.71,1422,0
20060215,24.62,24.62,24.62,24.62,261,0
20060216,24.62,25.29,24.52,25.29,2901,0
20060217,25.1,25.29,25.1,25.2,1462,0
20060220,25.2,26.07,25.1,26.07,2214,0
20060221,27.51,29.06,27.51,27.51,8724,0
20060222,28,28.09,27.51,27.8,5468,0
20060223,28.29,34.08,27.8,32.82,24147,0
20060224,32.05,32.92,31.86,32.15,5041,0
20060227,33.79,33.89,33.31,33.79,22346,0
20060228,34.66,34.66,32.53,33.6,5160,0
20060301,33.5,33.79,32.82,33.79,2321,0
20060302,33.6,33.6,32.44,32.82,1421,0
20060303,32.82,32.82,29.93,30.51,3854,0
20060306,30.31,30.89,29.45,30.22,3975,0
20060307,29.73,29.73,29.45,29.45,4033,0
20060308,29.45,29.45,27.51,28.96,2359,0
20060309,28.77,29.73,28.48,29.73,860,0
20060310,29.93,30.31,29.73,30.31,572,0
20060313,29.64,30.41,29.64,30.41,697,0
20060314,30.41,31.38,30.12,31.38,2211,0
20060315,31.47,32.82,31.47,31.57,4649,0
20060316,31.57,32.82,31.38,32.53,33676,0
20060317,32.82,32.82,31.67,32.34,1452,0
20060320,33.31,33.31,31.86,32.05,1233,0
20060321,32.05,32.34,30.31,32.34,21645,0
20060322,32.53,32.53,31.18,32.44,7990,0
20060323,32.34,33.21,32.34,33.21,2422,0
20060324,32.82,34.76,32.82,34.27,3852,0
20060327,34.27,34.76,34.27,34.76,2164,0
20060328,35.24,35.24,34.85,34.85,667,0
20060329,33.79,34.66,33.5,34.56,1752,0
20060330,33.02,34.08,32.53,33.11,2885,0
20060331,33.02,33.79,31.86,33.79,6183,0
20060403,33.11,33.79,33.02,33.79,39323,0
20060404,33.79,34.27,33.5,34.27,2042,0
20060405,35.14,35.33,34.66,34.66,3641,0
20060406,33.98,35.14,33.98,35.14,9122,0
20060407,35.24,35.72,35.24,35.62,1568,0
20060410,35.53,36.69,35.53,36.69,4639,0
20060411,37.07,37.07,35.72,36.69,633,0
20060412,36.4,36.4,35.43,35.72,3317,0
20060413,36.01,36.01,35.14,35.72,7625,0
20060418,35.53,35.72,35.53,35.72,882,0
20060419,35.53,36.3,35.53,36.3,1570,0
20060420,36.49,37.17,36.3,36.49,717,0
20060421,36.49,37.17,36.01,36.49,29117,0
20060424,36.78,36.78,35.72,36.59,1714,0
20060425,35.04,36.98,35.04,36.98,504,0
20060426,37.84,38.42,37.84,38.33,46660,0
20060427,38.52,38.62,36.2,38.62,38438,0
20060428,37.27,38.62,37.27,38.52,1569,0
20060502,37.65,40.45,37.65,39.58,8590,0
20060504,40.55,40.55,40.06,40.06,12822,0
20060505,39.58,42,38.81,40.55,2642,0
20060508,41.42,43.44,40.55,41.51,17798,0
20060509,41.51,41.51,40.55,41.42,794,0
20060510,42.86,42.86,40.55,41.03,4201,0
20060511,42.38,42.38,41.03,41.32,2662,0
20060512,41.51,41.51,40.06,41.51,3040,0
20060515,42.48,42.48,41.03,41.51,7688,0
20060516,41.51,41.51,40.45,41.51,1198,0
20060517,41.03,41.03,38.81,39.58,1907,0
20060518,40.06,40.55,36.78,38.62,5151,0
20060519,40.06,40.55,38.62,39.58,22627,0
20060522,38.33,38.33,36.11,36.69,11705,0
20060523,33.79,37.07,31.86,37.07,17886,0
20060524,37.55,37.55,34.27,34.76,4368,0
20060525,34.27,35.24,32.82,35.24,8608,0
20060526,35.24,35.72,35.04,35.72,971,0
20060529,34.76,35.24,34.27,34.37,632,0
20060530,35.43,35.43,32.92,34.76,1046,0
20060531,34.27,34.66,34.27,34.66,1695,0
20060601,34.47,34.47,33.31,33.6,889,0
20060602,34.47,34.95,33.79,34.66,756,0
20060605,35.14,35.14,33.69,34.76,766,0
20060606,34.37,34.85,32.92,32.92,827,0
20060607,32.92,33.69,32.25,33.69,1057,0
20060608,33.6,33.6,32.44,33.6,427,0
20060609,33.69,33.69,32.92,33.6,248,0
20060612,33.5,33.5,28.96,31.38,4498,0
20060613,29.25,30.89,28.19,30.89,20422,0
20060614,29.93,31.86,28.96,31.86,1876,0
20060616,32.34,32.34,30.41,30.89,1206,0
20060619,31.96,31.96,31.96,31.96,10,0
20060620,31.96,31.96,31.96,31.96,10,0
20060621,31.38,31.38,30.7,30.89,3041,0
20060622,30.89,30.89,30.89,30.89,10,0
20060623,31.67,31.67,31.38,31.57,559,0
20060626,31.76,31.76,30.89,31.57,186,0
20060627,31.67,32.05,31.57,32.05,254,0
20060628,31.86,31.86,31.18,31.86,2090,0
20060629,32.05,32.34,31.86,32.34,524,0
20060630,32.34,33.02,32.34,33.02,1741,0
20060703,32.15,33.31,32.15,33.31,33,0
20060704,33.31,33.98,31.86,33.98,464,0
20060705,33.79,33.98,33.79,33.98,150,0
20060706,33.98,33.98,33.98,33.98,176,0
20060707,33.98,33.98,32.73,33.5,1129,0
20060710,33.4,33.79,33.31,33.79,5595,0
20060711,34.18,34.18,34.18,34.18,48,0
20060712,34.18,35.72,34.18,35.72,626,0
20060713,35.72,35.72,34.95,34.95,611,0
20060714,34.76,35.24,34.76,35.24,91,0
20060717,34.18,34.66,34.08,34.47,1191,0
20060718,34.47,34.47,34.47,34.47,71,0
20060719,34.76,35.24,34.76,35.24,155,0
20060720,35.24,36.2,34.47,34.47,1151,0
20060721,34.47,35.43,34.47,35.43,160,0
20060724,35.33,35.33,34.56,35.33,299,0
20060725,35.33,35.72,34.76,35.72,265,0
20060726,35.72,36.11,35.72,36.11,59,0
20060727,36.11,38.62,35.72,37.84,441,0
20060728,38.62,38.62,37.07,38.52,305,0
20060731,38.62,39.58,38.13,38.62,53809,0
20060801,37.65,38.52,37.17,38.33,250,0
20060802,38.33,38.33,37.17,38.23,150,0
20060803,38.13,38.23,36.88,37.17,305,0
20060804,37.65,37.65,36.69,37.46,346,0
20060807,38.04,38.13,38.04,38.13,97,0
20060808,38.13,38.13,37.17,38.13,108,0
20060809,38.04,38.52,37.94,38.52,1830,0
20060810,38.52,38.52,37.65,38.13,1203,0
20060811,38.42,38.52,38.13,38.13,1179,0
20060814,38.42,38.91,38.13,38.13,372,0
20060816,37.17,37.36,35.91,36.69,32318,0
20060817,36.69,37.46,36.69,37.17,1315,0
20060818,36.69,37.17,36.69,37.17,4449,0
20060821,36.69,37.65,36.69,37.65,194,0
20060822,37.65,37.65,37.17,37.17,1454,0
20060823,37.46,37.46,37.46,37.46,155,0
20060824,36.78,37.17,36.49,37.17,1217,0
20060825,37.65,37.65,37.17,37.17,1377,0
20060828,37.17,37.17,37.17,37.17,155,0
20060829,37.65,37.75,37.65,37.65,2070,0
20060830,38.52,38.52,37.17,38.23,124,0
20060831,38.42,38.42,37.46,38.23,186,0
20060901,38.42,38.42,37.65,37.65,372,0
20060904,36.88,37.65,35.82,37.65,2190,0
20060905,36.69,37.17,36.54,36.69,21539,0
20060906,37.17,37.17,36.5,36.69,41589,0
20060907,36.41,36.41,36.41,36.41,103,0
20060908,36.2,36.2,36.2,36.2,207,0
20060911,35.82,36.69,35.72,36.69,163,0
20060912,37.36,37.36,36.69,36.69,438,0
20060913,37.55,37.55,36.69,37.17,936,0
20060914,37.36,37.36,36.3,36.3,354,0
20060915,36.2,36.2,36.2,36.2,310,0
20060918,37.27,37.27,37.27,37.27,77,0
20060919,37.41,37.41,37.41,37.41,103,0
20060920,37.41,37.41,37.17,37.41,156,0
20060921,37.17,38.62,37.17,37.51,14157,0
20060922,37.17,37.65,37.17,37.17,175,0
20060925,37.55,37.55,36.22,37.55,210,0
20060926,37.65,38.52,37.55,38.13,52073,0
20060927,38.62,38.62,37.55,38.62,20887,0
20060928,38.62,38.62,37.75,38.02,1758,0
20060929,38.33,38.33,37.7,38.22,2424,0
20061002,39.59,40.16,36.98,37.21,6960,0
20061003,37.18,38.21,36.69,38.13,314,0
20061004,38.09,38.09,37.46,37.65,968,0
20061005,36.99,38.03,36.99,37.65,523,0
20061006,38.03,38.03,37.65,37.65,256,0
20061009,36.98,37.17,36.42,36.69,1379,0
20061010,36.88,37.17,36.69,37.17,793,0
20061011,37.27,37.27,36.49,36.73,441,0
20061012,36.69,37.21,36.69,37.21,309,0
20061013,36.73,36.83,36.69,36.69,1014,0
20061016,36.69,38.13,36.69,36.98,3126,0
20061017,36.79,37.94,36.79,37.07,5042,0
20061018,36.88,37.83,36.49,37.17,9757,0
20061019,37.45,37.45,36.69,37.38,10881,0
20061020,37.49,37.51,36.5,37.07,1329,0
20061023,37.17,37.17,36.69,37.12,9599,0
20061024,37.41,37.46,36.49,37.46,53316,0
20061025,37.54,37.54,36.58,37.16,306,0
20061026,37.55,37.55,36.78,37.41,2365,0
20061027,38.18,38.18,36.89,37.41,8104,0
20061030,37.18,37.36,36.44,37.36,4187,0
20061031,38.33,40.55,37.84,38.04,23374,0
20061102,37.84,38.13,36.69,37.17,6620,0
20061103,37.19,38.61,36.73,38.61,4497,0
20061106,36.83,37.61,36.83,37.17,5811,0
20061107,37.65,37.65,36.98,37.17,7489,0
20061108,37.27,38.61,37.27,38.33,4662,0
20061109,38.5,38.5,37.12,37.17,8160,0
20061110,37.94,37.94,36.9,37.34,3552,0
20061113,37.34,37.46,36.69,36.69,5860,0
20061114,37.36,37.36,36.49,36.69,2127,0
20061115,37.07,37.07,36.27,36.69,4475,0
20061116,37.07,37.55,37.02,37.53,1870,0
20061117,37.55,37.55,36.59,36.59,7324,0
20061120,36.88,36.88,36.2,36.59,2421,0
20061121,36.69,36.69,35.92,36.01,10623,0
20061122,36.01,36.59,36.01,36.49,2449,0
20061123,36.49,36.49,35.88,36.49,2396,0
20061124,37.27,38.04,36.49,36.69,9110,0
20061127,37.36,37.46,36.49,36.69,3986,0
20061128,35.84,36.69,35.72,36.69,2784,0
20061129,35.72,36.93,35.72,36.93,1337,0
20061130,37,37,36.4,36.4,5177,0
20061201,36.88,36.88,35.88,36.69,11559,0
20061204,37.17,37.46,36.7,36.88,6592,0
20061205,37.17,37.36,36.46,36.87,4827,0
20061206,39.19,39.19,36.98,38.33,12165,0
20061207,38.52,38.71,38.04,38.53,16718,0
20061208,38.1,39.99,35.15,39.9,19753,0
20061211,39,39.7,39,39,1140,0
20061212,39,40.85,39,40.47,15149,0
20061213,39.2,40.4,38.8,40.3,8342,0
20061214,40.45,40.45,38.81,39.61,2402,0
20061215,39.46,39.8,38.5,39.2,5492,0
20061218,38.4,40.38,38.4,40.35,13123,0
20061219,40.35,40.35,39.2,39.2,617,0
20061220,38.62,39,35.5,37.7,2847,0
20061221,37,37.6,36,37.5,16518,0
20061222,38.59,38.59,36.17,36.96,25622,0
20061227,36.95,37,36.9,37,600,0
20061228,36.52,37.79,36.52,37.79,69,0
20061229,38.39,38.39,36.5,37.8,1172,0
20070102,38.2,38.2,36.02,36.5,9293,0
20070103,36.91,37.1,36.01,37,698,0
20070104,36.6,36.9,36,36.9,2128,0
20070105,37.35,37.49,36.21,36.86,452,0
20070108,37.39,37.39,36.2,36.89,308,0
20070109,37.38,37.38,37.33,37.34,220,0
20070110,37.34,37.34,36.37,37.06,496,0
20070111,37.1,37.33,36.25,36.5,5394,0
20070112,37.29,37.3,36.52,37.3,418,0
20070115,37.3,37.3,36.8,37.25,452,0
20070116,37,37.5,36.6,37.49,1187,0
20070117,37.63,37.63,36.59,37.47,510,0
20070118,37,37.66,36.58,37.53,1121,0
20070119,37.53,37.54,36.41,37.49,1226,0
20070122,37.55,37.55,36.7,37.3,386,0
20070123,37.44,37.44,36.71,36.71,330,0
20070124,37,37.41,36.5,36.5,482,0
20070125,37.23,37.23,36.2,36.3,1386,0
20070126,37.21,37.21,36.2,36.3,647,0
20070129,37.19,37.19,36.4,36.4,360,0
20070130,36.99,36.99,36.2,36.5,280,0
20070131,36.52,36.52,35.55,35.99,1175,0
20070201,36.18,36.18,35.6,36.14,1084,0
20070202,36.14,37.77,35.83,37.22,3996,0
20070205,37.85,37.85,36.39,37.68,15180,0
20070206,37.85,37.85,36.91,37.85,21583,0
20070207,37.85,37.89,36.7,36.7,969,0
20070208,37.77,37.77,36,36,812,0
20070209,37,37,35.51,36.5,234,0
20070212,37,37,37,37,50,0
20070213,37,37,37,37,215,0
20070214,37.6,37.6,37.11,37.59,236,0
20070215,37.59,37.7,36.4,37.7,1762,0
20070216,37.2,38.1,37.15,38,28438,0
20070219,38.5,41.6,38.5,41.6,27512,0
20070220,41.88,43.29,41.32,41.32,38767,0
20070221,40.7,42.4,40.7,42,78584,0
20070222,42.2,43.9,42,43.9,25532,0
20070223,43.9,43.9,41.1,43.3,1135,0
20070226,43.69,43.69,41.6,42.95,6437,0
20070227,41.12,42,40.51,41.5,118139,0
20070228,39.5,42,39,42,7573,0
20070301,42,42,40.3,41.98,321,0
20070302,41.98,41.98,40.1,40.5,31498,0
20070305,40.4,40.4,39,39.5,120560,0
20070306,39.5,40.56,39.4,40.56,1546,0
20070307,40.98,40.98,40,40,67348,0
20070308,40,40,40,40,21694,0
20070309,40,40.95,39.5,40.1,387,0
20070312,40.9,40.9,40,40.2,457,0
20070313,40.9,40.9,39.7,40,5220,0
20070314,39.72,42,39.5,40,8046,0
20070315,40.9,40.9,39.6,39.6,180,0
20070316,40,40,40,40,6264,0
20070319,40,40,39,39,2783,0
20070320,39,42,38.51,42,5722,0
20070321,41.9,41.9,39.8,41.38,30370,0
20070322,40.91,40.91,39.95,39.95,1091,0
20070323,39.5,41,39.5,40.5,102381,0
20070326,40.5,40.5,40,40.5,641,0
20070327,40.8,40.8,39.63,40.7,920,0
20070328,39.64,40.6,39.5,39.5,1454,0
20070329,40.27,40.27,39.45,39.99,358,0
20070330,40.2,40.2,39.22,39.22,751,0
20070402,39.1,40,38.7,39,40379,0
20070403,39.87,39.87,38.8,38.9,7082,0
20070404,39.87,40,38.85,40,1459,0
20070405,39.98,40.5,39.11,40.5,1531,0
20070410,40.5,42,40.1,41.9,12843,0
20070411,41.7,42,39.6,42,1856,0
20070412,42,42,40,40,280,0
20070413,40.9,41,40.85,41,30898,0
20070416,40.8,41.5,40.2,41.5,1746,0
20070417,41.5,42.5,41,42.5,3554,0
20070418,42.5,42.5,42,42.3,31054,0
20070419,41.9,42,40,42,19050,0
20070420,42.2,42.2,41,41.3,50202,0
20070423,42.1,45,42.1,45,14625,0
20070424,44.1,47.96,43.3,45,6905,0
20070425,45.5,46,43.5,45,3482,0
20070426,44.99,46.4,44.99,46.2,22912,0
20070427,46.2,46.2,45,46,485,0
20070430,45.95,47,45,47,1756,0
20070502,47.1,47.1,45.5,46,1184,0
20070504,46.65,47,46,47,1870,0
20070507,47,47,46,47,1173,0
20070508,46.9,46.99,45.03,46.99,9950,0
20070509,45.55,46.39,45,45.5,1920,0
20070510,45.01,45.3,43.9,44.5,3265,0
20070511,44.44,44.44,42,44,671,0
20070514,46,46,42.8,44.9,1669,0
20070515,44.8,44.8,42.4,43.99,3526,0
20070516,42.03,42.03,40,41.9,11318,0
20070517,41,42.3,40.71,41.8,6104,0
20070518,41.8,42,41,42,53,0
20070521,42.45,42.45,41.7,42.39,1564,0
20070522,42.45,42.45,41.12,42,1399,0
20070523,41.03,41.99,41.03,41.5,929,0
20070524,40.43,41.99,40.02,41.99,2528,0
20070525,42.1,42.1,40.8,41,4184,0
20070528,41.21,41.5,40.25,41.48,8117,0
20070529,41.5,41.5,40.76,40.76,1312,0
20070530,40.81,41.5,40.36,41.39,1538,0
20070531,41.5,41.5,40.53,41,3234,0
20070601,41.1,41.1,40.4,40.95,1303,0
20070604,40.99,40.99,39.2,39.7,4142,0
20070605,39.3,40.1,39.3,39.35,1355,0
20070606,40,40,39.5,39.51,1005,0
20070608,39.5,39.51,38.3,39.51,612,0
20070611,39.62,42.98,39.62,42.98,31890,0
20070612,42.98,42.98,40.15,42.93,87074,0
20070613,42.97,43.5,42.5,43.5,4060,0
20070614,43.5,43.5,43.23,43.5,6018,0
20070615,43.77,44,41.35,44,157266,0
20070618,44,44,42.51,44,2112,0
20070619,43.4,44,42.35,44,696,0
20070620,43.99,44,42.41,44,71336,0
20070621,42.63,44.5,42.63,44.5,686,0
20070622,43.03,44.83,43.02,44.5,1205,0
20070625,44.55,45.5,43.92,44.88,3880,0
20070626,43.95,45,43.95,45,4891,0
20070627,43.92,45,43.44,45,1568,0
20070628,43.61,45,43.61,45,12128,0
20070629,45.7,46,44,45.98,42428,0
20070702,43.5,45.88,43.5,45.88,2932,0
20070703,44,45.8,44,45.8,21352,0
20070704,44.02,45.45,44.02,45.45,913,0
20070705,44.01,45.5,44.01,45.5,720,0
20070706,45.8,45.8,44.1,45.4,507,0
20070709,44.97,45,43.93,45,1117,0
20070710,44.99,44.99,43.05,44.9,1540,0
20070711,44.9,44.9,44.75,44.75,100,0
20070712,44.9,44.9,44.9,44.9,50,0
20070713,45,45,45,45,50,0
20070716,44.9,44.9,43,44,25760,0
20070717,43.4,43.4,42.09,43,557,0
20070718,42.8,43,41.71,43,2861,0
20070719,42.5,42.5,42.5,42.5,3120,0
20070720,41.5,41.9,40.3,40.3,18630,0
20070723,40,41,39.9,41,54683,0
20070724,41,41,40.1,41,4551,0
20070725,40.99,44.44,39.7,44.44,5552,0
20070726,44,44,41.3,43.3,10121,0
20070727,43,43.7,41.5,43,34833,0
20070730,43,44,41.5,42.5,20144,0
20070731,41.75,44,41.7,44,19846,0
20070801,43.8,43.8,41.5,43,13996,0
20070802,43.2,43.2,41.4,41.48,8212,0
20070803,41.97,41.97,39.01,39.01,3243,0
20070806,40,40,38.1,39.88,1560,0
20070807,38.9,38.9,37.46,37.95,6036,0
20070808,39.9,39.9,38,39.38,170,0
20070809,39.65,39.65,37.1,37.49,24645,0
20070810,37.4,39,34.15,39,8024,0
20070813,38.69,38.69,36.65,36.65,3002,0
20070814,37.69,37.69,34.7,35.74,2066,0
20070816,34.79,35,29.01,35,3074,0
20070817,34.74,34.74,27.67,29.87,180260,0
20070820,30.99,30.99,27.7,27.7,50354,0
20070821,27.2,28,25.7,28,30132,0
20070822,26,27.7,26,27.45,27803,0
20070823,27.98,30.15,27.12,29,197103,0
20070824,31,31,28.4,30.5,145588,0
20070827,31,31,29,30,96044,0
20070828,28.66,31.5,28.66,31,55381,0
20070829,30.8,31.6,29.3,31.6,23835,0
20070830,32.9,32.9,32.36,32.9,23658,0
20070831,33.61,36,33.05,36,216080,0
20070903,37,37.7,34.8,35.5,39069,0
20070904,36.4,36.4,34.2,35.5,10174,0
20070905,36.3,36.3,34.2,35.5,71567,0
20070906,34.5,35.4,34.25,35.4,4363,0
20070907,35.8,37,32.5,34.9,28025,0
20070910,33.6,34.1,33.1,34.06,16246,0
20070911,34.29,34.4,33.3,34.4,6689,0
20070912,34.69,35.25,34.5,35.25,5059,0
20070913,35.25,35.7,35,35.5,6153,0
20070914,36.5,36.5,35.5,35.89,41503,0
20070917,36.36,36.36,35.35,35.5,25851,0
20070918,35.9,35.9,35.36,35.5,19428,0
20070919,36.79,36.79,34.5,35.5,5219,0
20070920,34.6,35.46,34.46,34.5,4956,0
20070921,35.48,35.48,33.31,34,6296,0
20070924,34.95,34.95,33.44,33.95,2505,0
20070925,33.25,33.9,31.1,32.48,6190,0
20070926,33.25,33.25,31.45,32.1,2322,0
20070927,31.5,32.1,31.01,32,8952,0
20070928,31.9,31.9,31.05,31.8,504,0
20071001,31.99,31.99,30.33,30.33,8017,0
20071002,30.95,31.49,30,31.49,1921,0
20071003,31.3,31.48,30.6,31.48,2435,0
20071004,31.4,31.55,31.4,31.4,4833,0
20071005,31.31,31.8,31,31,3926,0
20071008,31.75,31.75,30.9,30.9,255,0
20071009,30.9,31,30.9,31,2408,0
20071010,31,31,31,31,9990,0
20071011,31,31,29.41,30.48,7671,0
20071012,30.5,30.89,29.71,30.46,3211,0
20071015,30,30.5,30,30.5,214322,0
20071016,30.7,30.7,30.46,30.46,1049,0
20071017,30.5,30.5,29.15,29.79,3415,0
20071018,29.6,29.6,29.16,29.59,4357,0
20071019,29.49,29.5,29.49,29.5,6581,0
20071022,29.5,30.29,29.25,30,90772,0
20071023,30.5,30.79,29.76,29.89,2262,0
20071024,30.6,30.6,28.5,29.3,100637,0
20071025,28.9,30.14,28.9,30.14,574,0
20071026,29.8,29.8,28.51,29.69,490,0
20071029,30.47,30.47,29,29.95,113,0
20071030,30.2,30.2,29.4,29.4,294,0
20071031,29.95,29.95,28.49,29.28,4442,0
20071102,29.25,29.25,28.29,29,581,0
20071105,29.6,29.6,27.54,29.6,3985,0
20071106,29.7,29.7,28.03,29.3,3316,0
20071107,29.7,29.7,28.34,29,2878,0
20071108,28,31,27.11,31,3299,0
20071109,31,31,28,29,2705,0
20071112,28.55,29.9,28.06,29.2,10852,0
20071113,29.79,29.79,29,29,2810,0
20071114,29.99,30.15,28.62,28.62,2969,0
20071115,28.5,29.19,27.8,28,8459,0
20071116,27.6,30,26.7,29.3,1257,0
20071119,29.3,29.3,28.9,29.3,1930,0
20071120,29.2,30,28,29.3,3176,0
20071121,29.3,29.3,28.02,28.7,2735,0
20071122,28,29.99,28,29.79,2522,0
20071123,30,30,28.6,29.8,1220,0
20071126,30.2,30.3,29.3,30,1379,0
20071127,29.15,30.24,29.15,29.98,606,0
20071128,30,32.5,30,32.5,5687,0
20071129,33,33.85,31.11,32.25,4577,0
20071130,31.99,32.6,31.22,32.6,7114,0
20071203,32.5,33.29,32,33.29,3148,0
20071204,32.1,33.29,32.1,33.26,2553,0
20071205,32.51,34.4,32.51,34.3,3282,0
20071206,34.55,34.8,33.24,34.3,2162,0
20071207,34.3,34.3,33.92,34.3,5081,0
20071210,34.3,34.3,33.21,33.9,4507,0
20071211,33.01,34.25,33,33.5,1959,0
20071212,33,33,32.98,32.99,1116,0
20071213,33,33.4,32.99,33.4,570,0
20071214,33.3,33.5,31.2,33.5,7926,0
20071217,33.5,33.5,32,33.3,2799,0
20071218,31.6,32.88,31,32.77,7078,0
20071219,33.1,33.5,31.44,33.5,3678,0
20071220,33.5,34.2,31.73,34.2,9117,0
20071221,34.15,34.4,32.85,34.4,1951,0
20071227,34.63,35.9,33.02,35.8,6518,0
20071228,35.79,35.79,34.9,35.28,13529,0
20080102,35.49,35.49,34.6,35.41,346,0
20080103,35.15,35.15,34.15,34.97,630,0
20080104,34.95,34.95,34.95,34.95,15,0
20080107,34.15,34.15,32.22,34.1,204,0
20080108,32.53,33.84,32.53,32.55,622,0
20080109,31.02,32,31,32,526,0
20080110,32,32,31.5,31.99,348,0
20080111,33,33,31.51,32.88,1161,0
20080114,32.67,32.67,30.25,31.9,1714,0
20080115,31.56,31.57,31.56,31.57,58,0
20080116,30,30,29.5,30,1966,0
20080117,29,30.3,28.8,30.3,6414,0
20080118,29.93,31,29,31,10613,0
20080121,32.99,32.99,30,30,700,0
20080122,29.99,30,29,29.99,1805,0
20080123,29.99,29.99,29.99,29.99,117,0
20080124,29.08,30,29.08,29.99,1587,0
20080125,29.5,30,29,30,500,0
20080128,29.9,29.9,28.33,29.5,308,0
20080129,29.9,30.47,29,29,4258,0
20080130,29,29.45,28.31,29.45,430,0
20080131,29.2,30.1,28.5,30.1,6520,0
20080201,29.5,29.5,28.85,28.9,13949,0
20080204,28.9,29.8,28.9,29,1029,0
20080205,28.8,29,28.8,28.8,680,0
20080206,28.12,29.8,28.12,28.9,1274,0
20080207,28.33,29.85,28.33,29.85,1150,0
20080208,29.8,30,28.73,28.73,2348,0
20080211,28.9,28.9,28.73,28.73,734,0
20080212,28.88,28.9,28.88,28.9,1216,0
20080213,29,29.9,29,29.9,890,0
20080214,29.3,29.3,28.9,29,3814,0
20080215,29.75,29.75,29,29,110309,0
20080218,29.66,29.66,29.25,29.5,466,0
20080219,29.25,30.1,29.25,30.1,5644,0
20080220,30.3,30.3,29,29.5,21759,0
20080221,29.01,29.5,28.9,29.3,7392,0
20080222,29.59,29.59,28.89,29.12,18139,0
20080225,29.39,29.47,28.6,29,1239,0
20080226,29,29,28.35,29,50138,0
20080227,29,29,28.37,28.99,100,0
20080228,29.43,29.43,29,29,214,0
20080229,29.4,29.4,27,27.5,4337,0
20080303,27,28,27,27,5401,0
20080304,27,27.9,26.57,26.95,2227,0
20080305,26.4,27.45,26.2,27.45,6541,0
20080306,27.18,27.39,27,27,3037,0
20080307,27,27,25,26.65,9610,0
20080310,25.99,26.89,25.99,26,40670,0
20080311,25.6,26.9,25.6,26.5,56,0
20080312,26.21,26.5,26.21,26.5,120,0
20080313,26.99,26.99,26,26,247,0
20080314,26.28,26.5,26,26.5,160,0
20080317,26.9,26.9,24.38,25.5,752,0
20080318,26,26,25.5,25.5,600,0
20080319,25.99,25.99,25.18,25.23,780,0
20080320,25.01,25.05,24.73,24.73,1385,0
20080325,26.4,26.4,25.46,26.2,357,0
20080326,26.4,26.4,26.4,26.4,104,0
20080327,26.5,26.5,26.5,26.5,208,0
20080328,26.6,26.6,26.5,26.5,110,0
20080331,26.9,27,26.9,27,1434,0
20080401,27.5,27.5,26.9,27,3220,0
20080402,27.95,27.95,27,27,2020,0
20080403,26.36,27,26.36,27,127,0
20080404,27,27,26.51,26.51,315,0
20080407,26.2,26.6,26.2,26.6,3604,0
20080408,26.6,26.7,26.3,26.59,521,0
20080409,26.2,26.32,26.11,26.11,823,0
20080410,26.59,26.59,26.5,26.5,114,0
20080411,26.5,26.5,25.5,25.6,530,0
20080414,25.97,25.97,24.83,25.3,491,0
20080415,25.2,25.2,24.79,25,1381,0
20080416,25.13,25.13,24.9,24.9,519,0
20080417,24.9,24.9,24.6,24.8,1905,0
20080418,25,26.9,24.6,26.9,152,0
20080421,26.9,27.7,25,25,347,0
20080422,25,25,24.6,24.6,504,0
20080423,24,24,23.22,24,10247,0
20080424,23.13,23.6,23.13,23.19,858,0
20080425,23.15,24.15,23.15,24,1070,0
20080428,24,25.8,24,25.8,227,0
20080429,24.5,25.78,24.07,25.78,624,0
20080430,23.6,25,23.6,25,818,0
20080505,24.35,25.78,23.9,24.99,2472,0
20080506,23.92,24.2,23.55,24,3478,0
20080507,24,24.06,23.66,24.06,2272,0
20080508,24,24.99,23.32,23.74,2290,0
20080509,24,24,23.8,23.8,1009,0
20080512,23.49,23.49,23,23.38,1804,0
20080513,23.9,23.9,23.7,23.7,358,0
20080514,23.7,23.7,23,23.44,2394,0
20080515,22.76,23.84,22.72,23.69,944,0
20080516,23.9,23.9,22.95,23.65,3534,0
20080519,23.02,23.7,23,23.7,552,0
20080520,23.65,23.84,23,23.65,5212,0
20080521,23.02,23.02,21.89,22.84,8408,0
20080523,22.83,22.83,21.9,22.74,14380,0
20080526,23,23,21.9,22.2,5119,0
20080527,21.9,21.9,21.5,21.86,2418,0
20080528,21.8,21.94,21.7,21.92,1688,0
20080529,21.9,21.9,21.7,21.7,394,0
20080530,21.99,21.99,21.51,21.69,852,0
20080602,21.9,21.9,20.5,20.5,2598,0
20080603,21,21,20.34,20.94,2147,0
20080604,20.69,20.99,20.36,20.88,790,0
20080605,20.94,20.94,20.2,20.7,630,0
20080606,20.5,20.5,20.2,20.2,530,0
20080609,19.75,19.79,19.75,19.78,382,0
20080610,19.53,19.53,19,19.49,1157,0
20080611,19.99,19.99,19.5,19.5,148,0
20080612,19.5,19.95,19.48,19.95,1609,0
20080613,19.99,20,19.98,19.98,205,0
20080616,19.8,20,18.7,20,689,0
20080617,20,20,19.8,19.99,508,0
20080618,19.97,19.97,19.2,19.77,726,0
20080619,19.4,20,19.1,19.1,1506,0
20080620,19.6,19.97,18.6,19.1,627,0
20080623,19.05,19.98,19,19,1201,0
20080624,19.15,19.15,17.5,19.05,1167,0
20080625,19,19,17.23,18.49,2296,0
20080626,17.35,18.9,17.35,17.99,624,0
20080627,18.6,18.6,17.71,18.15,11306,0
20080630,18.01,18.7,17.55,17.55,387,0
20080701,18.23,18.23,16.5,18.1,2432,0
20080702,18.48,18.48,17.03,18.3,1818,0
20080703,18,18,16.7,17.48,2443,0
20080704,18.3,18.9,16.8,17.9,2011,0
20080707,17.98,17.98,17.15,17.56,2117,0
20080708,17.75,17.75,16.51,17.58,2069,0
20080709,18,18.25,16.51,17.65,2683,0
20080710,17.74,17.74,17,17.47,26728,0
20080711,17,18.25,16.85,17,2115,0
20080714,17.6,17.6,16.82,17.35,455,0
20080715,17.05,17.05,16.3,16.84,206,0
20080716,16.24,17.06,16.24,16.99,40,0
20080717,16.5,16.5,15.9,16.39,2586,0
20080718,16.5,16.5,15.91,16.47,3199,0
20080721,16.5,16.5,15.66,16.41,16816,0
20080722,15.6,15.9,15.5,15.9,5905,0
20080723,15.88,16.98,15.5,16.98,7766,0
20080724,16.97,16.97,16.33,16.4,825,0
20080725,16.68,16.68,16,16.6,20522,0
20080728,16.84,16.84,15.63,16.19,21885,0
20080729,15.72,16.2,15.72,16.2,508,0
20080730,16.2,16.2,16.2,16.2,1483,0
20080731,16.19,16.2,15.82,15.82,3281,0
20080801,17,17,16.05,16.2,778,0
20080804,16.77,16.77,16.77,16.77,1,0
20080805,16.76,16.76,16.03,16.49,2463,0
20080806,16.7,16.7,16.7,16.7,1,0
20080807,16.2,16.7,16.2,16.7,421,0
20080808,16.59,16.59,16,16.27,489,0
20080811,16.39,16.39,15.89,15.89,389,0
20080812,15.8,15.89,14.5,15.87,4268,0
20080813,15.88,15.88,15.34,15.72,1503,0
20080814,16.38,16.38,14.55,15.87,176,0
20080818,15.84,15.84,15.35,15.35,3272,0
20080819,15.25,15.25,14.52,14.52,15555,0
20080820,14.51,14.6,13.88,14.1,16949,0
20080821,15.28,15.28,13.91,13.98,4423,0
20080822,14.09,14.09,13.3,13.4,10059,0
20080825,14.4,14.4,13.57,13.57,1662,0
20080826,13.52,13.79,13.32,13.72,3863,0
20080827,13.88,13.95,13.6,13.84,2513,0
20080828,14,14,13.42,13.74,9777,0
20080829,13.6,13.6,13.3,13.59,9379,0
20080901,14.58,14.58,13.4,13.4,4650,0
20080902,13.4,14.27,13.2,13.5,11833,0
20080903,13.51,14.15,13.41,13.69,12536,0
20080904,13.7,14,13.56,13.56,5393,0
20080905,13.55,13.65,13.15,13.6,9184,0
20080908,13.85,13.85,13.4,13.49,8822,0
20080909,13.46,13.46,13.05,13.15,12740,0
20080910,13.05,13.16,12.83,13.05,8840,0
20080911,13.03,13.03,12.63,12.63,16692,0
20080912,12.65,13.04,12.56,12.56,12202,0
20080915,12.56,13.05,12.39,12.61,18211,0
20080916,12.49,12.78,12.3,12.64,11621,0
20080917,12.9,12.9,12.21,12.21,5872,0
20080918,11.5,12.1,11.5,11.86,4981,0
20080919,11.99,12.39,11.83,11.86,5941,0
20080922,12.09,12.2,11.89,11.91,22712,0
20080923,12,12,11.32,11.46,9901,0
20080924,11.97,11.97,11.35,11.4,44636,0
20080925,11.47,11.75,11.12,11.25,36561,0
20080926,11.59,11.76,11.3,11.5,52727,0
20080929,11.8,12,10.7,10.75,57338,0
20080930,10.36,10.75,10.11,10.6,16747,0
20081001,11.28,11.65,10.8,10.8,58263,0
20081002,11.09,11.19,10.23,10.24,111913,0
20081003,10.6,10.99,10.3,10.97,391643,0
20081006,10.6,10.98,10.54,10.97,19984,0
20081007,11.35,11.61,11,11.49,12660,0
20081008,11.27,12.9,10.71,12.9,68277,0
20081009,13.38,13.38,12.35,12.6,28324,0
20081010,11.95,11.95,10.6,11.01,71845,0
20081013,11.5,11.5,10.35,10.36,41815,0
20081014,10.8,11.09,10.51,10.51,232168,0
20081015,10.79,10.79,10.4,10.59,11013,0
20081016,10.33,10.34,9.5,10.34,33251,0
20081017,10.75,10.97,10.38,10.68,10758,0
20081020,11.33,11.33,10.64,11,54429,0
20081021,11.1,11.5,11.02,11.3,7538,0
20081022,11.11,11.38,10.42,10.42,15278,0
20081023,10.79,10.79,9,9.3,226411,0
20081024,9.29,9.9,9.01,9.5,15117,0
20081027,9.69,9.92,9.21,9.48,14553,0
20081028,9.48,9.65,9.42,9.42,5530,0
20081029,9.95,9.99,8.75,9.05,45849,0
20081030,9.12,9.35,9,9.25,61576,0
20081031,9.26,9.5,9.26,9.29,18465,0
20081103,9.85,9.9,9.29,9.47,14120,0
20081104,9.47,9.6,9.15,9.28,14174,0
20081105,9.44,9.44,9.09,9.26,12646,0
20081106,9.3,9.3,8.95,9.25,11198,0
20081107,8.85,9.25,8.85,9.25,15155,0
20081110,9.39,9.4,9.25,9.3,15245,0
20081112,9.3,9.3,9.13,9.3,2550,0
20081113,9.3,9.35,9.2,9.35,2442,0
20081114,9.4,9.7,9.4,9.5,6796,0
20081117,9.36,9.36,8.92,9.01,6027,0
20081118,9,9,8.14,8.8,11897,0
20081119,8.44,8.8,8.44,8.78,5295,0
20081120,8.79,8.79,7.91,8.48,5823,0
20081121,8.48,8.74,8.11,8.47,29407,0
20081124,8.79,8.79,8.24,8.5,20227,0
20081125,8.5,8.5,8,8.4,19876,0
20081126,8.4,8.62,8.39,8.39,12434,0
20081127,8.6,8.6,8.39,8.55,2834,0
20081128,8.59,8.59,8.4,8.4,1797,0
20081201,8.48,8.48,8.01,8.01,16002,0
20081202,7.9,8.5,7.64,8.25,38882,0
20081203,8.5,8.5,8.25,8.49,8065,0
20081204,8.45,8.48,8,8.33,37255,0
20081205,8.1,8.38,8.07,8.38,3878,0
20081208,8.47,8.49,7.99,8.01,33422,0
20081209,8.17,8.17,7.97,7.97,3927,0
20081210,8.18,8.18,8,8.15,2898,0
20081211,8.19,8.19,8.07,8.07,856,0
20081212,8.07,8.29,8.02,8.18,2198,0
20081215,8.47,8.47,8.05,8.08,1756,0
20081216,8.4,8.4,8.17,8.33,846,0
20081217,8.25,8.25,8.05,8.05,427,0
20081218,8.05,8.05,7.81,7.94,3961,0
20081219,8.04,8.04,7.65,7.8,3447,0
20081222,7.99,8,7.61,7.9,5478,0
20081223,7.52,7.9,7.5,7.61,4210,0
20081229,7.61,7.76,7.42,7.42,2539,0
20081230,7.4,7.6,7.11,7.6,3765,0
20081231,7.48,7.9,7.48,7.9,2218,0
20090105,7.79,7.8,7.7,7.79,6579,0
20090106,7.85,7.85,7.8,7.8,2076,0
20090107,7.89,7.89,7.85,7.86,7630,0
20090108,8,8.17,7.88,8.03,19461,0
20090109,8.2,8.39,8,8,6264,0
20090112,7.6,8.78,7.6,8.59,18764,0
20090113,8.64,8.64,7.78,8,17085,0
20090114,8.11,8.55,7.93,8.55,14135,0
20090115,8.54,8.54,7.9,8.25,9584,0
20090116,8.26,8.39,8.18,8.39,3140,0
20090119,8.39,8.39,8.23,8.23,724,0
20090120,8.2,8.76,8,8.37,7042,0
20090121,8.43,8.5,8.37,8.5,4952,0
20090122,8.51,8.74,8.42,8.69,4460,0
20090123,8.74,8.74,8.3,8.64,1164,0
20090126,8.59,8.59,8.33,8.58,3590,0
20090127,8.63,8.63,8.3,8.54,5679,0
20090128,8.58,8.69,7.95,7.95,23263,0
20090129,8.11,8.11,7.48,7.6,22191,0
20090130,7.97,7.97,7.19,7.2,36852,0
20090202,7.39,7.39,6.61,6.98,5794,0
20090203,6.65,6.93,6.58,6.89,4073,0
20090204,6.89,6.89,6.58,6.87,10609,0
20090205,6.87,6.9,6.72,6.9,7380,0
20090206,6.9,7,6.73,7,7995,0
20090209,7.1,7.3,6.8,6.85,12174,0
20090210,6.83,6.97,6.35,6.7,42327,0
20090211,6.38,6.64,6.27,6.58,19951,0
20090212,6.63,6.82,6.5,6.6,5654,0
20090213,6.65,6.82,6.5,6.7,13003,0
20090216,6.7,6.7,6.16,6.16,9752,0
20090217,6.01,6.18,5.56,5.56,6942,0
20090218,5.28,5.3,5,5.17,24936,0
20090219,5.26,5.26,5.19,5.2,2821,0
20090220,5.26,5.26,5.05,5.25,2704,0
20090223,5.25,5.3,5.2,5.2,16584,0
20090224,5.51,5.51,5.24,5.37,787,0
20090225,5.55,5.55,5.28,5.35,6293,0
20090226,5.54,5.6,5.5,5.58,7112,0
20090227,5.69,6.29,5.5,5.7,8641,0
20090302,5.86,5.86,5.1,5.1,34417,0
20090303,5.31,5.31,4.95,5,23550,0
20090304,5.15,5.17,4.97,4.97,23692,0
20090305,5.1,5.1,4.97,4.97,11543,0
20090306,5.13,5.13,4.97,5,8756,0
20090309,5.01,5.01,4.96,5,14974,0
20090310,5.07,5.07,5.02,5.05,9645,0
20090311,5.15,5.27,5,5.05,25439,0
20090312,5.15,5.15,5,5,39363,0
20090313,5.18,5.2,4.99,5,72774,0
20090316,5.09,5.1,4.95,5,28479,0
20090317,5,5.19,4.97,5,149982,0
20090318,5.12,5.3,4.99,4.99,126357,0
20090319,5.1,5.6,5.02,5.3,292870,0
20090320,5.45,5.65,5.3,5.5,185366,0
20090323,5.76,6.28,5.7,6.15,106778,0
20090324,6.38,6.4,5.88,6.09,90490,0
20090325,6.08,6.53,5.97,6.3,89864,0
20090326,6.4,6.65,6.4,6.4,60250,0
20090327,6.32,6.55,5.7,6.32,82509,0
20090330,6.4,6.4,5.94,5.99,77326,0
20090331,5.81,6.08,5.71,5.88,48134,0
20090401,5.9,6,5.75,5.8,40571,0
20090402,5.95,6.1,5.81,6.08,79875,0
20090403,6.2,6.46,5.99,5.99,66194,0
20090406,6.27,6.45,6.13,6.33,43984,0
20090407,6.38,6.4,6.23,6.3,34899,0
20090408,6.25,6.74,6.16,6.63,56689,0
20090409,6.8,6.81,6.42,6.56,74104,0
20090414,6.6,6.77,6.51,6.6,76784,0
20090415,6.61,6.64,6.37,6.46,57707,0
20090416,6.5,6.63,6.42,6.6,47046,0
20090417,6.65,7.2,6.65,6.94,145865,0
20090420,7.25,7.39,6.72,6.72,79056,0
20090421,6.6,6.89,6.5,6.65,43899,0
20090422,6.97,6.98,6.74,6.77,38146,0
20090423,6.95,6.96,6.77,6.77,38179,0
20090424,6.76,7.23,6.7,7.19,64501,0
20090427,7.19,7.19,6.9,6.9,48479,0
20090428,6.87,7,6.64,6.79,77853,0
20090429,6.69,7.15,6.69,7.01,72069,0
20090430,7.19,7.22,6.97,7.12,33843,0
20090504,7.15,7.86,7.15,7.7,112590,0
20090505,7.76,8.4,7.56,8,137207,0
20090506,8.03,8.3,7.7,7.79,83549,0
20090507,7.89,8.12,7.7,7.7,47751,0
20090508,7.55,7.7,7.35,7.69,43098,0
20090511,7.75,7.75,7.46,7.59,16678,0
20090512,7.55,7.7,7.45,7.59,37213,0
20090513,7.65,7.65,7.3,7.3,35360,0
20090514,7.25,7.3,7.19,7.26,31132,0
20090515,7.22,7.25,7.04,7.25,15070,0
20090518,6.58,6.8,6.48,6.73,99476,0
20090519,6.9,6.95,6.65,6.66,61807,0
20090520,6.7,6.77,6.64,6.66,43848,0
20090521,6.6,6.65,6.4,6.5,27307,0
20090522,6.31,6.6,6.3,6.4,36382,0
20090525,6.5,6.53,6.3,6.45,8063,0
20090526,6.45,6.45,6.07,6.2,15712,0
20090527,6.25,6.41,6.15,6.2,34632,0
20090528,6.13,6.2,6.05,6.1,25809,0
20090529,6.18,6.25,6.03,6.18,16281,0
20090601,6.23,6.69,6.11,6.69,193996,0
20090602,6.92,7.47,6.75,7.35,182148,0
20090603,7.47,7.5,7.1,7.1,99098,0
20090604,7.18,7.28,7.01,7.16,47506,0
20090605,7.27,7.33,7.02,7.15,25802,0
20090608,7.1,7.1,6.87,6.92,13502,0
20090609,6.92,7.01,6.77,6.9,35263,0
20090610,6.88,7,6.77,6.84,39542,0
20090612,7.1,7.12,6.95,7.01,37276,0
20090615,7.01,7.01,6.71,6.8,57137,0
20090616,6.74,6.74,6.44,6.62,70601,0
20090617,6.56,6.6,6.38,6.38,53103,0
20090618,6.25,6.44,6,6.4,70958,0
20090619,6.4,6.54,6.25,6.54,68794,0
20090622,6.68,6.68,6.16,6.16,46646,0
20090623,6.1,6.24,5.88,5.95,58446,0
20090624,6.01,6.44,6.01,6.36,21245,0
20090625,6.37,6.43,6.12,6.29,37958,0
20090626,6.39,6.5,6.25,6.44,24363,0
20090629,6.45,6.6,6.36,6.5,10399,0
20090630,6.5,6.83,6.44,6.59,37825,0
20090701,6.59,6.99,6.59,6.8,14400,0
20090702,6.81,6.88,6.65,6.85,13559,0
20090703,6.75,6.75,6.6,6.7,12372,0
20090706,6.5,6.57,6.43,6.47,26026,0
20090707,6.44,6.62,6.44,6.6,24835,0
20090708,6.59,6.59,6.45,6.57,30734,0
20090709,6.6,6.83,6.58,6.74,39495,0
20090710,6.75,6.81,6.69,6.79,18479,0
20090713,6.79,6.79,6.5,6.55,13748,0
20090714,6.77,6.77,6.5,6.69,19019,0
20090715,6.75,6.79,6.66,6.77,47470,0
20090716,6.8,6.86,6.77,6.79,57131,0
20090717,6.8,7.47,6.8,6.95,133464,0
20090720,7.28,7.3,7,7.14,30464,0
20090721,7.18,7.44,7.16,7.44,42589,0
20090722,7.45,7.46,7.13,7.22,30145,0
20090723,7.22,7.8,7.16,7.51,71037,0
20090724,7.78,7.78,7.56,7.6,64821,0
20090727,7.7,7.85,7.33,7.39,60616,0
20090728,7.55,7.7,7.39,7.52,36418,0
20090729,7.4,7.96,7.36,7.96,71863,0
20090730,8,8.5,8,8.4,152308,0
20090731,8.49,8.5,7.92,7.92,90611,0
20090803,8.12,8.5,7.8,7.92,111178,0
20090804,8.09,8.36,7.9,8.35,96620,0
20090805,8.33,8.39,8,8.2,98041,0
20090806,8.2,8.45,8.2,8.35,31080,0
20090807,8.36,8.92,8.26,8.79,78056,0
20090810,8.92,9.15,8.83,9,110118,0
20090811,9.14,9.15,8.72,8.72,73103,0
20090812,8.69,8.8,8.04,8.7,68803,0
20090813,9.05,9.4,9.05,9.11,55083,0
20090814,9.35,9.35,8.9,8.95,68707,0
20090817,8.7,8.9,8.12,8.61,68806,0
20090818,8.44,8.83,8.39,8.56,65275,0
20090819,8.67,8.8,8.56,8.8,60535,0
20090820,8.9,9.09,8.9,8.97,131557,0
20090821,9.05,9.26,9,9.25,56450,0
20090824,9.43,10.21,9.43,10.18,131739,0
20090825,10.16,10.8,9.82,10.55,71695,0
20090826,10.27,10.49,10,10.19,98462,0
20090827,10.29,10.65,9.9,10.1,35621,0
20090828,10.4,10.5,10.1,10.1,59399,0
20090831,9.9,10,9.75,9.76,36951,0
20090901,9.75,9.8,9.21,9.45,55966,0
20090902,9.09,9.19,8.76,8.86,75628,0
20090903,8.85,9.24,8.8,9.1,35808,0
20090904,9.49,9.49,9.1,9.22,35345,0
20090907,9.12,9.29,9.1,9.29,41138,0
20090908,9.35,9.74,9.29,9.45,31397,0
20090909,9.5,9.56,9.38,9.5,20192,0
20090910,9.65,9.77,9.2,9.2,19570,0
20090911,9.27,9.5,9.2,9.43,21555,0
20090914,9.3,9.35,9.15,9.25,26382,0
20090915,9.3,9.6,9.17,9.38,6537,0
20090916,9.57,9.9,9.4,9.75,43685,0
20090917,10.5,10.8,10.14,10.37,105382,0
20090918,10.49,10.49,10.22,10.48,28651,0
20090921,10.6,10.6,10.02,10.4,21349,0
20090922,10.33,10.85,10.25,10.53,52374,0
20090923,10.7,10.7,10.35,10.35,16300,0
20090924,10.3,10.67,10.14,10.32,23693,0
20090925,10.3,11.05,10.12,10.3,47024,0
20090928,10.58,10.58,10.26,10.56,6529,0
20090929,10.6,10.78,10.3,10.56,13828,0
20090930,10.56,10.65,9.81,10.1,20587,0
20091001,9.8,10.18,9.8,10.1,11555,0
20091002,9.61,9.99,9.61,9.84,14374,0
20091005,9.85,9.85,9.2,9.39,40015,0
20091006,9.4,9.6,9.4,9.48,11582,0
20091007,9.75,9.8,9.1,9.2,45239,0
20091008,9.48,9.48,9.19,9.45,25889,0
20091009,9.42,9.68,8.97,9.39,59274,0
20091012,9.25,9.25,9.04,9.1,15402,0
20091013,9.2,9.2,8.98,9.16,16246,0
20091014,9.05,9.75,9.05,9.6,31046,0
20091015,9.8,9.8,9.5,9.65,21847,0
20091016,9.65,9.78,9.6,9.65,13561,0
20091019,9.85,9.87,9.65,9.65,22704,0
20091020,9.65,9.78,9.6,9.7,13356,0
20091021,9.7,9.7,9.56,9.65,12710,0
20091022,9.69,9.69,9.5,9.63,2921,0
20091023,9.65,9.7,9.55,9.69,2874,0
20091026,9.7,9.82,9.52,9.59,4811,0
20091027,9.6,9.6,9.23,9.49,2424,0
20091028,9.5,9.52,8.95,9.15,19826,0
20091029,9.01,9.45,9,9.45,24478,0
20091030,9.6,9.65,9.3,9.5,10286,0
20091102,9.22,9.5,9.22,9.49,5927,0
20091103,9.45,9.45,9.2,9.35,11776,0
20091104,9.45,9.58,9.45,9.5,8686,0
20091105,9.6,9.6,9.4,9.54,7559,0
20091106,9.59,9.65,9.3,9.35,11792,0
20091109,9.34,9.6,9.34,9.6,109636,0
20091110,9.67,10,9.67,10,73884,0
20091112,10.1,10.18,9.94,10.17,12420,0
20091113,10.1,10.1,9.98,10.07,4233,0
20091116,10.55,11.19,10.55,11,95783,0
20091117,11.1,11.1,10.8,10.99,26273,0
20091118,11.15,11.95,11.01,11.4,39749,0
20091119,11.4,11.4,11,11.13,26879,0
20091120,11.24,11.4,11,11.28,12008,0
20091123,11.25,12,11.25,12,28577,0
20091124,12.05,12.87,11.85,12.6,52967,0
20091125,12.71,12.84,12.1,12.4,27490,0
20091126,12.39,12.4,11.82,11.9,30717,0
20091127,11.49,12.5,10.96,12.5,158706,0
20091130,12.83,12.83,12.15,12.7,28776,0
20091201,12.7,12.94,12.5,12.7,67237,0
20091202,12.94,13,12.7,12.89,128343,0
20091203,12.96,13.05,12.55,12.98,44362,0
20091204,12.95,13,12.65,13,29118,0
20091207,13.03,13.04,12.76,12.95,59783,0
20091208,12.9,12.9,12.3,12.32,50405,0
20091209,12.49,12.49,10.5,10.5,30343,0
20091210,11.51,11.98,11.49,11.6,59333,0
20091211,12.05,12.05,11.6,11.75,7107,0
20091214,11.76,11.76,11.2,11.43,24530,0
20091215,11.43,11.43,10.78,11.25,13352,0
20091216,11.15,11.64,11.15,11.6,6156,0
20091217,11.7,11.75,11.28,11.3,6902,0
20091218,11.29,11.5,11.26,11.4,8206,0
20091221,11.4,11.65,11.31,11.6,4740,0
20091222,11.6,12,11.6,11.93,16430,0
20091223,12,12,11.7,11.95,7193,0
20091228,11.92,11.95,11.8,11.83,8727,0
20091229,11.77,11.9,11.72,11.87,3983,0
20091230,11.82,11.85,11.65,11.78,4255,0
20091231,11.74,11.76,11.73,11.74,2206,0
20100104,11.74,12.48,11.5,12.4,13822,0
20100105,12.45,12.5,12.32,12.47,15484,0
20100106,12.48,12.48,12.1,12.16,18071,0
20100107,12.37,12.37,12.05,12.13,12572,0
20100108,12.15,12.36,12.11,12.2,4148,0
20100111,12.3,12.3,12.15,12.23,17638,0
20100112,12.49,12.49,12,12.19,23686,0
20100113,12.1,12.2,12,12.18,37089,0
20100114,12.15,12.21,12.1,12.2,32760,0
20100115,12.2,12.3,12.03,12.2,9903,0
20100118,12.25,12.25,11.88,12.07,9489,0
20100119,12.07,12.2,11.85,12.2,8938,0
20100120,12.19,12.22,12,12.14,34548,0
20100121,12.2,12.2,11.85,11.99,9043,0
20100122,11.86,12,11.7,11.85,20484,0
20100125,11.62,11.85,11.62,11.65,19430,0
20100126,11.76,11.76,10.8,11.45,16692,0
20100127,11.45,11.5,11.3,11.33,5636,0
20100128,11.62,11.62,11.28,11.28,1959,0
20100129,11.25,11.4,10.93,11.4,15629,0
20100201,11.5,11.5,11.3,11.4,6058,0
20100202,11.4,11.5,11.4,11.41,8705,0
20100203,11.48,11.98,11.48,11.9,14535,0
20100204,11.99,11.99,11.36,11.36,20740,0
20100205,11.05,11.35,10.99,11.07,29976,0
20100208,11.05,11.24,11.01,11.09,17761,0
20100209,11.17,11.49,11.15,11.49,5191,0
20100210,11.49,11.69,11.48,11.55,5376,0
20100211,11.7,11.79,11.41,11.49,4417,0
20100212,11.5,11.5,11.3,11.49,2682,0
20100215,11.5,11.5,11.4,11.5,5320,0
20100216,11.5,11.5,11.22,11.5,7237,0
20100217,11.5,11.5,11.45,11.45,9175,0
20100218,11.45,11.45,11.27,11.45,5448,0
20100219,11.45,11.45,11.23,11.45,2184,0
20100222,11.44,11.7,11.33,11.7,13025,0
20100223,11.85,11.9,11.51,11.7,9685,0
20100224,11.65,11.7,11.53,11.7,3879,0
20100225,11.75,11.86,11.6,11.7,2710,0
20100226,11.86,11.9,11.65,11.85,9019,0
20100301,11.66,12.75,11.66,12.7,19047,0
20100302,11.8,12.19,11.35,11.9,114378,0
20100303,11.92,11.92,11.3,11.55,34574,0
20100304,11.6,11.62,11.3,11.58,13583,0
20100305,11.66,11.7,11.5,11.61,30598,0
20100308,11.69,11.69,11.5,11.58,15917,0
20100309,11.51,11.58,11.44,11.5,77485,0
20100310,11.5,11.88,11.32,11.75,15425,0
20100311,11.52,11.74,11.45,11.57,11476,0
20100312,11.6,12.1,11.6,11.9,46911,0
20100315,12,12.4,12,12.3,55153,0
20100316,12.34,12.7,12.3,12.5,43888,0
20100317,12.7,13.85,12.69,13.58,122087,0
20100318,13.58,13.66,13.18,13.3,17903,0
20100319,13.35,13.37,13,13.1,14291,0
20100322,13.07,13.22,12.4,13.09,26138,0
20100323,13.2,13.2,13,13.2,11642,0
20100324,13.26,13.26,12.83,13.18,8382,0
20100325,13.19,13.8,12.96,13.55,41753,0
20100326,13.9,13.9,13.62,13.8,26094,0
20100329,13.8,14.46,13.8,14.24,35796,0
20100330,14,14.3,14,14.25,21446,0
20100331,14.25,14.65,13.86,14.25,15570,0
20100401,14.25,14.53,14.06,14.2,9078,0
20100406,14.33,14.33,13.85,14.1,4204,0
20100407,14.19,14.19,13.53,14.1,11268,0
20100408,13.99,13.99,13.42,13.53,14543,0
20100409,13.52,13.8,13.5,13.8,8033,0
20100412,13.61,13.9,13.6,13.9,11145,0
20100413,13.67,13.85,13.61,13.85,10414,0
20100414,13.89,14.2,13.89,14.2,10365,0
20100415,14.25,14.77,14.25,14.4,76523,0
20100416,14.25,14.4,13.61,14.4,12350,0
20100419,13.89,14.19,13.62,14.19,9959,0
20100420,14.35,14.35,13.77,14.02,10926,0
20100421,14.24,14.24,13.95,13.95,3079,0
20100422,13.95,13.95,13.45,13.75,24052,0
20100423,13.78,14,13.69,14,5607,0
20100426,13.98,14.35,13.95,14.2,7147,0
20100427,14.15,14.25,13.96,14.14,5003,0
20100428,13.68,13.98,13.6,13.98,7044,0
20100429,13.99,14.35,13.81,14.33,11623,0
20100430,14.84,15.35,14.84,15,46183,0
20100504,15.16,15.32,14.55,14.87,27987,0
20100505,14.8,14.8,14.43,14.51,31022,0
20100506,14.46,14.69,14.2,14.5,8666,0
20100507,14.2,14.45,13.55,14,47949,0
20100510,14,14.5,13.94,14.48,21164,0
20100511,14.3,14.45,14.08,14.32,18812,0
20100512,14.25,14.48,14.25,14.47,9434,0
20100513,14.49,14.73,14.3,14.72,12752,0
20100514,14.7,14.7,14.33,14.63,6064,0
20100517,14.9,15.49,14.9,15.38,51411,0
20100518,15.39,16.48,15.39,16,33497,0
20100519,16.13,16.13,15.46,15.53,12383,0
20100520,15.62,15.8,14.65,14.67,15951,0
20100521,14.56,15.11,14.39,14.65,22740,0
20100524,14.9,15.12,14.74,14.8,10355,0
20100525,14.8,14.99,14.53,14.53,14668,0
20100526,14.9,15.36,14.9,15.24,10366,0
20100527,15.6,15.99,15.3,15.95,11439,0
20100528,16,16.09,15.7,15.7,8534,0
20100531,15.72,15.72,15.26,15.61,4862,0
20100601,15.5,15.5,15.09,15.42,6755,0
20100602,15.25,15.5,15.21,15.5,5830,0
20100604,15.67,15.68,14.7,14.7,24570,0
20100607,14.96,15.27,14.6,15.18,5834,0
20100608,15.04,15.3,14.82,15.27,7336,0
20100609,15.3,15.35,15,15.06,4442,0
20100610,15.1,15.3,15.1,15.3,2965,0
20100611,15.3,15.95,15.3,15.89,120947,0
20100614,16.01,16.39,15.6,15.6,12849,0
20100615,15.8,15.94,15.65,15.8,3576,0
20100616,15.85,15.99,15.78,15.98,5920,0
20100617,15.99,15.99,15.62,15.93,2914,0
20100618,15.95,16,15.65,15.89,2932,0
20100621,15.9,16,15.74,15.9,3647,0
20100622,15.76,15.9,15.75,15.9,1286,0
20100623,15.85,15.89,15.11,15.11,5087,0
20100624,15.3,15.8,15.03,15.65,13973,0
20100625,15.5,15.55,15.35,15.51,1135,0
20100628,15.5,15.5,15,15.34,2982,0
20100629,15.25,15.34,15,15.34,3867,0
20100630,15.01,15.27,14.82,15.27,5027,0
20100701,15.2,15.37,14.52,15.37,9780,0
20100702,15.39,15.4,15.12,15.3,4976,0
20100705,15.69,15.69,15.16,15.16,112517,0
20100706,15.2,15.2,14.8,15.1,15600,0
20100707,15.19,15.36,15,15.36,1762,0
20100708,15.45,15.61,15.35,15.45,12446,0
20100709,15.45,15.45,15.17,15.39,4682,0
20100712,15.5,15.6,15.2,15.24,10538,0
20100713,15.5,15.5,15.15,15.33,8683,0
20100714,15.33,15.45,15.2,15.28,11952,0
20100715,15.25,15.25,14.85,15.02,24115,0
20100716,14.95,15.2,14.83,14.99,6517,0
20100719,15,15.1,15,15.07,4635,0
20100720,15.14,15.14,14.91,15.04,14038,0
20100721,15.04,15.14,14.96,15.02,17980,0
20100722,15.15,15.38,15.04,15.14,6028,0
20100723,15.19,15.38,15.11,15.24,11125,0
20100726,15.36,16.3,15.3,16.3,41195,0
20100727,16.5,17,16.5,16.52,35760,0
20100728,16.79,16.79,16.06,16.5,11668,0
20100729,16.07,16.55,16.07,16.5,13547,0
20100730,16.5,16.65,16.28,16.56,11126,0
20100802,16.61,16.99,16.61,16.8,7339,0
20100803,16.99,16.99,16.8,16.9,6410,0
20100804,16.9,16.99,16.85,16.85,5800,0
20100805,16.98,16.98,16.7,16.7,3949,0
20100806,16.7,16.9,16.6,16.6,5146,0
20100809,16.6,16.95,16.51,16.95,3180,0
20100810,16.98,16.98,16.36,16.42,6583,0
20100811,16.3,16.46,16.04,16.1,10908,0
20100812,16,16.45,15.8,15.9,6399,0
20100813,16.25,16.4,15.9,16.37,4204,0
20100816,16.46,16.55,16.25,16.3,3007,0
20100817,16.3,16.3,16.02,16.02,5819,0
20100818,16.38,16.39,16.06,16.39,3511,0
20100819,16.3,16.69,16.2,16.58,4047,0
20100820,16.25,16.5,15.81,16.07,8616,0
20100823,16.02,16.4,16.01,16.39,6399,0
20100824,16.1,16.16,15.87,15.9,11529,0
20100825,15.9,16.08,15.85,16.08,5259,0
20100826,16,16.37,16,16.1,10056,0
20100827,16.1,16.1,15.8,15.88,6478,0
20100830,16,16,15.45,15.78,11688,0
20100831,15.78,15.78,15.45,15.51,6200,0
20100901,15.49,15.49,14.1,14.5,70567,0
20100902,14.45,15.28,14.36,15.18,31530,0
20100903,15.3,15.44,15.3,15.4,7211,0
20100906,15.45,15.9,15.45,15.58,12514,0
20100907,15.6,15.6,15.3,15.3,3353,0
20100908,15.55,15.55,15.15,15.25,3969,0
20100909,15.25,15.25,14.83,15.19,7497,0
20100910,15.14,15.2,14.85,15.15,5679,0
20100913,14.95,15.01,14.6,14.97,15489,0
20100914,14.95,14.95,14.56,14.6,6429,0
20100915,14.73,14.89,14.63,14.79,6620,0
20100916,14.87,14.87,14.66,14.68,3139,0
20100917,14.7,15,14.7,14.86,9306,0
20100920,14.85,14.85,14.56,14.69,3339,0
20100921,14.69,14.69,14.58,14.6,9140,0
20100922,14.61,14.86,14.58,14.84,7048,0
20100923,14.71,14.81,14.61,14.81,2393,0
20100924,14.69,14.69,14.5,14.51,30036,0
20100927,14.5,14.65,14.3,14.5,17813,0
20100928,14.49,14.5,14.3,14.3,8037,0
20100929,14.18,14.18,13.6,13.78,37778,0
20100930,13.56,13.56,13.3,13.45,23980,0
20101001,13.44,13.95,13.44,13.89,5882,0
20101004,13.9,13.9,13.68,13.7,2397,0
20101005,13.7,13.88,13.7,13.88,8603,0
20101006,13.98,14,13.84,13.89,15581,0
20101007,13.95,13.95,13.63,13.75,6911,0
20101008,13.65,13.83,13.51,13.7,6579,0
20101011,13.9,13.98,13.73,13.76,3396,0
20101012,13.97,13.97,13.55,13.74,5319,0
20101013,13.74,13.99,13.65,13.79,6450,0
20101014,13.78,13.95,13.78,13.87,2715,0
20101015,13.9,14,13.85,13.9,2743,0
20101018,13.9,14.38,13.9,14.38,6340,0
20101019,14.35,14.45,14.11,14.19,4511,0
20101020,14.15,14.15,13.7,13.94,3924,0
20101021,13.97,14.05,13.91,13.92,2000,0
20101022,14.05,14.05,13.77,14,5270,0
20101025,13.9,14.44,13.9,14.44,1929,0
20101026,14.44,14.44,14.25,14.38,1739,0
20101027,14.38,14.43,14.35,14.38,1679,0
20101028,14.37,14.41,14.01,14.4,2910,0
20101029,14.43,14.84,14.43,14.81,9239,0
20101102,14.81,14.81,14.61,14.77,1334,0
20101103,14.51,14.77,14.51,14.69,4769,0
20101104,14.78,14.78,14.5,14.75,7206,0
20101105,14.7,14.7,14.09,14.1,17264,0
20101108,14.15,14.5,14.15,14.47,14210,0
20101109,14.47,14.6,14.25,14.57,4067,0
20101110,14.59,14.59,14.33,14.48,1847,0
20101112,14.45,14.62,14.2,14.62,5905,0
20101115,14.27,14.27,13.11,13.39,97968,0
20101116,13.24,13.24,12.04,12.25,89046,0
20101117,12.25,12.44,11.8,11.9,54822,0
20101118,12.32,12.32,10.8,10.87,106265,0
20101119,11.05,11.39,10.87,10.95,48329,0
20101122,11.05,11.3,11.01,11.1,21124,0
20101123,11.19,11.22,10.5,10.74,36838,0
20101124,10.71,10.86,10.5,10.57,33250,0
20101125,10.57,10.85,10.53,10.6,11282,0
20101126,10.81,10.81,10.52,10.59,18223,0
20101129,10.59,10.65,10.4,10.45,31008,0
20101130,10.45,10.53,10.45,10.52,18496,0
20101201,10.55,11.18,10.55,10.92,35857,0
20101202,11.2,11.5,11.2,11.45,48186,0
20101203,11.5,11.99,11.45,11.89,38175,0
20101206,11.91,12.09,11.47,11.77,31884,0
20101207,11.76,11.76,11.15,11.35,29424,0
20101208,11.5,11.5,11.15,11.44,8986,0
20101209,11.47,11.47,11.16,11.16,9541,0
20101210,11.16,11.16,10.83,11,9751,0
20101213,11.09,11.09,10.73,10.9,10457,0
20101214,10.78,10.94,10.75,10.88,7858,0
20101215,10.89,10.91,10.72,10.91,20793,0
20101216,10.91,11.3,10.75,11.21,29370,0
20101217,11.39,11.47,11.11,11.3,17853,0
20101220,11.01,11.1,10.92,11.08,7116,0
20101221,11.01,11.01,10.85,10.95,23974,0
20101222,10.95,11,10.94,11,5116,0
20101223,11,11.05,10.9,11,6519,0
20101227,11,11,10.82,10.86,13991,0
20101228,10.82,10.95,10.82,10.82,19365,0
20101229,10.83,10.91,10.82,10.91,2257,0
20101230,10.91,11.05,10.83,11.03,3633,0
20101231,11.15,11.15,11.04,11.04,1583,0
20110103,11,11,10.77,10.99,4182,0
20110104,11,11,10.84,10.98,9235,0
20110105,11,11.05,10.78,10.85,11317,0
20110107,10.95,10.95,10.66,10.8,5050,0
20110110,10.7,10.7,10.47,10.47,9830,0
20110111,10.55,10.55,10.15,10.42,17912,0
20110112,10.41,10.49,10.3,10.33,6571,0
20110113,10.35,10.54,10.33,10.33,10972,0
20110114,10.53,10.53,10.32,10.47,2532,0
20110117,10.55,10.55,10.24,10.4,6918,0
20110118,10.55,10.55,10.27,10.3,12557,0
20110119,10.28,10.49,10.28,10.29,12737,0
20110120,10.28,10.4,10.27,10.32,4356,0
20110121,10.32,10.45,10.15,10.45,7288,0
20110124,10.49,10.5,10.33,10.5,4138,0
20110125,10.5,10.5,10.35,10.4,3836,0
20110126,10.48,10.71,10.38,10.6,5969,0
20110127,10.5,10.73,10.45,10.72,9139,0
20110128,10.55,10.85,10.5,10.64,8709,0
20110131,10.51,10.55,10.4,10.5,3579,0
20110201,10.06,10.34,10,10.14,47414,0
20110202,10.28,10.29,10.05,10.22,8428,0
20110203,10.29,10.39,10.23,10.38,7509,0
20110204,10.25,10.5,10.25,10.42,5421,0
20110207,10.47,11,10.47,10.93,27106,0
20110208,10.96,10.96,10.66,10.91,9522,0
20110209,10.8,10.8,10.5,10.66,4823,0
20110210,10.66,10.66,10.29,10.59,7428,0
20110211,10.58,10.58,10.31,10.49,7084,0
20110214,10.59,10.59,10.45,10.57,4414,0
20110215,10.56,10.56,10.39,10.54,3155,0
20110216,10.52,10.6,10.46,10.59,8524,0
20110217,10.6,10.94,10.57,10.71,7234,0
20110218,10.72,10.93,10.71,10.93,10880,0
20110221,10.9,10.93,10.7,10.88,5559,0
20110222,10.88,10.88,10.61,10.79,1761,0
20110223,10.7,10.8,10.6,10.78,4852,0
20110224,10.78,10.8,10.7,10.8,4551,0
20110225,10.84,11.54,10.84,11.44,38646,0
20110228,11.55,11.55,10.75,11.26,12355,0
20110301,11.44,11.44,10.86,11.16,6756,0
20110302,11.16,11.42,11.11,11.42,17667,0
20110303,11.47,11.47,11.19,11.47,3847,0
20110304,11.45,11.45,10.98,10.99,17411,0
20110307,10.99,10.99,10.6,10.86,11382,0
20110308,10.9,10.95,10.86,10.9,4476,0
20110309,10.9,10.9,10.7,10.84,3723,0
20110310,10.71,10.72,10.51,10.54,9665,0
20110311,10.5,10.83,10.5,10.8,3053,0
20110314,10.85,10.95,10.7,10.85,3408,0
20110315,10.71,10.8,10.3,10.7,6859,0
20110316,10.7,10.72,10.5,10.7,2862,0
20110317,10.5,10.72,10.5,10.71,2095,0
20110318,10.72,10.85,10.48,10.7,1201,0
20110321,10.84,10.84,10.6,10.7,1543,0
20110322,10.7,10.79,10.58,10.79,1623,0
20110323,10.46,10.75,10.43,10.69,3770,0
20110324,10.69,10.69,10.42,10.68,4516,0
20110325,10.68,10.68,10.53,10.63,693,0
20110328,10.63,10.63,10.48,10.62,3215,0
20110329,10.47,10.59,10.44,10.59,1884,0
20110330,10.55,10.65,10.49,10.65,6068,0
20110331,10.65,10.7,10.48,10.7,4492,0
20110401,10.65,10.88,10.6,10.6,6193,0
20110404,10.57,10.86,10.51,10.65,4163,0
20110405,10.6,10.79,10.6,10.62,5557,0
20110406,10.6,10.75,10.55,10.75,5973,0
20110407,10.74,10.74,10.4,10.51,17326,0
20110408,10.52,10.59,10.4,10.46,4877,0
20110411,10.49,10.49,10.36,10.44,2925,0
20110412,10.44,10.5,10.4,10.45,8812,0
20110413,10.46,10.46,10.19,10.25,12329,0
20110414,10.21,10.3,10.21,10.3,1685,0
20110415,10.3,10.3,10.26,10.27,6280,0
20110418,10.48,10.48,9.91,10.1,11202,0
20110419,10,10.05,9.88,9.97,7010,0
20110420,9.97,10.2,9.97,10.08,9418,0
20110421,10.1,10.1,9.88,10,4414,0
20110426,10.1,10.1,9.9,10.02,2855,0
20110427,10.15,10.15,9.98,10.08,1275,0
20110428,10.08,10.1,9.99,10.09,4939,0
20110429,10.1,10.1,9.99,10.01,4243,0
20110502,10.16,10.47,10.14,10.4,23276,0
20110504,10.49,10.58,10.3,10.35,7269,0
20110505,10.39,10.39,10.05,10.05,6163,0
20110506,9.92,10.09,9.9,10.09,8243,0
20110509,10.05,10.1,10,10.09,4158,0
20110510,10.09,10.09,9.95,9.96,3028,0
20110511,9.97,10.09,9.96,10.09,5163,0
20110512,9.96,10.02,9.7,10.02,10392,0
20110513,10.08,10.08,9.9,9.9,3699,0
20110516,9,9.2,8.7,8.97,67370,0
20110517,8.97,8.97,8.35,8.58,26911,0
20110518,8.59,8.59,8.44,8.58,5915,0
20110519,8.63,8.63,8.51,8.61,5284,0
20110520,8.62,8.62,8.57,8.61,4707,0
20110523,8.6,8.6,8.45,8.48,7206,0
20110524,8.55,8.55,8.44,8.5,2182,0
20110525,8.49,8.49,8.35,8.35,20444,0
20110526,8.4,8.4,8.28,8.32,11432,0
20110527,8.3,8.3,8,8.25,23511,0
20110530,8.21,8.79,8.2,8.6,7645,0
20110531,8.61,8.61,8.5,8.5,6794,0
20110601,8.5,8.5,8.3,8.4,3671,0
20110602,8.59,8.95,8.59,8.73,15392,0
20110603,8.8,9.68,8.8,9.49,45070,0
20110606,9.6,9.6,9.15,9.21,9333,0
20110607,9.44,9.44,9.22,9.4,2328,0
20110608,9.26,9.3,9,9,6360,0
20110609,9.2,9.2,8.95,9.14,2239,0
20110610,9,9.05,8.91,9.05,641,0
20110613,9.05,9.24,8.95,8.95,2417,0
20110614,8.91,8.91,8.6,8.89,4669,0
20110615,8.4,8.8,8.4,8.5,6731,0
20110616,8.59,8.72,8.42,8.47,3678,0
20110617,8.47,8.47,8.3,8.35,6941,0
20110620,8.4,8.49,8.22,8.34,4277,0
20110621,8.35,8.45,8.09,8.35,8037,0
20110622,8.34,8.34,8.1,8.32,2714,0
20110624,8.32,8.34,8.26,8.34,2529,0
20110627,8.25,8.25,8.05,8.12,7271,0
20110628,8.12,8.27,8.06,8.27,1829,0
20110629,8.28,8.43,8.19,8.25,4100,0
20110630,8.4,8.5,8.23,8.37,8534,0
20110701,8.37,8.54,8.32,8.54,5870,0
20110704,8.53,8.54,8.45,8.5,3300,0
20110705,8.5,8.5,8.24,8.3,3957,0
20110706,8.37,8.37,8.25,8.25,1606,0
20110707,8.3,8.3,8.05,8.12,2994,0
20110708,8.3,8.3,8.08,8.25,1007,0
20110711,8.15,8.15,7.75,7.8,6925,0
20110712,7.78,7.88,7.16,7.87,9425,0
20110713,7.8,7.95,7.8,7.95,2901,0
20110714,7.95,7.95,7.9,7.9,4298,0
20110715,7.95,7.95,7.81,7.89,738,0
20110718,7.9,7.9,7.72,7.72,9033,0
20110719,7.7,7.81,7.53,7.75,5413,0
20110720,7.53,7.79,7.52,7.6,5548,0
20110721,7.59,7.69,7.44,7.6,3210,0
20110722,7.44,7.65,7.44,7.52,2984,0
20110725,7.51,7.51,7.11,7.32,6181,0
20110726,7.32,7.35,7.2,7.2,5495,0
20110727,7.32,7.47,7.1,7.25,6629,0
20110728,7.25,7.25,7.12,7.18,3531,0
20110729,7.38,7.38,7.15,7.34,2402,0
20110801,7.37,7.37,7.1,7.25,6065,0
20110802,7.2,7.23,7.1,7.1,3487,0
20110803,7.1,7.21,6.7,6.85,12562,0
20110804,6.85,6.9,6.3,6.34,14834,0
20110805,6.3,6.3,5.9,6.21,25201,0
20110808,6.01,6.34,5.71,5.9,10495,0
20110809,5.6,5.98,5.1,5.6,17343,0
20110810,5.97,5.97,5.3,5.59,15942,0
20110811,5.31,5.64,5.26,5.6,18967,0
20110812,5.6,5.87,5.6,5.81,12743,0
20110816,5.89,6.45,5.82,6,19065,0
20110817,6.01,6.15,6,6,8712,0
20110818,6,6,5,5.53,13034,0
20110819,5.12,5.63,5.1,5.61,11362,0
20110822,5.6,5.84,5.6,5.77,3728,0
20110823,5.8,5.8,5.6,5.7,14255,0
20110824,5.8,5.8,5.68,5.68,1550,0
20110825,5.65,5.7,5.63,5.7,933,0
20110826,5.78,5.78,5.61,5.7,2370,0
20110829,5.8,6.7,5.8,6.3,18715,0
20110830,6.3,6.53,6.2,6.21,16671,0
20110831,6.41,6.41,6.11,6.11,33127,0
20110901,5.99,6.29,5.81,6.29,9726,0
20110902,6.14,6.14,5.82,5.95,5971,0
20110905,5.58,5.8,5.55,5.58,9659,0
20110906,5.5,5.8,5.5,5.75,1582,0
20110907,5.6,5.84,5.6,5.84,2514,0
20110908,5.89,5.91,5.84,5.84,4716,0
20110909,5.84,5.86,5.75,5.86,2587,0
20110912,5.86,5.86,5.55,5.55,2363,0
20110913,5.85,5.85,5.55,5.64,5435,0
20110914,5.62,5.63,5.58,5.62,1861,0
20110915,5.64,5.64,5.5,5.64,3709,0
20110916,5.85,5.85,5.5,5.51,5955,0
20110919,5.64,5.64,5.16,5.58,3570,0
20110920,5.56,6.1,5.56,6.1,10624,0
20110921,6,6,5.88,5.99,6960,0
20110922,5.6,5.99,5.4,5.99,20596,0
20110923,5.98,6.05,5.4,5.99,27816,0
20110926,5.94,5.94,5.59,5.91,6445,0
20110927,5.9,5.9,5.55,5.55,19259,0
20110928,5.65,5.65,5.17,5.42,11662,0
20110929,5.15,5.36,4.91,5.34,11160,0
20110930,5.2,5.22,5.1,5.1,4457,0
20111003,5.05,5.13,4.9,4.95,8300,0
20111004,4.99,5.15,4.88,5,4471,0
20111005,5.01,5.35,5.01,5.3,10473,0
20111006,5.17,5.36,5.17,5.22,41479,0
20111007,5.37,5.39,5.09,5.22,14930,0
20111010,5.25,5.3,5.15,5.17,13821,0
20111011,5.2,5.22,5.03,5.19,13018,0
20111012,5.11,5.2,5,5.16,14026,0
20111013,5.17,5.17,5.04,5.14,9474,0
20111014,5.06,5.17,4.92,5.17,22536,0
20111017,5.17,5.25,5.15,5.2,29820,0
20111018,5.15,5.37,5.15,5.26,16173,0
20111019,5.36,5.5,5.17,5.25,296955,0
20111020,5.26,5.26,5.07,5.2,123018,0
20111021,5.26,5.26,5.08,5.2,27711,0
20111024,5.28,5.28,4.91,5.06,25550,0
20111025,5.09,5.18,5.09,5.15,15687,0
20111026,5.14,5.14,5.08,5.08,8728,0
20111027,5.18,5.18,5.06,5.16,9932,0
20111028,5.16,5.16,5.07,5.07,39908,0
20111031,5.08,5.93,5.08,5.9,262043,0
20111102,5.56,5.98,5.56,5.71,78838,0
20111103,5.71,5.96,5.48,5.68,37158,0
20111104,5.68,5.68,5.26,5.35,76699,0
20111107,5.3,5.59,5.3,5.42,40597,0
20111108,5.5,5.65,5.5,5.6,19261,0
20111109,5.55,5.55,5.27,5.27,18435,0
20111110,5.35,5.43,5.2,5.42,28625,0
20111114,5.43,5.77,5.43,5.63,23710,0
20111115,5.68,5.95,5.51,5.94,41055,0
20111116,5.83,6.38,5.83,6.35,94786,0
20111117,6.5,6.66,6.22,6.63,152189,0
20111118,6.66,6.66,6.43,6.43,32515,0
20111121,6.55,6.55,6.2,6.29,30056,0
20111122,6.19,6.38,6.03,6.2,21297,0
20111123,6.19,6.2,5.85,5.9,37106,0
20111124,5.88,6.01,5.83,5.99,15292,0
20111125,5.96,6.25,5.96,6.25,20798,0
20111128,6.25,6.54,6.16,6.53,23280,0
20111129,6.46,6.79,6.45,6.73,32991,0
20111130,6.74,6.76,6.6,6.62,90478,0
20111201,6.62,6.62,6.5,6.5,15932,0
20111202,6.46,6.76,6.46,6.53,23129,0
20111205,6.61,6.89,6.61,6.85,70090,0
20111206,6.8,6.87,6.7,6.8,24424,0
20111207,6.8,6.85,6.7,6.77,9997,0
20111208,6.69,6.77,6.33,6.51,27290,0
20111209,6.48,6.48,6.06,6.34,29921,0
20111212,6.28,6.38,5.94,5.94,40312,0
20111213,5.93,6.14,5.41,5.66,34341,0
20111214,5.78,6.08,5.5,6.03,29575,0
20111215,5.8,6.19,5.8,6.03,30581,0
20111216,6.04,6.04,5.87,5.97,6157,0
20111219,6.02,6.02,5.62,5.67,11623,0
20111220,5.62,5.62,5.5,5.59,13796,0
20111221,5.59,5.59,5.5,5.52,13997,0
20111222,5.52,5.59,5.5,5.59,10113,0
20111223,5.51,5.65,5.42,5.44,20830,0
20111227,5.47,5.56,5.3,5.49,22056,0
20111228,5.5,5.57,5.4,5.56,10295,0
20111229,5.56,5.6,5.46,5.47,9128,0
20111230,5.47,5.5,5.45,5.5,4023,0
20120102,5.59,5.7,5.54,5.69,3264,0
20120103,5.61,5.65,5.37,5.62,17229,0
20120104,5.61,5.61,5.5,5.59,5048,0
20120105,5.58,5.58,5.46,5.54,5035,0
20120109,5.46,5.57,5.4,5.5,4839,0
20120110,5.41,5.55,5.41,5.53,5807,0
20120111,5.63,5.75,5.6,5.71,15927,0
20120112,5.71,6.15,5.71,6.1,19822,0
20120113,6.09,6.09,5.8,5.94,16081,0
20120116,5.81,6.07,5.7,6.03,25240,0
20120117,6.03,6.35,6.03,6.28,27800,0
20120118,6.33,6.34,6.05,6.19,22860,0
20120119,6.19,6.37,6,6.34,27547,0
20120120,6.39,6.75,6.34,6.7,110129,0
20120123,6.74,6.86,6.62,6.84,42140,0
20120124,6.76,6.84,6.62,6.7,14719,0
20120125,6.6,6.7,6.53,6.64,14362,0
20120126,6.64,7.47,6.57,7.25,89815,0
20120127,7.4,7.58,7.25,7.38,32048,0
20120130,7.38,7.38,7.16,7.29,16682,0
20120131,7.3,7.3,7.04,7.1,48057,0
20120201,7.1,7.25,6.95,7.09,28423,0
20120202,7.08,7.28,6.91,7.26,16308,0
20120203,7.24,7.26,7.1,7.25,3541,0
20120206,7.11,7.24,6.9,7.11,38213,0
20120207,7.22,7.22,6.92,7.1,8565,0
20120208,7.1,7.32,7,7.31,12487,0
20120209,7.31,7.47,7.15,7.31,20276,0
20120210,7.29,7.29,7.05,7.16,12370,0
20120213,7.2,7.35,7.12,7.26,5076,0
20120214,7.3,7.42,7.3,7.4,2961,0
20120215,7.42,7.55,7.4,7.54,18747,0
20120216,7.58,7.58,7.08,7.27,38017,0
20120217,7.28,7.38,7.1,7.29,66830,0
20120220,7.29,7.42,7.29,7.42,23163,0
20120221,7.45,8.1,7.3,8.09,77297,0
20120222,8.06,8.34,7.7,7.85,37443,0
20120223,7.89,7.99,7.57,7.94,33072,0
20120224,7.98,8.34,7.98,8.15,44063,0
20120227,8.26,8.26,7.8,8.12,34259,0
20120228,8.14,8.14,7.97,8.01,26270,0
20120229,7.92,8.18,7.91,8.15,10696,0
20120301,8.5,8.94,8.43,8.75,78339,0
20120302,8.7,9.39,8.61,9.22,44552,0
20120305,9.25,9.4,8.89,9.04,33116,0
20120306,9.02,9.02,8.31,8.5,38741,0
20120307,8.16,9.3,8,9.3,43737,0
20120308,9.4,9.99,9.4,9.85,58486,0
20120309,9.9,9.98,9.8,9.88,17085,0
20120312,9.8,9.87,9.3,9.6,27983,0
20120313,9.65,9.65,9.3,9.35,17622,0
20120314,9.55,9.55,9,9.13,34465,0
20120315,9.1,9.3,9.03,9.19,12690,0
20120316,9.13,9.27,9.06,9.18,9041,0
20120319,9.28,9.68,9.26,9.64,47866,0
20120320,9.7,9.7,9.4,9.59,15411,0
20120321,9.59,9.59,9.23,9.35,7143,0
20120322,9.25,9.58,8.8,9.58,72642,0
20120323,9.4,10.18,9.31,10.17,59246,0
20120326,10.24,10.43,10.15,10.4,80926,0
20120327,10.53,10.57,10.25,10.38,22068,0
20120328,10.49,10.49,10.25,10.35,12694,0
20120329,10.34,10.35,10.05,10.15,8142,0
20120330,10.04,10.47,9.97,10.35,14804,0
20120402,10.4,10.4,10.28,10.35,13769,0
20120403,10.3,10.3,10.11,10.19,6138,0
20120404,10.09,10.31,9.8,9.8,22790,0
20120405,9.67,9.93,9.56,9.91,16721,0
20120410,9.66,9.89,8.8,9.89,30825,0
20120411,9.7,9.7,9.25,9.64,8659,0
20120412,9.35,9.79,9.09,9.76,9572,0
20120413,9.76,9.76,9.4,9.67,23705,0
20120416,9.73,9.74,9.3,9.39,4716,0
20120417,9.12,9.33,9.1,9.29,18005,0
20120418,9.3,9.35,8.5,8.91,62344,0
20120419,8.8,9,8.7,8.89,46842,0
20120420,8.66,8.75,8.44,8.75,42222,0
20120423,8.75,8.75,7.72,7.95,35742,0
20120424,7.95,7.95,7.68,7.8,18003,0
20120425,7.86,8.35,7.81,8.33,37044,0
20120426,8.44,8.45,8.26,8.35,5307,0
20120427,8.34,8.46,8.21,8.46,5591,0
20120430,8.33,8.52,8.32,8.49,6971,0
20120502,8.5,8.66,8.4,8.44,35369,0
20120504,8.44,8.98,8.4,8.98,9903,0
20120507,8.77,9.3,8.5,9.3,5806,0
20120508,9.3,9.31,9.11,9.29,7721,0
20120509,9.29,9.3,8.74,9.1,23124,0
20120510,8.82,9.26,8.76,8.76,13577,0
20120511,9.52,9.99,8.92,9.6,65857,0
20120514,9.75,9.75,9.02,9.35,24232,0
20120515,9.25,9.49,9.1,9.2,21610,0
20120516,9.07,9.07,8.64,9.07,25985,0
20120517,8.94,9.06,8.59,8.75,18522,0
20120518,8.5,8.84,8.5,8.84,7379,0
20120521,8.94,9.1,8.81,9.05,6739,0
20120522,8.9,9.09,8.9,8.99,2325,0
20120523,8.98,9.09,8.8,9.08,21438,0
20120524,9.1,9.15,8.83,9.15,36818,0
20120525,9,9.19,8.95,9.17,4289,0
20120528,8.87,9.2,8.87,9.18,3321,0
20120529,9.1,9.28,9.01,9.28,2542,0
20120530,9.18,9.2,9.02,9.19,4906,0
20120531,9,9,8.81,8.99,6328,0
20120601,8.82,9,8.1,8.33,10985,0
20120604,8.15,8.2,7.56,8,42568,0
20120605,7.75,8,7.41,7.41,16275,0
20120606,7.56,7.93,7.56,7.93,6941,0
20120608,7.74,8.4,7.74,8.4,6270,0
20120611,8.49,8.75,8.34,8.7,5082,0
20120612,8.41,8.7,8.02,8.7,3134,0
20120613,8.7,8.95,8.17,8.95,15486,0
20120614,8.52,8.6,8.41,8.44,16162,0
20120615,8.41,8.54,8.28,8.28,8120,0
20120618,8.5,8.5,8.15,8.25,7254,0
20120619,8.45,8.49,8.07,8.48,7807,0
20120620,8.77,8.77,8.48,8.76,5211,0
20120621,8.76,8.88,8.5,8.65,3453,0
20120622,8.5,8.7,8.4,8.6,656,0
20120625,8.8,8.8,8.3,8.45,3708,0
20120626,8.31,8.7,8.31,8.7,5670,0
20120627,8.68,8.7,8.6,8.7,11967,0
20120628,8.7,8.8,8.6,8.72,15960,0
20120629,8.72,8.78,8.53,8.59,3883,0
20120702,8.56,8.75,8.55,8.55,2552,0
20120703,8.72,8.72,8.55,8.69,1096,0
20120704,8.75,8.75,8.55,8.59,4820,0
20120705,8.6,8.74,8.55,8.69,5413,0
20120706,8.68,9.06,8.68,8.99,11115,0
20120709,9.13,9.13,9.01,9.13,6147,0
20120710,9.01,9.13,8.83,9.13,2626,0
20120711,9.13,9.19,8.92,9.19,8083,0
20120712,9.17,9.19,8.92,9.05,6697,0
20120713,9.13,9.2,8.86,9.2,5967,0
20120716,9.19,9.19,8.8,9.16,5976,0
20120717,8.93,9.17,8.93,9.07,6272,0
20120718,8.94,8.94,8.4,8.8,10352,0
20120719,8.56,8.75,8.56,8.75,1223,0
20120720,8.9,9,8.52,8.8,6167,0
20120723,8.52,8.52,8.16,8.3,12249,0
20120724,8.41,8.5,8.37,8.5,7241,0
20120725,8.55,8.55,8.32,8.55,6231,0
20120726,8.45,8.64,8.45,8.62,2470,0
20120727,8.65,8.85,8.65,8.84,5726,0
20120730,8.87,8.87,8.7,8.8,4934,0
20120731,8.68,8.81,8.6,8.65,26498,0
20120801,8.65,8.65,8.37,8.62,3704,0
20120802,8.46,8.61,8.28,8.28,19630,0
20120803,8.25,8.36,8.24,8.28,5002,0
20120806,8.49,8.49,7.85,8.15,14610,0
20120807,8.2,8.27,7.97,8.17,8887,0
20120808,8.23,8.38,8.08,8.25,4532,0
20120809,8.35,8.37,8.22,8.3,5211,0
20120810,8.15,8.6,8.15,8.6,4667,0
20120813,8.64,8.98,8.37,8.97,5891,0
20120814,9.1,9.14,8.6,9.12,7856,0
20120816,9.13,9.15,8.82,9,14836,0
20120817,9,9.1,8.95,9,13965,0
20120820,8.95,9.7,8.95,9.7,24092,0
20120821,9.8,9.8,9.62,9.75,17854,0
20120822,9.61,9.74,9.61,9.74,3062,0
20120823,9.53,9.76,9.49,9.75,5630,0
20120824,9.68,9.8,9.67,9.67,7110,0
20120827,9.78,9.9,9.75,9.81,5634,0
20120828,9.8,9.88,9.55,9.82,3151,0
20120829,9.62,10.45,9.62,10.3,28490,0
20120830,10.38,10.61,10.04,10.4,29256,0
20120831,10.35,10.62,10.1,10.45,42511,0
20120903,10.69,10.79,10.47,10.68,18674,0
20120904,10.79,10.79,10.45,10.68,11771,0
20120905,10.69,10.92,10.47,10.92,25477,0
20120906,10.95,11.19,10.9,11.14,80176,0
20120907,11.15,11.35,11.14,11.34,12610,0
20120910,11.38,11.5,10.91,11.28,15497,0
20120911,11.27,11.32,11.12,11.28,5949,0
20120912,11.28,11.46,10.91,10.91,13131,0
20120913,10.9,11.04,10.55,10.8,12558,0
20120914,11.3,11.47,11,11.3,38889,0
20120917,11.35,11.5,11.21,11.37,10053,0
20120918,11.38,11.38,11.11,11.29,14192,0
20120919,11.3,11.37,11.2,11.3,16029,0
20120920,11.29,11.32,10.82,11.15,21889,0
20120921,11.12,11.15,10.91,11.15,3003,0
20120924,11.35,12.94,11.35,12.5,137987,0
20120925,12.65,12.65,12.41,12.5,41581,0
20120926,12.41,12.41,11.95,12.4,15996,0
20120927,12.39,12.39,11.8,12.02,15369,0
20120928,11.9,11.9,11.65,11.7,17084,0
20121001,11.69,12.16,11.67,11.82,13397,0
20121002,11.82,12.45,11.82,12.43,64287,0
20121003,12.5,13.2,12.5,12.99,52364,0
20121004,13.05,13.1,12.72,13.1,3676,0
20121005,13.1,13.12,12.83,13.09,20531,0
20121008,12.96,13.66,12.76,13.58,20836,0
20121009,13.51,13.89,13.2,13.69,11970,0
20121010,13.5,13.63,13.33,13.5,2031,0
20121011,13.5,13.5,12.92,13.2,12361,0
20121012,13.01,13.15,12.9,13.07,5846,0
20121015,12.96,13.03,12.11,12.12,26116,0
20121016,12,12.69,11.75,12.5,27582,0
20121017,12.5,12.93,12.27,12.5,7424,0
20121018,12.5,12.68,11.95,12.39,14385,0
20121019,12.3,12.3,11.9,11.99,5879,0
20121022,11.9,11.99,11.3,11.99,24225,0
20121023,11.42,12.19,11.42,11.98,16068,0
20121024,11.8,11.98,11.55,11.98,3036,0
20121025,12,12.49,12,12.46,5378,0
20121026,12.26,12.65,12.26,12.52,5831,0
20121029,12.6,12.65,12.32,12.45,3309,0
20121030,12.31,12.65,12.31,12.65,7329,0
20121031,12.84,13,12.73,12.98,7324,0
20121102,13,13.45,13,13.2,12302,0
20121105,13.2,13.25,13.06,13.1,5867,0
20121106,13.19,13.2,12.82,13.1,13996,0
20121107,13.09,13.1,12.83,13.09,7421,0
20121108,13.09,13.09,12.81,13.08,4803,0
20121109,12.9,13.01,12.83,13.01,2406,0
20121112,12.99,13.04,12.89,13,2428,0
20121113,13.01,13.5,12.95,13.5,13278,0
20121114,13.65,13.7,13.5,13.62,13923,0
20121115,13.8,13.99,13.6,13.9,35801,0
20121116,13.97,13.97,13.72,13.94,18125,0
20121119,13.95,15,13.94,14.98,41134,0
20121120,14.88,14.95,14.66,14.82,15344,0
20121121,14.8,14.8,14.31,14.69,11908,0
20121122,14.57,14.57,14.31,14.56,13990,0
20121123,14.4,14.55,14.12,14.13,16365,0
20121126,14.2,14.3,14.01,14.19,9185,0
20121127,14.27,14.28,13.9,14.24,9980,0
20121128,14.24,14.25,14.02,14.25,11186,0
20121129,14.39,14.85,14.21,14.65,16533,0
20121130,14.8,14.8,14.5,14.6,15325,0
20121203,14.98,15,14.68,14.79,18130,0
20121204,14.81,14.9,14.66,14.8,9080,0
20121205,14.75,14.85,14.6,14.72,13460,0
20121206,14.7,14.7,14.2,14.43,20557,0
20121207,14.27,14.47,14.27,14.47,2957,0
20121210,14.41,14.8,14.26,14.8,4364,0
20121211,14.75,14.99,14.66,14.96,12681,0
20121212,14.97,15.6,14.91,15.59,29777,0
20121213,15.49,15.6,15.33,15.45,11000,0
20121214,15.3,15.45,15.1,15.2,9626,0
20121217,15.1,15.19,14.76,14.97,22007,0
20121218,15,15,14.72,14.84,12265,0
20121219,14.8,14.8,14.52,14.6,15880,0
20121220,14.51,14.51,13.21,13.8,57850,0
20121221,13.9,14.42,13.43,14.41,58927,0
20121227,14.44,15.1,14.44,14.87,17725,0
20121228,14.95,15,14.87,14.95,7351,0
20130102,14.91,15.1,14.83,14.89,13587,0
20130103,15,15,14.3,14.9,26929,0
20130104,14.89,14.95,14.63,14.88,6967,0
20130107,14.9,14.9,14.5,14.69,10479,0
20130108,14.69,14.69,14.42,14.6,7470,0
20130109,14.36,14.5,14.25,14.35,13537,0
20130110,14.32,14.32,13.9,14,19579,0
20130111,14.3,14.47,14.15,14.35,4472,0
20130114,14.35,14.5,13.92,14,17440,0
20130115,13.25,13.74,13.25,13.48,43055,0
20130116,13.57,13.75,13.33,13.74,10812,0
20130117,13.89,13.95,13.58,13.69,10664,0
20130118,13.58,13.58,12.5,13.33,47745,0
20130121,13.32,13.56,13.32,13.5,17270,0
20130122,13.6,13.97,13.51,13.6,17426,0
20130123,13.76,13.89,13.55,13.86,6921,0
20130124,13.86,14.1,13.42,14.09,18747,0
20130125,13.99,14.06,13.7,13.81,12761,0
20130128,13.8,13.95,13.51,13.9,10118,0
20130129,14.03,14.47,13.7,14.05,25625,0
20130130,14.05,14.38,13.95,14,15552,0
20130131,13.93,14.19,13.76,14,10826,0
20130201,14.12,14.17,13.9,13.99,15749,0
20130204,14.15,14.15,13.74,13.85,16464,0
20130205,13.7,14.34,13.7,13.95,17268,0
20130206,13.98,14,13.75,13.76,10448,0
20130207,13.76,13.93,13.5,13.68,3116,0
20130208,13.68,13.68,13.52,13.55,7063,0
20130211,13.57,13.67,13.3,13.3,12191,0
20130212,13.39,13.39,12.5,12.69,23863,0
20130213,12.65,13.1,12.65,12.87,16597,0
20130214,13.23,13.38,13,13.19,12086,0
20130215,13.19,13.19,12.62,13.09,19616,0
20130218,13.09,13.1,12.88,12.96,12035,0
20130219,12.96,13,12.85,12.92,4254,0
20130220,12.99,13.2,12.9,13.14,7074,0
20130221,13.14,13.14,12.9,13,13176,0
20130222,13.16,13.18,13.01,13.15,10153,0
20130225,13.14,13.15,12.98,13.12,11272,0
20130226,13.04,13.05,12.93,13,9220,0
20130227,13.05,13.4,13.05,13.2,31619,0
20130228,13.24,13.4,13.13,13.25,29989,0
20130301,13.59,13.78,13.3,13.4,28153,0
20130304,12.95,13,12.22,12.35,72682,0
20130305,12.35,12.35,11.97,12.03,56832,0
20130306,12.03,12.14,11.81,12,61894,0
20130307,11.9,11.95,11.65,11.93,39706,0
20130308,11.9,11.92,11.72,11.9,23307,0
20130311,11.85,12.7,11.85,12.18,78993,0
20130312,12.3,12.32,11.8,11.8,62451,0
20130313,11.79,11.85,11.33,11.66,28138,0
20130314,11.61,11.87,11.61,11.69,16310,0
20130315,11.7,11.7,11.32,11.4,18692,0
20130318,11.4,11.46,10.42,11,55776,0
20130319,10.76,11.06,10.76,10.92,14665,0
20130320,10.94,11.4,10.94,11.35,12851,0
20130321,11.38,11.45,10.95,11.09,12688,0
20130322,10.9,11.03,10.54,10.8,28153,0
20130325,10.8,11.1,10.61,10.61,30671,0
20130326,10.55,10.8,9.67,10.03,59164,0
20130327,10,10.23,9.86,10.1,37028,0
20130328,10.35,11.29,10.32,10.93,27449,0
20130402,10.66,11.11,10.6,10.78,15761,0
20130403,10.7,10.89,10.05,10.1,17502,0
20130404,10.1,10.29,9.9,10.1,9755,0
20130405,10.19,10.25,10.1,10.2,4112,0
20130408,10.2,10.6,10.2,10.4,6978,0
20130409,10.47,10.75,10.4,10.75,8010,0
20130410,10.7,11.44,10.7,11.39,18897,0
20130411,11.34,11.67,11.2,11.67,12554,0
20130412,11.7,11.74,11.36,11.7,14754,0
20130415,11.46,11.79,11.08,11.35,6933,0
20130417,11.5,11.5,10.8,10.89,9581,0
20130418,10.75,10.85,9.91,10.71,13028,0
20130419,10.8,11.23,10.45,10.9,8918,0
20130422,10.91,10.94,10.6,10.94,4594,0
20130423,10.5,10.9,10.5,10.9,6946,0
20130424,11,11,10.7,10.99,6045,0
20130425,10.98,10.99,10.25,10.92,7264,0
20130426,10.92,10.95,10.75,10.89,7756,0
20130429,10.9,10.9,10.7,10.89,4665,0
20130430,10.9,10.9,10.8,10.9,5394,0
20130502,10.85,10.99,10.75,10.99,6943,0
20130506,10.99,11.44,10.99,11.43,3225,0
20130507,11.64,12,11.44,11.96,13688,0
20130508,12.09,12.25,12.04,12.25,11171,0
20130509,12.2,12.25,11.45,12.15,11464,0
20130510,12.14,12.39,12.07,12.34,9482,0
20130513,12.43,12.43,12.2,12.3,9697,0
20130514,12.3,12.39,12.2,12.39,11552,0
20130515,12.4,12.4,12.29,12.32,6196,0
20130516,12.7,13.07,12.7,12.9,35638,0
20130517,12.98,13.09,12.7,12.7,7065,0
20130520,12.7,13.03,12.55,12.97,12666,0
20130521,13,13.55,12.72,13.55,37321,0
20130522,13.55,13.77,13.35,13.4,46699,0
20130523,13.27,13.3,12.9,13,14879,0
20130524,13.3,13.3,13.04,13.05,7198,0
20130527,13.03,13.26,12.95,13.25,6650,0
20130528,13.24,13.6,13.05,13.5,12292,0
20130529,13.5,13.52,13.35,13.5,1982,0
20130531,13.5,13.55,13.32,13.5,7067,0
20130603,13.4,13.6,13.26,13.59,3918,0
20130604,13.59,14.07,13.5,14.05,27531,0
20130605,14,14.45,13.91,14.45,25942,0
20130606,14.44,14.58,14.3,14.55,12952,0
20130607,14.41,14.55,14.28,14.48,3376,0
20130610,14.54,14.54,13.65,13.97,19683,0
20130611,13.65,13.7,13.38,13.45,17208,0
20130612,13.23,13.75,12.81,13.6,30953,0
20130613,13.59,13.86,13.57,13.8,11063,0
20130614,13.83,13.83,13.41,13.81,8702,0
20130617,13.81,13.88,13.5,13.6,5169,0
20130618,13.75,13.77,13.5,13.69,5823,0
20130619,13.69,13.69,13.4,13.6,7574,0
20130620,13.54,13.54,12.75,12.76,13796,0
20130621,12.7,12.98,12.31,12.5,19254,0
20130624,12.75,12.75,12.15,12.21,3762,0
20130625,12.16,12.53,12,12.33,9745,0
20130626,12.32,12.46,12.01,12.46,4459,0
20130627,12.7,12.9,12.2,12.32,4508,0
20130628,12.32,12.32,11.55,12.15,5341,0
20130701,12.3,12.45,12.11,12.4,3922,0
20130702,12.19,12.94,12.19,12.65,7918,0
20130703,12.97,12.99,12.76,12.95,4296,0
20130704,12.8,13.1,12.8,13.1,2977,0
20130705,13.15,13.2,12.97,13.12,4872,0
20130708,13.12,13.2,12.55,12.71,7706,0
20130709,12.8,12.84,12.55,12.7,5259,0
20130710,12.61,13.2,12.61,13.19,2622,0
20130711,13.19,13.24,13.05,13.22,4500,0
20130712,13.2,13.2,12.96,13.18,2168,0
20130715,13.19,13.19,13.12,13.19,1401,0
20130716,13.19,13.25,12.75,13.19,4978,0
20130717,13.22,13.22,13,13.2,5945,0
20130718,13.23,13.24,12.99,13.24,10691,0
20130719,13.24,13.25,12.99,13.25,4864,0
20130722,13.25,13.5,13.21,13.45,8001,0
20130723,13.5,14,13.42,13.99,23143,0
20130724,14,14.4,13.62,14.26,16605,0
20130725,14.23,14.25,14,14,6875,0
20130726,13.9,13.9,13.58,13.8,1598,0
20130729,13.75,13.99,13.7,13.99,6195,0
20130730,13.93,14.19,13.61,13.95,6654,0
20130731,13.93,14.15,13.52,14.15,6508,0
20130801,14.2,14.2,13.97,14.16,3565,0
20130802,14.15,14.35,14.03,14.2,17971,0
20130805,14.2,14.35,14.2,14.34,6859,0
20130806,14.34,14.34,14.2,14.34,5411,0
20130807,14.15,14.33,14,14.2,7163,0
20130808,14.2,14.29,14.01,14.25,7423,0
20130809,14.28,14.28,13.9,14.14,9822,0
20130812,14.13,14.25,14.01,14.2,9845,0
20130813,14.19,14.24,14.16,14.2,16865,0
20130814,14.28,14.3,14.16,14.17,10004,0
20130816,14.17,14.17,14.01,14.16,8745,0
20130819,14.1,14.1,13.82,13.99,7671,0
20130820,13.95,14.05,13.85,14.05,12359,0
20130821,14.1,14.1,13.98,14,2484,0
20130822,14,14.15,14,14.14,10682,0
20130823,14.1,14.1,13.87,13.99,2157,0
20130826,13.89,14,13.85,14,8234,0
20130827,13.96,13.96,13.83,13.83,6358,0
20130828,13.7,13.7,13.25,13.45,17005,0
20130829,13.27,13.5,13.27,13.38,4055,0
20130830,13.5,13.5,13.1,13.47,5558,0
20130902,13.47,13.89,13.47,13.88,10298,0
20130903,13.88,14.15,13.88,14.11,13848,0
20130904,14.1,14.1,13.42,13.7,7435,0
20130905,13.85,13.85,12.48,13.21,14640,0
20130906,13.2,13.5,13.2,13.42,1149,0
20130909,13.42,13.78,13.35,13.45,4652,0
20130910,13.75,13.75,13.3,13.65,4173,0
20130911,13.68,13.85,13.4,13.85,5693,0
20130912,13.83,13.84,13.55,13.84,3981,0
20130913,13.88,14.02,13.76,14,3922,0
20130916,14.1,14.55,13.45,14.5,25732,0
20130917,14.51,15.4,14.51,15.36,35984,0
20130918,15.4,15.4,15.15,15.35,30242,0
20130919,15.5,15.6,15.32,15.32,8305,0
20130920,15.3,15.3,14.69,14.69,10465,0
20130923,14.8,14.8,14,14.21,14870,0
20130924,14.1,14.4,14.1,14.4,5442,0
20130925,14.4,14.93,14.4,14.69,8469,0
20130926,14.67,14.79,14.51,14.55,2954,0
20130927,14.79,15.32,14.74,15.24,31732,0
20130930,15.29,15.32,15.01,15.28,14793,0
20131001,15.3,15.9,14.93,15.9,17563,0
20131002,15.95,16.29,15.71,16.26,18408,0
20131003,16.3,16.3,16.25,16.25,17522,0
20131004,16.25,16.5,16.2,16.35,11199,0
20131007,16.35,16.4,16,16.4,4905,0
20131008,16.02,16.1,15.77,15.98,2309,0
20131009,15.87,15.87,15.12,15.7,7968,0
20131010,15.87,16.2,15.87,16.2,6447,0
20131011,16.2,16.32,16,16.3,6166,0
20131014,16.3,16.3,15.7,15.71,4992,0
20131015,15.7,15.93,15.5,15.8,28146,0
20131016,16,16.21,16,16.1,11017,0
20131017,16.3,16.58,16.3,16.5,13070,0
20131018,16.5,16.5,16.3,16.48,7347,0
20131021,16.41,16.41,16.16,16.16,1401,0
20131022,16.26,16.5,16.24,16.36,4240,0
20131023,16.44,16.44,16.06,16.33,3757,0
20131024,16.3,16.3,15.65,15.92,8160,0
20131025,16,16,15.75,15.86,4537,0
20131028,15.86,16.22,15.83,16,6424,0
20131029,16,16.22,15.85,15.95,3434,0
20131030,15.95,15.95,15.8,15.8,1198,0
20131031,15.8,15.8,14.76,15.13,10821,0
20131104,15.2,15.58,15.2,15.2,3932,0
20131105,15.2,15.31,15.05,15.2,3952,0
20131106,15.2,15.2,14.94,15.15,4141,0
20131107,15.2,15.22,14.9,14.9,4920,0
20131108,14.83,15.26,14.83,15.26,3274,0
20131112,15.3,15.69,15.3,15.5,3133,0
20131113,15.5,15.5,15.1,15.29,3064,0
20131114,15.48,15.48,14.95,15.45,1372,0
20131115,14.56,14.99,14.25,14.89,30283,0
20131118,14.92,15.7,14.92,15.68,19936,0
20131119,15.61,15.61,15.17,15.17,11187,0
20131120,15.2,15.35,15.1,15.25,14242,0
20131121,15.3,15.35,15.16,15.19,4741,0
20131122,15.48,15.48,15.13,15.13,16443,0
20131125,15.3,15.59,15.11,15.11,9568,0
20131126,15.33,15.33,15.03,15.03,7870,0
20131127,15,15.1,14.7,14.98,12649,0
20131128,14.98,14.98,14.6,14.89,12733,0
20131129,14.85,14.87,14.6,14.87,6953,0
20131202,14.89,14.89,14.62,14.73,2907,0
20131203,14.6,14.65,14.4,14.4,8214,0
20131204,14.32,14.5,14,14.17,24377,0
20131205,14.91,14.91,14.2,14.2,4926,0
20131206,14.5,14.8,14.21,14.8,3606,0
20131209,14.7,14.95,14.7,14.88,3945,0
20131210,14.98,15,14.81,15,6444,0
20131211,14.86,15.29,14.86,15.29,5943,0
20131212,15.19,15.3,14.73,14.73,5123,0
20131213,14.97,14.99,14.6,14.98,1533,0
20131216,14.98,14.99,14.7,14.9,660,0
20131217,14.92,15.09,14.55,14.55,28825,0
20131218,14.55,14.88,14.55,14.68,1113,0
20131219,14.55,14.58,14.09,14.09,12261,0
20131220,14.25,14.4,13.85,14.09,12837,0
20131223,14,14.7,13.97,14.33,6435,0
20131227,14.12,14.49,14.12,14.49,680,0
20131230,14.06,14.42,13.77,14,6191,0
20140102,14.16,14.35,14.16,14.24,1334,0
20140103,14.35,14.7,14.35,14.35,2728,0
20140107,14.3,14.34,14.08,14.2,2279,0
20140108,14.5,14.5,14.2,14.42,3937,0
20140109,14.3,14.5,14.2,14.25,4480,0
20140110,14.21,14.3,13.99,14.2,6229,0
20140113,14.35,14.41,14.3,14.3,1150,0
20140114,14.41,14.41,14.1,14.2,3045,0
20140115,14.41,14.46,14.2,14.46,1208,0
20140116,14.48,14.48,14.2,14.29,1475,0
20140117,14.4,14.45,14.12,14.4,12067,0
20140120,14.5,14.5,14.3,14.4,3136,0
20140121,14.4,14.64,14.38,14.53,4869,0
20140122,14.65,14.76,14.56,14.69,8020,0
20140123,14.66,14.9,14.66,14.88,9921,0
20140124,14.95,14.99,14.76,14.76,5105,0
20140127,14.7,14.8,14.32,14.78,11357,0
20140128,14.84,14.98,14.84,14.97,7828,0
20140129,14.97,15.3,14.97,15.27,20230,0
20140130,15.2,15.35,14.6,15.35,9138,0
20140131,14.9,15.4,14.9,15.4,25049,0
20140203,15.21,15.68,15.21,15.68,13111,0
20140204,15.7,15.88,15.68,15.81,13161,0
20140205,15.85,17.4,15.85,17.33,77336,0
20140206,17.32,18.19,17,18,36008,0
20140207,17.85,18.35,17.61,18.21,35127,0
20140210,18.3,18.8,18.18,18.59,31608,0
20140211,18.35,18.44,17.21,17.71,20837,0
20140212,17.5,18.35,17.5,17.52,5168,0
20140213,17.55,17.69,17.19,17.5,7032,0
20140214,17.55,17.84,17.41,17.84,2902,0
20140217,17.9,18.05,17.85,17.85,3285,0
20140218,17.97,17.97,17.3,17.45,4219,0
20140219,17.03,17.45,16.7,17.38,6857,0
20140220,17.2,17.2,17.01,17.2,2839,0
20140221,17.49,17.49,17.02,17.02,998,0
20140224,17.3,18.15,17.15,18.1,11898,0
20140225,18.21,18.21,17.84,18,14394,0
20140226,18.09,18.61,17.86,17.86,24085,0
20140227,17.86,18.35,17.86,18,12975,0
20140228,18.3,18.3,17.99,18.03,6087,0
20140303,17.8,17.8,16.61,16.99,37207,0
20140304,16.91,17.49,16.91,17.49,4960,0
20140305,17.81,17.81,17.39,17.39,3635,0
20140306,17.5,17.5,16.64,17,10399,0
20140307,17,17,16.85,17,5711,0
20140310,17,17.09,17,17.08,3849,0
20140311,17.05,17.29,17,17.29,2857,0
20140312,17.29,17.33,17,17.28,52141,0
20140313,17.69,17.69,16.88,16.88,1080,0
20140314,16.4,16.4,15.4,16.2,129181,0
20140317,16.02,16.8,16.02,16.75,5664,0
20140318,16.71,17.31,16.71,17.04,16031,0
20140319,17.11,17.26,16.8,17.25,13502,0
20140320,17.15,17.9,17,17.89,4876,0
20140321,17.89,18,17.4,18,7785,0
20140324,18,18,17.5,17.55,2287,0
20140325,17.55,17.6,17.51,17.53,3523,0
20140326,17.55,17.89,17.44,17.89,6299,0
20140327,17.97,17.97,17.58,17.58,1012,0
20140328,17.45,17.55,17.4,17.55,3185,0
20140331,17.79,17.79,17.42,17.44,5769,0
20140401,17.42,17.92,17.42,17.88,697,0
20140402,17.9,18,17.54,17.55,18686,0
20140403,17.85,17.98,17.68,17.98,1955,0
20140404,17.98,18,17.53,17.53,9485,0
20140407,17.91,17.91,17.53,17.54,1799,0
20140408,17.56,17.79,17.55,17.79,1802,0
20140409,17.79,18.05,17.55,18.02,8450,0
20140410,18.16,18.29,18.1,18.25,13004,0
20140411,18.09,18.38,18.09,18.35,9641,0
20140414,18.39,18.55,17.8,18.3,7569,0
20140415,17.8,18.29,17.8,17.95,3778,0
20140416,18.26,18.26,17.5,17.6,3569,0
20140417,17.77,17.77,17.01,17.46,6519,0
20140422,17.77,17.88,17.49,17.86,2410,0
20140423,17.79,17.87,17.01,17.01,2148,0
20140424,17.01,17.45,16.47,16.99,7740,0
20140425,17.33,17.33,16.5,16.97,167,0
20140428,16.76,16.97,16.48,16.96,1077,0
20140429,16.9,16.99,16.75,16.98,2281,0
20140430,16.55,17.16,16.55,17.16,1567,0
20140502,17.15,17.97,17,17.97,7672,0
20140505,17.42,17.98,17.42,17.7,2402,0
20140506,17.65,17.69,17.22,17.48,4201,0
20140507,17.23,17.44,16.5,16.72,9884,0
20140508,16.72,16.85,16.47,16.67,4311,0
20140509,16.67,16.89,15.5,16.4,27551,0
20140512,16.54,16.55,16.25,16.55,583,0
20140513,16.55,16.95,16.54,16.95,2581,0
20140514,16.89,16.89,16.61,16.88,2744,0
20140515,16.89,16.9,16.61,16.85,5676,0
20140516,16.6,16.86,16.6,16.69,25438,0
20140519,16.69,16.69,16.3,16.3,2708,0
20140520,16.32,16.5,16.3,16.41,11444,0
20140521,16.74,16.95,16.56,16.82,81761,0
20140522,16.95,17.35,16.95,17.35,6511,0
20140523,17.39,17.79,17.36,17.46,3789,0
20140526,17.58,17.79,17.58,17.74,1125,0
20140527,17.22,17.49,17.15,17.15,1947,0
20140528,17.7,17.7,17.56,17.56,257,0
20140529,17.21,17.47,17.21,17.34,1188,0
20140530,17.21,17.4,17.21,17.4,2160,0
20140602,17.22,17.39,17.22,17.23,526,0
20140603,17.39,17.39,17.22,17.22,3419,0
20140604,17.22,17.22,17.1,17.19,851,0
20140605,17.35,17.35,16.79,17,7592,0
20140606,17.2,17.2,16.6,16.6,3712,0
20140609,17.19,17.19,16.6,17,1589,0
20140610,16.89,17.22,16.65,17.22,9088,0
20140611,17.19,17.22,16.75,17.11,3886,0
20140613,16.84,16.84,16.84,16.84,300,0
