Date,Open,High,Low,Close,Volume,OpenInt
20060818,14,35,11.4,12,432221,0
20060821,13,13.5,9.75,10.1,488910,0
20060822,9.5,9.8,9.15,9.35,128329,0
20060823,9.35,9.6,8.75,9,164221,0
20060824,9.1,9.7,8.65,9.2,240499,0
20060825,9.15,9.15,8.7,8.75,50346,0
20060828,8.8,8.8,8.6,8.75,12142,0
20060829,8.6,9.4,8.6,9.1,33968,0
20060830,9.1,9.1,8.85,9,23605,0
20060831,9.05,9.05,8.7,8.75,9852,0
20060901,8.8,8.8,8.5,8.5,24619,0
20060904,8.5,8.7,7.9,8.48,34243,0
20060905,8.5,8.5,8.3,8.38,11617,0
20060906,8.4,8.4,8.2,8.24,13615,0
20060907,8.4,8.4,8.2,8.3,10462,0
20060908,8.6,9.49,8.5,8.8,163596,0
20060911,9.22,9.22,8.6,8.9,26731,0
20060912,9.15,9.38,8.8,9,60361,0
20060913,9.33,9.33,9,9.19,14577,0
20060914,9.15,9.15,9,9.11,16920,0
20060915,8.9,8.95,8.6,8.8,28388,0
20060918,8.8,9,8.45,9,23630,0
20060919,8.99,8.99,8.61,8.63,11502,0
20060920,8.7,8.7,8.35,8.51,11399,0
20060921,8.35,8.49,8.26,8.42,12002,0
20060922,8.4,8.4,8.15,8.18,8749,0
20060925,8.3,8.59,8.21,8.4,4368,0
20060926,8.48,8.48,7.6,8.24,22953,0
20060927,8.12,8.24,7.86,7.98,44397,0
20060928,8.1,8.1,7.68,8,32562,0
20060929,8,8,7.9,7.99,8360,0
20061002,8.1,8.1,7.9,8,6240,0
20061003,8,8,7.67,7.75,11842,0
20061004,7.68,7.8,7.5,7.79,17073,0
20061005,7.79,7.79,7.61,7.64,8907,0
20061006,7.6,7.99,7.5,7.99,26836,0
20061009,7.64,7.93,7.56,7.8,112427,0
20061010,7.9,8.15,7.77,8.14,137198,0
20061011,8.17,8.47,8.01,8.14,204889,0
20061012,8.14,8.35,8.06,8.14,113265,0
20061013,8.21,8.34,8.13,8.15,131287,0
20061016,8.23,8.23,7.91,8,55363,0
20061017,7.91,7.95,7.6,7.89,93908,0
20061018,7.99,8.65,7.97,8.5,389764,0
20061019,8.58,8.59,8.25,8.42,81547,0
20061020,8.45,8.7,8.35,8.55,116753,0
20061023,8.55,8.67,8.4,8.46,127654,0
20061024,8.45,8.53,8.31,8.45,81764,0
20061025,8.32,8.49,8.31,8.39,61299,0
20061026,8.37,8.86,8.37,8.72,270514,0
20061027,8.6,8.82,8.56,8.56,105413,0
20061030,8.41,8.41,8.05,8.18,114420,0
20061031,8.2,8.25,8.03,8.18,89895,0
20061102,8.25,8.35,8.11,8.14,57600,0
20061103,8.14,8.3,8.13,8.3,46601,0
20061106,8.25,8.3,7.8,8.12,70627,0
20061107,8.18,8.18,7.9,8.1,80652,0
20061108,8.14,8.14,7.92,8.01,59366,0
20061109,8.15,8.25,8.03,8.15,82058,0
20061110,8.12,8.19,7.91,7.91,123723,0
20061113,8,8.09,7.7,7.89,44216,0
20061114,7.95,8.13,7.95,8.12,43502,0
20061115,8.37,8.55,8.12,8.45,273988,0
20061116,8.44,8.78,8.35,8.68,175627,0
20061117,8.68,9.09,8.6,8.63,327063,0
20061120,8.75,8.79,8.45,8.65,102357,0
20061121,8.7,9.1,8.65,9,153602,0
20061122,9.1,9.25,9.06,9.09,219442,0
20061123,9.24,9.24,8.89,8.9,56933,0
20061124,8.9,8.94,8.51,8.57,121493,0
20061127,8.57,8.7,8.5,8.6,53863,0
20061128,8.55,8.61,8.53,8.55,70728,0
20061129,8.6,8.72,8.57,8.6,30411,0
20061130,8.6,9.02,8.6,8.75,76781,0
20061201,8.89,8.89,8.61,8.66,30695,0
20061204,8.6,8.89,8.56,8.89,67372,0
20061205,9.05,9.1,8.72,8.8,142748,0
20061206,8.65,8.75,8.61,8.66,56073,0
20061207,8.61,8.8,8.51,8.72,98085,0
20061208,8.72,9.1,8.65,9,217481,0
20061211,9.15,9.25,9.03,9.09,120663,0
20061212,9.11,9.63,9.06,9.4,164355,0
20061213,9.51,11.19,9.51,10.8,636085,0
20061214,10.85,10.93,9.83,9.83,539832,0
20061215,9.83,9.92,8.5,9.25,304924,0
20061218,9.49,9.74,9.3,9.36,100541,0
20061219,9.36,9.36,8.65,8.71,85453,0
20061220,8.62,8.99,8.3,8.51,130481,0
20061221,8.51,8.71,8.25,8.31,78505,0
20061222,8.22,8.5,8.1,8.12,116193,0
20061227,8.3,8.75,8.3,8.75,45256,0
20061228,8.77,8.84,8.62,8.84,21109,0
20061229,8.8,8.87,8.6,8.67,47924,0
20070102,8.67,8.67,8.45,8.53,27922,0
20070103,8.64,8.7,8.39,8.46,33030,0
20070104,8.4,8.4,8.11,8.3,42038,0
20070105,8.29,8.5,8.15,8.35,32615,0
20070108,8.3,8.46,8.3,8.45,25069,0
20070109,8.4,8.48,8.32,8.38,27028,0
20070110,8.37,8.4,8.35,8.35,24703,0
20070111,8.44,8.59,8.35,8.5,87017,0
20070112,8.52,8.7,8.5,8.5,43342,0
20070115,8.61,8.69,8.41,8.58,55999,0
20070116,8.58,8.66,8.4,8.65,63362,0
20070117,8.69,9.19,8.62,9,119587,0
20070118,9.08,9.75,8.92,9.5,246134,0
20070119,9.55,9.55,9.1,9.2,55859,0
20070122,9.2,9.72,9.09,9.28,173707,0
20070123,9.28,9.9,9.28,9.84,173686,0
20070124,9.93,10.6,9.93,10.25,358107,0
20070125,10.25,10.45,10.02,10.25,129934,0
20070126,10.1,10.17,9.5,10.07,91048,0
20070129,10,10.01,9.57,9.96,66385,0
20070130,9.71,9.95,9.71,9.89,18492,0
20070131,9.71,9.8,9.51,9.57,44969,0
20070201,9.65,10,9.57,9.76,60929,0
20070202,9.88,9.88,9.6,9.63,20875,0
20070205,9.52,10.25,9.5,10.2,72321,0
20070206,10.2,10.84,10.17,10.7,172214,0
20070207,10.7,10.83,10.4,10.74,104857,0
20070208,10.7,10.7,9.9,9.9,90287,0
20070209,9.85,10.2,9.85,10.18,70919,0
20070212,10.18,10.18,9.82,9.94,32023,0
20070213,9.85,10.24,9.85,10.04,60150,0
20070214,10.35,10.35,9.95,10.3,33669,0
20070215,10,10.3,9.55,9.9,58378,0
20070216,9.9,10,9.71,9.9,21895,0
20070219,9.9,10.05,9.76,9.9,29568,0
20070220,9.9,10.2,9.9,10.2,48931,0
20070221,10.01,10.2,9.9,10,119273,0
20070222,9.99,10.2,9.95,9.95,140367,0
20070223,9.96,10,9.81,10,50245,0
20070226,9.95,9.95,9.69,9.7,75096,0
20070227,9.65,9.65,9.21,9.21,59591,0
20070228,8.7,9.15,8.6,9.15,80215,0
20070301,9.43,9.45,8.7,9.08,58733,0
20070302,9.1,9.3,8.96,9.25,44382,0
20070305,8.94,8.99,8.6,8.68,81544,0
20070306,8.99,8.99,8.6,8.7,62500,0
20070307,8.75,8.9,8.5,8.51,38257,0
20070308,8.54,8.65,8.25,8.65,165796,0
20070309,8.8,8.9,8.66,8.8,67000,0
20070312,9.12,9.12,8.9,9,27773,0
20070313,9.05,9.05,8.76,8.95,11006,0
20070314,8.5,8.75,8.5,8.73,23485,0
20070315,8.75,9.04,8.71,8.96,35482,0
20070316,9,9,8.6,8.95,32236,0
20070319,9,9.23,9,9.1,53798,0
20070320,9.15,9.15,8.75,9.1,25674,0
20070321,8.95,9.55,8.95,9.5,98722,0
20070322,9.59,9.94,9.56,9.87,224917,0
20070323,10.35,11,10.02,10.9,629267,0
20070326,11,11.45,11,11.2,452387,0
20070327,11.01,11.3,11,11.14,172261,0
20070328,11.12,11.12,10.45,10.8,168162,0
20070329,10.86,12.99,10.86,12.2,447179,0
20070330,12.25,12.75,11.84,12.19,163948,0
20070402,11.99,12.48,11.5,12.2,79035,0
20070403,12.2,12.87,12.06,12.5,103035,0
20070404,12.98,13.15,12.54,12.77,146790,0
20070405,12.87,12.87,12.02,12.1,45193,0
20070410,12.02,12.25,11.65,11.91,94461,0
20070411,11.8,12,11.55,11.73,52095,0
20070412,11.79,11.79,10.7,10.86,96536,0
20070413,11.12,11.79,10.8,10.99,93900,0
20070416,10.99,11.04,10.6,10.8,57932,0
20070417,10.85,11.15,10.5,10.85,46960,0
20070418,10.99,10.99,10.6,10.75,39808,0
20070419,10.54,10.6,10.15,10.57,34257,0
20070420,10.58,11.8,10.5,11.79,101755,0
20070423,11.68,11.99,11.15,11.5,85643,0
20070424,11.7,11.7,11.2,11.47,34229,0
20070425,11.45,11.45,11.16,11.3,26813,0
20070426,11.4,11.8,11,11.4,56570,0
20070427,11.45,11.45,10.4,10.82,59816,0
20070430,10.94,11.25,10.62,11.24,30256,0
20070502,11.25,11.25,11.1,11.23,4979,0
20070504,11.23,11.48,11.1,11.1,13175,0
20070507,11.06,11.2,10.85,10.9,19523,0
20070508,10.85,10.85,9.81,10.05,106985,0
20070509,10.12,10.27,9.95,10.12,86514,0
20070510,10.05,10.25,9.9,9.9,44956,0
20070511,9.85,10,9.3,10,68887,0
20070514,10.35,10.65,10.34,10.5,66280,0
20070515,10.2,10.74,10.2,10.6,48385,0
20070516,10.2,10.77,10,10.06,41287,0
20070517,10.2,10.2,9.9,9.99,59725,0
20070518,9.81,10.19,9.75,10.05,88829,0
20070521,10.1,10.3,10,10.28,77644,0
20070522,10.35,10.35,10,10.05,19865,0
20070523,10.3,10.45,9.91,10.35,41661,0
20070524,10.25,10.68,10,10.68,46463,0
20070525,10.4,11.1,10.4,11.1,71800,0
20070528,11.3,11.77,11.3,11.69,76230,0
20070529,11.81,11.81,11.42,11.6,18907,0
20070530,11.3,11.35,10.93,10.96,40809,0
20070531,11.1,11.35,10.85,10.91,17534,0
20070601,10.87,11.25,10.87,11,25659,0
20070604,11,11,10.6,10.62,12406,0
20070605,10.55,10.99,10.51,10.7,4946,0
20070606,10.7,10.76,10.34,10.76,10560,0
20070608,10.6,10.65,10.35,10.58,11478,0
20070611,10.79,10.79,10.35,10.49,23867,0
20070612,10.48,10.5,10.37,10.48,10335,0
20070613,10.4,10.4,10.2,10.35,6498,0
20070614,10.48,10.5,10.15,10.35,21590,0
20070615,10.48,10.5,10.21,10.4,22259,0
20070618,10.4,10.79,10.4,10.68,20947,0
20070619,10.5,10.65,10.35,10.4,18126,0
20070620,10.31,10.67,10.31,10.31,45431,0
20070621,10.3,10.44,10.3,10.44,14276,0
20070622,10.32,10.95,10.32,10.59,20088,0
20070625,10.59,10.59,10.3,10.34,22608,0
20070626,10.4,10.4,10.21,10.25,40916,0
20070627,10.3,11.27,10.25,10.85,229275,0
20070628,10.8,11.3,10.66,10.66,118124,0
20070629,11,11,10.45,10.65,33189,0
20070702,10.6,10.6,10.3,10.36,38516,0
20070703,10.35,10.5,10.3,10.44,35963,0
20070704,10.44,10.69,10.27,10.5,21686,0
20070705,10.59,10.6,10.43,10.5,14546,0
20070706,10.5,11,10.5,10.88,80019,0
20070709,11,11,10.65,10.72,17178,0
20070710,10.55,10.8,10.55,10.7,12282,0
20070711,10.6,10.6,10.3,10.45,131721,0
20070712,10.7,10.7,10.45,10.57,14645,0
20070713,10.72,11.35,10.72,11.1,218150,0
20070716,11.48,11.48,10.73,10.99,96339,0
20070717,10.7,11.4,10.7,11,38858,0
20070718,11.06,11.5,11,11.5,103946,0
20070719,11.62,11.85,11.45,11.45,59601,0
20070720,11.4,11.6,11.25,11.34,18313,0
20070723,11.39,11.39,11.2,11.38,13772,0
20070724,11.38,11.72,11.3,11.43,58819,0
20070725,11.39,11.39,10.8,11.23,41930,0
20070726,11,11.25,10.43,10.9,62743,0
20070727,10.3,10.75,10.3,10.75,27713,0
20070730,10.84,10.84,10.3,10.65,113841,0
20070731,10.8,11.2,10.8,11.09,23961,0
20070801,10.9,11,10.21,10.61,17565,0
20070802,10.8,10.97,10.5,10.81,4390,0
20070803,11.05,11.05,10.6,10.99,47584,0
20070806,10.8,11,10.4,10.99,9887,0
20070807,11,11.14,10.72,10.98,9981,0
20070808,11.05,11.05,10.81,11,19353,0
20070809,11,11.2,10.82,11,126058,0
20070810,10.61,11,10.2,10.69,24411,0
20070813,10.73,11,10.5,10.94,8532,0
20070814,10.95,11,10.7,11,27196,0
20070816,10.7,11,9.7,10.8,76428,0
20070817,10.8,10.8,9.8,10.7,45552,0
20070820,11.11,11.11,10.5,10.6,22786,0
20070821,10.5,10.6,10,10.01,25467,0
20070822,10,10.3,9.81,10.19,23715,0
20070823,10.3,10.64,10.21,10.57,19850,0
20070824,10.49,10.49,10.1,10.42,15045,0
20070827,10.58,10.94,10.3,10.61,9230,0
20070828,10.7,10.78,10.49,10.68,21524,0
20070829,10.44,10.8,10.14,10.8,14138,0
20070830,10.8,10.82,10.5,10.5,17116,0
20070831,10.6,11,10.5,10.75,29474,0
20070903,10.8,10.8,10.65,10.74,3423,0
20070904,10.73,10.73,10.49,10.69,9588,0
20070905,10.71,10.71,10.45,10.64,12295,0
20070906,10.51,10.65,10.35,10.59,25340,0
20070907,10.61,10.7,10.46,10.5,43511,0
20070910,10.4,10.4,10.3,10.31,23185,0
20070911,10.5,10.59,10.35,10.5,14058,0
20070912,10.57,10.59,10.5,10.5,3452,0
20070913,10.57,10.83,10.57,10.8,10366,0
20070914,10.79,10.94,10.7,10.89,10148,0
20070917,10.87,10.87,10.7,10.79,3106,0
20070918,10.78,10.78,10.5,10.74,5674,0
20070919,11,11.38,10.82,11.1,132198,0
20070920,11.14,11.59,10.72,11.1,62827,0
20070921,11.02,11.1,11,11.09,28707,0
20070924,10.82,10.95,10.8,10.82,36473,0
20070925,10.82,10.9,10.6,10.7,18130,0
20070926,10.94,11,10.6,10.6,57667,0
20070927,10.9,10.9,10.65,10.8,10799,0
20070928,10.8,10.8,10.61,10.8,12779,0
20071001,10.8,10.99,10.69,10.69,21055,0
20071002,10.94,10.94,10.61,10.61,11924,0
20071003,10.6,10.88,10.44,10.51,4461,0
20071004,10.42,10.6,10.41,10.6,3950,0
20071005,10.43,10.5,10.35,10.49,22383,0
20071008,10.4,10.78,10.4,10.5,10525,0
20071009,10.79,10.79,10.5,10.64,19078,0
20071010,10.76,10.76,10.3,10.36,10396,0
20071011,10.45,10.45,10.1,10.11,43227,0
20071012,10.39,10.39,10.01,10.22,15940,0
20071015,10.4,10.6,10.21,10.24,15580,0
20071016,10.2,10.2,10,10.04,70226,0
20071017,10.1,10.4,10.1,10.31,7914,0
20071018,10.5,10.6,10.3,10.43,11296,0
20071019,10.3,10.42,10.3,10.35,845,0
20071022,10.01,10.2,9.87,10.14,30037,0
20071023,10.11,10.24,10,10.19,18796,0
20071024,10.8,10.8,10.3,10.4,33820,0
20071025,10.3,10.4,10.15,10.4,5586,0
20071026,10.2,10.4,10.08,10.4,3241,0
20071029,10.5,10.5,10.11,10.3,6070,0
20071030,10.4,10.4,10.17,10.2,7470,0
20071031,10.41,10.41,10.2,10.25,2036,0
20071102,10.15,10.25,10.15,10.25,3868,0
20071105,10.28,10.39,10.15,10.2,12365,0
20071106,10.3,10.3,9.96,10.18,12977,0
20071107,10.29,10.29,9.36,9.36,13394,0
20071108,8.45,9.29,8.01,9.29,22501,0
20071109,9.26,9.99,9,9.98,43271,0
20071112,9.98,9.98,9.29,9.9,1595,0
20071113,9.86,9.96,9.8,9.9,1573,0
20071114,9.48,9.88,9.3,9.88,39577,0
20071115,9.81,9.81,8.9,9,21404,0
20071116,9,9,8.42,8.94,11631,0
20071119,9.4,9.4,9,9,2290,0
20071120,9.02,9.02,8.6,8.9,6321,0
20071121,8.52,8.52,7.7,7.85,25502,0
20071122,7.65,8.38,6.6,7.65,171893,0
20071123,7.65,8.4,7.5,8,66844,0
20071126,8.17,8.2,7.84,8.14,21395,0
20071127,8,8.1,7.8,8,17850,0
20071128,8.14,8.14,7.8,8,24617,0
20071129,8.33,8.4,7.66,8.2,39441,0
20071130,8.23,8.25,8.2,8.25,8939,0
20071203,8.25,8.25,8.1,8.15,4945,0
20071204,8.15,8.15,7.81,7.99,6775,0
20071205,7.98,8.38,7.92,8.38,37962,0
20071206,8.49,8.7,8.28,8.28,6286,0
20071207,8.5,8.5,8.34,8.4,3121,0
20071210,8.7,8.7,8.21,8.26,12668,0
20071211,7.86,8.09,7.86,8,19655,0
20071212,7.39,8.01,7.39,8,40245,0
20071213,8,8.29,8,8,24223,0
20071214,8.1,8.12,7.95,8,8381,0
20071217,7.6,7.7,7.58,7.58,20068,0
20071218,7.5,7.58,7,7.56,43796,0
20071219,7.5,7.5,7.18,7.3,40804,0
20071220,7.23,7.3,6.95,7.1,123247,0
20071221,7.5,7.5,7.05,7.05,104342,0
20071227,7.11,7.74,7.11,7.6,32657,0
20071228,7.5,7.8,6,6,189863,0
20080102,6.7,7.2,6.65,6.93,80664,0
20080103,6.9,7.05,6.86,6.99,38797,0
20080104,7,7.1,6.8,6.8,26177,0
20080107,6.69,7.04,6.69,6.99,38412,0
20080108,7.03,7.46,7.03,7.29,83830,0
20080109,7.3,7.32,7.18,7.25,41947,0
20080110,7.31,7.37,6.7,7,21702,0
20080111,6.85,7.28,6.8,7.25,45889,0
20080114,7.45,7.45,7,7.1,33754,0
20080115,7.2,7.2,6.7,6.99,29273,0
20080116,6.61,6.75,6.33,6.55,35568,0
20080117,6.76,6.76,6.05,6.4,48927,0
20080118,6.16,6.35,6.1,6.35,35211,0
20080121,6.1,6.34,6.02,6.02,20920,0
20080122,5.8,6.03,5.8,6.03,24436,0
20080123,6.15,6.2,6,6,13260,0
20080124,6.15,6.45,6.12,6.45,14900,0
20080125,6.45,6.6,6.45,6.45,4341,0
20080128,6.34,6.34,6.11,6.3,9100,0
20080129,6.35,6.6,6.35,6.6,13873,0
20080130,6.6,6.7,6.5,6.7,39383,0
20080131,6.65,6.65,6.4,6.4,2251,0
20080201,6.64,6.65,6.5,6.5,9670,0
20080204,6.6,6.6,6.59,6.6,5993,0
20080205,6.59,6.59,6.2,6.2,14834,0
20080206,6,6.4,5.95,6.12,11245,0
20080207,6.1,6.2,6,6.15,3876,0
20080208,6.21,6.3,6.21,6.3,1119,0
20080211,6.3,6.3,6.3,6.3,90,0
20080212,6.3,6.6,6.3,6.58,10840,0
20080213,6.41,6.58,6.41,6.58,5353,0
20080214,6.6,6.6,6.47,6.58,1206,0
20080215,6.5,6.59,6.37,6.59,3488,0
20080218,6.59,6.66,6.44,6.66,3772,0
20080219,6.66,6.68,6.54,6.68,991,0
20080220,6.44,6.64,6.39,6.64,4931,0
20080221,6.64,6.79,6.64,6.79,2524,0
20080222,6.67,7,6.67,6.94,6095,0
20080225,6.94,7.01,6.87,6.95,6110,0
20080226,6.86,7,6.86,6.86,5640,0
20080227,6.87,6.87,6.86,6.86,3120,0
20080228,6.87,7.09,6.86,6.86,4110,0
20080229,6.88,7.16,6.71,6.71,3079,0
20080303,7,7,6.83,6.83,3617,0
20080304,6.88,6.88,6.5,6.66,3374,0
20080305,6.8,6.8,6.4,6.4,1998,0
20080306,6.49,6.5,6.29,6.45,3000,0
20080307,6.75,6.75,6.44,6.44,1315,0
20080310,6.5,6.5,6.39,6.39,2200,0
20080311,6.35,6.65,6.35,6.55,13554,0
20080312,6.55,6.55,6.27,6.28,6920,0
20080313,6.27,6.28,6.12,6.28,1550,0
20080314,6.3,6.5,6.21,6.49,11235,0
20080317,6.48,6.48,6.07,6.34,3352,0
20080318,6.22,6.4,6.11,6.4,3119,0
20080319,6.46,6.46,6.11,6.3,3101,0
20080320,6.3,6.57,6.3,6.45,17258,0
20080325,6.45,6.54,6.38,6.38,2904,0
20080326,6.41,6.7,6.41,6.68,872,0
20080327,6.7,6.7,6.52,6.53,10085,0
20080328,6.53,7.03,6.53,7.03,13420,0
20080331,7.1,7.1,7.02,7.02,980,0
20080401,7.04,7.1,6.82,6.82,1924,0
20080402,7,7,6.72,6.75,430,0
20080403,6.72,6.75,6.72,6.75,740,0
20080404,6.67,7,6.67,6.74,3720,0
20080407,7,7,6.82,6.82,7349,0
20080408,6.57,6.87,6.57,6.85,519,0
20080409,6.72,6.75,6.72,6.75,1423,0
20080410,6.75,6.75,6.55,6.74,2266,0
20080411,6.75,6.75,6.4,6.7,3641,0
20080414,6.65,6.65,6.64,6.64,138,0
20080415,6.69,6.7,6.5,6.7,544,0
20080416,6.69,6.69,6.3,6.68,20623,0
20080417,6.5,6.69,6.5,6.5,2505,0
20080418,6.3,6.6,6.3,6.6,5489,0
20080421,6.59,6.59,6.21,6.39,2600,0
20080422,6.2,6.25,6.15,6.15,3885,0
20080423,5.99,6.05,5.65,5.9,15431,0
20080424,6.11,6.17,5.96,6.17,2265,0
20080425,6.27,6.27,6.1,6.24,56573,0
20080428,6.39,6.39,5.92,5.92,4643,0
20080429,5.97,6.34,5.97,6.34,15331,0
20080430,6.34,6.39,6.04,6.39,2577,0
20080505,6.55,6.55,6.4,6.4,9013,0
20080506,6.5,6.55,6.41,6.41,12013,0
20080507,6.56,6.89,6.55,6.89,88533,0
20080508,6.88,7.15,6.88,7.03,26555,0
20080509,7.09,7.09,7,7.08,5100,0
20080512,7.08,7.08,6.8,7,12858,0
20080513,7,7,6.8,6.96,6017,0
20080514,6.93,7,6.71,7,69914,0
20080515,6.99,7.02,6.99,7.02,15671,0
20080516,7.05,7.05,6.9,7.02,15906,0
20080519,7,7,6.81,6.81,8107,0
20080520,6.85,6.85,6.7,6.7,5155,0
20080521,6.6,6.8,6.6,6.8,7426,0
20080523,6.85,6.89,6.6,6.89,524,0
20080526,6.88,7,6.75,6.99,42674,0
20080527,6.99,6.99,6.67,6.94,530,0
20080528,6.7,6.9,6.66,6.7,5069,0
20080529,6.89,6.89,6.65,6.87,2130,0
20080530,6.87,6.87,6.7,6.86,1012,0
20080602,6.88,6.9,6.63,6.63,34853,0
20080603,6.81,6.83,6.57,6.61,5410,0
20080604,6.75,6.75,6.55,6.6,3300,0
20080605,6.71,6.71,6.71,6.71,100,0
20080606,6.68,6.7,6.68,6.7,2228,0
20080609,6.61,6.61,6.61,6.61,24,0
20080610,6.76,6.76,6.39,6.69,2429,0
20080611,6.64,6.64,6.29,6.45,663,0
20080612,6.45,6.45,6.15,6.36,13598,0
20080613,6.5,6.53,6.5,6.53,2298,0
20080616,6.45,6.6,6.45,6.6,78883,0
20080617,6.7,6.87,6.5,6.8,8445,0
20080618,6.88,6.94,6.8,6.83,39165,0
20080619,6.88,6.88,6.8,6.8,13300,0
20080620,6.88,6.88,6.54,6.6,40757,0
20080623,6.8,6.8,6.6,6.7,419906,0
20080624,6.76,6.76,6.4,6.68,21670,0
20080625,6.42,6.69,6.26,6.53,8744,0
20080626,6.05,6.6,6.05,6.6,1200,0
20080627,6.33,6.33,6.33,6.33,1193,0
20080630,6.52,6.52,6.33,6.5,850,0
20080701,6.5,6.5,6.5,6.5,22,0
20080702,6.4,6.4,6.17,6.4,114,0
20080703,6.17,6.2,6,6,18653,0
20080704,6.15,6.15,5.8,5.99,9052,0
20080707,6,6,5.9,5.9,3484,0
20080708,5.98,5.98,5.65,5.65,16320,0
20080709,5.5,5.76,5.5,5.76,1811,0
20080710,5.86,5.86,5.52,5.52,18,0
20080711,5.85,5.85,5.6,5.61,3128,0
20080714,5.86,5.86,5.5,5.8,8786,0
20080715,5.86,5.86,5.49,5.68,24687,0
20080716,5.8,5.8,5.55,5.55,43,0
20080717,5.7,5.7,5.65,5.65,524,0
20080718,5.8,5.8,5.55,5.55,455,0
20080721,5.55,5.7,5.5,5.7,24230,0
20080722,5.56,5.7,5.52,5.7,2402,0
20080723,5.75,5.75,5.63,5.74,22157,0
20080724,5.7,5.7,5.6,5.69,4065,0
20080725,5.63,5.63,5.63,5.63,1483,0
20080728,5.8,5.8,5.8,5.8,70,0
20080729,5.79,5.79,5.49,5.79,20024,0
20080730,5.9,6,5.57,6,2476,0
20080731,5.8,5.8,5.71,5.71,368,0
20080801,5.73,5.73,5.5,5.7,4662,0
20080804,5.85,5.85,5.5,5.51,6539,0
20080805,5.9,5.9,5.62,5.62,1836,0
20080806,5.62,5.62,5.49,5.49,14310,0
20080807,5.62,5.62,5.5,5.5,13418,0
20080808,5.5,5.5,5.5,5.5,1000,0
20080811,5.64,5.64,5.49,5.49,7239,0
20080812,5.69,5.75,5.69,5.75,2553,0
20080813,5.59,5.88,5.5,5.86,5051,0
20080814,5.89,5.89,5.6,5.65,1213,0
20080818,5.89,5.89,5.86,5.86,56,0
20080819,5.85,5.85,5.6,5.6,23350,0
20080820,5.85,5.85,5.85,5.85,24,0
20080821,5.89,5.89,5.89,5.89,27,0
20080822,5.85,5.85,5.51,5.7,4551,0
20080825,5.68,5.68,5.54,5.61,3257,0
20080826,5.64,5.64,5.55,5.55,1025,0
20080827,5.6,5.6,5.49,5.49,4275,0
20080828,5.5,5.51,5.49,5.49,3000,0
20080829,5.51,6.6,5.46,6.3,15914,0
20080901,6.52,6.53,5.93,5.96,7097,0
20080902,6.39,6.39,5.96,6.05,1716,0
20080903,6.06,6.38,5.98,6.26,3233,0
20080904,6.4,6.4,6.06,6.16,3790,0
20080905,6.38,6.38,5.61,6,2246,0
20080908,6.03,6.1,5.83,6.1,9736,0
20080909,6.35,6.35,6.2,6.2,1860,0
20080910,6.2,6.2,5.67,6.2,4218,0
20080911,5.75,6.19,5.75,6.19,261,0
20080912,6.15,6.15,5.81,6.14,1843,0
20080915,6,6,5.64,5.88,2824,0
20080916,6.19,6.19,5.97,5.97,21,0
20080917,5.97,5.97,5.95,5.95,9304,0
20080918,5.8,5.8,5.52,5.8,606,0
20080919,5.7,5.7,5.6,5.7,1031,0
20080922,5.79,5.79,5.52,5.79,1135,0
20080923,5.77,5.77,5.23,5.33,12249,0
20080924,5.48,5.65,5.45,5.5,13873,0
20080925,5.5,5.5,5.39,5.5,2430,0
20080926,5.61,5.61,5.2,5.2,2860,0
20080929,5.61,5.7,5.17,5.7,6390,0
20080930,5.21,6.1,5.21,6.1,6937,0
20081001,5.71,6,5.66,5.93,2434,0
20081002,5.7,5.98,5.7,5.98,110,0
20081003,5.98,5.98,5.98,5.98,31,0
20081006,5.6,5.69,5.6,5.6,1528,0
20081007,5.69,5.69,5.3,5.3,60948,0
20081008,4.4,4.96,4.4,4.96,6584,0
20081009,4.97,4.97,4.75,4.75,450,0
20081010,4.6,4.7,4.5,4.5,3018,0
20081013,4.97,4.97,4.5,4.92,1060,0
20081014,4.97,4.97,4.7,4.7,2436,0
20081015,4.79,4.79,4.52,4.7,2142,0
20081016,4.69,4.69,4.38,4.66,1472,0
20081017,4.67,4.67,4.45,4.45,1712,0
20081020,4.55,4.55,4.33,4.33,1924,0
20081021,4.4,4.54,4.36,4.54,567,0
20081022,4.54,4.54,4.12,4.12,1891,0
20081023,4.25,4.25,3.71,3.71,2034,0
20081024,4.04,4.04,3.33,3.33,17045,0
20081027,3.31,3.5,3.31,3.5,3240,0
20081028,3.85,3.85,3.5,3.5,3564,0
20081029,3.79,3.98,3.5,3.5,2764,0
20081030,3.9,3.9,3.65,3.85,625,0
20081031,3.99,4.1,3.8,4,14544,0
20081103,4,4.4,4,4.02,5456,0
20081104,4.42,4.46,4.05,4.4,6611,0
20081105,4.6,4.69,4.36,4.36,7757,0
20081106,4.24,4.34,4.19,4.34,3520,0
20081107,4.4,4.4,3.67,3.71,13745,0
20081110,4.05,4.05,3.87,4,828,0
20081112,4,4,3.81,3.9,3062,0
20081113,3.9,3.9,3.9,3.9,21,0
20081114,3.9,3.9,3.89,3.89,230,0
20081117,3.89,3.91,3.55,3.91,4375,0
20081118,3.9,3.9,3.82,3.82,335,0
20081119,3.82,3.82,3.82,3.82,200,0
20081120,3.82,3.95,3.49,3.6,7984,0
20081121,3.56,3.66,3.56,3.66,2324,0
20081124,3.6,3.65,3.57,3.64,835,0
20081125,3.64,3.64,3.38,3.38,6102,0
20081126,3.48,3.48,3.38,3.38,1065,0
20081127,3.45,3.45,3.34,3.39,3553,0
20081128,3.32,3.4,3.32,3.39,519,0
20081201,3.51,3.51,3.22,3.38,3017,0
20081202,3.35,3.35,3.12,3.34,2407,0
20081203,3.33,3.33,3.07,3.07,2182,0
20081204,3.11,3.11,2.8,3.02,4420,0
20081205,2.9,2.9,2.76,2.79,8260,0
20081208,2.7,2.79,2.59,2.79,5489,0
20081209,2.91,2.91,2.69,2.69,3724,0
20081210,2.8,2.88,2.56,2.62,23865,0
20081211,2.8,2.8,2.5,2.6,10185,0
20081212,2.6,2.65,2.57,2.65,4075,0
20081215,2.64,2.64,2.55,2.6,3027,0
20081216,2.6,2.6,2.5,2.5,2833,0
20081217,2.45,2.5,2.45,2.5,501,0
20081218,2.3,2.5,2.15,2.5,17435,0
20081219,2.5,2.5,2.41,2.5,7251,0
20081222,2.16,2.43,2.16,2.25,5226,0
20081223,2.11,2.22,2.1,2.16,6177,0
20081229,2.37,2.37,2.15,2.36,10609,0
20081230,2.55,2.55,2.5,2.5,5990,0
20081231,2.54,2.69,2.54,2.69,21605,0
20090105,3.04,3.04,2.8,2.87,8283,0
20090106,2.83,2.85,2.67,2.67,7505,0
20090107,2.7,2.7,2.23,2.3,37737,0
20090108,2.3,2.39,2.2,2.2,134682,0
20090109,2.22,2.29,2.2,2.27,46011,0
20090112,2.3,2.3,2.23,2.24,49332,0
20090113,2.25,2.26,2.2,2.25,27220,0
20090114,2.35,2.35,2.24,2.24,42318,0
20090115,2.22,2.27,2.2,2.26,29831,0
20090116,2.25,2.3,2.21,2.3,30604,0
20090119,2.31,2.4,2.28,2.35,19268,0
20090120,2.37,2.37,2.28,2.36,12686,0
20090121,2.31,2.31,2.16,2.3,19082,0
20090122,2.21,2.3,2.21,2.29,9595,0
20090123,2.33,2.33,2.3,2.33,9747,0
20090126,2.3,2.34,2.28,2.34,17723,0
20090127,2.34,2.39,2.3,2.39,11418,0
20090128,2.3,2.36,2.3,2.36,4246,0
20090129,2.38,2.38,2.33,2.36,10583,0
20090130,2.36,2.36,2.36,2.36,25,0
20090202,2.36,2.36,2.31,2.31,4444,0
20090203,2.31,2.39,2.31,2.38,35245,0
20090204,2.38,2.41,2.35,2.41,6507,0
20090205,2.46,2.8,2.46,2.62,23634,0
20090206,2.66,2.7,2.6,2.7,10667,0
20090209,2.84,2.85,2.77,2.8,10321,0
20090210,2.85,3.57,2.85,3.42,69235,0
20090211,3.35,4.1,3.35,3.7,64528,0
20090212,3.86,3.99,3.48,3.49,31196,0
20090213,3.72,3.72,3.21,3.48,35020,0
20090216,3.58,3.58,3.1,3.18,11963,0
20090217,3.12,3.37,2.84,3.13,18567,0
20090218,3.26,3.33,3.05,3.29,13258,0
20090219,3.44,3.44,3.3,3.39,15246,0
20090220,3.34,3.36,3.2,3.26,34736,0
20090223,3,3.57,3,3.57,31000,0
20090224,3.57,3.74,3.44,3.47,43078,0
20090225,3.68,3.76,3.54,3.54,1909,0
20090226,3.63,3.68,3.57,3.68,36406,0
20090227,3.67,3.68,3.65,3.68,20443,0
20090302,3.67,3.79,3.37,3.72,10058,0
20090303,3.7,3.72,3.43,3.7,86611,0
20090304,3.7,3.75,3.45,3.75,215878,0
20090305,3.7,3.8,3.65,3.8,64865,0
20090306,3.6,3.8,3.6,3.8,4394,0
20090309,3.89,3.89,3.7,3.84,1095,0
20090310,4.06,4.07,3.97,4.04,27271,0
20090311,4.09,4.25,4.09,4.25,63451,0
20090312,3.83,4.16,3.83,3.93,9240,0
20090313,3.86,3.99,3.75,3.75,2208,0
20090316,3.75,4.02,3.75,4.02,3264,0
20090317,3.87,4.1,3.74,3.86,5461,0
20090318,4.06,4.18,3.88,4.01,15023,0
20090319,4.08,4.28,3.95,4.25,4124,0
20090320,4.27,4.27,4.05,4.2,2831,0
20090323,4.12,4.29,4.06,4.25,6032,0
20090324,4.3,4.35,4,4.1,681,0
20090325,4.19,4.27,4,4.1,1569,0
20090326,3.9,4.28,3.9,4.19,22576,0
20090327,4.19,4.3,4.02,4.2,10116,0
20090330,4.01,4.25,4.01,4.25,1375,0
20090331,4.2,4.5,4.02,4.31,237150,0
20090401,4.6,5.45,4.49,5.1,210416,0
20090402,5.06,5.12,4.81,5,140820,0
20090403,4.8,5.05,4.8,4.97,111661,0
20090406,5.05,5.07,5,5.05,21769,0
20090407,4.91,5.05,4.9,5,17714,0
20090408,5.07,5.07,4.9,5,7320,0
20090409,5.07,5.25,5,5,11351,0
20090414,5.16,5.58,5,5.58,388382,0
20090415,5.59,5.69,5.5,5.5,8030,0
20090416,5.5,6,5.5,5.74,23688,0
20090417,5.74,5.99,5.74,5.99,1333,0
20090420,5.98,5.98,5.46,5.46,32658,0
20090421,5.4,5.51,5.35,5.4,19623,0
20090422,4.95,5.9,4.95,5.51,2290,0
20090423,5.3,5.31,5.3,5.3,1645,0
20090424,5.02,5.44,5.02,5.44,3279,0
20090427,5.4,5.42,5.4,5.42,2653,0
20090428,5.2,5.42,5.2,5.4,4664,0
20090429,5.71,5.71,5.5,5.5,3650,0
20090430,5.56,5.56,5.3,5.56,342459,0
20090504,5.5,5.85,5.22,5.8,21701,0
20090505,5.31,5.71,5.31,5.46,13329,0
20090506,5.46,5.5,5.4,5.5,3620,0
20090507,5.7,5.7,5.37,5.37,5566,0
20090508,5.37,5.46,5.3,5.37,2153,0
20090511,5.56,5.65,5.26,5.33,22820,0
20090512,5.26,5.6,5.26,5.4,159441,0
20090513,5.4,5.51,5.29,5.51,9980,0
20090514,5.6,5.6,5.6,5.6,18,0
20090515,5.47,5.47,5.47,5.47,100,0
20090518,5.37,5.37,5,5.05,4857,0
20090519,4.65,5.5,4.65,5.45,17253,0
20090520,5.47,5.65,5.3,5.5,22637,0
20090521,5.36,5.5,5.22,5.5,28525,0
20090522,5.3,5.38,5.3,5.31,2103,0
20090525,5.48,5.48,4.95,5.19,4958,0
20090526,5.3,5.3,5.05,5.05,1686,0
20090527,5.35,5.35,5.22,5.32,5776,0
20090528,4.79,5.33,4.79,5.11,2391,0
20090529,5.02,5.38,5.02,5.38,1411,0
20090601,5.38,5.38,5.18,5.25,697,0
20090602,5.39,5.5,5.3,5.35,21651,0
20090603,5.45,5.5,5.35,5.5,3638,0
20090604,5.5,5.6,5.5,5.5,9266,0
20090605,5.45,5.65,5.45,5.51,2569,0
20090608,5.5,5.7,5.31,5.59,14848,0
20090609,5.7,6.2,5.7,5.98,20204,0
20090610,6.18,6.18,5.85,6,4242,0
20090612,5.99,6.13,5.99,6.13,668,0
20090615,5.99,6.08,5.99,6.08,108361,0
20090616,6.08,6.09,5.95,6.09,8619,0
20090617,6.09,6.09,5.9,6.09,7557,0
20090618,6.08,6.09,5.92,6.09,10008,0
20090619,6,6.08,5.76,6.08,2547,0
20090622,6.17,6.17,5.91,5.94,28608,0
20090623,5.85,6.1,5.85,5.91,4695,0
20090624,6.09,6.09,6,6,122,0
20090625,6.08,6.19,5.94,6.09,23176,0
20090626,6.18,6.18,6.04,6.04,700,0
20090629,6.19,6.19,5.7,5.8,5412,0
20090630,5.87,6,5.85,5.85,26482,0
20090701,6.1,6.12,6,6,18096,0
20090702,6.2,6.3,6,6.3,12136,0
20090703,6.35,6.35,6.01,6.05,14025,0
20090706,6.03,6.15,5.91,6.15,1551,0
20090707,6.15,6.25,6.15,6.15,55995,0
20090708,6.17,6.2,5.85,6,21350,0
20090709,6.25,6.25,6.2,6.2,5601,0
20090710,6.25,6.25,6,6.2,77404,0
20090713,5.7,6.1,5.7,6,3750,0
20090714,6.19,6.19,6.19,6.19,5,0
20090715,6.15,6.15,6.15,6.15,100,0
20090716,6.18,6.18,6.18,6.18,10,0
20090717,6,6.18,6,6.18,1002,0
20090720,6.18,6.18,6.18,6.18,10,0
20090721,6.15,6.15,6.05,6.05,410,0
20090722,6.1,6.1,5.88,5.88,1010,0
20090723,5.85,5.85,5.8,5.8,8510,0
20090724,6.03,6.03,5.96,5.96,1350,0
20090727,6.18,6.18,5.73,5.73,1605,0
20090728,5.71,5.84,5.71,5.84,360,0
20090729,5.7,5.77,5.5,5.77,2349,0
20090730,5.57,5.85,5.57,5.85,7828,0
20090731,5.9,6,5.85,6,5863,0
20090803,6,6,5.83,6,801,0
20090804,6,6.06,5.83,6.06,11892,0
20090805,6.09,6.09,6,6,18005,0
20090806,6.05,6.05,6.05,6.05,9,0
20090807,6,6,6,6,35431,0
20090810,5.99,5.99,5.83,5.98,535,0
20090811,5.98,5.98,5.95,5.95,15414,0
20090812,5.95,5.95,5.95,5.95,12,0
20090813,6,6,5.76,5.76,1215,0
20090814,5.95,5.95,5.69,5.94,1905,0
20090817,5.94,5.97,5.76,5.97,2281,0
20090818,5.97,5.99,5.97,5.99,50511,0
20090819,5.98,5.98,5.6,5.81,3485,0
20090820,5.77,5.98,5.7,5.95,57382,0
20090821,5.95,5.95,5.84,5.94,1928,0
20090824,5.95,5.95,5.85,5.94,1664,0
20090825,5.76,5.81,5.69,5.81,5847,0
20090826,5.7,5.7,5.68,5.69,2350,0
20090827,5.81,5.81,5.7,5.76,1538,0
20090828,5.8,5.81,5.61,5.81,4890,0
20090831,5.87,5.87,5.62,5.78,5466,0
20090901,5.6,5.8,5.37,5.8,98317,0
20090902,5.37,5.8,5.37,5.8,3929,0
20090903,5.75,5.81,5.72,5.81,2482,0
20090904,5.98,6,5.91,5.97,5588,0
20090907,5.97,6.05,5.72,6.05,3383,0
20090908,6.04,6.08,5.81,6.08,18772,0
20090909,6.08,6.69,6,6.69,182823,0
20090910,6.88,6.88,6.21,6.21,9829,0
20090911,6.22,6.22,6,6.08,3310,0
20090914,6,6.33,5.85,6.08,4672,0
20090915,5.8,6.29,5.8,6.1,790,0
20090916,6.18,6.18,5.9,6,2264,0
20090917,6,6.19,6,6.18,11632,0
20090918,6.19,6.55,6.04,6.3,194223,0
20090921,6.3,6.33,6.3,6.33,11821,0
20090922,6.35,6.35,6.1,6.1,3499,0
20090923,6.51,6.51,6.02,6.45,4675,0
20090924,6.5,6.5,6.13,6.5,382,0
20090925,6.34,6.5,6.1,6.36,12484,0
20090928,6.47,6.47,6.1,6.29,1084,0
20090929,6.39,6.39,6.08,6.2,22045,0
20090930,6.1,6.3,6.1,6.3,21676,0
20091001,6.45,6.45,6.13,6.13,1094,0
20091002,6.27,6.28,6.13,6.13,1174,0
20091005,6.33,6.33,6.12,6.3,2456,0
20091006,6.49,6.49,6.19,6.19,886,0
20091007,5.6,6.11,5.6,6.11,3231,0
20091008,6.01,6.45,6.01,6.27,4640,0
20091009,6.48,6.48,6.44,6.44,847,0
20091012,6.3,6.4,6.1,6.1,12314,0
20091013,6.48,6.48,6.25,6.25,10537,0
20091014,6.49,6.7,6.35,6.68,21803,0
20091015,6.68,6.68,6.28,6.35,4078,0
20091016,6.45,6.51,6.24,6.51,4071,0
20091019,6.59,6.68,6.3,6.3,7438,0
20091020,6.5,6.68,6.4,6.4,13774,0
20091021,6.45,6.68,6.3,6.4,93102,0
20091022,5.8,6.65,5.8,6.6,16951,0
20091023,6.7,6.78,6.4,6.49,5569,0
20091026,6.75,6.75,6.41,6.55,2683,0
20091027,6.5,6.72,6.44,6.6,14993,0
20091028,6.6,6.8,6.6,6.6,71441,0
20091029,6.8,6.8,6.6,6.6,1128,0
20091030,6.6,6.8,6.6,6.6,2023,0
20091102,6.89,6.89,6.6,6.6,1500,0
20091103,6.85,6.85,6.61,6.61,2305,0
20091104,6.85,6.85,6.64,6.64,2565,0
20091105,6.9,7.17,6.85,7,29152,0
20091106,7.02,7.02,6.51,6.66,4370,0
20091109,6.8,7.1,6.75,7,1393,0
20091110,7.09,7.09,7.09,7.09,651,0
20091112,6.92,7.1,6.92,7.1,718,0
20091113,7.09,7.09,7.09,7.09,350,0
20091116,7.09,7.09,6.9,6.9,1339,0
20091117,6.8,6.8,6.65,6.8,661,0
20091118,6.8,6.8,6.66,6.8,918,0
20091119,6.8,6.9,6.37,6.9,1484,0
20091120,6.89,6.89,6.89,6.89,2,0
20091123,6.51,7,6.51,6.74,22206,0
20091124,6.89,7.1,6.8,6.8,42928,0
20091125,7,7.09,6.81,7.09,5300,0
20091126,6.56,7.05,6.56,6.86,50510,0
20091127,6.54,7.05,6.54,7,135176,0
20091130,7.04,7.04,7.04,7.04,233,0
20091201,7.04,7.04,7.04,7.04,199,0
20091202,7.14,7.14,7.04,7.04,213,0
20091203,7.1,7.1,6.9,6.9,820,0
20091204,7,7.05,6.9,7.05,36052,0
20091207,7.05,7.05,6.91,6.91,926,0
20091208,7.05,7.05,7.04,7.04,627,0
20091209,7,7,6.72,6.81,869,0
20091210,6.99,7.15,6.85,7.15,31449,0
20091211,7.14,7.14,7,7,1118,0
20091214,7,7.15,6.9,6.9,1111,0
20091215,6.55,7.15,6.55,6.85,2467,0
20091216,7,7.15,6.95,7,20421,0
20091217,7,7,6.87,6.87,1956,0
20091218,7.1,7.1,7,7,195,0
20091221,6.55,6.9,6.55,6.9,2391,0
20091222,6.99,6.99,6.99,6.99,288,0
20091223,6.99,6.99,6.69,6.89,4601,0
20091228,6.96,6.96,6.6,6.92,1076,0
20091229,6.95,6.95,6.55,6.81,674,0
20091230,6.8,6.8,6.57,6.8,532,0
20091231,6.93,6.93,6.93,6.93,30,0
20100104,6.75,6.91,6.62,6.89,3555,0
20100105,6.87,6.99,6.87,6.99,282,0
20100106,6.99,7,6.75,7,6665,0
20100107,7,7,6.77,7,17076,0
20100108,7,7,6.85,6.85,1389,0
20100111,6.71,7,6.71,6.76,3197,0
20100112,7,7,6.79,6.8,5149,0
20100113,7,7,6.78,6.78,651,0
20100114,6.75,6.89,6.7,6.7,6053,0
20100115,6.88,6.88,6.43,6.7,7766,0
20100118,6.7,6.8,6.65,6.65,26902,0
20100119,6.65,6.65,6.52,6.52,210,0
20100120,6.79,6.79,6.53,6.53,268,0
20100121,6.8,6.8,6.53,6.8,402,0
20100122,6.78,6.78,6.52,6.78,1061,0
20100125,6.11,6.76,6.11,6.71,1887,0
20100126,6.73,6.73,6.5,6.5,1010,0
20100127,6.73,6.73,6.57,6.57,3,0
20100128,6.69,6.75,6.45,6.6,3418,0
20100129,6.75,6.75,6.55,6.55,444,0
20100201,6.45,7,6.45,6.75,9909,0
20100202,6.75,6.98,6.53,6.85,5030,0
20100203,6.98,6.98,6.6,6.79,3626,0
20100204,6.8,6.8,6.57,6.79,148,0
20100205,6.79,6.79,6.51,6.78,997,0
20100208,6.93,6.93,6.56,6.79,2335,0
20100209,6.32,6.69,6.32,6.67,1359,0
20100210,6.68,6.68,6.44,6.66,900,0
20100211,6.7,6.7,6.51,6.7,272,0
20100212,6.44,6.69,6.42,6.69,3012,0
20100215,6.4,6.7,6.4,6.42,8807,0
20100216,6.42,6.68,6.38,6.68,17500,0
20100217,6.51,6.65,6.51,6.65,1390,0
20100218,6.48,6.63,6.48,6.63,196,0
20100219,6.43,6.58,6.43,6.58,2466,0
20100222,6.44,6.64,6.44,6.57,1760,0
20100223,6.62,6.62,6.62,6.62,182,0
20100224,6.59,6.59,6.43,6.59,722,0
20100225,6.58,6.58,6.35,6.55,268,0
20100226,6.57,7.8,6.55,7.65,168966,0
20100301,7.65,7.7,7.65,7.69,238954,0
20100302,7.65,7.68,7.65,7.65,32035,0
20100303,7.69,7.69,7.65,7.69,18625,0
20100304,7.69,7.69,7.65,7.65,2012,0
20100305,7.65,8.09,7.65,7.7,15442,0
20100308,7.99,7.99,7.7,7.7,480,0
20100309,7.93,7.93,7.56,7.6,581071,0
20100310,7.59,7.59,7.1,7.12,43852,0
20100311,7.54,7.54,7.12,7.12,13456,0
20100312,7.29,7.29,7.12,7.28,4564,0
20100315,7.31,7.31,7.16,7.25,7729,0
20100316,7.25,7.3,7.14,7.14,721,0
20100317,7.12,7.12,6.9,6.99,14137,0
20100318,7.27,7.27,7.02,7.02,1150,0
20100319,6.89,6.89,6.46,6.49,560111,0
20100322,6.3,6.5,6.3,6.47,2214,0
20100323,6.48,6.5,6.48,6.5,5368,0
20100324,6.51,6.51,6.5,6.5,308,0
20100325,6.45,6.45,6.35,6.45,1351,0
20100326,6.5,6.5,6.5,6.5,3,0
20100329,6.5,6.5,6.5,6.5,2,0
20100330,6.5,6.5,6.5,6.5,64,0
20100331,6.48,6.48,6.26,6.48,1502,0
20100401,6.45,6.45,6.3,6.3,1235,0
20100406,6.05,6.37,6.05,6.35,5826,0
20100407,6.33,6.35,6.11,6.35,1082,0
20100408,6.35,6.35,6.2,6.3,9,0
20100409,6.35,6.35,6.2,6.2,402,0
20100412,6.2,6.28,6.05,6.25,2738,0
20100413,6.25,6.35,6.13,6.31,2644,0
20100414,6.35,6.43,6.21,6.38,987,0
20100415,6.39,6.4,6.39,6.4,32,0
20100416,6.35,6.5,6.22,6.48,41006,0
20100419,6.43,6.51,6.35,6.51,100445,0
20100420,6.51,6.51,6.26,6.48,769,0
20100421,6.35,6.51,6.35,6.46,8021,0
20100422,6.47,6.69,6.47,6.5,24209,0
20100423,6.98,7.06,6.82,7.06,3150,0
20100426,7.05,7.06,6.66,6.96,4123,0
20100427,7.06,7.15,6.61,6.81,6852,0
20100428,7.05,7.05,6.6,6.6,2402,0
20100429,7.06,7.06,6.64,6.64,2185,0
20100430,6.93,7,6.65,7,32067,0
20100504,7,7,6.96,6.96,77,0
20100505,6.95,6.95,6.66,6.9,7198,0
20100506,6.8,6.8,6.8,6.8,3,0
20100507,6.61,6.62,6.6,6.6,3264,0
20100510,6.7,7.06,6.7,6.9,1264,0
20100511,6.9,6.9,6.71,6.9,4366,0
20100512,6.98,7.02,6.71,6.99,1537,0
20100513,6.98,6.98,6.66,6.66,4316,0
20100514,6.95,6.97,6.59,6.8,4642,0
20100517,6.79,6.96,6.53,6.96,5023,0
20100518,6.95,6.95,6.95,6.95,100,0
20100519,6.9,6.99,6.6,6.9,8143,0
20100520,6.85,6.85,6.65,6.65,8856,0
20100521,6.82,6.82,6.65,6.65,1251,0
20100524,6.8,6.8,6.3,6.79,9643,0
20100525,6.87,6.87,6.5,6.74,2849,0
20100526,6.68,6.83,6.5,6.55,17846,0
20100527,6.81,6.81,6.3,6.56,2787,0
20100528,6.76,6.76,6.27,6.65,2787,0
20100531,6.64,6.64,6.64,6.64,3,0
20100601,6.64,6.64,6.47,6.59,147,0
20100602,6.6,6.6,6.6,6.6,4,0
20100604,6.6,6.6,6.16,6.39,1771,0
20100607,6.4,6.4,5.9,6.2,15006,0
20100608,6.2,6.2,6.05,6.2,1226,0
20100609,6.15,6.15,5.91,5.91,139,0
20100610,5.91,6.14,5.66,5.99,4787,0
20100611,6,6.3,5.78,6.25,3292,0
20100614,6.2,6.45,6.2,6.3,152905,0
20100615,6.39,6.39,6.39,6.39,3,0
20100616,6.39,6.39,6.11,6.29,717,0
20100617,5.71,6.39,5.71,6.23,6061,0
20100618,6.39,6.39,6.24,6.24,9,0
20100621,6.39,6.39,5.84,6,4037,0
20100622,6.29,6.29,6.05,6.05,41,0
20100623,6.29,6.29,5.99,6.12,3632,0
20100624,6.24,6.7,6.05,6.39,23988,0
20100625,6.39,6.67,6.39,6.4,1504,0
20100628,6.59,6.59,6.2,6.51,9642,0
20100629,6.25,6.39,6.25,6.39,102,0
20100630,6.48,6.48,6.48,6.48,2,0
20100701,6.51,6.51,6.28,6.34,1304,0
20100702,6.07,6.24,6.07,6.2,2516,0
20100705,6.38,6.38,6.23,6.3,2447,0
20100706,6.3,6.3,6.08,6.1,865,0
20100707,6.39,6.39,6.39,6.39,120,0
20100708,6.25,6.38,6.16,6.16,442,0
20100709,6.38,6.38,6.13,6.15,1844,0
20100712,6.38,6.38,6.38,6.38,2,0
20100713,6.36,6.36,6.11,6.35,1611,0
20100714,6.1,6.19,6.02,6.16,2199,0
20100715,6,6.16,5.71,5.95,37062,0
20100716,5.95,6.15,5.95,6.15,4,0
20100719,6.15,6.15,6,6.15,76,0
20100720,6.15,6.15,6,6.1,1398,0
20100721,6.14,6.14,5.73,6.14,2988,0
20100722,6.14,6.14,5.86,5.87,11697,0
20100723,6,6,5.87,5.9,6759,0
20100726,5.89,5.99,5.83,5.97,10895,0
20100727,5.9,5.97,5.9,5.96,3735,0
20100728,5.97,5.97,5.96,5.96,608,0
20100729,5.95,5.95,5.77,5.94,3293,0
20100730,5.94,5.94,5.71,5.83,2934,0
20100802,5.85,5.96,5.83,5.83,7365,0
20100803,5.94,5.94,5.84,5.84,315,0
20100804,5.9,5.9,5.9,5.9,2,0
20100805,5.9,5.9,5.73,5.73,86,0
20100806,5.8,5.8,5.34,5.76,17725,0
20100809,5.7,5.84,5.39,5.39,105927,0
20100810,5.56,5.57,5.25,5.45,17894,0
20100811,5.59,5.79,5.44,5.78,11544,0
20100812,5.77,5.78,5.65,5.75,4543,0
20100813,5.8,5.8,5.77,5.77,492,0
20100816,5.9,5.9,5.79,5.79,1758,0
20100817,5.8,5.9,5.79,5.79,3151,0
20100818,5.65,5.88,5.65,5.79,1445,0
20100819,5.87,5.87,5.55,5.55,1442,0
20100820,5.7,5.7,5.7,5.7,2,0
20100823,5.64,5.69,5.42,5.69,4176,0
20100824,5.69,5.69,5.41,5.55,1130,0
20100825,5.68,5.68,5.1,5.48,6251,0
20100826,5.48,5.5,5.38,5.4,8337,0
20100827,5.53,5.53,5.44,5.44,1477,0
20100830,5.27,5.55,5.27,5.32,1563,0
20100831,5.63,5.63,5.38,5.38,2124,0
20100901,5.58,5.58,5.34,5.34,62,0
20100902,5.77,5.77,5.69,5.76,8762,0
20100903,5.77,5.77,5.6,5.71,10444,0
20100906,5.75,6,5.74,5.97,29697,0
20100907,5.97,5.97,5.75,5.78,16412,0
20100908,5.79,5.93,5.79,5.85,10219,0
20100909,5.99,6.41,5.85,6.3,38283,0
20100910,6.37,6.6,6.13,6.3,19513,0
20100913,6.14,6.29,6,6.27,7192,0
20100914,6.24,6.24,5.87,6.05,3827,0
20100915,6.25,6.25,5.61,5.93,8127,0
20100916,5.94,6.12,5.88,6.12,844,0
20100917,6.2,6.27,5.99,6.15,12781,0
20100920,6,6.1,5.91,6.1,14252,0
20100921,6.02,6.09,5.91,6,31415,0
20100922,6,6.2,6,6.15,40540,0
20100923,6.01,6.1,5.91,6.1,3475,0
20100924,6.1,6.1,5.86,6,107,0
20100927,6.1,6.1,5.9,5.9,1156,0
20100928,6.1,6.18,5.96,6.01,10582,0
20100929,6.03,6.03,5.96,5.96,200,0
20100930,6,6,5.78,5.98,521,0
20101001,6.09,6.33,5.78,6,12688,0
20101004,6.19,6.19,6,6,3819,0
20101005,6.1,6.1,5.79,5.79,812,0
20101006,5.8,5.81,5.58,5.78,1558,0
20101007,5.7,5.7,5.68,5.68,670,0
20101008,5.67,5.97,5.67,5.96,1324,0
20101011,5.98,5.98,5.98,5.98,2,0
20101012,5.97,5.97,5.76,5.77,2100,0
20101013,5.77,5.77,5.62,5.7,829,0
20101014,5.77,5.77,5.69,5.75,434,0
20101015,5.75,5.97,5.75,5.8,2866,0
20101018,5.77,5.95,5.57,5.94,1915,0
20101019,5.98,5.98,5.98,5.98,2,0
20101020,5.9,5.9,5.73,5.89,609,0
20101021,5.88,5.88,5.64,5.85,2100,0
20101022,5.89,5.89,5.62,5.87,2103,0
20101025,5.89,5.89,5.63,5.85,1645,0
20101026,5.85,5.85,5.6,5.6,6572,0
20101027,5.6,5.75,5.49,5.75,1166,0
20101028,5.8,5.8,5.75,5.8,246,0
20101029,5.8,5.8,5.8,5.8,1,0
20101102,5.75,5.75,5.51,5.51,32,0
20101103,5.66,5.79,5.5,5.73,2103,0
20101104,5.77,5.77,5.73,5.73,101,0
20101105,5.68,5.7,5.55,5.68,2642,0
20101108,5.68,5.75,5.68,5.75,102,0
20101109,5.75,5.84,5.65,5.84,321,0
20101110,5.71,5.85,5.64,5.84,2938,0
20101112,5.79,5.8,5.56,5.8,3900,0
20101115,5.84,5.84,5.52,5.69,11228,0
20101116,5.84,5.84,5.55,5.69,2475,0
20101117,5.74,5.74,5.52,5.52,853,0
20101118,5.73,5.73,5.6,5.6,530,0
20101119,5.6,5.6,5.51,5.59,967,0
20101122,5.6,5.6,5.42,5.58,1796,0
20101123,5.59,5.61,5.2,5.42,2534,0
20101124,4.91,5.85,4.91,5.67,18055,0
20101125,5.85,5.85,5.53,5.76,3513,0
20101126,5.8,5.8,5.52,5.67,1084,0
20101129,5.7,5.7,5.42,5.65,501,0
20101130,5.65,5.65,5.65,5.65,3,0
20101201,5.65,5.65,5.48,5.48,1070,0
20101202,5.65,5.65,5.5,5.65,82,0
20101203,5.55,5.71,5.55,5.71,224,0
20101206,5.79,5.79,5.79,5.79,2,0
20101207,5.69,5.75,5.55,5.75,5292,0
20101208,5.79,5.79,5.7,5.78,750,0
20101209,5.78,5.83,5.7,5.7,3565,0
20101210,5.7,5.8,5.61,5.61,4302,0
20101213,5.8,5.8,5.7,5.7,3432,0
20101214,5.8,5.85,5.8,5.85,11614,0
20101215,5.89,6.07,5.89,5.98,5390,0
20101216,6,6.05,5.78,6.05,2830,0
20101217,6.05,6.05,5.73,6,2419,0
20101220,6.04,6.04,5.91,5.91,2319,0
20101221,5.99,5.99,5.91,5.91,1812,0
20101222,5.95,5.95,5.9,5.9,4591,0
20101223,5.9,5.9,5.72,5.72,2121,0
20101227,5.95,5.95,5.72,5.72,106,0
20101228,5.89,5.89,5.7,5.7,2709,0
20101229,5.95,5.95,5.95,5.95,2002,0
20101230,5.95,6.09,5.95,6.09,6993,0
20101231,6.17,6.17,6.17,6.17,100,0
20110103,6.17,6.5,6.15,6.15,4803,0
20110104,6.3,6.3,6.15,6.25,2597,0
20110105,6.47,6.47,6.15,6.3,646,0
20110107,6.3,6.3,6.15,6.15,302,0
20110110,6.1,6.1,6.1,6.1,1,0
20110111,6.1,6.1,6.1,6.1,3,0
20110112,5.9,5.9,5.9,5.9,1275,0
20110113,5.9,5.9,5.9,5.9,2,0
20110114,5.75,5.75,5.75,5.75,400,0
20110117,5.7,5.7,5.7,5.7,697,0
20110118,5.49,5.49,5.49,5.49,420,0
20110119,5.55,5.77,5.55,5.77,1376,0
20110120,5.98,5.98,5.9,5.9,77,0
20110121,5.91,5.91,5.91,5.91,1993,0
20110124,5.98,5.98,5.98,5.98,2000,0
20110125,5.98,5.98,5.98,5.98,1191,0
20110126,6.1,6.1,5.96,5.96,133,0
20110127,5.98,5.98,5.98,5.98,1990,0
20110128,5.96,5.96,5.92,5.92,603,0
20110131,6.09,6.09,6.09,6.09,2,0
20110201,6.1,6.1,5.96,5.96,602,0
20110202,6.1,6.1,5.95,5.95,1603,0
20110203,5.96,5.96,5.96,5.96,202,0
20110204,6.1,6.1,6.1,6.1,10348,0
20110207,6.19,6.19,6.19,6.19,1,0
20110208,6.1,6.1,6.1,6.1,3,0
20110209,5.95,5.95,5.95,5.95,800,0
20110210,6.1,6.1,6.1,6.1,1,0
20110211,6.1,6.1,6.1,6.1,2,0
20110214,6.1,6.1,6.1,6.1,2,0
20110215,6.09,6.09,5.95,5.95,827,0
20110216,6.1,6.1,5.95,5.95,53,0
20110217,5.95,5.95,5.95,5.95,55,0
20110218,6.1,6.1,6.1,6.1,176,0
20110221,6.1,6.1,6.1,6.1,1,0
20110222,6.1,6.1,6.1,6.1,1,0
20110223,6.1,6.1,6.1,6.1,2,0
20110224,6.1,6.1,6.1,6.1,2,0
20110225,6.1,6.1,5.96,5.96,202,0
20110228,5.96,5.96,5.96,5.96,3016,0
20110301,6,6,6,6,211,0
20110302,5.96,5.96,5.96,5.96,1877,0
20110303,6,6,6,6,2,0
20110307,6,6,6,6,2,0
20110308,6,6,6,6,1,0
20110309,5.62,5.62,5.62,5.62,346,0
20110310,5.98,5.98,5.98,5.98,5200,0
20110311,5.94,5.94,5.94,5.94,17,0
20110314,5.6,5.73,5.6,5.73,970,0
20110315,5.89,5.89,5.8,5.8,14,0
20110316,5.89,5.89,5.89,5.89,1,0
20110317,5.9,5.9,5.9,5.9,6422,0
20110318,5.95,5.95,5.95,5.95,9000,0
20110321,5.95,5.95,5.95,5.95,2250,0
20110322,5.85,5.85,5.85,5.85,500,0
20110323,5.88,5.88,5.88,5.88,220,0
20110325,5.6,5.6,5.3,5.3,5874,0
20110328,5,5,4.95,4.95,17516,0
20110329,4.95,4.95,4.95,4.95,30350,0
20110330,4.96,4.96,4.96,4.96,46958,0
20110331,4.95,4.95,4.95,4.95,16100,0
20110401,4.95,4.95,4.84,4.84,3985,0
20110404,4.95,4.95,4.95,4.95,236111,0
20110405,4.95,4.95,4.94,4.94,37814,0
20110406,4.8,4.84,4.45,4.83,71066,0
20110407,4.78,5.25,4.75,4.97,512148,0
20110408,4.87,4.94,4.62,4.8,39835,0
20110411,4.91,4.91,4.75,4.85,5880,0
20110412,4.89,4.89,4.77,4.89,953,0
20110413,4.89,4.97,4.89,4.95,40198,0
20110414,4.95,4.95,4.85,4.85,11390,0
20110415,4.8,4.9,4.79,4.79,12007,0
20110418,4.84,4.85,4.83,4.83,6900,0
20110419,4.83,4.83,4.6,4.65,43398,0
20110420,4.65,4.65,4.55,4.55,29620,0
20110421,4.55,4.56,4.51,4.51,900,0
20110426,4.6,4.6,4.51,4.51,712,0
20110427,4.6,4.6,4.51,4.51,9538,0
20110428,4.51,4.51,4.51,4.51,20870,0
20110429,4.53,4.53,4.5,4.5,1890,0
20110502,4.6,4.64,4.6,4.64,300,0
20110504,4.64,4.64,4.4,4.4,13605,0
20110505,4.62,4.62,4.4,4.4,3026,0
20110506,4.49,4.49,4.4,4.44,1924,0
20110509,4.4,4.45,4.2,4.34,23191,0
20110510,4.54,4.54,4.39,4.39,2672,0
20110511,4.38,4.38,4.26,4.26,832,0
20110512,4.26,4.26,4,4.02,52803,0
20110513,4.14,4.15,4.06,4.08,8630,0
20110516,4.28,4.28,4.25,4.28,702,0
20110517,4.38,4.38,4.38,4.38,275,0
20110518,4.27,4.27,3.99,4.09,17563,0
20110519,3.99,4.14,3.99,4.14,11310,0
20110520,4.2,4.2,4.1,4.1,4430,0
20110523,4.1,4.14,4,4.14,3057,0
20110524,3.95,4.05,3.9,4,8509,0
20110525,4,4,3.9,3.95,2043,0
20110526,4.05,4.05,4,4,3723,0
20110527,4,4,4,4,175,0
20110530,4,4,3.73,3.86,1320,0
20110531,4,4,3.96,3.96,513,0
20110601,3.79,4.04,3.79,4.04,126,0
20110602,4.04,4.04,3.64,3.75,37533,0
20110603,3.82,3.82,3.72,3.72,1914,0
20110606,3.6,3.75,3.6,3.62,1964,0
20110607,3.71,3.82,3.62,3.82,2640,0
20110608,3.82,3.88,3.82,3.88,1300,0
20110609,3.89,4,3.89,3.9,6412,0
20110610,3.99,3.99,3.89,3.89,141,0
20110613,4,4,3.9,3.9,140,0
20110614,3.99,3.99,3.84,3.84,135,0
20110615,3.9,3.9,3.9,3.9,10,0
20110616,3.9,3.9,3.64,3.8,1053,0
20110617,3.9,3.9,3.8,3.85,426,0
20110620,3.76,4,3.74,3.9,10524,0
20110621,4.08,4.15,4,4,33301,0
20110622,4.15,4.15,3.91,3.91,2004,0
20110624,4.02,4.02,4.02,4.02,10,0
20110627,4.02,4.02,4.02,4.02,12,0
20110628,4.1,4.1,3.82,4,2507,0
20110629,3.84,4.03,3.84,4.03,3024,0
20110630,4.05,4.05,3.9,3.9,1010,0
20110701,4.05,4.1,4.05,4.1,2010,0
20110704,4.15,4.15,3.71,3.94,6253,0
20110705,3.95,4.08,3.95,3.95,3423,0
20110706,4.13,4.13,4,4,2031,0
20110707,4,4,3.8,3.96,5896,0
20110708,4.05,4.05,3.89,4,1310,0
20110711,3.98,3.98,3.88,3.88,139,0
20110712,3.75,3.88,3.75,3.82,13570,0
20110713,3.85,3.85,3.85,3.85,20,0
20110714,3.83,3.99,3.83,3.86,2164,0
20110715,4,4,3.9,3.9,648,0
20110718,3.91,3.91,3.82,3.89,111,0
20110719,3.87,3.87,3.82,3.87,100,0
20110720,3.91,3.91,3.88,3.91,246,0
20110721,3.88,3.88,3.74,3.77,2150,0
20110722,3.77,3.88,3.77,3.77,635,0
20110725,3.87,3.87,3.87,3.87,12,0
20110726,3.86,3.86,3.86,3.86,12,0
20110727,3.86,3.86,3.86,3.86,120,0
20110728,3.85,3.85,3.69,3.75,4258,0
20110729,3.6,3.75,3.6,3.75,1211,0
20110801,3.75,3.75,3.64,3.71,3559,0
20110802,3.6,3.6,3.5,3.56,4941,0
20110803,3.5,3.5,3.35,3.35,4067,0
20110804,3.66,3.66,3.14,3.31,6870,0
20110805,3.4,3.4,3.25,3.27,2809,0
20110808,3.21,3.21,2.65,3,8964,0
20110809,2.9,2.9,2.72,2.72,5061,0
20110810,2.98,2.98,2.73,2.73,4249,0
20110811,2.47,2.86,2.47,2.85,7674,0
20110812,2.93,3.15,2.74,2.94,7372,0
20110816,3.1,3.1,2.97,3.04,4893,0
20110817,3.17,3.17,3.01,3.12,3272,0
20110818,3.1,3.34,2.91,3.12,10651,0
20110819,2.85,3.15,2.85,3.15,1716,0
20110822,3.19,3.45,3.19,3.4,3413,0
20110823,3.44,3.44,3.32,3.32,5423,0
20110824,3.37,3.37,3.19,3.19,3600,0
20110825,3.24,3.24,3.07,3.07,115,0
20110826,3.02,3.36,3.02,3.2,5180,0
20110829,3.2,3.2,3.2,3.2,647,0
20110830,3.2,3.2,3.2,3.2,15,0
20110831,3.18,3.18,3.06,3.06,1158,0
20110901,3.22,3.22,3.11,3.11,1005,0
20110902,3.24,3.24,3.1,3.1,765,0
20110905,3.06,3.06,3.06,3.06,1016,0
20110906,3.05,3.05,3.05,3.05,10,0
20110907,3.07,3.18,3.07,3.18,737,0
20110908,3.18,3.4,3.11,3.4,2587,0
20110909,3.47,3.47,3.12,3.38,9751,0
20110912,3.4,3.4,3.34,3.34,2892,0
20110913,3.18,3.36,3.08,3.36,5425,0
20110914,3.36,3.36,3.28,3.35,2456,0
20110915,3.1,3.3,3.1,3.3,3180,0
20110916,3.01,3.3,3.01,3.3,2503,0
20110919,3.3,3.3,3.01,3.15,3244,0
20110920,3.3,3.3,3.09,3.24,2482,0
20110921,3.2,3.2,3.2,3.2,154,0
20110922,3.23,3.23,3.03,3.14,7742,0
20110923,2.97,3.18,2.97,3.07,12009,0
20110926,3.1,3.1,3.05,3.08,2100,0
20110927,2.96,3.2,2.95,3,5605,0
20110928,3.2,3.2,2.99,3.08,9647,0
20110929,3.17,3.17,3.17,3.17,5000,0
20110930,3.35,3.35,3.02,3.02,15892,0
20111003,3.02,3.02,2.85,2.85,3138,0
20111004,2.76,2.76,2.75,2.75,3599,0
20111005,2.66,2.99,2.66,2.99,1620,0
20111006,2.99,3.16,2.75,2.94,10592,0
20111007,3.1,3.1,2.85,3.04,3416,0
20111010,3,3.07,2.97,3.07,3596,0
20111011,3.06,3.06,2.9,3.05,7989,0
20111012,3,3,2.9,2.9,1207,0
20111013,3,3.05,2.95,2.95,5437,0
20111014,3,3.07,3,3.01,1986,0
20111017,3.05,3.05,2.96,2.97,4783,0
20111018,2.97,2.97,2.9,2.96,1682,0
20111019,2.98,2.98,2.96,2.96,200,0
20111020,2.85,2.97,2.85,2.97,120,0
20111021,2.8,2.99,2.8,2.97,2661,0
20111024,2.93,3,2.93,3,285,0
20111025,3,3,2.88,2.94,914,0
20111026,2.81,3,2.81,3,2120,0
20111027,2.99,2.99,2.92,2.99,2052,0
20111028,2.99,2.99,2.9,2.9,110,0
20111031,2.9,2.95,2.9,2.93,540,0
20111102,2.8,2.88,2.8,2.84,6162,0
20111103,2.71,2.79,2.71,2.79,2966,0
20111104,2.79,2.89,2.79,2.89,4170,0
20111107,2.7,2.9,2.7,2.9,470,0
20111108,2.95,2.95,2.85,2.9,370,0
20111109,2.95,2.95,2.8,2.88,589,0
20111110,2.95,2.95,2.8,2.8,5955,0
20111114,2.74,2.81,2.74,2.81,4650,0
20111115,2.74,2.74,2.74,2.74,405,0
20111116,2.71,2.71,2.71,2.71,10,0
20111117,2.7,2.88,2.61,2.61,10337,0
20111118,2.61,2.76,2.61,2.76,780,0
20111121,2.69,2.69,2.5,2.69,13564,0
20111122,2.51,2.65,2.51,2.6,3181,0
20111123,2.51,2.6,2.39,2.6,9253,0
20111124,2.5,2.5,2.47,2.47,3346,0
20111125,2.49,2.49,2.4,2.49,5050,0
20111128,2.49,2.56,2.44,2.56,149,0
20111129,2.56,2.56,2.5,2.5,1359,0
20111130,2.45,2.5,2.31,2.44,7638,0
20111201,2.44,2.45,2.3,2.4,9281,0
20111202,2.4,2.5,2.35,2.46,25471,0
20111205,2.46,2.53,2.4,2.4,3457,0
20111206,2.46,2.46,2.44,2.44,1455,0
20111207,2.44,2.44,2.38,2.38,55,0
20111208,2.44,2.44,2.2,2.24,18721,0
20111209,2.21,2.4,2.21,2.33,6167,0
20111212,2.21,2.31,2.21,2.31,6615,0
20111213,2.21,2.32,2.21,2.27,4160,0
20111214,2.22,2.3,2.22,2.23,3759,0
20111215,2.22,2.24,2.2,2.2,3445,0
20111216,2.11,2.33,2.11,2.33,6086,0
20111219,2.33,2.33,2.11,2.24,17599,0
20111220,2.27,2.35,2.13,2.29,9265,0
20111221,2.21,2.34,2.21,2.23,5808,0
20111222,2.29,2.29,2.25,2.25,2218,0
20111223,2.35,2.35,2.28,2.28,243,0
20111227,2.34,2.34,2.2,2.3,1565,0
20111228,2.2,2.34,2.11,2.29,7175,0
20111229,2.29,2.29,2.2,2.27,678,0
20111230,2.2,2.29,2.2,2.29,352,0
20120102,2.51,2.51,2.51,2.51,1,0
20120103,2.5,2.69,2.5,2.69,14204,0
20120104,2.7,2.82,2.6,2.73,21513,0
20120105,2.78,2.78,2.78,2.78,4,0
20120109,2.77,2.77,2.62,2.69,524,0
20120110,2.62,2.7,2.44,2.68,6485,0
20120111,2.68,2.7,2.6,2.6,3601,0
20120112,2.7,2.7,2.7,2.7,74,0
20120113,2.77,2.77,2.77,2.77,1491,0
20120116,2.77,2.77,2.57,2.62,15501,0
20120117,2.69,2.69,2.56,2.62,411,0
20120118,2.73,2.73,2.73,2.73,3,0
20120119,2.67,2.74,2.65,2.74,1151,0
20120120,2.78,2.78,2.73,2.73,16,0
20120123,2.7,2.7,2.68,2.68,9855,0
20120124,2.75,2.75,2.67,2.67,515,0
20120125,2.67,2.67,2.42,2.42,227,0
20120126,2.6,2.86,2.6,2.86,8172,0
20120127,2.89,2.89,2.8,2.85,3701,0
20120130,2.89,2.89,2.8,2.8,2003,0
20120131,2.8,2.89,2.79,2.89,9666,0
20120201,2.88,3.13,2.81,3,1557,0
20120202,3,3.09,3,3.07,5510,0
20120203,3.08,3.38,2.98,3.36,211342,0
20120206,3.37,3.37,3.26,3.37,2227,0
20120207,3.37,3.37,3.2,3.35,1082,0
20120208,3.35,3.35,3.16,3.28,6222,0
20120209,3.25,3.38,3.25,3.31,3786,0
20120210,3.37,3.37,3.22,3.33,203914,0
20120213,3.38,3.38,3.2,3.37,2766,0
20120214,3.38,3.38,3.26,3.33,1602,0
20120215,3.36,3.36,3.36,3.36,5,0
20120216,3.33,3.33,3.25,3.25,497,0
20120217,3.32,3.32,3.32,3.32,400,0
20120220,3.4,3.56,3.4,3.49,6975,0
20120221,3.56,3.56,3.49,3.5,4238,0
20120222,3.49,3.5,3.43,3.43,3658,0
20120223,3.43,3.54,3.43,3.54,5157,0
20120224,3.63,3.63,3.4,3.6,4696,0
20120227,3.52,3.59,3.52,3.55,3231,0
20120228,3.59,3.6,3.51,3.6,21876,0
20120229,3.57,3.57,3.51,3.57,3089,0
20120301,3.57,3.57,3.32,3.35,1447,0
20120302,3.3,3.39,3.26,3.39,1684,0
20120305,3.39,3.39,3.39,3.39,300,0
20120306,3.4,3.4,3.21,3.32,3398,0
20120307,3.32,3.32,3.32,3.32,120,0
20120308,3.32,3.32,3.18,3.27,6725,0
20120309,3.27,3.27,3.15,3.27,1613,0
20120312,3.27,3.27,3.06,3.27,4667,0
20120313,3.27,3.27,3.27,3.27,10,0
20120314,3.27,3.27,3.16,3.27,1101,0
20120315,3.12,3.12,3.12,3.12,32,0
20120316,3.26,3.26,3.18,3.24,722,0
20120319,3.39,3.39,3.28,3.28,17,0
20120320,3.12,3.28,3.12,3.15,165,0
20120321,3.27,3.27,3.15,3.15,58,0
20120322,3.27,3.27,2.97,3.1,6014,0
20120323,3.03,3.03,3,3,1384,0
20120326,3.1,3.1,3,3,210,0
20120327,3.09,3.1,3.09,3.1,255,0
20120328,3.24,3.24,3.24,3.24,6,0
20120329,2.92,3.23,2.92,3.23,41,0
20120330,3.02,3.23,3.02,3.23,2550,0
20120402,3.22,3.22,3.22,3.22,15,0
20120403,3.22,3.22,3.22,3.22,12,0
20120404,3.21,3.21,3.21,3.21,10,0
20120405,3.21,3.21,2.99,3.21,3397,0
20120410,2.92,3.18,2.92,3.18,110,0
20120411,3.15,3.15,3.15,3.15,10,0
20120412,3.1,3.1,3.1,3.1,5,0
20120413,3.1,3.1,3.1,3.1,8,0
20120416,3.1,3.1,3.1,3.1,5,0
20120417,3.1,3.1,2.94,2.94,9,0
20120418,3.1,3.1,3.08,3.08,2456,0
20120419,3.09,3.09,2.95,2.95,124,0
20120420,3.09,3.09,3.09,3.09,2,0
20120423,3,3,2.79,2.99,8930,0
20120424,3,3,3,3,3,0
20120425,2.99,2.99,2.8,2.89,5497,0
20120426,3,3,2.99,3,6004,0
20120427,3.04,3.04,2.98,2.99,3516,0
20120430,2.95,3,2.95,3,3649,0
20120502,3.03,3.03,3.03,3.03,5,0
20120504,3.03,3.03,2.9,3.03,65,0
20120507,3.03,3.03,2.76,2.9,3060,0
20120508,3.03,3.03,2.76,2.83,6408,0
20120509,3.03,3.03,2.86,2.86,2634,0
20120510,2.99,2.99,2.83,2.83,4494,0
20120511,2.99,2.99,2.99,2.99,10,0
20120514,2.99,2.99,2.9,2.9,2605,0
20120515,2.9,3.08,2.9,2.93,12751,0
20120516,2.98,2.98,2.74,2.74,587,0
20120517,2.89,2.89,2.48,2.62,1831,0
20120518,2.72,2.72,2.72,2.72,2,0
20120521,2.7,2.7,2.53,2.65,1152,0
20120522,2.72,2.72,2.56,2.56,104,0
20120523,2.72,2.72,2.55,2.55,9234,0
20120524,2.56,2.56,2.56,2.56,7,0
20120525,2.56,2.72,2.56,2.72,20011,0
20120528,2.95,2.95,2.95,2.95,5,0
20120529,2.9,2.99,2.74,2.96,10776,0
20120530,2.94,2.94,2.7,2.89,6884,0
20120531,2.89,2.89,2.89,2.89,5,0
20120601,2.89,2.89,2.73,2.88,538,0
20120604,2.94,2.94,2.94,2.94,3,0
20120605,2.9,2.9,2.9,2.9,5,0
20120606,2.89,2.89,2.89,2.89,4,0
20120608,2.9,2.9,2.9,2.9,3,0
20120611,2.87,2.87,2.68,2.68,2947,0
20120612,2.86,2.86,2.42,2.42,43,0
20120613,2.53,2.66,2.53,2.66,1759,0
20120614,2.87,2.87,2.74,2.74,12018,0
20120615,2.87,2.87,2.75,2.87,2751,0
20120618,2.87,2.87,2.85,2.85,23003,0
20120619,2.85,2.85,2.85,2.85,1,0
20120620,2.85,2.85,2.84,2.84,1010,0
20120621,2.87,2.87,2.71,2.71,2790,0
20120622,2.87,2.87,2.87,2.87,5,0
20120625,2.87,2.87,2.62,2.72,6699,0
20120626,2.86,2.86,2.72,2.72,2921,0
20120627,2.86,2.86,2.86,2.86,10,0
20120628,2.86,2.91,2.86,2.91,895,0
20120629,2.91,2.96,2.65,2.96,5817,0
20120702,2.96,2.96,2.7,2.73,8818,0
20120703,2.89,2.89,2.89,2.89,2,0
20120704,2.84,2.84,2.66,2.66,3001,0
20120705,2.74,2.74,2.74,2.74,100,0
20120706,2.76,2.76,2.76,2.76,8,0
20120709,2.73,2.73,2.59,2.59,1307,0
20120710,2.72,2.72,2.72,2.72,5,0
20120711,2.7,2.7,2.7,2.7,56,0
20120712,2.71,2.71,2.65,2.65,403,0
20120713,2.65,2.65,2.65,2.65,5,0
20120716,2.74,2.74,2.57,2.69,2200,0
20120717,2.69,2.69,2.67,2.67,100004,0
20120718,2.72,2.72,2.72,2.72,100,0
20120719,2.73,2.73,2.54,2.54,2004,0
20120720,2.63,2.63,2.48,2.54,310707,0
20120723,2.52,2.52,2.41,2.52,3205,0
20120724,2.53,2.53,2.53,2.53,4,0
20120725,2.54,2.54,2.54,2.54,4,0
20120726,2.65,2.65,2.65,2.65,3,0
20120727,2.47,2.69,2.47,2.69,4003,0
20120730,2.65,2.65,2.65,2.65,4,0
20120731,2.65,2.65,2.41,2.58,3049,0
20120801,2.59,2.59,2.59,2.59,3,0
20120802,2.59,2.59,2.39,2.4,2003,0
20120803,2.49,2.59,2.49,2.59,44,0
20120806,2.38,2.38,2.37,2.38,6400,0
20120807,2.68,2.68,2.6,2.6,5110,0
20120808,2.67,2.67,2.67,2.67,1450,0
20120809,2.68,2.68,2.55,2.55,3748,0
20120810,2.45,2.45,2.45,2.45,1,0
20120813,2.45,2.45,2.33,2.45,3167,0
20120814,2.35,2.35,2.35,2.35,5292,0
20120816,2.22,2.35,2.22,2.25,2181,0
20120817,2.35,2.35,2.15,2.24,9370,0
20120820,2.27,2.27,2.16,2.16,21118,0
20120821,2.15,2.15,2.07,2.15,17201,0
20120822,2.15,2.35,2,2.33,27027,0
20120823,2.31,2.56,2.28,2.56,35003,0
20120824,2.41,2.54,2.17,2.54,7985,0
20120827,2.54,2.54,2.39,2.5,1504,0
20120828,2.35,2.5,2.33,2.5,8808,0
20120829,2.54,2.54,2.3,2.38,27086,0
20120830,2.46,2.46,2.35,2.4,70287,0
20120831,2.38,2.44,2.36,2.36,11,0
20120903,2.36,2.36,2.16,2.3,4082,0
20120904,2.2,2.31,2.17,2.22,4815,0
20120905,2.39,2.43,2.26,2.43,9010,0
20120906,2.48,2.48,2.37,2.38,61804,0
20120907,2.38,2.38,2.26,2.26,1254,0
20120910,2.39,2.39,2.39,2.39,4,0
20120911,2.38,2.38,2.38,2.38,3,0
20120912,2.38,2.38,2.15,2.19,24193,0
20120913,2.29,2.29,2.13,2.22,8284,0
20120914,2.3,2.3,2.15,2.2,819,0
20120917,2.19,2.2,2.15,2.15,17864,0
20120918,2.18,2.18,2.05,2.18,85,0
20120919,2.2,2.2,2.08,2.17,207,0
20120920,2.2,2.2,2.02,2.19,6969,0
20120921,2.2,2.2,2.16,2.17,7028,0
20120924,2.2,2.2,2.2,2.2,3,0
20120925,2.25,2.25,2.25,2.25,8,0
20120926,2.2,2.2,2.2,2.2,4,0
20120927,2.25,2.25,2.25,2.25,4,0
20120928,2.24,2.25,2.22,2.25,8085,0
20121001,2.27,2.27,2.19,2.27,2328,0
20121002,2.27,2.27,2.16,2.27,356,0
20121003,2.27,2.27,2.13,2.27,4702,0
20121004,2.27,2.27,2.13,2.13,203,0
20121005,2.22,2.22,2.22,2.22,100,0
20121008,2.2,2.2,2.12,2.2,5007,0
20121009,2.18,2.2,2.18,2.2,93,0
20121010,2.24,2.24,2.1,2.24,1604,0
20121011,2.21,2.21,2.05,2.13,8365,0
20121012,2.23,2.23,2.01,2.01,143,0
20121015,2.14,2.14,2.02,2.12,2053,0
20121016,2.12,2.12,2.12,2.12,3,0
20121017,2.12,2.12,2.12,2.12,3,0
20121018,2.12,2.23,2.01,2.23,7305,0
20121019,2.13,2.13,2.13,2.13,3,0
20121022,2.22,2.22,2.04,2.12,2627,0
20121023,2.12,2.27,2.1,2.15,18201,0
20121024,2.27,2.36,2.26,2.3,14469,0
20121025,2.54,2.54,2.32,2.32,2930,0
20121026,2.42,2.42,2.35,2.35,6506,0
20121029,2.29,2.37,2.29,2.37,741,0
20121030,2.42,2.42,2.42,2.42,10,0
20121102,2.26,2.36,2.18,2.36,3280,0
20121105,2.27,2.27,2.17,2.17,571,0
20121106,2.25,2.25,2.15,2.23,1002,0
20121107,2.28,2.28,2.19,2.19,1253,0
20121108,2.34,2.34,2.1,2.3,50,0
20121109,2.24,2.24,2.12,2.22,1287,0
20121112,2.22,2.24,2.11,2.24,23,0
20121113,2.24,2.35,2.22,2.35,1703,0
20121114,2.28,2.35,2.16,2.35,184,0
20121115,2.16,2.35,2.16,2.35,351,0
20121116,2.15,2.35,2.15,2.35,1001,0
20121119,2.35,2.35,2.11,2.13,7394,0
20121120,2.34,2.34,2.09,2.11,21336,0
20121121,2.28,2.28,2.11,2.19,4101,0
20121122,2.28,2.28,2.1,2.17,1903,0
20121123,2.18,2.18,2.18,2.18,6,0
20121126,2.15,2.27,2.1,2.15,7795,0
20121127,2.1,2.22,2.1,2.15,3554,0
20121128,2.14,2.14,2.01,2.14,7307,0
20121129,2.14,2.14,2.05,2.13,3807,0
20121130,2.12,2.12,2,2.12,5138,0
20121203,2.12,2.12,1.98,2.06,12423,0
20121204,2.03,2.06,2.03,2.06,10003,0
20121205,2.07,2.07,2.07,2.07,10,0
20121206,2.05,2.05,2.05,2.05,12,0
20121207,2.05,2.19,2.05,2.16,11336,0
20121210,2.17,2.17,2.05,2.15,1218,0
20121211,2.12,2.12,2.04,2.11,2391,0
20121212,2.11,2.11,2.09,2.11,169100,0
20121213,2.12,2.12,2.09,2.12,110634,0
20121214,2.12,2.12,2,2.12,6224,0
20121217,2.12,2.16,2.12,2.16,115005,0
20121218,2.19,2.19,2.02,2.12,151386,0
20121219,2.12,2.12,2,2.12,22536,0
20121220,2.15,2.15,2,2.12,24944,0
20121221,2.15,2.15,2.03,2.13,12704,0
20121227,2.12,2.12,2.12,2.12,465,0
20121228,2.13,2.13,2.02,2.09,11415,0
20130102,2.12,2.12,2,2.05,26309,0
20130103,2.05,2.08,2.01,2.07,22841,0
20130104,2.08,2.08,2.02,2.02,9277,0
20130107,2.01,2.08,2.01,2.03,8863,0
20130108,2.05,2.05,2,2.02,31957,0
20130109,2.02,2.03,2.02,2.02,5110,0
20130110,2.05,2.06,2.04,2.06,23170,0
20130111,2.06,2.11,2.01,2.05,14912,0
20130114,2.07,2.15,2.07,2.1,146829,0
20130115,2.12,2.12,2.02,2.04,270282,0
20130116,2.04,2.04,2,2.03,11872,0
20130117,2.03,2.1,2,2.1,600500,0
20130118,2.1,2.1,2.05,2.08,2768,0
20130121,2.09,2.09,2.09,2.09,705,0
20130122,2.08,2.09,2.08,2.09,119141,0
20130123,2.09,2.09,2.04,2.08,1590,0
20130124,2.09,2.1,2.02,2.1,1030,0
20130125,2.1,2.1,2.1,2.1,9500,0
20130128,2.1,2.1,2.04,2.07,10706,0
20130129,2.07,2.07,2.07,2.07,30,0
20130130,2.07,2.08,2.07,2.08,8536,0
20130131,2.08,2.08,2.08,2.08,300010,0
20130201,2.07,2.07,2.02,2.06,2376,0
20130204,2,2.05,2,2.05,106471,0
20130205,2.05,2.05,2,2.05,50150,0
20130206,2.05,2.05,2.05,2.05,5,0
20130207,2.05,2.05,1.92,1.92,14021,0
20130208,1.95,1.96,1.95,1.96,2754,0
20130211,1.96,1.96,1.9,1.94,7913,0
20130212,1.94,1.94,1.92,1.92,100004,0
20130213,1.83,1.9,1.79,1.88,19331,0
20130214,1.85,1.94,1.75,1.91,11294,0
20130215,1.91,1.91,1.81,1.82,405,0
20130218,1.9,1.9,1.85,1.85,256,0
20130219,1.85,1.86,1.85,1.86,203604,0
20130220,1.9,1.9,1.9,1.9,6,0
20130221,1.9,1.9,1.79,1.89,11028,0
20130222,1.89,1.89,1.79,1.89,1520,0
20130225,1.89,1.89,1.89,1.89,1,0
20130226,1.89,1.89,1.8,1.89,18,0
20130227,1.89,1.89,1.89,1.89,305,0
20130228,1.89,1.89,1.88,1.89,1005,0
20130301,1.89,1.89,1.89,1.89,7700,0
20130304,1.89,1.89,1.89,1.89,4,0
20130305,1.89,2.04,1.89,2.04,16987,0
20130306,2.04,2.08,1.93,2.05,15808,0
20130307,2.06,2.06,1.93,1.99,4215,0
20130308,2.02,2.02,2.02,2.02,15,0
20130311,2.02,2.11,2,2,35841,0
20130312,2.06,2.06,1.96,2.06,4860,0
20130313,2.06,2.07,2.06,2.06,3056,0
20130314,2.06,2.1,2.05,2.1,83407,0
20130315,2.1,2.5,2.1,2.48,55051,0
20130318,2.46,2.53,2.45,2.53,4399,0
20130319,2.53,2.7,2.52,2.65,19224,0
20130320,2.65,2.65,2.65,2.65,1480,0
20130321,2.64,2.64,2.37,2.37,14819,0
20130322,2.25,2.39,2.25,2.26,1805,0
20130325,2.24,2.48,2.24,2.47,9040,0
20130326,2.47,2.47,2.38,2.38,5130,0
20130327,2.47,2.47,2.31,2.31,4609,0
20130328,2.23,2.43,2.23,2.36,6962,0
20130402,2.21,2.3,2.16,2.16,4496,0
20130403,2.14,2.35,2.1,2.1,2606,0
20130404,2.15,2.22,2.02,2.22,673,0
20130405,2.02,2.21,2.02,2.19,159,0
20130408,2.02,2.2,2.02,2.2,4,0
20130409,2.2,2.2,2.15,2.19,152,0
20130410,2.2,2.2,2.17,2.2,5006,0
20130411,2.1,2.2,2.06,2.15,3604,0
20130412,2.2,2.2,2.03,2.03,6683,0
20130415,2.1,2.18,2.09,2.12,8399,0
20130417,2.12,2.33,2.12,2.2,21316,0
20130418,2.06,2.2,2.02,2.12,31698,0
20130419,2.18,2.18,1.97,2.04,80498,0
20130422,1.99,2.05,1.99,2,57056,0
20130423,2.04,2.11,1.97,2.02,350876,0
20130424,2.04,2.04,1.96,1.99,37330,0
20130425,1.98,1.98,1.95,1.97,6645,0
20130426,1.98,2.04,1.98,2,2662,0
20130429,2.04,2.11,1.83,2.11,4432,0
20130430,2,2.07,1.98,2.05,211,0
20130502,1.97,2.06,1.97,2.06,207,0
20130506,2.06,2.06,1.98,1.98,2505,0
20130507,1.98,2.06,1.98,2.06,101707,0
20130508,2.06,2.06,1.98,1.98,304,0
20130509,2.06,2.21,1.98,2.06,14321,0
20130510,2.18,2.18,2.13,2.13,7,0
20130513,2.15,2.32,2.05,2.25,28888,0
20130514,2.24,2.33,2.15,2.17,7230,0
20130515,2.34,2.34,2.17,2.17,6,0
20130516,2.17,2.34,2.16,2.34,14863,0
20130517,2.34,2.63,2.34,2.57,18181,0
20130520,2.55,2.84,2.54,2.84,18184,0
20130521,2.84,2.99,2.83,2.95,36569,0
20130522,2.95,2.95,2.95,2.95,900,0
20130524,2.98,3.18,2.98,3.14,14431,0
20130527,3.13,3.13,2.87,2.87,392,0
20130528,3.08,3.08,2.95,2.95,2378,0
20130529,2.95,2.95,2.95,2.95,1750,0
20130531,2.9,3.09,2.9,2.98,21010,0
20130603,2.99,2.99,2.99,2.99,2,0
20130604,2.99,2.99,2.72,2.79,5530,0
20130605,2.69,2.79,2.65,2.65,3324,0
20130606,2.65,2.69,2.61,2.61,753,0
20130607,2.69,2.7,2.69,2.7,250,0
20130610,2.7,2.7,2.58,2.69,5086,0
20130611,2.69,2.69,2.68,2.68,3,0
20130612,2.69,2.69,2.63,2.63,67,0
20130613,2.67,2.67,2.56,2.56,2249,0
20130614,2.69,2.69,2.69,2.69,2,0
20130617,2.57,2.75,2.57,2.7,17103,0
20130618,2.75,2.75,2.75,2.75,1,0
20130619,2.72,2.75,2.66,2.66,403,0
20130620,2.74,2.74,2.58,2.7,3778,0
20130621,2.69,2.69,2.58,2.6,4916,0
20130624,2.69,2.69,2.52,2.52,1007,0
20130625,2.49,2.6,2.47,2.47,2524,0
20130626,2.53,2.53,2.53,2.53,100,0
20130627,2.53,2.54,2.53,2.54,2100,0
20130628,2.51,2.64,2.51,2.64,6,0
20130701,2.64,2.64,2.62,2.62,500,0
20130702,2.64,2.64,2.64,2.64,1,0
20130703,2.64,2.64,2.62,2.62,142,0
20130704,2.62,2.64,2.62,2.64,101,0
20130705,2.64,2.64,2.64,2.64,1,0
20130708,2.45,2.61,2.45,2.61,2501,0
20130709,2.6,2.6,2.6,2.6,1,0
20130710,2.6,2.6,2.6,2.6,1,0
20130711,2.55,2.55,2.55,2.55,1,0
20130712,2.53,2.53,2.41,2.5,8491,0
20130715,2.5,2.5,2.5,2.5,1,0
20130716,2.5,2.64,2.5,2.64,10001,0
20130717,2.5,2.6,2.49,2.6,7800,0
20130718,2.63,2.75,2.63,2.7,11073,0
20130719,2.74,2.85,2.73,2.84,33806,0
20130722,2.82,2.99,2.82,2.98,20987,0
20130723,2.99,2.99,2.87,2.91,6760,0
20130724,3,3.09,2.94,3.07,6890,0
20130725,3.04,3.04,2.9,2.9,426,0
20130726,3.03,3.03,2.8,2.8,4099,0
20130729,2.57,2.82,2.57,2.82,8734,0
20130730,2.69,2.76,2.57,2.64,500,0
20130731,2.7,2.96,2.7,2.8,17040,0
20130801,2.9,2.9,2.71,2.75,17855,0
20130802,2.84,2.84,2.84,2.84,100,0
20130805,2.84,2.84,2.7,2.73,5227,0
20130806,2.84,2.84,2.84,2.84,10,0
20130807,2.8,2.8,2.8,2.8,2,0
20130808,2.79,2.79,2.6,2.75,4446,0
20130809,2.61,2.72,2.61,2.71,650,0
20130812,2.75,2.75,2.75,2.75,1,0
20130813,2.7,2.7,2.7,2.7,1740,0
20130814,2.73,2.73,2.5,2.54,22014,0
20130816,2.5,2.71,2.45,2.64,6919,0
20130819,2.66,2.76,2.65,2.66,1404,0
20130820,2.75,2.75,2.66,2.73,3071,0
20130821,2.74,2.74,2.68,2.72,253,0
20130822,2.71,2.71,2.69,2.7,1067,0
20130823,2.74,2.94,2.7,2.93,29693,0
20130826,2.95,3.46,2.9,3.16,20478,0
20130827,3.33,3.66,3.27,3.55,74576,0
20130828,3.58,3.82,3.4,3.63,18169,0
20130829,3.69,3.69,3.36,3.53,2423,0
20130830,3.3,3.8,3.28,3.5,146030,0
20130902,3.54,3.59,3.42,3.59,5869,0
20130903,3.52,3.79,3.5,3.5,417550,0
20130904,3.6,3.6,3.4,3.58,22415,0
20130905,3.7,3.82,3.54,3.75,4020,0
20130906,3.78,3.82,3.49,3.55,9813,0
20130909,3.64,3.82,3.1,3.29,24524,0
20130910,3.58,3.58,3.26,3.26,10108,0
20130911,3.52,3.52,3.44,3.44,1112,0
20130912,3.52,3.52,3.4,3.48,362,0
20130913,3.48,3.48,3.48,3.48,2,0
20130916,3.48,3.48,3.33,3.33,2401,0
20130917,3.58,3.58,3.56,3.56,1100,0
20130918,3.4,3.4,3.4,3.4,498,0
20130919,3.55,3.55,3.48,3.49,502,0
20130920,3.51,3.68,3.27,3.27,7262,0
20130923,3.28,3.48,3.28,3.45,2347,0
20130924,3.48,3.48,3.25,3.25,101,0
20130925,3.4,3.49,3.23,3.44,16315,0
20130926,3.44,3.47,3.23,3.4,3965,0
20130927,3.45,3.45,3.29,3.39,1946,0
20130930,3.42,3.65,3.37,3.59,6178,0
20131001,3.54,3.54,3.33,3.49,2789,0
20131002,3.49,3.49,3.3,3.3,822,0
20131003,3.45,3.45,3.31,3.33,1288,0
20131004,3.48,3.48,3.18,3.22,4337,0
20131007,3.44,3.44,3.3,3.35,3201,0
20131008,3.34,3.34,3.34,3.34,1,0
20131009,3.34,3.34,3.15,3.15,4087,0
20131010,3.28,3.28,3.2,3.2,311,0
20131011,3.2,3.3,3.1,3.3,9540,0
20131014,3.3,3.49,3.23,3.23,15303,0
20131015,3.39,3.39,3.25,3.25,1937,0
20131016,3.38,3.38,3.3,3.37,16442,0
20131017,3.25,3.49,3.25,3.25,26327,0
20131018,3.37,3.39,3.35,3.39,71,0
20131021,3.39,3.39,3.24,3.24,2254,0
20131022,3.37,3.37,3.25,3.37,8705,0
20131023,3.36,3.37,3.36,3.37,2006,0
20131024,3.37,3.37,3.25,3.27,1205,0
20131025,3.37,3.37,3.28,3.3,101,0
20131028,3.37,3.37,3.27,3.27,62544,0
20131029,3.37,3.37,3.29,3.36,1049,0
20131030,3.37,3.37,3.26,3.26,485,0
20131031,3.37,3.37,3.37,3.37,760,0
20131104,3.37,3.37,3.31,3.33,3237,0
20131105,3.37,3.37,3.28,3.28,409,0
20131106,3.33,3.33,3.26,3.29,300408,0
20131107,3.33,3.33,3.29,3.29,2404,0
20131108,3.33,3.33,3.28,3.28,1517,0
20131112,3.3,3.33,3.29,3.32,1503,0
20131113,3.33,3.33,3.18,3.3,1064,0
20131114,3.37,3.39,3.33,3.35,10943,0
20131115,3.38,3.38,3.2,3.3,505,0
20131118,3.3,3.3,3.27,3.27,478,0
20131119,3.27,3.27,3.23,3.23,45,0
20131120,3.26,3.26,3.08,3.12,9254,0
20131121,3.3,3.3,3.13,3.14,816,0
20131122,3.27,3.38,3.12,3.12,2790,0
20131125,3.12,3.28,3.06,3.06,10397,0
20131126,3.05,3.21,3.05,3.06,5425,0
20131127,3.12,3.25,3.1,3.12,15482,0
20131128,3.11,3.11,3.04,3.1,541,0
20131129,3.11,3.25,3.09,3.1,11976,0
20131202,3.2,3.2,3.05,3.17,41,0
20131203,3.17,3.17,3.05,3.05,430,0
20131204,3.17,3.17,3.01,3.05,3128,0
20131205,3.17,3.17,3.01,3.14,7,0
20131206,3.14,3.14,2.95,3.05,1721,0
20131209,3.05,3.14,3.02,3.14,11694,0
20131210,3.14,3.14,3.14,3.14,1,0
20131211,3.14,3.17,3.11,3.11,1558,0
20131212,3.14,3.14,3.05,3.05,1436,0
20131213,3.03,3.13,3.03,3.12,3789,0
20131216,3.11,3.11,3,3,3183,0
20131217,3,3,2.87,2.87,1851,0
20131218,2.9,2.95,2.72,2.9,4098,0
20131219,2.89,2.89,2.72,2.89,738,0
20131220,2.61,2.81,2.55,2.6,3870,0
20131223,2.86,3,2.8,3,10881,0
20131227,3,3,2.88,3,5107,0
20131230,3,3.07,2.87,3,5283,0
20140102,3.05,3.35,2.97,3.35,24731,0
20140103,3.29,3.59,3.28,3.57,18967,0
20140107,3.5,3.5,3.23,3.47,12297,0
20140108,3.37,3.46,3.22,3.22,2106,0
20140109,3.32,3.48,3.27,3.45,6423,0
20140110,3.44,3.44,3.27,3.32,11744,0
20140113,3.42,3.42,3.26,3.34,10184,0
20140114,3.39,3.39,3.39,3.39,5,0
20140115,3.39,3.39,3.38,3.39,6001,0
20140116,3.39,3.45,3.38,3.45,7113,0
20140117,3.42,3.45,3.26,3.32,13731,0
20140120,3.39,3.49,3.25,3.26,26644,0
20140121,3.44,3.44,3.44,3.44,1,0
20140122,3.38,3.38,3.22,3.34,3223,0
20140123,3.38,3.38,3.38,3.38,4,0
20140124,3.38,3.38,3.2,3.25,4543,0
20140127,3.29,3.3,3.27,3.27,2186,0
20140128,3.29,3.29,3.21,3.29,61,0
20140129,3.38,3.38,3.24,3.29,6115,0
20140130,3.3,3.3,3.2,3.28,7449,0
20140131,3.3,3.3,3.1,3.24,8721,0
20140203,3.29,3.29,3.24,3.24,4,0
20140204,3.29,3.29,3.24,3.24,10,0
20140205,3.29,3.29,3.29,3.29,1,0
20140206,3.22,3.23,3.22,3.23,2,0
20140207,3.29,3.29,3.2,3.27,6508,0
20140210,3.31,3.31,3.31,3.31,2,0
20140211,3.3,3.3,3.05,3.17,1872,0
20140212,3.3,3.31,3.15,3.2,14436,0
20140213,3.3,3.3,3.2,3.25,606,0
20140214,3.25,3.25,3.11,3.19,9161,0
20140217,3.3,3.3,3.2,3.25,9001,0
20140218,3.3,3.3,3.16,3.29,10934,0
20140219,3.3,3.3,3.28,3.28,5060,0
20140220,3.3,3.3,3.06,3.26,4074,0
20140221,3.3,3.3,3.3,3.3,2,0
20140224,3.3,3.3,3,3.29,2339,0
20140225,3.29,3.29,3.1,3.28,2773,0
20140226,3.29,3.29,3.28,3.28,6,0
20140227,3.29,3.29,3.25,3.25,302,0
20140228,3.29,3.32,3.28,3.28,2158,0
20140303,3.3,3.3,3,3.29,7165,0
20140304,3.29,3.39,3.15,3.3,5603,0
20140305,3.33,3.33,3.1,3.2,6426,0
20140306,3.24,3.24,3.24,3.24,2,0
20140307,3.2,3.2,3,3.14,9274,0
20140310,3.14,3.14,3.02,3.03,7531,0
20140311,3.14,3.14,2.99,3.12,2808,0
20140312,3.12,3.12,2.94,3.1,6485,0
20140313,3.11,3.11,2.91,2.91,4013,0
20140314,3.11,3.11,3.11,3.11,3,0
20140317,3.07,3.08,3.07,3.08,40008,0
20140318,3.11,3.11,3.1,3.11,510,0
20140319,3.14,3.14,2.91,3.1,439,0
20140320,3.05,3.2,3.05,3.2,601,0
20140321,3.2,3.2,3.2,3.2,3,0
20140324,3.19,3.19,3.19,3.19,2,0
20140325,3.19,3.19,3.15,3.15,303,0
20140326,3.15,3.18,2.95,3.18,7808,0
20140327,3.18,3.18,3.15,3.15,202,0
20140328,3.19,3.19,3.14,3.14,326,0
20140331,3.14,3.14,3.14,3.14,9,0
20140401,3.14,3.14,3.1,3.13,160097,0
20140402,3.14,3.14,3.14,3.14,503,0
20140403,3.13,3.13,3.13,3.13,10,0
20140404,3.13,3.13,3,3.13,111015,0
20140407,3.13,3.13,3.1,3.1,20,0
20140408,3.13,3.13,2.95,3.12,1255,0
20140409,3.12,3.12,2.95,3.1,10,0
20140410,3.1,3.1,3.1,3.1,4,0
20140411,3.1,3.1,2.96,2.96,340,0
20140414,3.08,3.1,2.95,3.1,3686,0
20140415,3.1,3.1,3,3.1,1176,0
20140416,3.09,3.09,3.09,3.09,6,0
20140417,3.09,3.09,3.09,3.09,2,0
20140422,3.1,3.1,3.1,3.1,3,0
20140423,3.1,3.1,2.95,2.95,4699,0
20140424,2.94,2.94,2.94,2.94,193,0
20140425,2.9,2.96,2.9,2.96,3002,0
20140428,2.96,2.99,2.96,2.99,1003,0
20140429,2.99,2.99,2.99,2.99,7,0
20140430,2.99,2.99,2.99,2.99,1,0
20140502,2.99,2.99,2.99,2.99,2,0
20140505,2.99,2.99,2.99,2.99,2,0
20140506,2.79,3.05,2.79,3.05,5804,0
20140507,3.05,3.05,3.05,3.05,2,0
20140508,3.05,3.05,3.05,3.05,2,0
20140509,3.05,3.05,2.9,2.9,202,0
20140512,3.05,3.05,3.05,3.05,1,0
20140513,3.05,3.05,2.9,2.9,680,0
20140514,3.04,3.04,2.97,3.04,2601,0
20140515,3.03,3.03,3.03,3.03,1,0
20140516,3.02,3.02,2.87,3,2553,0
20140519,3.03,3.03,2.8,2.8,31,0
20140520,3.02,3.02,2.79,3.01,2311,0
20140521,3.01,3.01,3.01,3.01,1,0
20140522,3,3,2.8,2.8,1158,0
20140523,3,3,2.85,2.94,3150,0
20140526,3,3,3,3,1,0
20140527,2.99,2.99,2.99,2.99,3,0
20140528,2.99,2.99,2.99,2.99,5,0
20140529,2.99,2.99,2.99,2.99,2,0
20140530,3,3,3,3,87,0
20140602,3,3,3,3,3,0
20140603,3,3,3,3,3,0
20140604,3.01,3.01,3.01,3.01,3,0
20140605,2.82,3.01,2.82,3.01,4856,0
20140606,3.01,3.01,3.01,3.01,4,0
20140609,3.01,3.01,2.87,2.99,1006,0
20140610,2.99,2.99,2.77,2.98,2515,0
20140611,2.84,2.88,2.79,2.88,5599,0
20140612,2.9,2.98,2.81,2.98,583,0
20140613,2.98,2.98,2.98,2.98,2,0
