Date,Open,High,Low,Close,Volume,OpenInt
20080813,3,3,2.83,2.97,3122,0
20080814,2.96,2.96,2.96,2.96,10,0
20080818,2.83,2.89,2.5,2.89,702,0
20080819,2.35,2.88,2.35,2.88,7,0
20080820,2.85,2.85,2.85,2.85,5,0
20080821,2.5,2.5,2.5,2.5,1000,0
20080822,2.5,2.57,2.5,2.57,34,0
20080825,2.59,2.59,2.59,2.59,5,0
20080826,2.59,2.59,2.59,2.59,5,0
20080827,2.59,2.59,2.59,2.59,5,0
20080828,2.59,2.59,2.59,2.59,5,0
20080829,2.59,2.59,2.59,2.59,87,0
20080901,2.59,2.59,2.3,2.3,9006,0
20080902,2.59,2.59,2.59,2.59,4,0
20080903,2.59,2.59,2.59,2.59,2,0
20080904,2.59,2.59,2.59,2.59,4,0
20080905,2.59,2.59,2.59,2.59,6,0
20080908,2.57,2.57,2.57,2.57,5,0
20080909,2.5,2.5,2.5,2.5,104,0
20080910,2.57,2.57,2.57,2.57,11,0
20080911,2.59,2.59,2.59,2.59,5,0
20080912,2.25,2.3,2.25,2.3,717,0
20080915,2.52,2.52,2.52,2.52,8,0
20080916,2.52,2.52,2.2,2.2,131,0
20080918,2.2,2.2,2.2,2.2,89,0
20080919,2.51,2.51,2.51,2.51,5,0
20080922,2.19,2.19,2.01,2.12,2950,0
20080923,2.01,2.01,1.9,1.9,2040,0
20080925,2,2,2,2,45,0
20080926,2,2,2,2,14,0
20080929,2,2,2,2,11,0
20080930,2,2,2,2,11,0
20081001,2.19,2.19,2.19,2.19,105,0
20081002,2.19,2.19,2.19,2.19,100,0
20081003,2.19,2.19,2.19,2.19,100,0
20081006,2.19,2.19,2.19,2.19,100,0
20081007,2.19,2.19,2.19,2.19,25,0
20081008,2.15,2.15,2.15,2.15,100,0
20081009,2.14,2.14,2.14,2.14,50,0
20081010,2.13,2.6,2.13,2.15,1130,0
20081013,2.6,2.6,2.3,2.3,1720,0
20081014,2.4,2.4,2.4,2.4,20,0
20081015,2.6,2.6,2,2.55,173,0
20081016,2.55,2.55,2.55,2.55,20,0
20081017,2.1,2.55,2.1,2.55,2375,0
20081020,2.55,2.55,2.55,2.55,20,0
20081021,2.55,2.55,2.55,2.55,119,0
20081022,2.55,2.55,2.55,2.55,20,0
20081023,2.05,2.55,2.05,2.55,3435,0
20081024,2.55,2.55,2.04,2.04,325,0
20081027,2.44,2.44,2.44,2.44,50,0
20081028,2.4,2.4,2.1,2.1,3040,0
20081029,2.25,2.25,1.97,2,651,0
20081030,2.05,2.05,2.05,2.05,55,0
20081031,2.05,2.05,2,2,1570,0
20081103,2.05,2.05,2.05,2.05,20,0
20081104,2,2,2,2,30,0
20081105,2,2,2,2,30,0
20081106,2,2,2,2,25,0
20081107,2,2,2,2,25,0
20081110,2,2,2,2,30,0
20081112,2,2,2,2,20,0
20081113,2,2,2,2,30,0
20081114,1.95,1.95,1.95,1.95,20,0
20081117,1.95,1.95,1.75,1.75,1960,0
20081118,1.9,1.9,1.9,1.9,50,0
20081119,1.9,1.9,1.9,1.9,50,0
20081120,1.9,1.9,1.9,1.9,25,0
20081121,1.89,1.9,1.89,1.9,83,0
20081124,2,2,2,2,21,0
20081125,2,2,2,2,25,0
20081126,2,2,2,2,25,0
20081127,2,2,2,2,20,0
20081128,2,2,2,2,30,0
20081201,2,2,2,2,1,0
20081202,2,2,1.81,1.81,918,0
20081203,2,2,2,2,20,0
20081204,2,2,2,2,25,0
20081205,2,2,2,2,15,0
20081209,2.19,2.19,2.19,2.19,20,0
20081211,2,2,2,2,25,0
20081212,2,2,2,2,47,0
20081215,2,2,2,2,25,0
20081216,2,2,2,2,36,0
20081217,2,2,2,2,80,0
20081218,2.4,2.4,2.4,2.4,20,0
20081219,2.35,2.35,1.8,1.8,1035,0
20081222,2.16,2.16,2.16,2.16,35,0
20081223,2.2,2.2,2.2,2.2,36,0
20081229,2.2,2.2,2.2,2.2,29,0
20081230,2.19,2.19,2.19,2.19,51,0
20081231,2.19,2.19,2.19,2.19,18,0
20090105,2.4,2.4,2.4,2.4,25,0
20090106,2.38,2.38,2.38,2.38,20,0
20090107,2.37,2.37,2.37,2.37,45,0
20090108,2.36,2.36,2.36,2.36,33,0
20090109,2.35,2.35,2.35,2.35,32,0
20090112,2.34,2.34,2.34,2.34,17,0
20090113,2.29,2.29,2.29,2.29,27,0
20090114,2.12,2.12,2.12,2.12,22,0
20090115,2.12,2.12,2.12,2.12,19,0
20090116,2.12,2.12,2.12,2.12,19,0
20090119,2.12,2.12,2.12,2.12,21,0
20090120,2.11,2.11,2.11,2.11,15,0
20090121,2.12,2.12,2.12,2.12,25,0
20090122,2.12,2.12,2.12,2.12,30,0
20090123,2,2,2,2,20,0
20090126,2,2,2,2,15,0
20090127,2,2,2,2,20,0
20090128,2,2,1.5,1.9,5375,0
20090129,1.9,1.9,1.41,1.41,3920,0
20090130,1.5,1.5,1.5,1.5,30,0
20090202,1.5,1.5,1.5,1.5,1,0
20090203,1.5,1.5,1.5,1.5,20,0
20090204,1.5,1.5,1.5,1.5,25,0
20090205,1.5,1.5,1.5,1.5,30,0
20090206,1.5,1.5,1.5,1.5,20,0
20090209,1.5,1.5,1.5,1.5,25,0
20090210,1.5,1.5,1.5,1.5,20,0
20090211,1.5,1.5,1.5,1.5,30,0
20090212,1.5,1.5,1.5,1.5,35,0
20090213,1.5,1.5,1.5,1.5,64,0
20090216,1.5,1.5,1.36,1.36,420,0
20090217,1.5,1.5,1.5,1.5,30,0
20090218,1.5,1.5,1.5,1.5,40,0
20090219,1.5,1.5,1.5,1.5,35,0
20090220,1.6,1.6,1.6,1.6,1,0
20090223,1.6,1.6,1.6,1.6,25,0
20090224,1.6,1.6,1.6,1.6,35,0
20090225,1.6,1.6,1.6,1.6,30,0
20090226,1.6,1.6,1.6,1.6,40,0
20090227,1.6,1.6,1.6,1.6,225,0
20090302,1.6,1.6,1.55,1.6,21130,0
20090303,1.36,1.36,1.35,1.35,1952,0
20090306,1.16,1.16,1.16,1.16,3225,0
20090310,1.47,1.47,1,1,2710,0
20090311,1,1,1,1,20,0
20090312,1,1,1,1,25,0
20090313,1,1,1,1,1,0
20090316,1,1,1,1,45,0
20090317,1,1,1,1,30,0
20090318,1,1,1,1,25,0
20090319,1,1,1,1,35,0
20090320,1,1,1,1,36,0
20090323,1,1,1,1,1,0
20090324,1,1,1,1,37,0
20090325,1,1,1,1,25,0
20090326,1,1,1,1,35,0
20090327,1,1,1,1,36,0
20090331,1,1,1,1,30,0
20090402,1.2,1.25,0.98,0.98,2020,0
20090403,1.17,1.17,1.17,1.17,40,0
20090406,1.2,1.2,1.2,1.2,10,0
20090409,1.4,1.4,1.4,1.4,25,0
20090414,1.39,1.39,1.39,1.39,40,0
20090415,1.39,1.39,1.12,1.12,80,0
20090416,1.12,1.12,1,1,47786,0
20090417,1.2,1.2,1,1.05,5067,0
20090420,1.05,1.05,1.05,1.05,35,0
20090421,1.09,1.09,1.09,1.09,35,0
20090422,1.09,1.09,1.09,1.09,35,0
20090423,1.09,1.09,1.09,1.09,30,0
20090424,1.09,1.09,1.09,1.09,40,0
20090427,1.07,1.07,1.07,1.07,35,0
20090428,1.07,1.07,1.07,1.07,25,0
20090429,1.05,1.05,0.9,0.9,2630,0
20090430,1.05,1.05,0.9,0.9,2373,0
20090504,1,1,1,1,25,0
20090506,1.05,1.05,0.9,0.9,11030,0
20090507,0.99,0.99,0.9,0.9,1040,0
20090508,0.97,0.97,0.97,0.97,1653,0
20090511,1.03,1.04,0.95,0.95,8915,0
20090512,0.95,0.95,0.95,0.95,40,0
20090513,0.95,0.95,0.86,0.86,230,0
20090514,0.95,0.95,0.95,0.95,40,0
20090515,0.95,0.95,0.95,0.95,35,0
20090518,1,1.06,1,1.06,600,0
20090519,0.95,0.95,0.95,0.95,40,0
20090520,0.95,0.95,0.95,0.95,25,0
20090521,0.95,0.95,0.86,0.86,851,0
20090522,0.95,0.95,0.86,0.86,1004,0
20090525,1,1,1,1,35,0
20090526,1,1,0.75,0.75,12680,0
20090527,0.9,0.9,0.9,0.9,30,0
20090528,0.95,0.95,0.76,0.76,634,0
20090529,0.9,0.9,0.9,0.9,30,0
20090601,0.9,0.9,0.9,0.9,30,0
20090602,0.95,0.95,0.95,0.95,35,0
20090603,0.95,0.95,0.95,0.95,40,0
20090604,0.95,0.95,0.85,0.85,1130,0
20090605,0.85,0.85,0.7,0.7,17493,0
20090608,0.82,0.95,0.72,0.93,2060,0
20090609,0.93,0.93,0.8,0.93,13240,0
20090610,0.9,0.9,0.8,0.8,6542,0
20090612,0.89,0.9,0.89,0.9,1035,0
20090615,0.9,0.9,0.9,0.9,30,0
20090616,0.9,0.9,0.72,0.85,2051,0
20090617,0.85,0.85,0.73,0.84,1385,0
20090618,0.82,0.82,0.8,0.8,252,0
20090619,0.82,0.82,0.82,0.82,35,0
20090623,0.8,0.8,0.7,0.71,10176,0
20090624,0.79,0.79,0.79,0.79,40,0
20090625,0.79,0.79,0.79,0.79,30,0
20090626,0.79,0.79,0.79,0.79,45,0
20090629,0.81,0.81,0.81,0.81,1,0
20090630,0.79,0.79,0.79,0.79,35,0
20090701,0.79,0.79,0.79,0.79,40,0
20090702,0.79,0.79,0.79,0.79,45,0
20090703,0.79,0.79,0.79,0.79,35,0
20090706,0.84,0.84,0.84,0.84,9,0
20090707,0.8,0.8,0.52,0.65,30261,0
20090708,0.63,0.63,0.41,0.56,130750,0
20090709,0.56,0.6,0.56,0.6,7640,0
20090710,0.62,0.66,0.61,0.66,11660,0
20090713,0.67,0.67,0.67,0.67,50,0
20090714,0.67,0.67,0.55,0.65,5158,0
20090715,0.69,0.69,0.69,0.69,70,0
20090716,0.69,0.69,0.6,0.68,133,0
20090717,0.69,0.69,0.69,0.69,700,0
20090720,0.65,0.65,0.57,0.65,16700,0
20090721,0.65,0.65,0.59,0.65,82,0
20090722,0.6,0.65,0.57,0.64,12051,0
20090723,0.55,0.64,0.55,0.64,17800,0
20090724,0.64,0.64,0.64,0.64,50,0
20090727,0.64,0.65,0.64,0.65,6601,0
20090728,0.6,0.65,0.6,0.65,1005,0
20090729,0.6,0.64,0.6,0.64,18750,0
20090730,0.65,0.7,0.62,0.7,12490,0
20090731,0.61,0.61,0.6,0.6,37000,0
20090803,0.7,0.7,0.7,0.7,30,0
20090804,0.69,0.69,0.69,0.69,1,0
20090805,0.69,0.69,0.69,0.69,1000,0
20090806,0.68,0.68,0.6,0.65,19022,0
20090807,0.68,0.74,0.64,0.68,22200,0
20090810,0.68,0.68,0.6,0.6,35157,0
20090811,0.6,0.64,0.58,0.6,51190,0
20090812,0.56,0.65,0.55,0.63,52284,0
20090813,0.65,0.65,0.58,0.65,2130,0
20090814,0.6,0.64,0.58,0.63,35395,0
20090817,0.59,0.7,0.57,0.64,116304,0
20090818,0.62,0.67,0.58,0.66,67200,0
20090819,0.7,0.95,0.7,0.95,123478,0
20090820,1.3,1.33,1.14,1.31,160910,0
20090821,1.33,1.33,1.07,1.07,129375,0
20090824,1.08,1.08,0.87,0.93,760603,0
20090825,0.92,0.97,0.91,0.97,103051,0
20090826,0.97,0.97,0.85,0.88,87935,0
20090827,0.87,0.94,0.82,0.88,64261,0
20090828,0.9,1.05,0.9,0.95,169396,0
20090831,0.99,0.99,0.92,0.94,40487,0
20090901,0.95,0.97,0.88,0.91,62920,0
20090902,0.89,0.9,0.86,0.89,15279,0
20090903,0.87,0.91,0.86,0.89,19756,0
20090904,0.85,0.89,0.82,0.85,27057,0
20090907,0.91,1.25,0.89,1.19,427930,0
20090908,1.15,1.32,1.08,1.14,187180,0
20090909,1.13,1.32,1.05,1.19,227462,0
20090910,1.22,1.22,1.08,1.15,74399,0
20090911,1.17,1.17,1.1,1.15,44973,0
20090914,1.11,1.11,0.92,1.08,74638,0
20090915,1.03,1.08,1,1.06,42101,0
20090916,1.01,1.12,0.99,1.1,25984,0
20090917,1.1,1.1,1,1,31646,0
20090918,1.01,1.06,1.01,1.06,38809,0
20090921,1.02,1.06,0.96,1.02,55472,0
20090922,0.95,1.09,0.9,0.95,125165,0
20090923,0.94,1.11,0.91,1.1,86602,0
20090924,1.03,1.03,1,1,28123,0
20090925,1.02,1.02,0.96,1.01,15904,0
20090928,1,1.04,0.98,1.03,7007,0
20090929,1,1.03,0.95,1.03,4770,0
20090930,0.96,1.03,0.96,1.03,2789,0
20091001,0.97,1.03,0.97,1.03,621,0
20091002,1.03,1.03,0.96,0.98,18451,0
20091005,0.97,0.99,0.97,0.99,2530,0
20091006,0.99,0.99,0.99,0.99,2268,0
20091007,0.99,1,0.93,0.98,10040,0
20091008,0.99,0.99,0.95,0.95,1981,0
20091009,0.95,1.02,0.91,0.97,37325,0
20091012,1,1,0.95,0.99,17691,0
20091013,0.94,0.97,0.91,0.91,31850,0
20091014,0.95,0.95,0.95,0.95,10001,0
20091015,0.97,0.98,0.9,0.98,5576,0
20091016,0.93,0.94,0.91,0.91,9887,0
20091019,0.92,0.92,0.92,0.92,1500,0
20091020,0.94,0.96,0.9,0.9,5500,0
20091021,0.89,0.89,0.88,0.88,2000,0
20091022,0.87,0.88,0.86,0.88,10311,0
20091023,0.85,0.85,0.8,0.8,4001,0
20091026,0.89,0.96,0.89,0.9,14014,0
20091027,0.93,0.93,0.93,0.93,1,0
20091028,0.93,0.93,0.92,0.92,31,0
20091029,0.82,0.91,0.82,0.91,4610,0
20091030,0.92,0.92,0.84,0.9,5318,0
20091102,0.9,0.9,0.9,0.9,300,0
20091103,0.9,0.9,0.85,0.89,7840,0
20091104,0.85,0.89,0.85,0.89,4638,0
20091105,0.89,0.93,0.89,0.93,5330,0
20091106,0.94,0.94,0.89,0.93,7096,0
20091109,0.94,0.94,0.9,0.94,4021,0
20091110,0.94,0.95,0.94,0.94,6306,0
20091112,0.94,0.99,0.93,0.99,18166,0
20091113,0.96,0.97,0.95,0.95,4883,0
20091116,0.98,1.05,0.98,1.03,33542,0
20091117,1.04,1.05,0.99,1.04,23620,0
20091118,1.04,1.18,1.03,1.15,198892,0
20091119,1.15,1.18,1.07,1.16,94376,0
20091120,1.15,1.29,1.15,1.26,103519,0
20091123,1.24,1.39,1.22,1.34,173964,0
20091124,1.34,1.34,1.19,1.2,123973,0
20091125,1.26,1.26,1.16,1.2,35046,0
20091126,1.18,1.18,1.13,1.18,29148,0
20091127,1.11,1.17,1.02,1.17,33351,0
20091130,1.16,1.16,1.04,1.11,23098,0
20091201,1.07,1.16,1.07,1.16,66007,0
20091202,1.07,1.17,1.07,1.15,42802,0
20091203,1.1,1.14,1.06,1.07,34920,0
20091204,1.07,1.13,1.07,1.12,14930,0
20091207,1.1,1.26,1.1,1.11,83291,0
20091208,1.19,1.24,1.15,1.19,157817,0
20091209,1.17,1.21,1.16,1.16,35919,0
20091210,1.2,1.21,1.15,1.2,35247,0
20091211,1.2,1.21,1.14,1.2,51095,0
20091214,1.11,1.18,1.1,1.13,11543,0
20091215,1.1,1.11,1.09,1.09,40291,0
20091216,1.09,1.11,1.06,1.06,53459,0
20091217,1.06,1.06,1.02,1.04,21470,0
20091218,1.05,1.14,1.05,1.1,23917,0
20091221,1.08,1.1,1.08,1.1,12133,0
20091222,1.07,1.12,1.07,1.12,16732,0
20091223,1.13,1.13,1.13,1.13,1,0
20091228,1.13,1.18,1.13,1.16,5750,0
20091229,1.16,1.16,1.08,1.16,15260,0
20091230,1.1,1.12,1.08,1.09,7706,0
20091231,1.1,1.15,1.1,1.15,30013,0
20100104,1.1,1.15,1.1,1.1,25451,0
20100105,1.1,1.1,1.07,1.07,20017,0
20100106,1.1,1.16,1.1,1.15,42262,0
20100107,1.16,1.18,1.12,1.18,26740,0
20100108,1.16,1.35,1.16,1.25,220419,0
20100111,1.28,1.28,1.15,1.21,74595,0
20100112,1.18,1.26,1.15,1.16,49169,0
20100113,1.16,1.18,1.13,1.14,42312,0
20100114,1.18,1.18,1.13,1.15,19999,0
20100115,1.15,1.18,1.08,1.08,67286,0
20100118,1.08,1.16,1.08,1.16,38554,0
20100119,1.11,1.16,1.11,1.13,16116,0
20100120,1.17,1.25,1.15,1.21,85766,0
20100121,1.17,1.21,1.17,1.2,18919,0
20100122,1.15,1.29,1.15,1.23,65937,0
20100125,1.18,1.25,1.16,1.25,58689,0
20100126,1.2,1.25,1.2,1.25,126587,0
20100127,1.17,1.43,1.17,1.41,216167,0
20100128,1.42,1.64,1.28,1.31,665468,0
20100129,1.29,1.37,1.25,1.3,124671,0
20100201,1.38,1.59,1.37,1.48,1077451,0
20100202,1.51,1.56,1.4,1.46,327427,0
20100203,1.46,1.48,1.37,1.45,217597,0
20100204,1.41,1.54,1.39,1.4,287463,0
20100205,1.37,1.4,1.34,1.4,137966,0
20100208,1.36,1.45,1.35,1.38,43796,0
20100209,1.41,1.41,1.3,1.3,174321,0
20100210,1.31,1.32,1.3,1.3,56220,0
20100211,1.32,1.37,1.31,1.32,27687,0
20100212,1.31,1.37,1.31,1.35,22133,0
20100215,1.35,1.36,1.3,1.32,40586,0
20100216,1.31,1.33,1.24,1.33,70079,0
20100217,1.28,1.3,1.24,1.27,28424,0
20100218,1.3,1.34,1.27,1.31,23935,0
20100219,1.3,1.35,1.26,1.34,23956,0
20100222,1.28,1.42,1.26,1.4,100043,0
20100223,1.41,1.46,1.35,1.4,95959,0
20100224,1.35,1.35,1.27,1.33,53541,0
20100225,1.3,1.3,1.19,1.26,55167,0
20100226,1.25,1.28,1.22,1.26,44082,0
20100301,1.23,1.29,1.23,1.24,38858,0
20100302,1.25,1.4,1.25,1.37,61758,0
20100303,1.39,1.43,1.35,1.38,45650,0
20100304,1.4,1.4,1.33,1.33,20399,0
20100305,1.32,1.35,1.26,1.34,7197,0
20100308,1.34,1.5,1.3,1.49,150564,0
20100309,1.49,1.52,1.4,1.5,30581,0
20100310,1.44,1.58,1.36,1.58,125835,0
20100311,1.59,1.64,1.47,1.61,76161,0
20100312,1.59,1.63,1.52,1.53,37568,0
20100315,1.52,1.64,1.49,1.61,56919,0
20100316,1.58,1.64,1.57,1.6,56399,0
20100317,1.6,1.84,1.6,1.79,273462,0
20100318,1.79,1.96,1.74,1.75,509111,0
20100319,1.77,1.77,1.67,1.69,100170,0
20100322,1.79,1.89,1.55,1.63,202624,0
20100323,1.65,1.68,1.55,1.56,83637,0
20100324,1.55,1.65,1.55,1.65,82088,0
20100325,1.68,1.85,1.68,1.84,258068,0
20100326,1.85,1.94,1.84,1.86,111449,0
20100329,1.84,2.13,1.84,2.13,255072,0
20100330,2.21,2.4,2.14,2.15,150688,0
20100331,2.12,2.12,1.79,1.79,231820,0
20100401,1.78,1.84,1.7,1.75,127072,0
20100406,1.66,1.75,1.63,1.67,105668,0
20100407,1.66,1.74,1.6,1.65,114875,0
20100408,1.68,1.71,1.56,1.58,35821,0
20100409,1.6,1.67,1.56,1.62,76369,0
20100412,1.6,1.69,1.6,1.67,42409,0
20100413,1.67,1.67,1.6,1.63,44491,0
20100414,1.65,1.65,1.56,1.6,108048,0
20100415,1.58,1.58,1.52,1.57,108573,0
20100416,1.53,1.7,1.53,1.7,73284,0
20100419,1.7,1.7,1.64,1.64,29352,0
20100420,1.62,1.69,1.6,1.64,20172,0
20100421,1.6,1.64,1.53,1.53,14231,0
20100422,1.53,1.61,1.53,1.55,9141,0
20100423,1.55,1.62,1.55,1.6,7794,0
20100426,1.56,1.6,1.54,1.54,30610,0
20100427,1.55,1.58,1.53,1.58,14139,0
20100428,1.55,1.57,1.49,1.57,34462,0
20100429,1.57,1.59,1.55,1.59,4430,0
20100430,1.59,1.67,1.55,1.62,44723,0
20100504,1.6,1.61,1.55,1.61,21949,0
20100505,1.51,1.64,1.51,1.52,20544,0
20100506,1.51,1.59,1.51,1.56,7333,0
20100507,1.51,1.55,1.49,1.55,11873,0
20100510,1.51,1.59,1.51,1.58,8413,0
20100511,1.59,1.59,1.54,1.56,2287,0
20100512,1.56,1.59,1.53,1.55,14292,0
20100513,1.56,1.58,1.53,1.56,6235,0
20100514,1.56,1.56,1.5,1.55,50453,0
20100517,1.51,1.55,1.5,1.5,12713,0
20100518,1.52,1.63,1.52,1.58,14653,0
20100519,1.53,1.54,1.49,1.54,19896,0
20100520,1.53,1.53,1.38,1.49,50160,0
20100521,1.48,1.48,1.39,1.48,12691,0
20100524,1.48,1.6,1.41,1.5,25289,0
20100525,1.55,1.55,1.47,1.53,20070,0
20100526,1.43,1.5,1.4,1.42,230240,0
20100527,1.39,1.41,1.28,1.33,192834,0
20100528,1.37,1.37,1.24,1.27,178174,0
20100531,1.25,1.28,1.18,1.23,181855,0
20100601,1.21,1.33,1.2,1.33,110007,0
20100602,1.33,1.36,1.25,1.29,55452,0
20100604,1.31,1.32,1.22,1.26,58322,0
20100607,1.22,1.22,1.18,1.21,51305,0
20100608,1.23,1.23,1.18,1.23,42191,0
20100609,1.21,1.21,1.2,1.2,17896,0
20100610,1.2,1.22,1.19,1.22,15866,0
20100611,1.2,1.2,1.16,1.18,17525,0
20100614,1.15,1.15,1.09,1.1,41294,0
20100615,1.11,1.11,1.03,1.09,68731,0
20100616,1.1,1.19,1.1,1.18,104919,0
20100617,1.18,1.18,1.11,1.15,19291,0
20100618,1.15,1.19,1.1,1.12,30564,0
20100621,1.1,1.12,1.1,1.11,20368,0
20100622,1.09,1.15,1.08,1.08,52562,0
20100623,1.08,1.09,1.02,1.03,53128,0
20100624,1,1.06,1,1.03,21355,0
20100625,1,1.05,1,1.01,26606,0
20100628,1,1,0.98,0.99,18734,0
20100629,1,1,0.98,0.98,26253,0
20100630,1,1.07,1,1.07,16756,0
20100701,1.05,1.05,0.93,0.93,176060,0
20100702,0.94,0.97,0.9,0.97,145412,0
20100705,0.97,0.97,0.94,0.94,90752,0
20100706,0.93,0.97,0.93,0.97,13762,0
20100707,0.97,1.05,0.97,1.05,77592,0
20100708,1.07,1.07,1.03,1.06,12500,0
20100709,1.04,1.08,1.04,1.04,19711,0
20100712,1.02,1.03,0.99,1.01,28424,0
20100713,1.01,1.08,1,1.04,16293,0
20100714,1.03,1.14,1,1.14,94698,0
20100715,1.19,1.25,1.19,1.2,230584,0
20100716,1.19,1.21,1.15,1.17,59435,0
20100719,1.18,1.25,1.1,1.21,51872,0
20100720,1.2,1.26,1.17,1.18,23939,0
20100721,1.2,1.2,1.17,1.17,17294,0
20100722,1.27,1.51,1.27,1.42,1109314,0
20100723,1.47,1.47,1.36,1.42,306761,0
20100726,1.4,1.4,1.34,1.39,86374,0
20100727,1.41,1.41,1.32,1.34,104848,0
20100728,1.37,1.42,1.33,1.36,190995,0
20100729,1.36,1.4,1.33,1.35,80155,0
20100730,1.37,1.39,1.32,1.32,48355,0
20100802,1.33,1.37,1.32,1.36,59037,0
20100803,1.36,1.38,1.31,1.32,82875,0
20100804,1.32,1.34,1.32,1.34,8638,0
20100805,1.3,1.35,1.27,1.34,78422,0
20100806,1.3,1.34,1.3,1.33,12765,0
20100809,1.31,1.32,1.27,1.29,51403,0
20100810,1.29,1.29,1.27,1.29,35733,0
20100811,1.27,1.29,1.25,1.25,28011,0
20100812,1.25,1.26,1.2,1.26,75096,0
20100813,1.23,1.29,1.23,1.29,12782,0
20100816,1.28,1.34,1.25,1.27,32048,0
20100817,1.25,1.3,1.25,1.3,20920,0
20100818,1.3,1.34,1.26,1.3,48513,0
20100819,1.31,1.31,1.23,1.25,62028,0
20100820,1.25,1.25,1.25,1.25,8541,0
20100823,1.27,1.3,1.27,1.27,10900,0
20100824,1.31,1.31,1.25,1.29,17675,0
20100825,1.28,1.28,1.21,1.22,10094,0
20100826,1.24,1.25,1.22,1.22,13542,0
20100827,1.23,1.23,1.21,1.21,8032,0
20100830,1.2,1.23,1.2,1.22,22173,0
20100831,1.22,1.25,1.17,1.17,42687,0
20100901,1.16,1.22,1.11,1.15,63600,0
20100902,1.16,1.16,1.1,1.15,96435,0
20100903,1.12,1.19,1.12,1.18,64861,0
20100906,1.13,1.17,1.13,1.16,51791,0
20100907,1.17,1.26,1.16,1.24,51398,0
20100908,1.21,1.3,1.2,1.28,70041,0
20100909,1.3,1.4,1.3,1.38,252306,0
20100910,1.4,1.44,1.35,1.41,79918,0
20100913,1.41,1.41,1.36,1.39,34420,0
20100914,1.37,1.39,1.3,1.37,295778,0
20100915,1.37,1.47,1.32,1.4,568661,0
20100916,1.41,1.41,1.33,1.39,112211,0
20100917,1.38,1.38,1.33,1.33,96262,0
20100920,1.33,1.33,1.25,1.26,164978,0
20100921,1.26,1.35,1.22,1.28,103805,0
20100922,1.32,1.32,1.25,1.25,51070,0
20100923,1.24,1.26,1.19,1.2,177011,0
20100924,1.2,1.27,1.18,1.22,77733,0
20100927,1.23,1.26,1.12,1.22,39890,0
20100928,1.22,1.22,1.16,1.22,58667,0
20100929,1.22,1.35,1.22,1.35,389394,0
20100930,1.37,1.37,1.29,1.33,113279,0
20101001,1.34,1.34,1.27,1.27,59726,0
20101004,1.26,1.29,1.22,1.25,132909,0
20101005,1.27,1.28,1.22,1.22,143275,0
20101006,1.23,1.25,1.2,1.22,69233,0
20101007,1.22,1.25,1.2,1.23,45717,0
20101008,1.24,1.24,1.19,1.2,68543,0
20101011,1.22,1.23,1.18,1.2,35832,0
20101012,1.2,1.2,1.17,1.2,66139,0
20101013,1.2,1.22,1.18,1.22,83252,0
20101014,1.19,1.23,1.19,1.19,35012,0
20101015,1.18,1.2,1.16,1.18,27903,0
20101018,1.17,1.17,1.08,1.16,79647,0
20101019,1.11,1.17,1.11,1.16,35408,0
20101020,1.17,1.19,1.11,1.19,27570,0
20101021,1.18,1.21,1.18,1.21,19350,0
20101022,1.21,1.21,1.14,1.21,10796,0
20101025,1.2,1.21,1.14,1.2,31118,0
20101026,1.16,1.2,1.16,1.19,44428,0
20101027,1.17,1.19,1.17,1.19,24443,0
20101028,1.18,1.18,1.16,1.16,12135,0
20101029,1.16,1.19,1.15,1.18,11023,0
20101102,1.16,1.19,1.15,1.19,7097,0
20101103,1.19,1.2,1.16,1.16,43490,0
20101104,1.18,1.19,1.17,1.19,9221,0
20101105,1.16,1.18,1.16,1.18,4483,0
20101108,1.15,1.17,1.11,1.16,39202,0
20101109,1.17,1.19,1.15,1.16,26636,0
20101110,1.19,1.19,1.14,1.16,33668,0
20101112,1.18,1.18,1.14,1.15,9792,0
20101115,1.15,1.16,1.13,1.15,43206,0
20101116,1.13,1.17,1.13,1.15,45182,0
20101117,1.17,1.18,1.16,1.17,6609,0
20101118,1.17,1.17,1.12,1.15,125942,0
20101119,1.12,1.14,1.11,1.12,31135,0
20101122,1.11,1.12,1.01,1.02,398281,0
20101123,1.02,1.04,0.96,1,270864,0
20101124,1,1.03,0.97,1.03,48642,0
20101125,1.03,1.03,0.97,1.02,89277,0
20101126,1.04,1.04,1,1.03,33018,0
20101129,1,1.02,0.99,1,27768,0
20101130,1.02,1.05,0.99,1,33294,0
20101201,1,1,0.99,1,14268,0
20101202,1,1,0.97,1,63577,0
20101203,0.99,1,0.96,0.97,112807,0
20101206,0.96,0.97,0.94,0.96,62215,0
20101207,0.96,0.98,0.96,0.96,47021,0
20101208,0.96,0.96,0.94,0.95,63130,0
20101209,0.95,0.96,0.91,0.94,53483,0
20101210,0.94,1.01,0.92,1.01,212312,0
20101213,1,1,0.97,1,43865,0
20101214,0.96,1.01,0.96,1.01,80517,0
20101215,0.97,1.01,0.97,1.01,61100,0
20101216,0.99,0.99,0.96,0.99,59837,0
20101217,0.98,0.98,0.97,0.98,39431,0
20101220,0.98,0.98,0.96,0.97,49958,0
20101221,0.96,0.97,0.95,0.97,31578,0
20101222,0.95,0.96,0.95,0.96,17492,0
20101223,0.96,1,0.92,1,268248,0
20101227,0.99,0.99,0.96,0.96,52636,0
20101228,0.95,0.97,0.94,0.97,73776,0
20101229,0.97,1,0.97,0.99,256780,0
20101231,1,1.01,0.99,1.01,14224,0
20110103,1.01,1.02,0.98,0.98,30955,0
20110104,0.98,1,0.97,0.97,27272,0
20110105,0.96,0.96,0.92,0.94,83698,0
20110107,0.93,0.95,0.92,0.94,39303,0
20110110,0.94,0.95,0.92,0.92,24900,0
20110111,0.92,0.95,0.92,0.95,11166,0
20110112,0.92,0.96,0.91,0.96,6141,0
20110113,0.93,0.94,0.92,0.94,6075,0
20110114,0.95,0.95,0.94,0.94,641,0
20110117,0.92,0.99,0.92,0.97,39528,0
20110118,0.97,0.97,0.92,0.97,21106,0
20110119,0.93,0.97,0.93,0.93,18816,0
20110120,0.92,0.93,0.92,0.93,28285,0
20110121,0.95,0.96,0.92,0.92,9400,0
20110124,0.93,0.93,0.91,0.92,26938,0
20110125,0.95,0.95,0.91,0.91,28788,0
20110126,0.93,0.93,0.85,0.91,96486,0
20110127,0.89,0.94,0.88,0.93,36469,0
20110128,0.9,0.98,0.9,0.96,90751,0
20110131,0.95,0.96,0.93,0.96,17981,0
20110201,0.92,0.96,0.9,0.95,47985,0
20110202,0.92,0.97,0.91,0.96,62923,0
20110203,0.96,0.96,0.92,0.92,70262,0
20110204,0.94,0.94,0.91,0.92,5110,0
20110207,0.94,0.94,0.92,0.92,27021,0
20110208,0.92,0.92,0.92,0.92,5647,0
20110209,0.91,0.92,0.91,0.92,756,0
20110210,0.91,0.92,0.89,0.89,17468,0
20110211,0.9,0.9,0.89,0.89,27023,0
20110214,0.9,0.95,0.9,0.94,49937,0
20110215,0.94,0.95,0.92,0.92,36476,0
20110216,0.92,0.94,0.92,0.94,21079,0
20110217,0.92,0.92,0.91,0.91,22762,0
20110218,0.9,0.91,0.85,0.91,25621,0
20110221,0.92,0.92,0.9,0.9,5169,0
20110222,0.89,0.89,0.89,0.89,3056,0
20110223,0.89,0.9,0.89,0.9,9447,0
20110224,0.9,0.9,0.89,0.89,5500,0
20110225,0.89,0.91,0.89,0.91,3396,0
20110228,0.9,0.9,0.89,0.9,9209,0
20110301,0.91,0.91,0.91,0.91,6450,0
20110302,0.91,0.94,0.89,0.93,47913,0
20110303,0.9,0.93,0.9,0.93,26471,0
20110304,0.93,0.93,0.92,0.92,16387,0
20110307,0.91,0.92,0.9,0.92,9048,0
20110308,0.92,0.95,0.92,0.93,25541,0
20110309,0.93,0.94,0.92,0.94,13423,0
20110310,0.94,0.95,0.94,0.94,55834,0
20110311,0.95,0.95,0.94,0.95,56990,0
20110314,0.96,0.96,0.95,0.95,24077,0
20110315,0.94,0.94,0.91,0.94,23750,0
20110316,0.91,0.94,0.91,0.94,2040,0
20110317,0.92,0.94,0.92,0.93,6769,0
20110318,0.91,0.96,0.9,0.93,142816,0
20110321,0.92,0.93,0.92,0.92,32717,0
20110322,0.91,0.94,0.87,0.94,36457,0
20110323,0.91,0.95,0.89,0.94,125926,0
20110324,0.92,0.93,0.9,0.9,56393,0
20110325,0.9,0.95,0.87,0.95,115629,0
20110328,0.93,0.94,0.91,0.94,66000,0
20110329,0.92,0.95,0.92,0.95,71000,0
20110330,0.93,0.94,0.93,0.93,19422,0
20110331,0.93,0.93,0.93,0.93,6622,0
20110401,0.93,0.95,0.93,0.95,39314,0
20110404,0.93,0.95,0.92,0.95,292286,0
20110405,0.93,0.94,0.92,0.94,16194,0
20110406,0.92,0.95,0.92,0.95,74770,0
20110407,0.93,0.95,0.92,0.95,103996,0
20110408,0.94,0.95,0.93,0.95,175395,0
20110411,0.96,0.96,0.94,0.95,58211,0
20110412,0.95,0.95,0.93,0.95,9001,0
20110413,0.94,0.95,0.93,0.95,113311,0
20110414,0.96,1.06,0.95,1.06,644870,0
20110415,1.06,1.12,1.02,1.09,332475,0
20110418,1.09,1.15,1.05,1.09,678020,0
20110419,1.09,1.12,1.05,1.09,195179,0
20110420,1.06,1.09,1.04,1.09,66287,0
20110421,1.09,1.12,1.08,1.08,83442,0
20110426,1.07,1.08,1.05,1.05,60696,0
20110427,1.05,1.09,1.03,1.09,113148,0
20110428,1.09,1.1,1.06,1.06,49117,0
20110429,1.05,1.05,1.01,1.04,141773,0
20110502,1.05,1.08,1.05,1.06,20564,0
20110504,1.08,1.08,1.03,1.03,14696,0
20110505,1.02,1.03,1.02,1.03,8869,0
20110506,1.03,1.04,1.03,1.04,13700,0
20110509,1.05,1.05,1.03,1.04,51400,0
20110510,1.04,1.04,1.02,1.04,7028,0
20110511,1.04,1.05,1.04,1.05,12500,0
20110512,1.03,1.04,1.01,1.04,66066,0
20110513,1.05,1.06,1.05,1.05,21470,0
20110516,1.05,1.07,1.05,1.05,46314,0
20110517,1.05,1.14,1.05,1.12,355729,0
20110518,1.12,1.35,1.12,1.22,1055140,0
20110519,1.21,1.21,1.12,1.14,422922,0
20110520,1.16,1.22,1.15,1.18,206000,0
20110523,1.17,1.17,1.15,1.17,41629,0
20110524,1.17,1.19,1.16,1.17,121982,0
20110525,1.18,1.26,1.17,1.26,187249,0
20110526,1.27,1.38,1.21,1.25,575235,0
20110527,1.24,1.28,1.19,1.28,131981,0
20110530,1.28,1.28,1.22,1.22,197324,0
20110531,1.23,1.28,1.21,1.28,109388,0
20110601,1.26,1.28,1.23,1.24,836141,0
20110602,1.23,1.25,1.21,1.23,150218,0
20110603,1.23,1.27,1.23,1.23,75543,0
20110606,1.16,1.24,1.16,1.23,260257,0
20110607,1.2,1.26,1.2,1.24,43070,0
20110608,1.24,1.27,1.24,1.27,68926,0
20110609,1.26,1.28,1.25,1.26,155012,0
20110610,1.28,1.28,1.25,1.25,30228,0
20110613,1.25,1.27,1.25,1.25,291982,0
20110614,1.25,1.26,1.25,1.26,41713,0
20110615,1.28,1.28,1.23,1.26,71463,0
20110616,1.22,1.28,1.2,1.28,111950,0
20110617,1.28,1.4,1.28,1.35,250297,0
20110620,1.39,1.39,1.34,1.36,96343,0
20110621,1.34,1.38,1.33,1.33,158531,0
20110622,1.34,1.36,1.34,1.34,80690,0
20110624,1.33,1.34,1.33,1.33,50150,0
20110627,1.33,1.33,1.23,1.31,410420,0
20110628,1.31,1.31,1.25,1.27,278287,0
20110629,1.24,1.29,1.21,1.29,140054,0
20110630,1.28,1.28,1.24,1.27,126166,0
20110701,1.24,1.26,1.22,1.26,70500,0
20110704,1.23,1.25,1.2,1.25,217928,0
20110705,1.21,1.24,1.21,1.23,64188,0
20110706,1.23,1.23,1.17,1.23,75653,0
20110707,1.2,1.25,1.2,1.21,143952,0
20110708,1.24,1.24,1.2,1.2,29584,0
20110711,1.19,1.19,1.19,1.19,15400,0
20110712,1.16,1.16,1.08,1.12,107772,0
20110713,1.11,1.14,1.08,1.08,17258,0
20110714,1.1,1.13,1.1,1.1,4809,0
20110715,1.12,1.12,1.06,1.1,26001,0
20110718,1.09,1.1,1.02,1.1,35053,0
20110719,1.04,1.1,1.03,1.03,2582,0
20110720,1.03,1.04,1.03,1.03,14548,0
20110721,1.03,1.07,1.03,1.03,18252,0
20110722,1.03,1.04,1.03,1.03,44725,0
20110725,1.02,1.04,1.01,1.01,53193,0
20110726,0.96,1,0.95,1,101880,0
20110727,0.96,1,0.95,1,105931,0
20110728,0.95,1,0.95,0.99,80333,0
20110729,0.97,0.97,0.97,0.97,13300,0
20110801,0.97,1,0.97,1,13864,0
20110802,0.97,0.98,0.96,0.96,25943,0
20110803,0.93,0.93,0.85,0.9,69622,0
20110804,0.84,0.88,0.81,0.86,358569,0
20110805,0.84,0.86,0.78,0.86,236159,0
20110808,0.8,0.81,0.78,0.81,79711,0
20110809,0.83,0.83,0.75,0.76,50134,0
20110810,0.8,0.8,0.75,0.75,18258,0
20110811,0.68,0.75,0.68,0.75,46557,0
20110812,0.77,0.79,0.74,0.76,145594,0
20110816,0.77,0.78,0.76,0.78,38672,0
20110817,0.77,0.78,0.75,0.77,20668,0
20110818,0.77,0.77,0.7,0.76,85921,0
20110819,0.71,0.75,0.71,0.75,31999,0
20110822,0.74,0.75,0.72,0.73,61769,0
20110823,0.75,0.75,0.73,0.73,6800,0
20110824,0.74,0.75,0.73,0.74,64113,0
20110825,0.74,0.77,0.74,0.77,101745,0
20110826,0.76,0.81,0.75,0.81,85000,0
20110829,0.78,0.84,0.77,0.84,21244,0
20110830,0.84,0.84,0.81,0.84,19260,0
20110831,0.84,0.88,0.83,0.88,51494,0
20110901,0.86,0.93,0.83,0.93,46015,0
20110902,0.9,0.93,0.86,0.93,126838,0
20110905,0.87,0.92,0.87,0.88,24247,0
20110906,0.88,0.9,0.88,0.88,15424,0
20110907,0.86,0.9,0.85,0.89,130545,0
20110908,0.86,0.86,0.85,0.85,12000,0
20110909,0.82,0.83,0.77,0.77,53648,0
20110912,0.72,0.73,0.7,0.73,31530,0
20110913,0.77,0.77,0.7,0.7,10463,0
20110914,0.75,0.75,0.7,0.74,14514,0
20110915,0.71,0.74,0.7,0.72,27421,0
20110916,0.72,0.73,0.7,0.73,29294,0
20110919,0.69,0.8,0.66,0.8,235773,0
20110920,0.74,0.81,0.72,0.72,83051,0
20110921,0.72,0.72,0.68,0.71,18054,0
20110922,0.69,0.7,0.64,0.66,153451,0
20110923,0.66,0.67,0.6,0.64,250516,0
20110926,0.65,0.65,0.61,0.61,28932,0
20110927,0.64,0.64,0.6,0.64,8500,0
20110928,0.64,0.7,0.62,0.7,182692,0
20110929,0.7,0.71,0.66,0.67,27488,0
20110930,0.65,0.69,0.65,0.69,7901,0
20111003,0.61,0.7,0.61,0.66,17080,0
20111004,0.68,0.7,0.66,0.7,143480,0
20111005,0.68,0.7,0.67,0.68,38045,0
20111006,0.7,0.7,0.67,0.7,68928,0
20111007,0.7,0.7,0.7,0.7,900,0
20111010,0.68,0.7,0.67,0.7,66976,0
20111011,0.67,0.69,0.63,0.67,84753,0
20111012,0.67,0.68,0.65,0.68,27176,0
20111013,0.69,0.69,0.67,0.68,22140,0
20111014,0.67,0.68,0.67,0.67,36308,0
20111017,0.67,0.68,0.66,0.68,23882,0
20111018,0.68,0.68,0.68,0.68,1500,0
20111019,0.68,0.68,0.65,0.68,8000,0
20111020,0.65,0.65,0.65,0.65,5590,0
20111024,0.62,0.67,0.6,0.67,23849,0
20111025,0.64,0.67,0.63,0.65,13528,0
20111026,0.65,0.67,0.63,0.67,9500,0
20111027,0.66,0.71,0.66,0.69,46279,0
20111028,0.7,0.71,0.68,0.7,34290,0
20111031,0.7,0.71,0.69,0.71,95048,0
20111102,0.68,0.68,0.64,0.68,13742,0
20111103,0.69,0.74,0.69,0.74,18110,0
20111104,0.72,0.75,0.69,0.7,54916,0
20111107,0.68,0.79,0.67,0.76,942364,0
20111108,0.75,0.78,0.74,0.77,257977,0
20111109,0.74,0.74,0.7,0.73,42519,0
20111114,0.73,0.76,0.73,0.75,15274,0
20111115,0.71,0.72,0.7,0.7,218212,0
20111116,0.69,0.72,0.68,0.72,38378,0
20111117,0.73,0.73,0.69,0.71,60360,0
20111118,0.72,0.72,0.69,0.7,116610,0
20111121,0.68,0.72,0.68,0.7,176088,0
20111122,0.7,0.7,0.64,0.68,64910,0
20111123,0.66,0.69,0.65,0.69,51362,0
20111124,0.67,0.69,0.64,0.69,20181,0
20111125,0.64,0.67,0.63,0.66,31130,0
20111128,0.68,0.68,0.62,0.68,40280,0
20111130,0.68,0.68,0.67,0.68,10280,0
20111201,0.67,0.68,0.63,0.68,25130,0
20111202,0.64,0.68,0.62,0.62,77130,0
20111205,0.62,0.62,0.58,0.62,198938,0
20111206,0.62,0.63,0.62,0.62,159429,0
20111207,0.62,0.63,0.58,0.62,215142,0
20111208,0.62,0.68,0.62,0.67,410936,0
20111209,0.66,0.68,0.66,0.68,201099,0
20111212,0.67,0.67,0.67,0.67,3000,0
20111213,0.63,0.7,0.63,0.7,98513,0
20111214,0.74,0.75,0.73,0.75,169544,0
20111215,0.74,0.85,0.71,0.73,481553,0
20111216,0.71,0.73,0.68,0.68,31589,0
20111219,0.67,0.68,0.65,0.65,125852,0
20111220,0.68,0.68,0.64,0.66,103058,0
20111221,0.68,0.68,0.66,0.66,48266,0
20111222,0.67,0.7,0.66,0.66,23550,0
20111223,0.69,0.69,0.68,0.69,17185,0
20111227,0.66,0.67,0.64,0.64,108149,0
20111228,0.66,0.66,0.63,0.63,55923,0
20111229,0.62,0.64,0.62,0.63,97163,0
20111230,0.65,0.65,0.63,0.64,31050,0
20120102,0.69,0.7,0.69,0.69,27301,0
20120103,0.66,0.69,0.66,0.69,168381,0
20120104,0.71,0.73,0.7,0.72,93041,0
20120105,0.72,0.78,0.68,0.75,280592,0
20120109,0.75,0.78,0.74,0.76,166164,0
20120110,0.76,0.84,0.76,0.84,786040,0
20120111,0.84,0.85,0.8,0.82,246137,0
20120112,0.81,0.82,0.78,0.8,164222,0
20120113,0.8,0.81,0.76,0.79,115795,0
20120116,0.79,0.79,0.76,0.79,67343,0
20120117,0.77,0.79,0.75,0.76,97177,0
20120118,0.76,0.79,0.76,0.79,74394,0
20120119,0.78,0.79,0.77,0.78,56940,0
20120120,0.77,0.78,0.73,0.73,138705,0
20120123,0.76,0.76,0.74,0.74,81261,0
20120124,0.73,0.74,0.72,0.73,42013,0
20120125,0.73,0.74,0.72,0.74,19255,0
20120126,0.74,0.77,0.74,0.76,90173,0
20120127,0.76,0.78,0.75,0.78,124029,0
20120130,0.77,0.78,0.74,0.77,83920,0
20120131,0.78,0.78,0.74,0.76,120001,0
20120201,0.76,0.77,0.75,0.77,15000,0
20120202,0.75,0.77,0.73,0.76,128535,0
20120203,0.75,0.75,0.74,0.75,42330,0
20120206,0.75,0.78,0.75,0.78,123574,0
20120207,0.77,0.81,0.75,0.75,430838,0
20120208,0.75,0.77,0.74,0.76,111976,0
20120209,0.75,0.77,0.75,0.77,20027,0
20120210,0.75,0.75,0.72,0.75,116232,0
20120213,0.72,0.74,0.72,0.73,54776,0
20120214,0.73,0.77,0.72,0.76,82135,0
20120215,0.74,0.77,0.74,0.76,58072,0
20120216,0.74,0.74,0.74,0.74,15709,0
20120217,0.76,0.76,0.74,0.75,15009,0
20120220,0.76,0.77,0.75,0.77,100590,0
20120221,0.77,0.79,0.76,0.78,122053,0
20120222,0.78,0.78,0.76,0.76,64667,0
20120223,0.77,0.84,0.77,0.81,459116,0
20120224,0.82,0.82,0.78,0.8,158980,0
20120227,0.81,0.81,0.78,0.8,44072,0
20120228,0.78,0.8,0.75,0.77,166861,0
20120229,0.76,0.76,0.75,0.75,83470,0
20120301,0.75,0.77,0.75,0.77,14289,0
20120302,0.77,0.77,0.75,0.77,8001,0
20120305,0.75,0.77,0.75,0.77,16787,0
20120306,0.76,0.76,0.71,0.74,46115,0
20120307,0.74,0.74,0.74,0.74,14262,0
20120308,0.73,0.75,0.73,0.74,23366,0
20120309,0.76,0.76,0.74,0.76,14600,0
20120312,0.76,0.76,0.74,0.76,10930,0
20120313,0.76,0.76,0.74,0.75,12789,0
20120314,0.74,0.75,0.74,0.75,48706,0
20120315,0.74,0.74,0.72,0.73,23832,0
20120316,0.73,0.74,0.73,0.74,13380,0
20120319,0.74,0.74,0.71,0.73,67877,0
20120320,0.73,0.74,0.72,0.74,20173,0
20120321,0.73,0.73,0.71,0.72,42050,0
20120322,0.71,0.72,0.69,0.71,73805,0
20120323,0.7,0.73,0.69,0.73,75611,0
20120326,0.71,0.71,0.67,0.71,26512,0
20120327,0.69,0.71,0.69,0.71,27181,0
20120328,0.68,0.71,0.68,0.71,26074,0
20120329,0.7,0.7,0.69,0.69,200,0
20120330,0.68,0.7,0.67,0.7,48842,0
20120402,0.69,0.69,0.68,0.68,3100,0
20120403,0.69,0.7,0.67,0.68,93239,0
20120404,0.69,0.69,0.66,0.68,63200,0
20120405,0.67,0.68,0.66,0.67,70373,0
20120410,0.65,0.68,0.65,0.68,181120,0
20120411,0.65,0.68,0.65,0.68,20193,0
20120412,0.68,0.68,0.67,0.68,5978,0
20120413,0.67,0.68,0.67,0.68,42773,0
20120416,0.68,0.71,0.68,0.71,100190,0
20120417,0.7,0.71,0.69,0.71,58059,0
20120418,0.7,0.71,0.7,0.7,32177,0
20120419,0.69,0.71,0.69,0.71,10000,0
20120420,0.7,0.71,0.69,0.71,39995,0
20120423,0.7,0.71,0.65,0.68,111771,0
20120424,0.67,0.69,0.67,0.69,284445,0
20120425,0.68,0.69,0.67,0.69,5068,0
20120426,0.67,0.71,0.67,0.69,148097,0
20120427,0.71,0.71,0.69,0.7,6148,0
20120430,0.7,0.7,0.7,0.7,1710,0
20120502,0.7,0.7,0.7,0.7,49697,0
20120504,0.67,0.71,0.67,0.71,41801,0
20120507,0.71,0.71,0.7,0.71,26528,0
20120508,0.71,0.71,0.67,0.69,37780,0
20120509,0.68,0.69,0.67,0.69,34358,0
20120510,0.68,0.69,0.68,0.69,5012,0
20120511,0.67,0.68,0.67,0.68,43003,0
20120514,0.66,0.66,0.65,0.65,55407,0
20120515,0.65,0.66,0.65,0.66,51008,0
20120516,0.61,0.63,0.59,0.61,87279,0
20120517,0.63,0.63,0.55,0.56,83835,0
20120518,0.55,0.55,0.5,0.54,215972,0
20120521,0.54,0.55,0.5,0.55,71191,0
20120522,0.53,0.58,0.53,0.58,169625,0
20120523,0.55,0.56,0.53,0.53,126734,0
20120524,0.53,0.56,0.52,0.54,86483,0
20120525,0.53,0.57,0.53,0.55,11628,0
20120528,0.56,0.56,0.56,0.56,2000,0
20120529,0.53,0.57,0.53,0.57,10326,0
20120531,0.57,0.59,0.55,0.58,17605,0
20120601,0.6,0.6,0.56,0.57,49654,0
20120604,0.57,0.59,0.55,0.58,230077,0
20120605,0.58,0.59,0.53,0.58,166159,0
20120606,0.58,0.6,0.57,0.58,125558,0
20120608,0.58,0.58,0.55,0.58,270718,0
20120611,0.58,0.6,0.57,0.58,858792,0
20120612,0.59,0.59,0.55,0.56,251255,0
20120613,0.56,0.56,0.53,0.54,142713,0
20120614,0.53,0.54,0.51,0.54,138870,0
20120615,0.54,0.54,0.5,0.53,363845,0
20120618,0.53,0.56,0.52,0.56,55728,0
20120619,0.57,0.58,0.56,0.57,94627,0
20120620,0.57,0.58,0.56,0.57,42076,0
20120621,0.58,0.58,0.56,0.57,23695,0
20120622,0.58,0.58,0.57,0.58,10640,0
20120625,0.58,0.6,0.56,0.59,60635,0
20120626,0.58,0.58,0.57,0.58,2919,0
20120627,0.57,0.59,0.56,0.59,13301,0
20120628,0.57,0.6,0.57,0.58,30424,0
20120629,0.57,0.58,0.57,0.58,35311,0
20120702,0.58,0.6,0.57,0.59,37901,0
20120704,0.57,0.57,0.54,0.54,38420,0
20120705,0.54,0.56,0.54,0.54,105962,0
20120706,0.53,0.56,0.51,0.55,191098,0
20120709,0.56,0.56,0.52,0.54,62976,0
20120710,0.51,0.54,0.51,0.54,17581,0
20120711,0.52,0.53,0.52,0.53,17500,0
20120712,0.51,0.53,0.51,0.53,15283,0
20120713,0.51,0.53,0.51,0.53,836,0
20120716,0.51,0.52,0.48,0.51,85047,0
20120717,0.46,0.52,0.46,0.47,327455,0
20120718,0.46,0.49,0.44,0.47,114284,0
20120719,0.45,0.47,0.45,0.47,8280,0
20120720,0.45,0.48,0.45,0.48,13871,0
20120723,0.45,0.46,0.41,0.41,167333,0
20120724,0.42,0.43,0.41,0.42,210650,0
20120725,0.42,0.44,0.42,0.44,31742,0
20120726,0.44,0.44,0.42,0.44,10143,0
20120727,0.45,0.47,0.45,0.47,30643,0
20120731,0.46,0.46,0.44,0.46,10962,0
20120801,0.44,0.47,0.44,0.46,101010,0
20120802,0.44,0.44,0.44,0.44,22343,0
20120803,0.47,0.47,0.47,0.47,1,0
20120806,0.43,0.47,0.43,0.47,57846,0
20120808,0.47,0.47,0.45,0.47,7706,0
20120809,0.46,0.46,0.45,0.45,17307,0
20120810,0.46,0.47,0.45,0.47,15318,0
20120813,0.44,0.44,0.44,0.44,106000,0
20120814,0.44,0.45,0.43,0.44,75190,0
20120816,0.43,0.44,0.42,0.42,96590,0
20120817,0.43,0.43,0.42,0.42,55000,0
20120820,0.42,0.42,0.42,0.42,136214,0
20120821,0.43,0.44,0.43,0.44,6374,0
20120822,0.43,0.44,0.43,0.44,12652,0
20120823,0.44,0.44,0.42,0.42,52349,0
20120824,0.42,0.42,0.41,0.41,55083,0
20120827,0.41,0.42,0.4,0.42,41853,0
20120828,0.41,0.41,0.41,0.41,61698,0
20120829,0.41,0.41,0.4,0.4,32586,0
20120830,0.41,0.41,0.4,0.41,26250,0
20120831,0.4,0.42,0.4,0.4,38041,0
20120903,0.39,0.4,0.38,0.4,10671,0
20120904,0.38,0.4,0.36,0.4,16538,0
20120905,0.4,0.41,0.4,0.41,2000,0
20120906,0.41,0.42,0.41,0.41,14161,0
20120907,0.41,0.43,0.41,0.43,67129,0
20120910,0.44,0.47,0.43,0.43,259536,0
20120911,0.42,0.45,0.42,0.44,205046,0
20120912,0.44,0.45,0.42,0.42,33970,0
20120913,0.44,0.44,0.43,0.44,202203,0
20120914,0.43,0.45,0.43,0.44,11480,0
20120917,0.45,0.45,0.42,0.44,35120,0
20120918,0.44,0.44,0.43,0.44,17950,0
20120919,0.44,0.47,0.43,0.44,305083,0
20120920,0.47,0.47,0.44,0.46,64052,0
20120921,0.45,0.46,0.45,0.46,9100,0
20120924,0.47,0.47,0.44,0.45,8801,0
20120925,0.45,0.45,0.44,0.45,73274,0
20120926,0.44,0.45,0.43,0.45,8431,0
20120928,0.43,0.45,0.43,0.43,7600,0
20121001,0.44,0.44,0.42,0.44,44064,0
20121002,0.44,0.45,0.44,0.44,89160,0
20121003,0.45,0.46,0.43,0.43,44579,0
20121004,0.45,0.45,0.44,0.44,40753,0
20121005,0.44,0.5,0.44,0.5,185458,0
20121008,0.48,0.6,0.46,0.53,1273192,0
20121009,0.52,0.52,0.49,0.49,134315,0
20121010,0.49,0.51,0.49,0.51,84600,0
20121011,0.5,0.5,0.48,0.49,19955,0
20121012,0.47,0.48,0.46,0.46,107057,0
20121015,0.49,0.49,0.46,0.46,23683,0
20121016,0.47,0.47,0.46,0.46,60077,0
20121017,0.46,0.46,0.45,0.45,66807,0
20121018,0.46,0.49,0.46,0.48,186452,0
20121019,0.47,0.49,0.46,0.47,165996,0
20121022,0.49,0.51,0.46,0.49,335553,0
20121023,0.51,0.54,0.48,0.53,416828,0
20121024,0.53,0.55,0.51,0.51,158067,0
20121025,0.51,0.52,0.5,0.52,62100,0
20121026,0.52,0.52,0.49,0.52,132533,0
20121029,0.5,0.53,0.5,0.53,52039,0
20121030,0.52,0.55,0.52,0.55,484516,0
20121031,0.55,0.57,0.54,0.54,68143,0
20121102,0.54,0.56,0.52,0.54,359047,0
20121105,0.54,0.55,0.53,0.53,50334,0
20121106,0.52,0.53,0.52,0.53,58921,0
20121107,0.53,0.53,0.53,0.53,10263,0
20121108,0.52,0.52,0.51,0.52,129741,0
20121109,0.51,0.51,0.5,0.51,15266,0
20121112,0.52,0.54,0.52,0.53,150005,0
20121113,0.53,0.54,0.53,0.54,67905,0
20121114,0.54,0.55,0.53,0.54,127626,0
20121115,0.53,0.54,0.53,0.54,109663,0
20121116,0.54,0.55,0.54,0.54,38617,0
20121119,0.55,0.59,0.53,0.59,155991,0
20121120,0.58,0.6,0.58,0.6,139429,0
20121121,0.59,0.63,0.59,0.61,83265,0
20121122,0.62,0.67,0.62,0.67,176178,0
20121123,0.65,0.68,0.63,0.65,254417,0
20121126,0.64,0.7,0.64,0.67,231527,0
20121127,0.67,0.67,0.65,0.67,63973,0
20121128,0.64,0.64,0.62,0.64,10701,0
20121129,0.64,0.65,0.62,0.64,35907,0
20121130,0.64,0.65,0.63,0.65,30920,0
20121203,0.65,0.65,0.62,0.65,48085,0
20121204,0.64,0.67,0.63,0.64,71904,0
20121205,0.62,0.63,0.6,0.6,114226,0
20121206,0.6,0.62,0.59,0.62,94200,0
20121207,0.6,0.62,0.6,0.6,21369,0
20121210,0.6,0.63,0.6,0.63,2053,0
20121211,0.6,0.62,0.6,0.6,72597,0
20121212,0.6,0.6,0.6,0.6,28764,0
20121213,0.6,0.63,0.6,0.63,25097,0
20121217,0.61,0.63,0.59,0.63,60585,0
20121218,0.6,0.61,0.6,0.61,13299,0
20121219,0.6,0.62,0.58,0.6,163359,0
20121220,0.6,0.62,0.58,0.6,42572,0
20121221,0.6,0.62,0.58,0.62,17600,0
20121227,0.59,0.62,0.59,0.62,49801,0
20121228,0.6,0.63,0.59,0.63,59671,0
20130102,0.59,0.64,0.59,0.61,39902,0
20130103,0.62,0.63,0.6,0.62,14976,0
20130104,0.6,0.62,0.6,0.6,33055,0
20130107,0.57,0.62,0.57,0.62,8500,0
20130108,0.59,0.61,0.59,0.61,16300,0
20130110,0.6,0.61,0.58,0.61,57099,0
20130111,0.6,0.61,0.6,0.61,38944,0
20130114,0.6,0.61,0.59,0.6,68214,0
20130115,0.6,0.61,0.6,0.61,152180,0
20130116,0.6,0.61,0.6,0.6,21500,0
20130117,0.62,0.63,0.6,0.6,90091,0
20130118,0.6,0.61,0.59,0.59,21175,0
20130121,0.59,0.64,0.59,0.64,176536,0
20130122,0.62,0.64,0.62,0.63,54676,0
20130123,0.61,0.64,0.61,0.63,59233,0
20130124,0.63,0.63,0.6,0.62,39379,0
20130125,0.63,0.64,0.6,0.63,78099,0
20130128,0.62,0.63,0.6,0.62,50685,0
20130129,0.62,0.64,0.59,0.6,264836,0
20130130,0.59,0.62,0.59,0.62,115623,0
20130131,0.6,0.64,0.6,0.64,222594,0
20130201,0.63,0.64,0.61,0.61,84620,0
20130204,0.62,0.63,0.6,0.63,59555,0
20130205,0.63,0.63,0.61,0.63,27100,0
20130206,0.61,0.62,0.6,0.62,40100,0
20130207,0.61,0.63,0.6,0.62,95759,0
20130208,0.6,0.62,0.6,0.62,33479,0
20130211,0.6,0.61,0.6,0.61,6600,0
20130212,0.6,0.61,0.59,0.61,56316,0
20130213,0.58,0.6,0.58,0.6,27977,0
20130214,0.59,0.6,0.57,0.59,42058,0
20130215,0.55,0.58,0.52,0.55,46846,0
20130218,0.55,0.55,0.51,0.51,69646,0
20130219,0.53,0.53,0.5,0.53,32634,0
20130220,0.5,0.53,0.5,0.53,20637,0
20130221,0.53,0.55,0.52,0.55,25600,0
20130222,0.55,0.55,0.54,0.55,26229,0
20130225,0.52,0.54,0.51,0.54,65933,0
20130226,0.51,0.53,0.5,0.52,9300,0
20130227,0.51,0.52,0.51,0.52,5300,0
20130228,0.51,0.53,0.51,0.53,15597,0
20130301,0.51,0.54,0.51,0.54,8638,0
20130304,0.54,0.54,0.5,0.52,14461,0
20130306,0.49,0.52,0.45,0.48,151619,0
20130307,0.48,0.48,0.46,0.48,69370,0
20130308,0.47,0.5,0.46,0.49,179517,0
20130311,0.5,0.52,0.48,0.5,71439,0
20130312,0.5,0.51,0.47,0.49,175604,0
20130313,0.5,0.5,0.46,0.48,138865,0
20130314,0.48,0.49,0.48,0.49,21881,0
20130315,0.48,0.48,0.47,0.48,19377,0
20130318,0.48,0.49,0.48,0.49,20351,0
20130319,0.49,0.49,0.48,0.49,12650,0
20130320,0.48,0.48,0.47,0.48,32901,0
20130321,0.48,0.52,0.47,0.52,281435,0
20130322,0.53,0.53,0.48,0.49,119030,0
20130325,0.49,0.52,0.49,0.5,79101,0
20130327,0.5,0.5,0.48,0.49,20570,0
20130328,0.49,0.49,0.48,0.49,19166,0
20130402,0.48,0.49,0.45,0.48,53439,0
20130403,0.47,0.48,0.47,0.48,13056,0
20130404,0.45,0.47,0.45,0.47,41028,0
20130405,0.46,0.47,0.46,0.46,30601,0
20130408,0.43,0.46,0.43,0.46,5501,0
20130409,0.46,0.46,0.44,0.46,23377,0
20130410,0.44,0.47,0.44,0.47,53402,0
20130411,0.45,0.51,0.45,0.49,123971,0
20130412,0.48,0.49,0.47,0.49,27201,0
20130415,0.47,0.5,0.47,0.5,11012,0
20130417,0.49,0.49,0.47,0.49,12371,0
20130418,0.47,0.51,0.47,0.5,38028,0
20130419,0.48,0.5,0.48,0.5,20505,0
20130422,0.48,0.5,0.48,0.49,9071,0
20130423,0.48,0.5,0.48,0.5,14072,0
20130424,0.47,0.49,0.47,0.49,5001,0
20130425,0.47,0.5,0.47,0.48,16897,0
20130426,0.47,0.49,0.46,0.49,16337,0
20130429,0.48,0.48,0.46,0.47,10324,0
20130430,0.46,0.47,0.44,0.46,145018,0
20130502,0.46,0.46,0.46,0.46,1,0
20130506,0.46,0.46,0.45,0.46,14588,0
20130507,0.44,0.47,0.44,0.47,9501,0
20130508,0.45,0.47,0.45,0.47,4701,0
20130509,0.45,0.47,0.42,0.45,40686,0
20130510,0.42,0.45,0.42,0.45,1002,0
20130513,0.43,0.45,0.42,0.45,5110,0
20130514,0.42,0.45,0.42,0.45,27906,0
20130515,0.42,0.44,0.42,0.44,1001,0
20130516,0.41,0.42,0.37,0.38,45842,0
20130517,0.37,0.41,0.37,0.41,45487,0
20130520,0.4,0.41,0.39,0.4,21978,0
20130521,0.44,0.44,0.4,0.41,118862,0
20130522,0.41,0.41,0.41,0.41,650,0
20130523,0.4,0.4,0.38,0.4,66214,0
20130524,0.39,0.39,0.38,0.39,16669,0
20130527,0.39,0.4,0.38,0.4,34575,0
20130528,0.39,0.41,0.39,0.41,23012,0
20130529,0.41,0.42,0.4,0.42,27542,0
20130531,0.43,0.43,0.43,0.43,2900,0
20130603,0.42,0.42,0.42,0.42,2913,0
20130604,0.41,0.41,0.41,0.41,8200,0
20130605,0.41,0.42,0.41,0.42,1805,0
20130606,0.4,0.42,0.4,0.42,10001,0
20130607,0.42,0.42,0.42,0.42,1000,0
20130610,0.42,0.42,0.4,0.42,34419,0
20130612,0.4,0.42,0.4,0.42,43954,0
20130613,0.42,0.45,0.4,0.44,59599,0
20130614,0.42,0.43,0.41,0.43,12206,0
20130617,0.41,0.43,0.4,0.43,28438,0
20130618,0.42,0.43,0.41,0.42,35460,0
20130619,0.4,0.42,0.4,0.42,38075,0
20130620,0.4,0.41,0.4,0.41,210060,0
20130621,0.4,0.41,0.37,0.38,213893,0
20130624,0.38,0.38,0.37,0.38,23643,0
20130625,0.36,0.38,0.36,0.38,41602,0
20130627,0.37,0.38,0.37,0.38,17001,0
20130628,0.38,0.38,0.38,0.38,15634,0
20130701,0.38,0.39,0.38,0.38,9761,0
20130702,0.38,0.38,0.35,0.38,46646,0
20130704,0.37,0.38,0.37,0.38,5001,0
20130708,0.38,0.38,0.36,0.38,19362,0
20130711,0.38,0.39,0.38,0.39,32322,0
20130712,0.38,0.39,0.38,0.39,15089,0
20130715,0.37,0.39,0.37,0.37,2143,0
20130716,0.38,0.39,0.38,0.39,13294,0
20130718,0.39,0.39,0.39,0.39,5000,0
20130719,0.37,0.39,0.35,0.39,19411,0
20130722,0.39,0.39,0.39,0.39,20000,0
20130723,0.36,0.38,0.36,0.38,29366,0
20130725,0.37,0.38,0.37,0.38,12790,0
20130726,0.37,0.38,0.37,0.38,7501,0
20130729,0.38,0.39,0.38,0.39,11024,0
20130730,0.38,0.39,0.37,0.39,2087,0
20130731,0.37,0.53,0.37,0.53,365825,0
20130801,0.56,0.61,0.54,0.56,354900,0
20130802,0.55,0.56,0.51,0.52,141269,0
20130805,0.52,0.53,0.5,0.53,192896,0
20130806,0.53,0.53,0.51,0.51,40677,0
20130807,0.51,0.61,0.51,0.61,413272,0
20130808,0.63,0.65,0.57,0.57,278740,0
20130809,0.57,0.58,0.55,0.55,49891,0
20130812,0.55,0.58,0.54,0.56,28398,0
20130813,0.57,0.59,0.56,0.58,41638,0
20130814,0.58,0.58,0.55,0.58,7127,0
20130816,0.56,0.58,0.54,0.56,45787,0
20130819,0.54,0.56,0.52,0.54,42688,0
20130820,0.52,0.54,0.51,0.53,33116,0
20130821,0.53,0.54,0.53,0.54,36824,0
20130822,0.55,0.56,0.55,0.56,4697,0
20130823,0.56,0.56,0.53,0.55,5502,0
20130826,0.54,0.55,0.53,0.55,36667,0
20130827,0.55,0.58,0.55,0.58,72250,0
20130828,0.56,0.61,0.56,0.6,87662,0
20130829,0.59,0.6,0.58,0.59,47500,0
20130830,0.57,0.59,0.57,0.59,39443,0
20130902,0.55,0.57,0.53,0.57,57355,0
20130903,0.57,0.6,0.55,0.6,103728,0
20130904,0.6,0.66,0.6,0.64,226013,0
20130905,0.62,0.64,0.59,0.6,83861,0
20130906,0.62,0.63,0.56,0.63,84291,0
20130909,0.63,0.63,0.62,0.63,12208,0
20130910,0.64,0.73,0.64,0.73,127834,0
20130911,0.73,0.75,0.71,0.75,66868,0
20130912,0.73,0.78,0.71,0.74,112453,0
20130913,0.74,0.74,0.67,0.7,89167,0
20130916,0.67,0.7,0.65,0.69,66576,0
20130917,0.65,0.71,0.65,0.7,86743,0
20130918,0.67,0.72,0.67,0.71,165707,0
20130919,0.71,0.78,0.69,0.77,331264,0
20130920,0.78,0.78,0.72,0.75,58108,0
20130923,0.74,0.83,0.73,0.8,511918,0
20130924,0.81,0.82,0.8,0.82,116186,0
20130925,0.8,0.95,0.78,0.93,333513,0
20130926,0.95,1.15,0.95,1.12,838428,0
20130927,1.13,1.2,1.02,1.08,769033,0
20130930,1.08,1.38,1.04,1.33,750149,0
20131001,1.32,1.33,1.19,1.19,456764,0
20131002,1.19,1.25,1.1,1.18,659584,0
20131003,1.18,1.24,1.15,1.16,556905,0
20131004,1.15,1.18,1.12,1.18,220147,0
20131007,1.19,1.37,1.18,1.3,856114,0
20131008,1.3,1.35,1.27,1.27,201019,0
20131009,1.27,1.3,1.18,1.21,320207,0
20131010,1.22,1.29,1.18,1.29,345493,0
20131011,1.28,1.33,1.24,1.3,398224,0
20131014,1.29,1.35,1.27,1.31,374996,0
20131015,1.31,1.43,1.31,1.42,992019,0
20131016,1.4,1.46,1.36,1.44,364543,0
20131017,1.44,1.45,1.38,1.39,258586,0
20131018,1.38,1.41,1.33,1.41,193700,0
20131021,1.4,1.41,1.37,1.41,114391,0
20131022,1.39,1.44,1.34,1.39,403134,0
20131023,1.39,1.39,1.32,1.33,177313,0
20131024,1.33,1.39,1.33,1.35,227750,0
20131025,1.34,1.36,1.26,1.3,180032,0
20131028,1.27,1.33,1.23,1.33,121428,0
20131029,1.33,1.35,1.28,1.33,140570,0
20131030,1.34,1.37,1.3,1.35,174435,0
20131031,1.37,1.38,1.31,1.33,158067,0
20131104,1.35,1.69,1.33,1.69,868184,0
20131105,1.73,1.84,1.63,1.69,791752,0
20131106,1.71,1.77,1.65,1.71,278181,0
20131107,1.72,1.94,1.71,1.89,718295,0
20131108,1.92,2.29,1.9,2.18,1060159,0
20131112,2.29,2.34,2.08,2.08,708038,0
20131113,2.07,2.14,1.93,2.08,737167,0
20131114,2.12,2.24,2.07,2.13,325436,0
20131115,2.17,2.17,2.08,2.1,215553,0
20131118,2.06,2.1,1.95,1.97,388376,0
20131119,1.99,2.05,1.93,2.03,174513,0
20131120,2.03,2.21,2,2.07,298116,0
20131121,2.1,2.12,2.05,2.07,111874,0
20131122,2.1,2.2,2.02,2.07,322661,0
20131125,2.06,2.06,1.94,1.94,306584,0
20131126,1.93,2.12,1.82,2.01,443468,0
20131127,2,2,1.87,1.96,232606,0
20131128,1.95,2.01,1.9,2,90873,0
20131129,2.01,2.06,1.97,2.04,91409,0
20131202,2.04,2.09,2,2.07,140670,0
20131203,2.06,2.09,1.99,2.05,171426,0
20131204,2.05,2.05,1.9,2.02,178786,0
20131205,1.99,2.04,1.96,2,41443,0
20131206,2.04,2.04,1.96,2.01,81633,0
20131209,2,2.4,1.98,2.28,1185669,0
20131210,2.28,2.28,2.12,2.13,486943,0
20131211,2.11,2.23,2.1,2.13,371063,0
20131212,2.1,2.13,2.03,2.07,274713,0
20131213,2.08,2.13,2.02,2.02,137221,0
20131216,2,2.12,1.98,2.02,272068,0
20131217,2.06,2.06,1.92,1.93,259057,0
20131218,1.92,1.97,1.83,1.93,347571,0
20131219,1.94,2.1,1.89,1.97,524027,0
20131220,1.97,2,1.93,1.97,104447,0
20131223,1.99,2.01,1.95,1.98,45850,0
20131227,1.98,2,1.92,1.94,78586,0
20131230,1.94,1.98,1.86,1.94,132336,0
20140102,1.95,2.08,1.83,2.03,163497,0
20140103,2.02,2.04,1.95,2.02,84491,0
20140107,2.03,2.03,1.95,1.99,64979,0
20140108,1.98,1.98,1.92,1.96,88453,0
20140109,1.98,2.23,1.93,2.14,756415,0
20140110,2.15,2.17,2.08,2.11,420642,0
20140113,2.11,2.11,2.04,2.09,230778,0
20140114,2.1,2.1,2.04,2.06,96479,0
20140115,2.07,2.17,2.04,2.1,404779,0
20140116,2.11,2.14,2.1,2.13,195737,0
20140117,2.13,2.14,2.03,2.09,206981,0
20140120,2.04,2.09,1.98,2.03,400053,0
20140121,2.01,2.06,1.98,2,306114,0
20140122,2,2.04,1.97,2.02,103892,0
20140123,1.98,2.04,1.94,1.96,105216,0
20140124,1.96,2,1.91,1.97,90892,0
20140127,1.96,1.97,1.9,1.9,44693,0
20140128,1.94,1.98,1.92,1.95,120547,0
20140129,1.94,2.06,1.92,1.94,184634,0
20140130,1.97,2,1.92,2,139040,0
20140131,2,2.01,1.95,1.99,222038,0
20140203,1.98,2,1.93,1.97,85492,0
20140204,1.97,1.97,1.78,1.85,320830,0
20140205,1.8,1.88,1.78,1.86,165981,0
20140206,1.85,1.86,1.7,1.74,370206,0
20140207,1.74,1.83,1.67,1.82,235679,0
20140210,1.81,1.85,1.79,1.82,133060,0
20140211,1.82,1.82,1.74,1.79,136934,0
20140212,1.76,1.8,1.73,1.8,131746,0
20140213,1.81,1.81,1.74,1.79,94823,0
20140214,1.8,1.82,1.77,1.78,29537,0
20140217,1.77,1.82,1.75,1.78,157413,0
20140218,1.75,1.76,1.7,1.72,149111,0
20140219,1.68,1.71,1.55,1.69,237000,0
20140220,1.7,1.72,1.62,1.69,97052,0
20140221,1.69,1.71,1.67,1.69,47706,0
20140224,1.68,1.69,1.52,1.54,479302,0
20140225,1.5,1.68,1.5,1.57,432129,0
20140226,1.57,1.61,1.53,1.53,230235,0
20140227,1.54,1.56,1.39,1.4,582397,0
20140228,1.38,1.44,1.27,1.28,1031464,0
20140303,1.22,1.23,0.99,1.06,1029422,0
20140304,1.12,1.27,1.1,1.24,784143,0
20140305,1.26,1.36,1.25,1.3,521259,0
20140306,1.3,1.4,1.25,1.4,487019,0
20140307,1.43,1.57,1.43,1.55,1203994,0
20140310,1.51,1.64,1.47,1.6,667656,0
20140311,1.62,1.64,1.53,1.57,263111,0
20140312,1.54,1.57,1.39,1.46,497359,0
20140313,1.45,1.53,1.41,1.46,199960,0
20140314,1.41,1.48,1.32,1.41,335128,0
20140317,1.44,1.5,1.41,1.47,159238,0
20140318,1.49,1.51,1.45,1.47,159649,0
20140319,1.5,1.56,1.48,1.5,238435,0
20140320,1.48,1.54,1.48,1.5,82634,0
20140321,1.52,1.62,1.51,1.61,400797,0
20140324,1.67,1.79,1.67,1.74,784985,0
20140325,1.76,1.79,1.71,1.72,573029,0
20140326,1.74,1.74,1.66,1.67,209254,0
20140327,1.66,1.77,1.64,1.69,531438,0
20140328,1.72,1.72,1.66,1.71,185434,0
20140331,1.72,1.82,1.7,1.82,547530,0
20140401,1.82,1.82,1.74,1.75,493225,0
20140402,1.75,1.81,1.74,1.77,261478,0
20140403,1.79,1.84,1.74,1.75,320295,0
20140404,1.76,1.87,1.75,1.84,355929,0
20140407,1.81,1.85,1.79,1.8,367044,0
20140408,1.8,1.9,1.8,1.88,288720,0
20140409,1.89,1.95,1.87,1.87,411899,0
20140410,1.9,1.93,1.83,1.84,221759,0
20140411,1.8,1.81,1.77,1.81,261852,0
20140414,1.81,1.81,1.68,1.77,266929,0
20140415,1.78,1.78,1.72,1.73,141593,0
20140416,1.75,1.75,1.66,1.66,130249,0
20140417,1.64,1.78,1.63,1.76,264573,0
20140422,1.77,1.79,1.73,1.73,117174,0
20140423,1.71,1.75,1.66,1.69,88483,0
20140424,1.69,1.73,1.66,1.66,172831,0
20140425,1.66,1.68,1.61,1.65,118434,0
20140428,1.61,1.65,1.6,1.63,86885,0
20140429,1.63,1.67,1.63,1.65,43854,0
20140430,1.65,1.69,1.62,1.65,45262,0
20140502,1.65,1.66,1.58,1.64,103662,0
20140505,1.66,1.66,1.56,1.59,56138,0
20140506,1.61,1.61,1.56,1.59,37796,0
20140507,1.58,1.69,1.52,1.68,373387,0
20140508,1.68,1.75,1.68,1.73,276001,0
20140509,1.74,1.77,1.65,1.65,112917,0
20140512,1.65,1.67,1.59,1.66,101617,0
20140513,1.64,1.69,1.64,1.68,51738,0
20140514,1.68,1.78,1.66,1.78,278484,0
20140515,1.78,1.78,1.71,1.72,130480,0
20140516,1.74,1.77,1.68,1.71,111350,0
20140519,1.7,1.72,1.62,1.64,165286,0
20140520,1.66,1.67,1.61,1.65,108293,0
20140521,1.65,1.65,1.6,1.61,87129,0
20140522,1.64,1.65,1.61,1.63,46804,0
20140523,1.61,1.63,1.58,1.58,131899,0
20140526,1.57,1.65,1.54,1.58,89380,0
20140527,1.58,1.66,1.55,1.59,163658,0
20140528,1.6,1.63,1.57,1.58,104690,0
20140529,1.62,1.62,1.56,1.58,30989,0
20140530,1.61,1.61,1.53,1.57,62888,0
20140602,1.55,1.55,1.36,1.37,499190,0
20140603,1.35,1.48,1.31,1.45,405044,0
20140604,1.46,1.46,1.43,1.44,69159,0
20140605,1.44,1.48,1.43,1.46,35390,0
20140606,1.46,1.46,1.41,1.43,55048,0
20140609,1.41,1.42,1.37,1.39,108921,0
20140610,1.38,1.4,1.34,1.35,105187,0
20140611,1.35,1.45,1.32,1.4,466347,0
20140612,1.4,1.4,1.35,1.35,95835,0
20140613,1.35,1.37,1.23,1.32,390990,0
