Date,Open,High,Low,Close,Volume,OpenInt
20110504,11.29,11.69,11.03,11.05,245328,0
20110505,11.07,11.07,10.5,10.82,44607,0
20110506,10.95,10.95,10.71,10.81,76951,0
20110509,10.84,10.9,10.79,10.84,21084,0
20110510,10.85,10.92,10.52,10.79,10245,0
20110511,10.57,10.82,10.57,10.7,22556,0
20110512,10.58,10.8,10.56,10.73,6733,0
20110513,10.72,10.8,10.61,10.8,40965,0
20110516,10.62,10.8,10.62,10.8,22511,0
20110517,10.79,10.8,10.58,10.61,33186,0
20110518,10.61,10.79,10.53,10.79,23521,0
20110519,10.79,10.8,10.75,10.76,4582,0
20110520,10.61,10.75,10.61,10.7,585,0
20110523,10.62,10.8,10.59,10.8,16904,0
20110524,10.65,10.82,10.5,10.82,184466,0
20110525,10.7,10.8,10.7,10.8,3873,0
20110526,10.8,10.84,10.75,10.84,3961,0
20110527,10.83,11.45,10.83,11.45,286719,0
20110530,11.41,11.5,11.31,11.4,13271,0
20110531,11.32,11.5,11.31,11.49,16073,0
20110601,11.47,11.49,11.38,11.39,10869,0
20110602,11.38,11.4,11.3,11.3,13999,0
20110603,11.2,11.35,11.2,11.35,12607,0
20110606,11.4,11.4,11.19,11.25,4822,0
20110607,11.33,11.4,11.26,11.3,2897,0
20110608,11.25,11.3,11.24,11.24,7456,0
20110609,11.28,11.28,11,11.12,6225,0
20110610,11.01,11.14,11.01,11.13,232822,0
20110613,11.12,11.19,11,11.1,3076,0
20110614,11.07,11.13,11.06,11.12,4999,0
20110615,11.03,11.09,11.03,11.03,9077,0
20110616,11,11,10.7,10.71,18717,0
20110617,10.85,10.9,10.5,10.9,7191,0
20110620,10.9,11.06,10.7,11.01,36403,0
20110621,11.03,11.19,11.03,11.05,38266,0
20110622,11.09,11.09,10.85,11,11762,0
20110624,10.75,10.95,10.75,10.75,826,0
20110627,10.75,10.76,10.6,10.64,7127,0
20110628,10.53,10.75,10.53,10.75,1272,0
20110629,10.75,10.9,10.7,10.85,339,0
20110630,10.85,10.95,10.8,10.95,2776,0
20110701,10.95,10.95,10.58,10.88,6070,0
20110704,10.56,10.67,10.48,10.55,4320,0
20110705,10.73,10.73,10.2,10.25,5454,0
20110706,10.3,10.37,10.01,10.05,22253,0
20110707,10.29,10.44,10.01,10.25,1474,0
20110708,10.2,10.3,10.06,10.3,762,0
20110711,10.35,10.35,10.35,10.35,221,0
20110712,10.06,10.06,10,10.05,1388,0
20110713,10.05,10.29,10.05,10.29,312,0
20110714,10.04,10.2,10.04,10.2,97,0
20110715,10.07,10.2,10.01,10.04,1800,0
20110718,10,10,9.94,9.94,2428,0
20110719,9.9,10,9.7,9.8,140565,0
20110720,9.8,9.8,9.8,9.8,427,0
20110721,9.55,9.61,9.55,9.6,744,0
20110722,9.9,10.19,9.8,10.15,6453,0
20110725,10.26,10.26,10.15,10.19,14,0
20110726,10.1,10.23,10,10.17,1551,0
20110727,10.19,10.6,10.19,10.6,13836,0
20110728,10.1,10.8,10.1,10.8,3090,0
20110729,10.7,10.8,10.6,10.62,112703,0
20110801,10.61,10.61,10.45,10.5,16669,0
20110802,10.36,10.5,10.36,10.39,1704,0
20110803,10.39,10.39,10.15,10.15,11039,0
20110804,10.01,10.01,9.02,9.2,21661,0
20110805,8.5,9.1,8.5,9.1,8948,0
20110808,8.3,8.8,7.5,8.3,242725,0
20110809,7.82,8.2,7.17,8.2,94810,0
20110810,8.21,8.7,8,8.19,52948,0
20110811,7.95,7.95,7.5,7.88,26088,0
20110812,8.2,8.3,8.05,8.3,4356,0
20110816,9.09,9.09,8.55,9,2289,0
20110817,9,9,8.99,8.99,1332,0
20110818,8.99,9,8.25,8.89,10076,0
20110819,8.12,8.86,8.05,8.85,4030,0
20110822,8.94,9.2,8.94,9.2,2942,0
20110823,9,9.19,9,9.19,103,0
20110824,9,9.7,9,9.5,24600,0
20110825,9.85,9.85,9,9.5,2022,0
20110826,9.3,9.4,9.3,9.4,1400,0
20110829,9.88,9.98,9.76,9.76,7503,0
20110830,9.9,9.9,9.66,9.66,314,0
20110831,9.9,10,9.9,10,5100,0
20110901,9.66,9.98,9.66,9.98,587,0
20110905,9.4,9.73,9.4,9.73,5005,0
20110906,9.05,9.5,9.05,9.42,6300,0
20110907,9.59,9.6,9.42,9.42,95,0
20110908,9,9,8.55,8.68,19185,0
20110909,8.79,8.79,8.4,8.6,2523,0
20110912,8.3,8.6,8,8.29,8575,0
20110913,8.24,8.25,7.69,8.2,9316,0
20110914,8.15,8.2,7.88,8.18,6216,0
20110915,8.2,8.99,7.8,8.55,90784,0
20110916,8.6,8.6,8,8,8986,0
20110919,8.4,8.4,7.7,7.94,8144,0
20110920,8,8,7.7,7.99,19838,0
20110921,7.94,8.04,7.78,8.04,92890,0
20110922,7.87,7.9,7.72,7.87,186445,0
20110923,7.8,7.87,7.73,7.87,6564,0
20110926,7.72,7.86,7.72,7.8,40298,0
20110927,7.9,8.2,7.76,7.81,13711,0
20110928,8.1,8.2,8.05,8.15,47155,0
20110929,8.24,8.85,8.24,8.6,28833,0
20110930,8.4,9.15,8.4,9.15,80640,0
20111003,9.15,9.36,9,9.35,28540,0
20111004,8.51,9.2,8.51,9.2,3055,0
20111005,9,9.3,9,9.3,1035,0
20111006,9.3,9.3,8.71,9,2970,0
20111007,9.3,9.3,9,9,35290,0
20111010,9.01,9.36,8.8,9.36,4910,0
20111011,9,9.7,9,9.7,807,0
20111012,9.73,9.73,9.1,9.2,5833,0
20111013,9.5,9.5,9.1,9.48,2905,0
20111014,9.44,9.75,8.84,9.75,1840,0
20111017,9.91,9.91,9.21,9.89,4142,0
20111018,9.7,9.7,9.5,9.7,3045,0
20111019,9.55,9.97,9.5,9.94,1748,0
20111020,9.9,9.9,9.21,9.69,2720,0
20111021,9.8,9.99,9.8,9.99,1600,0
20111024,9.99,9.99,9.5,9.55,4849,0
20111025,9.53,9.53,9.4,9.5,1592,0
20111026,9.4,9.45,9.25,9.25,27,0
20111027,9.55,9.9,8.8,9,6324,0
20111028,9,9,8.8,8.8,12950,0
20111031,8.65,9.08,8.65,8.8,18682,0
20111102,8.8,8.8,8.52,8.54,5479,0
20111103,8.4,8.5,8.3,8.3,5633,0
20111104,8.2,8.2,8.11,8.14,8126,0
20111107,8.04,8.04,8,8,4370,0
20111108,8.6,8.7,8.07,8.2,3903,0
20111109,7.91,8.2,7.9,8.14,4515,0
20111110,8.19,8.19,8.19,8.19,50,0
20111114,8.26,8.35,8.2,8.35,3805,0
20111115,8.06,8.25,7.8,7.98,4532,0
20111116,7.83,7.98,7.77,7.8,16163,0
20111117,7.98,7.98,7.61,7.61,1877,0
20111118,7.42,7.6,7.41,7.42,1969,0
20111121,7.3,7.4,7,7.38,9281,0
20111122,7.08,7.9,7.05,7.9,5482,0
20111123,7.99,7.99,7.21,7.65,3678,0
20111124,7.21,7.5,7.21,7.3,2102,0
20111125,7.3,7.79,7,7.75,10584,0
20111128,7.6,7.8,7.35,7.7,8263,0
20111129,7.26,7.85,7.26,7.85,3202,0
20111130,7.85,8.35,7.51,8,7543,0
20111201,8,8.3,7.65,8.3,6585,0
20111202,8.4,8.6,8,8.55,11520,0
20111205,8.7,8.74,8.1,8.2,11394,0
20111206,8.21,8.21,7.9,8.07,3796,0
20111207,7.89,8.06,7.89,8.04,2455,0
20111208,8.3,8.3,7.89,7.9,3271,0
20111209,8.39,8.39,7.65,7.8,2497,0
20111213,7.43,7.76,7.4,7.4,3162,0
20111214,7.4,7.4,7.25,7.38,458,0
20111215,7.4,7.65,7.31,7.55,96425,0
20111216,7.38,7.6,7.38,7.6,53,0
20111219,7.4,7.49,7.4,7.49,7540,0
20111220,7.65,7.65,7.5,7.6,4184,0
20111221,7.33,7.69,7.33,7.69,5627,0
20111222,7.36,7.6,7.36,7.6,37794,0
20111223,7.69,7.7,7.52,7.65,2879,0
20111227,7.9,7.9,7.31,7.55,2216,0
20111228,7.6,7.98,7.6,7.7,2364,0
20111229,7.97,7.97,7.97,7.97,500,0
20111230,7.97,8.7,7.81,7.81,13657,0
20120102,7.81,8.1,7.7,8.1,6553,0
20120103,8.05,8.36,8.05,8.36,4030,0
20120104,8.58,8.58,8,8,7905,0
20120105,8.2,8.2,7.75,8,16223,0
20120109,8,8.18,7.8,8.18,2154,0
20120110,8.18,8.35,8.08,8.35,5506,0
20120111,8.38,8.38,8.3,8.3,400,0
20120112,8.29,8.45,8.29,8.44,1830,0
20120113,8.4,8.4,8.1,8.11,4255,0
20120116,8.28,8.3,8.28,8.3,1150,0
20120117,8.2,8.25,8.12,8.25,794,0
20120118,8.08,8.19,8.07,8.19,411,0
20120119,8,8.23,8,8.23,2089,0
20120120,8.35,8.61,8.34,8.34,2502,0
20120123,8.34,8.48,8.25,8.48,1032,0
20120124,8.33,8.39,8.2,8.39,1101,0
20120125,8.25,8.38,8.2,8.3,2822,0
20120126,8.3,8.59,8.3,8.43,37981,0
20120127,8.8,8.88,8.51,8.72,13488,0
20120130,8.8,9.13,8.8,9.1,5194,0
20120131,9.15,9.5,9.15,9.3,12999,0
20120201,9.13,9.34,9.13,9.34,6830,0
20120202,9.3,9.3,8.9,9.3,5228,0
20120203,9.29,9.34,9.28,9.34,2051,0
20120206,9.21,9.3,9.03,9.3,2391,0
20120207,9.2,9.29,9,9.15,3886,0
20120208,9.22,9.6,9.19,9.59,13670,0
20120209,9.59,9.88,9.59,9.75,15400,0
20120210,9.65,9.79,9.55,9.78,43800,0
20120213,9.79,9.95,9.7,9.9,6030,0
20120214,9.85,9.85,9.8,9.85,5505,0
20120215,9.8,10.2,9.8,9.99,8653,0
20120216,10,10.15,9.7,10.15,1684,0
20120217,10.15,10.16,10,10.15,448,0
20120220,10.5,10.5,10.15,10.15,3230,0
20120221,10.3,10.35,10.02,10.15,14272,0
20120222,10.05,10.3,10.02,10.3,90367,0
20120223,10.35,10.5,10.34,10.45,2068,0
20120224,10.07,10.5,10.07,10.5,5182,0
20120227,10.45,10.45,10.25,10.45,1522,0
20120228,10.36,10.5,10.36,10.5,9446,0
20120229,10.49,10.53,10.31,10.5,2240,0
20120301,10.31,10.5,10.31,10.5,1962,0
20120302,10.38,10.53,10.38,10.53,916,0
20120305,10.18,10.53,10.18,10.53,2146,0
20120306,10.13,10.53,9.52,10.53,10271,0
20120307,10.06,10.53,10.06,10.53,1836,0
20120308,10.54,10.69,10.5,10.6,3663,0
20120309,10.5,10.55,10.5,10.5,5338,0
20120312,10.55,10.55,10.4,10.5,715,0
20120313,10.55,10.8,10.55,10.75,2662,0
20120314,10.8,11.4,10.8,11.29,22750,0
20120315,11.35,11.98,11.35,11.98,35816,0
20120316,11.95,12.6,11.95,12.39,333544,0
20120319,12.31,13.5,12.16,13.05,29412,0
20120320,13.05,13.15,12.61,12.63,68895,0
20120321,12.63,13,11.61,11.65,13354,0
20120322,11.59,12,11.49,11.91,5774,0
20120323,11.56,12.6,11.55,12,2098,0
20120326,12,12.47,11.61,12.47,1724,0
20120327,12.48,12.48,12,12.4,6122,0
20120328,11.9,12.2,11.9,12.2,2319,0
20120329,12.35,12.35,11.92,12.05,1110,0
20120330,12.3,12.3,12.01,12.24,1337,0
20120402,12.05,12.27,12.05,12.27,1163,0
20120403,12.11,12.25,12.1,12.24,7320,0
20120404,12.06,12.23,12.06,12.2,12396,0
20120405,12.04,12.23,12.04,12.23,1759,0
20120410,12.12,12.25,12.12,12.15,1831,0
20120411,12.2,12.3,12.15,12.3,2632,0
20120412,12.34,12.53,12.31,12.52,7804,0
20120413,12.5,13,12.5,13,48250,0
20120416,13,13,12.6,12.98,7026,0
20120417,12.96,12.96,12.6,12.89,1746,0
20120418,12.2,12.74,12.12,12.64,3755,0
20120419,12.5,12.8,12.4,12.8,3892,0
20120420,12.7,12.7,11.9,11.9,25360,0
20120423,11.69,11.69,10.72,11.25,15082,0
20120424,11.34,11.74,11.34,11.74,795,0
20120425,12.16,12.17,11.75,12,1662,0
20120426,11.76,11.89,11.3,11.57,2856,0
20120427,11.49,11.49,11.15,11.15,1411,0
20120430,11.15,11.25,10.61,11.25,2706,0
20120502,10.66,11.1,10.66,11.1,641,0
20120504,11.2,11.24,11.1,11.24,685,0
20120507,11.02,11.3,11.02,11.1,4962,0
20120508,11.01,11.35,11.01,11.35,1432,0
20120509,11,11.11,11,11,2650,0
20120510,10.95,11.3,10.95,11.3,17,0
20120511,11.02,11.02,10.66,10.75,5594,0
20120514,10.6,10.6,9.5,9.5,8312,0
20120515,9.5,10.45,9.5,10.45,4351,0
20120516,9.7,10,9.66,9.8,2265,0
20120517,9.6,9.95,9.52,9.91,5010,0
20120518,9.5,9.9,9.25,9.9,1882,0
20120521,9.84,9.84,9.26,9.26,390,0
20120522,9.32,10,9.32,10,40681,0
20120523,9.43,9.75,9.43,9.74,749,0
20120524,9.5,9.73,9.5,9.73,5121,0
20120525,9.5,9.75,9.5,9.75,455,0
20120528,9.31,9.75,9.31,9.75,697,0
20120529,9.8,9.8,9.8,9.8,355,0
20120530,9.5,9.79,9.5,9.79,896,0
20120531,9.98,10,9.9,10,4299,0
20120601,9.79,9.79,9.79,9.79,203,0
20120604,9.6,9.6,9.6,9.6,89,0
20120605,9.6,10,9.6,9.9,1165,0
20120606,9.6,9.61,9.5,9.5,2196,0
20120608,9.55,9.55,9.55,9.55,31,0
20120611,9.55,9.7,9.55,9.7,228,0
20120612,9.7,10,9.7,10,771,0
20120613,9.71,9.99,9.6,9.6,766,0
20120614,9.5,9.5,9.31,9.49,1203,0
20120615,9.45,10,9.45,10,812,0
20120618,10.25,10.25,9.75,10.25,981,0
20120619,10.35,10.5,10.35,10.5,1232,0
20120621,10.45,10.45,10.45,10.45,60,0
20120622,10.02,10.2,10.01,10.01,440,0
20120625,9.97,9.97,9.97,9.97,155,0
20120626,9.97,10.5,9.97,10.25,36980,0
20120627,10,10.2,10,10.15,63883,0
20120628,10.15,10.15,10.15,10.15,2538,0
20120629,10.15,10.5,10.15,10.5,11094,0
20120702,10.21,10.45,10.21,10.45,2576,0
20120703,10.75,10.75,10.25,10.51,2551,0
20120704,10.85,11.04,10.5,11.04,2744,0
20120705,11.05,11.45,11.04,11.38,1017,0
20120706,11.4,11.55,11,11.49,46493,0
20120709,11.11,11.72,11.11,11.55,22859,0
20120710,11.15,11.7,11.15,11.7,5015,0
20120711,11.21,11.75,11.21,11.65,2542,0
20120712,11.65,11.7,11.45,11.7,8075,0
20120713,11.7,11.96,11.7,11.96,2502,0
20120716,11.9,12,11.75,11.81,2460,0
20120717,12.1,12.1,12.1,12.1,168,0
20120718,12,12.2,12,12.05,1665,0
20120719,12.02,12.5,12.02,12.5,10894,0
20120720,12.5,12.75,12.45,12.5,3746,0
20120723,12.77,12.77,12,12.45,2190,0
20120724,12.3,12.5,12.3,12.5,2097,0
20120725,12.1,12.7,12.1,12.69,62629,0
20120726,12.35,12.8,12.35,12.79,14730,0
20120727,12.51,12.9,12.51,12.9,25934,0
20120730,12.9,13.1,12.9,13.1,161430,0
20120731,13.2,13.49,12.9,12.96,62913,0
20120801,12.96,12.96,12.55,12.9,32273,0
20120802,12.61,12.94,12.61,12.94,329,0
20120803,12.8,13.5,12.8,13.5,4279,0
20120806,13.9,14,13.51,13.95,12186,0
20120807,14,14,13.7,13.95,1885,0
20120808,13.71,14.05,13.71,14.05,162938,0
20120809,14.04,14.39,14.04,14.25,7531,0
20120810,14.2,14.6,14.2,14.3,12175,0
20120813,14.6,15.2,14.6,14.85,47749,0
20120814,14.99,15.45,14.98,15.45,8639,0
20120816,15.5,16.45,15.4,16.01,19521,0
20120817,16.4,16.4,15.33,15.36,46111,0
20120820,15.5,15.5,14.3,14.3,6412,0
20120821,14.25,15,14.25,14.9,5034,0
20120822,14.6,14.62,14.6,14.6,880,0
20120823,14.6,14.93,14.49,14.7,4292,0
20120824,14.6,14.65,14.27,14.27,61258,0
20120827,14.27,14.6,14.2,14.5,3366,0
20120828,14.5,14.67,14.36,14.67,1206,0
20120829,14.67,14.8,14.6,14.8,1558,0
20120830,14.51,14.51,14.3,14.3,2273,0
20120831,14.5,15.47,14.5,15.14,4464,0
20120903,15.14,15.25,14.81,15.25,3167,0
20120904,15.3,15.3,14.86,14.95,2381,0
20120905,15,15.25,14.7,15.2,7903,0
20120906,15.39,15.49,15.35,15.49,3499,0
20120907,15.48,15.58,15.21,15.58,5235,0
20120910,15.79,16,15.31,15.75,3634,0
20120911,15.65,15.65,15.22,15.29,3087,0
20120912,15.21,15.24,14.6,15.24,4660,0
20120913,15.2,15.2,14.32,14.32,45338,0
20120914,14.33,14.94,14.33,14.73,7422,0
20120917,15.05,15.05,14.6,14.65,5253,0
20120918,14.65,14.9,14.51,14.85,4814,0
20120919,14.51,14.79,14.36,14.69,2485,0
20120920,14.34,14.69,14.33,14.69,131,0
20120921,14.35,14.5,14.15,14.5,3171,0
20120924,14.65,14.65,14.4,14.5,50466,0
20120925,14.5,14.7,14.4,14.7,871,0
20120926,14.7,14.7,14.7,14.7,540,0
20120927,14.7,14.7,14.3,14.7,2828,0
20120928,14.6,14.7,14.6,14.6,694,0
20121001,14.6,14.99,14.6,14.99,3589,0
20121002,14.99,15.7,14.99,15.65,5236,0
20121003,15.65,15.65,15.3,15.4,1168,0
20121004,15.69,15.69,15.3,15.6,1324,0
20121005,15.6,15.84,15.4,15.6,1838,0
20121008,15.84,15.85,15.32,15.74,8137,0
20121009,15.74,15.74,15.73,15.73,400,0
20121010,15.4,15.4,15.4,15.4,800,0
20121011,15.41,15.68,15.4,15.68,1446,0
20121012,15.4,15.69,15.4,15.69,1063,0
20121015,15.5,15.55,15.4,15.55,1242,0
20121016,15.54,15.65,15.4,15.55,4752,0
20121017,15.4,15.5,15.35,15.5,1658,0
20121018,15.45,16.8,15,16.7,18943,0
20121019,16.75,17.35,16.41,17.29,3062,0
20121022,16.67,17.34,16.65,16.65,2980,0
20121023,16.5,16.5,15.72,16,3754,0
20121024,15.96,16.11,15.55,15.85,2180,0
20121025,15.85,16.12,15.85,16.12,834,0
20121026,15.59,15.99,15.59,15.99,789,0
20121029,15.5,15.51,15.25,15.25,2053,0
20121030,16.5,16.5,16.25,16.43,7645,0
20121031,16.4,16.7,16.01,16.7,1864,0
20121102,16.01,16.7,16.01,16.7,630,0
20121105,16.7,16.7,15.55,16.18,1893,0
20121106,16.05,16.05,15.85,16.05,594,0
20121107,15.76,15.76,15.51,15.51,1230,0
20121108,15.5,15.5,15.36,15.36,542,0
20121109,15.02,15.02,14,14.51,10356,0
20121112,14,15.45,14,15.35,9143,0
20121113,14.34,15,14.34,15,1450,0
20121114,15,15.25,15,15.25,574,0
20121115,14.81,15,14.75,15,1001,0
20121116,14.5,14.75,14,14.75,9593,0
20121119,14.99,15,14.5,14.5,2355,0
20121120,14.51,14.74,14.51,14.51,813,0
20121121,14.4,14.4,14.25,14.4,733,0
20121122,14.4,14.4,14.4,14.4,34,0
20121123,14.4,14.4,13.7,13.7,3386,0
20121126,13.1,14.3,13.08,14.3,3930,0
20121127,14.5,14.5,13.92,14.45,940,0
20121128,14.5,14.5,14.5,14.5,150,0
20121129,14.45,14.5,14,14.49,3291,0
20121130,14,14.14,13.75,13.75,630,0
20121203,13.75,13.75,13.66,13.75,817,0
20121204,13.75,13.95,13.25,13.95,1077,0
20121205,14.25,14.59,14,14.59,10428,0
20121206,14.3,15.5,14.26,15.5,6715,0
20121207,15.5,15.7,15.4,15.49,3353,0
20121210,15.5,15.7,15.5,15.7,2454,0
20121211,15.69,16,15.69,15.99,2995,0
20121212,15.6,16,15.53,15.53,980,0
20121213,15.53,16,15.53,16,1000,0
20121214,16,16.1,15.65,16.1,5949,0
20121217,15.75,16.25,15.75,16.25,8304,0
20121218,16.17,16.25,16,16.25,1089,0
20121219,16.24,16.45,16.21,16.45,3472,0
20121220,16,16,16,16,1806,0
20121221,15.75,16,15.75,15.75,13467,0
20121228,15.65,16.35,15.65,16.35,5105,0
20130102,14.72,16.25,14.72,16,1677,0
20130103,15.95,15.95,15.5,15.95,4179,0
20130104,15.94,15.95,15.65,15.65,213,0
20130107,15.01,15.65,15.01,15.65,1666,0
20130108,15.65,15.65,15.5,15.5,779,0
20130109,15.04,15.89,15.04,15.89,271,0
20130110,15.25,15.75,15.25,15.75,1436,0
20130111,15.25,15.75,15.23,15.75,118203,0
20130114,15.36,15.65,15.31,15.6,1824,0
20130115,15.58,15.58,15.17,15.5,301,0
20130116,15.26,15.8,15.26,15.51,30572,0
20130117,15.25,15.7,15.25,15.7,85,0
20130118,15.7,15.75,15.7,15.7,1100,0
20130121,15.7,15.7,15.5,15.7,915,0
20130122,15.41,15.69,15.41,15.69,813,0
20130123,15.69,15.69,15.36,15.4,614,0
20130124,15.7,15.7,15.5,15.6,10089,0
20130125,15.75,15.75,15.5,15.64,15414,0
20130128,15.6,15.75,15.6,15.75,584,0
20130129,15.41,15.7,15.41,15.42,192,0
20130130,15.45,15.5,15.45,15.5,240,0
20130131,15.45,15.68,15.45,15.68,1007,0
20130201,15.46,15.65,15.46,15.65,72279,0
20130204,15.68,15.7,15.52,15.7,90352,0
20130205,15.7,16.34,15.65,15.81,15862,0
20130206,16,16,15.74,15.75,4005,0
20130207,15.75,15.95,15.75,15.95,5616,0
20130208,15.9,16.2,15.9,16.2,19978,0
20130211,16.25,16.35,16.2,16.28,154599,0
20130212,16.2,16.4,16.2,16.2,692,0
20130213,16.2,16.2,16,16,6227,0
20130214,16.35,16.35,16,16,151617,0
20130215,16,16.39,16,16.39,1865,0
20130218,16.25,16.35,16,16.35,50910,0
20130219,16.38,16.39,16.2,16.35,1787,0
20130220,16.39,16.39,15.5,16.2,8446,0
20130221,15.85,16.2,15.85,16.2,350,0
20130222,16.2,16.2,16.2,16.2,39,0
20130225,16,16.39,15.95,16.39,10944,0
20130226,16.2,16.2,15.9,16.05,322,0
20130227,16.15,16.2,15.85,16.2,3007,0
20130228,16.25,16.25,15.9,16.25,209,0
20130301,15.85,16.23,15.8,16.23,2831,0
20130304,15.7,16.2,15.7,16.19,465,0
20130305,16.19,16.19,16.19,16.19,78,0
20130306,16.15,16.15,15.85,15.9,1535,0
20130307,15.6,15.84,15.5,15.84,3433,0
20130308,16,16,16,16,48,0
20130311,15.51,15.85,15.5,15.56,1535,0
20130312,15.85,15.85,15.54,15.8,321,0
20130313,15.51,15.7,15.45,15.7,7267,0
20130314,15.7,15.8,15.5,15.8,2046,0
20130315,15.45,15.65,15.4,15.5,16157,0
20130318,15.5,15.5,15.5,15.5,35,0
20130319,15,15.19,15,15,1160,0
20130320,15.19,15.8,14.85,15.8,2720,0
20130321,15.4,15.5,15.4,15.5,135,0
20130322,15.19,15.44,14.8,15,2161,0
20130325,15,15.3,14.7,15,2975,0
20130326,14.26,14.75,14.25,14.7,2131,0
20130327,14.35,15,14.35,15,3782,0
20130328,15.4,15.4,15.4,15.4,1,0
20130402,14.77,14.77,14.6,14.7,3928,0
20130403,14.5,14.59,14,14,4320,0
20130404,13.92,14.42,13.92,14.11,2202,0
20130405,15,15,14,14,1277,0
20130408,14.25,14.25,14,14,2421,0
20130409,14,14.5,14,14,3734,0
20130410,14,14.5,14,14.5,2165,0
20130411,14.5,14.5,14.25,14.25,3000,0
20130412,14.74,14.74,14.74,14.74,5,0
20130415,14.5,14.5,14,14,2900,0
20130417,13.9,14.27,13,14.25,2102,0
20130418,13.5,13.5,13,13.23,12547,0
20130419,13.5,13.5,13.49,13.49,327,0
20130422,13.2,13.5,13,13.01,9835,0
20130423,13.39,13.39,13,13.23,7245,0
20130424,13.23,13.23,13,13.15,883,0
20130425,13.31,13.31,13,13.15,537,0
20130426,13.15,13.15,13.15,13.15,150,0
20130429,13.35,13.35,13.2,13.2,183,0
20130502,13.35,13.35,13.35,13.35,100,0
20130506,13.35,13.35,13.2,13.2,138,0
20130507,13.2,13.2,12.86,13.01,1199,0
20130508,12.88,13.01,12.88,13.01,105,0
20130509,13.01,13.01,13.01,13.01,200,0
20130510,12.85,13.01,12.85,13.01,513,0
20130513,13.22,13.22,12.85,13.22,113,0
20130514,13.05,13.05,13.05,13.05,200,0
20130515,12.91,13.04,12.5,12.95,1863,0
20130516,13.35,13.35,12.6,12.95,120,0
20130517,13.04,13.04,12,13.04,3977,0
20130520,12.3,12.3,11.51,11.79,4902,0
20130521,12,12.25,12,12.05,104816,0
20130522,12,12.25,12,12.25,270,0
20130523,12.01,12.25,12,12,491,0
20130527,11.82,11.83,11.82,11.83,229,0
20130528,11.86,12.25,11.86,12.25,66,0
20130529,12.25,12.25,12,12,38,0
20130603,12.02,12.2,12,12,1265,0
20130604,12.25,12.25,12.25,12.25,300,0
20130605,12.25,12.5,12,12,4816,0
20130606,12,12.01,12,12.01,222,0
20130607,12.05,12.55,12.05,12.36,285381,0
20130610,12.65,13.8,12.65,13,15129,0
20130611,13.24,13.25,13.2,13.2,20280,0
20130612,13.5,14.74,13.5,14.45,107222,0
20130613,14.45,14.45,13.55,13.9,2193,0
20130614,14.24,14.24,14.24,14.24,293,0
20130617,14.24,14.25,13.9,13.9,1220,0
20130618,14.49,14.95,13.9,13.9,1061079,0
20130619,13.9,14.35,13.9,14.35,1040,0
20130620,13.95,13.95,13.5,13.5,1900,0
20130621,13.35,13.35,13.25,13.25,300,0
20130624,13.38,13.7,13.38,13.7,307,0
20130625,13.39,13.5,13.25,13.32,1387,0
20130626,13.01,13.31,13,13.31,2318,0
20130627,12.9,13.44,12.9,13.44,1739,0
20130628,13.35,13.35,13.35,13.35,285,0
20130701,13.27,13.29,13,13,1598,0
20130702,13,13.67,13,13.67,8408,0
20130703,13.3,14.24,13.3,14.24,8727,0
20130704,14.14,14.14,14,14.1,5198,0
20130705,13.95,14.1,13.95,14.1,4150,0
20130708,14.23,15,14.23,14.9,6408,0
20130709,14.98,14.98,14.71,14.75,1809,0
20130710,14.75,15.05,14.75,15.05,1347,0
20130711,15.25,15.35,14.85,15.25,1985,0
20130712,15.34,15.36,15.34,15.36,8820,0
20130715,15.45,15.55,15.45,15.46,5764,0
20130716,15.6,15.6,15.48,15.6,2808,0
20130717,15.6,15.78,15.6,15.78,4371,0
20130718,15.78,15.85,15.7,15.79,3434,0
20130719,15.7,15.75,15.5,15.7,8835,0
20130722,15.79,15.79,15.6,15.79,22340,0
20130723,15.78,15.9,15.7,15.7,38593,0
20130724,15.7,15.8,15.6,15.65,9341,0
20130725,15.6,15.6,15.6,15.6,7036,0
20130726,15.6,15.65,15.6,15.65,5986,0
20130729,15.5,15.74,15.42,15.74,6014,0
20130730,15.5,15.6,15.5,15.6,204492,0
20130731,15.5,15.74,15.4,15.6,66382,0
20130801,15.55,15.7,15.55,15.7,10681,0
20130802,15.6,15.8,15.6,15.8,18116,0
20130805,16,16.05,15.9,16,7626,0
20130806,16,16.9,15.95,16.24,10248,0
20130807,16.29,16.29,15.6,16.04,7405,0
20130808,16,16.1,15.6,16.05,4502,0
20130809,15.7,16.1,15.7,16.1,7228,0
20130812,16,16,15.84,15.84,6532,0
20130813,15.36,16,14.14,15.7,13692,0
20130814,15.4,15.9,15.4,15.8,7231,0
20130816,15.85,15.85,15.7,15.7,6365,0
20130819,15.79,15.79,15.4,15.59,18338,0
20130820,15.22,15.5,14.51,15.49,8942,0
20130821,15.03,15.4,15,15.4,14650,0
20130822,15.25,15.4,14.8,15.35,8779,0
20130823,15,15.1,14.59,15,6039,0
20130826,14.7,15.1,14.51,14.7,3802,0
20130827,14.51,14.9,14.51,14.9,7649,0
20130828,14.7,14.9,14.52,14.9,6547,0
20130829,14.8,14.85,14.65,14.85,5981,0
20130830,15.7,16,14.6,14.83,19504,0
20130902,14.65,15,14.65,14.75,8135,0
20130903,14.75,14.99,14.7,14.9,5400,0
20130904,14.99,15.39,14.99,15.13,7036,0
20130905,14.76,15.23,14.75,15.14,5751,0
20130906,14.8,15.12,14.8,15,12523,0
20130909,14.81,15.14,14.81,15,5507,0
20130910,15.02,15.35,15.02,15.25,7889,0
20130911,15.4,15.4,15.3,15.3,5084,0
20130912,15.5,15.5,15.35,15.4,7137,0
20130913,15.34,15.34,15.2,15.2,935,0
20130916,15.21,15.3,15.2,15.2,4564,0
20130917,15.4,15.4,15.2,15.3,4108,0
20130918,15.01,15.35,15,15.2,4796,0
20130919,15.36,15.36,15.2,15.2,1165,0
20130920,14.95,14.95,14.8,14.95,4303,0
20130923,14.95,14.95,14.8,14.95,5375,0
20130924,14.99,14.99,14.77,14.8,1223,0
20130925,14.85,15,14.85,15,5031,0
20130926,15.2,15.2,15.1,15.2,4094,0
20130927,15.25,15.5,15.25,15.45,4927,0
20130930,15.49,15.65,15.3,15.45,4842,0
20131001,15.35,15.5,15.3,15.5,2748,0
20131002,15.25,15.25,15,15.05,7646,0
20131003,15.1,15.1,14.79,15,3181,0
20131004,14.9,15.49,14.9,15.15,3563,0
20131007,15,15.1,15,15,5173,0
20131008,15.3,15.3,14.85,14.9,1107,0
20131009,14.9,14.9,14.7,14.7,2147,0
20131010,15.3,15.48,15.05,15.1,7500,0
20131011,15,15.1,15,15.06,5361,0
20131014,14.86,14.99,14.86,14.9,5592,0
20131015,14.88,14.88,14.62,14.62,37269,0
20131016,14.62,14.62,14.4,14.4,1789,0
20131017,14.41,14.7,14.41,14.65,1659,0
20131018,14.7,14.84,14.52,14.84,2302,0
20131021,14.88,14.88,14.5,14.7,5768,0
20131022,14.65,14.99,14.65,14.75,14666,0
20131023,14.85,14.85,14.8,14.8,4608,0
20131024,14.8,14.8,14.65,14.65,2286,0
20131025,14.5,14.7,14.2,14.7,3466,0
20131028,14.7,14.7,13.57,13.62,51638,0
20131029,14.04,14.04,13.52,13.73,4901,0
20131030,13.73,13.75,13.61,13.75,841,0
20131031,13.74,13.74,13.62,13.7,5789,0
20131104,13.7,13.75,13.62,13.7,619,0
20131105,13.7,13.7,13.64,13.65,5904,0
20131106,13.7,13.7,13.64,13.65,1265,0
20131107,13.6,13.65,13.4,13.45,1277,0
20131108,13.69,13.7,13.4,13.59,1789,0
20131112,13.75,13.75,13.6,13.7,3332,0
20131113,13.56,13.7,13.51,13.7,1273,0
20131114,13.75,13.8,13.62,13.71,2137,0
20131115,13.99,14.15,13.86,14,3208,0
20131118,14.01,14.68,14,14,36992,0
20131119,14.01,14.15,13.92,13.92,11767,0
20131120,13.93,14.1,13.93,14.1,2687,0
20131121,14,14.05,13.94,13.94,2283,0
20131122,14.11,14.15,13.93,13.96,1435,0
20131125,13.94,14.15,13.94,14.05,1671,0
20131126,14.1,14.15,14.05,14.05,2355,0
20131127,13.94,14,13.91,13.91,927,0
20131128,13.92,14.04,13.91,13.92,1154,0
20131129,13.92,13.99,13.75,13.99,6249,0
20131202,13.8,13.8,13.35,13.35,5352,0
20131203,13.37,13.5,13.34,13.34,3866,0
20131204,13.35,13.35,12.55,12.71,11455,0
20131205,12.71,13,12.7,13,1528,0
20131206,13,13,12.9,12.99,1668,0
20131209,12.61,13,12.61,12.7,24690,0
20131210,12.8,12.85,12.7,12.85,601,0
20131211,12.86,12.86,12.8,12.85,1625,0
20131212,12.85,12.93,12.72,12.72,1783,0
20131213,12.75,12.8,12.5,12.72,2538,0
20131216,12.76,12.76,12.55,12.72,2253,0
20131217,12.8,12.8,12.5,12.5,1754,0
20131218,12.25,12.25,12.15,12.15,1702,0
20131219,12.15,12.44,11.97,12.44,1674,0
20131220,12,12,11.53,11.66,8313,0
20131223,11.99,11.99,11.99,11.99,182,0
20131227,12,12.01,12,12,343,0
20131230,12.1,12.35,12,12.15,1024,0
20140102,13.36,13.36,12.05,12.62,3034,0
20140103,12.21,12.76,12.21,12.76,1102,0
20140107,12.31,12.75,12.31,12.65,278,0
20140108,12.76,12.76,12.51,12.76,180,0
20140109,12.76,12.76,12.5,12.5,15066,0
20140110,12.41,12.51,12.36,12.48,7932,0
20140113,12.7,12.7,12.7,12.7,351,0
20140114,12.2,12.6,12.15,12.6,5981,0
20140115,12.16,12.75,12.16,12.75,3736,0
20140116,12.65,12.75,12.36,12.75,3153,0
20140117,12.8,12.95,12.65,12.77,6978,0
20140120,12.55,12.61,12.19,12.25,3272,0
20140121,12.2,12.44,11.96,11.96,3797,0
20140122,12.05,12.05,11.83,11.83,1283,0
20140123,12,12,11.1,11.1,3713,0
20140124,11.11,11.87,11,11.2,3644,0
20140127,11.86,11.86,11.2,11.39,17469,0
20140128,11.5,11.53,11.29,11.39,15131,0
20140129,11.55,11.63,11.3,11.3,9679,0
20140130,11.32,11.32,10.24,10.5,13680,0
20140131,10.5,10.5,10,10.05,9573,0
20140203,9.99,10.24,9.63,9.92,12820,0
20140204,10.12,10.12,9.22,9.22,16571,0
20140205,9.11,9.29,8.56,8.61,77305,0
20140206,8.62,8.98,8.55,8.9,29705,0
20140207,9,9,8.61,8.7,20189,0
20140210,8.97,8.97,8.6,8.6,24103,0
20140211,8.7,8.78,8.02,8.3,15628,0
20140212,8.3,8.5,7.86,7.96,86524,0
20140213,7.94,8,7.7,7.87,16085,0
20140214,7.8,7.8,7.67,7.79,16355,0
20140217,7.9,8.89,7.9,8.7,299529,0
20140218,9.09,9.65,9.02,9.05,120096,0
20140219,8.5,8.84,8.37,8.51,104520,0
20140220,8.6,8.64,8.22,8.58,93547,0
20140221,8.75,9.55,8.75,9.4,97545,0
20140224,10.3,11.24,9.75,10.49,217132,0
20140225,10.85,10.85,9.8,9.96,63066,0
20140226,9.99,10.29,9.4,9.4,38368,0
20140227,9.4,9.4,8.89,9.15,33720,0
20140228,8.94,9.42,8.94,9.33,15633,0
20140303,8.47,8.47,7.51,8,149364,0
20140304,8.4,9.35,8.35,9.21,45861,0
20140305,9.59,9.61,9.12,9.25,13197,0
20140306,9.35,9.6,8.83,9.07,29264,0
20140307,9.07,9.07,8.28,8.45,65071,0
20140310,8.56,8.67,8,8.35,71454,0
20140311,8.6,8.6,8.2,8.2,71769,0
20140312,8.39,8.39,7.8,7.8,122452,0
20140313,7.8,7.97,7.59,7.6,70378,0
20140314,7.59,7.97,7.59,7.94,11850,0
20140317,7.91,8.52,7.9,8.34,20840,0
20140318,8.37,8.68,8.11,8.43,43220,0
20140319,8.54,8.75,8.43,8.6,21445,0
20140320,8.4,8.5,8.14,8.4,16503,0
20140321,8.48,8.5,8.21,8.45,2445,0
20140324,8.45,8.85,8.25,8.4,8902,0
20140325,8.4,8.42,8.35,8.37,3744,0
20140326,8.48,8.6,8.35,8.35,3950,0
20140327,8.56,8.56,8.35,8.45,4539,0
20140328,8.55,8.55,8.4,8.5,102486,0
20140331,8.5,8.65,8.5,8.6,4897,0
20140401,8.7,9,8.7,8.81,24913,0
20140402,8.9,9.4,8.9,8.99,47575,0
20140403,9,9,8.81,8.82,6162,0
20140404,8.82,8.94,8.8,8.94,1674,0
20140407,8.91,8.91,8.15,8.19,16935,0
20140408,8.01,8.2,8,8.03,6587,0
20140409,8.12,8.35,8,8.2,10876,0
20140410,8.42,8.42,8.17,8.19,2628,0
20140411,8.1,8.24,8.1,8.21,25399,0
20140414,8.1,8.39,8,8.09,23942,0
20140415,8,8.35,8,8.11,52457,0
20140416,8.27,8.37,8.16,8.3,21658,0
20140417,8.3,8.5,8.13,8.5,5506,0
20140422,8.55,9.15,8.55,8.72,17041,0
20140423,8.72,8.9,8.7,8.7,1348,0
20140424,8.73,9.2,8.7,9,33285,0
20140425,8.78,9.1,8.78,9,11324,0
20140428,9.15,9.35,9,9.2,32081,0
20140429,9.3,9.45,9.26,9.45,8264,0
20140430,9.4,9.5,9.12,9.35,22048,0
20140502,9.06,9.43,9.06,9.37,3321,0
20140505,9.13,9.13,8.99,9.1,3419,0
20140506,8.85,9,8.85,9,4716,0
20140507,8.76,8.95,8.7,8.95,8125,0
20140508,9.01,9.13,8.76,8.9,11899,0
20140509,9.02,9.02,8.75,8.8,4032,0
20140512,8.9,9.1,8.8,9.1,3429,0
20140513,8.8,9.35,8.8,8.98,10620,0
20140514,8.98,8.98,8.71,8.71,10744,0
20140515,8.71,8.96,8.71,8.94,3933,0
20140516,8.93,8.94,8.1,8.36,13853,0
20140519,8.23,8.6,8.23,8.6,3658,0
20140520,8.36,8.7,8.36,8.65,18682,0
20140521,8.5,8.87,8.4,8.7,58889,0
20140522,8.84,8.84,8.54,8.7,6478,0
20140523,8.65,9,8.65,9,302515,0
20140526,9,10.38,9,10.32,32974,0
20140527,10.32,10.32,9.64,9.94,28859,0
20140528,9.71,9.83,9.4,9.71,14474,0
20140529,9.69,9.69,9.42,9.68,1099,0
20140530,9.44,10,9.44,10,40574,0
20140602,9.9,10,9.9,9.9,511,0
20140603,9.98,9.98,9.53,9.94,6566,0
20140604,9.8,9.84,9.6,9.79,956,0
20140605,9.8,10.4,9.8,10.01,8810,0
20140606,9.9,10.38,9.9,10.18,7260,0
20140609,10.18,10.5,10.1,10.3,4577,0
20140610,10.19,10.19,9.9,10,20120,0
20140611,9.93,10.2,9.9,10,4316,0
20140612,10,10.19,9.9,10.01,28896,0
20140613,10.14,10.45,10,10.15,43716,0
