Date,Open,High,Low,Close,Volume,OpenInt
20090526,5.758,5.758,4.9705,4.9705,614037,0
20090527,5.1145,5.4024,5.0805,5.089,126736,0
20090528,5.3177,5.3177,4.8943,4.9112,18838,0
20090529,4.8885,5.3338,4.844,5.3338,40716,0
20090601,5.5463,6.3084,5.5463,5.9273,94457,0
20090602,6.1813,6.3084,5.758,5.885,69434,0
20090603,6.0797,6.0968,5.504,5.6733,236730,0
20090604,5.6733,5.8427,5.5886,5.7495,20071,0
20090605,5.885,5.9273,5.7749,5.8342,14335,0
20090608,5.885,5.885,5.2584,5.6733,12677,0
20090609,5.5886,5.758,5.5886,5.648,35387,0
20090610,5.5886,5.8258,5.5886,5.5886,11255,0
20090612,5.6733,5.6733,5.4193,5.631,6845,0
20090615,5.5802,5.5802,5.2923,5.4871,24414,0
20090616,5.2923,5.4446,5.2923,5.3346,39892,0
20090617,5.3177,5.504,5.0805,5.3346,15104,0
20090618,5.1484,5.3431,5.0805,5.3431,10994,0
20090619,5.4786,5.4786,5.2076,5.4193,3074,0
20090622,5.4193,5.4193,5.089,5.0975,4303,0
20090623,5.2499,5.7411,5.2499,5.5886,52303,0
20090624,5.758,5.758,5.4193,5.5802,10273,0
20090625,5.5886,5.5886,5.2838,5.2838,4327,0
20090626,5.5802,5.631,5.5802,5.5886,4243,0
20090629,5.4531,5.7495,5.4531,5.7495,19327,0
20090630,5.7156,5.7495,5.504,5.7495,34967,0
20090701,5.5124,5.5463,5.504,5.5463,40632,0
20090702,5.5971,5.6733,5.4615,5.4615,16808,0
20090703,5.4193,5.6564,5.3515,5.6564,8096,0
20090706,5.648,5.648,5.648,5.648,1158,0
20090707,5.631,5.631,5.2076,5.4108,13877,0
20090708,5.1229,5.2499,5.0805,5.2499,32300,0
20090709,5.3346,5.3346,5.1229,5.2245,6757,0
20090710,5.3346,5.3346,5.089,5.089,86742,0
20090713,5.089,5.2076,5.089,5.2076,4779,0
20090714,5.2076,5.2076,5.089,5.1906,22332,0
20090715,5.1992,5.2499,5.1229,5.2245,130752,0
20090716,5.1653,5.2415,5.1398,5.1484,157988,0
20090717,5.1653,5.1653,5.1567,5.1567,21118,0
20090720,5.1314,5.1737,5.0805,5.1737,10628,0
20090721,5.1992,5.1992,5.1398,5.1398,64044,0
20090722,5.1653,5.1653,5.1229,5.1653,1346,0
20090723,5.1229,5.1822,5.0805,5.0805,13543,0
20090724,5.1653,5.1653,4.9536,5.0553,18554,0
20090727,5.0636,5.2076,4.9958,5.1822,178901,0
20090728,5.1822,5.1992,5.0805,5.1567,4263,0
20090729,5.0721,5.106,4.9789,5.0805,8017,0
20090730,5.0805,5.1229,5.0043,5.106,43147,0
20090731,5.1314,5.1567,5.106,5.1484,65949,0
20090803,5.1653,5.4615,5.0805,5.377,107082,0
20090804,5.377,5.6564,5.377,5.4871,22997,0
20090805,5.4871,6.1813,5.4871,5.6564,33777,0
20090806,5.8003,6.0036,5.758,5.8427,11760,0
20090807,5.8413,6.153,5.8413,6.0551,19251,0
20090810,6.1619,6.9455,6.0996,6.8743,54158,0
20090811,6.8926,6.9435,6.6047,6.8588,19613,0
20090812,6.393,6.7064,6.393,6.6047,8586,0
20090813,6.6894,6.9435,6.6894,6.9011,11176,0
20090814,6.935,7.3669,6.9265,6.9435,21287,0
20090817,7.0282,7.0282,6.8165,6.8757,1832,0
20090818,6.8926,6.935,6.7656,6.7656,2660,0
20090819,6.7741,6.7741,6.139,6.6894,14045,0
20090820,6.7487,6.7487,6.4269,6.6471,6246,0
20090821,6.7318,6.7318,6.266,6.6471,7997,0
20090824,6.6894,6.6894,6.2237,6.5369,6295,0
20090825,6.266,6.5625,6.0968,6.1644,41803,0
20090826,6.1797,6.4915,6.0818,6.3934,17399,0
20090827,6.393,6.4354,6.0968,6.4354,4348,0
20090828,6.3846,6.5455,6.3507,6.52,15843,0
20090831,6.5359,6.6249,6.4468,6.5893,5343,0
20090901,6.3578,6.3578,5.9215,5.9304,56418,0
20090902,5.9126,5.9126,5.3783,5.4585,27022,0
20090903,5.4585,5.4941,5.2537,5.4674,19788,0
20090904,5.4674,5.6722,5.4674,5.6722,3732,0
20090907,5.6722,5.9037,5.6722,5.9037,9983,0
20090908,5.7612,5.8236,5.6276,5.7167,30094,0
20090909,5.7434,5.8413,5.7167,5.7256,12589,0
20090910,5.9215,5.9215,5.6722,5.8681,5598,0
20090911,5.9482,5.966,5.7879,5.8948,40742,0
20090914,5.5653,5.7434,5.5564,5.5564,7123,0
20090915,5.5208,5.6098,5.2269,5.5119,11321,0
20090916,5.5297,5.6989,5.5208,5.6989,1980,0
20090917,5.877,5.966,5.7078,5.7968,3752,0
20090918,5.7879,5.8681,5.7879,5.7879,147116,0
20090921,5.7434,5.8324,5.7434,5.8324,3658,0
20090922,5.7434,6.0551,5.6098,6.0551,6607,0
20090923,6.0996,6.1441,5.7879,6.1441,6282,0
20090924,6.0551,6.0551,6.0551,6.0551,136,0
20090925,5.7167,6.0551,5.7078,5.966,10183,0
20090928,5.7434,6.0996,5.7078,6.0996,11505,0
20091001,5.7523,6.0017,5.7167,5.7968,3103,0
20091002,5.7879,5.9215,5.7256,5.9037,7530,0
20091005,5.7879,5.8948,5.7879,5.8948,1878,0
20091006,5.9037,5.9037,5.7256,5.877,1340,0
20091007,5.8948,5.8948,5.7612,5.8591,1163,0
20091008,5.7879,5.877,5.7879,5.877,1838,0
20091009,5.877,5.877,5.69,5.69,1673,0
20091012,5.8948,5.8948,5.4317,5.7701,6099,0
20091013,5.5653,5.6098,5.4317,5.5208,13565,0
20091014,5.5208,5.69,5.4495,5.6098,2974,0
20091015,5.69,5.69,5.4674,5.6455,2167,0
20091016,5.6009,5.6009,5.4762,5.4762,2560,0
20091019,5.3071,5.4317,5.3071,5.3961,25743,0
20091020,5.4495,5.6455,5.4495,5.6455,3324,0
20091021,5.6543,5.9215,5.4585,5.9215,2362,0
20091022,5.7167,5.877,5.7167,5.877,9276,0
20091023,5.6989,5.966,5.6543,5.7879,9717,0
20091026,5.877,6.2332,5.8324,6.1174,10471,0
20091027,5.966,6.2332,5.966,6.2332,7502,0
20091028,6.2242,6.2332,5.8324,6.2242,15451,0
20091029,5.8324,6.6783,5.8324,6.6783,114733,0
20091030,6.6783,6.8564,6.251,6.7674,30955,0
20091104,6.1441,6.6516,6.1441,6.6516,56264,0
20091105,6.5893,6.6249,6.2332,6.6249,66182,0
20091106,6.2955,6.6161,6.2955,6.5893,19268,0
20091109,6.5804,6.6606,6.5804,6.6606,4984,0
20091110,6.5893,6.5893,6.2866,6.2866,263,0
20091112,6.6606,6.8654,6.3756,6.8654,35820,0
20091113,6.8119,6.8654,6.5893,6.7674,9810,0
20091116,6.7674,7.4353,6.7674,7.3907,35290,0
20091117,7.3818,7.3818,7.1236,7.1681,8543,0
20091118,6.7229,7.2126,6.7229,7.1236,1838,0
20091119,6.999,7.1236,6.99,7.1236,8277,0
20091120,7.2038,7.2038,7.2038,7.2038,1123,0
20091123,7.2038,7.2038,7.1236,7.1236,6881,0
20091124,7.0345,7.3373,7.0167,7.3017,8852,0
20091125,7.2839,7.2928,7.2126,7.2928,4717,0
20091126,7.0612,7.2928,7.0435,7.2928,3706,0
20091127,7.1147,7.275,6.8743,7.2572,8825,0
20091130,7.1681,7.3017,7.0345,7.2839,14783,0
20091201,7.1236,7.2839,7.1236,7.2839,9350,0
20091202,7.177,7.2126,7.1325,7.2126,6595,0
20091203,7.0345,7.2126,7.0345,7.2126,3301,0
20091204,7.1503,7.1948,7.1236,7.1236,10152,0
20091207,7.0345,7.1058,6.99,6.99,1123,0
20091208,7.1236,7.1236,7.1236,7.1236,141,0
20091209,7.1147,7.1147,7.1147,7.1147,141,0
20091210,7.097,7.1948,7.0345,7.1948,3201,0
20091211,7.1236,7.1948,7.0702,7.1948,10170,0
20091214,6.9633,7.1236,6.9633,7.1236,12102,0
20091215,7.0345,7.1058,6.99,7.1058,5786,0
20091216,6.99,7.1948,6.8743,7.1948,11316,0
20091217,7.0257,7.1236,6.8743,7.1236,15676,0
20091218,7.1147,7.1147,7.1147,7.1147,2964,0
20091221,7.0257,7.0257,6.99,6.99,6532,0
20091222,6.99,7.1058,6.99,7.1058,4906,0
20091223,6.99,7.1147,6.99,7.1147,2246,0
20091228,7.275,7.275,7.0345,7.1325,19283,0
20091229,7.2126,7.2126,7.2126,7.2126,2303,0
20091230,7.1236,7.1236,7.0612,7.1236,1831,0
20091231,7.2126,7.2126,7.2126,7.2126,3742,0
20100104,7.2126,7.2126,7.2038,7.2038,2295,0
20100105,7.1236,7.1236,7.0791,7.0791,486,0
20100106,7.0345,7.1058,6.9811,7.1058,2190,0
20100107,7.1058,7.1236,7.1058,7.1236,1011,0
20100108,7.1236,7.1236,6.999,6.999,2695,0
20100111,6.99,6.99,6.99,6.99,225,0
20100113,6.5982,6.8564,6.5982,6.6783,1213,0
20100114,6.99,6.99,6.7229,6.7229,141,0
20100115,6.7318,6.7318,6.7318,6.7318,982,0
20100118,6.7674,6.7674,6.7674,6.7674,810,0
20100119,6.5092,6.7229,6.5003,6.7229,6455,0
20100120,6.7674,6.7674,6.7674,6.7674,395,0
20100121,6.8119,6.8119,6.5626,6.6783,2873,0
20100122,6.4113,6.4113,6.4113,6.4113,449,0
20100125,6.6695,6.6695,6.6695,6.6695,113,0
20100126,6.3756,6.5448,6.3667,6.3667,1528,0
20100127,6.242,6.9455,6.2332,6.9455,6134,0
20100128,6.901,6.9455,6.3667,6.9455,6818,0
20100129,6.6428,6.9455,6.6428,6.9455,5172,0
20100203,6.6783,6.9455,6.6783,6.9455,973,0
20100204,6.7674,6.9277,6.7674,6.9277,230,0
20100205,6.5003,6.9455,6.5003,6.9455,8515,0
20100208,6.7229,6.8387,6.6161,6.7674,15834,0
20100209,6.6783,6.6783,6.6338,6.6338,9988,0
20100211,6.6338,6.6338,6.6338,6.6338,157,0
20100215,6.5092,6.714,6.5092,6.714,562,0
20100219,6.5448,6.7674,6.5092,6.7674,879,0
20100223,7.1236,7.1236,7.1236,7.1236,5616,0
20100224,7.7558,7.7558,7.1236,7.1236,2617,0
20100225,6.7229,6.9188,6.7229,6.8387,13708,0
20100226,6.8387,7.1236,6.8387,7.1236,5616,0
20100301,7.1236,7.1236,6.6873,6.6873,6176,0
20100302,6.7852,6.7852,6.6873,6.7496,16887,0
20100303,6.7229,6.8119,6.7229,6.8119,7243,0
20100304,6.8119,7.3017,6.7674,7.3017,16334,0
20100305,7.2839,7.3907,7.1414,7.3907,8697,0
20100308,7.3017,7.3017,7.0167,7.2126,8893,0
20100309,7.1236,7.2305,7.1236,7.2305,6308,0
20100310,7.2126,7.3907,7.2126,7.3907,13861,0
20100311,7.5065,7.7024,7.4353,7.7024,48020,0
20100312,8.4682,8.4682,8.1476,8.4593,23808,0
20100315,8.8956,9.706,8.8956,9.3497,57796,0
20100316,9.563,9.572,9.0381,9.3497,23316,0
20100317,9.75,10.196,9.3675,9.4477,24169,0
20100318,9.937,9.937,9.3497,9.3497,10845,0
20100319,9.795,9.795,9.3497,9.3585,3257,0
20100322,9.59,9.59,9.0113,9.0113,9459,0
20100323,9.0826,9.0826,8.6462,8.9045,16508,0
20100324,8.9045,8.9045,8.4682,8.9045,8338,0
20100325,8.6374,9.1538,8.6374,8.9045,9642,0
20100326,8.6819,9.2607,8.6552,9.2607,2549,0
20100329,9.3052,9.3052,8.9045,8.9045,4166,0
20100330,8.9223,9.2251,8.9045,8.9045,16344,0
20100331,9.1984,9.1984,8.7442,8.9045,7297,0
20100401,8.9045,9.0737,8.9045,8.9045,5503,0
20100406,8.9045,8.9045,8.7442,8.7709,865,0
20100407,8.7353,8.9045,8.7264,8.8065,1310,0
20100408,8.8065,8.8155,8.7264,8.8155,24785,0
20100409,8.7442,8.8155,8.7442,8.8155,2920,0
20100412,8.753,8.8155,8.7442,8.8155,831,0
20100413,8.8155,8.8155,8.7442,8.7442,674,0
20100414,8.8155,8.8155,8.5038,8.7976,842,0
20100415,8.7976,8.8155,8.7976,8.7976,1572,0
20100416,8.5216,8.7888,8.5216,8.7888,504,0
20100419,8.4593,8.7709,8.4593,8.7709,69,0
20100420,8.7798,8.7798,8.7798,8.7798,225,0
20100421,8.014,8.762,8.014,8.762,5538,0
20100422,8.5572,8.7442,8.5483,8.7442,2940,0
20100423,8.762,8.762,8.762,8.762,113,0
20100426,8.762,8.9045,8.7264,8.9045,2314,0
20100427,8.5661,8.9045,8.4593,8.9045,2263,0
20100428,8.8867,8.8867,8.4593,8.8065,938,0
20100429,8.5572,8.8867,8.5572,8.8867,1869,0
20100430,8.8956,8.9045,8.7442,8.8867,225796,0
20100504,9.662,9.662,8.575,8.9045,775,0
20100505,8.6107,8.86,8.6107,8.86,3109,0
20100506,8.6908,8.851,8.6285,8.851,2333,0
20100507,8.6285,8.6285,8.5483,8.5483,333,0
20100510,8.8155,8.8155,8.6374,8.6374,1028,0
20100511,8.762,8.762,8.3702,8.7353,1371,0
20100512,8.7264,8.7709,8.6462,8.7709,4881,0
20100513,8.7709,8.7709,8.5928,8.7709,2534,0
20100514,8.4949,8.8956,8.4949,8.8956,3804,0
20100517,8.8867,8.9045,8.5483,8.9045,1347,0
20100518,8.8956,8.8956,8.5661,8.8155,10220,0
20100519,8.7264,8.7264,8.1921,8.7264,4847,0
20100520,8.753,8.753,8.1921,8.7264,12966,0
20100521,8.3702,8.7264,8.3702,8.7264,13058,0
20100524,8.8065,8.8065,8.5483,8.5483,2717,0
20100525,8.6819,8.6819,8.4147,8.4147,4604,0
20100526,8.5483,8.5483,8.5483,8.5483,5008,0
20100527,8.6819,8.8422,8.6819,8.6819,4064,0
20100528,8.8333,8.8422,8.7264,8.7264,16661,0
20100531,8.8155,8.8155,8.5483,8.7264,2246,0
20100601,8.8867,8.8867,8.8867,8.8867,496,0
20100602,8.8422,8.8422,8.8422,8.8422,499,0
20100604,8.6017,8.8155,8.5928,8.5928,558,0
20100607,8.1031,8.7976,7.7915,8.7976,1837,0
20100608,8.673,8.673,8.2901,8.4504,6408,0
20100609,8.6819,8.6819,8.6819,8.6819,507,0
20100610,8.6017,8.9936,8.2812,8.9936,12416,0
20100611,8.5038,8.9757,8.5038,8.8956,5727,0
20100614,9.786,9.786,8.9045,8.9045,609,0
20100615,8.8956,8.9045,8.6017,8.9045,559,0
20100616,8.7353,8.9045,8.6552,8.9045,1831,0
20100617,8.8956,8.9045,8.6819,8.9045,5635,0
20100618,8.7086,8.9045,8.6819,8.9045,8535,0
20100621,8.8956,8.9045,8.8956,8.9045,2695,0
20100622,8.9936,8.9936,8.8867,8.9045,2264,0
20100623,8.8956,8.9045,8.673,8.9045,3224,0
20100624,8.8155,8.8956,8.8155,8.8956,2470,0
20100625,8.8956,9.528,8.8956,8.9045,115758,0
20100628,8.9045,9.1717,8.9045,8.9312,1609,0
20100629,9.1717,9.1717,8.9045,8.9045,2111,0
20100630,8.9045,8.9045,8.584,8.6552,13240,0
20100701,8.3702,8.7175,8.1921,8.5483,4536302,0
20100702,8.6641,8.6641,8.5928,8.5928,1907,0
20100705,8.8778,8.9045,8.5928,8.6017,10243,0
20100706,8.8155,9.1271,8.5483,9.1271,8647,0
20100707,8.9045,9.0737,8.6819,9.0737,3827,0
20100708,9.0558,11.398,9.0558,11.398,9301,0
20100709,12.466,12.466,10.454,10.864,9411,0
20100712,10.774,10.953,10.258,10.953,3622,0
20100713,10.908,11.576,10.24,10.944,11476,0
20100714,10.73,11.576,10.73,11.576,121288,0
20100715,11.674,12.021,11.576,12.021,103918,0
20100716,12.021,12.021,11.309,12.021,1190,0
20100719,12.021,12.021,11.665,11.896,3644,0
20100720,11.888,11.888,11.62,11.843,26017,0
20100721,11.888,11.888,11.585,11.665,2801,0
20100722,11.781,11.781,11.398,11.398,12268,0
20100723,11.665,11.665,11.425,11.425,4781,0
20100726,11.433,12.021,10.953,11.745,63482,0
20100727,11.576,11.834,11.576,11.736,40078,0
20100728,11.754,11.754,11.576,11.576,806,0
20100729,11.131,11.736,11.131,11.736,2617,0
20100730,11.834,11.834,11.38,11.567,1965,0
20100802,11.576,11.576,11.531,11.531,288,0
20100803,11.487,12.466,11.487,11.754,5235,0
20100804,11.754,11.932,11.398,11.727,4613,0
20100805,11.932,11.932,11.442,11.576,4371,0
20100806,11.968,11.968,11.042,11.505,16631,0
20100809,11.309,11.309,11.042,11.042,4437,0
20100810,11.656,11.656,10.498,11.042,8158,0
20100811,10.685,11.042,10.685,11.042,794,0
20100812,10.73,11.442,10.73,11.433,3470,0
20100813,11.389,11.389,11.389,11.389,2265,0
20100816,11.22,11.22,11.175,11.22,1317,0
20100817,11.193,11.647,11.131,11.389,7868,0
20100818,11.131,11.309,11.086,11.309,16690,0
20100819,11.442,11.709,11.042,11.291,8487,0
20100820,11.131,11.576,11.068,11.576,8524,0
20100823,11.576,11.576,11.576,11.576,2335,0
20100824,11.576,11.576,11.442,11.576,6025,0
20100825,11.576,11.576,11.131,11.398,16835,0
20100826,11.478,11.478,11.309,11.309,3485,0
20100827,11.148,11.309,11.14,11.14,826,0
20100830,11.487,11.487,10.908,11.362,1302,0
20100831,11.335,11.335,11.006,11.309,2905,0
20100901,11.238,11.238,11.238,11.238,634,0
20100902,11.264,11.451,11.077,11.362,5862,0
20100903,11.362,11.389,11.264,11.389,1360,0
20100906,11.229,12.511,11.229,11.683,44750,0
20100907,12.066,12.457,11.576,12.457,5373,0
20100908,12.449,12.449,12.288,12.324,4646,0
20100909,12.359,12.359,12.146,12.146,3087,0
20100910,12.03,12.057,12.03,12.057,449,0
20100913,12.555,12.555,12.021,12.021,10596,0
20100914,12.021,12.057,11.62,12.057,1666,0
20100915,12.021,12.021,11.763,11.968,905,0
20100916,12.101,12.11,11.843,12.057,6832,0
20100917,12.057,12.057,11.763,12.057,4220,0
20100920,11.727,12.164,11.727,12.164,6842,0
20100921,12.021,13.357,11.754,13.268,54912,0
20100922,13.268,13.268,12.644,12.912,16572,0
20100923,12.653,13.161,12.644,13.001,7974,0
20100924,12.992,13.17,12.912,13.09,19891,0
20100927,13.17,13.17,12.912,13.116,12749,0
20100928,12.805,13.179,12.805,13.17,4267,0
20100929,13.17,13.357,13.17,13.357,3704,0
20100930,13.392,14.238,13.392,13.757,15684,0
20101001,13.927,13.98,13.757,13.757,9316,0
20101004,13.82,14.158,13.82,14.158,4979,0
20101005,14.176,14.764,14.069,14.149,23279,0
20101006,14.149,14.381,13.82,13.82,6573,0
20101007,13.847,14.025,13.268,14.025,9560,0
20101008,14.025,14.025,13.41,13.971,13937,0
20101011,13.953,14.238,13.953,13.971,306,0
20101012,14.069,14.221,13.49,14.06,2181,0
20101013,14.194,14.194,13.651,13.651,1346,0
20101014,13.588,14.114,13.588,13.642,97,0
20101015,13.606,14.087,13.606,14.069,219,0
20101018,14.069,14.069,13.802,14.06,3109,0
20101019,13.855,14.042,13.855,14.042,147,0
20101020,13.98,14.06,13.891,14.025,3453,0
20101021,14.025,14.247,13.713,14.247,4212,0
20101022,14.247,14.692,14.203,14.692,5905,0
20101025,14.684,15.494,14.684,15.138,7976,0
20101026,15.449,15.565,14.924,15.387,5848,0
20101027,15.672,15.672,14.96,15.387,3974,0
20101028,15.369,15.378,15.138,15.316,9660,0
20101029,15.314,15.674,15.314,15.674,3092,0
20101102,15.663,16.002,15.512,15.761,6188,0
20101103,15.85,15.85,15.806,15.806,3772,0
20101104,15.814,15.841,15.592,15.806,3705,0
20101105,15.806,15.806,15.503,15.806,3242,0
20101108,15.806,15.984,15.717,15.77,8897,0
20101109,15.912,16.037,15.806,16.002,9998,0
20101110,16.002,16.002,15.761,15.877,6854,0
20101112,15.85,15.85,15.565,15.583,6472,0
20101115,15.761,15.761,14.692,15.218,21559,0
20101116,15.218,15.218,14.336,15.129,5751,0
20101117,15.049,15.111,14.541,15.093,2651,0
20101118,15.075,15.075,14.835,15.075,1523,0
20101119,15.049,15.049,14.701,14.728,5762,0
20101122,14.728,15.022,14.336,14.514,22451,0
20101123,14.274,14.479,13.597,14.194,10124,0
20101124,13.606,14.087,13.606,13.686,11086,0
20101125,13.535,13.891,13.366,13.891,17873,0
20101126,13.535,13.802,13.535,13.624,4411,0
20101129,13.384,13.624,13.188,13.624,10045,0
20101130,13.446,13.624,13.437,13.624,10514,0
20101201,13.713,13.891,13.562,13.562,20369,0
20101202,13.793,13.793,13.464,13.579,2866,0
20101203,13.873,13.873,13.49,13.49,2073,0
20101206,13.713,13.713,13.357,13.562,9097,0
20101207,13.375,13.579,13.33,13.579,22316,0
20101208,13.713,13.713,13.357,13.571,27757,0
20101209,13.579,14.915,13.535,14.603,197994,0
20101210,14.274,14.603,14.238,14.603,19171,0
20101213,14.603,14.603,14.39,14.603,59626,0
20101214,14.47,14.47,13.811,14.051,44287,0
20101215,14.051,14.47,13.989,14.47,13644,0
20101216,14.47,14.621,14.47,14.621,7045,0
20101217,14.621,15.218,14.354,14.942,28624,0
20101220,15.066,15.066,14.63,14.737,4714,0
20101221,14.603,14.603,14.603,14.603,3156,0
20101222,14.603,14.603,14.603,14.603,3707,0
20101223,14.425,14.514,14.425,14.425,6307,0
20101227,14.425,14.603,14.247,14.603,3572,0
20101228,14.595,14.781,14.443,14.603,16059,0
20101229,14.47,14.603,14.425,14.603,12147,0
20101230,14.603,14.603,14.514,14.603,9759,0
20101231,14.602,15.046,14.473,15.046,105634,0
20110103,14.799,14.799,14.603,14.63,5067,0
20110104,14.603,14.764,14.603,14.737,3521,0
20110105,14.639,14.773,14.603,14.773,1427,0
20110107,14.63,14.648,14.514,14.514,2512,0
20110110,14.292,14.292,13.811,13.811,5557,0
20110111,14.069,14.238,13.9,13.9,411,0
20110112,14.149,14.158,13.936,14.158,3272,0
20110113,14.158,14.247,14.158,14.247,359,0
20110114,14.203,14.399,14.025,14.399,515,0
20110117,14.381,14.381,14.132,14.203,1993,0
20110118,14.283,14.283,13.802,13.971,28324,0
20110119,13.98,14.158,13.891,14.149,710,0
20110120,14.14,14.14,13.891,14.14,673,0
20110121,13.677,14.096,13.677,13.82,584,0
20110124,13.731,13.811,13.731,13.793,1472,0
20110125,13.713,13.971,13.597,13.971,2965,0
20110126,14.14,14.14,14.069,14.069,2880,0
20110127,14.114,14.158,13.936,14.158,5737,0
20110128,13.971,14.114,13.562,13.668,7860,0
20110131,13.53,13.891,13.225,13.882,11886,0
20110201,13.802,13.962,13.757,13.936,2414,0
20110202,13.811,13.811,13.802,13.802,483,0
20110203,14.069,14.069,13.535,13.802,1701,0
20110204,13.401,13.936,13.401,13.936,55,0
20110207,13.704,13.847,13.704,13.847,483,0
20110208,13.49,13.936,13.464,13.847,529,0
20110210,13.562,13.704,13.49,13.49,3113,0
20110211,13.802,14.158,13.446,14.158,3448,0
20110215,14.069,14.247,14.069,14.247,4604,0
20110216,14.238,14.238,14.238,14.238,2752,0
20110217,13.855,14.692,13.838,14.692,5962,0
20110218,14.666,14.666,14.292,14.648,202,0
20110221,14.648,14.648,14.63,14.63,383,0
20110222,13.847,14.603,13.642,14.603,12769,0
20110223,13.989,14.559,13.891,13.891,363992,0
20110224,14.505,14.505,14.336,14.336,1395,0
20110225,14.336,14.336,14.336,14.336,1245,0
20110228,14.034,14.416,14.034,14.336,1180,0
20110301,14.292,14.336,14.247,14.247,472599,0
20110302,14.078,14.247,13.989,13.989,3486,0
20110303,14.238,14.238,14.007,14.194,2270,0
20110307,14.194,14.194,14.176,14.194,123,0
20110308,13.873,14.185,13.864,14.114,901,0
20110309,14.069,14.158,14.069,14.069,5897,0
20110310,14.069,14.149,14.069,14.149,458,0
20110311,14.069,14.069,14.025,14.025,629,0
20110314,14.025,14.025,13.802,13.936,3731,0
20110315,13.597,14.051,13.09,13.357,4339,0
20110316,13.882,14.149,13.713,13.713,10071,0
20110317,13.802,14.247,13.428,13.455,2546,0
20110318,14.114,14.114,13.384,13.624,1463,0
20110321,13.713,13.713,12.912,13.392,16755,0
20110322,13.179,13.713,13.179,13.179,3834,0
20110323,13.392,13.392,13.179,13.268,4251,0
20110324,13.268,13.713,12.342,12.912,115242,0
20110325,13.312,13.312,12.689,12.689,118057,0
20110328,12.689,13.321,12.689,13.321,16526,0
20110329,12.929,13.268,12.733,13.001,19040,0
20110330,13.116,13.116,12.912,13.001,8757,0
20110331,13.262,13.355,12.819,13.355,28695,0
20110401,13.09,13.09,12.751,12.912,3433,0
20110404,13.303,13.303,12.92,13.268,36,0
20110405,12.6,13.25,12.6,12.689,770,0
20110406,13.152,13.535,12.885,13.535,10703,0
20110407,13.286,13.713,13.286,13.357,3273,0
20110408,13.668,13.668,12.92,13.179,14489,0
20110411,13.072,13.072,13.072,13.072,6,0
20110412,12.912,13.348,12.912,12.965,4375698,0
20110413,13.268,13.268,12.912,13.045,50602,0
20110414,13.081,13.312,12.689,12.689,46358,0
20110415,13.09,13.152,13.001,13.152,6691,0
20110418,13.001,13.001,12.751,12.912,12174,0
20110419,12.912,12.912,12.582,12.662,12825,0
20110420,12.823,13.027,12.733,12.912,788863,0
20110421,13.027,13.027,12.912,12.912,4257,0
20110426,12.912,12.912,12.912,12.912,10170,0
20110427,12.956,12.956,12.912,12.912,7053,0
20110428,13.001,13.179,13.001,13.179,22068,0
20110429,13.179,13.336,13.179,13.336,31746,0
20110502,13.375,13.98,13.375,13.704,24477,0
20110504,13.695,13.695,13.49,13.695,15657,0
20110505,14.06,14.06,13.455,13.775,35821,0
20110506,13.713,13.713,13.49,13.49,27,0
20110509,13.357,13.802,13.357,13.802,6952,0
20110510,13.214,13.98,13.214,13.802,13016,0
20110511,13.891,13.971,13.597,13.882,96920,0
20110512,13.927,13.927,13.446,13.927,1266,0
20110513,13.927,13.953,13.633,13.873,7022,0
20110516,13.116,13.927,13.116,13.802,8778,0
20110517,13.196,13.802,13.196,13.802,824,0
20110518,13.277,13.757,13.277,13.33,8981,0
20110519,13.731,13.731,13.33,13.33,10184,0
20110520,13.74,13.74,13.535,13.535,2028,0
20110523,13.099,13.535,13.099,13.446,132,0
20110524,13.01,13.357,13.001,13.357,426,0
20110525,13.659,13.659,13.579,13.579,1125,0
20110526,13.535,13.659,13.535,13.659,3168,0
20110527,13.659,13.659,13.357,13.517,2311,0
20110530,13.357,13.731,13.348,13.731,3323,0
20110531,13.761,13.798,13.623,13.789,18681,0
20110601,13.775,13.793,13.446,13.713,138570,0
20110602,13.713,13.793,13.713,13.793,28927,0
20110603,13.757,13.757,13.268,13.339,24063,0
20110606,13.784,13.784,13.357,13.357,12388,0
20110607,13.623,13.697,13.429,13.53,18824,0
20110608,13.715,13.715,13.447,13.447,977,0
20110609,13.715,13.715,13.355,13.355,23596,0
20110610,13.535,13.535,13.357,13.357,364385,0
20110613,13.01,13.508,13.01,13.508,1404,0
20110614,13.268,13.357,13.268,13.357,119,0
20110615,13.446,13.446,13.357,13.357,1123,0
20110616,13.355,13.447,13.355,13.447,253,0
20110617,13.09,13.446,13.09,13.446,1713,0
20110620,13.437,13.437,13.179,13.241,780,0
20110621,13.286,13.357,13.134,13.179,23387,0
20110622,13.428,13.428,13.099,13.357,6850,0
20110624,13.447,13.447,13.272,13.355,2206,0
20110627,13.107,13.339,12.511,13.339,3671,0
20110628,12.689,13.268,12.689,13.259,8690,0
20110629,12.796,13.259,12.796,13.134,9605,0
20110630,13.225,13.225,12.736,12.736,8405,0
20110701,12.199,12.957,12.199,12.856,9854,0
20110704,12.532,13.05,12.532,12.689,1024,0
20110705,12.569,12.68,12.292,12.467,2536,0
20110706,12.292,12.292,12.024,12.292,18108,0
20110707,12.199,12.782,12.199,12.467,14926,0
20110708,12.56,12.772,12.56,12.772,1587,0
20110711,12.514,12.819,12.292,12.292,9037,0
20110712,12.301,12.708,11.756,12.68,2375,0
20110713,12.569,12.92,12.338,12.92,2611,0
20110714,12.671,12.846,12.578,12.837,1639,0
20110715,12.588,12.745,12.588,12.745,857,0
20110718,12.578,12.578,12.199,12.199,1915,0
20110719,11.691,12.199,11.691,11.987,251,0
20110720,11.987,11.987,11.553,11.553,2152,0
20110721,11.368,11.83,10.813,11.83,3848,0
20110722,12.819,12.819,11.368,11.608,893,0
20110725,11.626,12.079,11.321,11.645,5648,0
20110726,11.553,11.922,11.368,11.922,450,0
20110727,11.885,11.885,11.46,11.469,7651,0
20110728,11.09,11.756,11.09,11.553,1935,0
20110729,11.1,11.553,11.1,11.553,2518,0
20110801,11.1,11.543,11.1,11.543,938,0
20110802,11.543,11.543,11.543,11.543,1082,0
20110803,10.647,11.534,10.647,11.534,4128,0
20110804,11.09,11.09,10.647,10.647,13340,0
20110805,10.351,11.09,9.593,11.09,4312,0
20110808,10.379,10.684,10.259,10.536,3496,0
20110809,10.527,11.497,9.242,11.497,120330,0
20110810,11.09,11.09,10.305,10.305,9516,0
20110811,10.065,10.065,9.63,9.713,15491,0
20110812,10.166,10.286,9.4453,9.4453,13641,0
20110816,9.538,10.065,9.538,9.704,1085,0
20110817,9.75,10.333,9.704,10.333,11361,0
20110818,10.323,10.323,10.139,10.139,726,0
20110819,9.4453,10.157,9.4453,10.157,1913,0
20110822,9.889,9.981,9.889,9.981,1104,0
20110823,9.889,10.028,9.889,9.889,1944,0
20110824,9.593,9.593,9.4268,9.4915,20153,0
20110825,9.547,9.981,9.4638,9.4638,13589,0
20110826,9.639,9.639,9.4268,9.4361,11902,0
20110829,9.4268,9.797,9.242,9.242,63906,0
20110830,9.4268,9.4268,9.4268,9.4268,13688,0
20110831,9.2882,9.787,9.2882,9.2882,7141,0
20110901,9.861,9.861,9.242,9.2697,7396,0
20110902,9.1034,9.1034,8.4564,8.5026,85946,0
20110905,8.3178,8.3178,8.2438,8.2438,15400,0
20110906,8.1329,8.3732,7.9481,8.1237,4474,0
20110907,8.2901,8.3825,7.8742,7.9296,38102,0
20110908,7.9943,7.9943,7.6801,7.6801,33732,0
20110909,7.8464,7.8464,7.3936,7.3936,11091,0
20110912,7.0239,7.0239,6.8391,6.8391,39390,0
20110913,6.8391,6.8391,6.6542,6.8391,88373,0
20110914,6.645,7.1163,6.4694,6.7929,29832,0
20110915,7.1071,8.6505,7.1071,7.4398,106802,0
20110916,8.1329,9.242,8.0405,8.1329,38340,0
20110919,8.3178,8.4102,8.1329,8.1422,2182,0
20110920,8.1329,8.669,7.8557,8.1329,3848,0
20110921,8.3178,8.3178,7.7171,8.1329,28607,0
20110922,7.7171,7.7448,7.4952,7.4952,23134,0
20110923,7.4952,7.9481,7.4952,7.9481,6391,0
20110926,7.4028,7.7171,7.3936,7.6616,63123,0
20110927,7.6708,7.6708,7.5784,7.5784,3138,0
20110928,8.1145,8.1145,7.486,7.7078,13021,0
20110929,7.5322,8.0498,7.5322,8.0405,4688,0
20110930,7.6339,8.1329,7.6246,8.1329,9890,0
20111003,7.7355,8.1237,7.7355,8.1237,1816,0
20111004,7.8742,7.8742,7.8742,7.8742,288,0
20111005,7.6062,8.2531,7.6062,8.1329,6828,0
20111006,8.3085,8.3178,7.9111,7.9666,7006,0
20111007,8.2346,8.2346,7.9943,7.9943,1980,0
20111010,8.0128,8.4102,8.0128,8.4102,6376,0
20111011,8.1329,9.704,8.1329,9.704,12520,0
20111012,10.166,10.351,9.584,9.778,5594,0
20111013,9.602,9.602,9.4545,9.4545,692,0
20111014,9.2697,9.824,9.2697,9.824,3711,0
20111017,9.824,9.972,9.824,9.972,276,0
20111018,9.861,9.861,9.861,9.861,74,0
20111019,9.843,10.157,9.4361,10.157,12755,0
20111020,9.713,10.074,9.242,9.242,1783,0
20111021,8.5488,9.612,8.5488,9.612,1364,0
20111024,9.704,9.704,9.676,9.676,294,0
20111025,9.1773,9.242,8.9924,8.9924,345879,0
20111026,8.7152,9.242,8.7152,9.242,171434,0
20111027,9.4268,9.797,9.4268,9.695,7661,0
20111028,9.566,9.566,9.566,9.566,1543,0
20111031,9.566,9.566,8.8723,9.1496,25444,0
20111102,8.8723,9.704,8.3178,9.704,94257,0
20111103,9.519,10.268,9.0849,10.166,4926,0
20111104,9.593,9.861,9.593,9.861,3261,0
20111107,9.0571,9.612,9.0571,9.593,2603,0
20111108,9.2882,9.575,9.2882,9.519,871,0
20111109,9.519,9.519,9.242,9.51,711,0
20111110,9.2605,9.4915,9.242,9.242,4214,0
20111114,9.242,9.242,9.1034,9.242,16714,0
20111115,9.242,9.242,8.7891,9.2327,4593,0
20111116,8.8353,8.9647,8.7984,8.9647,1927,0
20111117,8.5211,8.8631,8.3548,8.669,4470,0
20111118,8.1792,8.9647,8.1792,8.9647,4101,0
20111121,8.3363,9.168,8.3363,9.168,583,0
20111122,8.5858,8.595,8.5119,8.5119,16331,0
20111123,8.9647,8.9647,8.3917,8.5026,14688,0
20111124,8.1052,8.2254,8.1052,8.2254,5973,0
20111125,8.1329,8.1329,7.8557,7.9851,14159,0
20111128,7.8557,8.2531,7.8557,8.022,5069,0
20111129,8.2901,8.2901,7.7355,8.1976,4538,0
20111130,7.7171,8.1237,7.7171,8.1237,12142,0
20111201,7.9943,8.9,7.9943,8.2901,3056,0
20111202,7.9111,8.3178,7.9111,8.2254,9869,0
20111205,7.9573,8.2161,7.9573,8.0405,6266,0
20111206,7.9019,7.9019,7.7633,7.8557,12628,0
20111207,7.7263,7.7633,7.7171,7.7448,4928,0
20111208,7.5877,7.8372,7.5877,7.8372,8072,0
20111209,7.5045,7.9851,7.5045,7.6154,15944,0
20111212,7.5322,7.5322,7.0794,7.4768,13350,0
20111213,7.1256,7.4768,7.1256,7.3936,38480,0
20111214,7.8557,8.1699,7.2087,7.5322,23548,0
20111215,7.4213,7.828,7.3843,7.828,42628,0
20111216,7.754,7.754,7.4952,7.6616,20543,0
20111219,7.6154,7.6154,7.2734,7.3936,16711,0
20111220,7.3474,7.6708,7.2919,7.6708,1303505,0
20111221,7.6616,8.2254,7.6339,8.1699,11488,0
20111222,7.8742,8.1699,7.7171,8.1329,20797,0
20111223,8.9462,8.9462,7.8557,8.2254,48718,0
20111227,8.2993,8.3178,8.022,8.022,19234,0
20111228,7.9943,8.3178,7.9943,8.1145,41874,0
20111229,8.1145,8.1145,7.6801,7.8557,31150,0
20111230,8.1,8.1,7.72,8.02,27396,0
20120102,8.7799,8.7799,8.0405,8.0405,391,0
20120103,7.9758,8.3732,7.8742,7.9204,1932,0
20120104,8.0683,8.0683,8.0405,8.0405,682,0
20120105,7.9019,8.0405,7.8834,8.0405,1039,0
20120109,8.2901,8.2901,8.0405,8.0405,151,0
20120110,8.1237,8.401,8.0405,8.3178,8607,0
20120111,8.1422,8.1422,8.1329,8.1422,2153,0
20120112,8.1237,8.1237,8.0128,8.0128,1569,0
20120113,8.2993,8.2993,7.791,8.0405,2911,0
20120116,8.2901,8.2901,8.0405,8.0405,5418,0
20120117,8.0405,8.0405,7.9758,7.9758,7729,0
20120118,8.0405,8.2254,7.9296,8.2254,32520,0
20120119,8.0867,8.2254,8.0867,8.096,146451,0
20120120,8.1792,8.1792,8.1792,8.1792,189,0
20120123,8.1792,8.5026,8.1792,8.5026,14300,0
20120124,8.1514,8.7244,8.1514,8.5026,962,0
20120125,8.5026,8.5026,8.4194,8.4749,2435,0
20120126,8.4287,9.2143,8.4194,8.7706,126298,0
20120127,9.1403,9.566,9.0109,9.1034,8086,0
20120130,9.0571,9.4268,8.8169,9.4268,5761,0
20120131,9.52,9.77,9.33,9.53,12056,0
20120201,8.974,9.612,8.974,9.566,730,0
20120202,9.519,9.519,9.242,9.4453,5899,0
20120203,9.3344,9.473,9.2235,9.4638,157,0
20120206,9.3159,9.556,9.0571,9.0571,1975,0
20120207,9.2512,9.861,9.0571,9.861,7300,0
20120208,9.621,9.861,9.621,9.787,434,0
20120209,9.621,9.658,9.4361,9.4361,940,0
20120210,9.2235,9.4083,9.2235,9.3344,1329,0
20120213,9.1588,9.695,9.1588,9.4268,19609,0
20120214,9.4638,9.612,9.4638,9.612,2006,0
20120215,9.538,9.538,9.2882,9.2882,24785,0
20120216,9.168,9.242,9.168,9.1958,1125,0
20120217,9.4638,9.704,9.4638,9.704,87897,0
20120220,9.797,10.074,9.797,10.028,7757,0
20120221,10.074,10.074,10.065,10.065,927,0
20120222,9.852,10.065,9.713,9.713,3237,0
20120223,9.612,9.621,9.612,9.621,212,0
20120224,9.843,9.843,9.547,9.843,51,0
20120227,9.538,9.76,9.3806,9.658,4289,0
20120228,9.658,9.834,9.658,9.834,330,0
20120229,9.83,9.83,9.7,9.7,70342,0
20120301,9.612,9.704,9.3344,9.704,2221,0
20120302,9.787,9.787,9.704,9.704,115,0
20120305,9.4361,9.4361,9.4361,9.4361,61,0
20120306,9.4268,9.4268,8.595,9.2327,5826,0
20120307,9.0941,9.3252,9.0941,9.3252,1298,0
20120308,9.3252,9.3252,9.3252,9.3252,149,0
20120309,9.3252,9.658,9.3252,9.658,1169,0
20120312,9.704,9.704,9.658,9.658,180,0
20120314,9.658,9.658,9.612,9.612,502,0
20120315,9.612,9.612,9.3344,9.3344,801,0
20120316,9.3344,9.3344,9.2882,9.2882,879,0
20120319,9.0849,9.242,9.0571,9.0571,1213,0
20120320,9.2327,9.242,8.8908,8.8908,1157,0
20120321,8.8908,8.8908,8.7337,8.7337,4467,0
20120322,8.4102,8.6413,8.0036,8.3363,113839,0
20120323,8.7706,8.7799,8.7706,8.7799,1082,0
20120326,8.7799,9.0017,8.327,8.327,4665,0
20120327,8.5026,8.7244,8.327,8.7244,5960,0
20120328,8.7152,8.9555,8.4379,8.9555,1140,0
20120330,8.5,9.1,8.41,9.1,62184,0
20120402,9.0756,9.0756,8.7891,8.7891,352,0
20120403,8.7799,8.7984,8.4749,8.5303,918,0
20120404,8.6228,8.6228,8.2254,8.2716,2489,0
20120405,8.2254,8.2254,7.9481,8.0405,8685,0
20120410,7.8557,7.9481,7.8557,7.9481,210,0
20120411,8.0867,8.2993,7.9481,7.9481,3847,0
20120412,7.9943,8.1792,7.9943,8.1329,925,0
20120413,8.1884,8.1884,8.0867,8.0867,821,0
20120416,8.0867,8.0867,7.6062,7.7078,2624,0
20120417,8.0405,8.0405,7.523,7.523,8617,0
20120418,7.6616,7.828,7.486,7.5322,1182,0
20120420,7.4952,7.5692,7.4675,7.5692,3552,0
20120423,7.6062,7.6062,7.255,7.3289,68001,0
20120424,7.3289,7.3566,6.7929,7.3289,5789,0
20120425,6.9315,7.2087,6.8853,6.9407,6982,0
20120426,7.3474,7.3474,6.9315,7.2827,8789,0
20120427,7.255,7.3936,7.255,7.3936,6068,0
20120430,7.58,7.76,7.39,7.76,54635,0
20120502,7.486,7.8464,7.3936,7.5415,1460,0
20120504,7.828,7.828,7.0978,7.0978,57698,0
20120507,6.8391,6.9315,6.7466,6.9315,1114,0
20120508,7.3197,7.3197,6.9315,6.9315,1359,0
20120509,6.9315,6.9315,6.9315,6.9315,106,0
20120510,6.7559,6.7559,6.7466,6.7466,1177,0
20120511,6.6265,6.6265,6.2383,6.4694,4094,0
20120514,6.2845,6.5618,6.109,6.377,59171,0
20120515,6.5618,6.5618,6.377,6.4601,347,0
20120518,6.3585,6.4694,6.3585,6.4694,1264,0
20120521,6.2845,6.2845,5.8687,6.1367,13188,0
20120522,6.1367,6.1367,5.9611,5.9611,393204,0
20120523,5.6376,5.6376,5.5452,5.5452,9639,0
20120524,5.9056,5.9056,5.2217,5.4805,326153,0
20120525,5.6284,5.8224,5.462,5.5359,34817,0
20120528,5.5359,5.9426,5.5359,5.6376,34266,0
20120529,5.8132,5.8224,5.5914,5.7578,1757,0
20120530,5.6838,5.6838,5.6746,5.6746,22,0
20120531,5.95,5.95,5.38,5.71,1006,0
20120601,5.6099,5.6099,5.3973,5.5914,661,0
20120604,5.4066,5.5175,5.3973,5.5175,523,0
20120605,5.48,5.48,5.08,5.27,1191,0
20120606,5.38,5.38,5.08,5.33,2140,0
20120608,5.3326,5.8132,5.3326,5.7023,2497,0
20120611,5.6376,6.0997,5.6376,6.0997,32980,0
20120612,5.6376,6.0535,5.5452,5.6838,19055,0
20120613,5.9888,5.9888,5.5637,5.6376,383,0
20120614,5.5452,5.998,5.4528,5.6376,44707,0
20120615,5.55,5.68,5.5,5.68,3115,0
20120618,5.9426,5.9426,5.462,5.6284,15022,0
20120619,5.462,5.8594,5.462,5.8594,52534,0
20120620,5.8224,6.0073,5.6376,6.0073,56925,0
20120621,5.5452,5.9611,5.5452,5.8964,10847,0
20120622,5.55,5.71,5.55,5.71,10505,0
20120625,5.8964,5.8964,5.4528,5.4528,212,0
20120626,5.55,5.55,5.55,5.55,733,0
20120627,5.55,5.8,5.55,5.72,244883,0
20120628,5.72,5.81,5.56,5.79,742,0
20120629,5.68,6.02,5.66,5.91,46034,0
20120702,5.82,6.28,5.82,6.22,31923,0
20120703,6.28,6.44,6.05,6.34,38407,0
20120704,6.27,6.32,6.06,6.32,1540,0
20120705,6.49,6.49,6.05,6.08,36548,0
20120706,6.3,6.3,6.08,6.23,11078,0
20120709,6.09,6.09,5.96,6.01,1305,0
20120710,5.96,5.99,5.85,5.9,1980,0
20120711,6.15,6.19,6,6.17,1635,0
20120716,6.02,6.02,6.02,6.02,30,0
20120718,5.42,6,5.42,6,798,0
20120719,6.09,6.09,6.09,6.09,10,0
20120720,6.05,6.09,5.51,5.51,433,0
20120723,5.53,5.56,5.51,5.56,1115,0
20120724,5.68,5.69,5.68,5.69,271,0
20120725,5.66,5.66,5.54,5.54,1987,0
20120726,5.77,5.77,5.43,5.69,259,0
20120727,5.69,5.99,5.69,5.7,2869,0
20120730,6.14,6.15,6.1,6.15,5010,0
20120731,6.21,6.21,6.16,6.18,457,0
20120801,6,6.15,5.68,5.68,12,0
20120802,5.75,6.23,5.75,6.17,627,0
20120803,6.15,6.15,6.15,6.15,2452,0
20120806,6.24,6.24,6.19,6.22,501,0
20120807,6,6.2,6,6.2,561,0
20120809,6.2,6.2,6.2,6.2,227,0
20120810,6.15,6.15,6.15,6.15,1000,0
20120813,5.91,6.18,5.9,6.18,897,0
20120814,5.9,6.14,5.9,6.14,152,0
20120816,6.53,6.53,5.9,6.15,357,0
20120817,5.55,6.07,5.55,6.06,164,0
20120820,6.09,6.09,5.72,5.74,248,0
20120821,6.09,6.09,6.07,6.07,101,0
20120822,6.05,6.05,6.05,6.05,82,0
20120823,5.98,5.98,5.9,5.9,114,0
20120824,5.8,5.87,5.8,5.87,51,0
20120827,5.87,6.24,5.87,6.24,102,0
20120828,6.13,6.14,6.13,6.14,1234,0
20120829,6.25,6.25,5.78,6.2,116,0
20120830,5.8,6.2,5.8,6.15,719,0
20120831,6.19,6.19,6.19,6.19,1,0
20120903,6.15,6.19,6.15,6.19,300,0
20120904,6.1,6.18,5.75,5.75,1436,0
20120905,6.14,6.14,5.78,6.09,1044,0
20120906,5.9,5.9,5.9,5.9,100,0
20120907,5.9,6.14,5.9,6.1,222,0
20120910,5.76,5.76,5.76,5.76,39,0
20120911,6.04,6.04,5.76,6.02,262,0
20120912,5.74,5.98,5.62,5.98,13079,0
20120913,5.7,6.04,5.7,6.04,321,0
20120914,5.87,6.04,5.7,6.04,2740,0
20120917,5.8,5.8,5.8,5.8,300,0
20120918,5.69,5.89,5.69,5.89,159,0
20120919,5.69,6.04,5.65,5.9,2036,0
20120920,5.89,5.89,5.65,5.89,384,0
20120921,5.99,6.05,5.65,6.04,153244,0
20120925,6.04,6.04,6.04,6.04,1600,0
20120927,6.05,6.15,6.05,6.05,739,0
20120928,6.1,6.1,6.05,6.1,2509,0
20121001,6.19,6.19,5.9,6.05,1545,0
20121002,6.1,6.1,5.92,6.06,70,0
20121003,6.1,6.2,6.01,6.2,2206,0
20121004,6.2,6.8,6.17,6.41,35210,0
20121005,6.9,7.65,6.85,7.1,23466,0
20121008,7.1,7.1,6.99,6.99,1454,0
20121009,6.99,7.07,6.8,6.9,1737,0
20121010,7.1,7.1,6.85,7.06,12,0
20121011,7.09,7.09,6.83,6.83,67,0
20121012,7.09,7.09,6.92,7.07,1079,0
20121015,7.08,7.26,6.93,7.05,74283,0
20121016,7.25,7.3,7.24,7.29,5201,0
20121017,7.3,7.3,6.95,7.1,5411,0
20121018,7,7,6.88,7,960,0
20121019,6.94,6.98,6.85,6.85,2191,0
20121022,6.85,6.85,6.5,6.7,1489,0
20121023,6.9,6.9,6.5,6.65,2662,0
20121024,6.9,6.9,6.9,6.9,3,0
20121025,6.8,6.86,6.6,6.86,6211,0
20121026,6.9,6.9,6.79,6.79,414,0
20121029,6.95,6.95,6.81,6.85,4550,0
20121030,6.95,6.95,6.7,6.71,2992,0
20121031,6.8,6.83,6.55,6.83,8601,0
20121102,7.4,7.4,6.66,7,23758,0
20121105,7,7.39,6.94,7.39,1184,0
20121106,7.37,7.37,7.1,7.1,363,0
20121107,7.19,7.19,6.6,6.87,3171,0
20121108,7.18,7.18,7.18,7.18,16,0
20121109,7.17,7.17,6.7,6.74,2640,0
20121112,6.74,6.87,6.4,6.4,2944,0
20121113,6.75,6.75,6.4,6.67,263,0
20121114,6.65,6.65,6.54,6.65,1736,0
20121115,6.37,6.65,6.37,6.65,202,0
20121116,6.62,6.62,6.62,6.62,6,0
20121119,6.62,6.62,6.62,6.62,6,0
20121120,6.62,6.74,6.61,6.74,25754,0
20121121,7.38,7.38,6.73,7.03,14254,0
20121122,7.22,7.22,7.08,7.21,61116,0
20121123,7.22,7.25,7.1,7.2,7287,0
20121126,7.4,7.4,7.2,7.38,10646,0
20121127,7.45,7.45,7.3,7.44,2665,0
20121128,7.49,7.5,7.16,7.46,489,0
20121129,7.49,7.49,7.26,7.4,639,0
20121130,7.4,7.45,7.18,7.38,1004,0
20121203,7.38,7.4,7.38,7.4,4640,0
20121204,7.4,7.95,7.39,7.8,129434,0
20121205,7.81,7.93,7.52,7.89,75734,0
20121206,7.89,7.89,7.88,7.88,375,0
20121207,7.89,7.89,7.5,7.52,294,0
20121210,7.78,7.78,7.43,7.64,970,0
20121211,7.77,7.77,7.4,7.7,9886,0
20121212,7.7,7.7,7.37,7.7,4530,0
20121213,7.73,7.9,7.73,7.9,1896,0
20121214,7.8,8.48,7.78,8,6072,0
20121217,8.39,8.41,7.78,8.3,5105,0
20121218,8.3,8.38,8.06,8.36,2512,0
20121219,8.4,8.4,8.3,8.3,195,0
20121220,8.38,8.38,8.06,8.37,16767,0
20121221,8.13,8.34,7.9,8.34,8467,0
20121227,8.33,8.9,8.32,8.89,4788,0
20121228,8.89,8.89,8.8,8.89,3286,0
20130102,8.89,9,8.68,8.89,4386,0
20130103,9.49,9.49,9,9.14,1890,0
20130104,9.29,9.29,8.9,9.2,651,0
20130107,9.29,9.3,8.69,9.01,3909,0
20130108,9.28,9.28,9.1,9.1,261,0
20130109,9.2,9.2,8.95,9.14,9561,0
20130110,9.28,9.28,9.1,9.1,292,0
20130111,9.2,9.24,9.1,9.1,5507,0
20130114,9.25,9.44,9.18,9.4,3763,0
20130115,9.4,9.4,9.16,9.22,1323,0
20130116,9.22,9.25,8.99,9.01,12473,0
20130117,9.01,9.2,9.01,9.2,153,0
20130118,9.3,9.3,8.8,9.15,3546,0
20130121,9.13,9.13,9,9,30992,0
20130122,8.86,9,8.69,8.72,38986,0
20130123,8.89,8.98,8.85,8.98,39111,0
20130124,8.98,8.98,8.6,8.6,955,0
20130125,8.89,8.89,8.46,8.77,842,0
20130128,8.79,8.9,8.53,8.77,462,0
20130129,8.61,8.83,8.61,8.83,105,0
20130130,8.61,8.8,8.61,8.8,37,0
20130131,8.97,8.97,8.58,8.9,392,0
20130201,8.88,8.88,8.8,8.81,1095,0
20130204,8.84,8.85,8.53,8.84,3711,0
20130205,8.83,8.83,8.8,8.8,265,0
20130206,8.84,8.84,8.8,8.8,417,0
20130207,8.84,8.84,8.8,8.8,130,0
20130208,8.84,8.84,8.44,8.8,42174,0
20130211,8.8,8.85,8.65,8.84,10319,0
20130212,8.9,8.9,8.65,8.9,1799,0
20130213,8.9,9.45,8.81,9.45,3335,0
20130214,9.04,9.45,9.04,9.3,3022,0
20130215,9.3,9.3,9.04,9.04,3308,0
20130218,9.4,9.4,8.8,8.8,6743,0
20130219,9.04,9.04,8.78,8.8,6947,0
20130220,8.8,8.92,8.7,8.91,71579,0
20130221,8.8,9.39,8.68,9.39,2246,0
20130222,9,9.39,8.8,9.14,189417,0
20130225,9.39,9.4,9.38,9.39,4593,0
20130226,9.35,9.35,9.08,9.1,3009,0
20130227,9,9,8.8,8.85,63665,0
20130228,8.7,9.34,8.7,8.86,46993,0
20130301,8.82,9.3,8.82,9.3,342,0
20130304,9.29,9.29,9.01,9.25,115,0
20130305,9.1,9.2,8.9,9.19,4374,0
20130306,9.19,9.19,8.9,9.07,1283,0
20130307,9.13,9.13,8.95,9.06,920,0
20130308,9.15,9.18,8.9,8.9,3726,0
20130311,9.18,9.18,8.8,9.09,7344,0
20130312,9.09,9.09,8.95,9.05,1889,0
20130313,9.05,9.09,8.94,9.05,21131,0
20130314,9.1,9.39,8.95,9.39,5306,0
20130315,9.35,9.4,9.13,9.39,1391,0
20130318,9.4,9.4,9.38,9.38,218,0
20130319,9.2,9.37,9,9.3,4364,0
20130320,9.01,9.35,9.01,9.35,3845,0
20130321,9.24,9.24,8.56,8.69,38224,0
20130322,8.89,8.89,8.46,8.6,2110,0
20130325,8.3,8.7,8.3,8.5,3958,0
20130326,8.49,8.49,8.01,8.39,5241,0
20130327,8.34,8.34,7.73,8.28,12199,0
20130328,8.24,8.24,7.93,8.23,8524,0
20130402,7.82,8.3,7.82,7.83,4529,0
20130403,8.4,8.4,7.53,7.59,8778,0
20130404,7.37,7.58,7.15,7.32,5941,0
20130405,7.85,7.85,7.23,7.49,53140,0
20130408,7.89,7.89,7.28,7.4,2986,0
20130409,7.84,7.84,7.2,7.41,3950,0
20130410,7.16,7.5,7.16,7.3,14463,0
20130411,8,8,7.21,7.49,2631,0
20130412,7.31,7.58,7.3,7.5,2706,0
20130415,8.14,8.14,7.27,7.27,24,0
20130417,7.5,7.5,7.08,7.4,3857,0
20130418,7.4,7.5,7.4,7.5,259,0
20130419,7.5,7.5,7,7,799,0
20130422,7.49,7.49,7.18,7.25,802,0
20130423,7.3,7.3,7.3,7.3,5,0
20130424,7.52,7.52,7.03,7.3,1605,0
20130425,7.49,7.49,7.22,7.49,45,0
20130426,7.52,7.59,7.52,7.59,167,0
20130429,7.59,7.59,7.59,7.59,2,0
20130430,7.77,7.77,7.61,7.76,9,0
20130502,7.99,7.99,7.5,7.5,29,0
20130506,7.5,7.5,7.3,7.31,1848,0
20130507,7.3,7.39,7.3,7.39,104,0
20130508,7.5,7.5,7.3,7.5,2007,0
20130509,7.5,7.5,7.3,7.5,3105,0
20130510,7.5,7.5,7.5,7.5,6,0
20130513,7.55,7.55,7.5,7.5,5,0
20130514,7.5,7.5,7.49,7.49,37,0
20130515,7.49,7.49,7.48,7.49,211,0
20130516,7.49,7.49,7.3,7.49,14006,0
20130517,7.49,7.95,7.2,7.5,3120,0
20130520,7.9,7.9,7.41,7.41,1319,0
20130521,7.69,7.69,7.6,7.6,50005,0
20130522,7.75,7.8,7.7,7.8,1399,0
20130523,7.93,8.2,7.8,8.05,4591,0
20130524,7.9,8.25,7.9,8.25,14840,0
20130527,8.27,8.6,8.27,8.5,44570,0
20130528,8.69,8.69,8.5,8.5,560,0
20130529,8.5,8.5,8.5,8.5,22,0
20130531,8.69,8.7,8.69,8.7,575,0
20130603,9,9,8.31,8.31,2271,0
20130604,8.35,9,8.28,8.31,931,0
20130605,8.36,8.36,8.01,8.01,343,0
20130606,8.36,8.36,8.07,8.25,1814,0
20130607,8.3,8.5,8.26,8.5,1658,0
20130610,8.5,8.85,8.38,8.85,165352,0
20130611,8.83,8.83,8.66,8.66,269,0
20130612,8.85,8.99,8.66,8.85,8047,0
20130613,8.84,8.84,8.79,8.84,18,0
20130614,8.82,8.84,8.81,8.82,558,0
20130617,8.83,8.83,8.79,8.79,26,0
20130618,8.83,8.83,8.79,8.79,444,0
20130619,8.82,8.82,8.77,8.78,501,0
20130620,8.81,8.81,8.15,8.6,2644,0
20130621,8.82,8.82,8.4,8.68,1370,0
20130624,8.78,8.78,8.41,8.64,161,0
20130625,8.7,8.75,8,8.75,4679,0
20130626,8.8,8.8,8.49,8.8,39,0
20130627,8.79,8.8,8.02,8.02,2071,0
20130628,8.49,8.49,8.02,8.03,1311,0
20130701,8.47,8.47,8.25,8.34,1161,0
20130702,8.3,8.3,7.8,8.15,4542,0
20130703,8.43,8.43,8,8.43,2027,0
20130704,8.5,8.72,8.06,8.72,1017,0
20130705,8.73,8.73,8.56,8.73,937,0
20130708,8.73,8.73,8.19,8.59,5296,0
20130709,8.6,8.6,8.2,8.55,2549,0
20130710,8.6,8.6,8.33,8.36,175,0
20130711,8.6,8.6,8.5,8.6,665,0
20130712,8.6,8.6,8.6,8.6,56,0
20130715,8.49,8.61,8.24,8.61,2765,0
20130716,8.65,8.65,8.46,8.65,153,0
20130717,8.65,8.65,8.01,8.01,937,0
20130718,8.03,8.03,8.03,8.03,2,0
20130719,8.05,8.2,8.04,8.04,602,0
20130722,8.64,8.64,8.15,8.15,43,0
20130723,8.6,8.6,8,8.17,16879,0
20130724,8.2,8.2,7.98,8.2,756,0
20130725,8.25,8.25,8.25,8.25,525,0
20130726,8.39,8.4,8.19,8.3,757,0
20130729,8.49,8.49,8.01,8.28,1750,0
20130730,8.34,8.34,7.77,7.77,1405,0
20130731,8.1,8.1,7.65,7.65,99,0
20130801,8.09,8.09,7.71,7.71,818,0
20130802,8.2,8.2,8.1,8.13,3354,0
20130805,8.14,8.14,8.14,8.14,5,0
20130807,8.08,8.08,8.08,8.08,27,0
20130808,8,8.05,7.75,8.05,4999,0
20130809,7.56,7.75,7.5,7.56,8876,0
20130812,7.56,7.73,7.51,7.72,1501,0
20130813,7.8,7.8,7.55,7.78,5014,0
20130814,7.74,7.85,7.7,7.85,689,0
20130816,7.85,7.86,7.79,7.86,231,0
20130819,7.86,7.86,7.7,7.8,226,0
20130820,7.8,7.8,7.7,7.8,917,0
20130821,7.87,8.13,7.7,7.7,1740,0
20130822,8.08,8.08,7.6,7.85,1089,0
20130823,7.85,7.85,7.15,7.3,93185,0
20130826,7.4,7.4,7.15,7.2,3559,0
20130827,7.39,7.39,7.1,7.1,1141,0
20130828,7.05,7.39,7.05,7.39,1340,0
20130829,7.39,7.66,7.39,7.66,2056,0
20130830,7.67,7.67,7.25,7.27,5715,0
20130902,7.53,7.53,7.49,7.49,39,0
20130903,7.54,7.54,7.53,7.54,65,0
20130904,7.54,7.54,7.2,7.2,1498,0
20130905,7.2,7.2,6.63,6.63,13434,0
20130906,6.94,6.94,6.63,6.85,658,0
20130909,7.49,7.49,7,7,2698,0
20130910,7.45,7.45,7.23,7.23,1363,0
20130911,7.23,7.27,6.81,7.27,2702,0
20130912,7.25,7.29,7.1,7.24,1276,0
20130913,7.25,7.25,7.25,7.25,2,0
20130916,7.25,7.25,6.91,6.91,1939,0
20130917,7.15,7.15,6.53,6.56,6378,0
20130918,6.94,6.94,6.52,6.7,597,0
20130919,6.75,6.75,6.57,6.69,1046,0
20130920,6.6,6.65,6.4,6.4,12390,0
20130923,6.5,6.5,6.2,6.21,11002,0
20130924,6.21,6.49,6.21,6.49,322,0
20130925,6.38,6.49,6.33,6.43,2167,0
20130926,6.3,6.48,6.21,6.48,2876,0
20130927,6.49,6.49,6.15,6.4,3909,0
20130930,6.49,6.49,6.15,6.38,102009,0
20131001,6.49,6.49,6.15,6.15,6608,0
20131002,6.49,6.49,6.2,6.26,11794,0
20131003,6.48,6.49,6.39,6.48,1613,0
20131004,6.49,6.75,6.4,6.75,1125,0
20131007,6.81,6.81,6.61,6.7,621,0
20131008,6.67,6.73,6.65,6.65,1086,0
20131009,6.8,6.89,6.65,6.7,11875,0
20131010,6.8,7.04,6.7,7.04,7554,0
20131011,7.07,7.07,6.99,6.99,4103,0
20131014,6.99,6.99,6.9,6.9,728,0
20131015,7.04,7.09,6.9,7,4250,0
20131016,7,7.03,6.88,7.02,22487,0
20131017,7.05,7.41,7,7.41,5707,0
20131018,7.45,7.55,7.23,7.4,5489,0
20131021,7.4,7.63,7.34,7.6,14311,0
20131022,7.67,7.67,7.43,7.62,2725,0
20131023,7.65,7.67,7.63,7.63,521,0
20131024,7.62,7.62,7.43,7.59,16054,0
20131025,7.6,7.8,7.39,7.8,137106,0
20131028,7.8,9,7.8,8.25,32370,0
20131029,8.25,8.67,8.25,8.63,42463,0
20131030,8.54,8.63,8.52,8.52,4432,0
20131031,8.74,8.74,8.46,8.63,803,0
20131104,8.63,8.88,8.63,8.7,2468,0
20131105,8.7,8.7,8.69,8.69,476,0
20131106,8.75,8.85,8.59,8.59,608,0
20131107,8.59,8.59,8.12,8.2,9042,0
20131108,8.4,8.4,8.05,8.05,304223,0
20131112,8,8.29,7.96,8.29,2697,0
20131113,8.52,8.52,8.19,8.44,3180,0
20131114,8.43,8.43,8.3,8.3,78,0
20131115,8.3,8.3,8.01,8.09,2652,0
20131118,8.3,8.35,8.15,8.32,305903,0
20131119,8.39,8.39,8.28,8.36,505,0
20131120,8.35,9.15,8.35,8.9,29655,0
20131121,9.2,9.2,8.71,8.91,17557,0
20131122,8.91,8.91,8.23,8.5,8499,0
20131125,8.48,8.48,8.38,8.4,9569,0
20131126,8.8,8.8,8.47,8.47,1808,0
20131127,8.2,8.6,8.2,8.6,1886,0
20131128,8.33,8.75,8.33,8.75,2395,0
20131129,8.79,8.79,8.39,8.63,5502,0
20131202,8.9,8.9,8.36,8.55,4519,0
20131203,8.9,8.9,8.2,8.49,155446,0
20131204,8.6,8.6,8.16,8.44,8203,0
20131205,8.6,8.6,7.9,7.9,10446,0
20131206,8.28,8.28,7.83,8,571,0
20131209,7.9,8.21,7.84,8.17,7928,0
20131210,8.17,8.17,7.84,8.17,713,0
20131211,8.17,8.17,7.83,8.1,23342,0
20131212,8.1,8.1,7.81,8.1,2662,0
20131213,8.16,8.16,7.85,8.1,15,0
20131216,8.1,8.1,7.4,7.93,4390,0
20131217,8.1,8.1,7.63,7.63,173,0
20131218,7.06,7.63,7.06,7.16,10090,0
20131219,7.16,7.78,7.16,7.58,6362,0
20131220,7.69,7.84,7.21,7.56,12292,0
20131223,7.6,7.8,7.6,7.72,2385,0
20131227,7.72,8,7.5,7.83,7315,0
20131230,8.15,8.15,7.68,7.68,3459,0
20140102,7.96,8.07,7.9,7.9,1906,0
20140103,7.9,7.9,7.89,7.9,1502,0
20140107,7.9,7.9,7.6,7.85,2199,0
20140108,7.5,7.69,7.2,7.5,8364,0
20140109,7.84,7.84,7.45,7.59,3599,0
20140110,7.25,7.78,7.25,7.35,3329,0
20140113,7.35,7.4,6.9,7.3,45352,0
20140114,7.25,7.35,6.94,7.25,4239,0
20140115,7.63,7.64,7.04,7.23,1238,0
20140116,7.63,7.63,7.25,7.44,1009,0
20140117,7.5,7.57,7.21,7.38,1093,0
20140120,7.45,7.64,7.3,7.5,3695,0
20140121,7.65,7.65,7.27,7.5,1474,0
20140122,7.6,7.63,7.32,7.35,4129,0
20140123,7.58,7.58,7.27,7.33,461,0
20140124,7.44,7.44,7.21,7.38,5100,0
20140127,7.44,7.44,7.11,7.15,1273,0
20140128,7.4,7.4,7.3,7.3,2240,0
20140129,7.39,7.4,7.21,7.21,9372,0
20140130,7.39,7.39,7.39,7.39,3,0
20140131,7.39,7.39,7.2,7.39,2203,0
20140203,7.39,7.39,7.2,7.25,4984,0
20140204,7.06,7.39,6.96,6.96,2336,0
20140205,7.3,7.35,7,7.35,2386,0
20140206,7.39,7.39,7.21,7.21,683,0
20140207,7.4,7.4,7.06,7.07,19207,0
20140210,7.3,7.3,7.28,7.28,17,0
20140211,7.34,7.34,7.12,7.12,546,0
20140212,7.21,7.37,7.2,7.31,26277,0
20140213,7.33,7.35,7.33,7.34,3,0
20140214,7.3,7.35,7.25,7.34,2671,0
20140217,7.2,7.42,7.2,7.39,755,0
20140218,7.39,7.39,7.25,7.36,2522,0
20140219,7.37,7.41,6.95,7.41,9221,0
20140220,7.4,7.4,7.04,7.3,15013,0
20140221,7.39,7.39,7.04,7.37,16182,0
20140224,7.3,7.37,7.3,7.35,7606,0
20140225,7.36,7.39,7.29,7.35,612,0
20140226,7.35,7.39,6.81,6.81,73093,0
20140227,6.84,7.18,6.78,6.91,10853,0
20140228,7.38,7.38,6.4,6.9,166492,0
20140303,6.8,6.8,6.12,6.77,7555,0
20140304,6.21,6.93,6.21,6.5,3890,0
20140305,6.92,6.92,6.5,6.5,2452,0
20140306,6.88,6.88,6.25,6.67,2072,0
20140307,6.84,6.84,6.39,6.67,1939,0
20140310,6.59,6.94,6.49,6.7,14014,0
20140311,6.84,6.84,6.5,6.6,685,0
20140312,6.7,6.7,6.4,6.4,1922,0
20140313,6.65,6.65,6.46,6.59,133,0
20140314,6.65,6.65,6.38,6.38,7513,0
20140317,6.65,6.65,6.15,6.38,5383,0
20140318,6.65,6.65,6.25,6.3,71183,0
20140319,6.25,6.6,6.25,6.55,389,0
20140320,6.59,6.59,6.21,6.45,768,0
20140321,6.5,6.5,6.47,6.47,18,0
20140324,6.5,6.5,6.47,6.47,10,0
20140325,6.55,6.55,6.3,6.45,46,0
20140326,6.5,6.5,6.23,6.39,33,0
20140327,6.88,6.88,6.26,6.43,998,0
20140328,6.37,6.37,6.36,6.37,4,0
20140331,6.31,6.45,6,6.45,6963,0
20140401,6.5,6.5,6.4,6.4,72,0
20140402,6.5,6.5,6.17,6.17,1789,0
20140403,6.34,6.34,6.17,6.24,438,0
20140404,6.34,6.34,6.24,6.33,952,0
20140407,6.33,6.44,6.33,6.44,12,0
20140408,6.44,6.45,6.05,6.44,3147,0
20140409,6.44,6.44,6.21,6.38,628,0
20140410,6.41,6.41,6.15,6.35,128,0
20140411,6.3,6.3,6.15,6.15,984,0
20140414,6.4,6.4,6.15,6.15,401,0
20140415,6.3,6.3,6.28,6.28,12,0
20140416,6.43,6.43,6,6.14,19789,0
20140417,6.3,6.3,5.81,5.81,21416,0
20140422,5.81,5.99,5.6,5.99,1121,0
20140423,5.98,6,5.94,5.99,4982,0
20140424,6,6,5.81,5.98,1496,0
20140425,5.99,5.99,5.75,5.97,1517,0
20140428,5.98,5.99,5.71,5.95,124,0
20140429,5.98,5.98,5.75,5.75,1088,0
20140430,5.74,5.74,5.25,5.7,1284,0
20140502,5.74,5.9,5.21,5.9,5506,0
20140505,5.8,5.94,5.71,5.73,628,0
20140506,5.94,5.94,5.94,5.94,21,0
20140507,5.89,5.89,5.52,5.8,2865,0
20140508,5.8,5.89,5.5,5.83,509,0
20140509,5.87,5.87,5.32,5.54,294,0
20140512,5.6,5.94,5.18,5.37,1769,0
20140513,5.37,5.37,5.28,5.28,350,0
20140514,5.02,5.48,5.02,5.45,3947,0
20140515,5.49,5.49,5.3,5.49,6548,0
20140516,5.5,5.5,5.35,5.49,2636,0
20140519,5.5,5.5,5.32,5.5,1403,0
20140520,5.47,5.47,5.35,5.39,668,0
20140521,5.47,5.47,5.15,5.46,3049,0
20140522,5.47,5.48,5.47,5.48,18,0
20140523,5.48,5.94,5.48,5.68,5137,0
20140526,5.75,5.8,5.75,5.8,5512,0
20140527,5.63,5.87,5.63,5.78,1499,0
20140528,5.84,5.84,5.52,5.6,4136,0
20140529,5.8,5.8,5.5,5.6,2960,0
20140530,5.8,5.8,5.41,5.77,2663,0
20140602,5.77,5.77,5.61,5.61,240,0
20140603,5.74,5.74,5.7,5.74,15525,0
20140604,5.74,5.74,5.73,5.73,315,0
20140605,5.74,5.74,5.69,5.74,2556,0
20140606,5.64,5.74,5.64,5.74,1486,0
20140609,5.65,5.74,5.65,5.69,963,0
20140610,5.74,5.74,5.65,5.71,7343,0
20140611,5.73,5.73,5.63,5.64,2924,0
20140612,5.72,5.72,5.61,5.72,381,0
20140613,5.72,5.72,5.59,5.59,998,0
