Date,Open,High,Low,Close,Volume,OpenInt
20070716,11.931,12.644,11.888,12.601,12297857,0
20070717,12.807,12.944,12.566,12.566,13779599,0
20070718,12.566,12.781,12.566,12.713,13791510,0
20070719,12.773,12.841,12.386,12.722,17312726,0
20070720,12.781,12.996,12.008,12.008,9836607,0
20070723,12.463,12.713,12.214,12.489,6765530,0
20070724,12.73,12.73,11.527,11.527,6788080,0
20070725,11.613,11.999,11.158,11.94,4861750,0
20070726,12.043,12.188,11.296,11.296,6432059,0
20070727,10.918,11.149,10.118,10.437,5074208,0
20070730,10.505,10.952,10.162,10.162,6900066,0
20070731,10.608,10.651,10.437,10.626,4579000,0
20070801,10.402,10.986,10.136,10.737,18885897,0
20070802,10.831,10.831,10.299,10.479,2874075,0
20070803,10.608,10.608,10.084,10.222,3212293,0
20070806,10.162,10.299,9.903,10.024,3501670,0
20070807,10.264,10.358,9.895,10.033,3201941,0
20070808,10.222,10.29,9.878,9.989,3876044,0
20070809,9.912,10.153,9.87,10.007,4402054,0
20070810,9.809,10.084,9.4826,9.715,5701054,0
20070813,9.87,9.964,8.9672,9.543,7322786,0
20070814,9.4312,9.4401,8.8902,8.9588,5297673,0
20070815,8.7871,9.2252,8.3148,9.1306,3647424,0
20070816,8.9934,8.9934,8.3746,8.6068,6122719,0
20070817,8.4178,9.337,8.4178,9.1737,21816420,0
20070820,9.2767,9.4658,8.6582,9.1306,2356808,0
20070821,9.4658,9.4658,8.7355,8.7355,2107251,0
20070822,8.5896,9.1909,8.5896,9.1306,4595403,0
20070823,9.3109,9.578,9.1823,9.397,1474934,0
20070824,9.0706,9.4747,9.0706,9.337,766934,0
20070828,9.3109,9.4143,9.1909,9.1909,890845,0
20070829,9.1134,9.3627,9.0792,9.2424,4141907,0
20070830,9.4143,9.586,9.2511,9.3799,845411,0
20070831,9.552,9.552,9.2854,9.4658,2654874,0
20070903,9.3627,9.878,9.337,9.844,1546682,0
20070904,9.655,10.453,9.62,10.29,3956056,0
20070905,10.6,11.476,10.6,10.892,2389117,0
20070906,10.978,10.978,10.445,10.831,5890328,0
20070907,10.978,11.382,10.617,10.909,2975838,0
20070910,10.565,10.9,10.565,10.848,1838598,0
20070911,10.754,11.424,10.754,11.21,5960165,0
20070912,11.329,11.329,10.626,10.626,1557947,0
20070913,10.78,10.78,10.428,10.428,2226643,0
20070914,10.342,10.573,9.878,10.007,3599775,0
20070917,9.835,10.256,9.681,10.05,4918343,0
20070918,9.895,10.273,9.895,10.153,2870891,0
20070919,10.307,10.642,10.282,10.376,2315589,0
20070920,10.393,10.393,9.947,9.981,3213733,0
20070921,9.956,10.145,9.62,10.007,4562719,0
20070924,9.861,10.059,9.749,9.886,701327,0
20070925,9.723,9.767,9.397,9.56,3337472,0
20070926,9.5,9.638,9.1737,9.3026,2889187,0
20070927,9.508,9.603,9.2681,9.517,2982146,0
20070928,9.655,9.655,9.0534,9.1477,10223417,0
20071001,9.0534,9.758,9.0534,9.612,7154095,0
20071002,9.664,10.024,9.664,9.921,5727422,0
20071003,10.024,10.127,9.853,10.11,2808401,0
20071004,9.861,10.239,9.861,10.222,1995123,0
20071005,10.024,10.178,9.569,9.783,2364665,0
20071008,9.8,10.007,9.655,9.903,2420934,0
20071009,9.603,9.912,9.603,9.809,3664515,0
20071010,9.938,9.981,9.767,9.903,2606639,0
20071011,9.809,9.827,9.62,9.664,4037208,0
20071012,9.534,9.912,9.534,9.783,1037942,0
20071015,9.921,9.972,9.809,9.853,5365719,0
20071016,9.629,9.767,9.3882,9.732,4180892,0
20071017,9.783,10.437,9.783,10.402,5317196,0
20071018,10.162,10.222,9.758,10.204,2809725,0
20071019,10.29,11.201,10.015,11.029,6012471,0
20071022,10.659,10.668,10.402,10.617,4892057,0
20071023,10.857,10.9,10.694,10.866,2074487,0
20071024,10.72,10.986,10.72,10.918,868545,0
20071025,10.806,11.081,10.806,11.081,2323558,0
20071026,10.9,10.969,10.78,10.874,6975270,0
20071029,11.029,11.123,11.021,11.123,3354445,0
20071030,11.123,11.648,11.123,11.347,2857284,0
20071031,11.415,11.415,10.978,11.055,3175421,0
20071101,10.969,11.226,10.411,10.883,1843919,0
20071102,10.78,10.926,10.523,10.668,1582979,0
20071105,10.573,10.573,9.903,10.153,1757126,0
20071106,10.196,10.393,9.972,10.273,1838610,0
20071107,10.222,10.222,9.741,10.093,1068070,0
20071108,9.878,10.101,9.706,9.964,1561657,0
20071109,9.903,10.17,9.612,10.041,1119811,0
20071112,9.972,10.118,9.697,9.853,762115,0
20071113,9.921,10.11,9.783,9.989,1220770,0
20071114,9.981,10.47,9.956,10.153,1290549,0
20071115,10.17,10.47,10.17,10.325,865644,0
20071116,10.376,10.453,9.8,9.912,1566142,0
20071119,9.818,10.273,9.534,9.723,1059161,0
20071120,9.775,9.818,9.1909,9.689,1648034,0
20071121,9.543,9.543,9.2338,9.448,1913227,0
20071122,9.448,9.448,9.105,9.1823,462295,0
20071123,9.2167,9.517,9.1737,9.4569,549051,0
20071126,9.62,9.706,9.2511,9.4233,693005,0
20071127,9.1564,9.4401,9.1564,9.1909,945796,0
20071128,9.3026,9.3455,9.1737,9.2938,731897,0
20071129,9.1737,9.3882,9.1477,9.2681,500664,0
20071130,9.1306,9.4233,9.0963,9.2681,2093185,0
20071203,9.2167,9.569,9.2167,9.2167,1308516,0
20071204,9.1737,9.1737,8.9934,9.0792,754947,0
20071205,9.0277,9.0534,8.7784,8.9418,2260294,0
20071206,9.0362,9.0706,8.6151,8.9934,1385320,0
20071207,9.002,9.0449,8.8302,8.9846,1381841,0
20071210,8.8988,9.0963,8.7355,8.8818,898318,0
20071211,8.7099,9.2596,8.3746,8.667,1794498,0
20071212,8.6326,9.105,8.5552,9.0534,2674086,0
20071213,8.9934,9.4747,8.8988,8.9934,2510551,0
20071214,9.019,9.1393,8.9332,9.0621,705170,0
20071217,9.0277,9.0277,8.1773,8.598,2065038,0
20071218,8.478,8.7013,8.3062,8.3062,1531577,0
20071219,8.3921,8.4523,8.1944,8.1944,1290754,0
20071220,8.3489,8.4092,8.2803,8.3921,554926,0
20071221,8.4092,8.667,8.3148,8.3148,1752967,0
20071224,8.495,8.495,8.2803,8.2803,38181,0
20071227,8.1429,8.4006,8.0312,8.0312,504628,0
20071228,8.1001,8.1687,7.9024,7.9626,295133,0
20071231,7.9024,8.1944,7.808,8.0227,514499,0
20080102,8.0914,8.4523,7.9712,8.2718,1355798,0
20080103,8.2632,8.2632,7.9968,8.203,329541,0
20080104,8.074,8.16,7.6017,7.6017,550124,0
20080107,7.7478,7.9968,7.4129,7.911,952660,0
20080108,7.9885,8.074,7.7822,8.074,761290,0
20080109,8.0485,8.0485,7.5502,7.6619,1274151,0
20080110,7.7136,7.7736,7.43,7.4472,1673612,0
20080111,7.3786,7.619,7.1293,7.5758,2907666,0
20080114,7.5502,7.7563,7.43,7.6705,3079292,0
20080115,7.6276,7.8424,7.5244,7.7307,5982671,0
20080116,7.7822,7.7993,7.4556,7.6017,4236350,0
20080117,7.7048,7.9024,7.6104,7.7563,2184592,0
20080118,7.8163,7.9366,7.6534,7.8938,1353006,0
20080121,7.808,8.0914,7.7736,7.9712,1279002,0
20080122,7.7648,7.7648,7.284,7.473,6372067,0
20080123,7.6361,7.6361,7.1722,7.4472,2586254,0
20080124,7.7221,8.074,7.473,7.8509,3309167,0
20080125,7.9885,8.16,7.8424,7.9885,1276777,0
20080128,7.9366,8.0829,7.8851,8.057,646452,0
20080129,8.057,8.3405,8.057,8.1944,673270,0
20080130,8.3148,8.332,7.8509,8.0829,796427,0
20080131,7.8509,7.9366,7.6017,7.9024,1254650,0
20080201,7.7736,8.2632,7.7478,8.2632,1388317,0
20080204,8.2373,8.667,8.2116,8.4609,1902311,0
20080205,8.4436,8.5209,8.2803,8.3834,1073051,0
20080206,8.3921,8.478,7.9024,7.9024,1142059,0
20080207,8.0485,8.4609,7.9452,8.1944,2770781,0
20080208,8.478,8.6927,8.2803,8.6239,1082193,0
20080211,8.5465,8.7528,8.3148,8.4178,570179,0
20080212,8.2289,9.0362,8.2289,9.019,591828,0
20080213,8.8043,8.9245,8.3921,8.6582,1052831,0
20080214,8.7183,8.9588,8.5896,8.9245,1059529,0
20080215,8.8216,8.8216,8.6151,8.6326,680721,0
20080218,8.5896,8.8645,8.5896,8.7956,1022705,0
20080219,8.6755,8.8645,8.6326,8.8302,791937,0
20080220,8.6151,8.8216,8.3405,8.4436,851429,0
20080221,8.6068,8.667,8.4523,8.6239,501909,0
20080222,8.5378,8.684,8.478,8.495,301941,0
20080225,8.6151,8.6151,8.4178,8.495,275704,0
20080226,8.598,8.7099,8.4178,8.7099,539158,0
20080227,8.5465,8.8472,8.478,8.7784,339447,0
20080228,8.5896,8.7013,8.3148,8.3489,708431,0
20080229,8.289,8.3921,7.8509,8.0829,2467104,0
20080303,7.911,7.954,7.6619,7.8509,1141863,0
20080304,7.9197,8.0398,7.7648,7.9885,1143091,0
20080305,7.9885,9.3627,7.9885,9.0963,1497444,0
20080306,8.9418,9.578,8.9418,9.3799,1024966,0
20080307,9.2681,9.4312,8.9074,9.2511,1076872,0
20080310,9.1651,9.3455,8.9761,9.002,773962,0
20080311,8.873,9.2252,8.6582,8.9245,1932757,0
20080312,8.8902,8.9934,8.7956,8.916,2886674,0
20080313,8.7269,8.9074,8.684,8.7269,436767,0
20080314,8.6755,8.873,8.2373,8.2373,460875,0
20080317,7.9024,8.332,7.5502,8.2116,2103367,0
20080318,8.3148,8.4523,8.1001,8.3921,1420931,0
20080319,8.478,8.478,8.057,8.2289,858365,0
20080320,8.2544,8.4092,8.0829,8.1773,1864060,0
20080325,8.2976,8.7355,7.6534,7.8424,3380940,0
20080326,7.7648,8.2116,7.7048,8.0829,1967485,0
20080327,8.074,8.8386,8.074,8.7614,2553112,0
20080328,8.5896,8.5896,8.4006,8.5725,1131004,0
20080331,8.3489,8.6582,8.3148,8.6582,1377782,0
20080401,8.5811,9.337,8.5124,8.5811,4626352,0
20080402,8.5124,9.0106,8.4436,8.6755,2908134,0
20080403,8.6412,8.7183,8.495,8.6755,536176,0
20080404,8.5124,9.002,8.5124,8.9672,1900634,0
20080407,8.9332,9.1994,8.4523,8.8645,2337078,0
20080408,8.667,8.7784,8.4436,8.5552,2047949,0
20080409,8.3921,8.684,8.3062,8.5124,566764,0
20080410,8.4178,8.4866,8.0312,8.3921,977706,0
20080411,8.3661,8.4436,8.2373,8.3489,4207595,0
20080414,8.2373,8.4866,8.2373,8.3234,2659888,0
20080415,8.3834,8.3834,8.2116,8.2718,3301608,0
20080416,8.2976,8.332,8.1857,8.289,4349659,0
20080417,8.2632,8.5725,8.2544,8.2632,2289840,0
20080418,8.5209,8.5209,8.246,8.3405,900924,0
20080421,8.2803,8.2803,8.0055,8.074,2145520,0
20080422,8.0914,8.2289,8.0055,8.1687,2261873,0
20080423,8.2718,8.7441,8.203,8.5295,2260594,0
20080424,8.6755,8.6755,8.4006,8.598,2628374,0
20080425,8.6927,8.8043,8.6412,8.7355,1501531,0
20080428,8.8216,8.916,8.7701,8.8043,697232,0
20080429,8.7183,8.8216,8.6755,8.6755,375530,0
20080430,8.7183,9.0621,8.6499,8.9761,1516066,0
20080501,8.9503,8.9588,8.8386,8.873,1802758,0
20080502,8.9332,9.3281,8.9332,9.1306,1566706,0
20080506,9.019,9.3882,9.019,9.1737,1973721,0
20080507,9.0792,9.4312,9.0792,9.3713,2117289,0
20080508,9.2167,9.3026,9.1306,9.2596,1494916,0
20080509,9.002,9.2854,9.002,9.1564,946460,0
20080512,9.2511,9.3109,9.0877,9.1994,716051,0
20080513,9.1994,9.3882,8.9418,9.105,2051206,0
20080514,9.1477,9.2854,8.916,8.9846,1259398,0
20080515,9.019,9.1564,8.8988,9.0621,1835341,0
20080516,9.0362,9.638,9.0362,9.4826,1179669,0
20080519,9.4143,9.586,9.3882,9.569,838920,0
20080520,9.534,9.594,9.1994,9.1994,1046295,0
20080521,9.3109,9.3713,9.1477,9.2511,903238,0
20080522,9.1306,9.4401,9.1306,9.1823,1079184,0
20080523,9.2511,9.2681,9.0106,9.019,674434,0
20080527,8.9761,9.1564,8.9761,9.0963,793971,0
20080528,9.2167,9.2167,9.0621,9.1737,671618,0
20080529,9.2338,9.448,9.0792,9.3799,2898189,0
20080530,9.4401,9.792,9.4233,9.5,1966740,0
20080602,9.543,9.543,9.0621,9.1393,1122052,0
20080603,9.2424,9.4401,9.1134,9.2079,1686484,0
20080604,9.2167,9.2767,9.1222,9.1737,1355538,0
20080605,9.1909,9.3882,9.1134,9.2596,1169529,0
20080606,9.2681,9.603,9.1909,9.4747,1956999,0
20080609,9.4143,9.4143,8.9588,9.0877,707927,0
20080610,9.1651,9.4312,9.0534,9.3281,1817342,0
20080611,9.4401,9.8,8.916,9.0106,4418917,0
20080612,9.0877,9.2338,8.9934,9.1651,1436365,0
20080613,9.2424,9.337,9.1134,9.1823,1538359,0
20080616,9.1393,9.646,9.1393,9.578,348410,0
20080617,9.586,9.749,9.5,9.56,220639,0
20080618,9.508,9.809,9.3109,9.3882,2223645,0
20080619,9.3882,9.612,9.3882,9.594,1350007,0
20080620,9.517,9.723,9.3455,9.5,2258316,0
20080623,9.526,9.655,9.4233,9.646,538797,0
20080624,9.664,9.758,9.4233,9.681,1267909,0
20080625,9.638,9.895,9.638,9.818,1398953,0
20080626,9.827,9.835,9.612,9.732,999592,0
20080627,9.638,9.853,9.508,9.792,2118390,0
20080630,9.844,10.145,9.783,10.024,3054301,0
20080701,10.024,10.118,9.603,9.998,3701003,0
20080702,9.938,9.938,9.646,9.681,1186906,0
20080703,9.569,9.569,9.2424,9.3109,1824197,0
20080704,9.3799,9.3799,8.9761,9.1393,1305573,0
20080707,9.1306,9.2079,8.9846,9.105,514851,0
20080708,9.0621,9.2767,8.9245,9.2338,1626008,0
20080709,9.3799,9.3799,8.9934,9.0277,2202970,0
20080710,8.8902,9.3026,8.8386,9.1994,719882,0
20080711,9.1994,9.3109,8.7784,8.9846,815345,0
20080714,8.9846,9.0877,8.8818,8.916,865707,0
20080715,8.9245,8.9332,8.684,8.8302,1515279,0
20080716,8.8386,9.1134,8.6927,8.9672,1435319,0
20080717,9.1909,9.792,9.1909,9.4915,1192468,0
20080718,9.3455,9.903,9.3455,9.809,1287074,0
20080721,9.749,10.101,9.749,9.749,1675370,0
20080722,9.8,10.007,9.586,9.903,1108665,0
20080723,10.213,11.004,10.153,10.685,3137763,0
20080724,10.334,10.505,10.29,10.351,2495495,0
20080725,10.084,10.358,10.041,10.358,1603042,0
20080728,10.248,10.351,9.903,10.101,774072,0
20080729,9.989,10.248,9.87,9.912,2180565,0
20080730,10.05,10.556,9.989,10.479,3354174,0
20080731,10.505,10.995,10.273,10.703,1437285,0
20080801,10.626,11.115,10.565,11.072,3122220,0
20080804,10.874,10.995,10.745,10.745,982076,0
20080805,10.797,11.167,10.651,10.96,2399596,0
20080806,11.037,11.312,11.004,11.218,3335860,0
20080807,11.244,11.312,10.952,11.14,2793048,0
20080808,11.218,11.871,11.184,11.665,1928678,0
20080811,11.699,11.699,10.926,11.107,2647457,0
20080812,11.089,11.089,10.668,10.745,2365518,0
20080813,10.668,10.745,10.385,10.488,1298552,0
20080814,10.729,10.857,10.523,10.771,1349390,0
20080815,10.797,10.943,10.677,10.815,860768,0
20080818,10.789,10.84,10.729,10.797,202042,0
20080819,10.72,10.831,10.608,10.685,653854,0
20080820,10.659,10.763,10.608,10.642,1293095,0
20080821,10.462,10.556,10.273,10.419,1679976,0
20080822,10.453,10.651,10.351,10.565,2444069,0
20080826,10.505,10.969,10.385,10.754,1128032,0
20080827,10.72,11.373,10.591,11.287,1636236,0
20080828,11.115,11.269,10.96,10.995,770468,0
20080829,10.848,11.296,10.848,11.046,841714,0
20080901,10.934,11.406,10.934,11.261,584927,0
20080902,11.175,11.527,11.175,11.304,429794,0
20080903,11.152,11.205,10.936,11.083,878695,0
20080904,11.334,11.741,11.187,11.221,919669,0
20080905,11.274,11.308,10.807,10.807,931528,0
20080908,11.265,11.447,11.014,11.014,465129,0
20080909,11.083,11.17,10.78,10.849,2347519,0
20080910,10.634,10.711,10.435,10.477,2577804,0
20080911,10.495,10.642,10.088,10.218,1400396,0
20080912,10.287,10.469,10.174,10.278,930997,0
20080915,10.201,10.521,9.872,9.872,1101128,0
20080916,9.751,9.941,9.4737,9.638,2243850,0
20080917,9.889,10.183,9.569,9.707,1967810,0
20080918,9.543,9.959,9.3356,9.508,2111868,0
20080919,10.201,10.711,9.3702,9.4737,6375859,0
20080922,9.3269,9.993,9.1192,9.647,1265707,0
20080923,9.4995,9.984,9.4569,9.838,2106355,0
20080924,9.794,9.941,9.301,9.4648,1489654,0
20080925,9.4312,9.69,9.2836,9.3529,1875673,0
20080926,9.2922,9.716,9.2922,9.508,736085,0
20080929,9.603,9.82,9.1625,9.1625,2553919,0
20080930,9.0846,9.3615,8.9202,9.2232,3673371,0
20081001,9.2922,10.132,9.2922,9.665,6401525,0
20081002,9.751,10.546,9.3269,9.4223,2279624,0
20081003,9.301,9.4995,8.9637,9.249,1723377,0
20081006,9.2663,9.4648,8.0638,8.1068,1857823,0
20081007,8.1847,8.453,7.8647,7.9944,1196176,0
20081008,8.0204,8.2021,7.4581,8.0983,3834411,0
20081009,8.3147,8.7472,8.1415,8.5049,1061323,0
20081010,8.2108,8.4358,7.9081,8.2714,1562791,0
20081013,8.5569,8.626,7.8213,8.1241,2859152,0
20081014,7.9081,8.4443,7.8387,8.1415,2409025,0
20081015,8.1762,8.332,6.7571,6.8956,2366199,0
20081016,6.7399,7.0515,6.0909,6.8438,2733930,0
20081017,6.8871,7.5704,6.1949,6.5669,4812440,0
20081020,6.7745,6.9821,5.1652,6.2467,4608868,0
20081021,6.6015,7.2504,6.5842,6.7313,1356779,0
20081022,6.7745,7.1638,6.3679,6.4286,6731439,0
20081023,6.3418,6.6275,5.918,6.169,4644999,0
20081024,6.0477,6.0477,5.6326,5.6498,3099990,0
20081027,5.373,5.6929,5.3209,5.4336,1246501,0
20081028,5.4595,5.4595,4.7499,4.8623,2819636,0
20081029,4.9317,4.9317,4.7673,4.8366,1609928,0
20081030,4.9835,5.9438,4.7673,5.7796,2609030,0
20081031,5.5805,5.7969,5.3121,5.373,1099641,0
20081103,5.347,5.4595,5.2864,5.3384,583812,0
20081104,5.3644,5.9612,5.2605,5.6498,2150522,0
20081105,5.8142,5.8142,5.373,5.4421,1640427,0
20081106,5.5979,5.5979,5.0267,5.3297,1743396,0
20081107,5.3988,5.9699,5.3037,5.6929,1337213,0
20081110,5.9699,6.662,5.8055,6.2816,1337364,0
20081111,6.3505,6.3505,5.4075,5.5719,1163433,0
20081112,5.6584,6.3593,5.6584,5.9353,3072049,0
20081113,5.84,5.8574,5.6153,5.7969,879104,0
20081114,5.9094,5.9094,5.5545,5.5979,1750839,0
20081117,5.667,5.9873,5.667,5.7796,922112,0
20081118,5.9786,5.9786,5.5199,5.7709,968088,0
20081119,5.9526,6.0045,5.7709,5.866,538016,0
20081120,5.494,5.8574,5.494,5.5545,806786,0
20081121,5.6153,5.7709,5.1739,5.1739,1726745,0
20081124,5.3121,5.4682,5.1999,5.3209,1906466,0
20081125,5.2343,5.6755,5.1827,5.4075,1508846,0
20081126,5.2864,5.5545,5.1912,5.2085,2976145,0
20081127,5.2343,5.494,5.2343,5.494,449548,0
20081128,5.4421,5.6065,5.4247,5.5373,173658,0
20081201,5.5199,5.5199,5.295,5.3816,1040483,0
20081202,5.4161,5.5199,5.1912,5.217,1075968,0
20081203,5.2776,5.2776,4.7328,4.9662,1187371,0
20081204,4.871,5.1047,4.5249,4.6895,1492036,0
20081205,4.6116,4.6981,4.3866,4.4212,2100463,0
20081208,4.4471,4.646,4.3434,4.5423,1232585,0
20081209,4.6895,4.8104,4.551,4.7759,1705028,0
20081210,4.7933,4.8623,4.7328,4.8104,1036081,0
20081211,4.6895,5.3209,4.6374,5.0182,1551606,0
20081212,5.0615,5.0615,4.8366,4.8451,1748862,0
20081215,4.9662,5.0182,4.8538,4.8538,1638949,0
20081216,5.0008,5.0095,4.8366,4.9662,1401311,0
20081217,4.8883,5.7538,4.8883,5.4853,2374895,0
20081218,5.373,5.7969,5.1912,5.6584,1547102,0
20081219,5.9873,5.9873,5.6239,5.866,1276409,0
20081222,5.7709,5.84,5.6065,5.6842,485028,0
20081223,5.7624,5.7624,5.494,5.5199,413878,0
20081224,5.4853,5.5287,5.295,5.295,87478,0
20081229,5.3816,5.6065,5.347,5.347,360373,0
20081230,5.4595,5.494,5.1652,5.2343,876236,0
20081231,5.1999,5.3384,5.1566,5.1566,105986,0
20090102,5.1566,5.546,5.1566,5.494,249119,0
20090105,5.546,5.7277,5.5373,5.6412,724710,0
20090106,5.6239,5.9266,5.546,5.8922,617356,0
20090107,5.9526,6.2728,5.9526,6.2728,634098,0
20090108,6.117,6.3072,6.117,6.2035,1512938,0
20090109,6.2381,6.4891,6.0909,6.2987,533771,0
20090112,6.2642,6.4802,6.2553,6.394,204509,0
20090113,6.4631,6.4631,6.0825,6.0999,1102360,0
20090114,6.0305,6.1083,5.5199,5.6153,1239123,0
20090115,5.7796,5.7796,5.3037,5.5893,1956055,0
20090116,5.546,5.8314,5.546,5.6755,1235853,0
20090119,5.6584,5.9612,5.373,5.4509,1204956,0
20090120,5.4161,5.5545,5.2085,5.2085,1134964,0
20090121,5.0789,5.4075,4.8623,5.4075,1151446,0
20090122,5.5287,5.5893,5.3121,5.3384,650848,0
20090123,5.494,5.494,5.295,5.3557,936433,0
20090126,5.4767,5.494,5.373,5.4336,436858,0
20090127,5.4509,5.4509,5.3816,5.4161,382808,0
20090128,5.5287,5.8574,5.347,5.6065,1630551,0
20090129,5.7104,5.7104,5.373,5.3816,1176138,0
20090130,5.5893,5.7277,5.3121,5.5545,2083116,0
20090202,5.4421,5.4509,5.0874,5.0874,1280235,0
20090203,5.4509,5.4509,4.8971,5.2864,979901,0
20090204,5.4421,5.7796,5.3384,5.667,1129012,0
20090205,5.5719,6.0391,5.546,6.0391,1637178,0
20090206,5.84,6.1429,5.84,6.0477,730770,0
20090209,5.8922,6.1342,5.8922,6.0825,272882,0
20090210,6.1342,6.169,5.9612,5.9786,483568,0
20090211,5.9699,6.0909,5.8574,5.8748,736001,0
20090212,5.866,6.0563,5.866,6.0563,668738,0
20090213,6.0909,6.2901,5.9526,6.0563,525152,0
20090216,6.2553,6.4286,6.1256,6.2035,818415,0
20090217,6.2209,6.3593,6.0133,6.0825,20287808,0
20090218,5.8487,5.9786,5.7104,5.7969,2260982,0
20090219,5.7709,5.8229,5.4421,5.4767,7596378,0
20090220,5.3297,5.3297,5.0615,5.0615,1329288,0
20090223,5.0441,5.0874,4.975,5.0441,2785414,0
20090224,5.0874,5.096,4.8019,4.9577,1985606,0
20090225,5.1047,5.2518,5.0528,5.0615,1262509,0
20090226,5.1827,5.2085,5.0701,5.1047,994922,0
20090227,5.217,5.217,5.0182,5.1392,549456,0
20090302,5.0874,5.1912,4.8192,4.8366,906731,0
20090303,4.7414,5.0008,4.7154,4.7499,3886807,0
20090304,4.8366,4.975,4.7241,4.9577,1248229,0
20090305,4.8971,5.0267,4.7328,4.7673,882988,0
20090306,4.6546,4.6546,4.3262,4.3345,3706220,0
20090309,4.3087,4.3693,4.2049,4.2136,4409424,0
20090310,4.1012,4.1702,4.0144,4.1444,5558008,0
20090311,4.1357,4.1444,4.0491,4.1357,2662359,0
20090312,3.9885,4.0058,3.9107,3.9885,1342654,0
20090313,4.0319,4.0319,3.8589,3.9021,1634923,0
20090316,3.8155,3.9453,3.7031,3.9281,4787155,0
20090317,3.8589,3.9541,3.8415,3.9021,3140307,0
20090318,3.7809,3.9626,3.7809,3.9281,1275414,0
20090319,3.9195,4.0839,3.9195,4.0405,3324689,0
20090320,3.9195,4.127,3.7464,4.127,2478621,0
20090323,4.0925,4.352,4.0925,4.1789,2008530,0
20090324,4.2309,4.3434,4.0405,4.1444,2011108,0
20090325,4.0144,4.1961,3.9971,4.1961,448376,0
20090326,4.153,4.1702,4.0577,4.0925,723725,0
20090327,4.1617,4.1961,4.0839,4.1617,740521,0
20090330,4.1702,4.2136,4.0058,4.0058,1217693,0
20090331,4.0664,4.0664,3.8589,3.9107,872290,0
20090401,3.7204,3.9885,3.7204,3.9453,938820,0
20090402,3.9195,4.4471,3.8761,4.4471,2250640,0
20090403,4.5077,4.9835,4.4991,4.9057,1625635,0
20090406,4.8278,5.4595,4.8278,5.3644,2129686,0
20090407,5.4767,5.4767,5.1222,5.2085,2490979,0
20090408,5.0528,5.096,4.9491,4.9835,569516,0
20090409,4.975,5.1827,4.8451,5.1827,1766255,0
20090414,5.0267,5.5199,5.0267,5.5199,1504425,0
20090415,5.6841,5.693,5.4443,5.6488,2464798,0
20090416,5.5066,5.6841,5.5066,5.5777,875461,0
20090417,5.542,5.8352,5.5154,5.773,872403,0
20090420,5.9062,5.995,5.7287,5.7287,2192429,0
20090421,5.7197,5.8796,5.693,5.7641,2909649,0
20090422,5.7641,5.942,5.7641,5.942,1416999,0
20090423,6.0129,6.1372,5.9508,6.004,3176005,0
20090424,5.9773,6.0661,5.8884,6.0661,803706,0
20090427,6.0749,6.0749,5.9686,5.9686,2972267,0
20090428,5.8796,5.8796,5.7375,5.7553,2952666,0
20090429,5.4888,5.8173,5.4888,5.8173,923055,0
20090430,5.8173,6.5457,5.8173,6.3948,2501211,0
20090501,6.2792,6.2969,6.0661,6.1817,521352,0
20090505,6.3413,6.7233,6.2969,6.5457,550786,0
20090506,6.7766,6.7856,6.3593,6.608,939677,0
20090507,6.4037,6.5902,6.2348,6.2526,1043386,0
20090508,5.1603,5.1603,4.0411,4.0588,39372835,0
20090511,4.0679,4.0679,3.5438,3.5526,5904504,0
20090512,3.5615,3.6327,3.233,3.3927,2394805,0
20090513,3.3927,3.4816,2.5668,2.7976,8004715,0
20090514,2.8775,3.5438,2.7001,3.5438,13628021,0
20090515,3.6058,3.7392,3.3927,3.4282,5772876,0
20090518,3.4639,3.7304,3.3927,3.6858,4221044,0
20090519,3.7126,3.8013,3.5793,3.6148,3296871,0
20090520,3.5259,3.5969,3.4639,3.4727,5431318,0
20090521,3.4994,3.5259,3.2774,3.3306,3203067,0
20090522,3.3749,3.4194,3.3306,3.3572,4499295,0
20090526,3.4105,3.4105,3.366,3.3927,3701604,0
20090527,3.446,3.5703,3.446,3.5349,1083201,0
20090528,3.5526,3.5703,3.5438,3.5526,1754463,0
20090529,3.5259,3.6413,3.5259,3.5438,939209,0
20090601,3.5793,3.7304,3.5438,3.6771,968448,0
20090602,3.7392,3.7392,3.6593,3.6681,2150953,0
20090603,3.748,3.748,3.5171,3.5349,1404170,0
20090604,3.5081,3.6237,3.5081,3.5081,606923,0
20090605,3.6593,3.7746,3.6148,3.7304,2860521,0
20090608,3.748,3.748,3.6771,3.6858,2729740,0
20090609,3.6949,3.7215,3.5793,3.6593,1919040,0
20090610,3.6771,3.7836,3.6327,3.6413,1412287,0
20090611,3.6237,3.6413,3.446,3.4816,1719450,0
20090612,3.5171,3.7037,3.446,3.6593,649387,0
20090615,3.8013,3.8724,3.7568,3.7568,1934048,0
20090616,3.8103,3.8813,3.7657,3.8635,3056400,0
20090617,3.8013,3.8191,3.7392,3.7836,4736504,0
20090618,3.7925,3.7925,3.6503,3.6949,5721529,0
20090619,3.6949,3.7746,3.5703,3.5703,11017806,0
20090622,3.7037,3.7037,3.5081,3.5615,2280719,0
20090623,3.5615,3.5703,3.4105,3.4194,4690629,0
20090624,3.4639,3.4639,3.2419,3.2863,1904780,0
20090625,3.2774,3.4639,3.0819,3.1263,1854891,0
20090626,3.1885,3.5171,3.1885,3.5171,8679723,0
20090629,3.5081,3.6237,3.4549,3.5349,2081078,0
20090630,3.5259,3.6148,3.4018,3.4018,3254309,0
20090701,3.3839,3.3839,3.2507,3.3041,2694662,0
20090702,3.2863,3.3839,3.2596,3.2684,787112,0
20090703,3.224,3.2596,3.1442,3.233,805657,0
20090706,3.2596,3.2596,3.0465,3.0819,1525167,0
20090707,3.1086,3.2684,3.0819,3.1885,2487311,0
20090708,3.1885,3.233,3.1174,3.1442,1397708,0
20090709,3.1442,3.295,3.1174,3.2507,1470239,0
20090710,3.2863,3.3749,3.2684,3.366,1177528,0
20090713,3.3484,3.4282,3.3128,3.3394,813939,0
20090714,3.3041,3.4105,3.3041,3.366,503554,0
20090715,3.3217,3.4994,3.3217,3.4549,3758069,0
20090716,3.4904,3.8902,3.4549,3.8368,3564107,0
20090717,3.8457,3.9079,3.6058,3.7215,1587540,0
20090720,3.6681,3.6681,3.5615,3.5793,757841,0
20090721,3.6148,3.7836,3.6148,3.6949,1835608,0
20090722,3.6681,3.6681,3.4816,3.4816,1350633,0
20090723,3.7836,5.1246,3.7836,5.0979,6686431,0
20090724,5.0357,6.0749,4.9915,5.9508,6842723,0
20090727,5.8532,6.0929,5.8262,6.0839,5636333,0
20090728,6.0395,6.226,5.7641,5.8085,1319725,0
20090729,5.8085,5.9062,5.5154,5.9062,25797604,0
20090730,5.8884,6.1817,5.8884,5.9773,14896267,0
20090731,5.9773,5.9773,5.6575,5.773,1075918,0
20090803,5.5864,5.7375,5.5864,5.7197,1296580,0
20090804,5.6841,5.7287,5.5955,5.6399,1835469,0
20090805,5.8173,6.226,5.6575,6.0484,6606777,0
20090806,6.0218,6.1194,6.0129,6.1194,3428038,0
20090807,5.9863,5.9863,5.7287,5.9863,966690,0
20090810,5.8173,5.8884,5.7197,5.8796,890321,0
20090811,6.004,6.004,5.7287,5.7996,1849836,0
20090812,5.773,5.8262,5.6221,5.7375,1058298,0
20090813,5.7287,5.9508,5.6309,5.8796,2827512,0
20090814,5.942,6.0306,5.8532,5.9863,1309841,0
20090817,6.0395,6.0395,5.7019,5.7641,527439,0
20090818,5.8352,5.9773,5.7553,5.8442,349638,0
20090819,5.5511,5.7818,5.471,5.7641,815683,0
20090820,5.7641,5.9686,5.7375,5.9686,3552926,0
20090821,5.7553,6.1282,5.7553,6.0839,1543622,0
20090824,6.1728,6.2439,6.0661,6.1728,772714,0
20090825,6.1282,6.1817,5.9328,6.0661,1994765,0
20090826,6.1728,6.5368,6.0661,6.3148,2549791,0
20090827,6.3858,6.4303,6.1016,6.226,1612472,0
20090828,6.2439,6.377,6.2171,6.2704,560866,0
20090901,6.5014,6.5014,6.0749,6.0749,491235,0
20090902,6.1011,6.1189,5.7489,5.8482,820543,0
20090903,5.9024,5.9475,5.794,5.8302,713115,0
20090904,5.794,5.9294,5.776,5.9294,772300,0
20090907,5.9384,6.2905,5.8391,6.2816,2587906,0
20090908,6.2905,6.3445,6.0919,6.1279,386644,0
20090909,6.1098,6.3174,6.1098,6.155,473414,0
20090910,6.146,6.2543,6.0919,6.1912,739325,0
20090911,6.1912,6.48,6.1912,6.453,5203382,0
20090914,6.3445,6.3717,6.1641,6.2905,280710,0
20090915,6.2182,6.2182,5.9024,5.9024,1772474,0
20090916,5.8934,6.0646,5.8031,6.0466,608788,0
20090917,6.1189,6.1912,6.0017,6.0017,5514530,0
20090918,6.0017,6.0017,5.6407,5.6407,5181019,0
20090921,5.8031,5.8934,5.6136,5.6767,929742,0
20090922,5.776,5.9836,5.776,5.9024,1068949,0
20090923,6.0107,6.2543,5.9566,6.0919,1296980,0
20090924,5.9836,6.083,5.8213,5.8213,4041260,0
20090925,5.8842,5.8842,5.7579,5.7669,490596,0
20090928,5.7128,6.1011,5.6317,6.0377,1222096,0
20090929,6.0558,6.7777,6.0558,6.7777,3593251,0
20090930,6.6425,6.859,6.6063,6.7688,2637720,0
20091001,6.7777,7.0484,6.7598,7.0214,975791,0
20091002,6.7957,7.1297,6.6694,6.7507,3458580,0
20091005,6.6694,6.8769,6.6153,6.7868,432172,0
20091006,6.7777,7.1297,6.7777,6.9672,1366111,0
20091007,7.1749,7.4909,7.1749,7.2742,1008218,0
20091008,7.4546,7.6532,7.4275,7.4818,1243690,0
20091009,7.4909,7.6982,7.4909,7.5721,944645,0
20091012,7.5811,8.5287,7.5721,8.5287,8452669,0
20091013,8.5557,8.8987,8.312,8.7452,3044322,0
20091014,9.0249,9.1694,8.8084,9.1514,8723428,0
20091015,9.1606,9.2597,8.8535,8.8807,2065536,0
20091016,9.1152,9.3229,8.98,8.98,1674360,0
20091019,8.8626,9.0702,8.5739,9.052,2562312,0
20091020,9.0971,9.639,9.043,9.53,4077461,0
20091021,9.648,9.946,9.503,9.846,2927283,0
20091022,9.99,9.99,9.576,9.747,976196,0
20091023,9.684,9.729,9.3589,9.3949,1887689,0
20091026,9.503,9.729,9.1964,9.2327,2429955,0
20091027,9.4312,9.4312,9.0611,9.3409,1629897,0
20091028,9.4223,9.4312,8.8084,8.8807,3216937,0
20091029,8.7633,9.1241,8.4473,8.7995,3854247,0
20091030,8.98,9.2507,8.673,8.7903,845904,0
20091102,8.8174,8.8987,8.691,8.8355,937170,0
20091103,8.8445,8.98,8.7091,8.8535,1542089,0
20091104,8.8084,9.1152,8.6458,9.043,1127217,0
20091105,8.9979,9.0792,8.6639,8.98,870574,0
20091106,9.0702,9.4401,8.9347,9.1784,1052803,0
20091109,9.0249,9.2236,9.0249,9.2144,335445,0
20091110,9.2236,9.4767,8.9347,9.0158,716037,0
20091111,8.8715,8.9347,8.4563,8.5196,1341082,0
20091112,8.5919,8.7722,8.5107,8.6278,580586,0
20091113,8.6009,8.6009,8.4114,8.4295,321944,0
20091116,8.5647,8.7814,8.4023,8.7452,428901,0
20091117,8.8535,9.1062,8.691,8.9437,1441736,0
20091118,8.7814,9.0339,8.7002,8.98,928357,0
20091119,8.9529,8.98,8.727,8.7633,914190,0
20091120,8.727,8.7995,8.7181,8.7452,933076,0
20091123,8.8535,8.8626,8.6639,8.7543,1196729,0
20091124,8.6639,8.8715,8.3841,8.4384,1574806,0
20091125,8.4746,8.4926,8.3211,8.3482,824735,0
20091126,8.4473,8.4473,7.8788,7.924,793255,0
20091127,7.8699,8.3301,7.7885,8.249,913491,0
20091130,8.2849,8.4203,8.1044,8.1856,1037654,0
20091201,8.357,8.3932,8.1766,8.3751,834378,0
20091202,8.3751,8.4746,8.3391,8.4295,417516,0
20091203,8.5196,8.5557,8.4114,8.4836,415627,0
20091204,8.3211,8.5557,8.1947,8.5196,671421,0
20091207,8.366,8.4654,8.2849,8.3391,551227,0
20091208,8.366,8.4746,8.1135,8.1497,332615,0
20091209,8.2849,8.3031,8.0592,8.2849,709559,0
20091210,8.1406,8.3932,8.1406,8.3391,442633,0
20091211,8.4384,8.4384,7.9511,8.1497,1620735,0
20091214,8.2038,8.4654,8.1856,8.3932,710415,0
20091215,8.8355,9.2867,8.8355,9.1062,3557708,0
20091216,9.1241,9.1874,8.7995,8.9077,3061600,0
20091217,9.1874,9.1874,8.8265,8.9529,1803937,0
20091218,9.0339,9.1152,8.8715,8.9529,2302398,0
20091221,8.9077,8.9437,8.7452,8.8987,748447,0
20091222,8.6821,8.9347,8.6821,8.691,394068,0
20091223,8.619,8.727,8.5647,8.5647,210752,0
20091224,8.5107,8.619,8.5107,8.6099,7910,0
20091229,8.4836,8.6639,8.4473,8.6099,207566,0
20091230,8.7633,8.7995,8.6099,8.727,226539,0
20091231,8.9077,8.9077,8.6639,8.6639,85130,0
20100104,8.4384,9.043,8.4384,8.9529,674312,0
20100105,9.0158,9.0158,8.8445,8.9077,442158,0
20100106,8.8445,9.0792,8.6458,9.0158,600903,0
20100107,8.9979,9.819,8.8626,9.593,1956651,0
20100108,9.593,9.874,9.576,9.63,1333136,0
20100111,9.72,9.855,9.63,9.692,1001024,0
20100112,9.846,9.846,9.4312,9.639,858409,0
20100113,9.558,9.639,9.4312,9.639,1013374,0
20100114,9.657,9.756,9.4856,9.756,1256441,0
20100115,9.711,9.891,9.521,9.567,1427729,0
20100118,9.512,9.53,9.4035,9.4401,578370,0
20100119,9.449,9.648,9.3409,9.648,375631,0
20100120,9.63,9.918,9.512,9.602,474492,0
20100121,9.692,9.692,9.2418,9.368,1573768,0
20100122,9.2957,9.3498,8.9709,9.0339,622875,0
20100125,9.0971,9.2867,8.9889,9.0792,434028,0
20100126,9.043,9.4134,8.9709,9.3768,1396581,0
20100127,9.1606,9.657,9.1424,9.449,2881875,0
20100128,9.657,9.657,9.3498,9.4401,1570472,0
20100129,9.4223,9.449,9.1784,9.2418,692682,0
20100201,8.9979,9.2144,8.9979,9.052,714929,0
20100202,9.0882,9.3498,8.9619,9.1694,1480273,0
20100203,9.3229,9.3229,9.1514,9.2418,1030210,0
20100204,9.4767,9.4856,8.9257,8.9979,766847,0
20100205,9.0611,9.0611,8.0232,8.4384,3490413,0
20100208,8.4384,8.5016,8.2849,8.4114,838537,0
20100209,8.2669,8.4295,8.2038,8.366,530208,0
20100210,8.2759,8.727,8.2759,8.4295,1075049,0
20100211,8.5107,8.5107,8.2939,8.2939,419685,0
20100212,8.4654,8.5016,8.2308,8.3391,939837,0
20100215,8.3211,8.4836,8.312,8.366,346573,0
20100216,8.249,8.6278,8.249,8.5196,834847,0
20100217,8.5919,8.8987,8.5919,8.8355,980623,0
20100218,8.8807,8.9077,8.7362,8.8445,446585,0
20100219,8.6369,8.7091,8.4926,8.5465,1713244,0
20100222,8.5016,8.655,8.4384,8.5465,342714,0
20100223,8.7633,8.7633,8.2399,8.4114,677734,0
20100224,8.4654,8.5016,8.2308,8.4203,518202,0
20100225,8.2579,8.3841,8.0051,8.0323,706304,0
20100226,8.0323,8.0592,7.8878,7.96,739893,0
20100301,8.0141,8.357,7.8518,8.2759,1541152,0
20100302,8.249,8.2669,7.9421,8.0954,1325134,0
20100303,8.0684,8.0684,7.1026,7.7072,3857850,0
20100304,7.7706,8.3301,7.5992,8.3301,3547361,0
20100305,8.2849,8.98,8.249,8.8626,3025306,0
20100308,8.8445,9.3498,8.5016,8.6009,2268098,0
20100309,8.7091,8.8807,8.5196,8.7814,1015392,0
20100310,8.7362,9.0792,8.619,9.0249,1197148,0
20100311,9.0882,9.1424,8.9167,9.1062,944872,0
20100312,9.0069,9.1424,8.9257,8.9437,466148,0
20100315,8.8715,9.0069,8.7633,8.8807,486421,0
20100316,9.0339,9.052,8.8265,9.0249,436431,0
20100317,9.0069,9.1694,8.8897,9.1334,426742,0
20100318,9.2055,9.2418,9.0339,9.1424,378174,0
20100319,9.1424,9.2597,9.0702,9.2236,1034101,0
20100322,9.2957,9.2957,8.9167,9.043,283868,0
20100323,8.9077,9.1874,8.9077,9.0971,469676,0
20100324,9.1964,9.3768,9.0611,9.3498,777114,0
20100325,9.2597,9.521,9.2144,9.4401,734085,0
20100326,9.4134,9.4767,9.2777,9.3319,551020,0
20100329,9.2236,9.3047,9.1152,9.2777,563829,0
20100330,9.368,9.368,9.2777,9.2777,237026,0
20100331,9.3229,9.567,9.1784,9.386,599481,0
20100401,9.3229,9.62,9.3229,9.62,370061,0
20100406,9.684,9.981,9.666,9.9,1653766,0
20100407,10.08,10.135,9.928,10.036,504987,0
20100408,10.08,10.08,9.756,9.756,816485,0
20100409,9.928,9.928,9.521,9.602,1414180,0
20100412,9.648,9.684,9.503,9.539,305711,0
20100413,9.72,9.72,9.0971,9.3589,696126,0
20100414,9.532,10.008,9.532,9.797,3469318,0
20100415,9.825,10.456,9.825,10.456,2285014,0
20100416,10.502,10.658,10.456,10.622,1214091,0
20100419,10.658,10.868,10.374,10.64,752335,0
20100420,10.685,10.997,10.557,10.868,845578,0
20100421,10.786,10.887,10.585,10.777,1985895,0
20100422,10.868,10.988,10.695,10.841,2793341,0
20100423,10.932,11.162,10.823,11.033,745332,0
20100426,11.061,11.628,11.042,11.509,1518684,0
20100427,11.537,11.656,11.4,11.445,964009,0
20100428,11.308,11.326,10.878,11.015,13239095,0
20100429,10.988,11.107,10.868,11.07,1552542,0
20100430,11.124,11.234,11.079,11.216,894487,0
20100504,11.518,11.574,11.098,11.199,920193,0
20100505,11.583,11.583,10.887,10.896,1861949,0
20100506,11.079,11.29,10.732,10.887,2081755,0
20100507,10.575,10.777,9.587,9.871,1851061,0
20100510,9.862,10.575,9.862,10.521,2226297,0
20100511,10.658,10.658,10.237,10.355,1212802,0
20100512,10.163,10.622,9.989,10.622,4419072,0
20100513,10.566,10.868,10.448,10.823,1260632,0
20100514,10.814,10.988,10.429,10.484,1387998,0
20100517,10.493,10.493,10.237,10.292,1176603,0
20100518,10.456,10.795,10.402,10.704,836109,0
20100519,10.557,10.557,10.2,10.282,1135717,0
20100520,10.282,10.392,9.4678,9.742,1599675,0
20100521,9.522,9.825,9.4401,9.687,1805681,0
20100524,9.888,9.888,9.587,9.705,622993,0
20100525,9.733,9.733,9.449,9.4678,3569410,0
20100526,9.715,9.779,9.4401,9.4955,1168247,0
20100527,9.522,9.687,9.1929,9.687,2556498,0
20100528,9.825,9.944,9.569,9.669,1608520,0
20100601,9.916,9.916,9.642,9.806,2263338,0
20100602,9.66,9.935,9.651,9.888,3840680,0
20100603,9.944,10.411,9.944,10.145,1317482,0
20100604,10.329,10.439,9.605,9.66,2644173,0
20100607,9.669,9.669,9.4035,9.522,1248898,0
20100608,9.376,9.4223,9.1197,9.2294,971842,0
20100609,9.3943,9.4035,9.1014,9.3668,1137937,0
20100610,9.1014,9.587,9.1014,9.4589,1189539,0
20100611,9.504,9.513,9.2387,9.2844,615753,0
20100614,9.1564,9.559,9.1564,9.55,1063266,0
20100615,9.4035,9.541,9.1564,9.1838,1343835,0
20100616,9.3302,9.504,9.2661,9.4035,1050984,0
20100617,9.2112,9.3576,9.2112,9.2387,525907,0
20100618,9.2021,9.4678,9.2021,9.376,839646,0
20100621,9.3211,9.907,9.3211,9.862,1667975,0
20100622,9.98,10.026,9.742,9.815,998372,0
20100623,10.118,10.585,9.779,9.953,1363683,0
20100624,10.136,10.136,9.595,9.605,680612,0
20100625,9.595,9.66,9.4678,9.569,536409,0
20100628,9.705,9.871,9.541,9.742,381211,0
20100629,9.55,9.642,9.1929,9.2478,767745,0
20100630,9.2112,9.2112,8.7717,8.7901,1381371,0
20100701,8.7168,8.9549,8.4696,8.497,1759261,0
20100702,8.3963,8.6526,8.3415,8.5245,1290172,0
20100705,8.6435,9.0739,8.6435,9.0557,998244,0
20100706,9.0099,9.2387,8.9549,9.2387,1067177,0
20100707,8.8999,9.0557,8.7535,9.0557,1398847,0
20100708,8.8909,9.4678,8.8909,9.147,1127560,0
20100709,9.0646,9.1564,9.0099,9.0646,629342,0
20100712,9.2844,9.2844,8.9458,9.1747,958554,0
20100713,9.1655,9.3302,9.0099,9.138,2543761,0
20100714,9.2387,9.2936,9.0831,9.147,1410773,0
20100715,9.0646,9.2112,9.0007,9.019,547555,0
20100716,8.9915,9.1288,8.7442,8.7717,959130,0
20100719,8.735,8.781,8.3415,8.3963,1781523,0
20100720,8.5338,8.543,8.3322,8.5063,1627378,0
20100721,8.616,9.147,8.5153,9.0646,1415880,0
20100722,8.8266,9.2204,8.552,9.2112,2206088,0
20100723,9.2021,9.925,9.2021,9.879,2248621,0
20100726,9.788,10.448,9.595,10.429,2684857,0
20100727,10.338,10.749,10.237,10.749,3595823,0
20100728,10.768,10.814,10.209,10.246,2176347,0
20100729,10.355,10.448,10.136,10.319,990020,0
20100730,10.439,10.758,10.301,10.695,1821321,0
20100802,10.768,11.162,10.768,11.088,2938346,0
20100803,11.024,11.079,10.924,10.997,2692785,0
20100804,11.015,11.124,10.896,11.042,668918,0
20100805,10.969,11.143,10.896,10.924,1010122,0
20100806,10.942,10.988,10.676,10.831,649462,0
20100809,10.777,10.868,10.648,10.805,420316,0
20100810,10.805,10.805,10.631,10.74,1105418,0
20100811,10.831,10.841,10.585,10.603,1693100,0
20100812,10.484,10.566,10.182,10.319,1306123,0
20100813,10.301,10.374,10.182,10.292,604763,0
20100816,10.31,10.347,10.099,10.301,423643,0
20100817,10.145,10.31,10.017,10.31,375100,0
20100818,10.172,10.355,10.127,10.292,298141,0
20100819,10.355,10.557,10.319,10.365,402118,0
20100820,10.502,10.539,10.31,10.475,923300,0
20100823,10.676,10.768,10.53,10.713,317867,0
20100824,10.512,10.695,10.172,10.246,490843,0
20100825,10.155,10.31,10.09,10.219,581847,0
20100826,10.392,10.411,10.163,10.301,237814,0
20100827,10.237,10.301,10.008,10.228,278263,0
20100831,10.191,10.557,10.054,10.557,641960,0
20100901,10.493,10.915,10.411,10.915,656673,0
20100902,10.887,10.906,10.777,10.85,433162,0
20100903,10.566,10.612,10.246,10.566,897240,0
20100906,10.622,10.951,10.622,10.906,462943,0
20100907,11.033,11.262,11.006,11.234,656265,0
20100908,11.458,11.541,11.254,11.541,776860,0
20100909,11.596,11.79,11.328,11.735,877700,0
20100910,11.486,11.744,11.486,11.735,474842,0
20100913,11.643,11.901,11.624,11.846,433698,0
20100914,11.818,11.818,11.68,11.735,399809,0
20100915,11.782,11.92,11.726,11.828,461243,0
20100916,11.754,11.856,11.661,11.8,988951,0
20100917,11.901,12.013,11.671,11.671,904123,0
20100920,11.541,11.652,11.495,11.588,484807,0
20100921,11.55,11.643,11.458,11.503,1149011,0
20100922,11.448,11.448,11.162,11.162,232749,0
20100923,11.411,11.411,11.069,11.245,435017,0
20100924,11.208,11.393,11.032,11.393,587102,0
20100927,11.477,12.152,11.477,11.939,4014891,0
20100928,11.911,11.911,11.596,11.846,754963,0
20100929,11.726,11.79,11.633,11.735,648315,0
20100930,11.643,11.735,11.273,11.43,1317444,0
20101001,11.356,11.522,11.273,11.347,825559,0
20101004,11.43,11.541,11.411,11.411,847533,0
20101005,11.337,11.375,11.199,11.273,514152,0
20101006,11.236,11.79,11.236,11.754,1968482,0
20101007,11.856,11.976,11.68,11.79,1293855,0
20101008,11.818,11.818,11.569,11.624,793634,0
20101011,11.772,12.152,11.588,12.059,464231,0
20101012,11.828,12.152,11.828,12.05,929043,0
20101013,11.856,12.734,11.8,12.244,1472372,0
20101014,12.152,12.253,11.883,11.939,446833,0
20101015,11.976,12.124,11.911,12.013,453353,0
20101018,11.957,12.549,11.957,12.355,460187,0
20101019,12.595,12.854,12.382,12.642,1196102,0
20101020,12.65,12.706,12.41,12.54,563740,0
20101021,12.41,12.65,12.392,12.605,617571,0
20101022,12.623,12.984,12.586,12.808,578326,0
20101025,12.743,13.178,12.706,12.863,1156629,0
20101026,13.057,13.464,13.057,13.298,999325,0
20101027,13.308,13.502,13.002,13.039,644281,0
20101028,13.215,13.252,12.817,12.873,697068,0
20101029,12.891,13.187,12.863,13.113,1029623,0
20101101,13.206,13.408,13.122,13.187,163851,0
20101102,13.048,13.048,12.78,12.993,455834,0
20101103,13.029,13.085,12.844,13.029,434863,0
20101104,13.131,13.206,13.021,13.15,143291,0
20101105,13.363,13.77,13.308,13.77,417686,0
20101108,13.889,14.353,13.816,13.982,880673,0
20101109,13.872,13.899,13.631,13.714,378857,0
20101110,13.761,13.964,13.483,13.695,965474,0
20101111,13.908,14.057,13.51,13.668,444369,0
20101112,13.557,13.761,13.381,13.678,324515,0
20101115,13.51,13.695,13.372,13.427,205839,0
20101116,13.436,13.678,13.197,13.242,369071,0
20101117,13.14,13.391,12.873,13.14,1208910,0
20101118,13.316,13.493,13.261,13.493,261228,0
20101119,13.372,13.927,13.372,13.4,1004451,0
20101122,13.695,13.695,13.298,13.502,328441,0
20101123,13.603,13.678,13.326,13.381,344893,0
20101124,13.436,13.436,12.161,13.085,2780923,0
20101125,13.131,13.483,13.104,13.436,726685,0
20101126,13.622,13.622,13.224,13.381,957428,0
20101129,13.825,13.899,13.65,13.65,960272,0
20101130,13.538,13.585,13.252,13.289,838857,0
20101201,13.242,13.474,13.085,13.391,765966,0
20101202,13.483,14.158,13.4,14.158,428455,0
20101203,13.991,14.066,13.695,13.872,395682,0
20101206,14.01,14.87,13.991,14.87,878133,0
20101207,14.935,15.564,14.787,14.962,1137995,0
20101208,15.055,15.102,14.796,15.102,408115,0
20101209,15.12,15.323,15,15.286,690644,0
20101210,15.23,15.332,15.129,15.258,774744,0
20101213,15.111,15.499,15.111,15.434,713573,0
20101214,15.286,15.407,15.129,15.129,394835,0
20101215,14.907,15.702,14.815,15.702,857216,0
20101216,15.767,16.322,14.917,15.213,1130418,0
20101217,15.221,15.407,14.944,15.407,1020094,0
20101220,15.453,15.943,15.268,15.786,321713,0
20101221,15.675,15.952,15.61,15.896,297429,0
20101222,15.794,16.081,15.749,15.878,185533,0
20101223,15.85,15.924,15.656,15.896,165940,0
20101224,15.813,16.165,15.702,15.794,15560,0
20101229,15.628,16.553,15.61,16.553,369862,0
20101230,16.285,16.359,16.054,16.202,238242,0
20101231,16.303,16.414,16.239,16.368,75090,0
20110104,16.331,16.59,16.211,16.396,730892,0
20110105,16.202,16.387,16.118,16.174,520978,0
20110106,16.248,16.313,15.86,15.86,731863,0
20110107,16.1,16.137,15.351,15.526,2547543,0
20110110,15.573,15.61,15.138,15.175,757126,0
20110111,15.166,15.453,14.898,15.453,1683259,0
20110112,15.379,15.749,15.351,15.573,741024,0
20110113,15.526,15.749,15.296,15.702,1842591,0
20110114,15.721,16.239,15.721,15.971,1869108,0
20110117,16.09,16.09,15.415,15.453,618175,0
20110118,15.583,15.583,15.102,15.23,1491262,0
20110119,15.203,15.258,15.028,15.046,734246,0
20110120,15.102,15.102,14.278,14.315,1351588,0
20110121,14.278,14.917,14.232,14.426,2760945,0
20110124,14.463,14.463,14.158,14.241,332284,0
20110125,14.121,14.149,13.557,13.889,310974,0
20110126,13.881,14.37,13.881,14.37,1298898,0
20110127,14.325,14.676,14.325,14.491,546559,0
20110128,14.63,14.842,14.398,14.685,712344,0
20110131,14.574,14.621,14.334,14.547,483265,0
20110201,14.426,14.593,14.26,14.445,340403,0
20110202,14.565,14.777,14.315,14.472,274050,0
20110203,14.583,14.962,14.398,14.879,239130,0
20110204,14.815,15.009,14.648,14.749,260069,0
20110207,14.842,14.99,14.685,14.917,1185947,0
20110208,14.749,14.815,14.269,14.482,693960,0
20110209,14.602,14.851,14.463,14.851,4400012,0
20110210,15.073,15.147,14.213,14.325,542169,0
20110211,14.325,14.353,14.093,14.149,294091,0
20110214,14.482,14.482,14.038,14.251,309410,0
20110215,14.14,14.287,14.01,14.204,328079,0
20110216,14.185,14.223,13.77,13.974,494794,0
20110217,14.057,14.602,13.908,14.398,686477,0
20110218,14.482,14.796,14.362,14.796,1596862,0
20110221,14.926,15.009,14.565,14.666,543068,0
20110222,14.685,14.713,14.168,14.408,2069082,0
20110223,14.389,14.445,13.936,13.945,322529,0
20110224,13.927,14.084,13.797,14.038,449052,0
20110225,14.01,14.13,13.974,14.075,688096,0
20110228,14.158,14.463,13.991,14.334,531413,0
20110301,14.611,14.676,14.112,14.306,1264842,0
20110302,14.047,14.093,13.881,13.917,949050,0
20110303,13.779,14.029,13.779,13.899,777063,0
20110304,13.788,14.019,13.529,13.538,335029,0
20110307,13.408,13.529,13.169,13.483,446475,0
20110308,13.483,13.908,13.483,13.788,948266,0
20110309,13.779,14.436,13.779,14.26,1251861,0
20110310,14.251,14.251,13.797,13.797,659457,0
20110311,13.733,13.927,13.64,13.862,574785,0
20110314,13.825,14.112,13.742,13.908,361430,0
20110315,13.816,13.945,13.427,13.436,750123,0
20110316,13.742,13.742,13.408,13.538,710708,0
20110317,13.446,13.585,13.298,13.418,593571,0
20110318,13.391,14.362,13.391,13.862,1037070,0
20110321,13.742,13.742,13.493,13.65,332179,0
20110322,13.742,13.797,13.446,13.659,426606,0
20110323,13.529,13.77,13.51,13.761,450610,0
20110324,13.594,13.687,13.436,13.687,653360,0
20110325,13.797,13.881,13.585,13.714,389486,0
20110328,13.65,13.779,13.548,13.733,257374,0
20110329,13.714,13.714,13.502,13.668,325187,0
20110330,13.908,13.936,13.714,13.806,277597,0
20110331,13.825,13.834,13.52,13.566,347320,0
20110401,13.594,13.908,13.455,13.733,559131,0
20110404,13.622,13.917,13.622,13.917,398079,0
20110405,13.974,14.029,13.889,14.029,327064,0
20110406,13.908,14.63,13.889,14.232,564040,0
20110407,14.251,14.454,13.991,14.029,345239,0
20110408,13.889,14.066,13.889,13.974,271318,0
20110411,13.991,14.353,13.945,14.195,736786,0
20110412,14.093,14.093,13.668,13.742,331969,0
20110413,13.842,13.917,13.514,13.674,777537,0
20110414,13.599,13.795,13.533,13.749,315662,0
20110415,13.767,14.515,13.767,14.431,1299671,0
20110418,14.721,14.777,14.02,14.263,581544,0
20110419,14.17,14.553,14.132,14.515,679504,0
20110420,14.487,14.74,14.459,14.553,407449,0
20110421,14.59,14.945,14.394,14.899,346651,0
20110426,14.599,14.787,14.599,14.758,195310,0
20110427,14.731,15.021,14.628,15.011,924852,0
20110428,15.095,15.217,14.824,15.217,555564,0
20110503,15.039,15.058,14.89,15.058,333815,0
20110504,15.095,15.179,14.908,14.973,465590,0
20110505,15.282,15.282,14.609,14.655,380968,0
20110506,14.824,14.824,14.178,14.487,634890,0
20110509,14.431,14.562,14.357,14.422,306527,0
20110510,14.384,14.665,14.291,14.637,314538,0
20110511,14.824,15.909,14.824,15.788,855887,0
20110512,15.535,15.796,15.432,15.479,387922,0
20110513,15.75,15.843,15.432,15.525,743553,0
20110516,15.357,15.479,14.955,15.311,591440,0
20110517,15.254,15.46,15.114,15.124,195571,0
20110518,15.058,15.095,14.768,14.805,637703,0
20110519,14.88,15.264,14.768,15.198,355043,0
20110520,15.329,15.507,15.329,15.366,303548,0
20110523,15.422,15.422,14.815,15.03,274876,0
20110524,15.208,15.208,14.964,15.077,181681,0
20110525,15.161,15.311,14.992,15.198,184698,0
20110526,15.395,15.563,15.348,15.451,107753,0
20110527,15.619,15.619,15.395,15.525,168291,0
20110531,15.235,15.685,15.077,15.656,381748,0
20110601,15.694,15.853,15.46,15.788,409250,0
20110602,15.638,15.778,15.498,15.553,617550,0
20110603,15.573,15.573,15.151,15.441,149742,0
20110606,15.376,15.591,15.301,15.573,331405,0
20110607,15.488,15.563,15.46,15.498,259041,0
20110608,15.573,15.573,15.273,15.273,474255,0
20110609,15.292,15.638,15.292,15.553,323057,0
20110610,15.544,15.563,15.189,15.301,349730,0
20110613,15.179,15.395,15.179,15.245,117400,0
20110614,15.329,15.694,15.208,15.525,167414,0
20110615,15.75,15.75,14.945,14.955,476939,0
20110616,15.151,15.151,14.497,14.562,664616,0
20110617,14.394,14.394,13.739,14.17,1034295,0
20110620,14.197,14.197,13.898,14.057,406265,0
20110621,14.029,14.281,13.842,14.225,229720,0
20110622,14.16,14.254,14.029,14.067,331831,0
20110623,14.319,14.319,13.87,13.945,226521,0
20110624,14.02,14.31,13.477,13.533,463028,0
20110627,13.449,13.59,13.384,13.411,225401,0
20110628,13.477,14.178,13.29,14.076,483771,0
20110629,14.029,14.394,13.888,14.254,223940,0
20110630,14.281,15.161,14.281,15.161,770521,0
20110701,15.039,15.909,14.712,15.881,669124,0
20110704,15.796,15.909,15.413,15.553,376344,0
20110705,15.582,15.582,14.973,15.086,796912,0
20110706,15.189,15.525,14.992,15.525,543289,0
20110707,15.525,15.899,15.376,15.451,369838,0
20110708,15.75,15.815,15.544,15.722,552024,0
20110711,15.806,15.899,15.217,15.46,529260,0
20110712,15.553,15.74,15.254,15.469,619306,0
20110713,15.46,15.628,15.338,15.582,493824,0
20110714,15.685,16.246,15.516,16.078,321660,0
20110715,15.946,16.105,15.872,15.956,227784,0
20110718,15.881,15.937,15.525,15.553,265274,0
20110719,15.413,15.628,14.992,15.161,353132,0
20110720,15.264,15.264,14.001,14.628,1276406,0
20110721,14.544,14.599,14.188,14.188,989273,0
20110722,14.338,14.628,13.954,14.151,706246,0
20110725,14.085,14.197,14.048,14.067,381846,0
20110726,14.16,14.281,13.982,14.039,923107,0
20110727,14.123,14.244,13.842,13.861,1087926,0
20110728,13.777,14.039,13.627,13.73,906455,0
20110729,13.608,13.645,13.253,13.477,688353,0
20110801,13.749,13.851,13.411,13.43,681850,0
20110802,13.543,13.674,13.206,13.206,1555712,0
20110803,13.159,13.159,12.701,12.841,581236,0
20110804,12.972,13.197,11.7,11.747,870194,0
20110805,11.597,11.7,10.531,11.158,990394,0
20110808,11.242,11.485,10.438,10.438,1060973,0
20110809,10.354,10.877,9.782,10.793,1809082,0
20110810,11.167,12.346,11.139,11.401,1720387,0
20110811,11.597,11.747,11.177,11.682,1419061,0
20110812,11.738,12.411,11.392,12.056,754245,0
20110815,12.149,12.252,11.869,12.083,384190,0
20110816,12.065,12.065,11.588,11.831,565606,0
20110817,11.793,11.934,11.616,11.616,425577,0
20110818,11.616,11.663,10.484,10.541,1617724,0
20110819,10.559,10.822,9.671,10.242,1342589,0
20110822,10.054,10.597,9.988,10.335,605653,0
20110823,10.326,10.456,10.101,10.223,581051,0
20110824,10.194,10.597,10.064,10.269,573302,0
20110825,10.475,10.7,10.335,10.522,434910,0
20110826,10.503,10.503,9.97,10.316,435526,0
20110830,10.709,11.298,10.597,11.298,525375,0
20110831,11.167,11.944,10.831,11.925,812482,0
20110901,11.999,12.28,11.925,12.28,744452,0
20110902,12.336,12.457,11.86,11.98,902372,0
20110905,12.093,12.093,10.662,10.709,903679,0
20110906,10.887,11.045,10.643,10.774,623570,0
20110907,11.09,11.317,10.816,11.137,484595,0
20110908,11.592,11.592,11.204,11.317,428199,0
20110909,11.384,11.763,11.081,11.081,586821,0
20110912,11.175,11.175,10.342,10.654,595004,0
20110913,10.569,10.569,10.285,10.37,423190,0
20110914,10.522,10.768,10.379,10.522,704626,0
20110915,10.739,10.957,10.379,10.862,904937,0
20110916,10.976,11.251,10.787,11.005,592804,0
20110919,11.147,11.147,10.427,10.598,814445,0
20110920,10.465,10.607,10.048,10.048,806888,0
20110921,10.01,10.598,10.01,10.124,668520,0
20110922,10.162,10.18,9.3568,9.707,1116339,0
20110923,9.622,9.688,9.1579,9.4233,415744,0
20110926,9.319,9.925,9.2717,9.508,483748,0
20110927,9.764,11.071,9.764,10.768,870675,0
20110928,10.644,11.09,10.455,10.749,400830,0
20110929,10.816,10.872,10.455,10.55,250842,0
20110930,10.891,11.042,10.522,10.862,727699,0
20111003,10.503,10.55,10.162,10.512,470264,0
20111004,10.427,10.673,10.01,10.114,725305,0
20111005,10.323,10.796,10.153,10.55,377831,0
20111006,10.644,11.554,10.644,11.374,596104,0
20111007,11.696,12.255,11.403,12.246,844976,0
20111010,11.79,12.037,10.342,10.825,1319415,0
20111011,10.853,11.384,10.787,11.317,707631,0
20111012,11.204,11.639,10.957,11.469,330816,0
20111013,11.393,11.668,11.166,11.431,547981,0
20111014,11.232,11.838,11.204,11.8,357340,0
20111017,12.047,12.425,11.857,12.066,521591,0
20111018,12.008,12.141,11.554,11.848,355509,0
20111019,11.782,12.018,11.705,11.962,279231,0
20111020,11.914,11.999,11.564,11.649,535830,0
20111021,11.611,12.066,11.611,11.81,482423,0
20111024,11.914,12.425,11.525,12.387,257708,0
20111025,12.899,12.928,11.923,12.899,632838,0
20111026,12.652,12.889,12.368,12.53,466865,0
20111027,12.359,12.936,12.047,12.823,542503,0
20111028,13.154,13.486,12.889,13.202,373991,0
20111031,13.458,13.504,12.936,13.126,407162,0
20111101,13.173,13.173,11.583,11.743,1923937,0
20111102,11.592,12.047,11.28,11.506,787926,0
20111103,11.166,11.573,11.015,11.365,776482,0
20111104,11.554,11.715,9.85,10.834,1486548,0
20111107,10.559,10.976,10.389,10.559,620358,0
20111108,10.418,10.872,10.418,10.758,894683,0
20111109,11.175,11.175,10.484,10.673,733272,0
20111110,10.532,10.853,10.437,10.532,1378635,0
20111111,10.418,10.853,10.418,10.806,320515,0
20111114,10.891,10.976,10.474,10.721,270171,0
20111115,10.636,10.796,10.389,10.455,645210,0
20111116,10.484,10.644,10.323,10.427,355788,0
20111117,10.352,10.446,10.058,10.086,383501,0
20111118,9.887,10.048,9.565,9.792,439738,0
20111121,9.66,9.792,9.2147,9.3095,987398,0
20111122,9.3853,9.4985,9.0443,9.0537,508366,0
20111123,9.1295,9.1295,8.6655,8.7319,1787995,0
20111124,8.8834,8.9308,8.3909,8.7885,633388,0
20111125,8.533,8.8075,8.4003,8.5425,2527155,0
20111128,8.6086,9.3663,8.6086,9.3663,816943,0
20111129,9.603,9.603,9.0822,9.3,530495,0
20111130,9.0728,9.925,8.9874,9.811,807579,0
20111201,9.821,10.304,9.821,10.162,839439,0
20111202,10.2,10.474,10.095,10.18,400921,0
20111205,10.209,11.289,10.209,11.289,2788443,0
20111206,11.241,11.498,10.834,10.928,1424679,0
20111207,11.042,11.403,10.872,11.081,797372,0
20111208,11.346,11.355,10.758,10.862,560717,0
20111209,10.617,10.721,10.02,10.19,2059363,0
20111212,10.418,10.418,9.603,9.67,1632246,0
20111213,9.783,9.84,9.3853,9.612,1112361,0
20111214,9.575,9.716,9.2621,9.3378,875265,0
20111215,8.6844,8.9874,8.2583,8.4288,5655984,0
20111216,8.4666,8.4666,8.211,8.2204,1053597,0
20111219,8.0972,8.211,7.9173,7.9267,719677,0
20111220,7.8321,8.4382,7.8321,8.4382,1000995,0
20111221,8.5045,8.8548,8.495,8.7035,1699916,0
20111222,8.5992,9.0064,8.3909,8.4572,1985123,0
20111223,8.533,8.533,8.2583,8.495,222978,0
20111228,8.4003,8.5045,8.2962,8.3531,205831,0
20111229,8.2962,8.3056,8.1352,8.2677,155799,0
20111230,8.4382,8.6749,8.3909,8.6749,102329,0
20120103,8.8359,9.4421,8.5992,9.4421,958802,0
20120104,9.518,9.736,9.2811,9.2906,601851,0
20120105,9.1863,9.3283,8.7981,8.8834,539500,0
20120106,8.7129,8.8644,8.1541,8.2583,1188698,0
20120109,8.2867,8.4288,8.0499,8.0878,834283,0
20120110,8.1447,8.211,7.8416,7.851,1015584,0
20120111,7.8131,7.9457,7.6332,7.6711,1127430,0
20120112,7.5195,7.5858,7.4438,7.5291,1389568,0
20120113,7.709,7.7279,7.3208,7.5195,761268,0
20120116,7.5195,7.5291,7.3965,7.4912,428869,0
20120117,7.4912,7.7279,7.4912,7.7279,921267,0
20120118,7.6427,8.2393,7.5858,8.2393,1113984,0
20120119,8.0688,9.575,8.0688,9.1295,2141864,0
20120120,9.1579,9.527,9.0822,9.527,892600,0
20120123,9.3758,9.4797,9.2147,9.3378,634322,0
20120124,9.3095,9.3568,9.1106,9.3568,825761,0
20120125,9.4896,9.688,9.3947,9.612,726157,0
20120126,9.4896,9.869,9.1673,9.651,946222,0
20120127,9.546,9.593,9.3663,9.452,362182,0
20120130,9.518,9.518,8.9212,8.959,646737,0
20120131,9.0822,9.3568,8.9685,9.1863,356563,0
20120201,9.0822,9.508,9.0064,9.2717,1167869,0
20120202,9.3378,9.84,9.2432,9.726,1519388,0
20120203,9.745,10.19,9.688,10.124,1700220,0
20120206,10.076,10.209,9.792,10.162,288098,0
20120207,10.086,10.086,9.736,10.01,510478,0
20120208,9.972,10.162,9.972,10.114,1044879,0
20120209,10.114,10.2,10.076,10.095,209458,0
20120210,10.162,10.257,9.726,9.925,579605,0
20120213,9.887,10.124,9.887,10.058,405223,0
20120214,9.991,10.162,9.726,9.802,237692,0
20120215,9.982,10.342,9.982,10.238,737273,0
20120216,10.153,10.323,9.877,10.209,377157,0
20120217,10.19,10.512,10.171,10.437,254851,0
20120220,10.37,10.721,10.37,10.654,192825,0
20120221,10.578,10.673,10.37,10.493,121435,0
20120222,10.437,10.588,10.408,10.503,151443,0
20120223,10.437,10.654,10.266,10.465,249340,0
20120224,10.455,10.455,10.2,10.238,288477,0
20120227,10.2,10.37,9.859,10.323,303548,0
20120228,10.294,10.418,10.095,10.352,501122,0
20120229,10.427,11.923,10.379,11.535,2123793,0
20120301,11.611,11.829,11.26,11.488,1368714,0
20120302,11.459,11.668,11.393,11.583,665669,0
20120305,11.62,11.923,11.469,11.829,678452,0
20120306,11.819,11.819,10.967,11.355,831620,0
20120307,11.289,11.639,11.127,11.544,644385,0
20120308,11.583,11.952,11.374,11.374,574671,0
20120309,11.326,11.743,11.27,11.45,409094,0
20120312,11.459,11.516,11.26,11.346,664001,0
20120313,11.554,12.008,11.554,11.885,433044,0
20120314,12.141,12.511,12.141,12.236,398937,0
20120315,12.113,12.273,11.763,12.273,447315,0
20120316,12.293,12.729,12.008,12.729,1001188,0
20120319,12.624,12.7,12.273,12.34,610386,0
20120320,12.331,12.331,12.103,12.264,302505,0
20120321,12.406,12.729,12.207,12.71,312056,0
20120322,12.681,12.861,11.677,11.734,1664846,0
20120323,11.705,11.81,11.478,11.649,647183,0
20120326,11.649,12.037,11.592,12.037,316611,0
20120327,12.198,12.35,12.094,12.293,542131,0
20120328,12.246,12.255,11.971,12.094,459826,0
20120329,12.094,12.406,12.037,12.113,319475,0
20120330,12.084,12.605,12.084,12.605,410628,0
20120402,12.671,12.804,12.331,12.785,598624,0
20120403,12.756,13.022,12.567,12.88,479988,0
20120404,13.04,13.259,12.435,12.567,497527,0
20120405,12.644,12.652,11.885,12.028,672141,0
20120410,12.056,12.179,11.535,11.544,514719,0
20120411,11.506,11.923,11.498,11.867,424941,0
20120412,11.592,12.008,11.564,11.923,721959,0
20120413,12.028,12.406,11.971,12.246,501661,0
20120416,12.161,12.255,11.564,11.611,505956,0
20120417,11.592,11.753,11.365,11.516,771282,0
20120418,11.92,12.286,11.795,11.988,1882012,0
20120419,12.18,12.2,11.911,11.997,508397,0
20120420,11.891,12.479,11.69,12.479,958141,0
20120423,12.432,12.479,11.757,12.239,709405,0
20120424,12.286,12.373,11.901,12.123,668370,0
20120425,12.18,12.768,12.171,12.682,477684,0
20120426,12.74,12.923,12.576,12.904,471647,0
20120427,12.73,13.202,12.691,13.144,414941,0
20120430,13.231,13.337,13.096,13.212,342539,0
20120501,13.087,13.202,12.884,13.125,289782,0
20120502,13.202,13.24,12.913,13.038,269568,0
20120503,13.096,13.588,12.797,12.874,283644,0
20120504,12.961,12.961,12.094,12.142,386699,0
20120508,12.335,12.508,11.429,11.515,498775,0
20120509,11.863,11.882,11.265,11.612,632346,0
20120510,11.728,12.316,11.66,12.248,548107,0
20120511,12.094,12.373,12.094,12.239,353735,0
20120514,12.412,12.538,12.074,12.152,458021,0
20120515,12.422,12.528,11.795,11.834,239357,0
20120516,11.602,12.133,11.391,11.863,558676,0
20120517,11.882,11.94,11.275,11.313,372308,0
20120518,11.188,11.477,10.996,11.005,672680,0
20120521,10.822,11.179,10.667,11.111,300672,0
20120522,11.323,11.458,11.159,11.362,303861,0
20120523,11.409,11.66,11.12,11.332,595776,0
20120524,11.429,11.574,11.362,11.381,366028,0
20120525,11.468,11.612,11.226,11.304,304294,0
20120528,11.468,11.612,11.342,11.381,88333,0
20120529,11.497,11.843,11.246,11.814,255060,0
20120530,11.824,12.017,11.612,11.698,214285,0
20120531,11.728,12.007,11.602,11.804,545068,0
20120601,11.757,11.959,11.564,11.564,691580,0
20120606,11.458,11.882,11.401,11.612,370910,0
20120607,11.622,12.239,11.458,12.046,1078884,0
20120608,12.074,12.248,11.641,12.248,268914,0
20120611,12.662,12.855,12.46,12.614,328325,0
20120612,12.585,12.585,11.95,12.007,387239,0
20120613,11.853,11.988,11.515,11.564,389589,0
20120614,11.515,11.757,11.391,11.554,363827,0
20120615,11.622,12.258,11.622,12.113,705982,0
20120618,12.373,12.499,12.046,12.229,225024,0
20120619,12.152,12.373,11.997,12.325,106916,0
20120620,12.373,13.173,12.229,13.173,337250,0
20120621,13.27,13.606,13.038,13.492,387191,0
20120622,13.366,13.52,13.087,13.096,160293,0
20120625,13.144,13.144,12.19,12.19,207210,0
20120626,12.306,12.547,12.162,12.229,138753,0
20120627,12.239,12.662,12.056,12.566,247667,0
20120628,12.682,12.701,12.133,12.18,251398,0
20120629,12.277,12.277,12.056,12.056,398485,0
20120702,12.133,12.355,11.988,12.277,753571,0
20120703,12.345,12.518,12.103,12.393,289256,0
20120704,12.566,12.605,12.296,12.508,73405,0
20120705,12.335,12.827,12.296,12.422,174052,0
20120706,12.711,12.884,12.576,12.701,217705,0
20120709,12.566,12.605,12.355,12.355,305919,0
20120710,12.383,12.961,12.162,12.778,550693,0
20120711,12.672,12.73,12.441,12.518,214028,0
20120712,12.46,12.508,12.036,12.162,206557,0
20120713,12.2,12.827,12.2,12.73,220887,0
20120716,12.797,12.835,12.518,12.788,197313,0
20120717,12.74,12.971,12.652,12.904,239752,0
20120718,13.028,13.193,12.951,13,361056,0
20120719,13.116,13.164,12.913,13.067,260974,0
20120720,13.183,13.212,12.759,12.913,203713,0
20120723,12.874,13,12.248,12.248,463324,0
20120724,12.971,13.414,12.547,13.366,958085,0
20120725,13.067,13.337,13.067,13.337,642494,0
20120726,13.221,13.598,12.913,13.578,463771,0
20120727,13.549,13.848,13.423,13.799,640013,0
20120730,14.002,14.648,13.973,14.609,601287,0
20120731,14.542,14.821,14.137,14.137,420324,0
20120801,14.098,14.397,14.088,14.281,435357,0
20120802,14.474,14.889,14.368,14.397,313379,0
20120803,14.224,14.802,14.204,14.542,918502,0
20120806,14.416,14.927,14.224,14.812,639791,0
20120807,14.995,15.274,14.792,15.042,157810,0
20120808,15.255,15.255,14.542,14.667,393598,0
20120809,14.889,15.033,14.59,14.686,307487,0
20120810,14.735,14.936,14.523,14.831,292212,0
20120813,14.918,15.294,14.792,14.946,373164,0
20120814,15.081,15.111,14.735,15.004,1186314,0
20120815,15.12,15.611,14.985,15.004,534109,0
20120816,14.918,15.081,14.638,14.879,289398,0
20120817,15.129,15.592,15.129,15.477,417650,0
20120820,15.534,15.534,15.207,15.361,347668,0
20120821,15.418,15.813,15.187,15.409,653010,0
20120822,15.4,15.418,14.812,15.024,382648,0
20120823,15.217,15.264,14.908,14.985,469836,0
20120824,15.091,15.149,14.542,14.542,299352,0
20120828,14.821,14.975,14.59,14.696,346718,0
20120829,14.869,15.178,14.513,14.686,439650,0
20120830,14.753,14.802,14.455,14.532,262241,0
20120831,14.542,14.812,14.291,14.657,523348,0
20120903,14.869,15.225,14.676,15.225,375561,0
20120904,15.592,15.592,15.294,15.38,298760,0
20120905,15.234,15.633,15.234,15.595,301865,0
20120906,15.263,15.507,15.049,15.4,334445,0
20120907,15.448,16.208,15.351,16.13,481386,0
20120910,16.15,16.54,15.965,16.276,450043,0
20120911,15.868,15.994,15.751,15.76,289880,0
20120912,15.887,16.053,15.751,15.906,701430,0
20120913,16.013,16.023,15.78,15.906,216782,0
20120914,16.013,16.52,15.994,15.994,637353,0
20120917,15.955,16.228,15.926,15.965,385014,0
20120918,16.13,16.13,15.818,15.868,462258,0
20120919,15.916,15.945,15.341,15.507,506842,0
20120920,15.76,15.76,15.293,15.429,550329,0
20120921,15.478,15.809,15.186,15.516,857419,0
20120924,15.498,15.887,15.4,15.516,349523,0
20120925,15.4,15.546,15.136,15.244,434149,0
20120926,15.224,15.313,14.864,15.001,314764,0
20120927,15.303,15.488,15.039,15.254,201009,0
20120928,15.512,15.512,14.873,15.059,359787,0
20121001,14.971,15.293,14.835,15.088,337398,0
20121002,14.903,15.566,14.903,15.361,660992,0
20121003,15.176,15.293,15.02,15.176,763300,0
20121004,15.224,15.848,15.196,15.624,832619,0
20121005,15.76,15.76,15.488,15.604,413911,0
20121008,15.439,15.624,15.263,15.273,198945,0
20121009,15.731,15.731,15.381,15.575,171817,0
20121010,15.556,15.828,15.556,15.643,489065,0
20121011,15.546,15.79,15.546,15.624,159362,0
20121012,15.711,15.906,15.526,15.78,307643,0
20121015,15.78,15.936,15.653,15.818,223148,0
20121016,15.878,15.965,15.683,15.868,458339,0
20121017,15.965,16.51,15.926,16.335,2221417,0
20121018,16.365,16.988,16.365,16.851,2090999,0
20121019,16.812,17.28,16.618,17.036,2652633,0
20121022,17.007,17.095,16.842,16.939,418006,0
20121023,17.036,17.29,16.647,16.939,645597,0
20121024,17.28,17.348,16.773,17.027,1197780,0
20121025,17.105,17.426,17.007,17.28,760742,0
20121026,17.212,17.241,17.007,17.027,349058,0
20121029,16.812,17.338,16.812,17.27,706597,0
20121030,17.445,17.445,17.055,17.231,440989,0
20121031,17.115,17.445,17.055,17.377,371294,0
20121101,17.348,18.478,16.997,18.439,2962712,0
20121102,18.449,18.867,18.41,18.662,570403,0
20121105,18.78,19.014,18.254,18.38,749937,0
20121106,18.312,18.517,18.205,18.244,444140,0
20121107,18.487,18.731,17.952,18.185,473010,0
20121108,18.429,18.459,18.157,18.205,372931,0
20121109,18.157,18.565,18.02,18.429,544424,0
20121112,18.419,18.497,18.127,18.264,341316,0
20121113,18.264,18.39,17.972,18.274,520950,0
20121114,18.088,18.088,17.465,17.465,469984,0
20121115,17.387,17.407,17.133,17.3,285434,0
20121116,17.407,17.708,17.115,17.192,760621,0
20121119,17.222,17.504,17.143,17.426,337277,0
20121120,17.231,17.504,17.095,17.348,308978,0
20121121,17.25,17.348,17.017,17.143,222236,0
20121122,17.075,17.124,16.832,16.968,502570,0
20121123,16.88,16.948,16.763,16.812,165400,0
20121126,16.705,16.88,16.53,16.705,815754,0
20121127,16.851,16.93,16.705,16.92,380264,0
20121128,16.89,17.007,16.812,16.939,677724,0
20121129,17.007,17.29,16.988,17.29,503140,0
20121130,17.313,17.479,16.939,17.036,865798,0
20121203,17.124,17.338,17.017,17.085,216755,0
20121204,17.036,17.143,16.9,16.93,128550,0
20121205,16.997,17.426,16.92,17.387,308420,0
20121206,17.65,18.049,17.611,18,278029,0
20121207,17.99,18.059,17.815,17.962,216483,0
20121210,17.825,17.99,17.708,17.825,251180,0
20121211,17.64,18.487,17.523,18.167,342160,0
20121212,18.079,18.595,18.079,18.459,512441,0
20121213,18.507,18.585,18.38,18.468,413586,0
20121214,18.332,18.487,18.302,18.37,248035,0
20121217,18.38,18.556,18.37,18.459,160561,0
20121218,18.361,18.556,18.302,18.449,452789,0
20121219,18.449,18.702,18.39,18.468,1497587,0
20121220,18.352,18.672,18.322,18.644,250548,0
20121221,18.741,18.857,18.098,18.857,695076,0
20121224,18.682,18.79,18.468,18.468,39125,0
20121227,18.185,18.575,17.99,18.176,127843,0
20121228,18.312,18.468,18.088,18.264,75079,0
20121231,18.217,18.315,18.119,18.267,64767,0
20130102,18.537,19.042,18.527,18.722,297852,0
20130103,18.731,19.219,18.731,19.052,253178,0
20130104,19.111,19.569,19.111,19.569,291638,0
20130107,19.676,20.319,19.589,20.144,998353,0
20130108,20.056,20.212,19.384,19.481,334396,0
20130109,19.306,19.422,19.14,19.345,427596,0
20130110,19.296,19.374,18.945,19.072,319572,0
20130111,18.848,19.042,18.662,18.799,540385,0
20130114,18.751,19.111,18.634,18.722,198660,0
20130115,18.692,19.034,18.556,18.712,595554,0
20130116,18.702,18.702,18.274,18.41,425879,0
20130117,18.292,19.004,18.215,18.848,680474,0
20130118,19.014,19.774,19.014,19.306,530719,0
20130121,19.501,19.715,19.121,19.656,246160,0
20130122,19.764,19.978,19.481,19.676,220685,0
20130123,19.637,19.676,19.16,19.491,185620,0
20130124,19.511,19.734,19.306,19.666,225260,0
20130125,19.491,19.851,19.364,19.822,291672,0
20130128,19.861,20.007,19.034,19.306,430982,0
20130129,19.286,19.335,18.907,19.111,1171208,0
20130130,19.111,19.121,18.916,19.092,298094,0
20130131,19.191,19.565,19.112,19.26,444950,0
20130201,18.936,19.871,18.829,19.774,380330,0
20130204,20.007,20.456,19.589,19.598,435756,0
20130205,19.404,19.598,19.247,19.472,249046,0
20130206,19.432,19.871,19.296,19.432,225035,0
20130207,19.666,19.764,19.024,19.042,222522,0
20130208,19.179,19.53,19.179,19.432,204064,0
20130211,19.286,19.296,19.024,19.169,87363,0
20130212,19.169,19.696,19.042,19.696,148864,0
20130213,19.442,20.104,19.404,19.861,356429,0
20130214,20.046,20.094,19.501,19.627,182320,0
20130215,19.842,19.842,19.072,19.53,178616,0
20130218,19.452,19.696,19.335,19.462,208970,0
20130219,19.325,19.919,19.199,19.891,171525,0
20130220,19.822,20.036,19.734,19.881,159237,0
20130221,20.212,20.212,19.052,19.579,238441,0
20130222,19.627,19.959,19.627,19.793,152087,0
20130225,19.52,20.036,19.345,19.511,243126,0
20130226,19.715,19.715,18.751,19.169,171697,0
20130227,19.189,19.257,18.682,18.857,586098,0
20130228,18.827,19.102,18.64,18.729,1133632,0
20130301,18.601,18.886,18.197,18.335,475737,0
20130304,18.507,18.517,18.01,18.225,595445,0
20130305,18.305,19.211,18.119,18.944,909523,0
20130306,19.426,22.182,19.211,22.102,1069148,0
20130307,21.876,22.182,21.296,21.995,942908,0
20130308,21.778,22.644,21.778,22.427,1077762,0
20130311,22.588,22.588,21.351,21.468,689830,0
20130312,21.41,21.965,21.41,21.556,377583,0
20130313,21.381,21.478,20.913,21.215,629404,0
20130314,21.858,22.013,21.254,21.526,327231,0
20130315,21.551,21.748,21.208,21.246,821936,0
20130318,21.196,21.975,21.049,21.916,552923,0
20130319,22.152,22.289,21.886,21.896,234200,0
20130320,21.985,22.172,21.63,21.975,304125,0
20130321,21.995,22.339,21.316,21.866,228897,0
20130322,21.394,21.798,21.286,21.453,270185,0
20130325,21.778,22.486,21.414,22.024,1001263,0
20130327,21.985,25.575,21.935,22.821,13594,0
20130328,23.214,23.313,22.033,22.043,2227,0
20130402,21.837,21.837,21.64,21.64,1728,0
20130403,23.204,23.204,22.132,22.132,423,0
20130404,22.525,23.106,22.525,23.106,68,0
20130405,22.624,23.303,21.148,21.178,2029,0
20130408,21.62,21.64,20.657,21.64,1854,0
20130409,21.591,21.591,21.591,21.591,10,0
20130410,21.591,21.591,21.591,21.591,30,0
20130411,21.541,21.541,21.541,21.541,10,0
20130412,21.453,21.453,21.443,21.443,255,0
20130417,21.198,21.443,21.198,21.443,207,0
20130419,21.443,21.443,21.148,21.443,81,0
20130422,20.804,21.886,20.804,21.886,347,0
20130423,22.033,22.132,22.033,22.132,288,0
20130424,22.525,22.624,22.525,22.624,40,0
20130425,22.624,24.492,22.624,24.492,1002,0
20130426,24.984,24.984,23.214,24.099,134,0
20130429,23.411,23.411,23.411,23.411,25,0
20130502,24.099,24.099,24.099,24.099,10,0
20130506,24.099,24.099,23.706,23.706,112,0
20130507,24.296,24.296,24.296,24.296,10,0
20130508,24.296,24.296,23.608,23.608,107,0
20130509,23.165,23.608,23.165,23.608,244,0
20130510,23.598,23.598,23.598,23.598,2,0
20130513,24.09,24.09,24.09,24.09,10,0
20130514,24.099,24.099,24.099,24.099,10,0
20130515,24.099,24.099,24.099,24.099,20,0
20130516,24.099,24.099,23.214,24.099,69,0
20130517,24.109,24.109,23.706,23.706,291,0
20130520,24.099,24.876,23.165,24.876,445,0
20130521,25.083,25.919,24.296,25.919,1180,0
20130522,25.575,25.575,25.575,25.575,102,0
20130523,25.575,25.575,24,25.083,171,0
20130528,24.099,24.099,24.099,24.099,29,0
20130529,25.083,25.575,24.099,25.575,288,0
20130531,25.572,25.572,25.572,25.572,1,0
20130604,24.492,24.492,24.492,24.492,27,0
20130606,24.591,24.591,24.591,24.591,10,0
20130607,24.591,24.591,24.591,24.591,153,0
20130610,25.034,25.034,25.034,25.034,5,0
20130611,24.984,24.984,23.509,23.509,71,0
20130612,23.509,24.591,23.509,24.591,30,0
20130613,23.165,24.197,23.116,24.197,132,0
20130614,24.197,24.197,24.197,24.197,5,0
20130617,24.197,24.197,23.126,23.126,50,0
20130618,23.903,23.903,23.903,23.903,10,0
20130619,23.903,23.903,23.608,23.903,167,0
20130620,23.903,24.591,23.903,24.591,163,0
20130621,23.715,24.964,23.509,23.618,1714,0
20130624,23.608,23.608,22.919,22.919,107,0
20130625,23.46,23.647,23.46,23.647,989,0
20130626,24.296,25.575,24.296,25.083,1269,0
20130627,24.916,24.984,24.916,24.984,8,0
20130628,24.807,24.807,24.807,24.807,41,0
20130701,24.699,25.575,24.699,25.575,87,0
20130702,25.575,25.575,25.575,25.575,15,0
20130703,25.226,26.562,25.186,26.562,127,0
20130704,26.135,26.135,25.231,26.067,132,0
20130705,26.067,26.067,26.067,26.067,4,0
20130708,26.067,26.067,26.027,26.067,12,0
20130709,26.067,26.067,25.771,25.771,10,0
20130710,25.771,25.771,25.201,25.771,127,0
20130711,25.781,26.362,25.781,26.362,427,0
20130712,26.125,26.637,26.067,26.637,932,0
20130715,26.067,26.637,26.067,26.637,18,0
20130717,26.067,26.661,26.067,26.661,7,0
20130718,26.854,27.738,26.854,27.738,653,0
20130719,27.738,27.738,26.952,27.345,290,0
20130722,26.096,26.952,26.096,26.952,27,0
20130723,26.067,26.952,26.067,26.952,6,0
20130724,26.952,27.246,26.952,27.246,19,0
20130725,26.559,26.755,26.559,26.755,6,0
20130726,26.48,27.443,26.312,27.443,62,0
20130729,26.48,27.738,26.48,27.738,1392,0
20130730,28.23,31.87,28.23,31.87,1444,0
20130731,31.87,31.87,31.054,31.29,121,0
20130801,31.381,31.381,30.481,31.381,1341,0
20130802,31.378,31.378,31.378,31.378,10,0
20130805,31.476,32.499,31.191,32.46,829,0
20130806,32.371,32.371,31.253,31.965,107,0
20130807,30.817,31.28,30.444,31.28,444,0
20130808,30.926,30.926,29.313,30.297,329,0
20130809,29.509,30.287,29.509,29.509,70,0
20130812,30.287,30.287,30.287,30.287,5,0
20130813,29.273,30.287,29.273,30.287,373,0
20130814,29.657,29.952,29.657,29.952,138,0
20130816,29.018,29.706,28.821,29.706,407,0
20130819,29.952,29.952,29.952,29.952,10,0
20130821,28.742,29.598,28.732,29.598,52,0
20130822,29.903,29.903,29.903,29.903,1,0
20130823,29.946,29.946,29.946,29.946,11,0
20130826,29.903,29.903,29.903,29.903,40,0
20130828,28.535,29.795,28.535,29.795,41,0
20130829,29.883,29.883,29.883,29.883,1,0
20130902,29.863,30.257,29.853,30.257,110,0
20130903,30.253,30.886,30.253,30.886,230,0
20130904,31.668,31.668,30.302,31.668,489,0
20130905,32.163,32.163,32.163,32.163,31,0
20130906,32.163,32.163,32.163,32.163,4,0
20130909,32.153,33.153,31.757,33.153,217,0
20130910,32.49,33.153,32.49,33.153,233,0
20130911,32.559,32.658,31.767,32.658,109,0
20130912,32.351,32.351,31.173,31.173,311,0
20130913,31.173,31.173,30.392,31.173,66,0
20130916,31.173,31.668,31.173,31.668,57,0
20130917,30.679,30.679,30.332,30.679,118,0
20130918,30.302,31.965,30.302,31.965,232,0
20130919,31.965,33.153,31.965,33.153,355,0
20130920,32.658,32.856,32.658,32.856,26,0
20130923,31.648,32.856,31.193,31.668,850,0
20130924,31.055,31.668,31.005,31.668,22,0
20130925,30.906,31.668,30.906,31.668,450,0
20130926,31.005,31.668,30.302,31.668,252,0
20130927,31.005,31.163,29.689,31.163,661,0
20130930,30.718,31.163,29.887,31.163,461,0
20131001,31.163,31.163,31.163,31.163,102,0
20131003,30.382,31.163,30.382,31.163,27,0
20131004,29.788,29.788,29.788,29.788,51,0
20131007,30.966,31.163,30.966,31.163,2,0
20131008,30.886,31.163,30.886,31.163,87,0
20131011,31.163,31.163,29.808,31.163,551,0
20131014,30.53,31.154,30.53,31.154,27,0
20131015,31.163,31.668,30.896,31.668,320,0
20131017,31.668,33.153,31.668,33.153,386,0
20131018,32.163,33.044,32.163,33.044,62,0
20131022,32.658,33.044,32.658,33.044,19,0
20131023,32.658,32.658,29.719,30.688,2437,0
20131024,31.183,31.183,31.173,31.173,123,0
20131028,32.203,32.203,31.272,32.163,7,0
20131029,32.203,32.203,32.203,32.203,40,0
20131030,31.272,31.272,29.768,30.085,1961,0
20131031,29.689,29.689,28.957,29.63,268,0
20131104,28.937,29.63,28.937,29.63,213,0
20131105,29.63,29.63,29.63,29.63,24,0
20131106,29.392,29.679,29.392,29.679,13,0
20131107,28.709,29.679,28.709,29.679,32,0
20131108,28.709,29.679,28.709,29.679,46,0
20131112,29.639,29.679,29.085,29.085,939,0
20131113,29.095,29.095,28.551,28.551,428,0
20131114,28.551,28.699,28.551,28.699,11,0
20131118,28.897,28.897,28.897,28.897,1,0
20131119,28.897,28.897,28.897,28.897,10,0
20131120,28.897,30.085,28.877,30.085,336,0
20131121,30.124,30.124,30.085,30.085,125,0
20131122,29.748,30.085,29.748,30.085,5,0
20131125,29.728,29.728,29.194,29.194,34,0
20131126,29.214,29.214,28.907,28.907,324,0
20131127,29.758,29.788,29.758,29.788,11,0
20131128,29.679,29.788,29.679,29.788,16,0
20131202,30.075,30.075,29.679,29.996,16,0
20131203,29.887,29.887,28.798,28.798,212,0
20131204,28.798,29.194,28.798,29.194,13,0
20131206,29.293,29.293,29.293,29.293,4,0
20131209,28.709,29.303,28.709,29.303,208,0
20131210,28.709,29.293,28.709,29.293,76,0
20131211,29.293,29.679,28.808,29.115,197,0
20131212,29.679,29.679,28.798,28.798,368,0
20131213,28.699,28.699,28.699,28.699,51,0
20131216,28.996,28.996,28.996,28.996,20,0
20131217,29.135,29.135,29.135,29.135,218,0
20131218,29.145,30.184,29.145,30.184,502,0
20131219,29.798,29.798,29.798,29.798,42,0
20131220,29.808,31.074,29.758,31.074,205,0
20131223,30.56,30.56,30.56,30.56,4,0
20131227,30.56,30.56,25.978,27.611,1768,0
20131230,26.126,26.572,26.126,26.572,583,0
20140102,25.433,26.69,25.433,26.69,323,0
20140103,27.017,27.71,26.581,27.71,1081,0
20140107,26.849,27.017,26.542,27.017,456,0
20140108,26.403,26.403,24.543,25.73,687,0
20140109,25.572,26.195,25.532,26.195,164,0
20140110,25.958,26.176,25.73,26.176,800,0
20140113,25.73,27.215,25.73,27.215,258,0
20140114,26.225,26.225,25.493,25.978,1271,0
20140115,26.156,26.473,26.156,26.473,4,0
20140116,26.205,26.205,25.582,25.582,14,0
20140117,25.285,25.889,25.285,25.74,1268,0
20140120,25.899,25.928,25.73,25.928,10,0
20140121,25.572,25.928,25.572,25.928,10,0
20140122,24.761,25.918,24.761,25.918,15,0
20140123,24.761,25.72,24.741,25.72,264,0
20140124,24.83,25.236,24.276,25.236,126,0
20140127,24.543,24.939,24.246,24.939,708,0
20140128,24.246,24.939,24.246,24.939,113,0
20140129,25.186,25.236,24.741,25.236,860,0
20140130,24.731,24.84,24.246,24.84,194,0
20140131,24.968,25.137,24.691,25.137,20,0
20140203,24.246,25.433,24.246,25.433,7,0
20140204,24.295,24.295,23.256,23.751,923,0
20140205,23.553,24.196,23.256,24.196,1719,0
20140206,24.246,25.117,24.246,25.117,567,0
20140207,25.117,25.236,25.117,25.236,30,0
20140210,25.236,25.236,24.741,25.137,49,0
20140211,25.137,25.137,24.741,24.741,204,0
20140212,24.741,25.236,24.741,25.236,207,0
20140213,25.245,25.73,24.978,25.73,41,0
20140214,25.73,25.73,25.73,25.73,4,0
20140217,25.73,25.928,25.73,25.928,215,0
20140218,25.928,25.928,25.562,25.73,872,0
20140219,26.522,26.522,25.433,26.522,1686,0
20140221,24.741,26.344,24.741,26.097,535,0
20140224,25.453,25.711,24.939,25.711,592,0
20140225,25.711,25.711,25.711,25.711,140,0
20140226,26.502,27.66,26.423,26.423,1269,0
20140227,27.502,27.522,27.353,27.353,30,0
20140228,26.859,26.859,26.522,26.72,191,0
20140303,26.621,26.621,25.74,25.74,247,0
20140304,25.73,26.72,25.73,26.72,275,0
20140305,26.75,27.71,26.75,27.71,565,0
20140306,27.71,27.71,26.72,27.512,328,0
20140307,27.512,27.512,27.512,27.512,4,0
20140310,27.482,27.482,26.601,27.413,213,0
20140311,27.413,27.413,27.413,27.413,2,0
20140312,27.393,27.393,27.393,27.393,2,0
20140313,26.908,26.908,26.908,26.908,2,0
20140317,26.69,26.69,26.087,26.087,6,0
20140318,26.176,26.176,25.532,25.73,1967,0
20140319,25.72,25.72,25.245,25.245,27,0
20140320,25.998,25.998,25.998,25.998,4,0
20140324,25.73,25.998,25.463,25.998,256,0
20140325,25.988,26.176,25.74,26.176,107,0
20140326,26.176,26.176,26.176,26.176,43,0
20140327,26.176,26.176,26.176,26.176,2,0
20140328,26.176,26.176,25.73,25.73,237,0
20140331,26.087,26.087,25.641,25.641,6,0
20140401,25.988,26.324,25.671,26.324,107,0
20140402,26.72,26.72,26.72,26.72,5,0
20140403,26.71,26.72,26.492,26.72,198,0
20140404,26.72,27.71,26.72,27.71,212,0
20140407,27.561,28.056,27.561,28.056,877,0
20140408,26.72,26.73,26.72,26.72,519,0
20140409,26.99,28,26.99,27.75,73942,0
20140410,27.75,27.75,26.8,27.01,871,0
20140411,27.4,27.4,27.4,27.4,4,0
20140414,27.39,27.39,27.39,27.39,2,0
20140415,27.39,27.39,27.39,27.39,2,0
20140416,27.39,27.39,27.39,27.39,2,0
20140417,27.39,27.39,27.39,27.39,4,0
20140423,26.94,28,26.94,28,106,0
20140424,28.62,28.62,28.47,28.47,18,0
20140425,28.47,28.47,28.47,28.47,4,0
20140430,28.3,28.47,28.3,28.47,351,0
20140505,29.45,29.45,29.45,29.45,1,0
20140506,29.44,29.44,29.44,29.44,4,0
20140507,29.9,29.9,29.9,29.9,1,0
20140508,29.75,29.75,29.7,29.7,9,0
20140509,29.89,29.89,29.54,29.54,8,0
20140512,29.6,29.6,29.6,29.6,4,0
20140513,29.6,29.6,29.54,29.54,660,0
20140514,30.19,30.19,29.99,29.99,8,0
20140515,29.49,29.49,29.42,29.42,6,0
20140516,28.8,29.42,28.8,29.42,404,0
20140519,29.31,29.31,29.31,29.31,2,0
20140520,29,29.08,29,29.08,54,0
20140521,29.25,30,29.25,30,1594,0
20140522,30.4,31.1,30.04,31.1,704,0
20140523,31.1,31.1,31.1,31.1,2,0
20140526,31.1,31.1,31.1,31.1,4,0
20140527,31.1,31.1,31.1,31.1,73,0
20140530,29.7,31.19,29.7,31.19,62,0
20140602,31.49,31.49,30.46,31.25,358,0
20140603,31.27,31.35,30.84,31.35,210,0
20140604,31.26,31.41,30.98,31.41,13,0
20140605,31.17,31.17,31.17,31.17,15,0
20140606,31.49,32,31.49,32,31,0
20140609,31.99,31.99,31.99,31.99,4,0
20140610,32,32,32,32,4,0
20140611,32,32,31.7,31.7,12,0
20140612,32,32,31.99,31.99,8,0
20140613,32,32.01,31.86,31.86,268,0
