Date,Open,High,Low,Close,Volume,OpenInt
20060711,8.3,8.8,8.3,8.3,543134,0
20060712,8.4,8.5,8.1,8.15,71879,0
20060713,8.1,8.1,7.4,7.8,13325,0
20060714,7.5,8.05,7.4,8.05,26652,0
20060717,8.05,8.15,7.95,8.1,14317,0
20060718,8.05,8.1,8.05,8.1,5348,0
20060719,8.1,8.1,8.05,8.1,9934,0
20060720,8.15,8.2,8,8.15,12452,0
20060721,8.2,8.25,8,8.2,12655,0
20060724,8.2,8.35,8.2,8.25,20673,0
20060725,8.35,8.45,8.3,8.3,2580,0
20060726,8.45,8.45,8.35,8.35,9117,0
20060727,8.35,8.7,8.35,8.7,21044,0
20060728,8.6,8.7,8.55,8.7,6649,0
20060731,8.7,9,8.6,9,15973,0
20060801,9.1,9.2,8.8,8.9,50566,0
20060802,8.65,8.85,8.65,8.85,1030,0
20060803,8.7,8.9,8.6,8.7,6698,0
20060804,8.6,8.9,8.6,8.9,16785,0
20060807,8.2,8.8,8.2,8.55,8140,0
20060808,8.55,8.65,8.45,8.65,10410,0
20060809,8.65,8.65,8.6,8.65,4084,0
20060810,8.7,8.7,8.4,8.6,472,0
20060811,8.75,8.75,8.75,8.75,2,0
20060814,8.4,8.45,8,8.35,10447,0
20060816,8.1,8.4,8.05,8.4,751,0
20060817,8.1,8.1,8.1,8.1,199,0
20060818,8.1,8.7,8.1,8.7,260,0
20060821,8.7,8.7,8.3,8.55,1222,0
20060822,8.3,8.55,8.3,8.55,1601,0
20060823,8.25,8.55,8.25,8.55,1543,0
20060824,8.25,8.65,8.25,8.4,501,0
20060825,8.3,8.45,8.2,8.4,3229,0
20060828,8.4,8.4,8.4,8.4,5,0
20060829,8.2,8.3,8,8.05,4557,0
20060830,8.05,8.2,8,8.2,10199,0
20060831,8.1,8.1,8,8.1,2110,0
20060901,8.15,8.15,8,8.1,2055,0
20060904,8.03,8.03,8.01,8.01,1534,0
20060905,8.1,8.1,7.99,7.99,2590,0
20060906,8,8.01,8,8,3000,0
20060907,8,8.05,7.81,8.05,1983,0
20060908,8.06,8.06,7.9,8.05,70,0
20060911,8,8,7.8,7.8,6539,0
20060912,7.88,7.9,7.88,7.9,885,0
20060913,7.98,7.98,7.84,7.98,98,0
20060914,8,8,8,8,877,0
20060915,8,8,7.6,8,796,0
20060918,8.05,8.15,8.05,8.15,857,0
20060919,8.15,8.15,8.15,8.15,5,0
20060920,8.31,8.31,8.31,8.31,66,0
20060921,8.15,8.15,7.7,7.71,605,0
20060922,8.2,8.31,7.8,8.2,1134,0
20060925,8.3,8.3,8.3,8.3,5,0
20060926,7.91,8,7.9,7.9,400,0
20060927,8.04,8.04,8.04,8.04,5,0
20060928,8.04,8.04,7.99,7.99,800,0
20060929,7.99,8.3,7.99,8.3,479,0
20061002,8.3,8.39,8,8.39,11979,0
20061003,7.97,8.46,7.97,8.4,4316,0
20061004,8.39,8.5,8.39,8.5,4530,0
20061005,8.53,8.7,8.53,8.65,2148,0
20061006,8.65,8.65,8.65,8.65,76,0
20061009,8.65,8.75,8.4,8.51,37963,0
20061010,8.55,8.55,8.2,8.55,5020,0
20061011,8.6,8.65,8.59,8.65,21402,0
20061012,8.5,8.67,8.3,8.67,1389,0
20061013,8.66,8.66,8.66,8.66,476,0
20061016,8.7,8.75,8.36,8.75,13628,0
20061017,8.9,9.2,8.56,9.2,16544,0
20061018,8.95,9.24,8.86,9.21,5956,0
20061019,9.2,9.2,9.2,9.2,493,0
20061020,9.2,9.2,9.15,9.2,1587,0
20061023,9.17,9.2,9.17,9.2,1205,0
20061024,9.1,9.1,9.1,9.1,2577,0
20061025,9.1,9.15,9.1,9.15,680,0
20061026,9.16,9.5,9.16,9.45,2350,0
20061027,9.45,9.5,9.4,9.4,3060,0
20061030,9.6,9.6,9.4,9.4,2932,0
20061031,9.6,9.6,9.55,9.6,2801,0
20061102,9.58,9.58,9.58,9.58,506,0
20061103,9.59,9.59,9.2,9.58,485,0
20061106,9.5,9.5,9.5,9.5,500,0
20061107,9.2,9.49,9,9.49,6360,0
20061108,9.49,9.49,9.1,9.1,1377,0
20061109,9.1,9.44,9.05,9.44,3005,0
20061110,9.36,9.47,9.05,9.47,1791,0
20061113,9.48,9.48,9.48,9.48,50,0
20061114,9.48,9.48,9.06,9.06,500,0
20061115,9.37,9.39,9.25,9.25,1800,0
20061116,9.48,9.6,9.4,9.6,8435,0
20061117,9.6,9.6,9.6,9.6,5,0
20061120,9.4,9.4,9.15,9.15,1555,0
20061121,8.91,9.55,8.9,9.55,6188,0
20061122,9.49,9.5,9.15,9.5,1470,0
20061123,9.49,9.49,9.49,9.49,50,0
20061124,9.5,9.5,9.5,9.5,150,0
20061127,9.3,9.3,9.3,9.3,280,0
20061128,9.3,9.3,9.28,9.28,2661,0
20061129,9.22,9.25,9.13,9.25,3144,0
20061130,9.15,9.48,9.11,9.3,2881,0
20061201,9.2,9.52,9.2,9.52,6238,0
20061204,9.26,9.59,9.2,9.55,8835,0
20061205,9.64,9.71,9.6,9.71,9464,0
20061206,9.8,10.2,9.8,10,14536,0
20061207,10,10.5,9.9,10.5,2631,0
20061208,10.79,10.9,10.78,10.9,11068,0
20061211,10.99,11.2,10.99,10.99,9775,0
20061212,10.51,10.7,10.25,10.6,4806,0
20061213,10.6,11.2,10.41,11.2,6571,0
20061214,11,11.2,10.9,10.9,3120,0
20061215,10.33,10.6,9.22,10.6,9045,0
20061218,10.1,10.4,10.1,10.4,9650,0
20061219,10.21,10.4,10.21,10.25,1008,0
20061220,9.6,9.71,9.2,9.6,11963,0
20061221,9.6,9.6,9.6,9.6,60,0
20061222,9.6,9.6,9,9,6319,0
20061227,9,9,8.8,8.9,390,0
20061228,9,9,8.6,8.6,709,0
20061229,9.3,9.3,8.53,8.53,937,0
20070102,8.5,8.8,8.01,8.8,165,0
20070103,9,9,8.44,8.89,3888,0
20070104,8.88,8.88,8.88,8.88,10,0
20070105,8.51,8.88,8.51,8.88,41,0
20070108,8.52,8.75,8.01,8.75,6830,0
20070109,8.87,8.87,8.5,8.87,1561,0
20070110,8.87,8.87,8.13,8.46,1571,0
20070111,8.37,8.51,8.3,8.5,3005,0
20070112,8.5,8.7,8.34,8.7,7380,0
20070115,8.52,8.7,8.4,8.7,3750,0
20070117,8.41,8.5,8.37,8.48,7018,0
20070118,8.54,8.8,8.37,8.8,2865,0
20070119,8.82,8.82,8.1,8.24,6630,0
20070122,8.2,8.78,8.2,8.78,1421,0
20070123,8.76,8.76,8.75,8.75,805,0
20070124,8.2,8.6,8.1,8.45,1795,0
20070125,8.75,8.75,8.65,8.65,900,0
20070126,8.6,8.6,8.6,8.6,350,0
20070129,8.6,8.7,8.6,8.7,57390,0
20070130,8.65,8.65,8.65,8.65,30,0
20070131,8.65,8.65,8.4,8.6,5000,0
20070201,8.6,8.65,8.6,8.65,726,0
20070202,8.65,8.89,8.64,8.89,54116,0
20070205,9.15,9.39,9.05,9.3,2612,0
20070206,9.47,9.65,9,9,18252,0
20070207,8.87,8.87,8.86,8.86,1010,0
20070208,8.85,9,8.7,9,480,0
20070209,8.9,9,8.74,8.9,2710,0
20070212,8.73,8.9,8.73,8.9,9537,0
20070213,8.9,9,8.9,9,2784,0
20070214,9,9.6,9,9.5,11746,0
20070215,9.5,9.65,9.15,9.25,7628,0
20070216,9.15,9.15,8.7,8.9,3306,0
20070219,9.2,9.38,9.2,9.3,1399,0
20070220,9.3,9.3,9.29,9.3,828,0
20070221,9.3,9.7,9.3,9.41,2476,0
20070222,9.4,9.65,9.4,9.5,5115,0
20070223,9.69,9.7,9.26,9.7,1578,0
20070226,9.74,10,9.65,10,3580,0
20070227,9.8,9.81,9.7,9.8,4206,0
20070228,9.4,9.6,9.3,9.55,20263,0
20070301,9.6,9.6,9.4,9.49,2376,0
20070302,9.7,9.7,9.7,9.7,10,0
20070305,9.6,9.6,9.05,9.6,8960,0
20070306,9.6,10.1,9.6,10.1,4960,0
20070307,10.3,11,10,10.7,8265,0
20070308,10.8,11.5,10.8,11.5,12792,0
20070309,11.27,11.76,11.27,11.35,5054,0
20070312,11.75,12,11.75,11.75,2940,0
20070313,11.95,11.95,11.4,11.55,518,0
20070314,11.15,11.8,11.15,11.8,2280,0
20070315,11.8,13.3,11.8,12.85,9564,0
20070316,13,13,12.21,12.5,7768,0
20070319,12.47,12.47,12.35,12.35,176,0
20070320,12.3,12.3,11.8,11.88,362,0
20070321,11.25,11.7,11.25,11.55,3597,0
20070322,11.55,11.85,11.45,11.85,2783,0
20070323,11.84,11.84,11.36,11.37,1037,0
20070326,11.46,11.46,11.37,11.37,246,0
20070327,11.37,11.37,10.7,10.7,2955,0
20070328,10.7,10.71,10.1,10.2,4413,0
20070329,10.4,10.65,10.4,10.64,10609,0
20070330,10.77,11.05,10.75,10.8,2261,0
20070402,10.8,10.8,10.75,10.76,3967,0
20070403,11.2,11.2,11.2,11.2,150,0
20070404,11.2,11.65,11.2,11.65,5026,0
20070405,11.8,11.88,11.33,11.88,1894,0
20070410,11.89,11.89,11.4,11.45,1154,0
20070411,11.46,11.46,11.46,11.46,341,0
20070412,11.5,11.5,10.5,11.1,2650,0
20070413,11.16,11.16,11.16,11.16,150,0
20070416,10.72,11.16,10.72,11.16,1035,0
20070417,10.8,11.4,10.8,11.4,3449,0
20070418,11.4,11.7,11.4,11.7,5212,0
20070419,11.99,11.99,11.5,11.99,9239,0
20070420,11.99,12.15,11.99,12.02,13442,0
20070423,12,12.1,12,12.1,1385,0
20070424,12,12,12,12,575,0
20070425,11.65,12.37,11.65,12,9200,0
20070426,12.25,12.35,12.01,12.35,3000,0
20070427,12.5,12.89,12.5,12.5,5150,0
20070430,12.5,12.5,12.5,12.5,50,0
20070502,12.9,13,12.7,12.95,1915,0
20070504,13.55,14,13.5,14,2565,0
20070507,14.3,14.3,14,14,5271,0
20070508,13.8,14,13.71,13.71,576,0
20070509,13.5,14.1,13.4,14.1,1507,0
20070510,14.4,14.5,14.4,14.5,600,0
20070511,14.3,14.3,13.95,14.2,608,0
20070514,13.86,14.2,13.86,14.2,689,0
20070515,13.88,13.88,13.55,13.87,2973,0
20070516,13.9,13.9,13.9,13.9,10,0
20070517,14.15,14.15,14.15,14.15,200,0
20070518,14.15,14.15,13.75,13.75,413,0
20070521,13.75,13.75,13.75,13.75,100,0
20070522,13.75,13.75,13.75,13.75,100,0
20070523,14.2,14.2,13.35,13.35,663,0
20070524,13.2,13.2,13.2,13.2,374,0
20070528,13.6,14.45,13.4,14.4,1880,0
20070529,14.49,14.49,14.01,14.1,748,0
20070530,13.9,13.9,13.9,13.9,100,0
20070531,14,14,14,14,478,0
20070601,14,14,13.65,14,1094,0
20070604,14.27,14.27,13.75,13.75,166,0
20070605,13.75,14,13.75,13.75,221,0
20070606,13.75,13.75,13.75,13.75,250,0
20070608,14.1,14.1,14.1,14.1,15,0
20070611,14.15,14.15,14.1,14.1,120,0
20070612,14.1,14.1,13.8,13.8,60,0
20070613,14.15,14.15,13.8,13.8,70,0
20070614,14,14,13.7,13.7,367,0
20070615,13.2,14,13.2,13.7,727,0
20070618,13.8,14.49,13.7,14.49,1855,0
20070619,14.2,14.4,14.2,14.4,1107,0
20070620,14.4,14.4,14.4,14.4,10,0
20070621,14.4,14.4,14.4,14.4,333,0
20070622,14.6,14.8,14.6,14.8,830,0
20070625,14.7,14.7,14.7,14.7,50,0
20070626,14.7,14.7,14.7,14.7,13,0
20070627,15,15,14.87,14.87,826,0
20070628,14.87,14.87,14.3,14.3,1047,0
20070629,15,15,15,15,20,0
20070702,14.9,14.9,14.9,14.9,10,0
20070703,14.6,14.6,14.4,14.59,891,0
20070704,14.59,14.59,14.5,14.5,1400,0
20070705,14.5,14.5,14.5,14.5,94,0
20070706,14.6,14.6,14.5,14.5,30,0
20070709,14.6,15.15,14.3,15.15,5866,0
20070710,15.14,15.14,14.69,14.8,920,0
20070711,14.85,14.85,14.35,14.7,2219,0
20070712,14.9,14.9,14.6,14.9,1343,0
20070713,15,15,15,15,10,0
20070716,15.1,15.1,14.5,14.5,720,0
20070717,14.35,14.7,14.2,14.7,610,0
20070718,14.7,14.7,14.7,14.7,1420,0
20070719,14.5,14.6,14.4,14.6,5510,0
20070720,14.3,14.9,14.3,14.7,274,0
20070723,14.7,14.7,14.7,14.7,10,0
20070724,14.7,14.7,14,14,730,0
20070725,13.5,14,13.5,14,259,0
20070726,13.9,13.9,13.9,13.9,50,0
20070727,13.5,13.6,13,13.6,2230,0
20070731,13.4,13.4,13.2,13.2,750,0
20070801,13.5,13.5,13.5,13.5,20473,0
20070802,13.41,13.41,13.41,13.41,10,0
20070803,13.25,13.89,13.25,13.89,15,0
20070806,13.89,13.89,13.5,13.5,320,0
20070807,13.25,13.89,13.25,13.89,101230,0
20070808,13.89,14.2,13.89,14.2,4178,0
20070809,14.3,14.5,14.3,14.5,927,0
20070810,13.77,14.2,13.77,14.2,3782,0
20070813,14.2,14.2,14.2,14.2,2237,0
20070814,14.4,14.4,14.4,14.4,5,0
20070816,13.5,13.6,13,13.6,2517,0
20070817,13.6,13.6,13.6,13.6,5,0
20070820,13.31,13.6,13.31,13.6,2003,0
20070821,13.4,13.4,13.15,13.15,250,0
20070822,13.15,14,13.15,14,1418,0
20070823,13.99,13.99,13.99,13.99,50,0
20070824,13.99,14,13.99,14,196,0
20070827,13.6,13.6,13.6,13.6,105,0
20070831,13.55,13.55,13.55,13.55,165,0
20070903,14,14,14,14,20,0
20070904,14,14.05,14,14.05,15156,0
20070905,14.39,14.39,14.39,14.39,20,0
20070906,14.3,14.5,14.3,14.5,52093,0
20070907,14.4,15.5,14.4,15.5,84561,0
20070910,15.8,16.45,15.8,16,5575,0
20070911,16,16.6,16,16.6,735,0
20070912,17,17.5,16.51,17.2,1586,0
20070913,17.3,17.7,16.95,17,1758,0
20070914,16.8,16.8,16,16.5,956,0
20070917,16.2,16.2,16.2,16.2,10,0
20070918,15.2,15.35,14.8,14.8,1604,0
20070919,15.23,15.23,14.56,15.1,359,0
20070920,14.5,14.99,14.5,14.55,1381,0
20070921,14.99,15,14.99,15,70,0
20070924,15.15,15.48,15.15,15.3,1350,0
20070925,15.65,15.65,15.65,15.65,100,0
20070926,15.4,15.4,15.4,15.4,500,0
20070927,15.1,16.94,15.1,16.94,2469,0
20070928,16.35,16.94,16.35,16.94,230,0
20071001,16.7,17.1,16.7,17.1,61,0
20071002,17.4,17.4,17.1,17.1,406,0
20071003,17.1,17.1,16.7,17.1,132,0
20071004,17.15,17.15,17.1,17.1,261,0
20071005,17.1,17.1,17.04,17.04,181,0
20071008,17,17,17,17,100,0
20071009,16.9,16.9,16.8,16.8,279,0
20071010,16.9,16.9,16.8,16.8,120,0
20071011,16.9,17,16.9,17,300,0
20071012,17,17.54,17,17.54,133,0
20071015,17.4,17.68,17.1,17.1,735,0
20071016,17,17,17,17,10,0
20071017,17,17,16.99,17,93,0
20071018,16.31,17.05,16.3,17.05,1577,0
20071022,17.55,17.55,17.55,17.55,289,0
20071023,17.11,17.64,16.91,17.1,10004,0
20071024,17.1,17.1,16.5,16.5,100265,0
20071025,16.5,16.8,16.5,16.8,101000,0
20071026,16.99,17,16.99,17,130,0
20071029,17.1,17.1,17.1,17.1,2491,0
20071030,16.9,17.1,16.9,17.1,23411,0
20071031,16.9,16.9,16.9,16.9,10,0
20071102,16.4,16.89,16.4,16.89,305,0
20071105,16.89,16.89,16.2,16.74,277,0
20071106,16.2,16.2,15.75,16.2,1054,0
20071107,16,16.1,15.35,16,1185,0
20071108,15.35,15.95,15.35,15.94,1116,0
20071109,15.99,15.99,15.99,15.99,5,0
20071112,15.99,15.99,15.35,15.35,550,0
20071113,15.69,15.69,15.69,15.69,10,0
20071114,14.95,14.95,14.5,14.95,2720,0
20071115,14.95,14.95,14.4,14.4,249,0
20071116,14,14.9,14,14.9,1000,0
20071119,15,15,14.6,14.8,558,0
20071120,14.2,15.5,14.2,15.5,1400,0
20071121,14.9,14.9,14.9,14.9,1540,0
20071122,14.9,15.8,14.9,15.7,1000,0
20071123,15.1,15.6,15.1,15.6,1500,0
20071126,15.64,15.64,15.64,15.64,40,0
20071128,15.2,15.7,15,15.7,1550,0
20071129,15.6,15.6,15.6,15.6,100,0
20071130,15.2,15.2,15,15,2162,0
20071203,15.5,15.5,14.7,15,1330,0
20071204,15,15,14,14.38,1214,0
20071205,14.38,14.38,14.38,14.38,215,0
20071206,14.59,14.59,13.9,13.9,810,0
20071207,13.9,13.9,13.55,13.9,1570,0
20071210,13.25,13.9,13.25,13.89,269,0
20071211,13.3,13.45,13.26,13.45,931,0
20071212,13.4,13.4,13.4,13.4,10,0
20071213,12.68,12.68,12.68,12.68,580,0
20071214,12.28,12.7,11.8,12.7,2167,0
20071217,12.48,12.48,12.48,12.48,5,0
20071218,11.91,12.45,11.91,12.45,1630,0
20071219,12.5,12.5,12.5,12.5,5,0
20071220,12.15,12.45,11.85,12.45,178914,0
20071221,12.35,12.45,12.35,12.45,164,0
20071227,12.45,12.45,12.45,12.45,40,0
20071228,11.85,12.45,11.85,12.45,292,0
20080102,12.5,12.5,12.45,12.45,752,0
20080103,11.9,11.9,11.9,11.9,1500,0
20080104,11.9,11.9,11.81,11.81,2279,0
20080107,11.8,11.85,11.8,11.85,15,0
20080108,11.85,11.85,11.2,11.3,101047,0
20080109,11.28,11.3,11.28,11.3,30258,0
20080110,11.3,11.3,11.3,11.3,183017,0
20080111,11.3,11.3,11.3,11.3,872,0
20080114,11.3,11.3,11.29,11.29,6406,0
20080115,11.29,11.3,11.29,11.29,822,0
20080116,10.58,11.25,10.58,10.6,1672,0
20080117,10.3,11,10,11,3417,0
20080118,10.2,11.5,10,11.5,71427,0
20080121,11.02,11.4,10.9,11.4,847,0
20080122,10,10.5,9.5,10.5,1585,0
20080123,10.5,10.5,10,10.5,129659,0
20080124,10.2,10.44,10,10.44,1317,0
20080125,10.5,10.5,10.5,10.5,3553,0
20080128,10.75,10.75,10.1,10.1,18,0
20080129,10.3,10.3,10.11,10.11,95,0
20080130,10.3,10.4,10.3,10.4,163,0
20080131,10,10,9.82,10,4550,0
20080201,10,10,9.9,9.9,400,0
20080204,9.8,9.8,9.7,9.7,400,0
20080205,9.85,9.85,9.85,9.85,170,0
20080208,9.9,9.9,9.9,9.9,25,0
20080212,9.6,9.6,9.4,9.55,375,0
20080213,9.56,9.56,9.56,9.56,5,0
20080215,10,11,10,10.41,28066,0
20080218,10.7,10.7,10.6,10.6,288,0
20080219,10.5,10.75,10.5,10.75,820,0
20080222,10.55,10.7,10,10.7,2201,0
20080228,10.54,10.54,10.54,10.54,10,0
20080229,10,10.49,10,10.49,32,0
20080303,9.71,9.71,9.71,9.71,118,0
20080304,10,10.3,9.7,10.3,413,0
20080305,10.31,10.45,10,10.45,258,0
20080306,10.45,10.45,10.45,10.45,5,0
20080307,10.45,10.45,10.45,10.45,5,0
20080310,10.45,10.45,10.45,10.45,5,0
20080311,10.44,10.44,10.44,10.44,5,0
20080312,10.44,10.44,10.44,10.44,5,0
20080313,10.44,10.44,10.44,10.44,5,0
20080314,10.44,10.44,10.44,10.44,5,0
20080317,10.44,10.44,10,10.44,790,0
20080318,10.44,10.44,10.44,10.44,5,0
20080319,10.3,10.35,10.3,10.35,10,0
20080320,10.35,10.35,10.35,10.35,5,0
20080325,10.35,10.4,10,10.4,265,0
20080326,10.45,10.45,10.45,10.45,22,0
20080327,10.45,10.6,10.45,10.6,155,0
20080331,10.11,10.44,10.01,10.15,1120,0
20080401,10.15,10.4,10.15,10.4,50,0
20080402,10.49,10.49,10.45,10.45,111,0
20080403,10.45,10.45,10.45,10.45,5,0
20080404,10.45,10.45,10.45,10.45,5,0
20080407,10.45,10.45,10.45,10.45,5,0
20080408,10.45,10.45,10.45,10.45,5,0
20080409,10.3,10.3,10.29,10.3,3900,0
20080410,10.3,10.45,10.3,10.45,10,0
20080411,10.39,10.39,10.3,10.3,10,0
20080414,10.25,10.25,10,10.25,1861,0
20080415,10.25,10.25,10.25,10.25,5,0
20080416,10.2,10.2,10.2,10.2,3005,0
20080417,10.3,10.3,10.3,10.3,5,0
20080418,10.45,10.45,10.45,10.45,5,0
20080421,10.05,10.1,10.05,10.1,305,0
20080422,10.2,10.2,10,10.1,1010,0
20080423,9.6,9.6,9.2,9.59,1010,0
20080424,9.2,9.25,9.2,9.25,1700,0
20080425,8.85,9.17,8.85,9.17,185,0
20080428,9.2,9.2,9.2,9.2,5,0
20080430,9.2,9.2,9.2,9.2,5,0
20080506,9.1,9.29,9.1,9.29,1281,0
20080507,9.49,9.65,9.45,9.65,1585,0
20080508,9.21,9.21,9.21,9.21,5,0
20080509,8.95,8.95,8.95,8.95,860,0
20080512,8.7,9,8.7,8.8,2790,0
20080513,9.05,9.05,8.65,8.8,907,0
20080515,8.77,8.77,8.77,8.77,3000,0
20080519,8.75,8.75,8.31,8.7,2165,0
20080520,8.7,8.7,8.4,8.65,1110,0
20080521,8.4,8.63,8.4,8.63,165,0
20080523,8.6,8.6,7.99,7.99,3103,0
20080526,8.01,8.01,7.52,7.65,3472,0
20080527,7.29,7.29,7,7.1,4508,0
20080528,6.85,7,6.55,6.99,13359,0
20080529,7.1,7.4,7.1,7.4,1432,0
20080530,7.7,7.7,7.49,7.5,1110,0
20080602,7.59,7.6,7.51,7.51,3200,0
20080603,7.6,7.6,7.51,7.53,6283,0
20080605,7.53,7.53,7.53,7.53,5,0
20080606,7.6,7.7,7.6,7.7,770,0
20080611,7.6,7.6,7.6,7.6,160,0
20080612,7.5,7.5,7.5,7.5,5,0
20080613,7.3,7.38,7.3,7.36,767,0
20080616,7.69,7.69,7.4,7.4,4,0
20080617,7.69,7.69,7,7.5,929,0
20080618,7.5,7.5,7.5,7.5,5,0
20080619,7.3,7.3,7.3,7.3,5,0
20080620,7.3,7.3,7.1,7.1,1201,0
20080623,7.1,7.1,7.1,7.1,5,0
20080624,7.19,7.19,7.18,7.18,10,0
20080625,7.19,7.2,7.19,7.2,10,0
20080626,7,7.15,7,7.15,2924,0
20080630,7,7,6.7,6.95,1010,0
20080701,6.95,6.99,6.95,6.99,10,0
20080702,6.99,7,6.99,7,10,0
20080703,7,7,7,7,5,0
20080707,7,7,7,7,5,0
20080708,7,7,6.5,7,136,0
20080709,6.99,6.99,6.99,6.99,10,0
20080710,7,7,7,7,5,0
20080711,7,7,6.4,6.95,360,0
20080714,7,7,6.3,7,440,0
20080715,6.75,6.75,6.75,6.75,10,0
20080717,7,7,7,7,5,0
20080718,7,7,7,7,5,0
20080721,7,7,6.7,7,399,0
20080722,7,7,7,7,5,0
20080723,7,7.1,7,7.1,167,0
20080724,6.8,6.8,6.8,6.8,20,0
20080725,6.98,6.98,6.8,6.98,210,0
20080728,6.98,6.98,6.98,6.98,105,0
20080729,6.98,6.98,6.98,6.98,5,0
20080730,6.98,6.98,6.98,6.98,5,0
20080731,7.05,7.05,7.05,7.05,5,0
20080801,7.05,7.05,6.7,6.7,281,0
20080804,7,7,6.2,6.2,385,0
20080805,6.4,6.5,6.2,6.5,395,0
20080806,6.5,7.15,6.5,7.1,10350,0
20080807,7.2,7.3,7.2,7.3,5102,0
20080808,7.2,7.4,7.2,7.2,9374,0
20080811,7.49,7.49,7.2,7.2,1391,0
20080812,7.27,7.27,7.25,7.25,10,0
20080813,7.29,7.29,6.9,7.15,300,0
20080814,7.29,7.29,7.2,7.2,10,0
20080818,7.2,7.2,7.2,7.2,100,0
20080820,7.2,7.2,6.99,6.99,10,0
20080822,7.05,7.05,7.05,7.05,5,0
20080825,6.9,6.9,6.9,6.9,20,0
20080826,6.9,6.9,6.7,6.85,1110,0
20080827,6.8,6.9,6.8,6.9,10,0
20080828,6.7,6.7,6.7,6.7,350,0
20080829,6.7,6.7,6.5,6.7,445,0
20080901,6.75,6.75,6.4,6.75,40,0
20080902,6.7,6.7,6.3,6.4,1307,0
20080903,6.39,6.5,6,6.5,11310,0
20080905,6.4,6.4,5.85,6,790,0
20080908,6,6,5.8,5.8,915,0
20080909,6.25,6.25,6.25,6.25,5,0
20080910,6.25,6.25,5.9,6.15,211,0
20080911,6.2,6.2,6.2,6.2,183,0
20080912,6.2,6.2,6.2,6.2,5,0
20080915,6.2,6.2,6.2,6.2,5,0
20080916,5.7,5.99,5.4,5.99,330,0
20080917,5.89,5.9,5.89,5.9,250,0
20080918,5.4,5.8,5.31,5.8,2359,0
20080919,5.85,5.85,5.85,5.85,100,0
20080922,5.5,6.3,5.5,6.3,322,0
20080923,6.25,6.25,6.25,6.25,38,0
20080924,5.8,6,5.5,5.5,425,0
20080925,5.63,6.2,5.63,6.2,2055,0
20080926,6,6.8,6,6.8,982,0
20080929,6.8,7.18,6.5,7.18,2074,0
20080930,6.94,6.99,6.8,6.99,519,0
20081002,6.99,7,6.99,7,10,0
20081003,6.8,6.8,6.8,6.8,30,0
20081007,6.8,6.8,6.45,6.45,705,0
20081008,6,6,6,6,200,0
20081009,6.35,6.35,6.35,6.35,22,0
20081010,5.91,5.91,5.2,5.2,7113,0
20081013,5,5.5,4.8,5.5,2729,0
20081014,5.8,5.85,5.8,5.85,4742,0
20081015,5.8,5.8,5.79,5.79,10,0
20081016,5,5.04,5,5.04,600,0
20081020,5.12,5.12,4.84,5,586,0
20081021,5.19,5.19,4.51,4.79,1111,0
20081023,4.8,4.8,4.8,4.8,26,0
20081024,4.4,4.46,4.4,4.46,1990,0
20081027,4.6,4.6,4.6,4.6,100,0
20081029,4.77,4.77,4.3,4.77,1280,0
20081030,4.9,5,4.6,5,241,0
20081103,4.9,5,4.9,5,300,0
20081104,4.99,4.99,4.7,4.7,605,0
20081105,4.9,5.1,4.9,5.1,339,0
20081106,4.91,4.91,4.91,4.91,58,0
20081107,4.7,4.72,4.7,4.7,200,0
20081112,4.9,4.9,4.9,4.9,42,0
20081114,4.9,4.9,4.89,4.89,258,0
20081119,4.9,4.9,4.6,4.6,269,0
20081120,4.6,4.6,4.6,4.6,2,0
20081121,4.6,4.6,4.4,4.54,110,0
20081124,4.54,4.7,4.54,4.7,10,0
20081125,4.99,4.99,4.3,4.59,1057,0
20081126,4.59,4.7,4.59,4.7,115,0
20081127,4.4,4.4,4.3,4.3,647,0
20081128,4.09,4.3,4.05,4.2,765,0
20081201,4.35,4.35,4.35,4.35,5,0
20081202,4.35,4.35,4.35,4.35,5,0
20081203,4.3,4.35,4.24,4.35,6,0
20081204,4.35,4.35,4.35,4.35,2,0
20081205,4.4,4.4,4.4,4.4,2,0
20081208,4.65,4.65,3.95,3.95,444,0
20081209,4,4.19,3.95,4.14,861,0
20081210,4.3,4.3,4.3,4.3,5,0
20081211,4.2,4.29,4.2,4.29,6,0
20081212,4.3,4.3,4.3,4.3,2,0
20081215,4.3,4.3,4.3,4.3,5,0
20081216,4.25,4.25,4.25,4.25,5,0
20081217,4.1,4.25,4,4.25,201,0
20081218,4.2,4.2,4.2,4.2,5,0
20081219,4.3,4.3,4.3,4.3,5,0
20081222,4.3,4.3,4.3,4.3,2,0
20081223,4.3,4.3,4,4,102,0
20081229,4.3,4.3,4.3,4.3,10,0
20081230,4.3,4.3,4.3,4.3,5,0
20081231,4.3,4.3,4.3,4.3,5,0
20090105,4.35,4.35,4.35,4.35,25,0
20090106,4.35,4.35,4.34,4.34,232,0
20090107,4.35,4.35,4.35,4.35,5,0
20090108,4,4.3,3.99,4.3,7900,0
20090109,4.25,4.25,4.15,4.19,500,0
20090112,4.22,4.22,4,4,30,0
20090113,3.9,3.9,3.79,3.79,732,0
20090115,3.79,3.79,3.79,3.79,5,0
20090119,3.65,3.65,3.6,3.65,301,0
20090121,3.5,3.5,3.35,3.48,1205,0
20090122,3.3,3.3,3.1,3.1,1000,0
20090123,3.2,3.25,2.75,3.25,1927,0
20090126,2.8,3,2.8,3,170,0
20090127,2.8,2.89,2.6,2.88,1410,0
20090128,2.9,2.9,2.7,2.78,255,0
20090129,2.9,2.9,2.7,2.9,510,0
20090130,2.9,2.9,2.9,2.9,10,0
20090202,3,3,2.6,2.6,420,0
20090203,2.8,2.8,2.8,2.8,176,0
20090204,2.9,2.9,2.9,2.9,1,0
20090205,2.8,2.8,2.8,2.8,5,0
20090206,2.9,2.9,2.81,2.81,4055,0
20090210,2.76,2.9,2.76,2.9,187,0
20090211,2.9,2.9,2.82,2.82,800,0
20090212,2.89,2.89,2.89,2.89,10,0
20090213,2.88,2.88,2.8,2.8,205,0
20090216,2.86,2.86,2.5,2.5,487,0
20090217,2.5,2.5,2.35,2.35,5200,0
20090218,2.5,2.5,2.2,2.38,1695,0
20090219,2.3,2.3,2.3,2.3,100,0
20090220,2.4,2.41,2.2,2.2,2310,0
20090223,2.35,2.4,2.35,2.4,834,0
20090224,2.35,2.35,2.2,2.2,1025,0
20090225,2.2,2.2,2.1,2.1,1700,0
20090226,2.2,2.2,2.1,2.1,915,0
20090227,2,2,2,2,1000,0
20090302,2,2,2,2,5,0
20090303,2,2,1.9,1.9,216,0
20090304,2,2,1.81,1.81,3265,0
20090305,1.81,1.81,1.71,1.81,4300,0
20090306,1.66,1.7,1.66,1.7,5000,0
20090309,1.7,1.78,1.7,1.78,2452,0
20090310,1.9,1.95,1.9,1.95,700,0
20090311,1.95,2.2,1.95,2.2,830,0
20090312,2.23,2.23,1.9,2.13,1952,0
20090313,2.13,2.13,2.13,2.13,5,0
20090316,2.07,2.07,2.07,2.07,1718,0
20090317,2.07,2.07,2.07,2.07,1025,0
20090318,2,2,2,2,200,0
20090319,2,2.11,2,2.11,2934,0
20090320,2.15,2.15,2.01,2.15,1823,0
20090323,2.16,2.5,2.16,2.3,4432,0
20090324,2.7,2.7,2.5,2.5,2150,0
20090325,2.4,2.7,2.4,2.7,895,0
20090326,2.7,2.7,2.7,2.7,5,0
20090327,2.65,2.65,2.65,2.65,5,0
20090330,2.88,2.88,2.7,2.75,2562,0
20090331,2.8,2.8,2.7,2.7,669,0
20090401,2.74,2.74,2.74,2.74,5,0
20090402,2.8,2.82,2.65,2.65,12060,0
20090403,2.75,2.82,2.65,2.75,4339,0
20090406,2.75,2.79,2.75,2.76,3087,0
20090407,2.85,3.1,2.82,3,13747,0
20090408,3.2,3.2,2.9,3.18,1070,0
20090409,3.18,3.22,3.1,3.22,7293,0
20090414,3.25,3.25,3.25,3.25,500,0
20090415,3.25,3.25,3.25,3.25,5,0
20090416,3.28,3.28,3.08,3.08,7480,0
20090417,3.28,3.28,2.96,3.1,1575,0
20090420,3,3,3,3,650,0
20090421,3.15,3.15,3,3,861,0
20090422,3.19,3.19,3.1,3.12,1825,0
20090423,3.17,3.17,3.17,3.17,105,0
20090424,3.17,3.17,3,3,7985,0
20090427,3.07,3.07,2.97,2.97,355,0
20090428,3.04,3.04,3.04,3.04,5,0
20090429,3.04,3.04,3.04,3.04,25,0
20090430,3.04,3.04,2.9,3,345,0
20090504,3,3,3,3,5,0
20090505,2.89,2.94,2.86,2.94,7693,0
20090506,2.96,3.2,2.7,3.09,20632,0
20090507,2.93,3.1,2.93,2.93,4290,0
20090508,3.03,3.03,2.93,2.93,528,0
20090511,2.93,2.98,2.85,2.94,1955,0
20090512,2.85,2.98,2.83,2.94,1270,0
20090513,2.97,3.04,2.9,3.04,14723,0
20090514,2.99,3.04,2.99,3.04,3173,0
20090515,3,3,3,3,11795,0
20090518,3.05,3.07,3,3.07,3522,0
20090519,3.11,3.24,3,3,1265,0
20090520,3,3.2,3,3.2,1370,0
20090521,3.23,3.23,3.1,3.22,3528,0
20090522,3.23,3.27,3.22,3.22,3786,0
20090525,3.19,3.19,3.19,3.19,5,0
20090526,3.19,3.29,3.19,3.29,390,0
20090527,3.26,3.26,3.18,3.18,370,0
20090528,3.12,3.12,3.01,3.1,8589,0
20090529,3.06,3.1,3.06,3.1,7545,0
20090601,3.19,3.19,3.1,3.18,355,0
20090602,3.18,3.18,3.1,3.1,1865,0
20090603,3.1,3.19,3.1,3.18,16139,0
20090604,3.2,3.33,3.2,3.32,10015,0
20090605,3.5,3.57,3.45,3.54,16834,0
20090608,3.62,3.62,3.54,3.59,18881,0
20090609,3.29,3.49,3.28,3.31,14160,0
20090610,3.31,3.45,3.28,3.4,5444,0
20090612,3.45,3.45,3.4,3.44,2205,0
20090615,3.6,3.6,3.41,3.5,39639,0
20090616,3.4,3.57,3.4,3.41,7880,0
20090617,3.26,3.45,3.26,3.45,37273,0
20090618,3.5,3.57,3.45,3.57,27845,0
20090619,3.53,3.75,3.45,3.75,17446,0
20090622,4.1,4.2,3.83,3.86,22164,0
20090623,3.86,3.86,3.8,3.8,1050,0
20090624,3.5,3.84,3.5,3.84,4073,0
20090625,3.9,4,3.9,4,2222,0
20090626,4,4.08,3.7,3.7,942,0
20090629,3.92,3.92,3.91,3.91,940,0
20090630,4.08,4.11,3.91,4.05,994,0
20090701,4.1,4.1,3.9,4.04,174,0
20090702,3.9,3.95,3.9,3.95,160,0
20090703,4.09,4.09,4.09,4.09,1471,0
20090706,4.1,4.1,4.1,4.1,785,0
20090707,4.1,4.1,4,4,55,0
20090708,3.97,3.97,3.97,3.97,5,0
20090709,3.8,3.88,3.8,3.86,820,0
20090710,3.85,3.86,3.8,3.86,1023,0
20090713,3.86,3.86,3.86,3.86,310,0
20090714,3.86,3.99,3.86,3.99,593,0
20090715,3.99,4.09,3.99,4.09,1010,0
20090716,4.1,4.1,3.9,4.05,551,0
20090717,4,4,3.8,3.99,415,0
20090720,4,4,4,4,5,0
20090721,4.08,4.08,3.9,3.9,2005,0
20090722,3.9,3.9,3.9,3.9,105,0
20090723,4,4,4,4,388,0
20090724,4.08,4.08,4.08,4.08,500,0
20090727,4.1,4.1,4.1,4.1,200,0
20090728,4.1,4.1,4,4.1,217,0
20090729,3.99,4,3.99,3.99,2050,0
20090730,4.1,4.1,3.95,4.09,1170,0
20090731,4.1,4.1,4.09,4.1,5693,0
20090803,4.3,4.3,4.3,4.3,100,0
20090804,4.36,4.6,4.36,4.4,1587,0
20090805,4.44,4.44,4.2,4.27,768,0
20090806,4.15,4.19,4,4.11,2879,0
20090807,4.11,4.19,4.11,4.12,3185,0
20090810,3.9,4.01,3.9,3.95,8562,0
20090811,4.32,4.32,4.01,4.01,7253,0
20090812,4.14,4.14,4.14,4.14,10,0
20090813,4.11,4.11,4.11,4.11,7,0
20090814,4.25,4.5,4.25,4.5,3295,0
20090817,4.5,4.5,4.2,4.5,915,0
20090818,4.5,4.5,4.5,4.5,1053,0
20090819,4.6,5,4.58,5,1860,0
20090820,5,5.4,5,5.03,2980,0
20090821,5.4,5.51,5.4,5.4,1180,0
20090824,5.7,6,5.7,5.92,1714,0
20090825,6.6,6.9,6.3,6.85,4427,0
20090826,6.98,6.98,6.25,6.3,2232,0
20090827,6.7,6.8,6.3,6.75,1076,0
20090828,6.95,6.96,6.89,6.89,2187,0
20090831,6.89,6.91,6.4,6.5,1600,0
20090901,6.2,6.2,5.9,5.9,1400,0
20090902,5.5,5.5,5.4,5.5,1785,0
20090903,5.3,5.5,5.3,5.5,4597,0
20090904,5.3,5.5,5.3,5.3,1200,0
20090907,5.3,5.5,5.2,5.3,257,0
20090908,5.3,5.3,5.1,5.3,65,0
20090909,5.3,5.3,5.3,5.3,5,0
20090910,5.3,5.3,5.3,5.3,105,0
20090911,5.3,5.3,5.3,5.3,5,0
20090914,5.3,5.3,5,5.2,754,0
20090915,5.2,5.2,5.2,5.2,12,0
20090916,4.9,5.1,4.82,5.1,2525,0
20090917,5,5.3,4.99,5.3,532,0
20090918,5.5,5.5,5.5,5.5,500,0
20090921,5.61,5.9,5.61,5.9,1207,0
20090922,6.17,6.17,5.7,5.9,2589,0
20090924,5.9,5.9,5.7,5.9,141,0
20090925,5.5,5.89,5.4,5.7,1097,0
20090928,5.5,5.5,5.2,5.35,1545,0
20090929,5.5,5.5,5.5,5.5,405,0
20090930,5.7,5.7,5.7,5.7,10,0
20091002,5.9,5.9,5.6,5.6,14,0
20091005,5.9,5.9,5.4,5.68,815,0
20091006,5.85,5.85,5.85,5.85,3,0
20091007,5.7,5.7,5.6,5.7,255,0
20091008,5.7,5.7,5.31,5.32,1185,0
20091009,5.55,5.55,5.45,5.45,840,0
20091012,5.5,5.5,5.5,5.5,20,0
20091013,5.66,5.66,5.66,5.66,20,0
20091014,5.5,5.5,5.35,5.35,2531,0
20091015,5.45,5.45,5.45,5.45,20,0
20091016,5.45,5.45,5.1,5.29,1090,0
20091019,5.45,5.45,4.85,4.85,2672,0
20091020,4.9,5.1,4.9,5.1,620,0
20091021,4.85,4.95,4.85,4.95,160,0
20091022,4.8,4.8,4.8,4.8,68,0
20091023,4.94,4.94,4.8,4.8,32,0
20091026,5,5,5,5,15,0
20091027,4.7,4.7,4.55,4.55,1490,0
20091028,4.54,4.54,4.5,4.5,64,0
20091029,4.4,4.4,4.4,4.4,100,0
20091030,4.5,4.7,4.5,4.7,231,0
20091102,4.5,4.5,4.4,4.4,794,0
20091103,4.55,4.55,4.5,4.5,990,0
20091104,4.59,4.6,4.51,4.6,1170,0
20091105,4.99,4.99,4.7,4.8,2279,0
20091106,4.99,4.99,4.8,4.95,457,0
20091109,4.85,4.9,4.85,4.9,13,0
20091110,4.89,4.9,4.89,4.9,214,0
20091112,4.9,4.9,4.75,4.85,570,0
20091113,4.9,4.9,4.7,4.7,882,0
20091116,4.9,4.9,4.9,4.9,50,0
20091117,4.6,4.79,4.6,4.6,116,0
20091118,4.6,4.6,4.4,4.55,1020,0
20091119,4.55,4.55,4.4,4.51,120,0
20091120,4.44,4.5,4.1,4.45,1423,0
20091123,4.4,4.4,4.4,4.4,400,0
20091125,4.5,4.5,4.5,4.5,54,0
20091126,4.3,4.5,4.2,4.5,255,0
20091130,4.65,4.65,4.65,4.65,50,0
20091201,4.65,4.65,4.4,4.4,80698,0
20091202,4.65,4.65,4.4,4.4,1140,0
20091203,4.5,4.5,4.5,4.5,100,0
20091204,4.49,4.49,4.49,4.49,5,0
20091207,4.49,4.49,4.49,4.49,10,0
20091208,4.4,4.4,4.4,4.4,200,0
20091209,4.39,4.39,4.39,4.39,20,0
20091210,4.39,4.39,4.39,4.39,20,0
20091211,4.3,4.3,4.3,4.3,30,0
20091214,4.3,4.39,4.3,4.39,1825,0
20091215,4.47,4.47,4.47,4.47,20,0
20091216,4.47,4.47,4.2,4.45,2190,0
20091217,4.45,4.45,4.45,4.45,10,0
20091218,4.45,4.45,4.45,4.45,15,0
20091221,4.4,4.4,4.4,4.4,100,0
20091222,4.4,4.6,4.4,4.6,1455,0
20091223,4.6,4.7,4.6,4.7,161,0
20091228,4.79,4.79,4.51,4.78,134331,0
20091229,4.59,4.6,4.59,4.59,162998,0
20091230,4.61,5,4.61,5,3282,0
20091231,5,5,5,5,50,0
20100104,5.1,5.3,5.1,5.3,702,0
20100105,5.38,5.58,5.38,5.58,650,0
20100106,5.48,5.48,5.3,5.4,4777,0
20100107,5.48,5.48,5.25,5.44,2525,0
20100108,5.45,5.45,5.4,5.45,3585,0
20100111,5.45,5.47,5.3,5.47,22272,0
20100112,5.47,5.47,5.25,5.47,101,0
20100113,5.47,5.47,5.27,5.46,982,0
20100114,5.47,5.47,5.25,5.47,2510,0
20100115,5.47,5.47,5.47,5.47,367,0
20100118,5.46,5.46,5.45,5.45,320,0
20100119,5.45,5.45,5.45,5.45,20,0
20100120,5.28,5.43,5.25,5.43,1230,0
20100121,5.43,5.43,5.43,5.43,10,0
20100122,5.37,5.37,5.25,5.36,5978,0
20100125,5.3,5.3,5.3,5.3,50,0
20100126,5.3,5.47,5.3,5.47,5433,0
20100127,5.47,5.47,5.47,5.47,50,0
20100128,5.49,5.6,5.49,5.6,3380,0
20100129,5.64,5.64,5.64,5.64,50,0
20100201,5.4,5.51,5.4,5.51,237,0
20100202,5.65,5.65,5.5,5.5,2360,0
20100203,5.7,5.7,5.7,5.7,40,0
20100204,5.74,5.75,5.5,5.6,1497,0
20100205,5.4,5.74,5.4,5.74,5470,0
20100208,5.61,5.7,5.61,5.7,150,0
20100209,5.6,5.7,5.6,5.6,429,0
20100210,5.6,5.6,5.6,5.6,714,0
20100211,5.51,5.69,5.51,5.69,1147,0
20100212,5.69,5.74,5.6,5.73,2037,0
20100215,5.75,5.99,5.75,5.99,3191,0
20100216,6.28,6.3,6.28,6.3,2514,0
20100217,6.5,6.5,6.25,6.4,2882,0
20100218,6.4,6.4,5.95,6.19,13641,0
20100219,6.19,6.25,6,6.25,2263,0
20100222,6.3,6.3,6.29,6.29,601,0
20100223,6.26,6.35,6.25,6.35,3226,0
20100224,6.3,6.39,6,6.19,25640,0
20100225,6.19,6.19,6.16,6.16,2110,0
20100226,6.16,6.19,6.16,6.17,3069,0
20100301,6.15,6.15,6.06,6.1,3152,0
20100302,6.14,6.14,6,6,690,0
20100303,6,6,5.99,5.99,80,0
20100304,6,6.1,5.8,5.98,1985,0
20100305,5.99,5.99,5.8,5.97,2037,0
20100308,5.75,5.94,5.71,5.94,1599,0
20100309,5.94,5.94,5.92,5.92,34,0
20100310,5.98,5.98,5.98,5.98,34,0
20100311,5.95,5.95,5.8,5.9,184,0
20100312,5.89,5.9,5.75,5.9,507,0
20100315,5.95,5.95,5.92,5.92,19,0
20100316,5.97,5.97,5.8,5.94,145,0
20100317,5.89,5.89,5.88,5.89,1123,0
20100318,5.93,5.93,5.93,5.93,750,0
20100319,5.93,5.95,5.75,5.95,2930,0
20100322,5.93,5.93,5.7,5.79,4734,0
20100323,5.78,5.78,5.73,5.73,71,0
20100324,5.73,5.9,5.73,5.9,34021,0
20100325,5.81,5.93,5.8,5.93,6178,0
20100326,5.95,6.09,5.95,6,1811,0
20100329,6.07,6.07,5.96,5.96,415,0
20100330,5.98,5.98,5.96,5.96,335,0
20100331,5.99,5.99,5.9,5.98,1439,0
20100401,6.1,6.1,5.99,5.99,857,0
20100406,5.8,5.99,5.8,5.99,1033,0
20100407,5.99,5.99,5.99,5.99,30,0
20100408,5.99,6.03,5.99,6.03,960,0
20100409,6.03,6.03,5.9,6.02,899,0
20100412,6,6,6,6,500,0
20100413,6.02,6.03,5.9,6.03,1455,0
20100414,6.04,6.04,5.95,5.95,229,0
20100415,5.99,5.99,5.98,5.98,785,0
20100416,5.95,5.98,5.95,5.98,836,0
20100419,5.95,5.99,5.95,5.99,215,0
20100420,5.99,5.99,5.98,5.99,102,0
20100421,5.95,5.95,5.95,5.95,200,0
20100422,5.92,5.99,5.85,5.99,607,0
20100423,5.98,5.99,5.98,5.99,790,0
20100426,5.93,5.93,5.9,5.9,430,0
20100427,5.75,5.95,5.36,5.95,10413,0
20100428,5.8,5.8,5.7,5.8,823,0
20100429,5.85,5.85,5.85,5.85,40,0
20100430,5.9,5.95,5.71,5.95,1062,0
20100504,6.08,6.08,5.85,5.95,940,0
20100505,5.95,5.97,5.85,5.9,502,0
20100506,5.9,5.9,5.6,5.8,1945,0
20100507,5.65,5.65,5.65,5.65,326,0
20100510,5.6,5.75,5.55,5.75,189,0
20100511,5.85,5.85,5.85,5.85,19,0
20100512,5.85,5.85,5.72,5.85,22,0
20100513,5.9,5.9,5.8,5.9,2005,0
20100514,5.9,5.9,5.89,5.89,25,0
20100517,5.6,5.8,5.6,5.8,2120,0
20100518,5.75,5.75,5.65,5.74,306,0
20100519,5.75,5.75,5.5,5.55,1643,0
20100520,5.55,5.55,5.55,5.55,520,0
20100521,5.55,5.55,5.35,5.54,1478,0
20100524,5.6,5.6,5.6,5.6,100,0
20100525,5.5,5.55,5.5,5.55,21,0
20100526,5.65,5.65,5.65,5.65,35,0
20100527,5.65,5.7,5.65,5.7,107,0
20100528,5.72,5.72,5.65,5.72,65,0
20100531,5.72,5.72,5.55,5.6,1075,0
20100601,5.65,5.65,5.5,5.65,117,0
20100602,5.64,5.64,5.35,5.45,790,0
20100604,5.4,5.4,5.39,5.39,123,0
20100607,5.38,5.38,5.35,5.35,114,0
20100608,5.4,5.4,5.3,5.4,301,0
20100609,5.4,5.4,5.3,5.39,161,0
20100610,5.3,5.39,4.93,5.2,7833,0
20100611,5.19,5.19,4.98,5.17,1405,0
20100614,5.19,5.19,5,5.1,460,0
20100615,5.1,5.1,4.95,5.1,123,0
20100616,5.1,5.1,5.1,5.1,20,0
20100617,5.1,5.1,5.1,5.1,15,0
20100618,5.1,5.1,5.1,5.1,10,0
20100621,4.95,5.1,4.91,5.1,1618,0
20100622,5.1,5.1,4.91,5.08,1931,0
20100623,5.08,5.08,4.9,4.9,120,0
20100624,4.9,4.9,4.81,4.81,1450,0
20100625,4.81,4.81,4.7,4.8,135,0
20100628,4.89,4.9,4.89,4.9,83,0
20100629,4.9,4.9,4.9,4.9,25,0
20100630,4.81,4.81,4.81,4.81,19,0
20100701,4.7,4.8,4.7,4.8,105,0
20100702,4.7,4.7,4.7,4.7,51,0
20100705,4.8,4.8,4.8,4.8,27,0
20100706,4.85,4.85,4.85,4.85,33,0
20100707,4.88,4.88,4.75,4.85,168,0
20100708,4.9,4.9,4.7,4.7,2822,0
20100709,4.65,4.65,4.6,4.6,3901,0
20100712,4.51,4.73,4.51,4.73,198,0
20100713,4.71,4.71,4.69,4.69,165,0
20100714,4.69,4.69,4.51,4.65,1534,0
20100715,4.57,4.57,4.4,4.51,1839,0
20100716,4.51,4.6,4.4,4.6,855,0
20100719,4.49,4.49,4.49,4.49,20,0
20100720,4.52,4.52,4.52,4.52,20,0
20100721,4.4,4.5,4.4,4.5,104,0
20100722,4.47,4.47,4.47,4.47,75,0
20100723,4.56,4.56,4.54,4.54,34,0
20100726,4.54,4.54,4.54,4.54,10,0
20100727,4.5,4.5,4.41,4.5,3224,0
20100728,4.52,4.52,4.51,4.52,3156,0
20100729,4.52,4.52,4.41,4.5,153,0
20100730,4.52,4.52,4.52,4.52,20,0
20100802,4.49,4.56,4.49,4.56,1090,0
20100803,4.55,4.65,4.55,4.65,2255,0
20100804,4.45,4.6,4.45,4.6,644,0
20100805,4.6,4.69,4.6,4.69,3176,0
20100806,4.68,4.68,4.6,4.68,4143,0
20100809,4.62,4.62,4.6,4.62,4548,0
20100810,4.62,4.8,4.62,4.71,5245,0
20100811,4.74,4.85,4.74,4.8,5604,0
20100812,4.88,4.88,4.77,4.8,1235,0
20100813,4.83,4.88,4.83,4.88,84,0
20100816,4.88,4.88,4.85,4.88,291,0
20100817,4.81,4.85,4.81,4.85,116,0
20100818,4.89,4.9,4.89,4.89,410,0
20100819,4.99,4.99,4.99,4.99,20,0
20100820,4.98,4.98,4.98,4.98,20,0
20100823,4.98,4.98,4.65,4.93,4213,0
20100824,4.84,4.84,4.61,4.84,800,0
20100825,4.8,4.8,4.6,4.78,375,0
20100826,4.83,4.83,4.6,4.66,1352,0
20100827,4.69,4.69,4.5,4.5,600,0
20100830,4.55,4.55,4.54,4.54,25,0
20100831,4.49,4.5,4.41,4.5,2265,0
20100901,4.46,4.46,4.25,4.44,605,0
20100902,4.49,4.49,4.43,4.43,565,0
20100903,4.44,4.47,4.44,4.47,11884,0
20100906,4.5,4.5,4.47,4.5,104720,0
20100907,4.54,4.6,4.52,4.52,1107,0
20100908,4.55,4.65,4.55,4.65,214,0
20100909,4.7,4.7,4.6,4.6,30,0
20100910,4.6,4.67,4.52,4.67,363,0
20100913,4.69,4.69,4.67,4.69,605,0
20100914,4.67,4.67,4.51,4.63,3076,0
20100915,4.68,4.68,4.51,4.63,1725,0
20100916,4.63,4.63,4.52,4.63,2913,0
20100917,4.68,4.68,4.55,4.65,150,0
20100920,4.69,4.69,4.45,4.6,22596,0
20100921,4.59,4.6,4.59,4.6,2260,0
20100922,4.6,4.6,4.6,4.6,10,0
20100923,4.6,4.6,4.51,4.59,270,0
20100924,4.6,4.6,4.6,4.6,10,0
20100927,4.6,4.6,4.51,4.58,1574,0
20100928,4.58,4.58,4.5,4.54,270,0
20100929,4.54,4.55,4.54,4.55,4096,0
20100930,4.55,4.6,4.55,4.56,5307,0
20101001,4.56,4.6,4.56,4.6,214,0
20101004,4.6,4.9,4.6,4.87,32660,0
20101005,4.94,4.99,4.76,4.89,4373,0
20101006,4.73,4.75,4.73,4.75,2207,0
20101007,4.62,4.81,4.62,4.81,196,0
20101008,4.79,4.79,4.6,4.77,4126,0
20101011,4.76,4.76,4.65,4.73,573,0
20101012,4.77,4.77,4.76,4.76,24,0
20101013,4.74,4.74,4.74,4.74,7,0
20101014,4.76,4.76,4.76,4.76,10,0
20101015,4.75,4.75,4.7,4.7,1010,0
20101018,4.65,4.91,4.65,4.91,46174,0
20101019,4.92,5.15,4.92,5.1,8436,0
20101020,5.19,5.19,5.19,5.19,110,0
20101021,5.2,5.2,5.2,5.2,100,0
20101022,5.06,5.19,5.06,5.19,154,0
20101025,5.2,5.3,5.06,5.3,4193,0
20101026,5.4,5.4,5.2,5.4,704,0
20101027,5.4,5.4,5.4,5.4,24,0
20101028,5.5,5.6,5.5,5.6,4746,0
20101029,5.7,5.7,5.51,5.7,1068,0
20101102,5.75,5.75,5.75,5.75,500,0
20101103,5.75,5.75,5.55,5.71,3398,0
20101104,5.55,5.65,5.5,5.65,559,0
20101105,5.64,5.64,5.5,5.61,215,0
20101108,5.59,5.59,5.52,5.56,612,0
20101109,5.56,5.56,5.56,5.56,20,0
20101110,5.54,5.54,5.45,5.5,977,0
20101112,5.5,5.5,5.3,5.48,435,0
20101115,5.54,5.54,5.53,5.53,35,0
20101116,5.52,5.52,5.32,5.49,1265,0
20101117,5.43,5.43,5.27,5.39,316,0
20101118,5.25,5.25,5.25,5.25,305,0
20101119,5.25,5.25,4.9,5.08,3354,0
20101122,5.05,5.1,5.05,5.1,3003,0
20101123,5.1,5.1,5.1,5.1,214,0
20101124,5.08,5.08,5.08,5.08,10,0
20101125,5.09,5.09,5.08,5.08,15,0
20101126,4.96,5.08,4.96,5.08,205,0
20101129,5.07,5.07,5.06,5.06,35,0
20101130,5,5,5,5,414,0
20101201,5.05,5.1,5,5,790,0
20101202,5.04,5.29,5.04,5.29,5085,0
20101203,5.53,5.6,5.53,5.6,11403,0
20101206,5.69,5.7,5.6,5.7,2139,0
20101207,5.7,5.7,5.57,5.67,135,0
20101208,5.69,5.69,5.51,5.59,1919,0
20101209,5.47,5.59,5.47,5.59,815,0
20101210,5.6,5.6,5.6,5.6,114,0
20101213,5.68,5.69,5.68,5.69,24,0
20101214,5.7,5.7,5.7,5.7,210,0
20101215,5.63,6,5.53,6,3137,0
20101216,6,6,5.75,5.85,2930,0
20101217,5.88,5.88,5.88,5.88,20,0
20101220,5.85,5.9,5.65,5.9,2073,0
20101221,5.85,5.85,5.79,5.79,110,0
20101222,5.8,5.8,5.65,5.65,120,0
20101223,5.65,5.65,5.11,5.11,65469,0
20101227,5.12,5.3,4.85,4.99,13987,0
20101228,4.99,4.99,4.9,4.9,410,0
20101229,4.81,4.98,4.78,4.97,4149,0
20101230,5.04,5.04,4.99,4.99,272,0
20101231,4.84,5,4.7,4.9,3272,0
20110103,4.8,4.94,4.7,4.94,4559,0
20110104,4.95,4.95,4.76,4.92,615,0
20110105,4.92,4.92,4.89,4.9,4127,0
20110107,4.9,4.94,4.8,4.94,2681,0
20110110,4.93,4.94,4.8,4.93,4466,0
20110111,5,5,4.9,4.9,808,0
20110112,4.91,4.91,4.84,4.84,660,0
20110113,4.94,4.94,4.89,4.89,20,0
20110114,5,5,4.8,4.89,620,0
20110117,4.96,4.96,4.96,4.96,10,0
20110118,4.97,4.97,4.96,4.96,500,0
20110119,5,5,4.6,4.69,1675,0
20110120,4.75,4.75,4.25,4.31,17955,0
20110121,4.4,4.41,4.4,4.4,1112,0
20110124,4.47,4.53,4.46,4.53,2132,0
20110125,4.58,4.65,4.58,4.65,1756,0
20110126,4.61,4.61,4.51,4.6,720,0
20110127,4.63,4.63,4.58,4.58,19,0
20110128,4.6,4.6,4.59,4.59,45,0
20110131,4.51,4.51,4.47,4.47,27,0
20110201,4.47,4.47,4.31,4.46,66675,0
20110202,4.47,4.47,4.35,4.45,1768,0
20110203,4.44,4.44,4.3,4.43,420,0
20110204,4.45,4.45,4.45,4.45,35,0
20110207,4.45,4.47,4.45,4.47,199,0
20110208,4.47,4.57,4.47,4.57,21,0
20110209,4.52,4.56,4.52,4.56,130,0
20110210,4.5,4.5,4.49,4.49,28,0
20110211,4.5,4.55,4.5,4.55,1932,0
20110214,4.54,4.54,4.53,4.53,38,0
20110215,4.54,4.54,4.53,4.53,34,0
20110216,4.6,4.6,4.42,4.49,2804,0
20110217,4.46,4.46,4.4,4.4,18,0
20110218,4.3,4.47,4.2,4.44,2557,0
20110221,4.46,4.46,4.35,4.45,1554,0
20110222,4.41,4.41,4.4,4.4,80,0
20110223,4.45,4.45,4.25,4.33,2348,0
20110224,4.34,4.34,4.3,4.3,515,0
20110225,4.37,4.37,4.1,4.29,2950,0
20110228,4.39,4.39,4.15,4.29,2190,0
20110301,4.28,4.29,4.28,4.29,40,0
20110302,4.19,4.19,4.19,4.19,300,0
20110303,4.19,4.29,4.19,4.29,20,0
20110304,4.3,4.3,4.11,4.15,365,0
20110307,4.2,4.2,4.19,4.19,35,0
20110308,4.3,4.3,4,4.21,3545,0
20110309,4.24,4.24,4.05,4.14,130,0
20110310,4.19,4.19,4.05,4.1,1712,0
20110311,4.19,4.19,4,4.14,1063,0
20110314,4,4.14,3.8,3.8,4967,0
20110315,3.9,4,3.8,3.89,2613,0
20110316,3.83,3.94,3.83,3.94,321,0
20110317,3.94,3.94,3.92,3.92,560,0
20110318,3.9,3.9,3.9,3.9,186,0
20110321,3.95,4.05,3.95,4.05,855,0
20110322,4.1,4.1,4.05,4.05,385,0
20110323,4.1,4.1,4,4.08,550,0
20110324,4.1,4.1,4.1,4.1,10,0
20110325,4.09,4.1,3.9,4,3030,0
20110328,4.05,4.05,4,4,3210,0
20110329,4.1,4.1,4.1,4.1,10,0
20110330,4.04,4.1,4.04,4.1,49,0
20110331,4.1,4.1,4,4.08,3536,0
20110401,4.1,4.1,4.1,4.1,10,0
20110404,4.1,4.1,3.9,3.98,3945,0
20110405,3.9,3.9,3.89,3.9,258,0
20110406,3.99,3.99,3.69,3.78,8686,0
20110407,3.81,3.81,3.8,3.8,1010,0
20110408,3.79,3.79,3.63,3.7,4292,0
20110411,3.67,3.67,3.5,3.59,3338,0
20110412,3.55,3.55,3.33,3.5,5263,0
20110413,3.51,3.51,3.35,3.49,1865,0
20110414,3.4,3.49,3.34,3.49,3331,0
20110415,3.55,3.55,3.31,3.38,3724,0
20110418,3.4,3.4,3.39,3.4,353,0
20110419,3.4,3.4,3.4,3.4,24,0
20110420,3.4,3.4,3.4,3.4,10,0
20110421,3.39,3.4,3.38,3.38,2631,0
20110426,3.4,3.4,3.38,3.4,2592,0
20110427,3.42,3.42,3.41,3.42,435,0
20110428,3.27,3.4,3.27,3.4,105,0
20110429,3.4,3.42,3.39,3.42,785,0
20110502,3.42,3.42,3.32,3.42,424,0
20110504,3.42,3.42,3.42,3.42,43,0
20110505,3.38,3.38,3.3,3.35,238,0
20110506,3.3,3.42,3.28,3.42,5425,0
20110509,3.42,3.42,3.32,3.42,2635,0
20110510,3.42,3.42,3.42,3.42,55,0
20110511,3.42,3.42,3.42,3.42,506,0
20110512,3.4,3.5,3.4,3.48,716,0
20110513,3.45,3.45,3.45,3.45,291,0
20110516,3.45,3.45,3.35,3.35,4144,0
20110517,3.27,3.3,3.2,3.2,4024,0
20110518,3.25,3.35,3.24,3.24,3005,0
20110519,3.31,3.31,3.15,3.15,5679,0
20110520,3.01,3.14,3,3,3971,0
20110523,3,3,2.85,2.98,6844,0
20110524,2.99,3.02,2.98,3.02,785,0
20110525,2.95,2.95,2.94,2.95,335,0
20110526,2.99,3.2,2.99,3.12,59420,0
20110527,3.1,3.1,2.87,3,7105,0
20110530,2.9,3,2.9,2.98,20524,0
20110531,3.02,3.02,2.96,2.96,245,0
20110601,3.01,3.01,3.01,3.01,20,0
20110602,2.99,3,2.9,2.97,4620,0
20110603,2.99,2.99,2.9,2.9,440,0
20110606,2.9,2.9,2.8,2.89,9747,0
20110607,2.81,2.9,2.76,2.9,9103,0
20110608,2.91,2.91,2.8,2.87,12684,0
20110609,2.92,2.92,2.86,2.88,4728,0
20110610,2.86,2.94,2.86,2.94,1129,0
20110613,2.94,2.94,2.92,2.92,222,0
20110614,2.94,2.94,2.92,2.94,2539,0
20110615,2.94,2.95,2.9,2.95,4896,0
20110616,2.99,2.99,2.98,2.99,3490,0
20110617,3.05,3.11,3.05,3.1,6283,0
20110620,3.1,3.1,3,3.1,2579,0
20110621,3.09,3.09,2.9,2.99,5045,0
20110622,2.99,2.99,2.98,2.98,25,0
20110624,2.99,3.08,2.99,3.05,5305,0
20110627,3.1,3.19,3.06,3.06,4068,0
20110628,3.19,3.19,3.19,3.19,175,0
20110629,3.19,3.35,3.14,3.34,28657,0
20110630,3.3,3.6,3.3,3.35,11414,0
20110701,3.31,3.35,3.31,3.35,5437,0
20110704,3.35,3.8,3.34,3.7,20305,0
20110705,3.7,3.7,3.55,3.55,17314,0
20110706,3.58,3.58,3.45,3.45,4220,0
20110707,3.46,3.46,3.38,3.38,120,0
20110708,3.38,3.38,3.38,3.38,50,0
20110711,3.48,3.48,3.46,3.46,46,0
20110712,3.48,3.48,3.3,3.37,1534,0
20110713,3.27,3.37,3.19,3.2,10552,0
20110714,3.27,3.34,3.22,3.25,12535,0
20110715,3.23,3.24,3.2,3.22,10612,0
20110718,3.22,3.22,3.21,3.21,2505,0
20110719,3.22,3.22,3.06,3.16,5678,0
20110720,3.16,3.16,2.98,2.99,5783,0
20110721,3.07,3.11,2.95,2.95,884,0
20110722,2.95,3.02,2.9,3.02,1716,0
20110725,3.08,3.08,3.08,3.08,10,0
20110726,3.09,3.09,3,3,2510,0
20110727,3.08,3.08,2.95,2.95,3920,0
20110728,2.99,2.99,2.85,2.91,2530,0
20110729,2.97,2.97,2.94,2.95,767,0
20110801,2.97,2.97,2.97,2.97,20,0
20110802,2.97,2.97,2.87,2.9,5030,0
20110803,2.97,3.15,2.97,3,134,0
20110804,2.93,2.94,2.9,2.94,2322,0
20110805,2.89,2.89,2.82,2.82,4000,0
20110808,2.77,2.77,2.55,2.64,13003,0
20110809,2.7,2.7,2.4,2.4,6910,0
20110810,2.45,2.5,2.28,2.29,21900,0
20110811,2.36,2.37,2.32,2.37,1300,0
20110812,2.4,2.47,2.4,2.47,1325,0
20110816,2.47,2.47,2.4,2.4,6486,0
20110817,2.41,2.41,2.3,2.4,3322,0
20110818,2.36,2.6,2.29,2.31,15800,0
20110819,2.35,2.4,2.31,2.4,4828,0
20110822,2.4,2.4,2.31,2.31,1513,0
20110823,2.4,2.4,2.4,2.4,310,0
20110824,2.4,2.4,2.29,2.39,2072,0
20110825,2.4,2.4,2.34,2.34,5127,0
20110826,2.4,2.4,2.21,2.33,21544,0
20110829,2.33,2.4,2.27,2.27,5782,0
20110830,2.32,2.32,2.2,2.21,7450,0
20110831,2.25,2.25,2.2,2.2,9070,0
20110901,2.17,2.17,2.05,2.14,5915,0
20110902,2.1,2.1,1.99,2,7639,0
20110905,1.8,1.94,1.74,1.89,10424,0
20110906,1.94,1.94,1.8,1.8,12370,0
20110907,1.79,1.85,1.73,1.76,9543,0
20110908,1.7,1.7,1.6,1.65,12567,0
20110909,1.65,1.65,1.59,1.65,15674,0
20110912,1.6,1.6,1.54,1.57,7797,0
20110913,1.6,1.6,1.51,1.51,9000,0
20110914,1.55,1.55,1.4,1.48,14768,0
20110915,1.54,1.54,1.43,1.5,17233,0
20110916,1.51,1.55,1.46,1.55,11250,0
20110919,1.6,1.6,1.53,1.58,10716,0
20110920,1.58,1.7,1.51,1.7,11087,0
20110921,1.58,1.84,1.58,1.73,14988,0
20110922,1.7,1.78,1.6,1.75,8394,0
20110923,1.75,1.75,1.58,1.64,10056,0
20110926,1.65,1.69,1.61,1.69,11400,0
20110927,1.68,1.72,1.64,1.72,14304,0
20110928,1.69,1.69,1.69,1.69,706,0
20110929,1.69,1.75,1.69,1.75,21,0
20110930,1.72,1.84,1.72,1.84,680,0
20111003,1.65,1.74,1.65,1.74,6717,0
20111004,1.74,1.74,1.69,1.69,18707,0
20111005,1.7,1.7,1.69,1.69,2023,0
20111006,1.74,1.74,1.69,1.74,2465,0
20111007,1.74,1.88,1.72,1.88,9024,0
20111010,1.85,1.85,1.82,1.85,2057,0
20111011,1.82,1.82,1.74,1.78,10466,0
20111012,1.8,1.86,1.8,1.86,19556,0
20111013,1.88,1.88,1.81,1.86,2037,0
20111014,1.84,1.84,1.73,1.78,12898,0
20111017,1.78,1.78,1.76,1.76,5880,0
20111018,1.75,1.75,1.68,1.7,8320,0
20111019,1.72,1.72,1.65,1.65,4830,0
20111020,1.65,1.65,1.55,1.56,9070,0
20111021,1.54,1.54,1.44,1.48,12869,0
20111024,1.49,1.6,1.49,1.6,12620,0
20111025,1.64,1.65,1.62,1.65,9511,0
20111026,1.63,1.73,1.63,1.72,9902,0
20111027,1.74,1.74,1.65,1.7,7953,0
20111028,1.72,1.72,1.72,1.72,10,0
20111031,1.74,1.75,1.6,1.7,12366,0
20111102,1.68,1.68,1.68,1.68,10,0
20111103,1.7,1.7,1.6,1.65,2160,0
20111104,1.65,1.65,1.64,1.64,55,0
20111107,1.65,1.8,1.65,1.78,22022,0
20111108,1.82,1.82,1.64,1.73,12121,0
20111109,1.74,1.74,1.66,1.73,3063,0
20111110,1.74,1.74,1.69,1.69,2650,0
20111114,1.7,1.7,1.66,1.68,8051,0
20111115,1.65,1.65,1.6,1.6,553,0
20111116,1.56,1.65,1.56,1.65,5810,0
20111117,1.69,1.69,1.69,1.69,5000,0
20111118,1.68,1.68,1.68,1.68,53,0
20111121,1.69,1.69,1.61,1.65,6046,0
20111122,1.54,1.58,1.5,1.5,14763,0
20111123,1.44,1.54,1.44,1.45,4701,0
20111124,1.44,1.5,1.4,1.5,1402,0
20111125,1.49,1.49,1.42,1.48,6113,0
20111128,1.49,1.49,1.42,1.49,6088,0
20111129,1.49,1.49,1.43,1.49,6679,0
20111130,1.49,1.6,1.49,1.6,10747,0
20111201,1.6,1.6,1.6,1.6,8000,0
20111202,1.6,1.68,1.6,1.68,61,0
20111205,1.65,1.68,1.58,1.68,8157,0
20111206,1.66,1.66,1.5,1.5,3160,0
20111207,1.52,1.58,1.52,1.58,460,0
20111208,1.56,1.56,1.49,1.5,5906,0
20111209,1.56,1.56,1.52,1.52,4544,0
20111212,1.5,1.58,1.5,1.56,5355,0
20111213,1.6,1.6,1.52,1.6,5656,0
20111214,1.5,1.5,1.4,1.4,32755,0
20111215,1.49,1.49,1.33,1.41,30032,0
20111216,1.4,1.69,1.4,1.69,2121,0
20111219,1.68,1.68,1.49,1.5,8325,0
20111220,1.4,1.5,1.4,1.5,122,0
20111221,1.44,1.5,1.44,1.5,51,0
20111222,1.49,1.49,1.49,1.49,50,0
20111223,1.49,1.49,1.43,1.43,3312,0
20111227,1.5,1.5,1.38,1.38,86131,0
20111228,1.4,1.44,1.35,1.38,1664,0
20111229,1.35,1.38,1.35,1.38,6197,0
20111230,1.4,1.4,1.35,1.35,3238,0
20120102,1.45,1.45,1.35,1.35,5057,0
20120103,1.35,1.48,1.35,1.43,10935,0
20120104,1.37,1.43,1.37,1.43,105,0
20120105,1.43,1.43,1.43,1.43,50,0
20120109,1.42,1.42,1.35,1.4,3658,0
20120110,1.4,1.43,1.37,1.43,15705,0
20120111,1.4,1.42,1.34,1.42,1361,0
20120112,1.38,1.42,1.38,1.42,115,0
20120113,1.43,1.43,1.39,1.42,85,0
20120116,1.43,1.57,1.41,1.55,34444,0
20120117,1.7,1.7,1.56,1.65,22548,0
20120118,1.62,1.66,1.62,1.66,9677,0
20120119,1.64,1.65,1.5,1.53,17909,0
20120120,1.6,1.6,1.4,1.53,28873,0
20120123,1.49,1.57,1.41,1.5,25618,0
20120124,1.55,1.55,1.54,1.54,60,0
20120125,1.55,1.7,1.55,1.63,20095,0
20120126,1.63,1.77,1.63,1.7,42015,0
20120127,1.69,1.71,1.66,1.7,12582,0
20120130,1.7,1.7,1.65,1.67,3579,0
20120131,1.68,1.7,1.68,1.7,5850,0
20120201,1.7,2.05,1.7,2,116201,0
20120202,2.19,2.2,2,2.19,30255,0
20120203,2.23,2.44,2.08,2.27,87406,0
20120206,2.33,3,2.33,3,99008,0
20120207,3.3,3.3,3.12,3.16,308911,0
20120208,3.17,3.25,2.76,3.05,111284,0
20120209,3.07,3.19,2.93,2.97,28818,0
20120210,3,3.18,2.75,2.75,28761,0
20120213,2.77,3.17,2.77,3.1,52353,0
20120214,3.13,3.43,3.06,3.43,45115,0
20120215,3.45,4.16,3.38,4.14,160629,0
20120216,4.14,4.15,4,4.05,33306,0
20120217,4.01,4.46,3.91,4.2,92434,0
20120220,4.3,4.38,4.1,4.11,73079,0
20120221,4,4.1,4,4.1,13955,0
20120222,4,4.15,4,4.04,26992,0
20120223,4.14,4.14,4,4.03,34655,0
20120224,3.91,4,3.9,4,7902,0
20120227,3.91,4.37,3.61,4.09,69900,0
20120228,4.09,4.09,4.01,4.06,10571,0
20120229,4.05,4.05,3.92,4,13306,0
20120301,3.98,3.98,3.8,3.97,13953,0
20120302,3.96,3.96,3.81,3.95,5646,0
20120305,3.94,3.94,3.72,3.9,22595,0
20120306,3.75,3.85,3.72,3.8,3240,0
20120307,3.74,3.9,3.74,3.87,8500,0
20120308,3.87,3.9,3.71,3.89,17732,0
20120309,3.9,4,3.8,3.9,15101,0
20120312,3.87,3.87,3.81,3.83,2537,0
20120313,3.85,3.87,3.72,3.76,13447,0
20120314,3.75,3.8,3.66,3.7,12944,0
20120315,3.64,3.64,3.33,3.56,49468,0
20120316,3.55,3.7,3.45,3.46,26307,0
20120319,3.8,3.8,3.45,3.64,12471,0
20120320,3.7,3.95,3.69,3.8,50911,0
20120321,3.9,3.92,3.55,3.6,17177,0
20120322,3.6,3.74,3.4,3.41,27308,0
20120323,3.5,3.5,2.81,3.25,55139,0
20120326,3.3,3.45,3.3,3.4,16927,0
20120327,3.5,3.55,3.3,3.48,10706,0
20120328,3.55,3.6,3.5,3.55,4141,0
20120329,3.6,3.65,3.42,3.62,5686,0
20120330,3.62,3.74,3.3,3.59,16735,0
20120402,3.6,3.78,3.3,3.5,9960,0
20120403,3.54,3.54,3.3,3.31,8967,0
20120404,3.35,3.42,3.2,3.25,8095,0
20120405,3.35,3.75,3.35,3.59,17047,0
20120410,3.57,3.9,3.57,3.85,25731,0
20120411,3.85,4.23,3.8,4.08,92454,0
20120412,4.13,4.13,3.75,3.81,18264,0
20120413,3.75,3.94,3.5,3.85,29892,0
20120416,4,4.09,3.6,4.09,39699,0
20120417,4.18,4.18,3.96,4.09,48349,0
20120418,4.08,4.08,3.8,4,10934,0
20120419,3.98,4.08,3.81,3.96,14870,0
20120420,3.99,3.99,3.71,3.95,7674,0
20120423,4.09,4.09,3.8,3.95,14584,0
20120424,3.98,3.98,3.79,3.95,5825,0
20120425,3.95,3.99,3.82,3.85,9073,0
20120426,3.99,3.99,3.85,3.99,5220,0
20120427,4,4.03,3.8,4.03,3863,0
20120430,4.03,4.06,3.95,3.97,16081,0
20120502,3.95,3.98,3.95,3.98,7835,0
20120504,3.98,3.98,3.84,3.9,4442,0
20120507,3.66,3.98,3.66,3.75,7807,0
20120508,3.78,3.97,3.67,3.78,11397,0
20120509,3.98,3.98,3.73,3.88,1451,0
20120510,3.75,3.79,3.68,3.68,18596,0
20120511,3.68,3.88,3.68,3.82,8686,0
20120514,3.67,3.81,3.45,3.75,25931,0
20120515,3.75,3.75,3.45,3.7,28833,0
20120516,3.6,3.79,3.35,3.79,10060,0
20120517,3.79,3.84,3.62,3.8,13481,0
20120518,3.61,3.78,3.61,3.78,5040,0
20120521,3.78,3.78,3.6,3.75,2890,0
20120522,3.72,3.72,3.55,3.6,3723,0
20120523,3.5,3.5,3.5,3.5,1007,0
20120524,3.5,3.55,3.43,3.55,1837,0
20120525,3.55,3.55,3.55,3.55,20,0
20120528,3.6,3.6,3.43,3.5,1639,0
20120529,3.5,3.84,3.4,3.79,7582,0
20120530,3.85,4.56,3.85,4.1,132126,0
20120531,4.13,4.19,3.75,3.79,42942,0
20120601,3.8,3.88,3.7,3.76,6009,0
20120604,3.61,4.1,3.6,4,35199,0
20120605,4,4.01,3.9,3.99,23637,0
20120606,3.99,3.99,3.85,3.99,8801,0
20120608,3.99,4.01,3.91,4.01,37020,0
20120611,4.14,4.16,3.73,3.87,32366,0
20120612,3.9,3.9,3.57,3.68,22258,0
20120613,3.85,3.9,3.6,3.9,22008,0
20120614,3.92,3.99,3.8,3.95,16196,0
20120615,3.83,3.95,3.83,3.89,3200,0
20120618,3.8,3.99,3.75,3.84,11938,0
20120619,3.78,3.93,3.75,3.87,19194,0
20120620,3.9,3.95,3.84,3.84,27800,0
20120621,3.89,3.89,3.8,3.89,7405,0
20120622,3.88,3.88,3.7,3.77,6946,0
20120625,3.89,3.89,3.6,3.64,25138,0
20120626,3.64,3.65,3.35,3.49,46874,0
20120627,3.37,3.5,3.2,3.35,19428,0
20120628,3.5,3.59,3.32,3.59,7538,0
20120629,3.5,3.65,3.35,3.64,21013,0
20120702,3.45,3.75,3.41,3.46,16076,0
20120703,3.5,3.5,3.02,3.08,44278,0
20120704,3.08,3.08,2.51,2.66,72997,0
20120705,2.67,2.67,2.37,2.41,96170,0
20120706,2.55,2.55,2.33,2.33,37790,0
20120709,2.49,2.95,2.4,2.95,68091,0
20120710,2.95,2.95,2.71,2.71,80251,0
20120711,2.6,2.75,2.42,2.69,31988,0
20120712,2.45,2.6,2.45,2.5,5504,0
20120713,2.65,2.65,2.5,2.61,3491,0
20120716,2.5,2.65,2.4,2.6,23777,0
20120717,2.6,2.7,2.47,2.62,12100,0
20120718,2.51,2.61,2.46,2.59,13089,0
20120719,2.35,2.5,2.35,2.49,10810,0
20120720,2.54,2.54,2.36,2.49,15419,0
20120723,2.59,2.59,2.35,2.49,7898,0
20120724,2.49,2.49,2.26,2.38,15921,0
20120725,2.39,2.39,2.25,2.31,15747,0
20120726,2.3,2.3,2.05,2.05,55330,0
20120727,2.19,2.19,2.13,2.18,13320,0
20120730,2.18,2.18,2.09,2.17,8782,0
20120731,2.18,2.18,2,2.16,7135,0
20120801,2.15,2.29,1.95,2.24,45075,0
20120802,2.34,2.34,2.26,2.26,1254,0
20120803,2.33,2.38,2.33,2.37,28894,0
20120806,2.38,2.38,2.2,2.25,14381,0
20120807,2.2,2.26,2.2,2.26,6210,0
20120808,2.29,2.29,2.24,2.24,204,0
20120809,2.34,2.34,2.17,2.28,4876,0
20120810,2.3,2.3,2.12,2.28,2395,0
20120813,2.25,2.25,2.16,2.16,3655,0
20120814,2.2,2.2,2.13,2.16,4364,0
20120816,2.19,2.19,2.05,2.07,8868,0
20120817,2.14,2.14,2.04,2.06,12031,0
20120820,2.07,2.11,2.06,2.11,4713,0
20120821,2.15,2.15,2.08,2.11,2614,0
20120822,2.06,2.14,2.01,2.07,87871,0
20120823,2.1,2.1,2.02,2.06,13496,0
20120824,2.06,2.15,2.01,2.15,7448,0
20120827,2.15,2.28,2.1,2.2,3831,0
20120828,2.1,2.25,2.1,2.25,3374,0
20120829,2.21,2.35,2.21,2.33,10456,0
20120830,2.34,2.45,2.29,2.4,18644,0
20120831,2.38,2.38,2.26,2.34,4345,0
20120903,2.27,2.34,2.22,2.34,5515,0
20120904,2.37,2.44,2.34,2.44,22100,0
20120905,2.48,2.84,2.48,2.81,81463,0
20120906,2.79,3.25,2.78,3.15,60280,0
20120907,3.19,3.45,3.15,3.32,47243,0
20120910,3.46,3.46,3.15,3.3,25803,0
20120911,3.23,3.23,3,3.05,69171,0
20120912,3.05,3.1,3.05,3.05,28785,0
20120913,3.1,3.1,2.87,2.9,25843,0
20120914,2.87,3,2.87,2.99,22642,0
20120917,3.05,3.05,2.7,2.76,46673,0
20120918,2.71,2.8,2.7,2.75,5191,0
20120919,2.7,2.79,2.66,2.73,24594,0
20120920,2.73,2.73,2.72,2.72,201,0
20120921,2.78,2.78,2.78,2.78,1,0
20120924,2.77,2.77,2.52,2.6,38015,0
20120925,2.72,2.72,2.45,2.59,17786,0
20120926,2.65,2.65,2.47,2.59,1105,0
20120927,2.62,2.62,2.62,2.62,50,0
20120928,2.62,2.62,2.45,2.6,1222,0
20121001,2.5,2.74,2.5,2.74,10452,0
20121002,2.74,2.74,2.59,2.7,15174,0
20121003,2.7,2.77,2.6,2.74,10898,0
20121004,2.74,2.74,2.6,2.65,3941,0
20121005,2.69,2.69,2.6,2.68,8736,0
20121008,2.67,2.67,2.51,2.65,14787,0
20121009,2.72,2.72,2.59,2.59,1200,0
20121010,2.68,2.69,2.59,2.69,3416,0
20121011,2.65,2.65,2.54,2.58,3177,0
20121012,2.58,2.64,2.52,2.64,4753,0
20121015,2.63,2.63,2.52,2.53,3832,0
20121016,2.52,2.61,2.5,2.61,7055,0
20121017,2.61,2.61,2.47,2.47,3490,0
20121018,2.47,2.52,2.47,2.52,8327,0
20121019,2.55,2.55,2.52,2.52,2442,0
20121022,2.6,2.6,2.4,2.49,17164,0
20121023,2.39,2.49,2.37,2.39,5802,0
20121024,2.5,2.5,2.39,2.39,6920,0
20121025,2.45,2.54,2.44,2.5,13950,0
20121026,2.6,2.6,2.38,2.38,13244,0
20121029,2.4,2.5,2.16,2.4,5155,0
20121030,2.5,2.5,2.42,2.48,4065,0
20121031,2.48,2.48,2.42,2.42,860,0
20121102,2.48,2.48,2.48,2.48,822,0
20121105,2.56,2.56,2.5,2.52,7809,0
20121106,2.6,2.6,2.51,2.57,7620,0
20121107,2.65,2.69,2.6,2.64,3270,0
20121108,2.65,2.65,2.65,2.65,20,0
20121109,2.64,2.64,2.5,2.6,3041,0
20121112,2.64,2.64,2.52,2.53,410,0
20121113,2.59,2.6,2.5,2.6,10450,0
20121114,2.67,2.67,2.5,2.6,3200,0
20121115,2.59,2.6,2.59,2.6,11,0
20121116,2.55,2.59,2.5,2.59,4350,0
20121119,2.55,2.65,2.46,2.64,11195,0
20121120,2.65,2.65,2.55,2.64,8382,0
20121121,2.65,2.67,2.65,2.67,2792,0
20121122,2.69,2.69,2.55,2.64,3563,0
20121123,2.64,2.69,2.64,2.69,1715,0
20121126,2.69,2.77,2.56,2.77,22176,0
20121127,2.59,2.73,2.59,2.72,9244,0
20121128,2.72,2.74,2.7,2.74,1141,0
20121129,2.74,3,2.74,2.88,31339,0
20121130,2.9,2.9,2.88,2.9,1929,0
20121203,2.9,3.1,2.9,3.05,14731,0
20121204,3.1,3.1,3.05,3.07,5339,0
20121205,3.08,3.08,2.88,2.94,5678,0
20121206,2.93,2.93,2.72,2.79,13986,0
20121207,2.79,2.95,2.75,2.95,3989,0
20121210,3,3,2.85,2.97,1262,0
20121211,3.1,3.1,2.95,3.06,316,0
20121212,3.1,3.1,2.94,3,4915,0
20121213,3,3,2.87,2.97,4309,0
20121214,2.96,2.96,2.91,2.95,127,0
20121217,2.9,2.9,2.76,2.89,6905,0
20121218,2.89,2.94,2.89,2.9,6105,0
20121219,2.94,2.98,2.94,2.98,3353,0
20121220,2.95,2.98,2.95,2.98,1472,0
20121221,2.95,2.95,2.83,2.95,7329,0
20121227,3,3,2.89,3,2585,0
20121228,2.95,2.95,2.89,2.95,5180,0
20130102,2.92,2.92,2.77,2.9,8680,0
20130103,2.9,3.05,2.9,3.03,12955,0
20130104,3.05,3.12,3.04,3.09,9282,0
20130107,3.12,3.2,3.06,3.12,11069,0
20130108,3.19,3.19,3.06,3.15,1992,0
20130109,3.15,3.15,3.06,3.1,10242,0
20130110,3.12,3.12,3.1,3.12,5152,0
20130111,3.14,3.14,3.06,3.08,8389,0
20130114,3.09,3.09,3.02,3.05,7320,0
20130115,3.05,3.05,3.02,3.05,3595,0
20130116,3.09,3.09,2.99,2.99,2217,0
20130117,3.05,3.05,3,3,2094,0
20130118,3.05,3.1,3.05,3.1,27,0
20130121,3.09,3.3,3,3.23,18522,0
20130122,3.23,3.23,3.2,3.2,306,0
20130123,3.23,3.23,3.12,3.21,574,0
20130124,3.21,3.21,3.1,3.16,13492,0
20130125,3.2,3.2,3.05,3.08,3954,0
20130128,3.16,3.16,3.02,3.14,580,0
20130129,3.19,3.19,3.04,3.14,1607,0
20130130,3.19,3.19,3.01,3.05,3670,0
20130131,3.1,3.1,3.02,3.1,3022,0
20130201,3.15,3.15,3.01,3.01,4380,0
20130204,3.1,3.1,2.9,3.01,11911,0
20130205,2.95,3,2.85,2.9,22111,0
20130206,2.9,2.9,2.75,2.75,2160,0
20130207,2.79,2.85,2.73,2.75,3720,0
20130208,2.74,2.9,2.74,2.84,5039,0
20130211,2.87,2.9,2.73,2.9,3935,0
20130212,2.97,2.97,2.75,2.88,3147,0
20130213,2.94,2.94,2.75,2.8,4210,0
20130214,2.88,2.89,2.75,2.87,6661,0
20130215,2.9,2.9,2.83,2.83,1277,0
20130218,2.87,2.87,2.7,2.85,392,0
20130219,2.9,2.9,2.75,2.84,407,0
20130220,2.89,2.89,2.71,2.81,6835,0
20130221,2.89,2.89,2.86,2.86,530,0
20130222,2.81,2.81,2.76,2.81,270,0
20130225,2.81,2.81,2.74,2.75,1726,0
20130226,2.79,2.79,2.62,2.66,2565,0
20130227,2.65,2.65,2.46,2.65,5477,0
20130228,2.75,2.75,2.55,2.68,8302,0
20130301,2.75,2.8,2.74,2.8,1834,0
20130304,2.75,2.75,2.6,2.75,8743,0
20130305,2.74,2.76,2.58,2.73,23084,0
20130306,2.79,2.79,2.61,2.74,3495,0
20130307,2.75,2.75,2.58,2.69,6413,0
20130308,2.75,2.99,2.7,2.85,77970,0
20130311,2.83,2.83,2.7,2.79,35744,0
20130312,2.9,2.9,2.65,2.7,11212,0
20130313,2.74,2.79,2.73,2.79,11454,0
20130314,2.86,2.9,2.75,2.9,3752,0
20130315,2.9,2.9,2.75,2.85,1410,0
20130318,2.85,2.85,2.85,2.85,395,0
20130319,2.9,2.9,2.8,2.88,2043,0
20130320,2.92,2.92,2.7,2.79,5050,0
20130321,2.85,2.91,2.7,2.88,3986,0
20130322,2.91,2.91,2.65,2.75,530,0
20130325,2.85,2.85,2.4,2.4,8297,0
20130326,2.63,2.63,2.4,2.5,2114,0
20130327,2.6,2.64,2.35,2.45,9043,0
20130328,2.45,2.45,2.43,2.45,429,0
20130402,2.55,2.55,2.38,2.38,1253,0
20130403,2.5,2.5,2.24,2.38,4215,0
20130404,2.45,2.45,2.32,2.32,410,0
20130405,2.4,2.4,2.24,2.37,2030,0
20130408,2.43,2.43,2.2,2.3,2805,0
20130409,2.3,2.3,2.1,2.24,977,0
20130410,2.26,2.26,2.26,2.26,265,0
20130411,2.29,2.29,2,2,4768,0
20130412,2.08,2.08,1.96,2.04,2788,0
20130415,2.1,2.1,1.9,2,2132,0
20130417,2.1,2.1,2.1,2.1,100,0
20130418,2.2,2.2,2.15,2.15,40,0
20130419,2.25,2.25,2.25,2.25,50,0
20130422,2.3,2.3,2.11,2.15,1861,0
20130423,2,2.14,1.92,1.92,1701,0
20130424,1.9,2,1.9,1.94,4099,0
20130425,1.9,2,1.82,1.85,7320,0
20130426,1.9,1.9,1.85,1.85,2222,0
20130429,1.95,1.95,1.86,1.86,1300,0
20130430,1.98,1.98,1.98,1.98,10,0
20130502,1.98,1.98,1.83,1.83,649,0
20130506,1.9,1.99,1.84,1.96,3775,0
20130507,1.9,2.05,1.9,2.04,20910,0
20130508,2.09,2.09,2.09,2.09,50,0
20130509,2.05,2.05,1.9,2.02,2860,0
20130510,2.04,2.04,2.01,2.01,2920,0
20130513,2.03,2.03,2.02,2.02,210,0
20130514,1.85,1.95,1.83,1.94,1560,0
20130515,2.02,2.02,1.99,2,1708,0
20130516,2.03,2.03,2.02,2.02,400,0
20130517,2.03,2.03,1.96,2,2120,0
20130520,2,2,1.99,1.99,201,0
20130521,2,2,1.91,1.99,320,0
20130522,2.03,2.03,2.02,2.02,230,0
20130523,2.03,2.03,1.83,1.89,8095,0
20130524,1.9,1.9,1.85,1.85,2161,0
20130527,1.86,2.04,1.72,1.98,14187,0
20130528,2,2,1.9,1.94,13502,0
20130529,1.96,1.96,1.96,1.96,400,0
20130531,1.97,1.97,1.97,1.97,10,0
20130603,1.99,1.99,1.99,1.99,10,0
20130604,1.99,1.99,1.85,1.95,3260,0
20130605,1.94,2,1.94,2,6627,0
20130606,2.04,2.04,2.04,2.04,10,0
20130607,2.02,2.03,2,2,1067,0
20130610,2.04,2.04,1.95,2.04,1425,0
20130611,2.03,2.03,1.98,2,1077,0
20130612,2,2,2,2,2010,0
20130613,2.02,2.02,1.95,1.95,3165,0
20130614,1.95,2.01,1.95,2.01,101,0
20130617,2.03,2.21,2,2.21,20375,0
20130618,2.23,2.23,2.15,2.15,610,0
20130619,2.15,2.15,2.15,2.15,11,0
20130620,2.09,2.09,1.97,2.05,1520,0
20130621,2,2,1.96,2,920,0
20130624,2.04,2.04,1.97,1.97,460,0
20130625,2.02,2.02,2.02,2.02,21,0
20130626,2.02,2.02,1.94,1.94,4750,0
20130627,1.95,1.95,1.95,1.95,770,0
20130628,1.96,1.96,1.96,1.96,20,0
20130701,1.94,1.95,1.94,1.95,520,0
20130702,1.94,1.94,1.94,1.94,1030,0
20130703,1.92,1.92,1.92,1.92,125,0
20130704,1.92,1.92,1.92,1.92,10,0
20130705,1.92,1.92,1.92,1.92,20,0
20130708,1.92,1.92,1.91,1.91,211,0
20130709,1.91,1.91,1.91,1.91,16,0
20130710,1.92,1.92,1.8,1.8,4327,0
20130711,1.82,1.82,1.7,1.73,11675,0
20130712,1.73,1.77,1.73,1.76,1991,0
20130715,1.77,1.77,1.75,1.77,2211,0
20130716,1.78,1.78,1.7,1.76,2770,0
20130717,1.76,1.76,1.68,1.75,2510,0
20130718,1.76,1.76,1.75,1.75,1100,0
20130719,1.75,1.77,1.74,1.77,7165,0
20130722,1.84,1.84,1.84,1.84,50,0
20130723,1.86,1.86,1.86,1.86,410,0
20130724,1.9,1.9,1.9,1.9,20,0
20130725,1.89,1.89,1.89,1.89,20,0
20130726,1.9,1.92,1.9,1.9,3442,0
20130729,1.97,1.97,1.9,1.9,514,0
20130730,1.9,1.9,1.86,1.89,3370,0
20130731,1.9,1.9,1.9,1.9,10,0
20130801,1.86,1.86,1.86,1.86,658,0
20130802,1.86,2.01,1.75,2.01,29378,0
20130805,2.01,2.01,1.92,2.01,9159,0
20130806,1.95,1.95,1.89,1.93,4020,0
20130807,1.93,1.93,1.93,1.93,3190,0
20130808,1.96,1.96,1.9,1.9,4987,0
20130809,1.96,1.99,1.92,1.99,5532,0
20130812,2,2,1.95,1.99,2979,0
20130813,1.99,1.99,1.99,1.99,10,0
20130814,1.99,2,1.99,1.99,9139,0
20130816,2.02,2.02,1.99,1.99,4920,0
20130819,2,2,1.99,1.99,2718,0
20130820,1.97,1.97,1.97,1.97,20,0
20130821,1.96,1.96,1.96,1.96,13,0
20130822,1.97,1.97,1.97,1.97,220,0
20130823,1.97,1.97,1.97,1.97,40,0
20130826,1.97,1.97,1.97,1.97,486,0
20130827,1.98,1.98,1.98,1.98,20,0
20130828,1.97,1.97,1.91,1.91,1010,0
20130829,1.94,1.94,1.88,1.88,1167,0
20130830,1.93,1.93,1.93,1.93,20,0
20130902,1.93,1.93,1.93,1.93,200,0
20130903,1.94,1.94,1.94,1.94,200,0
20130904,1.94,1.94,1.9,1.94,1150,0
20130905,1.99,1.99,1.95,1.95,1210,0
20130906,1.96,1.96,1.96,1.96,10,0
20130909,1.95,2.14,1.95,2.14,7373,0
20130910,2.2,2.4,2.17,2.37,44672,0
20130911,2.37,2.37,2.23,2.3,2777,0
20130912,2.32,2.32,2.32,2.32,21,0
20130913,2.32,2.32,2.24,2.3,212,0
20130916,2.3,2.31,2.3,2.3,1600,0
20130917,2.3,2.3,2.24,2.24,863,0
20130918,2.24,2.3,2.24,2.24,446,0
20130919,2.24,2.24,2.2,2.2,2001,0
20130920,2.2,2.2,2.2,2.2,455,0
20130923,2.2,2.2,2.2,2.2,13,0
20130924,2.21,2.24,2.21,2.24,1739,0
20130925,2.22,2.22,2.16,2.16,711,0
20130926,2.22,2.22,2.15,2.16,45,0
20130927,2.17,2.17,2.17,2.17,13,0
20130930,2.23,2.23,2.23,2.23,186,0
20131001,2.25,2.25,2.25,2.25,40,0
20131002,2.28,2.5,2.28,2.48,8588,0
20131003,2.45,2.58,2.45,2.57,13531,0
20131004,2.59,2.63,2.55,2.63,37198,0
20131007,2.63,2.64,2.6,2.6,17621,0
20131008,2.61,2.72,2.6,2.72,21611,0
20131009,2.74,2.75,2.65,2.7,9832,0
20131010,2.71,2.8,2.7,2.75,9771,0
20131011,2.76,2.76,2.7,2.76,8915,0
20131014,2.8,2.8,2.79,2.79,2510,0
20131015,2.78,2.85,2.7,2.8,16060,0
20131016,2.8,2.84,2.7,2.7,51059,0
20131017,2.7,2.73,2.7,2.73,9988,0
20131018,2.73,2.73,2.69,2.7,11053,0
20131021,2.7,2.7,2.6,2.69,1343,0
20131022,2.67,2.69,2.62,2.69,13730,0
20131023,2.69,2.69,2.69,2.69,487,0
20131024,2.69,2.7,2.65,2.7,1598,0
20131025,2.7,2.7,2.61,2.69,41,0
20131028,2.69,2.69,2.63,2.69,1119,0
20131029,2.69,2.69,2.62,2.67,2503,0
20131030,2.67,2.67,2.67,2.67,18,0
20131031,2.67,2.67,2.64,2.64,5459,0
20131104,2.68,2.9,2.68,2.85,31585,0
20131105,2.85,2.85,2.7,2.8,8735,0
20131106,2.78,2.79,2.75,2.79,8171,0
20131107,2.79,2.79,2.79,2.79,1001,0
20131108,2.78,2.78,2.74,2.77,17003,0
20131112,2.77,2.84,2.77,2.84,125,0
20131113,2.84,2.84,2.84,2.84,2,0
20131114,2.85,2.88,2.85,2.88,2151,0
20131115,2.86,2.86,2.78,2.83,7421,0
20131118,2.89,2.89,2.75,2.8,3771,0
20131119,2.81,2.81,2.8,2.8,2264,0
20131120,2.8,2.83,2.75,2.75,10775,0
20131121,2.75,2.83,2.75,2.83,60,0
20131122,2.83,2.83,2.8,2.8,3452,0
20131125,2.8,2.88,2.8,2.8,361,0
20131126,2.88,2.88,2.78,2.84,541,0
20131127,2.84,2.84,2.78,2.8,301,0
20131128,2.8,2.8,2.75,2.8,41,0
20131129,2.8,2.8,2.75,2.8,2903,0
20131202,2.86,2.86,2.86,2.86,1500,0
20131203,2.83,2.83,2.83,2.83,20,0
20131204,2.8,2.8,2.8,2.8,202,0
20131205,2.8,2.8,2.8,2.8,2,0
20131206,2.83,2.83,2.75,2.83,4034,0
20131209,2.83,2.83,2.83,2.83,2,0
20131210,2.83,2.83,2.83,2.83,1,0
20131211,2.82,2.82,2.82,2.82,21,0
20131212,2.82,2.82,2.71,2.78,441,0
20131213,2.74,2.74,2.72,2.72,37,0
20131216,2.74,2.74,2.7,2.74,6072,0
20131217,2.7,2.77,2.7,2.77,1120,0
20131218,2.77,2.77,2.77,2.77,2,0
20131219,2.77,2.77,2.7,2.77,2011,0
20131220,2.7,2.77,2.7,2.77,6227,0
20131223,2.78,2.78,2.65,2.66,2868,0
20131227,2.78,2.78,2.78,2.78,10,0
20131230,2.78,2.78,2.78,2.78,20,0
20140102,2.85,2.85,2.71,2.71,4389,0
20140103,2.78,2.78,2.78,2.78,10,0
20140107,2.78,2.78,2.65,2.65,2020,0
20140108,2.7,2.7,2.5,2.55,4907,0
20140109,2.55,2.55,2.42,2.51,913,0
20140110,2.51,2.51,2.51,2.51,20,0
20140113,2.5,2.5,2.5,2.5,11,0
20140114,2.51,2.51,2.51,2.51,20,0
20140115,2.5,2.5,2.5,2.5,40,0
20140116,2.52,2.52,2.52,2.52,20,0
20140117,2.51,2.51,2.51,2.51,49,0
20140120,2.51,2.51,2.51,2.51,18,0
20140121,2.5,2.5,2.5,2.5,45,0
20140122,2.49,2.49,2.49,2.49,10,0
20140123,2.5,2.5,2.5,2.5,20,0
20140124,2.5,2.5,2.39,2.47,416,0
20140127,2.46,2.46,2.46,2.46,10,0
20140128,2.44,2.44,2.33,2.39,330,0
20140129,2.29,2.29,2.1,2.21,13578,0
20140130,2.2,2.2,2.2,2.2,20,0
20140131,2.16,2.35,2.16,2.35,8705,0
20140203,2.39,2.39,2.35,2.39,70,0
20140204,2.4,2.4,2.4,2.4,20,0
20140205,2.4,2.4,2.4,2.4,20,0
20140206,2.4,2.4,2.4,2.4,140,0
20140207,2.39,2.39,2.29,2.37,230,0
20140210,2.36,2.36,2.3,2.3,641,0
20140211,2.39,2.39,2.3,2.39,2030,0
20140212,2.39,2.39,2.39,2.39,20,0
20140213,2.39,2.39,2.3,2.38,2725,0
20140214,2.39,2.39,2.3,2.39,2857,0
20140217,2.39,2.39,2.28,2.39,920,0
20140218,2.39,2.39,2.36,2.36,55,0
20140219,2.39,2.39,2.38,2.38,35,0
20140220,2.38,2.38,2.38,2.38,11,0
20140221,2.38,2.38,2.27,2.27,3630,0
20140224,2.27,2.27,2.17,2.23,1133,0
20140225,2.2,2.2,2.2,2.2,21,0
20140226,2.2,2.2,2.18,2.18,306,0
20140227,2.18,2.18,2.14,2.15,906,0
20140228,2.2,2.26,2.2,2.26,1663,0
20140303,2.25,2.25,2.05,2.05,4510,0
20140304,2.06,2.06,2.05,2.05,2582,0
20140305,2.05,2.05,1.96,2,2480,0
20140306,2,2,1.8,1.9,15058,0
20140307,1.9,1.9,1.86,1.9,520,0
20140310,1.9,1.9,1.9,1.9,20,0
20140311,1.9,1.9,1.81,1.9,5160,0
20140312,1.9,1.9,1.9,1.9,20,0
20140313,1.89,1.89,1.89,1.89,21,0
20140314,1.89,1.89,1.89,1.89,21,0
20140317,1.89,1.89,1.8,1.8,5959,0
20140318,1.75,1.8,1.75,1.8,660,0
20140319,1.84,1.84,1.84,1.84,450,0
20140320,1.83,1.83,1.83,1.83,15,0
20140321,1.84,1.84,1.84,1.84,2020,0
20140324,1.86,1.86,1.86,1.86,20,0
20140325,1.86,1.86,1.86,1.86,1811,0
20140326,1.86,1.86,1.8,1.8,3234,0
20140327,1.83,1.83,1.83,1.83,20,0
20140328,1.83,2,1.79,1.9,16024,0
20140331,1.9,1.9,1.9,1.9,1562,0
20140401,1.9,1.92,1.9,1.92,655,0
20140402,1.93,1.93,1.93,1.93,500,0
20140403,1.93,1.93,1.93,1.93,5,0
20140404,1.91,1.91,1.85,1.85,1594,0
20140407,1.87,1.87,1.82,1.82,1150,0
20140408,1.87,1.87,1.83,1.83,1020,0
20140409,1.87,1.87,1.78,1.78,1320,0
20140410,1.77,1.85,1.77,1.85,1581,0
20140411,1.85,1.85,1.75,1.8,3165,0
20140414,1.8,1.8,1.69,1.79,874,0
20140415,1.79,1.79,1.79,1.79,20,0
20140416,1.79,1.79,1.79,1.79,20,0
20140417,1.78,1.78,1.78,1.78,3885,0
20140422,1.76,1.8,1.67,1.8,6670,0
20140423,1.8,1.8,1.8,1.8,10,0
20140424,1.85,1.85,1.85,1.85,2000,0
20140425,1.78,1.78,1.71,1.78,667,0
20140428,1.78,1.78,1.78,1.78,10,0
20140429,1.78,1.78,1.77,1.77,21,0
20140430,1.77,1.77,1.77,1.77,18,0
20140502,1.78,1.78,1.78,1.78,10,0
20140505,1.78,1.78,1.68,1.74,1030,0
20140506,1.73,1.73,1.7,1.7,110,0
20140507,1.7,1.7,1.68,1.68,80,0
20140508,1.7,1.72,1.68,1.71,4059,0
20140509,1.72,1.72,1.72,1.72,26,0
20140512,1.69,1.69,1.69,1.69,30,0
20140513,1.74,1.74,1.74,1.74,100,0
20140514,1.7,1.7,1.61,1.64,3555,0
20140515,1.69,1.69,1.69,1.69,20,0
20140516,1.68,1.68,1.68,1.68,10,0
20140519,1.67,1.67,1.67,1.67,500,0
20140520,1.68,1.68,1.62,1.62,455,0
20140521,1.65,1.65,1.64,1.64,122,0
20140522,1.65,1.67,1.65,1.65,3226,0
20140523,1.66,1.66,1.62,1.65,2698,0
20140526,1.65,1.71,1.65,1.65,3935,0
20140527,1.65,1.67,1.65,1.67,750,0
20140528,1.67,1.68,1.67,1.68,1770,0
20140529,1.68,1.69,1.65,1.65,2940,0
20140530,1.65,1.65,1.61,1.65,1316,0
20140602,1.65,1.65,1.65,1.65,20,0
20140603,1.65,1.65,1.65,1.65,120,0
20140604,1.64,1.67,1.64,1.67,1310,0
20140605,1.66,1.67,1.66,1.67,514,0
20140606,1.67,1.72,1.67,1.72,5075,0
20140609,1.67,1.72,1.67,1.72,540,0
20140610,1.7,1.7,1.7,1.7,50,0
20140611,1.7,1.7,1.7,1.7,355,0
20140612,1.7,1.7,1.7,1.7,15,0
20140613,1.7,1.7,1.7,1.7,10,0
