Date,Open,High,Low,Close,Volume,OpenInt
20091222,0.0836,0.0876,0.082,0.0848,2316075,0
20091223,0.082,0.082,0.076,0.076,683850,0
20091228,0.072,0.072,0.0652,0.0664,798000,0
20091229,0.068,0.0708,0.068,0.0696,513175,0
20091230,0.0708,0.0772,0.07,0.0772,135400,0
20091231,0.076,0.08,0.0748,0.08,114100,0
20100104,0.0812,0.082,0.0736,0.0796,203525,0
20100105,0.0792,0.0792,0.0732,0.0732,77500,0
20100106,0.0784,0.0784,0.0776,0.078,63750,0
20100107,0.0776,0.0776,0.0712,0.072,145500,0
20100108,0.076,0.0768,0.0748,0.0764,56250,0
20100111,0.076,0.0764,0.076,0.0764,71625,0
20100112,0.078,0.078,0.0728,0.0728,60600,0
20100113,0.076,0.076,0.0744,0.0744,42500,0
20100114,0.0728,0.074,0.0728,0.074,76775,0
20100115,0.0732,0.076,0.0732,0.076,18750,0
20100118,0.0788,0.0788,0.074,0.074,40900,0
20100119,0.0732,0.0732,0.0732,0.0732,33325,0
20100121,0.072,0.072,0.07,0.07,100000,0
20100122,0.0732,0.0736,0.0732,0.0732,151225,0
20100125,0.0692,0.072,0.0688,0.072,37275,0
20100126,0.072,0.074,0.07,0.074,640525,0
20100127,0.0716,0.0756,0.0716,0.074,151625,0
20100128,0.0696,0.07,0.0696,0.07,20750,0
20100129,0.0704,0.0704,0.0704,0.0704,6250,0
20100201,0.0704,0.0756,0.0704,0.0756,180875,0
20100202,0.0756,0.0756,0.0704,0.0704,149975,0
20100204,0.0704,0.0716,0.0704,0.0704,45125,0
20100205,0.0692,0.0692,0.0672,0.068,214100,0
20100208,0.074,0.074,0.0672,0.0672,9225,0
20100209,0.0688,0.0688,0.0684,0.0684,15400,0
20100210,0.0736,0.0736,0.0676,0.068,82500,0
20100211,0.0676,0.0684,0.0676,0.0684,6025,0
20100212,0.0676,0.0676,0.0672,0.0672,80000,0
20100215,0.0672,0.068,0.0632,0.064,596725,0
20100216,0.064,0.068,0.064,0.068,56700,0
20100217,0.0676,0.068,0.064,0.064,1033350,0
20100218,0.064,0.0676,0.064,0.0648,140000,0
20100219,0.0676,0.07,0.0672,0.07,413425,0
20100222,0.072,0.0732,0.0684,0.0684,71050,0
20100223,0.072,0.0828,0.072,0.082,1394475,0
20100224,0.082,0.082,0.0736,0.0736,1092150,0
20100225,0.0736,0.0792,0.0736,0.0772,91125,0
20100301,0.0724,0.0772,0.0724,0.0772,7500,0
20100302,0.076,0.0796,0.076,0.0792,750750,0
20100303,0.0764,0.0792,0.076,0.0788,579750,0
20100304,0.0792,0.0828,0.0792,0.0828,176050,0
20100305,0.0808,0.0848,0.0804,0.082,354450,0
20100308,0.084,0.084,0.082,0.082,597750,0
20100309,0.082,0.084,0.082,0.082,200500,0
20100310,0.084,0.084,0.082,0.082,156500,0
20100311,0.082,0.082,0.082,0.082,400725,0
20100312,0.0768,0.0824,0.0768,0.082,166625,0
20100315,0.078,0.0816,0.0768,0.08,575900,0
20100316,0.0796,0.0812,0.0796,0.0812,589175,0
20100317,0.0796,0.08,0.078,0.0784,1417775,0
20100318,0.08,0.08,0.08,0.08,6300,0
20100319,0.0772,0.0772,0.0764,0.0772,749025,0
20100323,0.0792,0.0792,0.0744,0.0744,41150,0
20100324,0.072,0.0736,0.0684,0.0696,172100,0
20100325,0.076,0.076,0.0684,0.0712,594700,0
20100326,0.078,0.08,0.072,0.072,47000,0
20100329,0.0784,0.0784,0.072,0.072,600,0
20100330,0.078,0.0784,0.074,0.0776,27575,0
20100331,0.0776,0.0776,0.0748,0.0764,19825,0
20100401,0.0748,0.0748,0.074,0.074,39175,0
20100406,0.0752,0.078,0.0752,0.0764,11875,0
20100407,0.072,0.072,0.072,0.072,25,0
20100408,0.078,0.078,0.0724,0.0724,75,0
20100409,0.0756,0.0756,0.0732,0.0732,5150,0
20100412,0.0776,0.0776,0.0776,0.0776,2500,0
20100413,0.078,0.078,0.0772,0.0776,141175,0
20100414,0.0784,0.0784,0.074,0.078,54400,0
20100415,0.078,0.0792,0.078,0.0792,250625,0
20100416,0.076,0.076,0.076,0.076,10000,0
20100419,0.074,0.0788,0.074,0.0784,30050,0
20100420,0.074,0.078,0.074,0.074,12550,0
20100421,0.078,0.078,0.0744,0.0744,59875,0
20100422,0.074,0.076,0.074,0.074,118100,0
20100423,0.074,0.074,0.068,0.0724,57550,0
20100426,0.0728,0.074,0.072,0.074,186225,0
20100427,0.076,0.076,0.0696,0.072,185400,0
20100428,0.07,0.07,0.07,0.07,5250,0
20100429,0.072,0.072,0.0712,0.0712,71325,0
20100504,0.0712,0.0712,0.0648,0.0664,120000,0
20100505,0.0756,0.0756,0.0672,0.0756,19550,0
20100506,0.0756,0.0756,0.0756,0.0756,500,0
20100507,0.0736,0.0736,0.0688,0.0688,18000,0
20100510,0.0752,0.0752,0.0752,0.0752,5000,0
20100511,0.0748,0.0748,0.0748,0.0748,2500,0
20100512,0.0716,0.072,0.0716,0.072,3750,0
20100514,0.068,0.068,0.068,0.068,18225,0
20100517,0.0752,0.0752,0.0752,0.0752,3750,0
20100518,0.072,0.0748,0.068,0.0748,319200,0
20100519,0.072,0.072,0.072,0.072,2500,0
20100524,0.0684,0.0716,0.0664,0.0664,19250,0
20100525,0.0744,0.0744,0.0672,0.0688,581750,0
20100526,0.0688,0.0696,0.064,0.0696,326125,0
20100527,0.0648,0.0712,0.0648,0.0704,72300,0
20100528,0.07,0.07,0.07,0.07,2500,0
20100531,0.0652,0.07,0.0652,0.0664,43775,0
20100601,0.068,0.0704,0.068,0.068,109975,0
20100602,0.07,0.07,0.07,0.07,46475,0
20100604,0.0672,0.0672,0.0672,0.0672,5000,0
20100607,0.0716,0.0716,0.0708,0.0708,12500,0
20100609,0.068,0.068,0.068,0.068,8750,0
20100610,0.0704,0.0704,0.068,0.068,13750,0
20100611,0.0712,0.0712,0.0712,0.0712,5000,0
20100614,0.0712,0.0712,0.0712,0.0712,12500,0
20100615,0.0692,0.0692,0.0692,0.0692,12500,0
20100616,0.0716,0.0716,0.0716,0.0716,7500,0
20100617,0.0716,0.0716,0.0696,0.0696,19300,0
20100618,0.0696,0.0696,0.0696,0.0696,70625,0
20100621,0.0692,0.0692,0.0692,0.0692,3750,0
20100622,0.0692,0.0692,0.0688,0.0688,8750,0
20100623,0.0704,0.0704,0.0704,0.0704,5000,0
20100624,0.0696,0.07,0.0696,0.07,144775,0
20100625,0.0708,0.0708,0.0708,0.0708,105225,0
20100628,0.068,0.0708,0.068,0.0708,65000,0
20100629,0.0708,0.0708,0.0708,0.0708,7000,0
20100702,0.0676,0.068,0.0676,0.068,37425,0
20100705,0.0708,0.0708,0.0684,0.0684,42850,0
20100706,0.0684,0.0708,0.0684,0.0708,17500,0
20100707,0.068,0.068,0.068,0.068,425,0
20100709,0.0684,0.0684,0.068,0.0684,46975,0
20100712,0.0688,0.0688,0.0688,0.0688,2500,0
20100714,0.0696,0.0696,0.0696,0.0696,42200,0
20100716,0.0696,0.0696,0.0672,0.0696,347800,0
20100719,0.0672,0.07,0.0672,0.07,18750,0
20100720,0.0708,0.0708,0.07,0.07,16250,0
20100722,0.0696,0.0696,0.0692,0.0692,31250,0
20100723,0.068,0.068,0.068,0.068,42200,0
20100726,0.0676,0.0676,0.0668,0.0668,114975,0
20100728,0.0672,0.0688,0.0672,0.0688,91200,0
20100729,0.068,0.0684,0.068,0.0684,26450,0
20100730,0.0692,0.0692,0.0692,0.0692,27225,0
20100809,0.0684,0.0684,0.0636,0.0676,121175,0
20100810,0.0676,0.0676,0.0676,0.0676,675,0
20100811,0.0644,0.0644,0.062,0.062,621525,0
20100812,0.062,0.0672,0.0616,0.0672,127375,0
20100813,0.0644,0.066,0.0644,0.066,108000,0
20100817,0.0668,0.0668,0.066,0.066,35625,0
20100818,0.066,0.066,0.066,0.066,66125,0
20100819,0.066,0.0676,0.066,0.0676,67500,0
20100820,0.0664,0.0684,0.0664,0.0684,183750,0
20100823,0.0684,0.0684,0.0672,0.0672,8750,0
20100824,0.0664,0.0684,0.0664,0.0684,35500,0
20100825,0.0664,0.068,0.0664,0.068,192500,0
20100826,0.068,0.068,0.068,0.068,5000,0
20100827,0.0684,0.0684,0.0684,0.0684,3750,0
20100830,0.0684,0.0692,0.0684,0.0692,28750,0
20100831,0.0684,0.0684,0.0684,0.0684,3750,0
20100901,0.0684,0.0684,0.0668,0.0676,265600,0
20100902,0.0676,0.0676,0.0676,0.0676,7500,0
20100903,0.0676,0.0676,0.0676,0.0676,5625,0
20100906,0.0668,0.0676,0.0664,0.0676,130975,0
20100907,0.066,0.066,0.0656,0.0656,25750,0
20100908,0.068,0.068,0.0648,0.0648,27500,0
20100910,0.0676,0.0676,0.0676,0.0676,5000,0
20100915,0.0656,0.0672,0.0656,0.0672,18750,0
20100917,0.0672,0.0672,0.0672,0.0672,52500,0
20100920,0.0656,0.0656,0.0656,0.0656,7500,0
20100921,0.0664,0.0672,0.066,0.0672,224250,0
20100922,0.0656,0.0656,0.0652,0.0652,44275,0
20100923,0.0652,0.0652,0.0652,0.0652,42275,0
20100928,0.0648,0.0648,0.0632,0.0632,205900,0
20100929,0.064,0.064,0.064,0.064,106250,0
20100930,0.0632,0.0632,0.0628,0.0628,98500,0
20101001,0.0628,0.0628,0.0624,0.0624,11250,0
20101004,0.062,0.062,0.0616,0.0616,44975,0
20101005,0.0616,0.0632,0.0616,0.0616,177550,0
20101008,0.0604,0.0604,0.06,0.06,61125,0
20101012,0.06,0.0612,0.0584,0.06,97000,0
20101013,0.0596,0.0596,0.0596,0.0596,2000,0
20101014,0.062,0.0652,0.062,0.0652,288575,0
20101015,0.0624,0.0624,0.0624,0.0624,38250,0
20101018,0.0636,0.0636,0.0584,0.06,286625,0
20101019,0.062,0.062,0.0616,0.0616,11950,0
20101020,0.0612,0.0612,0.0604,0.0604,59325,0
20101022,0.0616,0.0616,0.0604,0.0604,12800,0
20101026,0.0608,0.0608,0.0608,0.0608,25000,0
20101027,0.0608,0.0608,0.0608,0.0608,5000,0
20101028,0.0608,0.0608,0.0604,0.0604,53500,0
20101029,0.0604,0.0604,0.0604,0.0604,25000,0
20101102,0.0612,0.0612,0.0612,0.0612,25000,0
20101103,0.0608,0.0608,0.06,0.06,132000,0
20101105,0.06,0.06,0.06,0.06,12500,0
20101109,0.0604,0.0604,0.0604,0.0604,190725,0
20101110,0.0604,0.0624,0.0604,0.0624,944150,0
20101112,0.0624,0.0624,0.0624,0.0624,16500,0
20101116,0.0604,0.0604,0.0604,0.0604,31275,0
20101117,0.0604,0.0604,0.0592,0.0592,108000,0
20101122,0.0592,0.0592,0.0592,0.0592,4250,0
20101123,0.0604,0.0604,0.0604,0.0604,5000,0
20101124,0.0608,0.0852,0.0608,0.0852,6036175,0
20101125,0.0872,0.0872,0.0728,0.08,4022925,0
20101126,0.08,0.0804,0.068,0.0724,3665675,0
20101129,0.0712,0.0712,0.068,0.068,369850,0
20101130,0.0692,0.0748,0.068,0.0708,1229375,0
20101201,0.0708,0.076,0.0708,0.076,1577650,0
20101202,0.0756,0.076,0.07,0.0756,662300,0
20101203,0.0728,0.0744,0.0684,0.0744,763500,0
20101206,0.0716,0.072,0.0624,0.0672,2795200,0
20101207,0.0696,0.0696,0.0684,0.0688,257375,0
20101208,0.0692,0.0692,0.0668,0.0688,95325,0
20101209,0.0672,0.0688,0.0648,0.0652,217800,0
20101210,0.0676,0.0676,0.0652,0.0676,172475,0
20101213,0.0676,0.068,0.0644,0.0648,262675,0
20101214,0.0656,0.0684,0.0656,0.0656,369625,0
20101215,0.0652,0.0652,0.0644,0.0644,73750,0
20101216,0.0664,0.0664,0.0664,0.0664,5200,0
20101217,0.0644,0.0648,0.064,0.0648,240000,0
20101220,0.0632,0.0644,0.0632,0.0644,119150,0
20101222,0.0624,0.0664,0.0624,0.0656,201925,0
20101223,0.0672,0.0684,0.0648,0.0672,314350,0
20101227,0.0676,0.068,0.0648,0.0664,153375,0
20101228,0.066,0.0676,0.0644,0.0644,128500,0
20101229,0.064,0.0652,0.0632,0.0632,305750,0
20101230,0.0636,0.0636,0.0636,0.0636,4125,0
20101231,0.0668,0.0668,0.0668,0.0668,50,0
20110103,0.0668,0.0672,0.0668,0.0672,61525,0
20110105,0.0636,0.0636,0.0636,0.0636,21000,0
20110107,0.0636,0.064,0.0632,0.0636,131600,0
20110110,0.0636,0.0636,0.0636,0.0636,72575,0
20110111,0.0644,0.0656,0.064,0.064,22500,0
20110112,0.064,0.064,0.064,0.064,21250,0
20110113,0.0636,0.0656,0.0632,0.0632,161825,0
20110117,0.0624,0.0624,0.0624,0.0624,17500,0
20110118,0.064,0.0648,0.064,0.064,26875,0
20110119,0.064,0.064,0.0612,0.062,45250,0
20110120,0.062,0.064,0.062,0.0624,25000,0
20110124,0.062,0.0632,0.062,0.0632,83500,0
20110125,0.0632,0.0632,0.0596,0.0612,696050,0
20110126,0.0608,0.062,0.0604,0.0604,63675,0
20110127,0.062,0.062,0.0604,0.0612,175250,0
20110128,0.0612,0.0612,0.0596,0.0596,279625,0
20110131,0.06,0.06,0.06,0.06,150000,0
20110201,0.0596,0.0596,0.0584,0.0592,64700,0
20110202,0.06,0.0604,0.06,0.06,83750,0
20110203,0.0592,0.0592,0.0592,0.0592,20000,0
20110204,0.0596,0.0596,0.0596,0.0596,45075,0
20110207,0.0604,0.0604,0.0604,0.0604,11050,0
20110208,0.0608,0.0608,0.0608,0.0608,14700,0
20110209,0.0612,0.0612,0.0604,0.0612,99850,0
20110211,0.0612,0.0612,0.0612,0.0612,21525,0
20110214,0.0612,0.0612,0.0608,0.0608,81150,0
20110215,0.0608,0.0608,0.0608,0.0608,7500,0
20110217,0.0612,0.0612,0.0612,0.0612,48425,0
20110221,0.06,0.06,0.0596,0.0596,13775,0
20110222,0.0596,0.0596,0.0596,0.0596,15025,0
20110223,0.0604,0.0604,0.0604,0.0604,33200,0
20110225,0.06,0.0604,0.058,0.0604,49925,0
20110301,0.06,0.0608,0.06,0.0608,13800,0
20110304,0.06,0.06,0.06,0.06,26225,0
20110307,0.06,0.06,0.06,0.06,47500,0
20110308,0.0588,0.0588,0.0588,0.0588,63775,0
20110310,0.0604,0.0604,0.0604,0.0604,34100,0
20110314,0.0604,0.0604,0.0588,0.0588,72100,0
20110315,0.0592,0.0592,0.058,0.058,36200,0
20110316,0.0592,0.0592,0.0592,0.0592,14750,0
20110317,0.058,0.0584,0.0568,0.0568,179050,0
20110318,0.0568,0.0568,0.0548,0.0564,175600,0
20110322,0.0568,0.0576,0.0568,0.0568,75000,0
20110324,0.0548,0.0548,0.0548,0.0548,12500,0
20110325,0.0548,0.0548,0.0548,0.0548,57250,0
20110328,0.0564,0.06,0.0564,0.0588,290500,0
20110329,0.0588,0.0608,0.0584,0.0584,90125,0
20110330,0.0584,0.0584,0.0584,0.0584,25000,0
20110401,0.06,0.0608,0.06,0.0608,117450,0
20110404,0.06,0.06,0.06,0.06,27050,0
20110406,0.0584,0.0584,0.056,0.0584,117375,0
20110407,0.056,0.06,0.0556,0.06,411650,0
20110408,0.06,0.06,0.0568,0.0568,262000,0
20110412,0.056,0.056,0.0548,0.0548,165850,0
20110413,0.056,0.058,0.056,0.058,41500,0
20110414,0.058,0.058,0.0552,0.0568,90500,0
20110415,0.0556,0.056,0.0536,0.056,758925,0
20110419,0.0532,0.0532,0.0532,0.0532,20000,0
20110420,0.054,0.054,0.0532,0.0532,42725,0
20110426,0.0536,0.0536,0.052,0.052,258700,0
20110427,0.052,0.0544,0.0508,0.0544,11625,0
20110502,0.0552,0.0552,0.0552,0.0552,16250,0
20110506,0.054,0.056,0.0528,0.056,100775,0
20110509,0.0532,0.0532,0.0528,0.0528,44900,0
20110510,0.0532,0.0532,0.0532,0.0532,22500,0
20110517,0.0512,0.0512,0.048,0.0488,285500,0
20110518,0.0464,0.0464,0.0464,0.0464,36250,0
20110519,0.0464,0.0472,0.0444,0.0472,320850,0
20110525,0.0468,0.0468,0.0468,0.0468,25325,0
20110527,0.0476,0.0476,0.0476,0.0476,3825,0
20110601,0.0476,0.052,0.0476,0.052,350550,0
20110602,0.052,0.052,0.052,0.052,25000,0
20110603,0.052,0.0528,0.052,0.0528,94075,0
20110606,0.0552,0.0576,0.0552,0.0552,50400,0
20110610,0.05,0.05,0.05,0.05,25000,0
20110613,0.0504,0.054,0.0504,0.0532,114750,0
20110614,0.0528,0.0528,0.0528,0.0528,3000,0
20110615,0.05,0.05,0.05,0.05,16100,0
20110616,0.0528,0.0528,0.0528,0.0528,25000,0
20110620,0.0488,0.0488,0.0488,0.0488,7500,0
20110621,0.0488,0.0492,0.0488,0.0492,88500,0
20110624,0.0476,0.0476,0.0476,0.0476,37500,0
20110627,0.048,0.048,0.048,0.048,25000,0
20110628,0.0504,0.0504,0.0504,0.0504,125,0
20110629,0.0468,0.0468,0.0468,0.0468,7625,0
20110630,0.0468,0.0468,0.0468,0.0468,113075,0
20110701,0.0472,0.0472,0.0472,0.0472,37500,0
20110704,0.0496,0.0496,0.0496,0.0496,5000,0
20110705,0.0468,0.0468,0.0468,0.0468,50000,0
20110706,0.0496,0.0496,0.0496,0.0496,5000,0
20110707,0.0468,0.0488,0.0448,0.0464,89400,0
20110712,0.0452,0.0464,0.0452,0.0464,47525,0
20110718,0.0444,0.0444,0.042,0.042,153050,0
20110719,0.0404,0.0404,0.04,0.0404,120000,0
20110721,0.0432,0.0432,0.0432,0.0432,10000,0
20110722,0.0432,0.0452,0.0432,0.0452,212500,0
20110725,0.0464,0.0464,0.0464,0.0464,107225,0
20110727,0.044,0.044,0.044,0.044,37500,0
20110728,0.0428,0.0428,0.0428,0.0428,62500,0
20110801,0.0404,0.0404,0.0404,0.0404,62500,0
20110803,0.0404,0.0404,0.04,0.04,487900,0
20110804,0.0404,0.0404,0.0404,0.0404,87500,0
20110805,0.04,0.04,0.04,0.04,153750,0
20110808,0.0396,0.0396,0.0384,0.0384,243575,0
20110810,0.0356,0.038,0.032,0.038,156450,0
20110816,0.036,0.036,0.036,0.036,66250,0
20110817,0.0368,0.0368,0.036,0.036,20000,0
20110819,0.0324,0.0356,0.032,0.0356,457825,0
20110822,0.0332,0.0332,0.0332,0.0332,56500,0
20110824,0.0328,0.0328,0.0328,0.0328,2500,0
20110825,0.03,0.0328,0.03,0.0316,900675,0
20110831,0.0328,0.0328,0.0328,0.0328,52500,0
20110902,0.032,0.0332,0.032,0.0332,182375,0
20110905,0.032,0.032,0.032,0.032,125000,0
20110908,0.0316,0.0316,0.0316,0.0316,125000,0
20110912,0.03,0.032,0.03,0.032,36500,0
20110913,0.03,0.03,0.0292,0.0292,475000,0
20110914,0.0292,0.0292,0.0292,0.0292,20250,0
20110915,0.0292,0.0292,0.0292,0.0292,15000,0
20110916,0.0292,0.0292,0.0292,0.0292,12475,0
20110919,0.03,0.03,0.03,0.03,37500,0
20110921,0.028,0.028,0.028,0.028,8150,0
20110922,0.0276,0.0296,0.0276,0.0292,534975,0
20110923,0.0272,0.0272,0.0244,0.0252,1913775,0
20110927,0.0252,0.0252,0.0252,0.0252,27500,0
20110928,0.026,0.026,0.026,0.026,87500,0
20110929,0.026,0.0268,0.0252,0.0268,256500,0
20110930,0.026,0.026,0.026,0.026,25000,0
20111003,0.0252,0.0252,0.0252,0.0252,62450,0
20111004,0.0248,0.0248,0.0248,0.0248,80000,0
20111010,0.0248,0.0252,0.0248,0.0252,57075,0
20111012,0.0244,0.0264,0.0244,0.0264,9625,0
20111013,0.026,0.026,0.026,0.026,125250,0
20111014,0.026,0.0268,0.026,0.0268,356375,0
20111017,0.0276,0.0276,0.0276,0.0276,15000,0
20111024,0.0292,0.03,0.028,0.028,72500,0
20111025,0.0264,0.0264,0.0264,0.0264,15000,0
20111027,0.0276,0.0296,0.0276,0.0296,15350,0
20111102,0.0276,0.0276,0.0276,0.0276,115000,0
20111108,0.0304,0.0304,0.0292,0.0292,75000,0
20111114,0.0276,0.0276,0.0276,0.0276,7500,0
20111116,0.0288,0.0288,0.0288,0.0288,1250,0
20111118,0.0288,0.0292,0.0288,0.0292,141250,0
20111125,0.0292,0.0292,0.0292,0.0292,62500,0
20111130,0.028,0.0292,0.028,0.0292,353525,0
20111205,0.0272,0.0296,0.0272,0.0296,6250,0
20111209,0.0272,0.0272,0.0272,0.0272,10000,0
20111212,0.0276,0.0276,0.0276,0.0276,250,0
20111214,0.0276,0.0276,0.0276,0.0276,35250,0
20111215,0.0272,0.0272,0.0272,0.0272,96425,0
20111221,0.0272,0.0272,0.0272,0.0272,20850,0
20111222,0.0296,0.0296,0.0272,0.0296,342025,0
20111223,0.0328,0.0356,0.0328,0.0356,696500,0
20111227,0.0352,0.0368,0.034,0.0368,407800,0
20111228,0.04,0.0444,0.04,0.0444,431875,0
20111229,0.0444,0.048,0.0444,0.048,324375,0
20111230,0.0528,0.056,0.0496,0.0556,1140225,0
20120102,0.0556,0.056,0.0536,0.056,280050,0
20120103,0.0548,0.0548,0.0524,0.0524,55250,0
20120104,0.0492,0.0492,0.0456,0.0456,162050,0
20120105,0.042,0.0432,0.042,0.0432,65625,0
20120109,0.0408,0.0408,0.0408,0.0408,12500,0
20120110,0.0408,0.0408,0.0408,0.0408,12500,0
20120111,0.0416,0.0416,0.0368,0.0368,207500,0
20120112,0.0376,0.0404,0.0376,0.038,50800,0
20120113,0.038,0.038,0.0368,0.0368,24000,0
20120116,0.0368,0.0368,0.0368,0.0368,203875,0
20120117,0.0368,0.0368,0.0368,0.0368,12500,0
20120123,0.0368,0.0368,0.0368,0.0368,25000,0
20120127,0.0336,0.034,0.0332,0.034,578475,0
20120131,0.034,0.034,0.0336,0.0336,167500,0
20120206,0.0348,0.0348,0.0348,0.0348,2500,0
20120208,0.0336,0.036,0.0332,0.036,629975,0
20120209,0.036,0.0392,0.0344,0.0356,682900,0
20120210,0.034,0.034,0.034,0.034,150,0
20120214,0.034,0.034,0.0332,0.0336,183400,0
20120215,0.0332,0.034,0.0332,0.034,250000,0
20120216,0.0336,0.0336,0.0324,0.0324,785225,0
20120217,0.032,0.0328,0.03,0.0328,2305300,0
20120220,0.0312,0.0312,0.0288,0.0296,7520875,0
20120221,0.0296,0.0296,0.0268,0.0272,7967250,0
20120222,0.0276,0.0296,0.0276,0.0288,2855400,0
20120223,0.0292,0.0292,0.0276,0.028,2250475,0
20120224,0.0284,0.0296,0.028,0.0296,1356850,0
20120227,0.0296,0.0296,0.0292,0.0292,162500,0
20120228,0.0296,0.03,0.0292,0.0296,1038225,0
20120229,0.0304,0.0304,0.0296,0.0296,185000,0
20120301,0.0296,0.0296,0.0288,0.0292,482950,0
20120302,0.0288,0.0288,0.0288,0.0288,60500,0
20120305,0.0284,0.0284,0.026,0.0268,1110925,0
20120306,0.0268,0.0268,0.026,0.026,512150,0
20120307,0.0264,0.0272,0.0264,0.0272,192500,0
20120308,0.0276,0.0276,0.0276,0.0276,257550,0
20120309,0.0276,0.0276,0.0276,0.0276,4750,0
20120313,0.0276,0.0276,0.0268,0.0268,122025,0
20120314,0.0268,0.028,0.0268,0.028,311750,0
20120315,0.0284,0.0284,0.0268,0.0268,540300,0
20120316,0.0276,0.0276,0.0276,0.0276,208250,0
20120319,0.0276,0.0276,0.0276,0.0276,16450,0
20120320,0.0268,0.0284,0.0268,0.0284,128825,0
20120321,0.028,0.0344,0.0256,0.0264,13489575,0
20120322,0.0284,0.0312,0.0244,0.026,22455075,0
20120323,0.026,0.0276,0.0216,0.022,7122800,0
20120326,0.0224,0.026,0.022,0.024,23841825,0
20120327,0.024,0.0248,0.0204,0.0224,24744275,0
20120328,0.022,0.0228,0.018,0.018,18864750,0
20120329,0.0192,0.0204,0.0176,0.0192,8801650,0
20120330,0.0192,0.02,0.018,0.0184,5701250,0
20120402,0.0184,0.0184,0.016,0.016,19720575,0
20120403,0.016,0.016,0.0144,0.0156,11029575,0
20120404,0.0152,0.0172,0.0148,0.0164,6013300,0
20120405,0.0164,0.0164,0.014,0.0148,15761975,0
20120410,0.012,0.0128,0.0108,0.0108,18600725,0
20120411,0.0108,0.0108,0.0084,0.0092,38076175,0
20120412,0.0096,0.0108,0.0088,0.0104,50098850,0
20120413,0.0104,0.0108,0.0096,0.01,7759050,0
20120416,0.01,0.01,0.0092,0.0092,6193350,0
20120417,0.0092,0.01,0.0092,0.0092,4998550,0
20120418,0.0092,0.0096,0.0088,0.0096,3514975,0
20120419,0.0096,0.0096,0.0088,0.0092,3017450,0
20120420,0.0092,0.0092,0.0088,0.0088,402350,0
20120423,0.0084,0.0084,0.0076,0.008,2947750,0
20120424,0.008,0.008,0.0072,0.008,2388675,0
20120425,0.008,0.0084,0.0076,0.0076,2011850,0
20120426,0.008,0.0088,0.008,0.008,4460500,0
20120427,0.0088,0.0088,0.008,0.0088,143375,0
20120430,0.0088,0.0096,0.008,0.0092,5172900,0
20120502,0.0084,0.0092,0.008,0.0088,3541500,0
20120504,0.0088,0.0088,0.008,0.0084,1823450,0
20120507,0.0088,0.0088,0.008,0.008,394425,0
20120508,0.008,0.0088,0.0076,0.008,2540625,0
20120509,0.0084,0.0084,0.0076,0.008,2472000,0
20120510,0.0072,0.008,0.0072,0.008,2026900,0
20120511,0.0076,0.0076,0.0072,0.0076,2617100,0
20120514,0.0076,0.0076,0.0072,0.0072,212450,0
20120515,0.0068,0.0076,0.0068,0.0076,185000,0
20120516,0.0072,0.0076,0.0072,0.0072,430150,0
20120517,0.0072,0.0076,0.0068,0.0076,2985025,0
20120518,0.0076,0.0096,0.0076,0.0096,12882175,0
20120521,0.0108,0.0116,0.01,0.0112,17781175,0
20120522,0.012,0.0124,0.0108,0.0112,11904125,0
20120523,0.0108,0.0112,0.0096,0.01,6027075,0
20120524,0.01,0.01,0.0084,0.0084,5014800,0
20120525,0.008,0.0084,0.0072,0.0084,6844600,0
20120528,0.0084,0.0088,0.008,0.0084,4760975,0
20120529,0.0088,0.0088,0.0084,0.0084,851350,0
20120530,0.0076,0.0088,0.0076,0.0088,478250,0
20120531,0.0076,0.008,0.0076,0.0076,7418275,0
20120601,0.008,0.008,0.0076,0.008,1882950,0
20120604,0.0076,0.008,0.0076,0.0076,475000,0
20120605,0.0076,0.0076,0.0072,0.0076,2237275,0
20120606,0.0068,0.0076,0.0068,0.0072,8783750,0
20120608,0.0068,0.0068,0.0068,0.0068,150000,0
20120611,0.0068,0.0072,0.0064,0.0072,1077475,0
20120612,0.0076,0.008,0.0072,0.0076,900475,0
20120613,0.0072,0.0076,0.0072,0.0076,309250,0
20120614,0.0072,0.0072,0.0072,0.0072,2500,0
20120615,0.0072,0.0072,0.0064,0.0064,2475275,0
20120618,0.006,0.0068,0.006,0.0064,248750,0
20120619,0.0068,0.0068,0.0064,0.0064,162275,0
20120620,0.0072,0.0072,0.0072,0.0072,250000,0
20120621,0.0064,0.0072,0.0064,0.0064,1031025,0
20120622,0.006,0.0072,0.006,0.0072,275250,0
20120625,0.006,0.0072,0.006,0.0072,326500,0
20120626,0.0068,0.0072,0.0064,0.0068,4121725,0
20120627,0.0072,0.0072,0.0064,0.0072,625275,0
20120628,0.0068,0.0068,0.0068,0.0068,625000,0
20120629,0.0068,0.0072,0.0068,0.0072,436000,0
20120702,0.0072,0.0072,0.006,0.0072,500500,0
20120704,0.0068,0.0072,0.0068,0.0072,140800,0
20120705,0.0072,0.0072,0.0068,0.0072,662225,0
20120706,0.0068,0.0068,0.0068,0.0068,1268300,0
20120709,0.0072,0.0076,0.0072,0.0076,927000,0
20120710,0.0076,0.0076,0.0072,0.0072,1879700,0
20120711,0.0068,0.0072,0.0068,0.0072,352700,0
20120712,0.0068,0.0068,0.0068,0.0068,504175,0
20120713,0.0072,0.0072,0.0068,0.0072,1106625,0
20120716,0.0068,0.0068,0.0064,0.0068,354225,0
20120717,0.0064,0.0068,0.0064,0.0064,3185500,0
20120718,0.006,0.006,0.0056,0.006,1491000,0
20120719,0.006,0.0072,0.006,0.0072,1832650,0
20120720,0.0068,0.0068,0.006,0.0064,763075,0
20120723,0.006,0.006,0.0056,0.0056,2413775,0
20120724,0.0056,0.0056,0.0052,0.0052,3621925,0
20120725,0.0056,0.0056,0.0048,0.0052,9187225,0
20120726,0.0048,0.0052,0.0048,0.0052,1035750,0
20120727,0.0052,0.0056,0.0048,0.0056,2662425,0
20120730,0.0048,0.0056,0.0048,0.0056,1536500,0
20120731,0.0052,0.0052,0.0048,0.0048,763225,0
20120801,0.0052,0.0056,0.0052,0.0056,1893050,0
20120802,0.0056,0.0056,0.0056,0.0056,102500,0
20120803,0.0056,0.0056,0.0052,0.0056,263775,0
20120806,0.0052,0.0056,0.0052,0.0056,500025,0
20120807,0.0052,0.0052,0.0048,0.0052,467550,0
20120808,0.0048,0.0056,0.0048,0.0056,431750,0
20120809,0.0056,0.0056,0.0056,0.0056,254825,0
20120810,0.0056,0.006,0.0056,0.006,1988925,0
20120813,0.006,0.006,0.0056,0.0056,517900,0
20120814,0.006,0.006,0.006,0.006,630350,0
20120816,0.0064,0.0064,0.006,0.0064,1113650,0
20120817,0.0068,0.0076,0.0068,0.0076,3779475,0
20120820,0.0076,0.0076,0.0068,0.0076,1763575,0
20120821,0.0072,0.0076,0.0072,0.0076,464225,0
20120822,0.0072,0.0072,0.0064,0.0064,1695325,0
20120823,0.0064,0.0064,0.006,0.0064,1901850,0
20120824,0.0064,0.0064,0.006,0.006,222525,0
20120827,0.0064,0.0072,0.0064,0.0072,1010250,0
20120828,0.0068,0.0068,0.0068,0.0068,475000,0
20120829,0.0072,0.0072,0.0064,0.0068,886675,0
20120830,0.0064,0.0064,0.006,0.006,1251350,0
20120831,0.0064,0.0064,0.006,0.006,725075,0
20120903,0.006,0.0064,0.006,0.0064,282450,0
20120904,0.0064,0.0068,0.006,0.006,171650,0
20120905,0.0064,0.0064,0.0056,0.0064,2102925,0
20120906,0.0056,0.0064,0.0056,0.0064,267500,0
20120907,0.0064,0.0064,0.0064,0.0064,5000,0
20120910,0.006,0.0064,0.006,0.0064,62250,0
20120911,0.006,0.0064,0.006,0.0064,215000,0
20120912,0.006,0.0064,0.0056,0.0064,447525,0
20120913,0.006,0.0064,0.006,0.0064,304275,0
20120914,0.0064,0.0068,0.0064,0.0068,782525,0
20120917,0.0068,0.0068,0.006,0.006,100250,0
20120918,0.0068,0.0072,0.0064,0.0068,181175,0
20120919,0.0072,0.0072,0.006,0.0068,130000,0
20120920,0.0068,0.0072,0.006,0.006,776325,0
20120921,0.0068,0.0068,0.006,0.0068,632500,0
20120924,0.0068,0.0068,0.0064,0.0064,472775,0
20120925,0.0068,0.0068,0.006,0.0064,1379350,0
20120926,0.006,0.0064,0.006,0.0064,1481300,0
20120927,0.006,0.006,0.006,0.006,250000,0
20120928,0.006,0.006,0.0056,0.006,4189525,0
20121001,0.006,0.006,0.006,0.006,24150,0
20121004,0.0052,0.0052,0.0052,0.0052,558350,0
20121005,0.0056,0.0056,0.0056,0.0056,30225,0
20121008,0.0056,0.0056,0.0056,0.0056,50000,0
20121009,0.0056,0.0056,0.0052,0.0052,1375000,0
20121010,0.0056,0.0056,0.0056,0.0056,125000,0
20121011,0.0056,0.0056,0.0056,0.0056,228900,0
20121012,0.0056,0.0056,0.0056,0.0056,723500,0
20121015,0.0056,0.0056,0.0048,0.0048,1462500,0
20121016,0.0048,0.0056,0.0048,0.0056,2798500,0
20121017,0.0056,0.0056,0.0048,0.0048,812500,0
20121018,0.0056,0.0056,0.0048,0.0048,87500,0
20121019,0.0052,0.0052,0.0052,0.0052,800500,0
20121022,0.0052,0.0056,0.0052,0.0056,3275000,0
20121023,0.0056,0.006,0.0056,0.006,1032825,0
20121024,0.006,0.006,0.006,0.006,469500,0
20121025,0.006,0.006,0.006,0.006,20975,0
20121026,0.006,0.006,0.006,0.006,825,0
20121029,0.006,0.006,0.006,0.006,66650,0
20121030,0.006,0.006,0.006,0.006,5800,0
20121105,0.0056,0.0056,0.0056,0.0056,398600,0
20121108,0.0052,0.0052,0.0052,0.0052,888875,0
20121109,0.0052,0.0052,0.0052,0.0052,193000,0
20121112,0.0056,0.0056,0.0056,0.0056,175000,0
20121113,0.0056,0.0056,0.0052,0.0052,866975,0
20121114,0.0052,0.0052,0.0052,0.0052,1785525,0
20121119,0.0048,0.0048,0.0048,0.0048,2443425,0
20121120,0.0048,0.0052,0.0048,0.0052,207600,0
20121121,0.0052,0.0056,0.0052,0.0056,1397750,0
20121122,0.006,0.0068,0.006,0.0068,3634300,0
20121123,0.0076,0.0076,0.0076,0.0076,6294700,0
20121126,0.0068,0.0068,0.0068,0.0068,1231375,0
20121127,0.0064,0.0064,0.006,0.006,350000,0
20121128,0.0064,0.0068,0.0064,0.0068,250000,0
20121129,0.0072,0.0076,0.0072,0.0076,3041175,0
20121130,0.0076,0.0076,0.0076,0.0076,165000,0
20121205,0.0068,0.0068,0.0068,0.0068,675125,0
20121206,0.0068,0.0068,0.0068,0.0068,399875,0
20121207,0.0072,0.0072,0.0072,0.0072,2500,0
20121210,0.0064,0.0064,0.0064,0.0064,1025000,0
20121211,0.0068,0.0068,0.006,0.006,1725875,0
20121212,0.006,0.006,0.006,0.006,787500,0
20121213,0.0064,0.0064,0.0064,0.0064,2500,0
20121214,0.0064,0.0064,0.0064,0.0064,622525,0
20121217,0.006,0.006,0.0056,0.0056,272000,0
20121218,0.0056,0.006,0.0056,0.006,417500,0
20121219,0.006,0.006,0.0056,0.0056,320000,0
20121220,0.0052,0.0056,0.0052,0.0056,1774675,0
20121221,0.0056,0.0056,0.0056,0.0056,575625,0
20121228,0.0088,0.0088,0.0088,0.0088,4887650,0
20130102,0.0124,0.0124,0.0124,0.0124,5804550,0
20130103,0.0148,0.0168,0.0148,0.0168,13712275,0
20130104,0.0204,0.0224,0.0204,0.0224,8369700,0
20130107,0.018,0.018,0.0156,0.0156,5466450,0
20130108,0.016,0.0176,0.016,0.0176,2232000,0
20130109,0.0192,0.0192,0.0168,0.0168,1361050,0
20130110,0.018,0.018,0.014,0.014,1831800,0
20130111,0.0136,0.0136,0.0132,0.0132,703000,0
20130114,0.0144,0.0144,0.0144,0.0144,389000,0
20130115,0.0152,0.0152,0.0152,0.0152,636375,0
20130116,0.0136,0.0144,0.0136,0.0144,297150,0
20130117,0.0144,0.0148,0.0144,0.0148,442300,0
20130118,0.018,0.018,0.0156,0.0156,1391250,0
20130121,0.016,0.016,0.0156,0.0156,596100,0
20130122,0.016,0.016,0.0144,0.0144,646600,0
20130123,0.0152,0.0152,0.0144,0.0144,95000,0
20130124,0.016,0.016,0.0156,0.0156,620125,0
20130125,0.016,0.016,0.016,0.016,111225,0
20130128,0.0144,0.0144,0.0144,0.0144,327750,0
20130129,0.0156,0.0156,0.0152,0.0152,645000,0
20130130,0.0148,0.0156,0.0148,0.0156,439600,0
20130131,0.0156,0.0156,0.0148,0.0148,37000,0
20130201,0.0148,0.016,0.0148,0.016,881875,0
20130204,0.0156,0.0156,0.0156,0.0156,50725,0
20130206,0.0152,0.0152,0.0152,0.0152,559850,0
20130207,0.0148,0.0148,0.0148,0.0148,237500,0
20130208,0.0148,0.0156,0.0148,0.0156,808825,0
20130211,0.016,0.016,0.016,0.016,335200,0
20130212,0.016,0.016,0.016,0.016,279825,0
20130213,0.018,0.02,0.018,0.02,2414000,0
20130214,0.02,0.02,0.018,0.018,1402925,0
20130215,0.018,0.018,0.016,0.016,447975,0
20130218,0.016,0.016,0.016,0.016,1644850,0
20130219,0.0152,0.0152,0.0152,0.0152,1830925,0
20130220,0.0164,0.0164,0.016,0.016,975300,0
20130221,0.016,0.016,0.016,0.016,176500,0
20130222,0.0144,0.016,0.0144,0.016,1146350,0
20130225,0.02,0.02,0.01,0.01,426289,0
20130226,0.01,0.01,0.01,0.01,159281,0
20130227,0.02,0.02,0.02,0.02,22000,0
20130228,0.02,0.02,0.02,0.02,225986,0
20130301,0.02,0.02,0.02,0.02,200850,0
20130305,0.02,0.02,0.02,0.02,43000,0
20130306,0.02,0.02,0.02,0.02,205547,0
20130311,0.02,0.02,0.02,0.02,32300,0
20130312,0.02,0.02,0.02,0.02,192440,0
20130313,0.02,0.02,0.01,0.01,86056,0
20130314,0.01,0.02,0.01,0.02,119100,0
20130315,0.02,0.02,0.02,0.02,881500,0
20130318,0.02,0.02,0.02,0.02,108753,0
20130319,0.02,0.02,0.01,0.01,279000,0
20130321,0.01,0.02,0.01,0.02,177000,0
20130322,0.02,0.02,0.02,0.02,14900,0
20130325,0.02,0.02,0.02,0.02,211310,0
20130326,0.02,0.02,0.02,0.02,396073,0
20130327,0.01,0.01,0.01,0.01,77500,0
20130328,0.02,0.02,0.01,0.01,719000,0
20130402,0.01,0.01,0.01,0.01,91500,0
20130403,0.02,0.02,0.02,0.02,230000,0
20130404,0.01,0.01,0.01,0.01,110000,0
20130405,0.02,0.02,0.02,0.02,18942,0
20130408,0.02,0.02,0.02,0.02,7000,0
20130409,0.01,0.01,0.01,0.01,100000,0
20130410,0.01,0.01,0.01,0.01,375000,0
20130412,0.02,0.02,0.02,0.02,120500,0
20130415,0.02,0.02,0.02,0.02,7250,0
20130417,0.02,0.02,0.02,0.02,25770,0
20130418,0.02,0.02,0.02,0.02,28500,0
20130419,0.02,0.02,0.02,0.02,53600,0
20130422,0.02,0.02,0.02,0.02,68950,0
20130423,0.01,0.01,0.01,0.01,129800,0
20130424,0.02,0.02,0.02,0.02,34500,0
20130425,0.02,0.02,0.02,0.02,5752,0
20130426,0.02,0.02,0.02,0.02,34778,0
20130429,0.02,0.02,0.02,0.02,66545,0
20130430,0.02,0.02,0.02,0.02,272348,0
20130502,0.01,0.01,0.01,0.01,697000,0
20130506,0.01,0.02,0.01,0.02,514500,0
20130507,0.02,0.02,0.02,0.02,217500,0
20130508,0.01,0.01,0.01,0.01,164155,0
20130509,0.01,0.01,0.01,0.01,316225,0
20130510,0.01,0.01,0.01,0.01,76000,0
20130513,0.01,0.01,0.01,0.01,10000,0
20130514,0.01,0.01,0.01,0.01,100000,0
20130515,0.02,0.02,0.01,0.01,208260,0
20130516,0.01,0.02,0.01,0.02,132906,0
20130517,0.01,0.01,0.01,0.01,209279,0
20130520,0.01,0.01,0.01,0.01,90791,0
20130521,0.02,0.02,0.02,0.02,159910,0
20130522,0.02,0.02,0.01,0.01,184001,0
20130523,0.01,0.01,0.01,0.01,397555,0
20130524,0.01,0.02,0.01,0.02,256830,0
20130527,0.01,0.01,0.01,0.01,984318,0
20130528,0.01,0.01,0.01,0.01,1789650,0
20130529,0.01,0.01,0.01,0.01,52500,0
20130531,0.01,0.01,0.01,0.01,65500,0
20130603,0.01,0.01,0.01,0.01,244125,0
20130604,0.01,0.01,0.01,0.01,204150,0
20130605,0.01,0.02,0.01,0.02,203501,0
20130606,0.02,0.02,0.02,0.02,110000,0
20130607,0.01,0.01,0.01,0.01,79999,0
20130611,0.02,0.02,0.02,0.02,247500,0
20130612,0.02,0.02,0.02,0.02,50000,0
20130613,0.02,0.02,0.02,0.02,41000,0
20130614,0.01,0.01,0.01,0.01,39000,0
20130617,0.02,0.02,0.01,0.01,160000,0
20130618,0.01,0.02,0.01,0.02,106722,0
20130619,0.02,0.02,0.02,0.02,1000168,0
20130620,0.02,0.02,0.02,0.02,1947425,0
20130621,0.01,0.02,0.01,0.02,983227,0
20130624,0.02,0.02,0.01,0.01,204987,0
20130625,0.02,0.02,0.02,0.02,491000,0
20130626,0.02,0.02,0.02,0.02,20000,0
20130627,0.02,0.02,0.02,0.02,50150,0
20130628,0.02,0.02,0.01,0.01,155000,0
20130701,0.02,0.02,0.01,0.01,20000,0
20130702,0.01,0.01,0.01,0.01,258000,0
20130703,0.02,0.02,0.02,0.02,118500,0
20130704,0.01,0.02,0.01,0.02,204301,0
20130705,0.02,0.02,0.01,0.01,118043,0
20130708,0.02,0.02,0.02,0.02,86000,0
20130709,0.01,0.02,0.01,0.02,80050,0
20130710,0.01,0.02,0.01,0.02,123000,0
20130711,0.02,0.02,0.02,0.02,355998,0
20130712,0.02,0.02,0.02,0.02,8000,0
20130715,0.02,0.02,0.02,0.02,50011,0
20130716,0.02,0.02,0.02,0.02,20000,0
20130718,0.01,0.01,0.01,0.01,58000,0
20130719,0.01,0.02,0.01,0.02,18100,0
20130722,0.02,0.02,0.02,0.02,93000,0
20130723,0.01,0.02,0.01,0.02,21499,0
20130724,0.02,0.02,0.02,0.02,807000,0
20130725,0.01,0.02,0.01,0.02,47999,0
20130726,0.02,0.02,0.02,0.02,97864,0
20130729,0.02,0.02,0.02,0.02,24000,0
20130730,0.01,0.02,0.01,0.02,46000,0
20130731,0.02,0.02,0.02,0.02,301249,0
20130801,0.02,0.02,0.02,0.02,57560,0
20130802,0.01,0.01,0.01,0.01,70000,0
20130805,0.02,0.02,0.01,0.01,25804,0
20130806,0.01,0.01,0.01,0.01,22174,0
20130807,0.01,0.01,0.01,0.01,453844,0
20130808,0.01,0.01,0.01,0.01,81999,0
20130809,0.01,0.02,0.01,0.02,75000,0
20130812,0.02,0.02,0.01,0.01,220928,0
20130813,0.02,0.02,0.02,0.02,212500,0
20130814,0.01,0.01,0.01,0.01,136500,0
20130816,0.02,0.02,0.01,0.01,56000,0
20130819,0.01,0.01,0.01,0.01,26000,0
20130820,0.01,0.01,0.01,0.01,83751,0
20130821,0.02,0.02,0.02,0.02,79522,0
20130822,0.02,0.02,0.01,0.01,39000,0
20130823,0.01,0.02,0.01,0.02,158023,0
20130826,0.02,0.02,0.01,0.01,386950,0
20130827,0.01,0.02,0.01,0.02,114525,0
20130828,0.01,0.01,0.01,0.01,32280,0
20130829,0.02,0.02,0.02,0.02,25000,0
20130830,0.02,0.02,0.01,0.01,156125,0
20130902,0.01,0.01,0.01,0.01,232500,0
20130903,0.02,0.02,0.02,0.02,84500,0
20130904,0.02,0.02,0.02,0.02,95330,0
20130905,0.02,0.02,0.02,0.02,306489,0
20130906,0.02,0.02,0.02,0.02,314949,0
20130909,0.01,0.02,0.01,0.02,199000,0
20130910,0.02,0.02,0.02,0.02,25000,0
20130911,0.01,0.02,0.01,0.02,30000,0
20130912,0.02,0.02,0.01,0.01,145000,0
20130913,0.01,0.02,0.01,0.02,140000,0
20130916,0.02,0.02,0.01,0.01,30000,0
20130917,0.01,0.01,0.01,0.01,19000,0
20130918,0.01,0.02,0.01,0.02,24950,0
20130919,0.02,0.02,0.01,0.01,40200,0
20130920,0.02,0.02,0.01,0.01,26514,0
20130923,0.01,0.01,0.01,0.01,61580,0
20130924,0.01,0.01,0.01,0.01,105275,0
20130925,0.02,0.02,0.01,0.01,149283,0
20130926,0.01,0.01,0.01,0.01,92139,0
20130927,0.02,0.02,0.01,0.01,170235,0
20130930,0.02,0.02,0.02,0.02,49500,0
20131001,0.01,0.01,0.01,0.01,1353058,0
20131002,0.01,0.01,0.01,0.01,4088233,0
20131003,0.01,0.01,0.01,0.01,2195424,0
20131004,0.01,0.01,0.01,0.01,180800,0
20131008,0.01,0.01,0.01,0.01,147740,0
20131009,0.01,0.01,0.01,0.01,459273,0
20131010,0.01,0.01,0.01,0.01,410000,0
20131011,0.01,0.01,0.01,0.01,804469,0
20131014,0.01,0.01,0.01,0.01,55490,0
20131015,0.01,0.01,0.01,0.01,962050,0
20131017,0.02,0.02,0.02,0.02,10000,0
20131018,0.02,0.02,0.01,0.01,38500,0
20131022,0.02,0.02,0.02,0.02,414940,0
20131023,0.02,0.02,0.02,0.02,92597,0
20131024,0.01,0.01,0.01,0.01,95000,0
20131025,0.01,0.01,0.01,0.01,17700,0
20131028,0.01,0.02,0.01,0.02,537950,0
20131029,0.02,0.02,0.01,0.01,38100,0
20131030,0.01,0.01,0.01,0.01,19750,0
20131031,0.02,0.02,0.02,0.02,3900,0
20131105,0.01,0.01,0.01,0.01,140327,0
20131107,0.02,0.02,0.02,0.02,3500,0
20131108,0.01,0.01,0.01,0.01,12000,0
20131112,0.01,0.01,0.01,0.01,297185,0
20131114,0.02,0.02,0.02,0.02,18205,0
20131118,0.02,0.02,0.02,0.02,82000,0
20131119,0.01,0.02,0.01,0.02,2480,0
20131120,0.01,0.01,0.01,0.01,25000,0
20131121,0.02,0.02,0.01,0.01,61000,0
20131122,0.02,0.02,0.02,0.02,12000,0
20131125,0.02,0.02,0.02,0.02,2740,0
20131126,0.01,0.01,0.01,0.01,5000,0
20131127,0.02,0.02,0.02,0.02,1197000,0
20131128,0.01,0.01,0.01,0.01,2500,0
20131129,0.01,0.01,0.01,0.01,77000,0
20131202,0.02,0.02,0.02,0.02,58421,0
20131203,0.02,0.02,0.01,0.01,186000,0
20131205,0.02,0.02,0.01,0.01,100500,0
20131206,0.02,0.02,0.02,0.02,30000,0
20131209,0.01,0.02,0.01,0.02,278811,0
20131210,0.01,0.01,0.01,0.01,298200,0
20131211,0.01,0.01,0.01,0.01,93500,0
20131212,0.02,0.02,0.01,0.01,100800,0
20131213,0.02,0.02,0.02,0.02,36599,0
20131216,0.01,0.02,0.01,0.02,16500,0
20131217,0.01,0.01,0.01,0.01,108250,0
20131218,0.01,0.01,0.01,0.01,29500,0
20131219,0.01,0.01,0.01,0.01,150999,0
20131220,0.02,0.02,0.02,0.02,85000,0
20131223,0.02,0.02,0.02,0.02,255556,0
20131227,0.02,0.02,0.01,0.01,101090,0
20131230,0.02,0.02,0.01,0.01,249401,0
20140102,0.02,0.02,0.02,0.02,299775,0
20140103,0.02,0.02,0.01,0.01,487500,0
20140107,0.01,0.02,0.01,0.02,72500,0
20140109,0.02,0.02,0.01,0.01,33805,0
20140110,0.02,0.02,0.02,0.02,20000,0
20140113,0.01,0.01,0.01,0.01,500500,0
20140114,0.02,0.02,0.02,0.02,800,0
20140116,0.02,0.02,0.02,0.02,368700,0
20140117,0.02,0.02,0.02,0.02,3957793,0
20140120,0.02,0.02,0.02,0.02,1317724,0
20140121,0.01,0.02,0.01,0.02,86999,0
20140122,0.02,0.02,0.02,0.02,805000,0
20140123,0.02,0.02,0.02,0.02,68500,0
20140124,0.02,0.02,0.02,0.02,588223,0
20140127,0.01,0.01,0.01,0.01,129000,0
20140128,0.02,0.02,0.02,0.02,24000,0
20140129,0.01,0.02,0.01,0.02,165500,0
20140130,0.02,0.02,0.01,0.01,313500,0
20140131,0.01,0.01,0.01,0.01,319132,0
20140203,0.01,0.02,0.01,0.02,151896,0
20140204,0.02,0.02,0.02,0.02,32989,0
20140205,0.01,0.01,0.01,0.01,1306850,0
20140206,0.02,0.02,0.01,0.01,259604,0
20140207,0.02,0.02,0.01,0.01,578800,0
20140210,0.01,0.01,0.01,0.01,2000,0
20140211,0.01,0.01,0.01,0.01,25929,0
20140212,0.01,0.01,0.01,0.01,89799,0
20140213,0.01,0.01,0.01,0.01,33927,0
20140214,0.01,0.01,0.01,0.01,2339200,0
20140217,0.01,0.02,0.01,0.02,1268000,0
20140218,0.01,0.01,0.01,0.01,1059000,0
20140219,0.01,0.01,0.01,0.01,4030000,0
20140220,0.01,0.01,0.01,0.01,3835370,0
20140221,0.01,0.01,0.01,0.01,500000,0
20140224,0.01,0.01,0.01,0.01,2616000,0
20140225,0.01,0.01,0.01,0.01,2054807,0
20140226,0.01,0.01,0.01,0.01,4330741,0
20140227,0.01,0.01,0.01,0.01,578555,0
20140228,0.01,0.01,0.01,0.01,432853,0
20140303,0.01,0.01,0.01,0.01,1491094,0
20140304,0.01,0.01,0.01,0.01,630206,0
20140305,0.01,0.01,0.01,0.01,1331500,0
20140306,0.01,0.01,0.01,0.01,237604,0
20140307,0.01,0.01,0.01,0.01,470604,0
20140310,0.01,0.01,0.01,0.01,13839,0
20140311,0.01,0.02,0.01,0.02,3817000,0
20140312,0.01,0.01,0.01,0.01,118283,0
20140314,0.02,0.02,0.01,0.01,274999,0
20140317,0.01,0.01,0.01,0.01,525555,0
20140318,0.01,0.01,0.01,0.01,74700,0
20140319,0.01,0.01,0.01,0.01,109000,0
20140320,0.02,0.02,0.01,0.01,90300,0
20140321,0.01,0.01,0.01,0.01,10000,0
20140324,0.02,0.02,0.01,0.01,85001,0
20140325,0.01,0.01,0.01,0.01,495000,0
20140326,0.02,0.02,0.02,0.02,1400,0
20140327,0.02,0.02,0.02,0.02,50000,0
20140328,0.01,0.01,0.01,0.01,1777889,0
20140331,0.01,0.01,0.01,0.01,382210,0
20140401,0.01,0.01,0.01,0.01,18700,0
20140402,0.01,0.01,0.01,0.01,161600,0
20140403,0.01,0.01,0.01,0.01,906815,0
20140404,0.01,0.01,0.01,0.01,1625000,0
20140407,0.01,0.02,0.01,0.02,1054010,0
20140408,0.01,0.01,0.01,0.01,1360363,0
20140409,0.01,0.01,0.01,0.01,390869,0
20140410,0.01,0.02,0.01,0.02,1862239,0
20140411,0.01,0.01,0.01,0.01,154672,0
20140414,0.01,0.01,0.01,0.01,3230,0
20140415,0.01,0.01,0.01,0.01,1834619,0
20140416,0.01,0.01,0.01,0.01,256700,0
20140417,0.01,0.02,0.01,0.02,232127,0
20140422,0.01,0.01,0.01,0.01,150000,0
20140423,0.01,0.01,0.01,0.01,197138,0
20140424,0.01,0.01,0.01,0.01,41500,0
20140425,0.01,0.01,0.01,0.01,120939,0
20140428,0.01,0.01,0.01,0.01,421016,0
20140429,0.01,0.01,0.01,0.01,378165,0
20140430,0.01,0.01,0.01,0.01,90400,0
20140502,0.01,0.01,0.01,0.01,1100,0
20140505,0.01,0.01,0.01,0.01,362451,0
20140506,0.01,0.01,0.01,0.01,158783,0
20140507,0.01,0.01,0.01,0.01,31930,0
20140508,0.01,0.01,0.01,0.01,262112,0
20140512,0.01,0.01,0.01,0.01,200800,0
20140513,0.01,0.01,0.01,0.01,115500,0
20140514,0.01,0.01,0.01,0.01,780811,0
20140515,0.01,0.01,0.01,0.01,93840,0
20140516,0.01,0.01,0.01,0.01,90737,0
20140519,0.01,0.01,0.01,0.01,527902,0
20140520,0.01,0.01,0.01,0.01,254429,0
20140521,0.01,0.01,0.01,0.01,3871,0
20140522,0.01,0.01,0.01,0.01,56750,0
20140523,0.01,0.01,0.01,0.01,366140,0
20140526,0.01,0.01,0.01,0.01,1500,0
20140527,0.01,0.01,0.01,0.01,450700,0
20140528,0.01,0.01,0.01,0.01,1000,0
20140529,0.01,0.01,0.01,0.01,41301,0
20140530,0.01,0.01,0.01,0.01,800,0
20140602,0.01,0.01,0.01,0.01,175500,0
20140603,0.01,0.01,0.01,0.01,1185663,0
20140604,0.01,0.01,0.01,0.01,164296,0
20140605,0.01,0.01,0.01,0.01,30000,0
20140606,0.01,0.01,0.01,0.01,1591239,0
20140609,0.01,0.01,0.01,0.01,487500,0
20140610,0.01,0.01,0.01,0.01,201500,0
20140611,0.01,0.01,0.01,0.01,2500,0
20140612,0.01,0.01,0.01,0.01,353398,0
20140613,0.01,0.01,0.01,0.01,220500,0
