Date,Open,High,Low,Close,Volume,OpenInt
20070604,87.902,87.902,73.883,75.778,1918824,0
20070605,76.914,76.914,72.983,73.457,272016,0
20070606,74.215,74.215,71.326,71.989,149727,0
20070608,71.042,71.421,70.473,70.852,91750,0
20070611,71.421,74.831,71.042,73.362,97400,0
20070612,73.883,73.883,69.147,71.989,90935,0
20070613,71.799,71.799,70.189,71.231,20646,0
20070614,71.942,71.942,70.237,70.568,53468,0
20070615,70.284,70.284,69.242,70,42767,0
20070618,70.094,70.379,68.2,69.147,106245,0
20070619,69.147,70.615,69.005,70.473,67497,0
20070620,70.852,71.894,70.094,70.094,32362,0
20070621,70.852,70.852,68.816,69.431,29063,0
20070622,69.147,69.147,67.632,67.726,47659,0
20070625,68.2,68.2,65.832,67.442,73599,0
20070626,68.2,68.2,65.548,66.258,24863,0
20070627,66.211,66.211,63.937,64.411,70479,0
20070628,64.127,64.411,61.096,61.901,64586,0
20070629,61.096,61.522,57.781,61.522,124603,0
20070702,60.717,60.717,58.207,58.728,36756,0
20070703,57.781,61.759,57.496,61.001,95559,0
20070704,61.096,63.937,61.096,62.896,56233,0
20070705,62.99,64.411,61.569,62.327,32424,0
20070706,62.517,62.517,61.569,62.28,40008,0
20070709,62.896,62.896,60.622,60.859,33343,0
20070710,59.77,60.622,59.201,59.675,30393,0
20070711,59.675,59.675,57.781,58.491,33742,0
20070712,58.538,58.822,57.449,57.781,21180,0
20070713,58.538,59.675,57.496,58.538,15560,0
20070716,57.781,58.349,54.56,56.644,72792,0
20070717,55.791,56.739,53.992,56.644,25029,0
20070718,56.644,57.307,55.507,55.886,20909,0
20070719,55.602,56.17,55.412,55.507,15263,0
20070720,55.649,55.697,53.897,53.897,49972,0
20070723,53.044,53.471,50.818,52.192,47930,0
20070724,51.292,52.097,50.203,50.203,71088,0
20070725,48.403,51.15,46.887,51.15,123083,0
20070726,52.002,52.287,47.74,48.308,35141,0
20070727,45.94,48.308,44.519,47.408,75955,0
20070730,47.361,47.551,45.94,46.603,36491,0
20070731,46.793,50.345,46.698,49.729,74501,0
20070801,48.308,48.308,46.887,48.119,32928,0
20070802,51.15,52.002,50.25,51.15,68589,0
20070803,51.15,53.85,50.676,52.002,58172,0
20070806,51.103,54.939,50.203,53.992,48775,0
20070807,55.791,56.786,53.044,53.613,113200,0
20070808,53.423,53.518,51.15,53.139,60363,0
20070809,53.613,53.613,52.902,53.518,62930,0
20070810,49.256,51.15,49.256,51.15,53008,0
20070813,51.15,51.813,50.155,51.245,47275,0
20070814,51.813,52.097,50.676,51.482,76594,0
20070816,49.256,49.445,45.76,47.361,107965,0
20070817,45.467,52.097,45.467,51.15,71313,0
20070820,53.992,53.992,52.097,52.097,52673,0
20070821,52.097,52.808,50.297,51.15,35913,0
20070822,52.05,53.139,51.434,53.044,39836,0
20070823,54.749,54.749,53.044,54.134,29537,0
20070824,53.897,53.897,52.571,53.423,47119,0
20070827,53.802,53.85,51.908,52.381,19704,0
20070828,52.381,52.381,50.771,50.866,8518,0
20070829,48.877,50.487,48.687,50.487,35448,0
20070830,50.582,51.624,48.829,49.634,14839,0
20070831,49.256,50.392,49.066,49.777,23481,0
20070903,50.534,51.103,50.203,50.203,12263,0
20070904,50.676,50.676,50.203,50.297,9927,0
20070905,50.203,50.297,48.308,48.308,29061,0
20070906,48.782,50.013,48.308,49.729,48030,0
20070907,49.729,49.729,47.551,47.835,19030,0
20070910,46.698,47.835,46.689,47.039,13866,0
20070911,47.408,47.408,44.519,46.404,258255,0
20070912,47.285,47.285,45.571,46.177,21607,0
20070913,46.224,47.323,45.609,47.323,13326,0
20070914,47.304,47.304,45.618,46.414,8831,0
20070917,46.044,46.423,46.035,46.234,46221,0
20070918,46.234,46.414,45.609,46.234,7624,0
20070919,47.835,47.835,46.793,47.172,46043,0
20070920,47.352,47.551,46.035,46.054,40089,0
20070921,46.13,47.456,45.94,47.361,36508,0
20070924,47.361,48.308,46.414,47.361,11042,0
20070925,46.556,47.314,46.414,46.423,5275,0
20070926,46.461,48.261,46.461,47.361,15899,0
20070927,47.835,48.308,47.361,47.503,20197,0
20070928,47.551,47.551,46.783,46.783,8713,0
20071001,46.783,46.887,44.728,45.751,13274,0
20071002,45.997,46.319,45.277,45.561,14208,0
20071003,45.486,45.486,44.519,45.088,21695,0
20071004,44.993,45.467,44.576,45.059,26553,0
20071005,45.088,45.836,45.088,45.277,64099,0
20071008,45.467,45.751,45.23,45.344,14172,0
20071009,45.467,45.836,45.126,45.182,17363,0
20071010,45.656,45.827,45.182,45.277,39427,0
20071011,45.381,45.599,45.192,45.239,15416,0
20071012,45.448,47.835,45.164,47.077,65938,0
20071015,47.361,47.835,46.603,47.361,25477,0
20071016,46.887,47.124,46.509,46.509,22165,0
20071017,46.518,46.878,45.855,45.95,10621,0
20071018,46.035,46.319,44.519,44.643,30410,0
20071019,44.643,44.643,43.572,44.519,28251,0
20071022,43.667,44.519,42.436,44.519,54503,0
20071023,44.519,45.372,43.733,44.605,25728,0
20071024,44.519,44.605,43.582,44.207,17299,0
20071025,43.582,44.321,43.582,43.809,15596,0
20071026,44.33,44.519,43.477,43.809,51621,0
20071029,44.046,44.425,43.582,43.629,12762,0
20071030,43.62,43.62,43.099,43.572,16000,0
20071031,43.572,43.657,43.165,43.383,14767,0
20071102,43.099,43.099,42.672,42.862,8360,0
20071105,42.72,43.572,41.687,41.687,15401,0
20071106,40.873,41.488,37.036,39.404,50191,0
20071107,39.67,39.67,35.71,36.942,121867,0
20071108,36.089,37.273,35.994,36.478,70598,0
20071109,37.131,38.353,35.994,36.07,35235,0
20071112,35.9,35.994,35.142,35.616,65383,0
20071113,35.805,35.805,34.1,35.426,98334,0
20071114,35.549,36.733,35.237,35.303,55795,0
20071115,35.407,35.407,34.109,34.469,51817,0
20071116,34.119,34.943,33.153,34.555,47810,0
20071119,35.047,35.047,33.92,34.185,37051,0
20071120,34.1,34.858,33.768,34.829,55901,0
20071121,35.047,35.227,34.289,35.142,57169,0
20071122,35,35.994,34.81,35.966,55189,0
20071123,36.326,36.847,35.985,36.525,34099,0
20071126,37.321,37.321,35.616,36.051,13778,0
20071127,36.155,36.269,35.047,35.663,320223,0
20071128,35.663,36.373,35.616,36.25,18319,0
20071129,37.415,37.86,36.951,37.131,63448,0
20071130,37.453,39.499,37.453,38.647,58515,0
20071203,38.467,39.12,37.955,38.836,34944,0
20071204,38.846,38.969,38.751,38.817,49048,0
20071205,38.874,40.295,38.078,39.84,44389,0
20071206,39.973,40.541,39.461,39.84,19116,0
20071207,39.84,40.257,39.3,40.257,25776,0
20071210,40.067,40.446,39.793,40.352,31390,0
20071211,40.257,40.683,40.257,40.494,63772,0
20071212,40.162,40.92,40.02,40.863,55742,0
20071213,40.74,41.109,40.655,40.92,55725,0
20071214,41.109,41.384,40.683,41.384,78088,0
20071217,41.204,41.593,40.721,40.721,182636,0
20071218,40.731,41.081,39.745,41.081,65885,0
20071219,39.31,40.266,39.31,40.266,98486,0
20071220,39.802,40.257,38.457,38.827,132368,0
20071221,39.253,39.281,37.51,38.741,112791,0
20071227,38.741,40.352,37.756,40.257,42960,0
20071228,40.257,40.626,39.982,40.21,50488,0
20080102,41.109,41.109,39.831,40.731,7114,0
20080103,39.973,42.132,39.878,41.82,10467,0
20080104,41.867,41.867,41.204,41.394,21099,0
20080107,41.109,41.109,39.802,40.219,7025,0
20080108,40.219,40.229,39.026,40.229,15155,0
20080109,40.721,41.1,38.836,38.836,59331,0
20080110,38.95,39.31,36.847,37.226,45405,0
20080111,36.657,37.908,36.657,37.036,5951,0
20080114,36.942,36.942,33.626,35.142,22871,0
20080115,35.142,35.492,34.574,35.047,26844,0
20080116,33.342,34.289,30.851,34.1,342158,0
20080117,34.716,35.379,33.911,33.929,9952,0
20080118,34.375,34.943,33.153,34.943,36253,0
20080121,34.233,34.526,33.304,33.304,6993,0
20080122,31.258,33.039,30.463,32.196,30533,0
20080123,32.395,33.626,31.495,32.101,16075,0
20080124,32.234,33.626,32.234,33.626,36581,0
20080125,34.1,35.047,33.532,35.047,14985,0
20080128,34.091,34.952,33.674,34.952,12350,0
20080129,35.758,35.852,35.426,35.625,81362,0
20080130,35.9,37.131,35.36,36.942,34943,0
20080131,37.415,37.785,36.004,36.468,57487,0
20080201,36.525,37.415,36.525,36.752,5445,0
20080204,37.254,37.321,35.616,36.26,11660,0
20080205,35.796,35.796,34.1,35.691,10459,0
20080206,33.731,36.26,33.721,36.26,79432,0
20080207,35.189,36.089,35.047,36.089,65270,0
20080208,35.89,35.9,35.142,35.142,3833,0
20080211,34.621,35.426,34.242,34.858,5336,0
20080212,34.858,35.9,34.858,35.805,9548,0
20080213,35.9,37.226,35.9,37.131,22170,0
20080214,37.321,37.605,36.402,36.402,8312,0
20080215,36.184,36.468,35.53,36.468,15974,0
20080218,37.036,37.699,35.852,37.699,17399,0
20080219,37.605,37.605,36.572,37.131,8618,0
20080220,36.155,36.942,35.994,36.904,1913,0
20080221,37.321,37.349,36.184,36.942,5540,0
20080222,36.373,36.942,35.644,36.942,9335,0
20080225,36.942,37.311,36.468,36.942,1792,0
20080226,36.942,36.942,36.013,36.942,8073,0
20080227,36.203,36.932,36.203,36.515,2118,0
20080228,36.515,36.563,35.994,36.004,26584,0
20080229,35.521,36.279,35.161,35.994,8183,0
20080303,35.189,35.189,34.479,34.668,3348,0
20080304,34.678,34.678,34.195,34.204,2530,0
20080305,34.195,35.038,34.1,34.943,910,0
20080306,34.952,35.047,34.1,34.564,7804,0
20080307,34.005,34.1,33.153,33.437,1839,0
20080310,33.901,34.1,33.437,33.806,3005,0
20080311,34.005,34.1,33.371,33.816,7099,0
20080312,34.1,34.1,33.532,33.541,1783,0
20080313,33.153,33.626,32.727,33.058,3516,0
20080314,32.31,33.456,32.3,32.3,7235,0
20080317,32.111,32.206,29.885,31.258,7899,0
20080318,31.258,31.722,30.529,31.258,24785,0
20080319,31.258,31.732,30.984,31.258,1056,0
20080320,30.785,31.258,30.785,31.258,1603,0
20080325,31.277,32.206,30.785,30.879,8034,0
20080326,30.51,30.965,30.406,30.501,2780,0
20080327,30.538,31.685,30.538,31.258,7340,0
20080328,31.495,31.495,30.605,30.605,9590,0
20080331,30.785,31.069,30.548,30.974,37392,0
20080401,31.268,33.153,31.022,33.153,32945,0
20080402,34.053,34.479,33.721,34.289,18685,0
20080403,34.384,35.322,34.289,34.668,16970,0
20080404,34.574,34.574,33.674,34.005,6388,0
20080407,34.1,34.1,33.247,33.314,4612,0
20080408,33.295,33.314,32.12,32.206,5976,0
20080409,32.016,32.206,31.666,32.016,4747,0
20080410,31.741,31.741,29.837,31.448,12905,0
20080411,31.732,32.111,31.211,31.258,14712,0
20080414,30.974,31.296,30.614,31.258,4870,0
20080415,31.258,31.258,30.69,31.022,4429,0
20080416,31.258,31.258,30.69,30.974,2194,0
20080417,30.785,31.258,30.747,31.164,3408,0
20080418,30.785,31.164,30.737,31.059,2055,0
20080421,31.258,31.258,28.701,28.909,5381,0
20080422,28.511,29.364,27.612,28.132,22148,0
20080423,28.417,28.417,28.038,28.085,5874,0
20080424,28.038,28.369,27.072,27.072,4388,0
20080425,27.005,27.005,25.727,26.712,15327,0
20080428,26.759,27.365,25.859,26.712,9985,0
20080429,26.712,26.996,26.579,26.712,2915,0
20080430,26.996,26.996,25.67,26.513,3958,0
20080505,26.825,26.825,25.954,26.229,4644,0
20080506,25.859,26.513,25.253,25.291,6634,0
20080507,25.196,26.039,25.101,26.039,9287,0
20080508,25.764,25.764,25.262,25.386,2936,0
20080509,25.764,25.954,25.007,25.31,3773,0
20080512,25.67,25.67,24.789,25.528,4894,0
20080513,25.575,25.575,24.533,24.713,12405,0
20080514,25.092,25.48,25.054,25.12,11651,0
20080515,25.215,25.215,24.533,24.533,3829,0
20080516,24.988,24.988,24.467,24.533,4828,0
20080519,24.628,24.817,22.942,24.154,4320,0
20080520,23.491,23.671,22.733,22.733,19445,0
20080521,23.586,23.586,22.354,23.112,12961,0
20080523,22.932,23.207,22.828,23.207,2968,0
20080526,23.122,23.207,22.373,22.714,2475,0
20080527,22.639,23.197,22.231,22.26,6235,0
20080528,22.354,22.639,21.691,21.691,6796,0
20080529,21.786,22.146,21.559,21.833,5270,0
20080530,22.591,24.637,21.976,24.637,26912,0
20080602,24.609,25.935,24.22,24.438,15563,0
20080603,24.438,24.438,23.425,23.434,5321,0
20080604,23.425,25.556,22.951,23.396,4733,0
20080605,24.325,24.325,22.279,22.298,6511,0
20080606,22.762,23.207,22.26,22.26,2734,0
20080609,22.241,22.241,20.848,21.303,3967,0
20080610,21.028,21.028,19.418,19.892,30004,0
20080611,19.75,19.75,18.187,18.746,16372,0
20080612,18.613,18.613,18.101,18.547,14819,0
20080613,18.575,19.181,18.196,18.253,5758,0
20080616,18.547,18.547,17.997,18.007,7468,0
20080617,17.997,18.101,17.836,18.082,5859,0
20080618,17.902,18.082,17.76,17.827,6467,0
20080619,17.827,17.94,17.704,17.704,6857,0
20080620,18.139,19.892,18.139,18.925,26015,0
20080623,19.418,19.428,18.774,18.793,6260,0
20080624,18.793,18.793,17.429,17.429,6797,0
20080625,17.429,17.524,16.387,16.387,16727,0
20080626,16.576,17.325,16.292,17.239,23436,0
20080627,17.041,17.609,17.041,17.258,22034,0
20080630,17.059,17.429,16.728,17.192,21683,0
20080701,17.05,17.05,16.387,17.05,6084,0
20080702,17.041,17.145,16.576,16.766,12682,0
20080703,16.576,17.969,16.169,17.382,7353,0
20080704,17.031,17.097,16.681,17.059,7141,0
20080707,17.069,17.097,16.321,16.766,7128,0
20080708,16.387,17.05,15.913,17.031,14335,0
20080709,17.031,17.334,16.775,16.861,2216,0
20080710,16.529,17.372,15.534,16.387,7190,0
20080711,16.681,17.192,16.387,16.851,12157,0
20080714,16.861,17.211,16.766,17.211,6912,0
20080715,17.192,17.325,17.05,17.239,5870,0
20080716,17.287,17.334,16.861,16.861,4741,0
20080717,17.334,17.514,17.05,17.325,4378,0
20080718,17.325,17.325,17.069,17.268,1486,0
20080721,17.268,17.334,17.145,17.145,4597,0
20080722,17.145,17.145,16.974,16.974,3955,0
20080723,16.974,17.524,16.974,17.325,13524,0
20080724,17.334,18.944,17.325,17.76,26321,0
20080725,17.997,18.66,17.997,18.376,31296,0
20080728,18.566,18.897,18.566,18.613,4865,0
20080729,18.566,18.85,18.357,18.613,2805,0
20080730,18.499,19.428,18.499,19.181,13088,0
20080731,19.323,19.323,18.944,19.087,19403,0
20080801,18.944,19.077,18.802,18.831,4889,0
20080804,18.831,19.409,18.764,18.812,3219,0
20080805,18.812,18.944,18.518,18.622,2090,0
20080806,18.944,19.124,18.802,18.944,11512,0
20080807,18.584,19.077,18.509,18.708,4624,0
20080808,18.281,18.376,17.533,18.045,10343,0
20080811,18.177,18.177,17.997,18.139,1479,0
20080812,17.808,18.177,17.808,18.168,2069,0
20080813,17.988,17.988,17.798,17.988,2087,0
20080814,17.713,17.997,17.334,17.997,1450,0
20080818,17.988,17.988,17.533,17.666,2966,0
20080819,17.902,17.902,17.164,17.429,2530,0
20080820,17.713,17.713,17.05,17.524,2653,0
20080821,17.05,17.514,17.05,17.514,656,0
20080822,17.514,17.713,17.239,17.334,10389,0
20080825,17.855,18.092,17.239,17.997,3792,0
20080826,17.4,17.524,17.4,17.514,1455,0
20080827,17.476,17.495,17.097,17.467,1746,0
20080828,17.239,17.334,16.813,17.334,2322,0
20080829,17.325,17.344,17.211,17.344,9208,0
20080901,17.334,17.344,16.813,17.334,829,0
20080902,17.192,18.092,17.097,17.969,6734,0
20080903,17.997,17.997,17.543,17.902,724,0
20080904,17.618,17.628,17.287,17.524,1175,0
20080905,17.306,17.429,15.601,16.103,11593,0
20080908,16.482,16.861,15.913,15.913,12847,0
20080909,15.961,15.961,15.25,15.345,10294,0
20080910,15.25,15.345,14.265,15.156,5081,0
20080911,15.317,15.336,15.317,15.317,1954,0
20080912,15.156,15.345,14.966,15.345,1361,0
20080915,14.805,15.534,14.786,15.506,393,0
20080916,14.966,15.279,14.54,14.966,5892,0
20080917,14.871,14.966,14.208,14.587,4777,0
20080918,14.199,14.199,13.545,13.81,9829,0
20080919,13.943,14.871,13.943,14.474,8235,0
20080922,14.36,14.682,13.735,13.735,7787,0
20080923,13.735,13.829,13.64,13.735,8715,0
20080924,14.379,14.379,13.735,13.735,3087,0
20080925,13.64,14.294,13.507,14.114,5257,0
20080926,13.829,14.199,13.829,14.18,2021,0
20080929,13.744,14.161,13.507,14.057,5420,0
20080930,13.451,13.735,13.28,13.716,2175,0
20081001,13.782,14.483,13.744,14.019,4334,0
20081002,14.199,14.199,13.356,13.356,2841,0
20081003,12.522,13.214,12.314,12.456,30568,0
20081006,12.314,12.409,11.177,11.177,25130,0
20081007,11.367,12.115,10.135,10.135,29020,0
20081008,9.4722,10.893,8.525,10.836,35231,0
20081009,11.054,11.054,9.766,10.59,13651,0
20081010,9.4722,10.211,9.4722,9.662,22872,0
20081013,9.671,10.135,9.671,9.756,10156,0
20081014,10.164,10.306,9.946,10.041,12593,0
20081015,10.277,10.277,9.2828,9.368,8283,0
20081016,8.5724,8.9039,8.0609,8.8944,17241,0
20081017,9.3775,9.3775,8.1461,8.5534,11531,0
20081020,8.686,8.686,8.2124,8.5155,33692,0
20081021,8.9512,8.9512,8.1461,8.1461,26036,0
20081022,7.7862,8.0514,7.2178,7.3883,14538,0
20081023,7.0284,7.2936,6.3464,6.8105,31902,0
20081024,6.5358,6.7632,5.8917,6.1001,27202,0
20081027,5.8633,6.3274,5.3613,5.6265,31345,0
20081028,5.9012,5.9296,5.3992,5.4749,43739,0
20081029,5.7023,6.6211,5.6265,6.4506,64720,0
20081030,7.0473,8.0987,6.8295,7.3789,60517,0
20081031,7.5778,8.1366,7.1042,7.5683,29266,0
20081103,7.2936,7.3883,7.0094,7.1799,34268,0
20081104,7.161,7.1799,6.9052,7.1515,38475,0
20081105,7.1989,7.8146,7.1989,7.3315,44186,0
20081106,7.1042,7.1042,6.1854,6.2422,113850,0
20081107,6.299,6.4316,5.636,5.6833,89981,0
20081110,6.2422,6.2422,5.8728,6.1191,18989,0
20081112,5.9201,5.9201,5.5886,5.636,28341,0
20081113,5.636,5.636,5.3044,5.3044,55892,0
20081114,5.7686,5.7686,5.4939,5.5507,34953,0
20081117,5.456,5.456,5.115,5.1908,31673,0
20081118,5.2097,5.2571,4.6887,4.8119,62299,0
20081119,4.7172,4.9256,4.5277,4.6414,73693,0
20081120,4.4519,4.4519,4.0731,4.3477,54319,0
20081121,4.4519,4.4519,4.272,4.3099,101986,0
20081124,4.2909,4.6224,4.2909,4.4235,223992,0
20081125,4.6793,4.9824,4.4519,4.6887,796485,0
20081126,4.7266,4.9256,4.5088,4.5561,263683,0
20081127,4.7645,4.9161,4.594,4.7551,190500,0
20081128,4.8024,4.9161,4.5467,4.5467,129213,0
20081201,4.5656,4.5846,4.272,4.272,65721,0
20081202,4.0731,4.3288,3.931,4.2341,96012,0
20081203,4.253,4.3383,4.0731,4.0731,81336,0
20081204,4.1678,4.3004,4.0731,4.2625,78786,0
20081205,4.2625,4.4709,4.2151,4.3099,66226,0
20081208,4.5467,4.6509,4.4614,4.5467,162155,0
20081209,4.594,4.6319,4.4046,4.4519,144370,0
20081210,4.4614,4.5467,4.3572,4.4425,49368,0
20081211,4.3762,4.5372,4.3667,4.5182,29134,0
20081212,4.3572,4.4141,4.2625,4.3572,55925,0
20081215,4.3099,4.4046,4.2341,4.2436,99112,0
20081216,4.2341,4.2341,4.1299,4.1962,62463,0
20081217,4.3099,4.3099,4.0825,4.1299,36168,0
20081218,4.1678,4.1678,3.8836,3.9404,56854,0
20081219,3.9499,3.9499,3.8457,3.8931,68578,0
20081222,3.9026,4.0257,3.8457,3.8457,65059,0
20081223,3.8457,3.9215,3.8078,3.8836,120518,0
20081229,3.8931,4.0067,3.8931,3.9215,14841,0
20081230,4.0162,4.0731,3.9215,3.9215,70511,0
20081231,3.9783,3.9783,3.8078,3.8078,67540,0
20090105,3.9594,4.4993,3.9499,4.3667,128390,0
20090106,4.5088,4.6793,4.3572,4.5656,193991,0
20090107,4.6319,4.6319,4.3856,4.3856,96578,0
20090108,4.1772,4.3856,4.1772,4.3099,58319,0
20090109,4.3193,4.433,4.2341,4.2625,53790,0
20090112,4.3667,4.4898,4.2909,4.3572,335387,0
20090113,4.3383,4.3572,4.0352,4.1204,197173,0
20090114,4.2436,4.2436,4.1204,4.1678,137736,0
20090115,4.1488,4.5846,4.0257,4.3572,161538,0
20090116,4.5372,5.3992,4.4614,4.8308,2454275,0
20090119,5.115,5.4371,4.8877,4.9256,1426779,0
20090120,4.9634,5.1813,4.8403,5.0487,651107,0
20090121,4.954,5.2855,4.6887,5.2097,587256,0
20090122,5.4465,5.5791,4.9824,5.115,609638,0
20090123,5.1718,5.295,4.9256,5.2571,266272,0
20090126,5.3613,6.4695,5.3044,6.4695,1037499,0
20090127,6.6969,6.9242,6.0812,6.2138,1667055,0
20090128,6.4316,6.4411,5.9012,6.0338,705652,0
20090129,6.0243,6.0243,5.6076,5.6265,546180,0
20090130,5.5034,5.8538,5.4276,5.6833,540628,0
20090202,5.6833,5.6833,4.8687,5.1055,539353,0
20090203,5.115,5.2381,4.7929,5.115,374216,0
20090204,5.2002,5.4086,5.115,5.3234,308813,0
20090205,5.3234,5.3707,5.0961,5.1434,170443,0
20090206,5.2855,5.3613,5.0203,5.115,238632,0
20090209,5.0487,5.1245,4.8782,5.0297,124125,0
20090210,5.0392,5.4844,4.9256,5.276,429940,0
20090211,5.0676,5.2571,5.0676,5.1718,136198,0
20090212,5.2287,5.2287,4.9066,4.9256,108728,0
20090213,5.0582,5.1529,4.9256,4.9729,63773,0
20090216,4.9634,4.9634,4.6414,4.6698,103605,0
20090217,4.4519,4.5277,4.0825,4.092,187781,0
20090218,4.1015,4.3099,3.8836,4.1678,137614,0
20090219,4.2625,4.4425,4.2625,4.3856,106026,0
20090220,4.2625,4.4519,4.1109,4.4519,112119,0
20090223,4.6319,4.6414,4.4519,4.5088,86541,0
20090224,4.3572,4.4614,4.3572,4.4614,50260,0
20090225,4.6603,4.9161,4.4993,4.594,346806,0
20090226,4.594,4.7835,4.5467,4.7266,106312,0
20090227,4.7361,4.774,4.5088,4.5467,95973,0
20090302,4.4425,4.4993,4.3099,4.3477,97751,0
20090303,4.2909,4.5751,4.2909,4.5751,91455,0
20090304,4.6414,4.8782,4.5846,4.8687,129957,0
20090305,4.9161,4.9161,4.7551,4.8971,112702,0
20090306,4.774,5.1624,4.7266,5.0676,142214,0
20090309,5.115,5.1624,4.9256,5.0108,69975,0
20090310,4.8403,5.2855,4.8403,5.2571,96534,0
20090311,5.3802,5.4844,5.295,5.4844,161341,0
20090312,5.4371,5.5602,5.2571,5.5223,84105,0
20090313,5.6833,5.8065,5.5223,5.5697,233026,0
20090316,5.6265,5.7023,5.3613,5.3897,106321,0
20090317,5.3613,5.3613,4.9634,5.2097,123674,0
20090318,5.276,5.3992,5.2097,5.2287,60049,0
20090319,5.2476,5.3613,5.1624,5.2855,58620,0
20090320,5.2855,5.4086,5.1529,5.4086,70389,0
20090323,5.4844,5.7686,5.4844,5.6833,226469,0
20090324,5.9107,6.0622,5.4749,5.636,374053,0
20090325,5.6076,6.5074,5.4939,6.5074,837747,0
20090326,6.5358,6.7158,6.2611,6.4127,482947,0
20090327,6.3937,6.5264,6.2517,6.2517,244044,0
20090330,6.1569,6.2043,5.7307,5.7307,330598,0
20090331,5.7496,6.138,5.7496,6.0906,160814,0
20090401,6.1664,6.7253,5.9675,6.6779,433493,0
20090402,7.0379,7.6251,7.0379,7.5778,567083,0
20090403,7.7577,8.0514,7.4831,7.5967,500600,0
20090406,7.7767,8.8565,7.7767,8.2408,547715,0
20090407,8.4303,8.705,8.2408,8.345,244631,0
20090408,8.1556,8.9702,7.6346,8.8376,410796,0
20090409,9.1881,9.3301,8.8944,9.046,395553,0
20090414,8.9228,9.936,8.8565,9.3775,638644,0
20090415,9.3775,9.681,9.2828,9.548,189617,0
20090416,9.804,9.889,9.0933,9.2828,308060,0
20090417,9.4154,9.557,8.5913,8.8186,263590,0
20090420,8.5345,8.6197,7.9567,7.9567,250476,0
20090421,7.7199,8.9418,7.7199,8.525,280046,0
20090422,8.7618,9.3017,8.6197,9.1691,167373,0
20090423,9.4627,9.662,8.9891,9.0933,179973,0
20090424,9.0554,9.1786,8.6292,8.9986,111103,0
20090427,9.0176,9.0176,8.7334,8.8849,64472,0
20090428,8.8092,8.8092,8.6292,8.7523,101584,0
20090429,8.9986,9.1881,8.9891,9.1881,145384,0
20090430,9.4722,9.842,9.3775,9.813,257559,0
20090504,10.145,11.082,10.145,11.082,286970,0
20090505,11.12,11.926,10.618,10.855,339640,0
20090506,10.609,11.348,10.609,10.988,323796,0
20090507,11.177,11.746,10.893,10.893,262898,0
20090508,10.855,11.177,10.751,10.903,181550,0
20090511,11.158,11.158,10.656,10.675,108368,0
20090512,10.704,11.651,10.533,11.518,242420,0
20090513,11.746,12.077,10.893,10.94,271692,0
20090514,10.903,11.348,10.419,11.348,133769,0
20090515,11.746,12.039,11.177,11.272,266892,0
20090518,11.177,11.433,10.656,11.357,65581,0
20090519,11.698,11.746,10.893,11.073,166957,0
20090520,11.177,11.471,10.978,10.997,98038,0
20090521,10.808,11.035,9.965,10.372,184191,0
20090522,10.135,10.315,9.955,9.993,138478,0
20090525,10.022,10.173,9.529,9.946,112960,0
20090526,9.946,10.135,9.539,10.135,108850,0
20090527,10.382,10.599,10.325,10.429,115807,0
20090528,10.419,10.419,9.851,10.088,69697,0
20090529,10.088,10.268,10.041,10.05,69101,0
20090601,10.192,10.467,10.183,10.457,87628,0
20090602,10.571,10.988,10.514,10.903,154825,0
20090603,10.988,11.177,10.713,10.912,100769,0
20090604,10.997,11.414,10.94,11.319,167247,0
20090605,11.461,11.651,11.092,11.111,111485,0
20090608,10.988,10.988,10.628,10.628,90335,0
20090609,10.751,10.94,10.656,10.846,56958,0
20090610,10.95,11.13,10.713,11.13,75126,0
20090612,11.177,11.234,10.988,11.225,50207,0
20090615,11.196,11.196,10.751,10.798,39849,0
20090616,10.419,10.789,10.23,10.76,82926,0
20090617,10.76,10.846,10.325,10.344,69770,0
20090618,10.4,10.514,10.05,10.277,45798,0
20090619,10.372,11.603,10.325,11.442,154653,0
20090622,11.291,12.03,10.609,10.609,196591,0
20090623,10.562,11.272,10.438,10.931,78893,0
20090624,10.997,11.149,10.997,11.111,22201,0
20090625,11.13,11.206,10.609,10.874,28196,0
20090626,11.082,11.139,10.713,10.798,22206,0
20090629,10.751,10.827,10.429,10.562,60006,0
20090630,10.846,10.846,10.514,10.524,32815,0
20090701,10.438,10.609,10.372,10.467,33141,0
20090702,10.599,10.599,10.419,10.514,58850,0
20090703,10.467,10.798,10.467,10.798,35285,0
20090706,10.704,10.704,10.429,10.609,38162,0
20090707,10.562,11.319,10.562,11.177,62502,0
20090708,10.94,11.679,10.94,11.329,127093,0
20090709,11.329,12.068,11.329,11.935,180789,0
20090710,12.134,12.787,12.134,12.456,207063,0
20090713,11.954,12.077,11.594,11.632,120467,0
20090714,11.764,12.049,11.651,11.954,35964,0
20090715,12.049,12.484,12.03,12.314,55659,0
20090716,12.409,12.428,12.219,12.257,22694,0
20090717,12.219,12.219,11.982,12.001,17386,0
20090720,12.011,12.456,11.992,12.295,64464,0
20090721,12.437,12.437,12.124,12.172,33199,0
20090722,12.172,12.285,11.746,11.963,46659,0
20090723,11.935,11.973,11.802,11.869,64532,0
20090724,11.888,12.503,11.783,12.267,172522,0
20090727,12.342,12.399,11.84,11.888,62560,0
20090728,11.935,12.181,11.651,11.973,41034,0
20090729,11.812,11.973,11.755,11.878,32020,0
20090730,11.973,11.973,11.755,11.907,54188,0
20090731,12.03,12.058,11.869,11.944,60335,0
20090803,11.944,12.115,11.935,12.03,28529,0
20090804,12.143,12.295,11.963,12.295,53350,0
20090805,12.323,12.873,12.049,12.049,220934,0
20090806,12.409,12.636,12.134,12.503,70553,0
20090807,12.503,13.735,12.503,13.687,190234,0
20090810,14.218,14.445,13.479,13.479,186497,0
20090811,13.318,13.479,12.787,12.882,155824,0
20090812,12.598,13.053,12.409,13.024,126561,0
20090813,13.308,13.498,13.024,13.11,76635,0
20090814,13.043,13.318,12.787,12.854,87103,0
20090817,12.608,12.787,12.456,12.598,61404,0
20090818,12.589,13.072,12.551,13.024,48002,0
20090819,13.024,13.024,12.693,12.835,27777,0
20090820,13.081,13.261,12.835,12.977,35455,0
20090821,13.015,13.233,12.844,13.024,47608,0
20090824,13.375,13.536,12.769,12.769,69538,0
20090825,12.693,13.242,12.551,13.166,48290,0
20090826,12.882,13.138,12.731,12.958,46162,0
20090827,12.806,13.147,12.769,12.787,30216,0
20090828,13.062,13.119,12.787,12.835,37909,0
20090831,12.835,12.977,12.314,12.314,37248,0
20090901,12.361,12.759,11.556,11.84,210511,0
20090902,11.575,11.575,11.007,11.272,100738,0
20090903,11.196,11.783,11.196,11.367,66958,0
20090904,11.461,11.641,11.262,11.357,82472,0
20090907,11.357,11.603,11.357,11.414,27888,0
20090908,11.689,11.689,10.628,10.846,71529,0
20090909,10.846,10.997,10.562,10.827,72385,0
20090910,10.893,10.997,10.562,10.666,85836,0
20090911,10.704,10.846,10.419,10.562,44307,0
20090914,10.457,10.457,9.927,9.946,98377,0
20090915,10.116,10.4,10.041,10.325,40321,0
20090916,10.694,11.101,10.609,11.101,56365,0
20090917,11.319,11.49,10.969,11.082,56674,0
20090918,11.035,11.035,10.732,10.978,42830,0
20090921,10.988,11.338,10.988,11.073,54630,0
20090922,11.177,11.291,10.817,11.082,39201,0
20090923,11.253,11.272,11.045,11.101,23079,0
20090924,11.035,11.12,10.893,11.035,19551,0
20090925,10.94,11.054,10.903,11.045,10204,0
20090928,10.95,10.95,10.419,10.94,21559,0
20090929,10.988,11.13,10.95,10.988,26683,0
20090930,11.168,11.168,10.893,11.026,33957,0
20091001,11.149,11.149,10.893,10.988,30301,0
20091002,10.874,10.874,10.514,10.713,31571,0
20091005,10.846,10.978,10.798,10.798,50206,0
20091006,10.817,11.272,10.817,11.272,56045,0
20091007,11.367,11.442,11.016,11.177,22695,0
20091008,11.272,11.272,11.035,11.215,13793,0
20091009,11.225,11.272,11.092,11.196,8669,0
20091012,11.177,11.187,10.931,10.988,10702,0
20091013,10.988,11.168,10.618,10.988,24378,0
20091014,10.94,11.367,10.865,11.225,58091,0
20091015,11.31,11.414,11.12,11.177,27328,0
20091016,11.149,11.319,11.082,11.244,270391,0
20091019,11.319,11.319,11.101,11.272,23612,0
20091020,11.272,11.414,10.836,11.082,72649,0
20091021,11.045,11.556,11.045,11.272,85185,0
20091022,11.177,11.509,11.177,11.272,39834,0
20091023,11.414,11.461,11.225,11.272,65555,0
20091026,11.386,11.386,11.111,11.158,25534,0
20091027,11.045,11.064,10.846,10.959,26833,0
20091028,10.903,11.348,10.903,10.903,51306,0
20091029,10.798,11.272,10.798,11.13,47880,0
20091030,11.3,11.3,11.045,11.272,207593,0
20091102,11.177,11.177,11.092,11.177,22271,0
20091103,11.234,11.234,10.95,10.978,12702,0
20091104,10.988,11.177,10.988,11.177,18983,0
20091105,11.177,11.177,11.045,11.168,17652,0
20091106,11.225,11.272,11.007,11.177,29327,0
20091109,11.272,11.793,11.272,11.603,233598,0
20091110,11.926,12.03,11.556,11.613,122734,0
20091112,11.651,12.03,11.556,11.954,113863,0
20091113,12.049,12.124,11.793,11.916,52062,0
20091116,11.963,12.124,11.916,11.982,130795,0
20091117,11.973,11.973,11.717,11.802,30483,0
20091118,11.746,11.746,10.609,11.13,53239,0
20091119,11.177,11.177,10.893,11.026,42141,0
20091120,11.291,11.291,10.874,10.893,21163,0
20091123,10.893,11.225,10.817,11.149,49430,0
20091124,11.054,11.064,10.893,10.903,14148,0
20091125,10.94,11.12,10.723,10.893,30379,0
20091126,10.893,10.893,10.656,10.666,16396,0
20091127,10.419,10.514,9.624,10.476,43643,0
20091130,10.704,10.704,10.514,10.609,7763,0
20091201,10.798,10.884,10.419,10.666,11252,0
20091202,10.808,10.808,10.495,10.704,5605,0
20091203,10.704,10.988,10.704,10.931,33799,0
20091204,10.931,10.959,10.817,10.94,11752,0
20091207,10.959,10.988,10.893,10.969,15638,0
20091208,10.988,11.016,10.798,10.874,16824,0
20091209,10.798,11.035,10.798,11.035,78731,0
20091210,10.855,11.225,10.855,11.045,28301,0
20091211,11.045,11.281,11.026,11.262,23710,0
20091214,11.31,11.31,10.959,10.969,66270,0
20091215,10.912,11.082,10.912,10.988,28379,0
20091216,11.082,11.139,10.988,11.111,11614,0
20091217,11.007,11.035,10.903,10.978,14407,0
20091218,10.77,11.139,10.77,11.026,408305,0
20091221,10.988,11.082,10.808,11.035,42803,0
20091222,10.921,11.177,10.921,11.035,32519,0
20091223,11.026,11.035,10.779,10.893,36289,0
20091228,10.874,10.874,10.524,10.798,40066,0
20091229,10.808,11.168,10.808,11.139,24807,0
20091230,11.158,11.158,10.903,11.073,13983,0
20091231,10.988,11.082,10.903,11.082,4583,0
20100104,10.921,11.158,10.921,11.035,12911,0
20100105,11.13,11.348,11.035,11.291,25417,0
20100106,11.319,11.556,10.903,11.215,26256,0
20100107,11.12,11.367,11.007,11.281,79829,0
20100108,11.262,11.651,11.177,11.547,59195,0
20100111,11.641,11.935,11.641,11.84,67707,0
20100112,11.907,12.077,11.556,11.831,57097,0
20100113,11.84,11.84,11.461,11.547,63660,0
20100114,11.585,11.84,11.585,11.746,194211,0
20100115,11.84,12.219,11.802,12.03,74645,0
20100118,12.03,12.503,12.03,12.38,87563,0
20100119,12.579,12.759,12.409,12.503,69689,0
20100120,12.626,12.683,12.049,12.314,59165,0
20100121,12.21,12.21,11.66,12.077,60805,0
20100122,11.888,11.916,11.67,11.84,88621,0
20100125,11.651,11.717,11.48,11.66,33563,0
20100126,11.537,11.651,11.082,11.367,47968,0
20100127,11.603,11.689,11.3,11.537,215638,0
20100128,11.774,11.935,11.556,11.556,76712,0
20100129,11.386,11.471,11.281,11.471,15808,0
20100201,11.3,11.3,10.893,11.196,14726,0
20100202,11.187,11.414,11.13,11.13,15682,0
20100203,11.272,11.338,11.045,11.177,15866,0
20100204,11.13,11.405,10.893,10.912,20595,0
20100205,10.798,10.798,10.135,10.704,104984,0
20100208,10.656,10.656,10.334,10.599,30602,0
20100209,10.4,10.618,10.4,10.476,12902,0
20100210,10.599,10.798,10.59,10.789,16585,0
20100211,10.789,10.893,10.609,10.798,16785,0
20100212,10.855,10.978,10.704,10.798,13465,0
20100215,10.959,10.969,10.751,10.959,20528,0
20100216,10.988,11.244,10.893,11.244,12822,0
20100217,11.367,11.575,11.367,11.509,19630,0
20100218,11.367,11.48,11.177,11.414,15942,0
20100219,11.177,11.367,11.092,11.367,19093,0
20100222,11.367,11.509,11.177,11.461,6854,0
20100223,11.3,11.414,11.281,11.414,13164,0
20100224,11.272,11.348,11.082,11.338,15711,0
20100225,11.139,11.187,10.988,11.064,6703,0
20100226,10.846,11.225,10.846,11.215,7975,0
20100301,11.272,11.414,10.893,10.893,56556,0
20100302,10.903,11.007,10.798,10.893,93391,0
20100303,10.988,10.988,10.751,10.798,48131,0
20100304,10.798,11.338,10.779,11.338,129426,0
20100305,11.461,12.077,11.461,11.935,117459,0
20100308,12.162,12.248,11.84,12.172,70853,0
20100309,12.115,12.219,11.774,12.21,78703,0
20100310,12.219,12.598,12.143,12.399,137278,0
20100311,12.409,12.484,12.124,12.257,42254,0
20100312,12.124,12.352,12.03,12.219,76358,0
20100315,12.229,12.409,12.087,12.267,95177,0
20100316,12.285,13.119,12.257,13.034,247761,0
20100317,13.166,13.223,12.626,12.977,121668,0
20100318,12.939,13.261,12.854,13.024,86824,0
20100319,13.024,13.166,12.645,12.645,41874,0
20100322,12.645,12.693,12.124,12.484,49681,0
20100323,12.314,12.977,12.314,12.882,58657,0
20100324,12.816,12.986,12.617,12.787,16435,0
20100325,12.693,12.882,12.418,12.882,26533,0
20100326,12.92,13.128,12.636,12.986,49385,0
20100329,12.977,13.11,12.806,13.034,40760,0
20100330,13.091,15.061,13.091,14.682,484864,0
20100331,14.35,15.042,14.35,14.729,226717,0
20100401,14.635,15.913,14.483,14.729,226154,0
20100406,15.061,15.241,14.729,14.966,67783,0
20100407,14.635,15.345,14.256,14.398,146389,0
20100408,14.208,14.464,13.782,14.445,237805,0
20100409,14.407,14.777,14.407,14.654,81826,0
20100412,14.35,14.966,14.35,14.824,28992,0
20100413,14.89,15.819,14.786,15.629,119456,0
20100414,15.819,16.018,15.658,15.999,112957,0
20100415,16.103,16.292,15.866,16.179,110111,0
20100416,16.008,16.093,15.724,15.923,20145,0
20100419,14.682,15.733,14.682,15.733,111573,0
20100420,15.724,15.866,15.677,15.866,67769,0
20100421,15.866,15.904,15.724,15.866,73153,0
20100422,15.856,15.856,15.156,15.534,57755,0
20100423,15.629,15.714,15.298,15.714,30361,0
20100426,15.856,16.567,15.828,16.103,135147,0
20100427,16.103,16.103,15.819,16.036,40607,0
20100428,15.534,15.819,15.156,15.705,74393,0
20100429,15.714,15.885,15.345,15.866,15469,0
20100430,15.866,16.103,15.866,15.999,22796,0
20100504,16.008,16.008,15.212,15.326,66407,0
20100505,15.231,15.326,14.682,15.326,78067,0
20100506,15.108,15.156,14.824,15.089,33036,0
20100507,14.35,14.587,14.208,14.587,189265,0
20100510,14.852,14.966,14.691,14.966,68936,0
20100511,14.919,14.957,14.417,14.521,69666,0
20100512,14.587,14.805,14.341,14.777,19716,0
20100513,14.682,15.336,14.682,15.061,300094,0
20100514,15.156,15.156,14.777,15.051,15709,0
20100517,14.682,15.013,14.682,15.013,138977,0
20100518,15.013,15.156,14.805,15.156,119129,0
20100519,14.739,15.061,14.36,14.89,33731,0
20100520,14.682,14.871,14.218,14.616,54886,0
20100521,14.208,14.597,14.142,14.597,113202,0
20100524,14.758,14.777,14.511,14.606,110901,0
20100525,14.436,14.549,14.246,14.549,83227,0
20100526,14.492,15.099,14.492,15.099,35438,0
20100527,15.099,15.497,15.099,15.392,27618,0
20100528,15.544,15.62,15.449,15.572,25900,0
20100531,15.62,15.838,15.449,15.838,17771,0
20100601,15.951,15.951,15.449,15.629,17461,0
20100602,15.468,15.819,15.468,15.819,13321,0
20100604,15.819,15.951,15.591,15.724,36999,0
20100607,15.525,15.62,15.269,15.62,9365,0
20100608,15.629,15.752,15.354,15.724,10113,0
20100609,15.771,15.819,15.544,15.809,13966,0
20100610,15.383,15.913,15.383,15.913,21893,0
20100611,15.932,16.093,15.629,16.093,24258,0
20100614,16.103,16.718,15.942,16.576,60276,0
20100615,16.529,17.22,16.529,16.936,282149,0
20100616,17.097,17.334,16.681,16.718,27498,0
20100617,17.003,17.003,16.718,17.003,32033,0
20100618,17.05,17.135,16.576,17.097,53963,0
20100621,17.287,17.713,17.173,17.704,39190,0
20100622,17.751,17.789,17.258,17.258,15101,0
20100623,17.164,17.164,16.728,16.804,70387,0
20100624,16.624,16.804,15.913,16.804,40484,0
20100625,16.671,16.813,16.624,16.766,23427,0
20100628,16.861,17.192,16.482,16.652,42497,0
20100629,16.576,16.804,15.733,16.103,407647,0
20100630,15.695,15.989,15.08,15.203,377664,0
20100701,14.445,15.515,14.445,15.383,61137,0
20100702,15.156,15.629,14.995,15.525,99595,0
20100705,15.534,15.856,15.26,15.345,85423,0
20100706,15.336,15.506,15.212,15.43,37227,0
20100707,15.174,15.44,15.08,15.193,54983,0
20100708,15.25,15.326,15.108,15.25,120973,0
20100709,15.553,15.629,15.26,15.629,11136,0
20100712,15.61,16.055,15.553,15.942,18345,0
20100713,16.008,16.292,15.932,16.292,15403,0
20100714,16.216,16.557,16.216,16.538,12078,0
20100715,16.548,16.671,16.482,16.576,14631,0
20100716,16.396,16.662,16.302,16.662,11834,0
20100719,16.169,16.557,16.169,16.557,12323,0
20100720,16.624,16.728,16.302,16.576,12390,0
20100721,16.671,16.813,16.671,16.718,27396,0
20100722,16.624,16.69,16.434,16.69,9781,0
20100723,16.652,16.652,16.359,16.624,21959,0
20100726,16.254,16.813,16.254,16.813,15491,0
20100727,16.794,16.927,16.538,16.927,20816,0
20100728,16.917,16.917,16.444,16.576,16406,0
20100729,16.444,16.813,16.425,16.813,17432,0
20100730,16.832,16.908,16.453,16.557,19436,0
20100802,16.482,16.709,16.302,16.595,14808,0
20100803,16.861,16.861,15.8,16.472,13910,0
20100804,16.008,16.472,16.008,16.472,24725,0
20100805,16.434,16.529,16.188,16.188,16968,0
20100806,16.103,16.254,15.838,16.254,22148,0
20100809,16.245,16.245,15.856,15.904,19290,0
20100810,15.989,15.989,15.515,15.544,21183,0
20100811,15.468,15.629,14.871,15.629,131759,0
20100812,15.629,15.714,15.354,15.714,19872,0
20100813,15.582,15.762,15.44,15.487,28558,0
20100816,15.459,15.601,15.26,15.582,5880,0
20100817,15.62,15.629,15.373,15.582,5840,0
20100818,15.62,15.62,15.534,15.563,4450,0
20100819,15.62,15.762,15.62,15.695,8761,0
20100820,15.771,15.771,15.44,15.553,5560,0
20100823,15.392,15.582,15.383,15.582,18924,0
20100824,15.582,15.582,15.364,15.534,11606,0
20100825,15.231,15.525,15.231,15.392,14641,0
20100826,15.345,15.582,15.174,15.582,16471,0
20100827,15.525,15.582,15.298,15.582,6677,0
20100830,15.26,15.629,15.26,15.336,56999,0
20100831,15.156,15.156,14.398,15.156,67073,0
20100901,15.156,15.25,15.07,15.25,240250,0
20100902,15.25,15.354,15.156,15.354,17728,0
20100903,15.174,15.582,15.165,15.582,20459,0
20100906,15.269,15.677,15.269,15.677,10285,0
20100907,15.62,15.819,15.449,15.714,18833,0
20100908,15.487,15.771,15.44,15.771,25345,0
20100909,15.629,16.103,15.534,16.103,254615,0
20100910,16.036,16.254,15.828,16.254,122361,0
20100913,15.913,16.52,15.913,16.52,20253,0
20100914,16.482,16.482,16.283,16.283,32939,0
20100915,15.961,16.15,15.923,16.093,19070,0
20100916,16.093,16.093,15.819,15.866,28025,0
20100917,15.904,15.904,15.601,15.809,51863,0
20100920,16.216,16.216,15.629,15.961,25385,0
20100921,15.875,16.103,15.648,16.093,19413,0
20100922,15.771,16.103,15.771,16.103,15794,0
20100923,15.838,16.103,15.828,16.103,26993,0
20100924,15.932,16.103,15.819,16.103,22605,0
20100927,16.103,16.292,15.695,16.292,64745,0
20100928,16.292,16.624,16.018,16.624,74379,0
20100929,16.624,17.145,16.311,17.145,32028,0
20100930,17.05,17.382,16.917,17.382,85485,0
20101001,17.05,17.334,17.05,17.059,9458,0
20101004,16.927,16.936,16.737,16.766,21514,0
20101005,16.766,16.766,16.482,16.671,21130,0
20101006,16.671,16.851,16.576,16.766,132550,0
20101007,16.861,16.861,16.576,16.576,14137,0
20101008,16.576,16.718,16.387,16.718,3135,0
20101011,16.491,16.794,16.491,16.794,9231,0
20101012,16.633,17.003,16.624,16.927,12541,0
20101013,16.965,17.05,16.718,17.05,67011,0
20101014,17.041,17.041,16.804,16.946,36345,0
20101015,16.917,16.993,16.823,16.851,9589,0
20101018,16.643,16.794,16.415,16.482,21484,0
20101019,16.406,16.567,16.216,16.33,22947,0
20101020,16.292,16.292,15.961,16.103,10211,0
20101021,16.065,16.15,15.819,15.913,17502,0
20101022,15.771,15.875,15.629,15.629,14506,0
20101025,15.629,15.819,15.26,15.724,16241,0
20101026,15.733,16.055,15.733,15.913,10583,0
20101027,15.838,16.103,15.819,16.084,15512,0
20101028,15.885,16.055,15.838,16.008,9377,0
20101029,15.961,15.961,15.856,15.951,4921,0
20101102,15.866,16.482,15.639,16.482,10392,0
20101103,16.472,16.529,16.207,16.482,33480,0
20101104,16.567,16.576,16.434,16.548,19347,0
20101105,16.576,17.05,16.074,17.05,57408,0
20101108,16.936,16.936,16.766,16.861,30612,0
20101109,16.766,16.861,16.614,16.633,9571,0
20101110,16.737,16.737,16.491,16.7,16838,0
20101112,16.671,16.861,16.434,16.861,7463,0
20101115,16.548,16.766,16.453,16.671,19295,0
20101116,16.491,16.662,16.321,16.472,8303,0
20101117,16.567,16.567,16.197,16.387,8113,0
20101118,16.169,16.387,16.169,16.273,6124,0
20101119,16.216,16.216,15.885,16.008,15827,0
20101122,16.084,16.084,15.468,15.771,33673,0
20101123,15.582,15.705,15.468,15.705,11530,0
20101124,15.629,15.913,15.591,15.913,22990,0
20101125,16.065,16.264,15.819,16.103,11746,0
20101126,16.235,16.235,15.8,15.913,22895,0
20101129,15.781,16.055,15.572,16.055,15617,0
20101130,15.781,16.197,15.781,16.093,32472,0
20101201,15.923,16.254,15.923,16.254,11628,0
20101202,16.292,16.529,16.207,16.529,19462,0
20101203,16.529,16.529,16.207,16.33,23257,0
20101206,16.472,16.472,16.16,16.33,40309,0
20101207,16.472,16.472,16.169,16.33,26116,0
20101208,16.33,16.377,16.197,16.283,9962,0
20101209,16.273,16.273,15.961,16.179,29514,0
20101210,16.264,16.292,15.97,16.283,8535,0
20101213,16.103,16.283,16.103,16.235,7915,0
20101214,16.235,16.273,16.018,16.273,14328,0
20101215,16.112,16.216,15.913,16.103,26659,0
20101216,16.093,16.093,15.961,16.093,12692,0
20101217,15.97,16.103,15.97,16.065,5882,0
20101220,16.084,16.084,15.885,16.055,6549,0
20101221,15.923,15.923,15.686,15.79,20331,0
20101222,15.648,15.819,15.639,15.724,9055,0
20101223,15.639,15.639,15.487,15.544,10130,0
20101227,15.487,15.515,15.269,15.336,13755,0
20101228,15.336,15.336,14.966,15.156,27181,0
20101229,15.156,15.156,14.871,15.156,12830,0
20101230,15.108,15.44,15.061,15.156,50544,0
20101231,15.156,15.421,14.976,15.032,21461,0
20110103,15.156,15.156,14.938,14.966,12957,0
20110104,14.976,14.976,14.521,14.635,51908,0
20110105,14.511,14.682,14.35,14.682,33674,0
20110107,14.729,14.852,14.54,14.852,4840,0
20110110,14.862,14.871,14.502,14.777,16753,0
20110111,14.843,14.843,14.616,14.701,14153,0
20110112,14.71,14.871,14.511,14.871,27096,0
20110113,14.824,14.824,14.123,14.284,212944,0
20110114,14.208,14.208,14.085,14.199,48066,0
20110117,14.057,14.066,13.668,13.735,37855,0
20110118,13.829,13.924,13.621,13.687,126696,0
20110119,13.735,13.735,13.308,13.308,25533,0
20110120,13.403,13.403,13.072,13.176,38520,0
20110121,13.11,13.119,12.626,12.816,34406,0
20110124,13.119,13.119,12.816,12.816,10785,0
20110125,13.062,13.062,12.797,12.958,8922,0
20110126,12.977,13.29,12.967,13.29,13504,0
20110127,13.451,13.829,13.318,13.725,34302,0
20110128,13.735,13.735,13.261,13.356,88435,0
20110131,13.451,13.451,13.176,13.223,57519,0
20110201,13.261,13.498,13.242,13.242,6854,0
20110202,13.242,13.441,13.223,13.441,9347,0
20110203,13.29,13.356,13.214,13.233,15204,0
20110204,13.233,13.233,13.176,13.176,5984,0
20110207,13.176,13.451,12.977,13.024,30872,0
20110208,13.214,13.214,12.456,12.787,37894,0
20110209,12.873,13.147,12.693,13.147,7655,0
20110210,13.081,13.214,12.645,13.214,245214,0
20110211,13.214,13.365,13.081,13.365,9712,0
20110214,13.375,13.545,13.072,13.451,26243,0
20110215,13.451,13.735,13.356,13.432,21651,0
20110216,13.479,13.744,13.413,13.735,39101,0
20110217,13.735,14.104,13.735,14.104,63760,0
20110218,14.114,14.284,14.066,14.114,41017,0
20110221,14.019,14.019,13.697,13.735,10630,0
20110222,13.735,13.735,13.261,13.451,14064,0
20110223,13.318,13.678,13.261,13.678,4269,0
20110224,13.687,13.687,13.28,13.451,7807,0
20110225,13.318,13.356,13.185,13.261,8409,0
20110228,13.214,13.877,13.147,13.877,8159,0
20110301,13.877,13.877,13.394,13.394,12050,0
20110302,13.375,13.631,13.308,13.498,758,0
20110303,13.621,13.621,13.498,13.498,5238,0
20110304,13.451,13.451,13.28,13.327,2244,0
20110307,13.327,13.327,13.024,13.261,53267,0
20110308,13.261,13.403,13.119,13.356,36550,0
20110309,13.346,13.356,13.176,13.308,5019,0
20110310,13.346,13.346,13.271,13.299,4565,0
20110311,13.299,13.299,12.787,13.1,10419,0
20110314,13.166,13.166,12.986,13.1,2667,0
20110315,13.072,13.223,12.636,13.223,29118,0
20110316,12.911,13.233,12.911,13.214,11783,0
20110317,12.986,13.214,12.986,13.214,8738,0
20110318,13.261,13.716,13.119,13.716,7729,0
20110321,13.706,13.706,13.072,13.706,6744,0
20110322,13.706,13.706,13.261,13.583,9544,0
20110323,13.545,13.545,13.271,13.451,8217,0
20110324,13.451,13.498,13.29,13.488,31962,0
20110325,13.318,13.488,13.308,13.479,19434,0
20110328,13.451,13.64,13.28,13.64,18983,0
20110329,13.668,13.706,13.365,13.706,14214,0
20110330,13.602,13.763,13.602,13.735,32584,0
20110331,13.754,14.076,13.754,14.019,36687,0
20110401,14.047,14.047,13.924,14.019,10143,0
20110404,13.924,14.019,13.602,13.631,23424,0
20110405,13.451,13.867,13.451,13.744,28252,0
20110406,13.64,13.839,13.64,13.792,37629,0
20110407,13.886,13.886,13.488,13.735,22181,0
20110408,13.735,13.886,13.555,13.801,8523,0
20110411,13.754,13.886,13.735,13.886,5630,0
20110412,13.886,14.019,13.735,14.019,11686,0
20110413,13.924,13.99,13.735,13.99,19452,0
20110414,13.924,13.924,13.659,13.905,88425,0
20110415,13.706,13.915,13.64,13.915,10419,0
20110418,13.829,13.877,13.469,13.877,13554,0
20110419,13.82,13.924,13.564,13.924,25449,0
20110420,13.981,14.208,13.782,14.208,14995,0
20110421,14.208,14.464,13.915,14.464,11310,0
20110426,14.492,14.492,14.208,14.208,26677,0
20110427,14.208,14.294,14.047,14.208,53519,0
20110428,14.208,14.398,14.095,14.398,5604,0
20110429,14.398,14.635,14.246,14.635,23436,0
20110502,14.682,14.682,14.483,14.663,4950,0
20110504,14.682,14.729,14.369,14.587,12598,0
20110505,14.578,14.635,14.256,14.635,7445,0
20110506,14.587,14.635,14.398,14.635,10801,0
20110509,14.644,14.682,14.455,14.682,4032,0
20110510,14.502,14.663,14.502,14.663,6847,0
20110511,14.502,14.578,14.445,14.559,18905,0
20110512,14.587,14.587,14.313,14.492,37558,0
20110513,14.398,14.407,14.227,14.388,7185,0
20110516,13.072,14.483,13.072,14.483,36723,0
20110517,14.208,14.483,14.208,14.483,16650,0
20110518,14.275,14.483,14.275,14.398,18129,0
20110519,14.237,14.407,14.237,14.313,13791,0
20110520,14.313,14.474,14.275,14.474,4349,0
20110523,14.322,14.474,14.313,14.474,9335,0
20110524,14.313,14.492,14.313,14.492,8779,0
20110525,14.578,14.587,14.331,14.587,5339,0
20110526,14.587,14.587,14.417,14.578,4456,0
20110527,14.35,14.492,14.35,14.398,9906,0
20110530,14.35,14.36,14.123,14.208,18787,0
20110531,14.208,14.398,14.028,14.398,121172,0
20110601,14.227,14.54,14.218,14.54,4985,0
20110602,14.54,14.54,14.313,14.54,8797,0
20110603,14.218,14.492,14.114,14.492,14216,0
20110606,14.578,14.578,14.218,14.483,67537,0
20110607,14.256,14.54,14.256,14.53,13980,0
20110608,14.313,14.35,14.057,14.35,49715,0
20110609,14.303,14.492,14.256,14.492,37684,0
20110610,14.492,14.492,14.237,14.303,10838,0
20110613,14.066,14.587,14.066,14.578,11667,0
20110614,14.578,14.587,14.322,14.398,31931,0
20110615,14.492,14.492,14.275,14.398,8917,0
20110616,14.246,14.398,14.066,14.208,7368,0
20110617,14.114,14.208,13.943,14.208,3615,0
20110620,14.028,14.35,13.953,14.341,6762,0
20110621,14.133,14.208,13.943,14.208,35497,0
20110622,13.99,14.189,13.972,14.114,5990,0
20110624,13.839,14.208,13.839,14.208,273265,0
20110627,14.35,14.35,13.877,14.189,50081,0
20110628,13.924,14.189,13.924,14.189,4611,0
20110629,13.981,14.189,13.972,14.189,15744,0
20110630,14.019,14.398,14.019,14.398,28063,0
20110701,14.142,14.294,14.142,14.208,15033,0
20110704,14.142,14.208,14.123,14.161,9002,0
20110705,14.114,14.151,14.114,14.151,3160,0
20110706,14.161,14.161,13.839,14.019,16222,0
20110707,14.019,14.189,13.839,14.189,5585,0
20110708,13.886,14.095,13.886,14.095,9666,0
20110711,14.095,14.095,13.659,14.085,9447,0
20110712,13.574,14.019,13.545,14.019,25947,0
20110713,13.915,14,13.687,14,9554,0
20110714,13.64,13.773,13.64,13.773,4043,0
20110715,13.687,13.735,13.365,13.498,16032,0
20110718,13.451,13.451,12.93,13.252,15802,0
20110719,12.816,12.977,12.446,12.835,49499,0
20110720,12.608,13.015,12.608,12.778,12557,0
20110721,12.787,12.787,12.437,12.693,19189,0
20110722,12.693,12.75,12.579,12.598,3712,0
20110725,12.513,12.787,12.437,12.787,16523,0
20110726,12.608,12.787,12.608,12.787,2484,0
20110727,12.626,12.787,12.475,12.787,6835,0
20110728,12.503,12.797,12.503,12.787,9220,0
20110729,12.608,12.901,12.513,12.854,21937,0
20110801,12.645,13.072,12.645,12.787,6649,0
20110802,12.693,12.693,12.134,12.267,167331,0
20110803,11.85,11.926,11.272,11.821,55646,0
20110804,11.376,11.461,10.562,11.367,44665,0
20110805,10.524,10.846,10.135,10.372,91177,0
20110808,9.718,10.325,8.9986,9.1312,44643,0
20110809,8.866,8.9512,7.7199,8.0987,45361,0
20110810,8.4113,8.6671,7.6536,7.7199,48616,0
20110811,7.7199,8.525,7.1515,8.525,62050,0
20110812,8.9986,9.756,8.7144,9.756,70358,0
20110816,10.609,10.893,9.851,10.325,21714,0
20110817,10.325,10.419,10.041,10.325,25208,0
20110818,10.4,10.4,8.5345,9.2828,37792,0
20110819,8.9986,9.0176,8.3356,8.7997,51869,0
20110822,8.686,9.0649,8.5345,9.0649,10001,0
20110823,8.866,9.2828,8.8186,9.2828,11033,0
20110824,9.3207,9.3207,8.6955,8.6955,18037,0
20110825,8.7144,9.1123,8.345,8.345,8762,0
20110826,8.3829,8.4303,8.0514,8.0514,13436,0
20110829,8.0609,8.7144,7.9093,7.9282,21691,0
20110830,8.3261,8.5724,8.0703,8.1177,27219,0
20110831,8.2408,8.7807,8.2408,8.7807,22564,0
20110901,8.6197,8.9986,8.4776,8.9986,15060,0
20110902,8.5439,8.8565,8.1745,8.2408,24706,0
20110905,8.2408,8.2408,7.5778,7.5778,21086,0
20110906,7.4831,7.9851,7.2936,7.7199,14688,0
20110907,7.8619,8.023,7.8619,7.9661,6664,0
20110908,8.004,8.004,7.5967,7.7767,24714,0
20110909,7.7577,7.7577,7.161,7.2936,19168,0
20110912,7.1515,7.1515,6.64,6.9147,17678,0
20110913,6.9147,6.9147,6.5832,6.6211,29563,0
20110914,6.6779,6.7726,6.4127,6.6306,16284,0
20110915,6.7253,6.8011,6.6306,6.6779,221237,0
20110916,6.7726,7.161,6.6779,6.6779,135585,0
20110919,7,7,6.5074,6.6874,14046,0
20110920,6.8958,6.8958,6.4411,6.7632,36507,0
20110921,6.7632,6.7632,6.5074,6.7063,13632,0
20110922,6.5169,6.64,6.4316,6.5453,6674,0
20110923,6.3843,6.5642,6.2611,6.479,6722,0
20110926,6.6021,6.6021,6.4316,6.4316,3274,0
20110927,6.6306,6.6306,6.3464,6.3464,4250,0
20110928,6.5358,6.5358,6.0527,6.0527,6973,0
20110929,6.1854,6.1854,5.8822,6.0527,28285,0
20110930,6.1285,6.1285,5.8728,6.0527,3826,0
20111003,6.0149,6.0149,5.8728,5.9675,3190,0
20111004,5.9959,5.9959,5.7781,5.7781,8244,0
20111005,5.8254,6.2327,5.7875,6.1096,19038,0
20111006,6.1191,6.5832,6.1191,6.1569,12147,0
20111007,6.3464,6.4316,6.2138,6.3274,9133,0
20111010,6.4411,6.4411,6.1569,6.2043,15413,0
20111011,6.299,6.9052,6.1569,6.659,105830,0
20111012,6.7726,7.2273,6.6495,7.1894,194495,0
20111013,7.3789,7.4546,6.9621,7.2462,136264,0
20111014,7.2557,7.9756,7.0947,7.9756,358806,0
20111017,8.0514,8.3924,7.5778,7.5778,42818,0
20111018,7.5778,7.5778,7.1231,7.4452,21612,0
20111019,8.0514,8.0514,7.5399,7.5778,132819,0
20111020,7.4831,7.5209,6.9147,6.9526,13967,0
20111021,7.1799,7.3789,7.1231,7.2841,8228,0
20111024,7.3599,7.3789,7.0094,7.2368,43331,0
20111025,7.2462,7.2462,6.8674,7.0379,30015,0
20111026,7,7,6.6969,6.9431,6065,0
20111027,6.9621,7.3126,6.9621,7.0852,10780,0
20111028,7.2652,7.2652,7.0284,7.1136,12696,0
20111031,7.3031,7.3031,7.1042,7.1042,5529,0
20111102,6.7442,6.9242,6.7347,6.9052,12255,0
20111103,7.0094,7.1705,6.7537,7.1705,9027,0
20111104,7.1515,7.1515,6.82,7.0947,13193,0
20111107,7.0947,7.0947,6.8674,7.0379,3604,0
20111108,6.9716,7.0947,6.8484,6.8484,11855,0
20111109,6.8674,6.9147,6.7253,6.7726,6118,0
20111110,6.7726,6.7726,6.6211,6.6779,14311,0
20111114,6.7347,6.8958,6.4411,6.5737,59373,0
20111115,6.5737,6.5737,6.1569,6.2043,49144,0
20111116,6.0149,6.2517,6.0149,6.0622,38517,0
20111117,6.1569,6.1569,5.6833,5.7307,65981,0
20111118,5.7117,5.7117,5.3897,5.4749,46464,0
20111121,5.4655,5.4655,5.115,5.115,21129,0
20111122,5.2097,5.2097,5.0013,5.1813,7239,0
20111123,5.1245,5.3423,5.0676,5.1339,12804,0
20111124,5.1339,5.2002,5.0203,5.1245,30562,0
20111125,5.1245,5.1245,4.9634,4.9919,11897,0
20111128,5.0676,5.0676,4.7361,4.7551,68454,0
20111129,4.8687,4.8687,4.5182,4.5751,51472,0
20111130,4.5182,4.7835,4.5088,4.7361,125969,0
20111201,4.8308,4.8782,4.5656,4.594,45341,0
20111202,4.6793,4.6793,4.4993,4.594,42977,0
20111205,4.613,4.6319,4.5561,4.594,45063,0
20111206,4.6793,4.6793,4.5561,4.594,30659,0
20111207,4.5561,4.594,4.4993,4.4993,37003,0
20111208,4.4993,4.4993,4.1204,4.1299,365222,0
20111209,4.1678,4.4519,4.1015,4.3572,248298,0
20111212,4.4614,4.7456,4.3193,4.3572,141813,0
20111213,4.3951,4.5467,4.3288,4.3572,111472,0
20111214,4.3572,4.6982,4.3572,4.6698,113850,0
20111215,4.8024,5.1339,4.594,5.0961,252069,0
20111216,5.1813,5.1813,4.954,5.0203,124547,0
20111219,5.0961,5.0961,4.7551,4.8214,49529,0
20111220,4.8214,4.8214,4.6035,4.7361,130307,0
20111221,4.7266,4.9729,4.6982,4.8308,96266,0
20111222,4.9161,5.0961,4.8782,5.0203,40391,0
20111223,5.0203,5.0676,4.9256,5.0676,60106,0
20111227,4.9445,4.9919,4.8877,4.9256,46733,0
20111228,4.8971,5.2097,4.8971,5.0203,25221,0
20111229,4.9729,5.115,4.9729,5.115,17533,0
20111230,5.0203,5.1339,5.0203,5.1055,69126,0
20120102,5.1055,5.5318,5.1055,5.5034,316659,0
20120103,5.5697,5.5791,5.3518,5.3518,15404,0
20120104,5.3518,5.4844,5.3518,5.4276,130055,0
20120105,5.4371,5.4939,5.4371,5.4749,10959,0
20120109,5.4939,5.636,5.4939,5.636,17408,0
20120110,5.636,6.0149,5.5697,5.9107,133076,0
20120111,5.958,6.2517,5.958,6.1664,68809,0
20120112,6.2043,6.3464,6.1569,6.1569,38977,0
20120113,6.1664,6.2043,5.7875,6.0622,52459,0
20120116,6.0622,6.0812,5.9201,6.0527,259083,0
20120117,6.0054,6.3464,6.0054,6.2801,66527,0
20120118,6.3937,6.5832,6.318,6.5832,74149,0
20120119,6.64,6.8011,6.4979,6.4979,136605,0
20120120,6.6306,6.7726,6.3464,6.7726,39396,0
20120123,6.8105,7.1326,6.8011,7.0094,77283,0
20120124,7.0947,7.2368,6.9147,7.1989,113620,0
20120125,7.2368,7.3599,7.2084,7.2841,85913,0
20120126,7.2841,7.3315,7.161,7.2462,264043,0
20120127,7.2462,7.2462,6.8295,6.9147,273472,0
20120130,6.82,7.0094,6.5358,7.0094,49396,0
20120131,6.8768,7.1989,6.8768,7.1989,44011,0
20120201,7.1042,7.1515,6.9716,7.0568,39972,0
20120202,7.0568,7.0568,6.8295,7.0379,17876,0
20120203,6.9337,7.0568,6.8674,6.8863,41942,0
20120206,6.8011,6.981,6.7821,6.8674,187610,0
20120207,6.8768,6.981,6.8105,6.8674,140792,0
20120208,6.9147,7.0757,6.8295,7.0094,26411,0
20120209,7.0852,7.1042,6.6969,6.6969,18519,0
20120210,6.6969,6.6969,6.4885,6.64,17765,0
20120213,6.6495,6.82,6.6495,6.82,15064,0
20120214,6.8579,6.9716,6.8484,6.8579,6879,0
20120215,6.9905,6.9905,6.7347,6.9147,44231,0
20120216,6.9621,7.3031,6.8579,7.3031,33592,0
20120217,7.4262,7.6725,7.4262,7.6725,97194,0
20120220,7.5872,8.1082,7.5872,7.9567,131342,0
20120221,7.9567,7.9567,7.3599,7.5683,58297,0
20120222,7.5494,7.5494,7.2368,7.4831,55566,0
20120223,7.4546,7.8335,7.2557,7.7672,26404,0
20120224,7.5872,8.004,7.5399,7.7483,52553,0
20120227,7.7577,7.8146,7.5872,7.6725,56460,0
20120228,7.6914,7.8146,7.6441,7.7293,8821,0
20120229,7.7483,7.9188,7.4546,7.4736,28625,0
20120301,7.3126,7.4546,7.3031,7.3126,8594,0
20120302,7.4831,7.4831,7.2936,7.341,6760,0
20120305,7.5683,7.5683,7.2936,7.3978,18044,0
20120306,7.3883,7.3883,6.64,6.64,46789,0
20120307,6.6779,6.8863,6.5358,6.6684,43714,0
20120308,6.7347,6.82,6.5453,6.6779,40447,0
20120309,6.7347,6.8105,6.5737,6.7821,20999,0
20120312,6.8105,6.8105,6.5832,6.6116,54876,0
20120313,6.64,6.659,6.5548,6.5548,61169,0
20120314,6.5642,6.7821,6.5642,6.7632,14768,0
20120315,6.7821,7,6.7821,6.9621,13029,0
20120316,6.82,6.82,6.4316,6.5358,83500,0
20120319,6.4411,6.4411,5.9675,6.1569,81150,0
20120320,6.2043,6.2043,5.977,6.0149,30054,0
20120321,5.977,6.0149,5.8728,5.9675,16438,0
20120322,5.9675,5.9675,5.6833,5.7781,226430,0
20120323,5.7781,6.0622,5.7402,6.0433,12134,0
20120326,6.2517,6.2517,6.0433,6.1001,19288,0
20120327,6.1569,6.2138,6.0812,6.0812,95256,0
20120328,6.0812,6.2517,6.0149,6.2043,7351,0
20120329,6.1948,6.1948,5.7023,5.8822,38467,0
20120330,5.9864,5.9959,5.7875,5.8633,13221,0
20120402,5.8633,5.9391,5.5886,5.7402,29210,0
20120403,5.6928,5.7781,5.617,5.7591,63308,0
20120404,5.6833,5.7117,5.5128,5.5128,11019,0
20120405,5.5412,5.6833,5.5412,5.5507,12885,0
20120410,5.6833,5.7781,5.5886,5.7686,13027,0
20120411,5.5886,5.7307,5.5507,5.5697,15331,0
20120412,5.5886,5.5886,5.3044,5.4939,16216,0
20120413,5.6739,5.6833,5.2571,5.3992,8528,0
20120416,5.5034,5.5034,5.3139,5.3423,12874,0
20120417,5.2666,5.2855,5.0676,5.115,18657,0
20120418,5.0866,5.115,5.0013,5.0961,7880,0
20120419,5.0013,5.0582,4.935,4.9445,16782,0
20120420,4.9445,5.0582,4.9161,5.0203,6354,0
20120423,4.954,4.9729,4.594,4.594,22983,0
20120424,4.7172,4.8308,4.594,4.6887,27955,0
20120425,4.7456,4.954,4.7456,4.8403,15108,0
20120426,4.954,5.2097,4.954,5.1529,59516,0
20120427,4.9824,5.2192,4.9824,5.1055,6961,0
20120430,5.1055,5.5886,5.1055,5.3044,29791,0
20120502,5.5602,5.5602,5.2002,5.2192,3456,0
20120504,5.2097,5.2097,4.954,5.0961,7678,0
20120507,5.0771,5.0771,4.8687,5.0203,17739,0
20120508,5.0203,5.0676,4.9256,5.0676,4554,0
20120509,5.0203,5.1055,4.9256,5.0676,9423,0
20120510,4.954,5.0582,4.954,5.0013,2585,0
20120511,5.0013,5.0203,4.9919,4.9919,7317,0
20120514,4.9445,4.9445,4.7645,4.774,7396,0
20120515,4.8308,4.8308,4.594,4.6793,7029,0
20120516,4.6793,4.6793,4.3667,4.4046,53484,0
20120517,4.4141,4.594,4.3099,4.3288,13596,0
20120518,4.2151,4.4046,4.1678,4.2909,16812,0
20120521,4.3572,4.6887,4.2909,4.6224,44708,0
20120522,4.7456,4.8782,4.6414,4.8308,150200,0
20120523,4.8214,4.8214,4.613,4.7361,22115,0
20120524,4.7266,4.7361,4.6414,4.6887,9761,0
20120525,4.6887,4.6887,4.4993,4.6793,7471,0
20120528,4.7361,4.7361,4.5182,4.594,5342,0
20120529,4.6414,4.6414,4.594,4.6414,7198,0
20120530,4.6414,4.6414,4.3951,4.3951,13687,0
20120531,4.3856,4.3951,4.0257,4.1204,60877,0
20120601,4.1204,4.1204,3.8647,3.8931,64356,0
20120604,3.8931,3.931,3.6468,3.7794,56447,0
20120605,3.7794,3.7794,3.6089,3.6563,46628,0
20120606,3.6184,3.8836,3.6184,3.8078,18619,0
20120608,3.8647,3.9973,3.7889,3.8836,32053,0
20120611,3.9026,3.9594,3.7984,3.8836,29712,0
20120612,3.8457,3.8741,3.7415,3.8457,34863,0
20120613,3.8457,4.0541,3.8457,3.9878,29614,0
20120614,4.0446,4.1204,3.9973,4.0636,50238,0
20120615,4.0257,4.1109,3.8836,3.8836,24355,0
20120618,3.931,4.2625,3.931,4.0446,18451,0
20120619,4.1583,4.2151,4.0731,4.1583,5092,0
20120620,4.2341,4.3004,4.1583,4.3004,7218,0
20120621,4.3572,4.3572,3.8741,3.8741,56565,0
20120622,3.8741,3.9215,3.751,3.7984,39540,0
20120625,3.7984,3.8836,3.7699,3.8078,27543,0
20120626,3.7699,3.8268,3.7699,3.7889,29976,0
20120627,3.8362,3.8362,3.7226,3.7889,28578,0
20120628,3.7889,3.8552,3.6942,3.7415,20401,0
20120629,3.7889,3.8741,3.7415,3.8741,27662,0
20120702,3.9026,4.2625,3.9026,4.1962,376464,0
20120703,4.3099,4.594,4.1678,4.4993,672830,0
20120704,4.4709,4.5088,4.3572,4.4046,339536,0
20120705,4.4141,4.6982,4.4141,4.4804,142782,0
20120706,4.5467,4.594,4.433,4.433,86723,0
20120709,4.4425,4.5467,4.4425,4.4709,25877,0
20120710,4.4993,4.5372,4.3856,4.4519,65277,0
20120711,4.4614,4.5182,4.1678,4.253,86568,0
20120712,4.1678,4.1678,3.9973,4.0731,17942,0
20120713,4.1772,4.1772,3.8836,4.1583,28968,0
20120716,4.2341,4.2625,4.1299,4.1583,58182,0
20120717,4.092,4.1583,4.0352,4.1204,49983,0
20120718,4.0162,4.1015,3.9404,3.9783,30877,0
20120719,3.9594,4.0352,3.8647,4.0352,22971,0
20120720,3.9783,4.0636,3.8931,3.9783,32915,0
20120723,3.8647,3.9783,3.751,3.7889,50492,0
20120724,3.7699,3.9404,3.7605,3.931,12000,0
20120725,3.931,4.0257,3.931,4.0257,3873,0
20120726,4.0257,4.0257,3.8362,3.9783,13392,0
20120727,3.9783,4.0067,3.8836,4.0067,5720,0
20120730,3.9783,4.0162,3.8836,4.0162,6647,0
20120731,3.9973,3.9973,3.9026,3.9973,7067,0
20120801,3.9026,3.9689,3.7699,3.7889,71585,0
20120802,3.7699,3.8741,3.6563,3.7321,38007,0
20120803,3.6847,3.8647,3.5047,3.8268,86794,0
20120806,3.751,3.8268,3.7415,3.8268,8984,0
20120807,3.7889,3.8362,3.7415,3.8362,9671,0
20120808,3.7415,3.8362,3.7415,3.8362,5982,0
20120809,3.751,3.8362,3.751,3.7889,15211,0
20120810,3.7131,3.8078,3.7131,3.8078,24555,0
20120813,3.6942,3.8741,3.6942,3.7889,8076,0
20120814,3.7415,3.7889,3.6563,3.7699,12871,0
20120816,3.6279,3.7605,3.5237,3.7605,28837,0
20120817,3.7699,3.7699,3.6847,3.751,120171,0
20120820,3.7321,3.7321,3.7036,3.7226,2217,0
20120821,3.6184,3.7226,3.6184,3.7131,3772,0
20120822,3.6089,3.7415,3.6089,3.7226,56167,0
20120823,3.7226,3.7415,3.6847,3.7415,23596,0
20120824,3.7036,3.8078,3.7036,3.7889,450877,0
20120827,3.7605,3.7984,3.751,3.7889,16485,0
20120828,3.7889,3.8362,3.6563,3.6657,115596,0
20120829,3.6657,3.8173,3.5994,3.8173,29371,0
20120830,3.7036,3.8362,3.7036,3.751,3140,0
20120831,3.7415,3.8268,3.7415,3.8173,12030,0
20120903,3.7889,3.7889,3.751,3.751,8131,0
20120904,3.751,3.7889,3.3816,3.6468,24762,0
20120905,3.4668,3.9689,3.4668,3.9689,437638,0
20120906,3.9689,3.9689,3.8647,3.912,14445,0
20120907,3.912,3.9878,3.8836,3.9404,37086,0
20120910,3.9499,3.9973,3.9404,3.9594,17150,0
20120911,3.9404,3.9594,3.8931,3.9499,11574,0
20120912,3.9594,3.9783,3.8836,3.9783,12933,0
20120913,3.9499,3.9783,3.9404,3.9783,3507,0
20120914,3.9973,4.0257,3.931,3.9878,40861,0
20120917,3.9404,3.9783,3.8268,3.9689,56346,0
20120918,3.9594,3.9878,3.8457,3.9878,477139,0
20120919,3.9783,4.2625,3.9783,4.1867,429135,0
20120920,4.253,4.253,4.0352,4.0446,245398,0
20120921,4.0731,4.1204,3.8836,4.092,50000,0
20120924,4.092,4.2057,3.912,4.2057,43826,0
20120925,4.2341,4.2909,4.0541,4.1583,81473,0
20120926,4.0731,4.1204,3.9499,4.0541,19859,0
20120927,4.0731,4.1678,3.9594,4.1678,49268,0
20120928,4.0731,4.2625,4.0162,4.1678,292504,0
20121001,4.1867,4.2625,4.1109,4.1678,513761,0
20121002,4.1772,4.2625,4.0731,4.1394,263789,0
20121003,4.1583,4.1583,4.0257,4.0257,23980,0
20121004,4.0067,4.0731,3.912,3.9689,43136,0
20121005,4.0162,4.1299,3.8836,4.0731,53080,0
20121008,4.0257,4.1204,3.9404,4.0446,10910,0
20121009,3.9878,3.9878,3.8647,3.9499,29665,0
20121010,3.931,3.931,3.6942,3.7605,55473,0
20121011,3.7794,3.8647,3.4668,3.4668,218129,0
20121012,3.4668,3.4668,3.1258,3.1921,504392,0
20121015,3.3058,3.3816,3.1921,3.2584,195579,0
20121016,3.3437,3.571,3.3153,3.3626,323414,0
20121017,3.4574,3.4574,3.2679,3.3058,203593,0
20121018,3.3058,3.3532,3.249,3.3532,181028,0
20121019,3.3816,3.4289,3.2869,3.4005,79547,0
20121022,3.3153,3.6942,3.2869,3.5331,241442,0
20121023,3.4763,3.6657,3.4384,3.5426,91332,0
20121024,3.5237,3.6373,3.41,3.5047,52561,0
20121025,3.5616,3.6847,3.5047,3.5994,101447,0
20121026,3.5994,3.5994,3.4195,3.571,9985,0
20121029,3.5616,3.5994,3.4763,3.5994,40851,0
20121030,3.6089,3.6089,3.5426,3.5994,9985,0
20121031,3.6089,3.6089,3.5047,3.5142,8409,0
20121102,3.4574,3.6563,3.3816,3.6468,46028,0
20121105,3.6373,3.6468,3.6373,3.6468,8371,0
20121106,3.6468,3.6563,3.4858,3.6468,30179,0
20121107,3.6468,3.6468,3.3816,3.4195,20547,0
20121108,3.4289,3.5047,3.4195,3.4195,5665,0
20121109,3.41,3.571,3.3153,3.571,26997,0
20121112,3.571,3.6184,3.4479,3.6184,17322,0
20121113,3.4952,3.6563,3.4952,3.6563,20679,0
20121114,3.5237,3.5237,3.2869,3.3058,101692,0
20121115,3.2774,3.2963,3.2016,3.2206,21239,0
20121116,3.2111,3.2111,3.0501,3.1069,68470,0
20121119,3.0974,3.1448,3.0501,3.0879,27840,0
20121120,3.1542,3.1542,3.0785,3.1164,10729,0
20121121,3.1164,3.2584,3.1164,3.2584,10521,0
20121122,3.2584,3.3058,3.1637,3.2963,6786,0
20121123,3.2963,3.41,3.2111,3.41,22625,0
20121126,3.41,3.5994,3.41,3.5994,32548,0
20121127,3.6279,3.6279,3.5237,3.5237,12418,0
20121128,3.5237,3.6279,3.5237,3.6279,33820,0
20121129,3.6279,3.9499,3.6279,3.9499,95415,0
20121130,3.9026,3.931,3.7889,3.9215,55357,0
20121203,3.931,4.0352,3.8268,3.9878,60741,0
20121204,3.9689,4.0352,3.931,4.0352,32050,0
20121205,4.0446,4.0731,3.8836,4.0162,24400,0
20121206,3.9783,4.3667,3.9026,4.2625,103888,0
20121207,4.2436,4.2436,4.0162,4.0162,35956,0
20121210,3.9783,4.1109,3.8552,3.9026,30146,0
20121211,3.9026,4.0352,3.8362,3.931,11527,0
20121212,3.931,3.931,3.8362,3.8741,12012,0
20121213,3.8836,3.9499,3.7415,3.7889,189809,0
20121214,3.751,3.931,3.6752,3.8836,45291,0
20121217,3.9499,3.9499,3.8173,3.931,140244,0
20121218,3.8836,4.0257,3.8836,3.9783,17707,0
20121219,3.9973,3.9973,3.8741,3.9689,113301,0
20121220,3.8741,3.9499,3.7605,3.7699,59540,0
20121221,3.751,3.7889,3.6942,3.6942,48873,0
20121227,3.6563,3.7794,3.6563,3.6657,12654,0
20121228,3.6657,3.8836,3.6657,3.8268,74648,0
20130102,3.9878,4.0067,3.8457,3.912,67801,0
20130103,3.9594,3.9594,3.8647,3.912,15933,0
20130104,3.8647,3.912,3.8268,3.9026,14743,0
20130107,3.8457,3.9026,3.8268,3.9026,69399,0
20130108,3.912,3.9594,3.7605,3.7889,46937,0
20130109,3.7699,3.8741,3.6942,3.8647,84759,0
20130110,3.8741,3.931,3.7889,3.9026,10835,0
20130111,3.8931,3.9026,3.8457,3.8647,20923,0
20130114,3.8552,4.1583,3.8552,4.0352,102185,0
20130115,4.0636,4.0636,3.9026,3.9026,14105,0
20130116,3.9215,3.9215,3.7984,3.8552,111019,0
20130117,3.8741,4.0257,3.8647,3.931,32097,0
20130118,3.8836,3.9973,3.8552,3.9783,45086,0
20130121,3.9783,4.0541,3.931,4.0162,68472,0
20130122,3.9783,4.1583,3.8931,4.1204,93768,0
20130123,4.2057,4.2625,4.1488,4.1583,110044,0
20130124,4.2246,4.253,4.0636,4.253,88278,0
20130125,4.2625,4.5277,4.2625,4.4046,120141,0
20130128,4.4614,4.5182,4.4046,4.5088,50558,0
20130129,4.4046,4.4519,4.0731,4.4046,144932,0
20130130,4.3572,4.3572,4.253,4.253,29465,0
20130131,4.2151,4.3004,4.1299,4.2625,18207,0
20130201,4.1867,4.2814,4.1867,4.2625,11275,0
20130204,4.2625,4.3383,4.0067,4.0446,69482,0
20130205,4.0731,4.1109,3.8931,4.0446,31480,0
20130206,4.0446,4.0636,3.9594,4.0446,20034,0
20130207,3.9973,4.2625,3.9973,4.0541,7581,0
20130208,4.0636,4.253,4.0636,4.1583,23443,0
20130211,4.1867,4.2246,4.0731,4.2151,30639,0
20130212,4.1583,4.1583,4.0067,4.1015,54519,0
20130213,3.9973,4.0541,3.9404,4.0067,12014,0
20130214,4.0067,4.0162,3.7036,3.7794,124322,0
20130215,3.7794,3.7794,3.6089,3.7605,47732,0
20130218,3.7794,3.9026,3.7036,3.8931,79750,0
20130219,3.8268,4.092,3.8268,3.8931,21148,0
20130220,3.8362,3.9594,3.8078,3.9026,26641,0
20130221,3.8173,3.9026,3.7415,3.8836,53592,0
20130222,3.7889,3.8931,3.7889,3.8173,2976,0
20130225,3.8268,3.9026,3.7984,3.8836,6098,0
20130226,3.8078,3.8457,3.751,3.8362,36946,0
20130227,3.8362,3.8931,3.7889,3.8931,4182,0
20130228,3.9026,3.9026,3.7605,3.8741,45830,0
20130301,3.7889,3.8552,3.7699,3.8362,28271,0
20130304,3.7889,3.7984,3.7226,3.7321,27220,0
20130305,3.7226,3.7699,3.6279,3.7415,28363,0
20130306,3.7984,3.8268,3.6468,3.6847,64911,0
20130307,3.7226,3.7415,3.6279,3.6563,39091,0
20130308,3.6468,3.8268,3.6184,3.7321,13034,0
20130311,3.8268,3.8268,3.7415,3.7415,7434,0
20130312,3.7699,4.0067,3.7699,3.9783,58553,0
20130313,4.0162,4.0446,3.9783,4.0162,41975,0
20130314,4.0067,4.0067,3.8931,3.9499,13729,0
20130315,3.8741,3.8836,3.7036,3.7036,44381,0
20130318,3.6942,3.6942,3.4574,3.5521,88908,0
20130319,3.59,3.6468,3.5142,3.5994,18867,0
20130320,3.571,3.59,3.5426,3.5521,11444,0
20130321,3.4952,3.5521,3.4858,3.5521,13845,0
20130322,3.4858,3.5047,3.41,3.4952,12434,0
20130325,3.5047,3.5616,3.4858,3.4952,46591,0
20130326,3.4952,3.5805,3.41,3.4952,23127,0
20130327,3.41,3.59,3.41,3.5237,42787,0
20130328,3.5237,3.6373,3.5237,3.5994,19986,0
20130402,3.5994,3.6752,3.5994,3.6752,16292,0
20130403,3.6657,3.6752,3.5237,3.5237,18517,0
20130404,3.5047,3.6657,3.5047,3.6657,14195,0
20130405,3.5994,3.6468,3.5237,3.6468,14714,0
20130408,3.5994,3.6752,3.5994,3.6563,1262,0
20130409,3.6752,3.751,3.6184,3.751,21049,0
20130410,3.7605,3.8552,3.7036,3.8457,14335,0
20130411,3.8457,3.8457,3.7036,3.7794,14568,0
20130412,3.7889,3.8362,3.7415,3.8362,9011,0
20130415,3.8362,3.8362,3.6942,3.7321,15838,0
20130417,3.7321,3.7321,3.5994,3.7036,20463,0
20130418,3.6089,3.6942,3.5047,3.5521,7984,0
20130419,3.5521,3.5521,3.4574,3.4574,5991,0
20130422,3.4574,3.6468,3.3911,3.6468,12167,0
20130423,3.5047,3.5521,3.41,3.4858,21215,0
20130424,3.4858,3.4858,3.3816,3.3911,5325,0
20130425,3.3911,3.5994,3.2206,3.5994,27561,0
20130426,3.5521,3.6468,3.3911,3.5047,17905,0
20130429,3.4195,3.4195,3.3626,3.4005,3955,0
20130430,3.4005,3.4005,3.3721,3.4005,840,0
20130502,3.4005,3.4289,3.4005,3.41,5289,0
20130506,3.5047,3.5047,3.3437,3.3721,24152,0
20130507,3.3911,3.4858,3.3721,3.4195,7350,0
20130508,3.3816,3.41,3.3532,3.41,20048,0
20130509,3.3626,3.6468,3.3626,3.5142,388373,0
20130510,3.5521,3.59,3.5237,3.59,773781,0
20130513,3.5994,3.6942,3.5994,3.6279,415771,0
20130514,3.6752,3.7036,3.5331,3.571,23558,0
20130515,3.6847,3.7699,3.6657,3.6847,103817,0
20130516,3.6942,3.7321,3.6847,3.7226,25244,0
20130517,3.6657,3.8836,3.6563,3.7794,181845,0
20130520,3.8647,3.8647,3.7794,3.7984,37208,0
20130521,3.8078,4.1204,3.7889,4.0067,85450,0
20130522,4.0257,4.1204,3.931,4.0731,118191,0
20130523,4.0825,4.2625,3.9783,4.2625,375090,0
20130524,4.2909,4.5088,4.2909,4.4519,963650,0
20130527,4.5088,4.5656,4.4804,4.4993,447608,0
20130528,4.4993,4.9161,4.4993,4.7266,377673,0
20130529,4.8024,4.8687,4.6509,4.7835,309468,0
20130531,4.774,4.7835,4.5467,4.6887,619571,0
20130603,4.6509,4.7835,4.6035,4.7172,694233,0
20130604,4.7835,5.0203,4.774,4.8782,91119,0
20130605,4.9634,4.9919,4.8024,4.8024,32497,0
20130606,4.8024,4.9161,4.7456,4.774,45187,0
20130607,4.774,4.8214,4.5656,4.7172,70050,0
20130610,4.7361,4.8024,4.6224,4.7266,53805,0
20130611,4.7929,4.9161,4.7456,4.8782,66061,0
20130612,4.8782,5.3897,4.8308,5.2097,290925,0
20130613,5.2476,5.4465,5.0676,5.115,153819,0
20130614,5.1813,5.3139,4.8308,4.8308,80350,0
20130617,4.8308,4.8308,4.5561,4.6414,131187,0
20130618,4.6414,4.9256,4.6035,4.7361,48482,0
20130619,4.7361,4.8971,4.6319,4.6414,41015,0
20130620,4.6224,4.6224,4.272,4.5277,240430,0
20130621,4.3667,4.4709,4.1867,4.2436,35264,0
20130624,4.2151,4.613,4.2151,4.613,78638,0
20130625,4.6414,4.8687,4.6414,4.8592,69403,0
20130626,4.8119,4.8687,4.6603,4.7645,16800,0
20130627,4.774,4.7835,4.5182,4.5182,18034,0
20130628,4.4804,4.6793,4.4804,4.5088,14809,0
20130701,4.4993,4.6319,4.3762,4.6319,18240,0
20130702,4.6793,4.8214,4.5751,4.8214,31179,0
20130703,4.7929,4.8498,4.6414,4.7645,8011,0
20130704,4.7645,5.1434,4.7645,5.0487,96958,0
20130705,5.115,5.1624,4.9256,5.0392,52807,0
20130708,5.0203,5.1529,4.7929,4.7929,32016,0
20130709,4.7929,4.9161,4.594,4.6509,47571,0
20130710,4.6509,4.7361,4.5182,4.7077,50043,0
20130711,4.6793,4.7929,4.6698,4.6793,28384,0
20130712,4.6887,4.7645,4.6887,4.7077,29225,0
20130715,4.7077,4.7266,4.6224,4.7172,6347,0
20130716,4.6319,4.6414,4.5467,4.5751,22947,0
20130717,4.5372,4.5372,4.2151,4.3572,72403,0
20130718,4.3572,4.7266,4.3572,4.6035,80294,0
20130719,4.7172,4.7172,4.594,4.6414,21592,0
20130722,4.7172,4.7172,4.4614,4.5467,7765,0
20130723,4.5561,4.5656,4.5561,4.5656,4184,0
20130724,4.6414,4.6793,4.4993,4.5561,13100,0
20130725,4.5088,4.5467,4.3572,4.4046,38707,0
20130726,4.4141,4.4519,4.3572,4.4235,37323,0
20130729,4.3477,4.5656,4.3477,4.4519,35249,0
20130730,4.4993,4.6224,4.4898,4.4898,18214,0
20130731,4.5372,4.5467,4.4519,4.4519,17041,0
20130801,4.4425,4.5277,4.4046,4.4709,12888,0
20130802,4.4519,4.5277,4.3762,4.4519,15596,0
20130805,4.433,4.433,4.3383,4.4235,32560,0
20130806,4.3667,4.4804,4.3099,4.4804,24879,0
20130807,4.3193,4.4993,4.3193,4.4993,37250,0
20130808,4.5088,4.7835,4.5088,4.7266,204715,0
20130809,4.7361,4.8308,4.6698,4.7361,37302,0
20130812,4.7456,4.7835,4.613,4.7077,47319,0
20130813,4.7929,4.7929,4.6319,4.6603,49098,0
20130814,4.7361,5.0676,4.6887,5.0108,158402,0
20130816,4.8971,5.115,4.8971,5.1055,16638,0
20130819,5.1245,5.1245,4.9824,5.0582,61074,0
20130820,4.9919,4.9919,4.7929,4.8971,22520,0
20130821,4.9824,4.9824,4.7835,4.8308,103509,0
20130822,4.8119,4.9634,4.8119,4.9634,25373,0
20130823,4.8592,5.2097,4.8592,5.2002,90603,0
20130826,5.2287,5.2381,5.115,5.1624,36850,0
20130827,5.1339,5.1813,5.0013,5.1245,115533,0
20130828,5.0297,5.1529,5.0108,5.0203,14240,0
20130829,4.8308,4.9256,4.3477,4.9256,387446,0
20130830,4.7551,5.0203,4.7551,4.9256,43582,0
20130902,4.8498,5.0582,4.7835,5.0108,23968,0
20130903,5.0108,5.0108,4.9256,4.935,5703,0
20130904,4.8782,4.9729,4.8024,4.935,36026,0
20130905,4.8214,4.9256,4.6414,4.9256,118956,0
20130906,4.9161,4.9256,4.8024,4.9256,26321,0
20130909,4.9256,5.115,4.8403,5.115,19969,0
20130910,5.2097,5.4371,5.2097,5.3329,68939,0
20130911,5.4465,5.5318,5.3044,5.3423,117744,0
20130912,5.2855,5.4181,5.1434,5.3897,13018,0
20130913,5.2192,5.3518,5.2192,5.2287,8462,0
20130916,5.2571,5.276,5.0487,5.115,16635,0
20130917,5.1908,5.2381,5.0771,5.2381,4687,0
20130918,5.276,5.3897,5.115,5.2097,6351,0
20130919,5.2097,5.3897,5.115,5.1245,30216,0
20130920,5.1245,5.2571,5.1245,5.2571,6216,0
20130923,5.3044,5.3613,5.2571,5.3139,8112,0
20130924,5.3139,5.3897,5.2571,5.3044,11640,0
20130925,5.3613,5.3992,5.2666,5.276,50955,0
20130926,5.295,5.4655,5.276,5.3802,49561,0
20130927,5.5128,5.7591,5.5128,5.6644,139308,0
20130930,5.6833,5.6833,5.5128,5.5223,52167,0
20131001,5.6265,5.9107,5.5412,5.6833,269675,0
20131002,5.7591,6.0717,5.7117,5.9296,252650,0
20131003,6.0622,6.1569,5.9675,5.9864,111861,0
20131004,5.9675,6.0149,5.8822,5.8822,51498,0
20131007,5.8728,5.9296,5.7781,5.7781,30485,0
20131008,5.7781,5.7781,5.5791,5.6739,67957,0
20131009,5.6739,5.6739,5.3992,5.4844,105353,0
20131010,5.4749,5.7496,5.4749,5.6833,125091,0
20131011,5.7307,5.7781,5.6833,5.7307,40039,0
20131014,5.7307,5.7307,5.5791,5.6265,44071,0
20131015,5.7023,5.7023,5.5886,5.5886,108755,0
20131016,5.5697,5.6454,5.4939,5.5886,64996,0
20131017,5.5886,5.636,5.5507,5.5886,35645,0
20131018,5.5507,5.5886,5.3044,5.4844,87629,0
20131021,5.5412,5.6833,5.5412,5.6833,95274,0
20131022,5.7023,5.7023,5.5886,5.6833,41380,0
20131023,5.6833,5.6833,5.456,5.4655,25265,0
20131024,5.4844,5.8633,5.4844,5.8633,134057,0
20131025,5.9201,6.1854,5.8349,6.1001,172850,0
20131028,6.1191,6.2232,6.0243,6.0527,73498,0
20131029,6.0622,6.0622,5.9201,5.9296,37671,0
20131030,6.0338,6.0338,5.8728,6.0054,66789,0
20131031,5.9296,6.0243,5.8159,5.9201,33639,0
20131104,5.9486,6.138,5.9012,6.1096,45750,0
20131105,6.2327,6.3748,6.1664,6.2043,199860,0
20131106,6.2043,6.3274,6.138,6.2517,58612,0
20131107,6.2517,6.2517,6.1096,6.1569,21323,0
20131108,6.1569,6.1569,5.8917,5.9107,61994,0
20131112,5.8917,6.0527,5.5697,5.8917,54656,0
20131113,5.9012,5.9864,5.8254,5.9486,184047,0
20131114,5.9959,6.0054,5.7117,5.9296,52919,0
20131115,5.9201,5.9486,5.6833,5.7686,83631,0
20131118,5.8444,5.8444,5.5886,5.6833,103796,0
20131119,5.617,5.6644,5.5128,5.5791,45785,0
20131120,5.5886,5.7781,5.5886,5.7307,139478,0
20131121,5.7781,5.9012,5.7496,5.8917,69667,0
20131122,5.8538,5.9486,5.8444,5.8728,82339,0
20131125,5.8728,5.8917,5.6833,5.6833,98285,0
20131126,5.6833,5.8159,5.6833,5.797,44511,0
20131127,5.7781,5.797,5.636,5.636,25531,0
20131128,5.6833,5.7307,5.636,5.6833,9157,0
20131129,5.7023,5.8728,5.7023,5.8728,41945,0
20131202,5.9486,6.1096,5.8728,5.8917,78811,0
20131203,5.9296,5.9296,5.636,5.7496,49154,0
20131204,5.7781,5.8633,5.636,5.6833,36450,0
20131205,5.6644,5.8254,5.6644,5.7117,24350,0
20131206,5.6928,5.7781,5.636,5.7591,37334,0
20131209,5.7686,5.797,5.6454,5.6454,22486,0
20131210,5.6549,5.7023,5.3329,5.5318,106634,0
20131211,5.5034,5.5034,5.3707,5.5034,47179,0
20131212,5.4939,5.4939,5.115,5.115,190518,0
20131213,5.115,5.1718,5.0487,5.0771,26347,0
20131216,5.0771,5.0771,4.9256,5.0013,40808,0
20131217,5.0013,5.1245,4.6509,4.6982,98812,0
20131218,4.7361,4.8971,4.6035,4.8308,191840,0
20131219,4.8971,4.9066,4.6982,4.8214,96740,0
20131220,4.7361,4.8024,4.6603,4.7835,64481,0
20131223,4.7645,4.8971,4.7645,4.8782,83198,0
20131227,4.8971,4.8971,4.7361,4.8214,101752,0
20131230,4.8214,4.8308,4.6982,4.8308,47051,0
20140102,4.8687,5.0487,4.8498,5.0013,65649,0
20140103,5.0013,5.0013,4.9256,4.9634,45119,0
20140107,4.9729,4.9729,4.6414,4.6982,177440,0
20140108,4.6887,4.6887,4.5467,4.6319,66206,0
20140109,4.6224,4.6414,4.3856,4.4425,95528,0
20140110,4.4046,4.4141,4.3099,4.3477,101639,0
20140113,4.3762,4.5372,4.3288,4.3572,85726,0
20140114,4.3477,4.4898,4.3099,4.3572,68168,0
20140115,4.4235,4.613,4.4235,4.613,60613,0
20140116,4.6224,4.8308,4.6224,4.7361,108583,0
20140117,4.7929,4.7929,4.6698,4.6982,20916,0
20140120,4.7077,4.7361,4.5182,4.6319,38242,0
20140121,4.6319,4.774,4.594,4.774,28400,0
20140122,4.8214,4.8308,4.6793,4.7266,25744,0
20140123,4.7172,4.7266,4.5467,4.6982,64438,0
20140124,4.6887,4.6887,4.5088,4.5088,17931,0
20140127,4.4898,4.4898,4.3383,4.3383,56787,0
20140128,4.2625,4.2625,3.5142,3.6089,1010803,0
20140129,3.6184,3.7794,3.4574,3.4952,431758,0
20140130,3.5047,3.5616,3.3721,3.41,214406,0
20140131,3.4384,3.5521,3.4384,3.4479,114875,0
20140203,3.5237,3.5331,3.4005,3.4195,119277,0
20140204,3.3911,3.5994,3.3247,3.5994,226796,0
20140205,3.6089,3.6563,3.5521,3.5521,61381,0
20140206,3.5521,3.7226,3.5521,3.6942,186465,0
20140207,3.7321,3.8457,3.6657,3.6752,173794,0
20140210,3.7131,3.7131,3.6279,3.6279,97173,0
20140211,3.6373,3.7036,3.5994,3.6184,75254,0
20140212,3.6752,3.6942,3.5521,3.6184,120560,0
20140213,3.6373,3.6847,3.5047,3.5805,90937,0
20140214,3.5805,3.6373,3.5142,3.59,117007,0
20140217,3.5994,3.6847,3.571,3.6847,108215,0
20140218,3.6942,3.7415,3.6752,3.7321,174700,0
20140219,3.7415,3.751,3.6657,3.6657,93592,0
20140220,3.6468,3.6468,3.5994,3.5994,58086,0
20140221,3.6089,3.6468,3.5994,3.6089,58611,0
20140224,3.6752,3.7036,3.6373,3.6373,66698,0
20140225,3.6942,3.6942,3.6373,3.6468,117855,0
20140226,3.6752,3.6942,3.5994,3.5994,62297,0
20140227,3.6089,3.6184,3.5521,3.5805,76081,0
20140228,3.5994,3.5994,3.5331,3.5994,36362,0
20140303,3.5047,3.5047,3.2016,3.2016,225204,0
20140304,3.2206,3.4384,3.2016,3.4384,101328,0
20140305,3.4858,3.4858,3.3153,3.3626,92705,0
20140306,3.3626,3.4005,3.2774,3.3153,90058,0
20140307,3.3342,3.5805,3.249,3.3721,88188,0
20140310,3.3437,3.4289,3.3247,3.3247,47866,0
20140311,3.4005,3.4574,3.3532,3.3816,33223,0
20140312,3.4005,3.4195,3.249,3.2679,51002,0
20140313,3.3153,3.3153,3.2679,3.2963,18670,0
20140314,3.23,3.23,2.908,2.9837,247433,0
20140317,3.0501,3.1827,2.9364,3.1542,88411,0
20140318,3.1542,3.1732,3.0311,3.0785,18118,0
20140319,3.1353,3.1353,3.0406,3.069,13255,0
20140320,3.1069,3.1637,2.9837,3.0879,107058,0
20140321,3.0974,3.1164,3.0879,3.1164,29149,0
20140324,3.1448,3.1827,3.1164,3.1827,90535,0
20140325,3.1921,3.2395,3.1732,3.23,36455,0
20140326,3.2584,3.2869,3.1448,3.1732,315992,0
20140327,3.1827,3.2206,3.0785,3.0974,60297,0
20140328,3.0974,3.2111,3.0974,3.1258,242565,0
20140331,3.1353,3.1732,3.069,3.0785,94825,0
20140401,3.0879,3.0974,3.0595,3.0785,114879,0
20140402,3.0785,3.2395,3.0501,3.0879,253216,0
20140403,3.1353,3.1353,3.0311,3.0595,108182,0
20140404,3.0406,3.1921,3.0406,3.1637,98309,0
20140407,3.1542,3.1921,3.0974,3.1637,88708,0
20140408,3.1258,3.1732,3.069,3.0974,73541,0
20140409,3.0879,3.2111,3.0879,3.2111,120393,0
20140410,3.2111,3.3437,3.2111,3.3058,354140,0
20140411,3.249,3.3626,3.249,3.3058,153354,0
20140414,3.2774,3.2774,3.249,3.2679,54671,0
20140415,3.3058,3.5805,3.2679,3.5237,402665,0
20140416,3.5426,3.5994,3.4952,3.4952,158435,0
20140417,3.4952,3.5521,3.4858,3.5047,289967,0
20140422,3.5237,3.6184,3.5237,3.5994,103577,0
20140423,3.6373,3.6468,3.571,3.5805,112194,0
20140424,3.5994,3.5994,3.3626,3.41,50798,0
20140425,3.41,3.4574,3.2584,3.3153,428418,0
20140428,3.3816,3.5521,3.3721,3.5426,240891,0
20140429,3.5237,3.6657,3.5237,3.571,65423,0
20140430,3.5616,3.6184,3.5047,3.6184,41521,0
20140502,3.6184,3.6184,3.6089,3.6184,9716,0
20140505,3.6184,3.6184,3.3626,3.4195,17133,0
20140506,3.3816,3.5142,3.2584,3.3153,132156,0
20140507,3.3626,3.4574,3.249,3.4384,744113,0
20140508,3.5047,3.5237,3.41,3.4858,134280,0
20140509,3.4195,3.4574,3.41,3.4384,6173,0
20140512,3.3342,3.5047,3.3247,3.5047,26888,0
20140513,3.5426,3.5426,3.4479,3.4952,27998,0
20140514,3.4574,3.5331,3.4479,3.4574,41433,0
20140515,3.5142,3.5237,3.4574,3.4574,19862,0
20140516,3.4858,3.4952,3.4574,3.4574,10964,0
20140519,3.4574,3.4952,3.4005,3.4384,25013,0
20140520,3.4195,3.4952,3.41,3.4289,24994,0
20140521,3.4289,3.4479,3.3342,3.3342,51170,0
20140522,3.3532,3.4005,3.3153,3.3342,33884,0
20140523,3.3342,3.4384,3.0595,3.41,249052,0
20140526,3.4195,3.5805,3.4195,3.5805,69902,0
20140527,3.5805,3.6752,3.5521,3.6752,253933,0
20140528,3.6847,3.7415,3.6468,3.6847,220149,0
20140529,3.6847,3.8268,3.6847,3.8173,202970,0
20140530,3.8173,3.8173,3.41,3.41,395634,0
20140602,3.4,3.58,3.4,3.54,107999,0
20140603,3.54,3.66,3.54,3.54,19391,0
20140604,3.59,3.62,3.55,3.58,18630,0
20140605,3.57,3.64,3.55,3.58,17843,0
20140606,3.57,3.57,3.45,3.45,105776,0
20140609,3.47,3.61,3.47,3.47,74735,0
20140610,3.47,3.49,3.43,3.45,21515,0
20140611,3.5,3.53,3.45,3.5,60755,0
20140612,3.48,3.5,3.48,3.48,25937,0
20140613,3.45,3.5,3.45,3.5,4458,0
