Date,Open,High,Low,Close,Volume,OpenInt
20070823,7.0292,7.1032,6.2893,6.317,977597,0
20070824,6.2708,6.5205,6.0395,6.391,114498,0
20070827,6.613,6.613,6.3818,6.391,141115,0
20070828,6.4558,6.4558,6.243,6.2893,61321,0
20070829,6.1505,6.1505,5.8453,6.0488,53165,0
20070830,6.28,6.317,5.9563,6.1413,118701,0
20070831,6.1968,6.2708,6.0118,6.2523,39098,0
20070903,6.2893,6.3263,6.1413,6.28,71481,0
20070904,6.4095,6.4095,5.9193,6.28,40131,0
20070905,6.1505,6.2893,6.0211,6.0211,28489,0
20070906,5.9378,6.1598,5.9378,5.9656,22405,0
20070907,6.132,6.132,5.7713,5.9563,34656,0
20070910,5.8916,5.8916,5.6603,5.7528,11641,0
20070911,5.7436,5.8731,5.6881,5.7806,6187,0
20070912,5.7343,5.8083,5.7066,5.7251,16805,0
20070913,5.6973,5.8638,5.6973,5.7991,4991,0
20070914,5.8268,5.8453,5.6048,5.6973,12899,0
20070917,5.6511,5.8176,5.3274,5.4939,25997,0
20070918,5.5401,5.7066,5.5031,5.5031,18825,0
20070919,5.7066,5.7806,5.5679,5.7066,15230,0
20070920,5.6881,5.6881,5.5216,5.5494,15883,0
20070921,5.5494,5.8083,5.5494,5.6696,27995,0
20070924,5.5401,5.5956,5.4754,5.5956,21584,0
20070925,5.4846,5.4846,5.4199,5.4476,10893,0
20070926,5.5494,5.5771,5.5309,5.5494,9265,0
20070927,5.5494,5.5494,5.4199,5.5309,5769,0
20070928,5.5864,5.5864,5.3644,5.4106,13452,0
20071001,5.2349,5.4106,5.1332,5.2256,12556,0
20071002,5.2256,5.3829,5.1332,5.2719,13732,0
20071003,5.3644,5.4569,5.1794,5.4014,10656,0
20071004,5.3644,5.7343,5.1794,5.5494,50222,0
20071005,5.7621,5.7621,5.5494,5.6233,14910,0
20071008,6.2893,6.2893,5.6881,5.6973,17440,0
20071009,5.8731,5.8731,5.4291,5.6696,8005,0
20071010,5.5494,5.6418,5.4106,5.4199,17370,0
20071011,5.4106,5.4846,5.3644,5.4569,17112,0
20071012,5.3274,5.4569,5.0869,5.3644,18083,0
20071015,5.2719,5.4939,5.2719,5.3274,8839,0
20071016,5.3644,5.3644,5.2256,5.3644,7646,0
20071017,5.3644,5.5494,5.2719,5.4569,10949,0
20071018,5.5031,5.5031,5.3181,5.4106,18967,0
20071019,5.4569,5.4569,5.3181,5.4014,6074,0
20071022,5.4014,5.4014,5.2534,5.2626,14482,0
20071023,5.3644,5.3736,5.2626,5.3644,3877,0
20071024,5.2719,5.4476,5.2719,5.4014,1758,0
20071025,5.4014,5.4014,5.2996,5.3921,1088,0
20071026,5.3089,5.3829,5.2626,5.3829,10144,0
20071029,5.2811,5.4291,5.2441,5.2441,15534,0
20071030,5.2441,5.3921,5.1794,5.3736,47534,0
20071031,5.3644,5.5309,5.3274,5.5031,12457,0
20071102,5.3551,5.6233,5.3459,5.5031,7451,0
20071105,5.5679,5.5679,5.3274,5.4939,2913,0
20071106,5.4754,5.4846,5.2996,5.3089,5014,0
20071107,5.3644,5.3644,4.9482,4.9574,15229,0
20071108,4.3285,5.0407,4.3285,4.9574,39775,0
20071109,5.0869,5.2626,4.7262,4.8094,18747,0
20071112,4.6337,4.7632,4.569,4.6985,21103,0
20071113,4.532,4.5967,4.4395,4.5782,20132,0
20071114,4.5967,4.5967,4.3932,4.532,31817,0
20071115,4.532,4.569,4.0788,4.1158,51484,0
20071116,4.1158,4.1158,3.7921,3.9955,17777,0
20071119,4.0233,4.2453,3.7921,3.8661,4528,0
20071120,3.7921,3.8106,3.4868,3.7828,67368,0
20071121,3.7088,3.7921,3.4129,3.5053,40848,0
20071122,3.5053,3.5516,3.1724,3.5146,38329,0
20071123,3.977,4.0603,3.3759,3.3759,35461,0
20071126,3.3574,3.5793,3.2834,3.2834,34008,0
20071127,3.2834,3.6071,3.2371,3.6071,30731,0
20071128,3.6718,3.7828,3.5146,3.7828,46903,0
20071129,3.8938,4.0233,3.6348,3.7921,32200,0
20071130,3.7921,3.94,3.6996,3.8845,16533,0
20071203,3.7921,3.7921,3.6996,3.7921,4898,0
20071204,3.6718,3.7921,3.5146,3.7366,8624,0
20071205,3.5886,3.94,3.5886,3.9308,20061,0
20071206,3.9308,3.9955,3.8291,3.9678,24727,0
20071207,3.9493,3.9678,3.7921,3.9215,11842,0
20071210,3.9493,3.9863,3.7551,3.903,22404,0
20071211,3.8198,3.8753,3.6996,3.7366,18538,0
20071212,3.6718,3.7458,3.6626,3.7366,16214,0
20071213,3.6718,3.6996,3.5608,3.6996,16562,0
20071214,3.6903,3.6996,3.6071,3.6996,11808,0
20071217,3.6533,3.6533,3.5331,3.6071,56585,0
20071218,3.5146,3.6533,3.4221,3.6071,22126,0
20071219,3.5608,3.6626,3.5608,3.6163,39645,0
20071220,3.5701,3.6718,3.4683,3.6256,74616,0
20071221,3.5146,3.6533,3.4961,3.6441,140427,0
20071227,3.6533,3.9585,3.6533,3.6996,10315,0
20071228,3.8661,3.8661,3.6533,3.6533,2623,0
20080102,3.6256,3.6718,3.5793,3.6718,13632,0
20080103,3.6071,3.6718,3.5793,3.6718,48752,0
20080104,3.6163,3.6626,3.5701,3.6071,24843,0
20080107,3.5701,3.6071,3.5701,3.5886,10184,0
20080108,3.5978,3.6441,3.5886,3.6071,69732,0
20080109,3.5516,3.5608,3.4961,3.5608,18188,0
20080110,3.5978,3.5978,3.4683,3.5608,5686,0
20080111,3.5701,3.5701,3.4221,3.4314,9225,0
20080114,3.3759,3.3759,3.0614,3.3574,38932,0
20080115,3.3296,3.3296,3.1446,3.1446,8282,0
20080116,2.9967,3.1169,2.8672,3.0059,19636,0
20080117,3.1909,3.1909,2.9597,3.0521,59812,0
20080118,3.0521,3.2926,2.9874,3.2926,47074,0
20080121,3.2371,3.2371,2.9227,3.0521,11867,0
20080122,3.0059,3.0891,2.8672,2.9782,33756,0
20080123,3.0799,3.1446,3.0059,3.1446,110264,0
20080124,3.1909,3.3944,3.1909,3.3759,21257,0
20080125,3.4036,3.5423,3.3851,3.4221,17863,0
20080128,3.3759,3.3759,3.2371,3.3296,23829,0
20080129,3.4129,3.4129,3.3666,3.4129,9709,0
20080130,3.4221,3.5608,3.4221,3.4776,8542,0
20080131,3.4314,3.4314,3.3851,3.4221,13795,0
20080201,3.4221,3.4591,3.3944,3.4591,966,0
20080204,3.4129,3.4591,3.4129,3.4406,15507,0
20080205,3.4221,3.4683,3.4221,3.4314,27425,0
20080206,3.3111,3.5053,3.3111,3.5053,2873,0
20080207,3.5053,3.5053,3.4314,3.4314,6446,0
20080208,3.5608,3.5608,3.4314,3.4961,39552,0
20080211,3.4406,3.5331,3.4314,3.4961,8119,0
20080212,3.5516,3.6533,3.5053,3.6533,15257,0
20080213,3.6533,3.6533,3.5886,3.6441,30490,0
20080214,3.6441,3.6441,3.6071,3.6163,120298,0
20080215,3.5886,3.6071,3.5886,3.5886,9801,0
20080218,3.5978,3.6256,3.5978,3.6071,73643,0
20080219,3.6256,3.9955,3.6256,3.9308,69712,0
20080220,3.9585,4.051,3.8661,3.8845,43110,0
20080221,4.0695,4.0695,3.9308,3.977,38239,0
20080222,4.0788,4.1528,3.977,4.1435,51019,0
20080225,4.1528,4.2083,4.0325,4.125,7989,0
20080226,4.2083,4.2638,4.1158,4.1158,57360,0
20080227,4.2268,4.2268,3.94,4.0695,54366,0
20080228,3.9123,4.0695,3.9123,3.977,3193,0
20080229,3.8661,4.1713,3.7458,3.8938,31906,0
20080303,3.6348,3.6811,3.5516,3.6533,26494,0
20080304,3.7273,3.8753,3.5053,3.5423,32815,0
20080305,3.5331,3.8845,3.5146,3.6903,25961,0
20080306,3.7181,3.7921,3.5608,3.6996,15177,0
20080307,3.5978,3.6718,3.5793,3.5886,15985,0
20080310,3.6903,3.6903,3.5146,3.6718,9025,0
20080311,3.5701,3.6718,3.5701,3.6533,4108,0
20080312,3.6811,3.6811,3.5978,3.6811,16774,0
20080313,3.6071,3.6071,3.4961,3.4961,5750,0
20080314,3.4961,3.6348,3.3944,3.6348,14861,0
20080317,3.6071,3.6071,3.3759,3.5238,14617,0
20080318,3.3759,3.5608,3.3759,3.4776,13618,0
20080319,3.4776,3.5516,3.4221,3.5516,1917,0
20080320,3.4221,3.5516,3.4221,3.5423,8574,0
20080325,3.5331,3.5516,3.4036,3.5146,11612,0
20080326,3.5331,3.5331,3.5238,3.5238,4078,0
20080327,3.6533,3.6533,3.4498,3.5793,881,0
20080328,3.6071,3.6071,3.4683,3.5793,1254,0
20080331,3.5608,3.5608,3.5146,3.5146,6714,0
20080401,3.5423,3.5516,3.5053,3.5146,9141,0
20080402,3.5146,3.5423,3.4961,3.4961,3391,0
20080403,3.5053,3.5053,3.4221,3.4221,3847,0
20080404,3.4221,3.5331,3.4221,3.5331,2342,0
20080407,3.5331,3.6256,3.5331,3.5331,22620,0
20080408,3.4498,3.5516,3.4498,3.5516,5211,0
20080409,3.5423,3.8198,3.4961,3.7458,164109,0
20080410,3.6903,3.6903,3.5701,3.5701,15070,0
20080411,3.7366,3.7366,3.4961,3.5053,13665,0
20080414,3.5053,3.5423,3.4776,3.4868,21369,0
20080415,3.4776,3.5608,3.4221,3.5423,22957,0
20080416,3.5793,3.5793,3.4221,3.4221,2780,0
20080417,3.4683,3.5516,3.4406,3.4406,8996,0
20080418,3.4314,3.5146,3.4314,3.5146,4595,0
20080421,3.5146,3.5146,3.4129,3.4129,5622,0
20080422,3.3851,3.4683,3.2371,3.4683,9084,0
20080423,3.2834,3.4221,3.2834,3.4221,6566,0
20080424,3.4498,3.4683,3.3296,3.4498,4488,0
20080425,3.3759,3.4961,3.3759,3.4868,3218,0
20080428,3.4961,3.5978,3.4868,3.5331,10369,0
20080429,3.5053,3.5146,3.3944,3.4406,21287,0
20080430,3.5053,3.5053,3.3759,3.3851,1095,0
20080505,3.4498,3.4776,3.4221,3.4221,5350,0
20080507,3.5608,3.5608,3.3944,3.3944,1633,0
20080508,3.5146,3.5146,3.3759,3.4129,10283,0
20080509,3.4036,3.4776,3.3759,3.4776,1519,0
20080512,3.3296,3.5516,3.2834,3.5516,7921,0
20080513,3.5146,3.5793,3.4868,3.5053,14623,0
20080514,3.5238,3.5793,3.4591,3.5516,19316,0
20080515,3.5146,3.5146,3.5146,3.5146,1081,0
20080516,3.4406,3.5331,3.4406,3.5331,12693,0
20080519,3.4036,3.5146,3.4036,3.5146,487,0
20080523,3.3851,3.4961,3.3759,3.4961,9883,0
20080526,3.4591,3.4591,3.2001,3.2001,57710,0
20080527,3.1909,3.3111,3.1446,3.3111,13695,0
20080528,3.2186,3.2926,3.1169,3.1169,17325,0
20080529,3.1446,3.2279,3.0984,3.2279,19948,0
20080530,3.0984,3.2926,3.0984,3.2834,957,0
20080602,3.1261,3.1261,3.0521,3.0521,18373,0
20080603,3.1909,3.1909,3.1909,3.1909,11,0
20080604,3.0521,3.1816,3.0521,3.1816,574,0
20080605,3.0706,3.1724,3.0614,3.1724,2146,0
20080606,3.1816,3.1816,3.0614,3.1446,1735,0
20080609,3.0244,3.1169,3.0152,3.1169,2069,0
20080610,2.9597,3.0891,2.8487,2.8487,11735,0
20080611,2.8672,2.8672,2.7099,2.7654,6257,0
20080612,2.9504,3.0429,2.8579,3.0429,5957,0
20080613,2.8764,3.0336,2.8117,3.0336,1572,0
20080616,3.0336,3.0336,2.9227,2.9227,432,0
20080617,2.8672,2.9504,2.8672,2.9504,264,0
20080618,3.0521,3.0521,3.0521,3.0521,1081,0
20080619,2.7747,2.9504,2.7747,2.8209,985,0
20080620,2.9042,2.9042,2.8209,2.8209,1097,0
20080623,2.8117,2.8579,2.7469,2.8579,1297,0
20080624,2.7377,2.7377,2.5897,2.7007,7012,0
20080625,2.5527,2.6822,2.525,2.6822,6444,0
20080626,2.5342,2.6914,2.5342,2.5435,14487,0
20080627,2.525,2.525,2.4047,2.488,10594,0
20080630,2.4972,2.5712,2.3585,2.5712,4283,0
20080701,2.4047,2.4972,2.3215,2.4972,5970,0
20080702,2.3585,2.4787,2.3307,2.4695,3701,0
20080703,2.488,2.488,2.4695,2.4695,1569,0
20080704,2.3955,2.4695,2.303,2.4695,3376,0
20080707,2.3215,2.4047,2.229,2.4047,11298,0
20080708,2.229,2.3955,2.229,2.3955,8034,0
20080709,2.3955,2.3955,2.3122,2.3955,1708,0
20080710,2.3122,2.3862,2.3122,2.3307,2948,0
20080711,2.3307,2.377,2.3122,2.377,6296,0
20080714,2.266,2.3585,2.266,2.3585,442,0
20080715,2.2382,2.2382,2.229,2.229,14468,0
20080716,2.229,2.2382,2.2197,2.2197,18608,0
20080717,2.229,2.3307,2.229,2.3307,5178,0
20080718,2.3215,2.3215,2.2197,2.2197,4974,0
20080721,2.3492,2.3585,2.266,2.3492,4181,0
20080722,2.2845,2.2845,2.2197,2.229,16817,0
20080723,2.266,2.3122,2.2382,2.2382,5947,0
20080724,2.2475,2.34,2.2475,2.3122,1502,0
20080725,2.3122,2.5065,2.3122,2.451,15167,0
20080728,2.451,2.5435,2.451,2.5435,410,0
20080729,2.3585,2.5157,2.3585,2.5157,2513,0
20080730,2.5342,2.5897,2.4047,2.4232,10028,0
20080731,2.451,2.4972,2.4232,2.4232,3702,0
20080801,2.525,2.525,2.525,2.525,432,0
20080804,2.4695,2.4695,2.4695,2.4695,3049,0
20080805,2.488,2.5065,2.3215,2.451,11090,0
20080806,2.488,2.4972,2.4787,2.488,6357,0
20080807,2.5435,2.5435,2.3585,2.4047,2631,0
20080808,2.3585,2.3585,2.3585,2.3585,1081,0
20080811,2.3122,2.451,2.3122,2.451,5790,0
20080812,2.5157,2.5435,2.4972,2.4972,1373,0
20080814,2.4047,2.4047,2.4047,2.4047,2216,0
20080818,2.4047,2.4047,2.3122,2.3122,4444,0
20080819,2.3215,2.3215,2.1735,2.192,4625,0
20080821,2.377,2.377,2.377,2.377,324,0
20080825,2.3955,2.3955,2.377,2.377,141,0
20080826,2.3585,2.3677,2.3585,2.3677,1081,0
20080827,2.2197,2.3677,2.2197,2.3677,315,0
20080902,2.229,2.3492,2.229,2.3122,2338,0
20080903,2.3122,2.3122,2.2382,2.2382,4712,0
20080904,2.3677,2.377,2.3122,2.3122,13419,0
20080905,2.3585,2.3585,2.229,2.3122,2574,0
20080908,2.2197,2.2197,2.2197,2.2197,290,0
20080909,2.1458,2.303,2.1273,2.1273,18197,0
20080910,2.155,2.2567,2.155,2.2567,2126,0
20080911,2.266,2.266,2.266,2.266,270,0
20080915,2.155,2.155,2.1458,2.1458,768,0
20080916,1.9978,2.1735,1.9978,2.1735,2245,0
20080917,2.0533,2.0533,2.0533,2.0533,922,0
20080918,2.1273,2.1273,2.0533,2.081,268,0
20080919,1.9885,2.155,1.9423,2.155,6779,0
20080923,1.9515,2.0163,1.9423,2.0163,26433,0
20080924,1.9238,1.9885,1.9238,1.9885,4136,0
20080925,1.9885,2.081,1.9608,2.081,4158,0
20080926,1.9885,2.044,1.9608,2.044,6573,0
20080929,1.9608,1.9608,1.9515,1.9515,1676,0
20080930,1.896,1.9423,1.8683,1.9053,5253,0
20081001,2.007,2.044,1.9238,2.0163,9028,0
20081003,1.9978,1.9978,1.896,1.9145,1826,0
20081006,1.896,1.9515,1.8405,1.8775,16720,0
20081007,1.8868,1.8868,1.7295,1.7943,19867,0
20081008,1.748,1.748,1.5168,1.7203,43013,0
20081009,1.6741,1.7018,1.6741,1.7018,449,0
20081010,1.5908,1.5908,1.5353,1.5353,23624,0
20081013,1.5723,1.6556,1.5723,1.6556,6066,0
20081014,1.8128,1.8128,1.7388,1.7388,6099,0
20081015,1.7573,1.7665,1.5908,1.6556,7857,0
20081016,1.6371,1.6371,1.4983,1.6186,16652,0
20081017,1.7388,1.7388,1.7388,1.7388,65,0
20081020,1.748,1.748,1.6186,1.6186,2205,0
20081021,1.6001,1.6741,1.6001,1.6741,43935,0
20081022,1.6648,1.6648,1.5538,1.5538,40710,0
20081023,1.5538,1.5723,1.5261,1.5538,4919,0
20081024,1.5908,1.6278,1.5723,1.6093,11636,0
20081027,1.6093,1.6926,1.6093,1.6648,6404,0
20081028,1.6648,1.7111,1.6648,1.7111,4811,0
20081029,1.7111,1.785,1.7111,1.7758,7696,0
20081030,1.8128,1.8128,1.7758,1.8128,6736,0
20081031,1.8128,1.8128,1.7388,1.7758,15096,0
20081103,1.7665,1.7943,1.7573,1.7943,2295,0
20081104,1.859,1.9145,1.8498,1.9145,12031,0
20081105,1.9793,1.9793,1.9145,1.9145,3618,0
20081106,1.9145,1.9145,1.8498,1.8498,6199,0
20081107,1.8775,1.9423,1.8128,1.8128,4909,0
20081110,1.822,1.8498,1.822,1.8498,130,0
20081112,1.8405,1.8405,1.8405,1.8405,411,0
20081113,1.7573,1.8498,1.7573,1.8498,3892,0
20081114,1.896,1.896,1.8683,1.8683,2162,0
20081117,1.8683,1.896,1.8683,1.8868,573,0
20081118,1.8498,1.8868,1.7573,1.785,15374,0
20081119,1.933,1.933,1.8035,1.859,4860,0
20081120,1.8035,1.8498,1.7758,1.8498,2919,0
20081121,1.8313,1.933,1.8313,1.933,1090,0
20081124,1.9423,1.9423,1.8498,1.8498,6205,0
20081125,1.8498,1.8498,1.8035,1.8035,762,0
20081126,1.8035,1.8035,1.8035,1.8035,276,0
20081127,1.896,1.896,1.7111,1.8035,8471,0
20081128,1.785,1.785,1.6833,1.785,4396,0
20081201,1.7943,1.8035,1.7111,1.8035,4238,0
20081202,1.8128,1.8128,1.7018,1.8128,4164,0
20081203,1.8775,1.8775,1.7758,1.8313,1040,0
20081204,1.8313,1.8405,1.6648,1.7758,19237,0
20081205,1.7665,1.7758,1.6833,1.7758,1446,0
20081208,1.7573,1.7573,1.7203,1.7573,1101,0
20081209,1.7203,1.7203,1.7111,1.7111,487,0
20081210,1.7758,1.785,1.748,1.7758,6080,0
20081211,1.785,1.785,1.7111,1.7111,8578,0
20081212,1.7111,1.7111,1.5816,1.5908,8403,0
20081215,1.5538,1.5538,1.5538,1.5538,54,0
20081216,1.5723,1.5816,1.5538,1.5816,432,0
20081217,1.5816,1.5816,1.5723,1.5723,8399,0
20081218,1.6186,1.6186,1.5353,1.5723,9361,0
20081219,1.5353,1.5723,1.4798,1.4798,12110,0
20081222,1.4798,1.4798,1.3411,1.3411,6936,0
20081223,1.3781,1.3781,1.3318,1.3688,2222,0
20081229,1.3781,1.3873,1.3781,1.3873,720,0
20081230,1.3873,1.4428,1.3781,1.4428,1437,0
20081231,1.4428,1.4521,1.4336,1.4521,405,0
20090105,1.4521,1.5076,1.4336,1.5076,7644,0
20090106,1.4983,1.5908,1.4983,1.5908,10125,0
20090107,1.6001,1.6186,1.6001,1.6001,2811,0
20090108,1.6001,1.6001,1.5816,1.5816,151,0
20090109,1.6648,1.6648,1.5353,1.5816,2214,0
20090112,1.5723,1.6556,1.5446,1.6556,1224,0
20090113,1.6556,1.6556,1.6556,1.6556,22,0
20090114,1.6833,1.6833,1.6741,1.6741,32,0
20090115,1.5816,1.6278,1.5816,1.6278,227,0
20090116,1.6278,1.6278,1.6186,1.6278,2805,0
20090119,1.6186,1.6186,1.5261,1.5261,5768,0
20090120,1.4891,1.5261,1.4891,1.5261,3849,0
20090121,1.5261,1.5261,1.5261,1.5261,141,0
20090122,1.5261,1.5261,1.4983,1.4983,833,0
20090123,1.5261,1.5261,1.5261,1.5261,1957,0
20090126,1.4983,1.5723,1.4983,1.5446,2757,0
20090127,1.5723,1.6926,1.5723,1.6926,8542,0
20090128,1.6926,1.6926,1.6093,1.6463,6120,0
20090129,1.6186,1.6186,1.5908,1.5908,3568,0
20090130,1.6186,1.6186,1.5353,1.6186,1893,0
20090202,1.6278,1.6278,1.6186,1.6278,1697,0
20090203,1.6001,1.6371,1.5908,1.6186,5902,0
20090204,1.6371,1.7111,1.6371,1.7111,4250,0
20090205,1.7111,1.7573,1.6648,1.7573,5548,0
20090206,1.7573,1.7573,1.6741,1.7388,5324,0
20090209,1.7203,1.7295,1.6833,1.7295,1460,0
20090210,1.7573,1.822,1.7573,1.7665,1702,0
20090211,1.7943,1.7943,1.7573,1.7573,4276,0
20090212,1.7758,1.7758,1.7758,1.7758,10,0
20090213,1.7388,1.7388,1.6648,1.6648,2757,0
20090216,1.6741,1.6741,1.6741,1.6741,184,0
20090217,1.6463,1.6741,1.5446,1.6093,5693,0
20090218,1.5631,1.5723,1.5353,1.5723,760,0
20090219,1.5908,1.5908,1.5908,1.5908,32,0
20090220,1.5353,1.5908,1.5353,1.5908,43,0
20090223,1.5723,1.5723,1.5723,1.5723,378,0
20090224,1.5723,1.6093,1.5446,1.6093,216,0
20090225,1.6093,1.6093,1.5353,1.5723,1087,0
20090226,1.7018,1.7018,1.5723,1.5723,980,0
20090227,1.6001,1.6001,1.5908,1.5908,65,0
20090302,1.5908,1.5908,1.5631,1.5631,3278,0
20090303,1.5908,1.6186,1.5908,1.6186,4919,0
20090304,1.6093,1.6186,1.6093,1.6186,616,0
20090305,1.7018,1.7018,1.6371,1.6371,31,0
20090306,1.6926,1.6926,1.6463,1.6463,119,0
20090309,1.6463,1.6648,1.6463,1.6648,22,0
20090310,1.6926,1.6926,1.6463,1.6463,4495,0
20090311,1.6648,1.6648,1.6001,1.6463,4719,0
20090312,1.6648,1.6648,1.6186,1.6186,1994,0
20090313,1.6001,1.6648,1.6001,1.6648,2368,0
20090316,1.6648,1.6648,1.5908,1.5908,3370,0
20090317,1.5908,1.6001,1.5908,1.6001,42,0
20090318,1.6001,1.6001,1.5168,1.5631,14618,0
20090319,1.5168,1.6186,1.4613,1.6186,33548,0
20090320,1.5723,1.6556,1.5076,1.6556,3943,0
20090323,1.6648,1.7111,1.5816,1.7111,19979,0
20090324,1.7388,1.7573,1.7203,1.7203,4995,0
20090325,1.7388,1.7388,1.7388,1.7388,541,0
20090326,1.7573,1.7573,1.7111,1.7573,3103,0
20090327,1.7111,1.7573,1.6926,1.7388,10772,0
20090330,1.7388,1.7388,1.6648,1.6648,3465,0
20090331,1.6926,1.7203,1.6648,1.6648,9493,0
20090401,1.6648,1.6648,1.6093,1.6648,1115,0
20090402,1.6648,1.7111,1.6371,1.7111,4411,0
20090403,1.7388,2.2197,1.6648,1.9885,31072,0
20090406,2.303,2.525,2.2567,2.3585,44114,0
20090407,2.4417,2.5805,2.2105,2.2105,23385,0
20090408,2.2105,2.4232,2.2012,2.34,10650,0
20090409,2.4047,2.4047,2.2382,2.3677,8521,0
20090414,2.34,2.4972,2.3122,2.3585,19458,0
20090415,2.4047,2.4047,2.3122,2.3492,3760,0
20090416,2.377,2.4602,2.3122,2.3492,11388,0
20090417,2.229,2.4232,2.229,2.3585,8684,0
20090420,2.3122,2.3955,2.3122,2.3585,33855,0
20090421,2.3215,2.3955,2.3215,2.3585,2788,0
20090422,2.377,2.4602,2.377,2.4602,865,0
20090423,2.4417,2.5435,2.4417,2.5435,5522,0
20090424,2.5435,2.5435,2.4417,2.4972,4279,0
20090427,2.5157,2.5157,2.4047,2.4602,946,0
20090428,2.34,2.4047,2.34,2.4047,2985,0
20090429,2.4787,2.488,2.4325,2.451,704,0
20090430,2.4232,2.4417,2.2105,2.3862,4727,0
20090504,2.4602,2.4602,2.4047,2.4232,3306,0
20090505,2.4325,2.4325,2.3677,2.3955,2725,0
20090506,2.3955,2.488,2.3122,2.488,4016,0
20090507,2.4787,2.4972,2.4417,2.4972,12365,0
20090508,2.451,2.4972,2.3215,2.4972,2254,0
20090511,2.5157,2.5342,2.3955,2.4417,5644,0
20090512,2.414,2.4972,2.4047,2.4602,1474,0
20090513,2.4787,2.8209,2.4047,2.7284,51652,0
20090514,2.7654,2.7747,2.5897,2.6822,29730,0
20090515,2.6822,2.6822,2.5342,2.5342,7513,0
20090518,2.5342,2.5342,2.4972,2.5342,1330,0
20090519,2.5435,2.5435,2.4417,2.4972,983,0
20090520,2.488,2.488,2.4695,2.4787,1114,0
20090521,2.488,2.488,2.3955,2.3955,1923,0
20090522,2.3955,2.8857,2.3955,2.7562,39509,0
20090525,2.7377,2.7377,2.5435,2.6082,5884,0
20090526,2.6359,2.6359,2.4972,2.4972,728,0
20090527,2.5157,2.6082,2.5157,2.5989,1056,0
20090528,2.6082,2.6082,2.4972,2.6082,1449,0
20090529,2.6082,2.6082,2.5342,2.562,605,0
20090601,2.5897,2.7192,2.5897,2.7192,4809,0
20090602,2.7099,2.8209,2.7099,2.8209,3222,0
20090603,2.7839,2.8672,2.7654,2.7654,2351,0
20090604,2.8117,2.8672,2.7839,2.8672,4608,0
20090605,2.8672,3.2834,2.8672,3.1354,12277,0
20090608,3.1354,3.1354,3.0521,3.0521,905,0
20090609,3.0891,3.0891,3.0891,3.0891,238,0
20090610,3.0891,3.2094,3.0336,3.1631,3004,0
20090612,3.1909,3.1909,3.0521,3.1909,634,0
20090615,3.0521,3.0614,3.0521,3.0614,2911,0
20090616,3.0429,3.1354,3.0429,3.1354,5374,0
20090617,3.1354,3.2371,3.0521,3.1631,4182,0
20090618,3.1816,3.1816,2.8672,3.0984,1299,0
20090619,3.1261,3.1354,3.1261,3.1354,541,0
20090622,3.1261,3.1446,3.0799,3.0799,1300,0
20090623,3.0336,3.2371,3.0059,3.1909,5742,0
20090624,3.1909,3.2279,3.1076,3.2279,3525,0
20090625,3.2094,3.2094,3.0891,3.1631,2567,0
20090626,3.1631,3.4221,3.1631,3.3389,10568,0
20090629,3.4129,3.4129,3.3111,3.3574,3161,0
20090630,3.3296,3.3296,3.2556,3.3296,1785,0
20090701,3.2834,3.5608,3.2371,3.4868,10029,0
20090702,3.4683,3.4683,3.3296,3.3759,1062,0
20090703,3.3759,3.4868,3.3204,3.4129,2183,0
20090706,3.3204,3.4221,3.3204,3.3204,2717,0
20090707,3.3481,3.3481,3.1539,3.2371,6060,0
20090708,3.2371,3.2371,3.2279,3.2279,449,0
20090709,3.2186,3.2186,3.1539,3.1631,611,0
20090710,3.1539,3.1539,3.0521,3.1169,1864,0
20090713,3.1539,3.1539,2.9134,3.0059,3385,0
20090714,3.0059,3.1354,3.0059,3.1354,2352,0
20090715,3.0891,3.1261,3.0521,3.1169,3741,0
20090716,3.1446,3.1446,3.1169,3.1354,5874,0
20090717,3.2186,3.2186,3.2001,3.2001,130,0
20090720,3.2186,3.3296,3.1909,3.3204,3223,0
20090721,3.3204,3.3389,3.1539,3.3389,4352,0
20090722,3.3296,3.3296,3.3296,3.3296,299,0
20090723,3.3296,3.3944,3.3296,3.3389,1357,0
20090724,3.3944,3.3944,3.3666,3.3666,654,0
20090727,3.3296,3.3574,3.1909,3.3389,4499,0
20090728,3.3389,3.3389,3.1909,3.2279,10960,0
20090729,3.2279,3.2279,3.1354,3.2279,5259,0
20090730,3.1909,3.3296,3.1909,3.3296,5949,0
20090731,3.3481,3.3481,3.1909,3.2834,7185,0
20090803,3.3204,3.3204,3.3204,3.3204,3252,0
20090804,3.3481,3.3481,3.1446,3.2926,2593,0
20090805,3.2926,3.3019,3.1909,3.2649,2284,0
20090806,3.3019,3.3019,3.1354,3.2001,6666,0
20090807,3.4683,3.4683,3.2926,3.3481,8866,0
20090810,3.3296,3.3481,3.3111,3.3296,5336,0
20090811,3.3111,3.3574,3.2556,3.2834,5438,0
20090812,3.3204,3.3204,3.0799,3.2371,4487,0
20090813,3.2371,3.3204,3.2371,3.3204,2311,0
20090814,3.3204,3.4406,3.3111,3.4314,5063,0
20090817,3.4129,3.5608,3.2371,3.3296,9476,0
20090818,3.3296,3.3759,3.1446,3.3296,3825,0
20090819,3.3296,3.3296,3.2371,3.2834,674,0
20090820,3.2371,3.3296,3.2371,3.3296,3773,0
20090821,3.3296,3.3759,3.3204,3.3574,6728,0
20090824,3.3759,3.3759,3.1816,3.1816,14284,0
20090825,3.3759,3.3759,3.2371,3.3759,10642,0
20090826,3.2649,3.2649,3.1446,3.2186,20147,0
20090827,3.2001,3.3666,3.1539,3.1539,14065,0
20090828,3.1539,3.2001,3.0336,3.0521,28575,0
20090831,3.0429,3.1631,3.0429,3.0984,4487,0
20090901,3.0614,3.0984,2.9782,3.0152,11068,0
20090902,3.0152,3.0152,2.8672,2.9412,2427,0
20090903,2.9134,2.9134,2.6822,2.8579,27946,0
20090904,2.7747,2.8672,2.7747,2.8579,7179,0
20090907,2.8949,2.8949,2.6174,2.8394,13008,0
20090908,2.9134,2.9412,2.8672,2.9134,4346,0
20090909,2.9134,2.9134,2.7839,2.8672,4231,0
20090910,2.9134,2.9227,2.8672,2.8672,2984,0
20090911,2.8672,2.8672,2.8672,2.8672,2232,0
20090914,2.7839,2.8302,2.7284,2.7932,1200,0
20090915,2.7747,2.8024,2.7469,2.8024,1249,0
20090916,2.7747,2.8857,2.7747,2.8857,324,0
20090917,2.9597,2.9597,2.9597,2.9597,3027,0
20090918,2.9319,3.0152,2.9042,3.0152,5576,0
20090921,3.0152,3.0152,2.9134,2.9134,919,0
20090922,2.9227,2.9597,2.9227,2.9597,293,0
20090923,2.9504,3.2371,2.9504,3.0521,17879,0
20090924,3.1909,3.2001,3.1446,3.1446,8506,0
20090925,3.0336,3.2371,2.9967,2.9967,2655,0
20090928,3.0059,3.2094,3.0059,3.0521,2541,0
20090929,3.0799,3.1631,3.0799,3.1446,70,0
20090930,3.1539,3.2001,3.0891,3.1816,4314,0
20091001,3.1724,3.1724,3.0152,3.1631,7340,0
20091002,3.0984,3.0984,3.0152,3.0336,2820,0
20091005,3.0336,3.0891,3.0336,3.0891,384,0
20091006,3.1354,3.1354,3.0429,3.0891,307,0
20091007,3.0429,3.0429,2.8672,2.9689,18697,0
20091008,2.9689,3.0336,2.8117,2.8672,22010,0
20091009,2.9412,2.9412,2.8394,2.8579,8244,0
20091012,2.8579,2.8579,2.8024,2.8579,4212,0
20091013,2.8394,2.8949,2.8394,2.8672,2886,0
20091014,2.8857,2.8857,2.8857,2.8857,4272,0
20091015,2.9134,2.9412,2.8857,2.8857,4638,0
20091016,2.8857,2.9042,2.7932,2.7932,7214,0
20091019,2.7932,2.8302,2.6914,2.6914,10295,0
20091020,2.8117,2.8117,2.6822,2.7747,18550,0
20091021,2.7747,2.8394,2.7747,2.7747,30707,0
20091022,2.7747,2.8024,2.7469,2.7747,5708,0
20091023,2.7839,2.8302,2.7099,2.7747,4870,0
20091026,2.7284,2.9134,2.7284,2.7747,2083,0
20091027,2.8487,2.8487,2.7747,2.7747,1362,0
20091028,2.7747,2.7747,2.7747,2.7747,811,0
20091029,2.7654,2.8117,2.7284,2.7747,1406,0
20091030,2.7747,2.8024,2.7747,2.7747,1733,0
20091102,2.7284,2.8024,2.7284,2.7839,162,0
20091103,2.7747,2.7839,2.7469,2.7469,4546,0
20091104,2.7007,2.7469,2.7007,2.7099,9720,0
20091105,2.7099,2.7562,2.7099,2.7562,2981,0
20091106,2.8024,2.8024,2.6822,2.7562,5183,0
20091109,2.8024,2.8024,2.7377,2.8024,6284,0
20091110,2.8394,2.8394,2.7839,2.8394,4476,0
20091112,2.8487,2.9042,2.8487,2.8672,2457,0
20091113,2.9782,2.9782,2.9319,2.9319,995,0
20091116,3.0984,3.0984,2.9967,3.0059,15525,0
20091117,3.0521,3.0521,2.8672,2.9319,7020,0
20091118,2.9504,2.9504,2.8579,2.8764,21294,0
20091119,2.7839,2.8394,2.7839,2.8117,20195,0
20091120,2.8024,2.8302,2.7469,2.8117,10499,0
20091123,2.8672,2.9597,2.8672,2.9597,53938,0
20091124,2.9782,3.0059,2.9227,2.9597,27614,0
20091125,3.0152,3.0152,2.9412,2.9597,26330,0
20091126,2.9689,2.9874,2.8857,2.8857,8857,0
20091127,2.8949,2.8949,2.8209,2.8209,16714,0
20091130,2.8302,2.8579,2.8024,2.8024,4854,0
20091201,2.8117,3.0152,2.8024,2.8117,9265,0
20091202,2.8209,2.9412,2.8209,2.9412,3097,0
20091203,2.9412,2.9412,2.8672,2.8672,2865,0
20091204,2.8487,2.9597,2.7932,2.9597,11190,0
20091207,2.9319,2.9319,2.8024,2.9134,1292,0
20091208,2.9134,2.9319,2.9042,2.9319,3712,0
20091209,2.9597,2.9597,2.8579,2.9319,2584,0
20091210,2.9319,2.9319,2.8764,2.8764,1375,0
20091211,2.8764,2.9319,2.8487,2.9134,362,0
20091214,2.9134,2.9134,2.8579,2.8579,2216,0
20091215,2.9134,2.9227,2.8209,2.8857,1986,0
20091216,2.8302,2.9134,2.8302,2.9134,898,0
20091217,2.9319,2.9319,2.8024,2.8024,1987,0
20091218,2.8117,2.8857,2.8117,2.8209,704,0
20091221,2.8209,2.8579,2.8024,2.8579,1704,0
20091222,2.8487,2.9134,2.8024,2.8024,1921,0
20091223,2.8024,2.8394,2.7747,2.7747,3405,0
20091228,2.7562,2.8117,2.7284,2.7747,6271,0
20091229,2.7377,2.9319,2.7377,2.9134,3595,0
20091230,2.8302,2.9134,2.8302,2.8394,7540,0
20091231,2.8209,2.8302,2.8209,2.8209,5221,0
20100104,2.7839,2.8949,2.7839,2.8949,24,0
20100105,2.8487,2.9227,2.8487,2.9227,10936,0
20100106,2.9319,2.9597,2.9319,2.9504,10326,0
20100107,3.0059,3.0059,2.9134,2.9227,7126,0
20100108,2.9874,3.0059,2.9412,2.9782,6340,0
20100111,3.0336,3.0891,3.0059,3.0891,9187,0
20100112,3.0891,3.0891,3.0336,3.0336,4550,0
20100113,3.0614,3.0891,2.9689,3.0891,4759,0
20100114,3.0984,3.1446,3.0336,3.1261,6607,0
20100115,3.1261,3.1446,3.1261,3.1446,8297,0
20100118,3.1169,3.1446,3.0799,3.1446,10364,0
20100119,3.1446,3.1446,3.0521,3.1354,2358,0
20100120,3.1446,3.1446,3.0521,3.1261,1255,0
20100121,3.1261,3.1446,3.0521,3.0521,7044,0
20100122,3.0521,3.0521,2.9412,2.9412,2636,0
20100125,2.8949,2.9319,2.8764,2.9319,489,0
20100126,2.9042,2.9042,2.8394,2.8949,3058,0
20100127,2.8394,2.9874,2.8394,2.9412,2216,0
20100128,2.9597,3.1446,2.8672,3.1076,10411,0
20100129,3.1169,3.1261,3.0984,3.1261,3270,0
20100201,3.1446,3.1724,3.1354,3.1724,8700,0
20100202,3.1724,3.1724,3.1169,3.1724,4738,0
20100203,2.8857,3.1076,2.8857,3.0521,103996,0
20100204,3.0521,3.0521,2.8209,2.8209,26778,0
20100205,2.7747,2.9319,2.7469,2.9319,18238,0
20100208,2.9412,2.9412,2.8117,2.8857,5541,0
20100209,2.8209,2.8579,2.8209,2.8579,1120,0
20100210,2.8764,2.9504,2.8024,2.8672,10136,0
20100211,2.8672,2.9319,2.7747,2.9042,8573,0
20100212,2.8579,2.9042,2.8579,2.9042,16,0
20100215,2.9412,2.9412,2.9042,2.9412,1622,0
20100216,2.9412,3.0059,2.9412,3.0059,2146,0
20100217,3.0059,3.0891,2.9874,3.0429,8068,0
20100218,3.0521,3.0984,3.0521,3.0521,690,0
20100219,3.0521,3.0521,2.9967,3.0521,2451,0
20100222,3.0521,3.0521,2.9967,3.0521,911,0
20100223,3.0244,3.0244,2.9597,2.9597,1173,0
20100224,2.9597,2.9689,2.9597,2.9597,3395,0
20100225,2.9597,2.9967,2.9412,2.9412,5242,0
20100226,2.9227,2.9689,2.9227,2.9689,162,0
20100301,2.9597,3.0059,2.9412,3.0059,6920,0
20100302,3.0059,3.0799,2.9874,3.0336,4974,0
20100303,3.0152,3.0706,3.0152,3.0521,11431,0
20100304,3.0521,3.0799,3.0059,3.0799,4584,0
20100305,3.0799,3.1909,3.0336,3.1909,22857,0
20100308,3.1909,3.1909,3.0799,3.1816,20300,0
20100309,3.1909,3.2186,3.1446,3.1909,21767,0
20100310,3.2186,3.4406,3.2186,3.4406,86234,0
20100311,3.4591,3.7921,3.4591,3.7551,68511,0
20100312,3.8013,3.8013,3.7088,3.7551,12664,0
20100315,3.7643,3.8845,3.7458,3.8845,10564,0
20100316,3.8845,3.9585,3.6996,3.9493,20798,0
20100317,3.9678,3.9678,3.7921,3.8753,9344,0
20100318,3.903,4.1065,3.8845,4.0695,12821,0
20100319,3.8013,3.8845,3.5608,3.6163,80848,0
20100322,3.6071,3.6071,3.3019,3.3666,70723,0
20100323,3.3389,3.4776,3.3389,3.4406,10668,0
20100324,3.4406,3.5608,3.4406,3.5331,23234,0
20100325,3.4868,3.5423,3.4868,3.5423,14478,0
20100326,3.5608,3.5608,3.4036,3.4498,16202,0
20100329,3.4683,3.4683,3.3851,3.3851,6896,0
20100330,3.3666,3.5146,3.3296,3.5146,18521,0
20100331,3.5146,3.6811,3.4868,3.6163,10131,0
20100401,3.6071,3.6071,3.4961,3.5238,5148,0
20100406,3.5886,3.5886,3.4591,3.5516,4896,0
20100407,3.5146,3.5608,3.4961,3.5146,5360,0
20100408,3.5608,3.5608,3.4314,3.4314,967,0
20100409,3.4591,3.4961,3.3574,3.4961,8509,0
20100412,3.4868,3.5146,3.3574,3.4868,7514,0
20100413,3.3851,3.4406,3.3759,3.4221,4055,0
20100414,3.3759,3.4776,3.3759,3.4221,3152,0
20100415,3.4591,3.4591,3.3481,3.3759,4118,0
20100416,3.3759,3.3759,3.3296,3.3759,1153,0
20100419,3.3944,3.3944,3.2279,3.3759,11511,0
20100420,3.4221,3.4591,3.2834,3.3851,11514,0
20100421,3.3851,3.3851,3.2926,3.3296,4242,0
20100422,3.3481,3.3481,3.2926,3.3389,6470,0
20100423,3.3481,3.3481,3.2834,3.3481,9554,0
20100426,3.4221,3.4314,3.3944,3.4314,13439,0
20100427,3.4314,3.4314,3.3019,3.3019,3557,0
20100428,3.3481,3.4591,3.2371,3.4591,8855,0
20100429,3.4591,3.6163,3.4036,3.6163,7017,0
20100430,3.6163,3.6163,3.4221,3.5978,7601,0
20100504,3.6071,3.6071,3.5146,3.5146,1529,0
20100505,3.5423,3.5423,3.4036,3.5331,1750,0
20100506,3.5608,3.6441,3.4961,3.5516,2811,0
20100507,3.5516,3.5516,3.2001,3.4036,30686,0
20100510,3.5146,3.5331,3.4221,3.5331,3704,0
20100511,3.5608,3.5608,3.4406,3.5608,7244,0
20100512,3.6163,3.6163,3.5146,3.5793,3173,0
20100513,3.6163,3.6626,3.5238,3.5608,2574,0
20100514,3.6903,3.8476,3.6903,3.8476,32512,0
20100517,3.8383,3.8845,3.6996,3.7643,7882,0
20100518,3.7736,3.8291,3.6996,3.8291,10176,0
20100519,3.8661,3.9493,3.6903,3.6903,8843,0
20100520,3.7736,3.7736,3.6533,3.7088,1740,0
20100521,3.7366,3.7458,3.6996,3.7366,2727,0
20100524,3.7643,3.7736,3.6533,3.7551,6379,0
20100525,3.7643,3.7643,3.6348,3.6811,3498,0
20100526,3.6996,3.7736,3.6903,3.7736,3422,0
20100527,3.7736,3.8198,3.6718,3.8198,5611,0
20100528,3.8198,3.8198,3.7181,3.8198,1514,0
20100531,3.8198,3.8845,3.7921,3.8383,3876,0
20100601,3.8383,3.8383,3.6903,3.8106,2649,0
20100602,3.8106,3.8198,3.6996,3.8106,5168,0
20100604,3.8753,3.9308,3.8013,3.8661,5370,0
20100607,3.7921,3.903,3.7088,3.7921,3865,0
20100608,3.7921,3.7921,3.6996,3.7921,4337,0
20100609,3.8106,3.8383,3.6996,3.7921,3157,0
20100610,3.8383,3.8383,3.6811,3.7366,8358,0
20100611,3.7458,3.7458,3.6533,3.6996,2359,0
20100614,3.6996,3.6996,3.5331,3.6533,4231,0
20100615,3.6903,3.6903,3.4961,3.5516,3041,0
20100616,3.5516,3.5978,3.5516,3.5886,3946,0
20100617,3.5331,3.6718,3.4221,3.5701,6541,0
20100618,3.6718,3.6903,3.5978,3.5978,1838,0
20100621,3.6811,3.6903,3.5701,3.5978,4487,0
20100622,3.6533,3.6533,3.5516,3.6348,811,0
20100623,3.6718,3.6718,3.5423,3.5978,2703,0
20100624,3.5886,3.6903,3.5146,3.5516,3622,0
20100625,3.5978,3.6626,3.5238,3.5701,3916,0
20100628,3.5701,3.5701,3.5146,3.5146,1514,0
20100629,3.5146,3.5146,3.4129,3.4221,2818,0
20100630,3.4221,3.4221,3.3759,3.4036,2703,0
20100701,3.4129,3.4221,3.3759,3.4221,1352,0
20100702,3.6626,3.6903,3.5608,3.5886,5514,0
20100705,3.5978,3.6163,3.5608,3.5608,1092,0
20100706,3.6071,3.6071,3.6071,3.6071,324,0
20100707,3.6071,3.6903,3.5701,3.6163,1006,0
20100708,3.6626,3.6626,3.6163,3.6441,762,0
20100709,3.6811,3.6811,3.6811,3.6811,973,0
20100712,3.7273,3.7921,3.5886,3.6718,3446,0
20100713,3.7273,3.7273,3.6071,3.6348,4595,0
20100714,3.7458,3.7643,3.6163,3.6533,3049,0
20100715,3.7181,3.7181,3.6071,3.6256,1708,0
20100716,3.7181,3.7181,3.6163,3.6533,1806,0
20100719,3.6903,3.6903,3.5146,3.5886,5148,0
20100720,3.6348,3.6811,3.6348,3.6811,442,0
20100721,3.6441,3.6441,3.4591,3.5516,20510,0
20100722,3.5978,3.6348,3.5608,3.6348,2917,0
20100723,3.6533,3.6533,3.5238,3.5886,1589,0
20100726,3.5978,3.6811,3.5516,3.6441,4163,0
20100727,3.6071,3.6811,3.6071,3.6348,1476,0
20100728,3.6348,3.6441,3.6163,3.6163,1287,0
20100729,3.6163,3.7458,3.5608,3.7181,9045,0
20100730,3.7458,3.7458,3.6071,3.6996,1257,0
20100802,3.7181,3.8845,3.6903,3.8845,11212,0
20100803,3.8845,3.8845,3.6811,3.8198,68664,0
20100804,3.7921,3.8845,3.6996,3.7736,21613,0
20100805,3.8845,3.8845,3.6811,3.7643,7653,0
20100806,3.8198,3.8198,3.6626,3.7736,5406,0
20100809,3.7828,3.8753,3.7828,3.8753,5964,0
20100810,3.8845,3.8845,3.8013,3.8568,41069,0
20100811,3.8845,3.9215,3.8568,3.903,18168,0
20100812,3.9215,3.9215,3.8568,3.8938,6728,0
20100813,3.8938,3.9585,3.8938,3.9585,6749,0
20100816,3.9585,4.1435,3.9585,4.1435,17074,0
20100817,4.1528,4.4765,4.1528,4.3932,34568,0
20100818,4.421,4.458,4.3562,4.458,15301,0
20100819,4.4857,4.5782,4.4857,4.532,17321,0
20100820,4.5782,4.5782,4.495,4.5505,2995,0
20100823,4.5782,4.5782,4.4672,4.532,5403,0
20100824,4.532,4.532,4.2083,4.2915,9967,0
20100825,4.2915,4.2915,4.2915,4.2915,854,0
20100826,4.347,4.347,4.1805,4.2545,8563,0
20100827,4.2545,4.4302,4.162,4.4302,11502,0
20100830,4.4302,4.606,4.4302,4.5875,41063,0
20100831,4.5782,4.5875,4.5227,4.5875,5080,0
20100901,4.6245,4.8002,4.4857,4.6152,8018,0
20100902,4.6152,4.6152,4.31,4.4857,27638,0
20100903,4.5227,4.5227,4.273,4.4302,11666,0
20100906,4.532,4.5875,4.4672,4.5505,6348,0
20100907,4.532,4.532,4.421,4.4672,2134,0
20100908,4.4672,4.4672,4.347,4.4302,5465,0
20100909,4.4302,4.4302,4.3192,4.421,4118,0
20100910,4.4302,4.4302,4.3192,4.3747,3212,0
20100913,4.3747,4.5597,4.3747,4.5135,3330,0
20100914,4.5135,4.5135,4.4395,4.5135,1282,0
20100915,4.532,4.532,4.4857,4.5227,2348,0
20100916,4.5135,4.5135,4.347,4.4302,6670,0
20100917,4.5227,4.5227,4.1435,4.2915,51806,0
20100920,4.2915,4.31,4.125,4.2453,7150,0
20100921,4.273,4.2915,4.1805,4.2823,10488,0
20100922,4.3008,4.3008,4.2453,4.3008,3357,0
20100923,4.3008,4.3008,4.3008,4.3008,1414,0
20100924,4.3008,4.4302,4.236,4.4302,15629,0
20100927,4.4395,4.4395,4.31,4.384,98444,0
20100928,4.4395,4.4857,4.3192,4.3562,4102,0
20100929,4.4302,4.4302,4.31,4.31,3379,0
20100930,4.347,4.4857,4.3008,4.347,6163,0
20101001,4.347,4.347,4.0048,4.2083,35759,0
20101004,4.2083,4.2545,4.0788,4.2083,3573,0
20101005,4.2453,4.2545,4.1713,4.2268,2995,0
20101006,4.2083,4.3008,4.2083,4.2915,9577,0
20101007,4.3008,4.3008,4.1805,4.2915,2200,0
20101008,4.2823,4.2915,4.2175,4.2915,2541,0
20101011,4.3008,4.3008,4.0048,4.3008,9638,0
20101012,4.2915,4.2915,4.1435,4.2823,4865,0
20101013,4.3008,4.347,4.273,4.3008,6702,0
20101014,4.3008,4.3008,4.125,4.2823,2813,0
20101015,4.347,4.347,4.162,4.2268,7985,0
20101018,4.2915,4.2915,4.0603,4.0695,14821,0
20101019,4.0695,4.0695,3.8845,4.0233,7634,0
20101020,4.0418,4.0695,4.014,4.0695,2102,0
20101021,4.0603,4.0603,3.977,4.051,7619,0
20101022,4.1065,4.2545,4.0695,4.2545,9113,0
20101025,4.2915,4.3932,4.2083,4.2083,3560,0
20101026,4.2453,4.384,4.236,4.236,4776,0
20101027,4.2545,4.347,4.2545,4.2545,6461,0
20101028,4.3285,4.3377,4.236,4.3285,895,0
20101029,4.3377,4.347,4.31,4.3192,4230,0
20101102,4.3747,4.3747,4.273,4.273,2000,0
20101103,4.273,4.273,4.236,4.236,1135,0
20101104,4.2545,4.347,4.162,4.347,8735,0
20101105,4.2545,4.3747,4.2545,4.31,3330,0
20101108,4.3932,4.4395,4.347,4.3747,20025,0
20101109,4.421,4.4302,4.347,4.384,3853,0
20101110,4.3932,4.6152,4.347,4.4487,92245,0
20101112,4.4302,4.6245,4.3932,4.532,17184,0
20101115,4.5782,4.5782,4.5042,4.532,3383,0
20101116,4.532,4.5967,4.2915,4.384,7752,0
20101117,4.4765,4.5135,4.4117,4.4765,5790,0
20101118,4.5135,4.6152,4.3377,4.4765,7081,0
20101119,4.4765,4.606,4.384,4.569,12920,0
20101122,4.5782,4.5782,4.3932,4.532,6775,0
20101123,4.532,4.5597,4.4395,4.458,7405,0
20101124,4.5967,4.717,4.495,4.5597,8492,0
20101125,4.5782,4.6707,4.5227,4.6337,5944,0
20101126,4.569,4.5782,4.4857,4.5505,3968,0
20101129,4.5505,4.5782,4.5505,4.5782,649,0
20101130,4.569,4.5782,4.4487,4.532,7032,0
20101201,4.5782,4.5782,4.4487,4.532,9867,0
20101202,4.5782,4.7909,4.5782,4.717,18051,0
20101203,4.8002,4.8094,4.717,4.717,3918,0
20101206,4.717,4.717,4.5782,4.68,5826,0
20101207,4.6615,4.6615,4.4395,4.495,11941,0
20101208,4.532,4.5505,4.4395,4.5505,4401,0
20101209,4.5412,4.5412,4.4025,4.4857,11300,0
20101210,4.606,4.717,4.532,4.5505,7244,0
20101213,4.6707,4.8094,4.532,4.6245,9631,0
20101214,4.6245,4.6985,4.5412,4.6245,3137,0
20101215,4.6522,4.6522,4.532,4.6245,768,0
20101216,4.5967,4.5967,4.2915,4.2915,54281,0
20101217,4.2083,4.4672,4.162,4.4672,30568,0
20101220,4.5412,4.5412,4.2638,4.4672,3957,0
20101221,4.5135,4.5135,4.0695,4.0695,24769,0
20101222,4.088,4.162,3.8383,4.0603,40817,0
20101223,4.0603,4.162,3.8845,3.8845,18283,0
20101227,3.9308,4.0603,3.9308,4.0233,12931,0
20101228,3.977,4.3655,3.977,4.1158,14262,0
20101229,4.125,4.2915,4.1158,4.199,5547,0
20101230,4.2175,4.2453,4.1065,4.2453,1885,0
20101231,4.2545,4.3932,4.2545,4.3377,6319,0
20110103,4.5042,4.5042,4.3377,4.3377,5562,0
20110104,4.384,4.3932,3.9863,4.2545,6166,0
20110105,4.2453,4.3377,4.0048,4.1528,28156,0
20110107,4.1435,4.1435,4.0233,4.0973,3114,0
20110110,4.1343,4.1435,4.0695,4.0695,2591,0
20110111,4.2915,4.2915,3.977,4.1158,17163,0
20110112,4.1158,4.1158,3.9308,4.0325,22499,0
20110113,4.0048,4.0233,3.8661,3.9493,16928,0
20110114,4.051,4.0695,3.6996,3.8106,56570,0
20110117,3.8106,3.8383,3.6071,3.6071,41052,0
20110118,3.5146,3.6071,3.4314,3.6071,30321,0
20110119,3.6071,3.6626,3.5516,3.5516,17955,0
20110120,3.6256,3.6256,3.5053,3.6163,1880,0
20110121,3.6256,3.6533,3.5701,3.6348,13808,0
20110124,3.6903,3.6996,3.4683,3.5146,17336,0
20110125,3.5423,3.5423,3.3389,3.4314,36158,0
20110126,3.4406,3.5886,3.3666,3.5886,17406,0
20110127,3.6256,3.6348,3.4868,3.5146,12108,0
20110128,3.6163,3.6348,3.4406,3.4406,6043,0
20110131,3.4406,3.6256,3.4221,3.5146,5887,0
20110201,3.5793,3.6533,3.4868,3.4868,12186,0
20110202,3.5701,3.6071,3.4036,3.4591,16334,0
20110203,3.4591,3.5053,3.3759,3.4961,5012,0
20110204,3.4406,3.4406,3.3759,3.3759,13298,0
20110207,3.4591,3.5146,3.1631,3.3666,104449,0
20110208,3.3759,3.3759,3.2464,3.3204,32257,0
20110209,3.3111,3.3204,3.2464,3.3111,9800,0
20110210,3.3296,3.3296,3.2464,3.2834,2374,0
20110211,3.2741,3.3204,3.2001,3.2834,9130,0
20110214,3.2834,3.4036,3.2834,3.3389,25814,0
20110215,3.3481,3.3666,3.3296,3.3666,7896,0
20110216,3.3666,3.4868,3.3666,3.4498,38530,0
20110217,3.5146,3.5516,3.4591,3.4961,16805,0
20110218,3.4961,3.5146,3.4314,3.5146,7598,0
20110221,3.5331,3.5331,3.4129,3.4591,8790,0
20110222,3.4868,3.4868,3.3944,3.4221,2560,0
20110223,3.3481,3.4129,3.3481,3.4129,2373,0
20110224,3.3481,3.4221,3.3296,3.4129,3097,0
20110225,3.4221,3.4683,3.4129,3.4683,1216,0
20110228,3.5053,3.5053,3.3296,3.4221,7570,0
20110301,3.4314,3.4314,3.3574,3.4129,30998,0
20110302,3.4221,3.4314,3.3481,3.4129,21069,0
20110303,3.3944,3.4406,3.3944,3.4406,17141,0
20110304,3.4498,3.4591,3.4406,3.4498,6727,0
20110307,3.4591,3.5701,3.4591,3.5608,22608,0
20110308,3.5608,3.5886,3.5516,3.5516,6977,0
20110309,3.5793,3.5793,3.5793,3.5793,458,0
20110310,3.7088,4.4395,3.7088,4.4395,339997,0
20110311,4.3377,4.421,4.088,4.236,140215,0
20110314,4.1805,4.2175,3.9493,4.0788,47803,0
20110315,3.8753,3.9585,3.7551,3.9308,50519,0
20110316,3.8753,3.9308,3.8106,3.8568,21023,0
20110317,3.8383,4.088,3.8106,4.0603,24693,0
20110318,4.0695,4.0695,3.9493,4.0233,6967,0
20110321,4.014,4.0603,3.8661,3.94,10763,0
20110322,3.94,3.9585,3.7828,3.8753,20386,0
20110323,3.8661,3.8661,3.7921,3.8383,8135,0
20110324,3.8661,3.8661,3.7736,3.8291,4315,0
20110325,3.8291,3.8753,3.8291,3.8291,6109,0
20110328,3.8661,3.9678,3.8476,3.9585,26632,0
20110329,3.9678,3.977,3.9493,3.977,7204,0
20110330,3.9863,4.0603,3.9863,4.0233,18126,0
20110331,4.051,4.088,3.9955,4.0418,12916,0
20110401,4.088,4.2453,4.0325,4.162,35411,0
20110404,4.1528,4.1528,4.0233,4.088,21212,0
20110405,4.0973,4.0973,4.0048,4.0325,13345,0
20110406,4.0048,4.1528,4.0048,4.1528,20960,0
20110407,4.236,4.4857,4.2083,4.4395,101361,0
20110408,4.4672,4.717,4.4395,4.6707,125111,0
20110411,4.8094,4.9944,4.7632,4.9389,71561,0
20110412,4.9667,4.9667,4.6522,4.8557,21248,0
20110413,4.8834,4.9852,4.6707,4.7447,24732,0
20110414,4.7447,4.7447,4.5782,4.7262,196814,0
20110415,4.7262,4.9297,4.5967,4.717,16351,0
20110418,4.8742,4.9019,4.4672,4.569,7687,0
20110419,4.569,4.6152,4.458,4.6152,20589,0
20110420,4.6245,4.7077,4.4487,4.532,86859,0
20110421,4.5505,4.6152,4.5505,4.6152,26592,0
20110426,4.569,4.569,4.5135,4.5135,5942,0
20110427,4.532,4.5505,4.5042,4.532,6440,0
20110428,4.5875,4.5875,4.532,4.532,1400,0
20110429,4.532,4.5597,4.532,4.5597,1843,0
20110502,4.5875,4.8002,4.532,4.7817,181657,0
20110504,4.7817,4.9204,4.6245,4.9019,964150,0
20110505,4.9297,5.0962,4.9112,4.9944,134190,0
20110506,4.9852,4.9944,4.7632,4.9297,12248,0
20110509,4.9389,5.0869,4.9019,4.9852,14717,0
20110510,4.9852,4.9852,4.8187,4.9852,15062,0
20110511,4.9944,5.0407,4.9574,4.9759,37237,0
20110512,5.0869,5.1609,4.9297,5.0869,130708,0
20110513,5.1147,5.1147,4.9204,4.9204,22003,0
20110516,4.9667,4.9667,4.717,4.7355,39058,0
20110517,4.717,4.7817,4.6337,4.6615,27781,0
20110518,4.7077,4.8002,4.6522,4.6985,6124,0
20110519,4.717,4.7632,4.6985,4.7539,2606,0
20110520,4.7632,4.8649,4.5782,4.8464,27390,0
20110523,4.7909,4.7909,4.5875,4.5875,8466,0
20110524,4.6615,4.7447,4.5967,4.7077,28905,0
20110525,4.7632,4.8834,4.7262,4.8557,20914,0
20110526,4.8187,4.9667,4.8187,4.8557,10416,0
20110527,4.8557,4.9482,4.7355,4.8094,7813,0
20110530,4.8094,4.8094,4.6337,4.8002,10589,0
20110531,4.7632,4.7817,4.6615,4.6615,11940,0
20110601,4.717,4.8279,4.532,4.6152,22982,0
20110602,4.6152,4.7077,4.5505,4.6892,9084,0
20110603,4.7262,4.7632,4.6245,4.68,3103,0
20110606,4.7077,4.7077,4.5597,4.6615,4945,0
20110607,4.7077,4.7262,4.5875,4.6615,8161,0
20110608,4.68,4.6892,4.5875,4.643,11083,0
20110609,4.6707,4.6707,4.458,4.5135,10861,0
20110610,4.4857,4.5135,4.4302,4.4395,7941,0
20110613,4.6522,4.6522,4.3932,4.6152,14045,0
20110614,4.5967,4.5967,4.532,4.532,3099,0
20110615,4.6152,4.6152,4.532,4.5505,6005,0
20110616,4.5597,4.5597,4.4395,4.532,17121,0
20110617,4.5782,4.68,4.5505,4.6615,22657,0
20110620,4.68,4.68,4.532,4.6152,6116,0
20110621,4.6707,4.6707,4.532,4.5782,6620,0
20110622,4.6152,4.6522,4.5597,4.5967,3895,0
20110624,4.606,4.6152,4.421,4.4857,8650,0
20110627,4.5135,4.5782,4.347,4.5135,5109,0
20110628,4.4765,4.6245,4.458,4.5135,18011,0
20110629,4.4857,4.4857,4.347,4.4765,14217,0
20110630,4.4765,4.5967,4.4765,4.532,29030,0
20110701,4.5597,4.6337,4.3655,4.5042,6541,0
20110704,4.5412,4.6152,4.3747,4.4857,7335,0
20110705,4.3747,4.4487,4.3747,4.4302,9599,0
20110706,4.4672,4.4857,4.347,4.4117,11747,0
20110707,4.4025,4.532,4.3932,4.532,14032,0
20110708,4.532,4.532,4.4025,4.4857,2258,0
20110711,4.5135,4.5135,4.458,4.458,2014,0
20110712,4.421,4.421,4.2915,4.421,15601,0
20110713,4.3747,4.421,4.347,4.3932,2711,0
20110714,4.3932,4.3932,4.3192,4.3655,2811,0
20110715,4.384,4.384,4.3655,4.384,809,0
20110718,4.4857,4.4857,4.0973,4.2453,8082,0
20110719,4.4302,4.4857,4.2175,4.4395,3146,0
20110720,4.1528,4.3377,4.1528,4.2823,19393,0
20110721,4.347,4.4117,4.162,4.2268,7883,0
20110722,4.236,4.3192,4.125,4.2545,14649,0
20110725,4.2545,4.3008,4.162,4.2545,6478,0
20110726,4.2545,4.3932,4.2083,4.3008,4704,0
20110727,4.2915,4.2915,4.0695,4.199,19674,0
20110728,4.199,4.199,4.051,4.162,8273,0
20110729,4.1528,4.1528,3.9863,4.1528,12010,0
20110801,4.1528,4.3008,4.1435,4.1435,6352,0
20110802,4.051,4.1158,3.977,4.1158,15126,0
20110803,4.0418,4.0695,3.8845,3.9678,12967,0
20110804,3.9678,3.9678,3.5146,3.6903,33300,0
20110805,3.3296,3.5793,3.3296,3.5053,36806,0
20110808,3.4591,3.4591,3.3759,3.3759,43326,0
20110809,3.3389,3.4591,3.0059,3.2186,30448,0
20110810,3.4498,3.4498,3.2371,3.2926,30784,0
20110811,3.2371,3.4221,3.0244,3.4221,41130,0
20110812,3.4591,3.6811,3.4221,3.6071,19567,0
20110816,3.6071,3.7458,3.5608,3.7458,15343,0
20110817,3.8013,3.8383,3.7921,3.7921,15805,0
20110818,3.7921,3.7921,3.4129,3.5886,8679,0
20110819,3.6348,3.6348,3.3574,3.5978,8146,0
20110822,3.6348,3.6441,3.5608,3.6348,2412,0
20110823,3.6441,3.8106,3.6441,3.7181,2216,0
20110824,3.7181,3.7181,3.5331,3.6348,2115,0
20110825,3.6533,3.6996,3.5608,3.6348,4217,0
20110826,3.7088,3.7088,3.5793,3.6903,3935,0
20110829,3.4498,3.5608,3.2834,3.5238,173008,0
20110830,3.5146,3.7736,3.5146,3.7736,73735,0
20110831,3.6811,3.8383,3.6071,3.8291,44559,0
20110901,3.7736,3.8291,3.6071,3.8198,37053,0
20110902,3.8198,3.8198,3.6996,3.6996,443,0
20110905,3.5146,3.6996,3.5146,3.6996,19483,0
20110906,3.6996,3.6996,3.6071,3.6903,3464,0
20110907,3.6811,3.7921,3.6811,3.7921,3395,0
20110908,3.7088,3.7088,3.6626,3.6996,5249,0
20110909,3.7643,3.8198,3.6163,3.6163,6548,0
20110912,3.6626,3.6626,3.4961,3.6626,4119,0
20110913,3.6626,3.6626,3.6348,3.6626,1243,0
20110914,3.5886,3.6533,3.4961,3.5608,7898,0
20110915,3.5608,3.5886,3.4221,3.5608,8644,0
20110916,3.5608,3.6533,3.5238,3.6533,2921,0
20110919,3.6441,3.6903,3.3111,3.6903,10191,0
20110920,3.6718,3.6718,3.5423,3.6626,4652,0
20110921,3.6533,3.6533,3.5608,3.5978,4563,0
20110922,3.5978,3.6533,3.3944,3.6071,6985,0
20110923,3.5978,3.5978,3.3389,3.5146,1795,0
20110926,3.5608,3.5608,3.3851,3.5146,6590,0
20110927,3.5423,3.5608,3.4221,3.4868,6866,0
20110928,3.3851,3.4498,3.3851,3.4498,973,0
20110929,3.3666,3.4498,3.3111,3.3944,5276,0
20110930,3.3944,3.4129,3.3759,3.4129,7785,0
20111003,3.3944,3.4221,3.3944,3.4221,2348,0
20111004,3.4498,3.4498,3.3759,3.4129,2054,0
20111005,3.4129,3.4591,3.3296,3.4221,5611,0
20111006,3.3759,3.4314,3.3481,3.4221,2973,0
20111007,3.4129,3.4129,3.3574,3.4129,2344,0
20111010,3.4129,3.4129,3.3481,3.3944,10856,0
20111011,3.3944,3.3944,3.3296,3.3759,9864,0
20111012,3.3666,3.4868,3.3574,3.4406,20150,0
20111013,3.4683,3.4683,3.3296,3.3944,9212,0
20111014,3.3944,3.4868,3.2464,3.3851,39485,0
20111017,3.4683,3.5146,3.3296,3.4683,23671,0
20111018,3.1909,3.4683,3.1909,3.4683,43323,0
20111019,3.4221,3.4406,3.3111,3.4406,6152,0
20111020,3.3481,3.4314,3.3111,3.4129,8587,0
20111021,3.4036,3.4129,3.3759,3.4129,2734,0
20111024,3.5146,3.5146,3.3759,3.4221,7679,0
20111025,3.4221,3.4221,3.3574,3.4129,3871,0
20111026,3.4221,3.4221,3.3574,3.3574,793,0
20111027,3.3944,3.5146,3.3944,3.5146,11623,0
20111028,3.5053,3.5053,3.4314,3.5053,2882,0
20111031,3.5053,3.5053,3.5053,3.5053,54,0
20111102,3.4129,3.4868,3.3389,3.4868,4509,0
20111103,3.4961,3.4961,3.4406,3.4961,1006,0
20111104,3.5053,3.5701,3.4776,3.5053,1027,0
20111107,3.5146,3.5146,3.4683,3.5146,1499,0
20111108,3.5053,3.5053,3.4683,3.4961,5514,0
20111109,3.4961,3.4961,3.4961,3.4961,357,0
20111110,3.4683,3.4683,3.3574,3.4683,4117,0
20111114,3.5701,3.6533,3.5053,3.5608,6967,0
20111115,3.5608,3.5608,3.5608,3.5608,1135,0
20111116,3.5608,3.6071,3.5608,3.6071,2530,0
20111117,3.6533,3.7551,3.6533,3.6996,25006,0
20111118,3.6626,3.6996,3.5886,3.6996,3809,0
20111121,3.6996,3.6996,3.4683,3.6811,2584,0
20111122,3.5701,3.7643,3.5701,3.7181,3278,0
20111123,3.7643,3.7643,3.5886,3.6996,4570,0
20111124,3.7366,3.7458,3.6533,3.7458,3422,0
20111125,3.7458,3.7458,3.7458,3.7458,1270,0
20111128,3.7458,3.7458,3.6071,3.7458,10823,0
20111129,3.7458,3.7458,3.6996,3.6996,6012,0
20111130,3.6996,3.6996,3.5053,3.6996,11586,0
20111201,3.6996,3.6996,3.6996,3.6996,2730,0
20111202,3.6996,3.6996,3.6996,3.6996,1119,0
20111205,3.6996,3.6996,3.6441,3.6996,2003,0
20111206,3.6996,3.6996,3.5978,3.6903,595,0
20111207,3.6996,3.6996,3.6533,3.6533,119,0
20111208,3.6811,3.6811,3.6071,3.6071,568,0
20111209,3.6441,3.6441,3.4683,3.5608,1514,0
20111212,3.5608,3.5608,3.5146,3.5146,1946,0
20111213,3.5146,3.5146,3.4406,3.4406,1038,0
20111214,3.4683,3.5053,3.4683,3.5053,162,0
20111215,3.5053,3.5238,3.4314,3.4314,292,0
20111216,3.4036,3.4776,3.3759,3.4776,3157,0
20111219,3.4776,3.4868,3.4314,3.4314,811,0
20111220,3.5053,3.5053,3.2834,3.3296,7244,0
20111221,3.2371,3.3296,3.2371,3.3296,1392,0
20111222,3.3296,3.3296,3.3019,3.3019,35805,0
20111223,3.3296,3.3296,3.2741,3.2741,76,0
20111227,3.3296,3.3759,3.2186,3.2186,422,0
20111228,3.3204,3.3204,3.2186,3.2186,608,0
20111229,3.2464,3.3111,3.1816,3.2001,2923,0
20111230,3.22,3.65,3.2,3.65,4757,0
20120102,3.6996,3.8291,3.5608,3.6811,5298,0
20120103,3.6533,3.6718,3.5608,3.6071,552,0
20120104,3.6441,3.6441,3.5978,3.6348,2162,0
20120105,3.6441,3.6441,3.4961,3.4961,2216,0
20120109,3.5053,3.5608,3.4683,3.5608,976,0
20120110,3.5886,3.5886,3.5886,3.5886,162,0
20120111,3.5793,3.6533,3.4868,3.6533,1160,0
20120112,3.6718,3.6718,3.6718,3.6718,54,0
20120113,3.6626,3.6626,3.6533,3.6533,78,0
20120116,3.5608,3.5608,3.5331,3.5608,2162,0
20120117,3.5608,3.5608,3.4498,3.5608,6524,0
20120118,3.5608,3.5608,3.4776,3.5423,335,0
20120119,3.5053,3.5978,3.4314,3.5978,3873,0
20120120,3.6071,3.6071,3.6071,3.6071,210,0
20120123,3.6071,3.6071,3.6071,3.6071,799,0
20120124,3.6256,3.6256,3.6256,3.6256,54,0
20120125,3.6256,3.6256,3.6256,3.6256,114,0
20120126,3.6256,3.7551,3.5331,3.7458,7248,0
20120127,3.7458,3.7458,3.7458,3.7458,108,0
20120130,3.7643,3.7736,3.7366,3.7366,335,0
20120131,3.75,3.83,3.74,3.82,7881,0
20120201,3.8291,4.0233,3.8291,3.9215,1730,0
20120202,3.977,3.977,3.8198,3.8938,1053,0
20120203,3.9123,4.0233,3.9123,4.0233,1825,0
20120206,4.0695,4.1065,3.9678,3.9678,824,0
20120207,4.014,4.014,3.8845,3.8845,227,0
20120208,3.8938,3.9678,3.8938,3.9678,189,0
20120209,3.9678,3.9678,3.9678,3.9678,54,0
20120210,3.9493,3.9493,3.8383,3.8938,2000,0
20120213,3.8938,3.9123,3.8845,3.903,2498,0
20120214,3.903,4.0233,3.903,4.0233,6028,0
20120215,4.014,4.0233,4.0048,4.0233,2000,0
20120216,4.014,4.0695,3.9678,3.977,8214,0
20120217,4.0233,4.2083,4.0233,4.2083,11448,0
20120220,4.2083,4.2083,4.162,4.1898,407,0
20120221,4.1343,4.2268,4.125,4.2268,1606,0
20120222,4.2268,4.2268,4.125,4.2268,906,0
20120223,4.2268,4.2268,4.1435,4.1435,130,0
20120224,4.2268,4.2268,4.2268,4.2268,119,0
20120227,4.2175,4.2453,4.0973,4.1343,2379,0
20120228,4.125,4.3562,4.125,4.2915,2018,0
20120229,4.29,4.29,4.05,4.14,13167,0
20120301,4.1435,4.1898,3.7921,3.977,38623,0
20120302,3.977,4.0418,3.8291,3.9215,9611,0
20120305,3.8845,4.0695,3.8845,4.014,5129,0
20120306,3.94,3.977,3.8845,3.9678,4379,0
20120307,3.9678,3.9678,3.8106,3.9678,2793,0
20120308,4.014,4.014,3.9493,3.9678,4984,0
20120309,3.9215,4.014,3.9215,3.9863,2239,0
20120312,4.162,4.162,4.014,4.0973,2880,0
20120313,4.1528,4.1528,4.0695,4.0695,1460,0
20120314,4.1158,4.2083,4.0233,4.162,8302,0
20120315,4.2083,4.4395,4.2083,4.4302,85765,0
20120316,4.4302,4.4487,4.2545,4.273,14183,0
20120319,4.2638,4.3747,4.1713,4.2545,6085,0
20120320,4.2545,4.3285,4.162,4.3285,1508,0
20120321,4.3192,4.3377,4.3192,4.3377,3514,0
20120322,4.3192,4.3192,4.0695,4.1528,5444,0
20120323,4.0973,4.2175,4.0973,4.1343,1145,0
20120326,4.1343,4.2545,4.1158,4.199,3311,0
20120327,4.2083,4.2083,4.1898,4.1898,762,0
20120328,4.162,4.2915,4.162,4.2915,4532,0
20120329,4.3008,4.3008,4.162,4.162,2384,0
20120330,4.21,4.21,4.21,4.21,16,0
20120402,4.1805,4.1805,4.162,4.162,173,0
20120403,4.162,4.162,4.0695,4.1158,3303,0
20120404,4.0695,4.1158,4.0233,4.0233,1622,0
20120405,4.1065,4.1065,4.0233,4.0233,1676,0
20120410,4.0233,4.0233,3.9585,3.977,3352,0
20120411,3.977,4.1435,3.9678,4.0695,49312,0
20120412,4.0788,4.3285,4.0788,4.2453,18233,0
20120413,4.236,4.347,4.1898,4.2083,7520,0
20120416,4.2545,4.273,4.1898,4.2268,3688,0
20120417,4.2268,4.2268,4.1528,4.1528,3514,0
20120418,4.1898,4.2268,4.162,4.199,2877,0
20120419,4.2175,4.2175,4.162,4.2083,130,0
20120420,4.2175,4.2175,4.2175,4.2175,32,0
20120423,4.162,4.162,3.9493,3.9493,4774,0
20120424,3.9493,3.9493,3.9123,3.94,2260,0
20120425,3.9493,3.9493,3.9493,3.9493,3101,0
20120426,4.0325,4.0325,3.9678,4.0325,216,0
20120427,4.0233,4.051,4.0233,4.051,2955,0
20120430,4.13,4.13,4.06,4.06,162,0
20120502,4.125,4.125,3.9955,4.0418,4649,0
20120504,4.0695,4.0695,4.0695,4.0695,919,0
20120507,4.1158,4.1158,4.0695,4.0695,1489,0
20120508,4.0695,4.1343,4.0695,4.0695,4921,0
20120509,4.051,4.125,4.0048,4.125,937,0
20120510,4.1343,4.2175,4.125,4.2175,2333,0
20120511,4.2175,4.4302,4.2083,4.4117,6109,0
20120514,4.569,4.606,4.2638,4.2638,11575,0
20120515,4.236,4.236,4.1713,4.1713,5164,0
20120516,4.1713,4.1805,4.088,4.162,13433,0
20120517,4.1805,4.347,4.051,4.051,9210,0
20120518,4.0695,4.1158,4.051,4.1158,3644,0
20120521,4.1065,4.1343,4.1065,4.1343,682,0
20120522,4.1158,4.1158,4.0603,4.0603,4229,0
20120523,4.0695,4.1528,4.0603,4.1343,3885,0
20120524,4.0695,4.0695,4.0695,4.0695,172,0
20120525,4.1343,4.2083,4.1343,4.2083,980,0
20120528,4.088,4.2545,4.088,4.2545,743,0
20120529,4.2545,4.273,4.162,4.162,827,0
20120530,4.162,4.162,4.162,4.162,238,0
20120531,4.17,4.17,4.17,4.17,95,0
20120601,4.1805,4.3285,4.1805,4.3008,2274,0
20120604,4.3008,4.3008,4.3008,4.3008,108,0
20120606,4.3,4.3,4.16,4.16,2271,0
20120608,4.21,4.26,4.21,4.26,306,0
20120611,4.2545,4.2638,4.2545,4.2638,108,0
20120612,4.2638,4.2638,4.125,4.162,2093,0
20120613,4.162,4.199,4.162,4.162,19123,0
20120614,4.1805,4.2083,4.1528,4.2083,595,0
20120615,4.2,4.2,4.17,4.17,1377,0
20120618,4.199,4.236,4.199,4.236,1730,0
20120619,4.25,4.33,4.25,4.33,1069,0
20120620,4.33,4.34,4.29,4.3,8007,0
20120621,4.34,4.41,4.32,4.41,4266,0
20120622,4.43,4.43,4.33,4.4,2108,0
20120625,4.41,4.41,4.41,4.41,54,0
20120626,4.33,4.4,4.25,4.31,9669,0
20120627,4.37,4.6,4.31,4.52,21942,0
20120628,4.52,4.59,4.48,4.5,3692,0
20120629,4.48,4.53,4.45,4.51,3805,0
20120702,4.51,4.54,4.51,4.51,1619,0
20120703,4.54,4.54,4.48,4.48,509,0
20120704,4.48,4.54,4.39,4.51,766,0
20120705,4.5,4.5,4.32,4.43,10033,0
20120706,4.31,4.48,4.28,4.48,5130,0
20120709,4.5,4.5,4.48,4.5,1442,0
20120710,4.5,4.5,4.35,4.41,3468,0
20120711,4.41,4.41,4.34,4.34,1700,0
20120712,4.34,4.38,4.22,4.38,3770,0
20120713,4.22,4.35,4.11,4.11,6250,0
20120716,4.04,4.23,3.83,3.83,6986,0
20120717,4.04,4.06,3.87,3.98,1929,0
20120718,4,4.06,4,4,660,0
20120719,4,4.06,4,4.06,1377,0
20120720,4,4.05,4,4.05,1170,0
20120723,4.05,4.08,3.95,4.02,520,0
20120724,3.95,4.02,3.86,3.87,4700,0
20120725,3.95,3.95,3.85,3.9,670,0
20120726,3.96,3.96,3.79,3.92,4910,0
20120727,3.88,3.88,3.61,3.66,17556,0
20120730,3.71,3.73,3.65,3.65,3738,0
20120731,3.69,3.69,3.69,3.69,50,0
20120801,3.7,3.82,3.66,3.74,2238,0
20120802,3.77,3.77,3.65,3.74,430,0
20120803,3.76,3.76,3.72,3.72,725,0
20120806,3.81,3.81,3.81,3.81,520,0
20120807,3.84,3.84,3.61,3.67,7741,0
20120808,3.77,3.77,3.61,3.7,3084,0
20120809,3.75,3.76,3.75,3.76,250,0
20120810,3.78,3.88,3.76,3.87,7670,0
20120813,3.82,3.88,3.82,3.82,3330,0
20120814,3.88,3.95,3.87,3.91,2575,0
20120816,3.95,4.02,3.95,4.02,3136,0
20120817,4.02,4.02,3.97,3.97,1354,0
20120820,4.01,4.01,3.9,3.95,1365,0
20120821,4.01,4.02,3.95,4.02,1891,0
20120822,4.02,4.02,3.97,3.98,2063,0
20120823,4.01,4.21,4,4.2,3146,0
20120824,4.22,4.22,4.05,4.2,830,0
20120827,4.2,4.2,3.91,3.91,9975,0
20120828,4.05,4.06,3.91,3.99,3691,0
20120829,4,4,3.92,3.93,11222,0
20120830,4,4.04,3.95,4.04,1750,0
20120831,4.04,4.04,3.97,3.97,325,0
20120903,4.01,4.04,3.98,4.02,1609,0
20120904,4.04,4.14,3.95,3.99,6634,0
20120905,3.98,3.98,3.9,3.9,3339,0
20120906,3.89,3.95,3.89,3.92,2064,0
20120907,3.98,4.03,3.94,4.03,10094,0
20120910,4.04,4.04,4,4.04,17527,0
20120911,4.01,4.01,4,4,19691,0
20120912,4,4.12,4,4.11,3430,0
20120913,4.11,4.13,4.11,4.13,103,0
20120914,4.06,4.18,4.04,4.18,1934,0
20120917,4.24,4.24,4.19,4.19,3300,0
20120918,4.22,4.22,4,4.1,3145,0
20120919,4.1,4.15,4.03,4.15,72,0
20120920,4.1,4.1,4.03,4.07,5562,0
20120921,4.1,4.1,4.02,4.09,325,0
20120924,4.09,4.09,3.98,4.05,795,0
20120925,4.05,4.1,4.05,4.1,692,0
20120926,4.1,4.1,4.05,4.08,355,0
20120927,4.11,4.11,3.93,4,3785,0
20120928,4.08,4.09,4.03,4.08,1623,0
20121001,4.07,4.09,3.91,4,5511,0
20121002,4.05,4.07,3.95,4,1747,0
20121003,4,4,3.88,3.95,8880,0
20121004,4,4.01,3.92,3.95,1155,0
20121005,4,4.03,3.92,4.03,7225,0
20121008,4.09,4.09,4,4,6420,0
20121009,3.98,4.1,3.98,4,13305,0
20121010,4.04,4.1,4,4,1651,0
20121011,4.05,4.05,4,4.05,4103,0
20121012,4.06,4.09,3.98,4.09,4825,0
20121015,4.01,4.07,4,4.07,1236,0
20121016,4.07,4.07,3.97,4,2354,0
20121017,3.98,4,3.98,4,565,0
20121018,4.1,4.1,4,4.05,2019,0
20121019,4.05,4.05,3.98,3.99,5902,0
20121022,4.03,4.03,3.99,4,1128,0
20121023,3.98,4.08,3.98,4.07,3225,0
20121024,4,4.08,4,4.08,52883,0
20121025,4.03,4.09,4.03,4.05,1710,0
20121026,4.07,4.09,4.01,4.09,702,0
20121029,4.08,4.08,3.99,4,2582,0
20121030,3.98,4.08,3.98,4.08,220,0
20121031,4.08,4.2,4.05,4.18,5677,0
20121102,4.2,4.2,4.18,4.2,823,0
20121105,4.2,4.2,4.17,4.17,1105,0
20121106,4.15,4.16,4.08,4.12,1450,0
20121107,4.13,4.13,4.07,4.09,2427,0
20121108,4.15,4.16,4.1,4.1,5986,0
20121109,4.15,4.15,4.04,4.08,2778,0
20121112,4.36,4.49,4.2,4.34,40816,0
20121113,4.34,4.52,4.11,4.5,80249,0
20121114,4.5,4.67,4.44,4.55,20789,0
20121115,4.47,4.58,4.47,4.58,6920,0
20121116,4.58,4.59,4.55,4.59,1391,0
20121119,4.58,4.68,4.58,4.68,9951,0
20121120,4.7,5.01,4.7,4.91,34538,0
20121121,4.9,5.29,4.9,5.2,57343,0
20121122,5.25,5.25,4.94,5,29135,0
20121123,5,5,4.86,4.95,10552,0
20121126,4.96,4.96,4.5,4.82,20315,0
20121127,4.82,4.99,4.75,4.85,14907,0
20121128,4.9,4.94,4.85,4.9,1283,0
20121129,4.89,5.18,4.89,5.1,38736,0
20121130,5.1,5.18,5.1,5.18,11123,0
20121203,5.2,5.72,5.15,5.58,70811,0
20121204,5.63,5.85,5.55,5.69,67256,0
20121205,5.7,6.05,5.7,5.8,51122,0
20121206,5.81,5.85,5.65,5.78,35325,0
20121207,5.73,5.84,5.67,5.76,7575,0
20121210,5.62,6.05,5.62,5.99,26488,0
20121211,5.98,6.29,5.98,6.18,45462,0
20121212,6.2,6.25,6.05,6.24,9772,0
20121213,6.25,6.25,6.07,6.18,10262,0
20121214,6.2,6.24,6.15,6.24,6893,0
20121217,6.24,6.4,6.24,6.3,32360,0
20121218,6.33,6.4,5.88,5.97,23096,0
20121219,5.91,6.06,5.74,6.02,27045,0
20121220,5.94,6.05,5.8,5.96,16341,0
20121221,5.95,6,5.63,5.89,25218,0
20121227,5.68,5.96,5.68,5.93,14753,0
20121228,5.93,5.93,5.79,5.9,1029,0
20130102,5.9,6.38,5.9,6.06,20393,0
20130103,6.06,6.45,6,6.45,18115,0
20130104,6.61,7.27,6.61,6.9,74969,0
20130107,6.97,7.4,6.82,7.4,43419,0
20130108,7.39,7.4,6.92,7.3,31371,0
20130109,7.3,7.3,7,7,14435,0
20130110,6.93,7.13,6.78,7.01,15497,0
20130111,6.92,7.15,6.92,7.13,8169,0
20130114,7.15,7.15,7,7.04,9270,0
20130115,7.04,7.2,6.98,7,9485,0
20130116,7,7.16,7,7.05,5814,0
20130117,7.12,7.14,7.05,7.11,3346,0
20130118,7.01,7.13,6.96,6.96,9449,0
20130121,6.96,7.11,6.96,7.04,3690,0
20130122,7.04,7.04,6.9,6.95,6869,0
20130123,6.95,7,6.92,7,3613,0
20130124,7.04,7.04,6.88,6.9,6475,0
20130125,6.94,6.94,6.89,6.93,2684,0
20130128,6.94,6.94,6.75,6.78,7142,0
20130129,6.78,6.87,6.72,6.83,7270,0
20130130,6.89,7.15,6.89,7,19255,0
20130131,6.99,7.54,6.99,7.4,68128,0
20130201,7.39,7.77,7.39,7.65,42849,0
20130204,7.51,7.92,7.51,7.73,48839,0
20130205,7.72,7.82,7.72,7.75,12307,0
20130206,7.86,7.86,7.4,7.72,15411,0
20130207,7.7,7.74,7.48,7.63,7946,0
20130208,7.6,7.6,7.4,7.43,5666,0
20130211,7.43,7.67,7.43,7.55,9011,0
20130212,7.7,7.7,7.4,7.46,7108,0
20130213,7.4,7.58,7.1,7.15,15835,0
20130214,7.14,7.14,6.95,7.14,13501,0
20130215,7,7.27,7,7.27,5938,0
20130218,7.28,7.28,7.11,7.17,6527,0
20130219,7.23,7.28,7.01,7.02,15666,0
20130220,7.02,7.18,7.02,7.04,3938,0
20130221,7.13,7.13,7,7.09,1110,0
20130222,7.06,7.26,7,7,10733,0
20130225,7.05,7.05,7.01,7.05,1740,0
20130226,7.01,7.01,6.77,6.9,12019,0
20130227,6.85,7.04,6.75,7.04,10393,0
20130228,7.04,7.24,7,7.14,8704,0
20130301,7.14,7.2,7.11,7.2,5702,0
20130304,7.2,7.38,7.09,7.33,9449,0
20130305,7.38,7.38,7.07,7.35,8446,0
20130306,7.33,7.33,7.2,7.3,3462,0
20130307,7.24,7.3,7.22,7.26,3195,0
20130308,7.3,7.3,7.24,7.3,2973,0
20130311,7.35,7.4,7.16,7.2,3984,0
20130312,7.19,7.3,7.16,7.29,8175,0
20130313,7.31,7.79,7.31,7.79,53353,0
20130314,7.82,8.34,7.82,8.2,52920,0
20130315,8.31,8.31,7.84,8,37983,0
20130318,7.9,8.03,7.6,7.97,22640,0
20130319,7.97,7.97,7.6,7.65,9188,0
20130320,7.6,7.79,7.46,7.7,8224,0
20130321,7.7,7.78,7.52,7.69,10966,0
20130322,7.6,7.61,7.44,7.55,8123,0
20130325,7.6,7.62,7.53,7.55,56078,0
20130326,7.55,7.71,7.45,7.71,13319,0
20130327,7.76,7.9,7.75,7.87,4910,0
20130328,7.82,7.94,7.82,7.85,14715,0
20130402,7.82,7.89,7.82,7.84,15790,0
20130403,7.94,7.94,7.81,7.81,26129,0
20130404,7.82,7.83,7.5,7.72,2470,0
20130405,7.5,7.74,7.5,7.54,2904,0
20130408,7.68,7.68,7.5,7.53,2903,0
20130409,7.53,7.53,7.31,7.31,5292,0
20130410,7.31,7.31,7.29,7.31,2413,0
20130411,7.4,7.4,7.25,7.28,5421,0
20130412,7.48,7.58,7.29,7.5,5181,0
20130415,7.43,7.45,7.43,7.43,1046,0
20130417,7.56,7.56,7.04,7.08,11227,0
20130418,7.01,7.29,6.88,6.9,14601,0
20130419,7,7.3,6.9,7.3,1857,0
20130422,7.35,7.35,7,7.21,1505,0
20130423,7.19,7.19,6.52,6.86,51169,0
20130424,6.94,6.94,6.65,6.77,42035,0
20130425,6.7,6.84,6.6,6.84,3379,0
20130426,6.82,6.86,6.7,6.77,6832,0
20130429,6.7,6.76,6.6,6.6,3976,0
20130430,6.62,6.86,6.61,6.86,2152,0
20130502,6.86,6.9,6.62,6.88,2168,0
20130506,6.88,6.88,6.7,6.7,889,0
20130507,6.89,6.89,6.7,6.89,3634,0
20130508,6.9,7,6.85,6.98,6706,0
20130509,6.95,7.05,6.75,7,13036,0
20130510,7.05,7.07,6.94,7.05,3471,0
20130513,6,6.33,5.45,6.12,85057,0
20130514,6.01,6.28,6.01,6.26,23262,0
20130515,6.26,6.26,6.02,6.02,14994,0
20130516,6,6.09,5.9,6.09,3609,0
20130517,6.09,6.09,5.73,5.95,14398,0
20130520,5.9,5.9,5.52,5.73,6365,0
20130521,5.6,5.61,5.23,5.45,9966,0
20130522,5.41,5.7,5.33,5.6,8169,0
20130523,5.65,5.7,5.5,5.7,2464,0
20130524,5.7,5.75,5.62,5.75,5754,0
20130527,5.75,5.75,5.6,5.66,5658,0
20130528,5.65,5.71,5.63,5.63,6933,0
20130529,5.63,5.75,5.52,5.75,14251,0
20130531,5.78,5.78,5.6,5.75,13934,0
20130603,5.63,5.78,5.63,5.77,7463,0
20130604,5.78,6.11,5.77,6.1,31801,0
20130605,6.15,6.4,6.01,6.4,24862,0
20130606,6.45,6.45,6.32,6.37,16040,0
20130607,6.31,6.4,6.31,6.31,2435,0
20130610,6.42,6.42,6.23,6.23,12008,0
20130611,6.4,6.4,6.15,6.25,6791,0
20130612,6.25,6.25,6.17,6.24,7152,0
20130613,6.24,6.34,6.15,6.32,10347,0
20130614,6.32,6.41,6.2,6.32,4989,0
20130617,6.32,6.55,6.23,6.48,88757,0
20130618,6.55,6.65,6.44,6.65,26033,0
20130619,6.67,6.85,6.54,6.75,11213,0
20130620,6.75,6.75,6.68,6.68,39093,0
20130621,6.7,6.73,6.68,6.73,6134,0
20130624,6.75,6.75,6.62,6.69,8671,0
20130625,6.69,6.82,6.69,6.82,3038,0
20130626,6.62,6.8,6.51,6.8,12367,0
20130627,6.82,6.82,6.63,6.63,415892,0
20130628,6.75,6.85,6.54,6.85,3262,0
20130701,6.8,6.83,6.61,6.75,4147,0
20130702,6.8,6.8,6.7,6.8,1246,0
20130703,6.8,6.8,6.6,6.8,840,0
20130704,6.8,6.8,6.7,6.79,62,0
20130705,6.8,6.8,6.68,6.7,3205,0
20130708,6.79,6.8,6.52,6.8,18537,0
20130709,6.8,6.8,6.62,6.8,6665,0
20130710,6.79,6.79,6.6,6.77,675,0
20130711,6.78,6.78,6.61,6.78,2409,0
20130712,6.79,6.79,6.65,6.65,2482,0
20130715,6.51,6.65,6.45,6.6,2276,0
20130716,6.59,6.8,6.59,6.77,12473,0
20130717,6.75,6.75,6.66,6.7,535,0
20130718,6.7,6.7,6.7,6.7,152,0
20130719,6.75,6.75,6.75,6.75,54,0
20130722,6.53,6.78,6.49,6.78,5022,0
20130723,6.77,6.77,6.6,6.75,338,0
20130724,6.49,6.7,6.49,6.62,3976,0
20130725,6.73,6.73,6.57,6.57,1314,0
20130726,6.65,6.65,6.65,6.65,50,0
20130729,6.63,6.63,6.41,6.6,705,0
20130730,6.61,6.63,6.41,6.56,5623,0
20130731,6.61,6.61,6.61,6.61,4,0
20130801,6.6,6.6,6.41,6.59,222,0
20130802,6.4,6.55,6.36,6.53,990,0
20130805,6.55,6.55,6.09,6.5,5986,0
20130806,6.5,6.5,6.33,6.49,692,0
20130807,6.48,6.48,6.25,6.4,1940,0
20130808,6.38,6.43,6.11,6.34,6760,0
20130809,6.21,6.23,6.21,6.23,1539,0
20130812,6.25,6.3,6.23,6.3,3928,0
20130813,6.31,6.4,6.3,6.4,5320,0
20130814,6.42,6.65,6.3,6.64,3847,0
20130816,6.65,6.79,6.43,6.75,5921,0
20130819,6.82,6.82,6.67,6.7,1019,0
20130820,6.75,6.75,6.5,6.65,5842,0
20130821,6.75,6.75,6.43,6.6,76605,0
20130822,6.66,6.66,6.5,6.5,1832,0
20130823,6.6,7.06,6.55,7,21119,0
20130826,7,7.17,6.98,7,28260,0
20130827,7,7,6.7,6.88,2931,0
20130828,6.85,6.85,6.67,6.8,2138,0
20130829,6.8,6.8,6.6,6.6,2070,0
20130830,6.6,6.7,6.31,6.49,11976,0
20130902,6.58,6.66,6.5,6.65,611,0
20130903,6.65,6.65,6.59,6.59,21,0
20130904,6.65,6.65,6.64,6.64,30,0
20130905,6.65,6.65,6.1,6.4,3316,0
20130906,6.47,6.48,6.46,6.46,49,0
20130909,6.46,6.46,6.33,6.45,72,0
20130910,6.45,6.45,6.05,6.44,2751,0
20130911,6.44,6.44,6.35,6.39,312,0
20130912,6.35,6.46,6.05,6.46,9657,0
20130913,6.45,6.45,6.4,6.45,1325,0
20130916,6.45,6.46,6.45,6.46,700,0
20130917,6.46,6.46,6.45,6.46,1586,0
20130918,6.5,6.5,6.4,6.4,1098,0
20130919,6.33,6.5,6.33,6.49,4527,0
20130920,6.48,6.49,6.3,6.45,2392,0
20130923,6.5,6.64,6.5,6.5,755,0
20130924,6.59,6.59,6.46,6.46,127,0
20130925,6.46,6.46,6.4,6.4,2050,0
20130926,6.46,6.65,6.42,6.65,795,0
20130927,6.3,6.64,6.3,6.5,597,0
20130930,6.55,6.58,6.55,6.56,52,0
20131001,6.56,6.57,6.2,6.4,1992,0
20131002,6.58,6.58,6.42,6.54,118,0
20131003,6.57,6.57,6.54,6.54,36,0
20131004,6.58,6.59,6.47,6.59,207,0
20131007,6.59,6.59,6.55,6.58,208,0
20131008,6.58,6.58,6.58,6.58,19,0
20131009,6.58,6.58,6.52,6.52,214,0
20131010,6.54,6.54,6.4,6.53,1415,0
20131011,6.53,6.53,6.4,6.42,202,0
20131014,6.53,6.53,6.45,6.45,1524,0
20131015,6.45,6.63,6.45,6.6,3045,0
20131016,6.63,6.63,6.54,6.56,326,0
20131017,6.55,6.6,6.55,6.59,2461,0
20131018,6.6,6.6,6.48,6.6,2881,0
20131021,6.6,6.6,6.55,6.57,2672,0
20131022,6.63,6.9,6.57,6.9,52766,0
20131023,6.9,6.9,6.77,6.8,4116,0
20131024,6.8,6.95,6.79,6.93,7678,0
20131025,6.93,7.09,6.87,7.09,14921,0
20131028,7.09,7.39,7.09,7.15,10550,0
20131029,7.21,7.21,6.9,7.15,8513,0
20131030,7.2,7.39,7.13,7.38,7405,0
20131031,7.37,7.5,7.3,7.5,80283,0
20131104,7.5,8.15,7.48,7.77,21267,0
20131105,7.77,8.12,7.77,8.05,14589,0
20131106,7.8,8.05,7.8,7.95,4466,0
20131107,7.95,8,7.9,8,2542,0
20131108,7.94,7.94,7.94,7.94,38,0
20131112,7.72,8.14,7.72,7.94,8447,0
20131113,7.96,7.96,7.53,7.74,6245,0
20131114,7.74,7.74,7.53,7.59,804,0
20131115,7.57,7.57,7.28,7.45,42240,0
20131118,7.45,7.59,7.45,7.5,332,0
20131119,7.5,7.5,7.2,7.27,4304,0
20131120,7.41,7.5,7.2,7.27,2699,0
20131121,7.89,7.89,7.45,7.59,5372,0
20131122,7.85,7.85,7.45,7.45,5018,0
20131125,7.75,7.75,7.31,7.36,6192,0
20131126,7.68,7.68,7.35,7.36,991,0
20131127,7.7,7.7,7.4,7.4,99,0
20131128,7.31,7.6,7.3,7.6,1037,0
20131129,7.5,7.5,7.45,7.45,347,0
20131202,7.45,7.45,6.96,7.03,16869,0
20131203,7.04,7.27,6.66,6.83,3099,0
20131204,7,7,6.66,6.7,2812,0
20131205,6.56,6.6,6.4,6.6,7420,0
20131206,6.6,6.84,6.6,6.75,2290,0
20131209,6.6,6.85,6.6,6.82,2550,0
20131210,6.94,6.94,6.52,6.78,11421,0
20131211,6.95,6.95,6.8,6.8,29,0
20131212,6.75,6.75,6.53,6.75,391,0
20131213,6.47,6.94,6.47,6.94,3951,0
20131216,6.95,6.95,6.66,6.66,415,0
20131217,6.95,6.95,6.39,6.39,8079,0
20131218,6.4,6.63,6.4,6.55,1252,0
20131219,6.9,6.9,6.42,6.5,9647,0
20131220,6.29,6.79,6.29,6.79,6331,0
20131223,6.8,6.8,6.33,6.8,6799,0
20131227,6.98,6.98,6.97,6.97,22,0
20131230,6.9,7.1,6.75,7.1,6015,0
20140102,7.35,7.35,6.9,6.9,2865,0
20140103,7,7,6.9,6.9,725,0
20140107,6.94,6.94,6.9,6.94,3580,0
20140108,6.92,6.92,6.85,6.85,332,0
20140109,6.8,6.9,6.7,6.9,1519,0
20140110,6.9,6.9,6.88,6.88,446,0
20140113,6.66,6.9,6.51,6.9,621,0
20140114,6.89,6.9,6.87,6.9,1708,0
20140115,6.9,6.9,6.8,6.84,242,0
20140116,6.88,6.88,6.85,6.88,347,0
20140117,6.88,6.89,6.59,6.89,270,0
20140120,6.85,6.9,6.8,6.89,15522,0
20140121,6.9,6.9,6.85,6.88,6081,0
20140122,6.9,6.9,6.8,6.89,2747,0
20140123,6.89,6.89,6.8,6.87,577,0
20140124,6.89,6.89,6.63,6.8,1874,0
20140127,6.89,6.9,6.63,6.83,1257,0
20140128,6.85,6.85,6.73,6.84,38,0
20140129,6.85,6.85,6.78,6.85,2028,0
20140130,6.85,6.85,6.85,6.85,18,0
20140131,6.85,6.85,6.78,6.85,255,0
20140203,6.9,6.9,6.85,6.85,1086,0
20140204,6.9,6.9,6.8,6.8,84,0
20140205,6.85,6.85,6.81,6.81,25,0
20140206,6.81,6.81,6.61,6.74,3504,0
20140207,6.81,6.81,6.67,6.8,1751,0
20140210,6.89,6.89,6.62,6.65,1766,0
20140211,6.7,6.7,6.66,6.67,286,0
20140212,6.7,6.84,6.69,6.77,3305,0
20140213,6.85,6.85,6.68,6.75,303,0
20140214,6.84,6.84,6.76,6.8,207,0
20140217,6.66,6.81,6.66,6.81,1275,0
20140218,6.81,6.81,6.64,6.79,3046,0
20140219,6.79,6.79,6.67,6.79,774,0
20140220,6.73,6.73,6.64,6.66,2719,0
20140221,6.73,6.73,6.66,6.66,244,0
20140224,6.66,6.73,6.66,6.73,2169,0
20140225,6.73,6.85,6.51,6.52,7487,0
20140226,6.78,6.79,6.51,6.51,2392,0
20140227,6.79,6.81,6.51,6.66,1343,0
20140228,6.67,6.79,6.63,6.79,1076,0
20140303,6.52,6.78,6.35,6.4,4017,0
20140304,6.4,6.85,6.4,6.58,626,0
20140305,6.85,6.85,6.61,6.79,311,0
20140306,6.73,6.75,6.6,6.6,1474,0
20140307,6.85,6.85,6.5,6.75,1947,0
20140310,6.85,6.85,6.47,6.47,1220,0
20140311,6.67,6.79,6.64,6.79,964,0
20140312,6.68,6.78,6.65,6.78,1279,0
20140313,6.84,6.84,6.62,6.62,15825,0
20140314,6.75,6.75,6.4,6.54,3363,0
20140317,6.54,6.66,6.47,6.66,3755,0
20140318,6.85,6.85,6.46,6.46,3780,0
20140319,6.73,6.8,6.15,6.3,13448,0
20140320,6.52,6.52,6,6.1,5603,0
20140321,6.4,6.48,6,6,3821,0
20140324,6.38,6.38,5.89,6,8139,0
20140325,6.25,6.25,5.99,6,13617,0
20140326,6.21,6.21,6,6,11732,0
20140327,6.25,6.25,6,6,1384,0
20140328,6.2,6.2,5.86,5.86,4674,0
20140331,6.1,6.2,6,6,212,0
20140401,6.19,6.19,5.96,5.96,388,0
20140402,6.11,6.11,5.9,6,1766,0
20140403,6.11,6.11,5.93,6,6127,0
20140404,6.1,6.11,5.99,6,1636,0
20140407,6.11,6.11,5.97,6,544,0
20140408,6,6,5.88,6,2351,0
20140409,6,6,5.96,5.96,1504,0
20140410,6.09,6.1,5.95,6.1,795,0
20140411,6.1,6.1,6.1,6.1,1000,0
20140414,6.1,6.1,6,6,40,0
20140415,6.1,6.1,5.9,5.99,2459,0
20140416,6.09,6.1,5.94,6.02,414,0
20140417,6.1,6.1,5.8,6.04,2110,0
20140422,6.09,6.09,5.82,5.99,2063,0
20140423,6,6,5.8,5.96,2235,0
20140424,5.97,5.97,5.96,5.96,14,0
20140425,5.97,5.98,5.96,5.96,8,0
20140428,5.94,5.95,5.76,5.95,620,0
20140429,5.98,6,5.8,5.95,388,0
20140430,5.79,5.95,5.75,5.9,783,0
20140502,5.9,5.9,5.9,5.9,13,0
20140505,5.9,5.9,5.9,5.9,11,0
20140506,5.9,5.9,5.8,5.83,565,0
20140507,5.83,5.89,5.8,5.89,2475,0
20140508,5.81,5.89,5.75,5.76,10038,0
20140509,5.8,5.8,5.6,5.79,5019,0
20140512,5.91,6.04,5.91,5.96,44273,0
20140513,5.95,5.95,5.86,5.86,957,0
20140514,5.9,5.9,5.86,5.86,44,0
20140515,5.8,5.9,5.75,5.77,1533,0
20140516,5.71,6.04,5.71,5.89,3964,0
20140519,6.09,6.09,5.89,5.9,17,0
20140520,5.9,5.9,5.88,5.88,430,0
20140521,5.88,6.05,5.8,5.89,8474,0
20140522,5.89,5.98,5.79,5.83,73292,0
20140523,5.84,6.01,5.62,5.88,73596,0
20140526,5.8,5.98,5.8,5.89,6561,0
20140527,5.85,5.9,5.72,5.83,4877,0
20140528,5.83,5.83,5.4,5.54,26708,0
20140529,5.6,5.85,5.58,5.6,3829,0
20140530,5.85,5.85,5.56,5.6,8429,0
20140602,5.68,5.68,5.59,5.6,2858,0
20140603,5.61,5.61,5.45,5.6,5422,0
20140604,5.58,5.58,5.22,5.45,13188,0
20140605,5.44,5.59,5.35,5.58,9050,0
20140606,5.66,5.67,5.51,5.67,461,0
20140609,5.71,5.71,5.59,5.59,2495,0
20140610,5.51,5.55,5.25,5.49,11423,0
20140611,5.64,5.64,5.45,5.51,19786,0
20140612,5.6,5.69,5.53,5.69,17139,0
20140613,5.55,5.83,5.55,5.8,4539,0
