Date,Open,High,Low,Close,Volume,OpenInt
20030115,9.695,9.695,9.695,9.695,103,0
20030116,9.2106,9.2106,9.2106,9.2106,52,0
20030117,9.2106,9.2106,9.2106,9.2106,52,0
20030224,7.1746,7.1746,7.1746,7.1746,2645,0
20030225,9.1137,9.1137,9.1137,9.1137,36,0
20030226,5.6233,5.6233,5.6233,5.6233,5609,0
20030304,5.6233,5.6233,4.8477,4.8477,12604,0
20030305,4.8477,4.8477,4.8477,4.8477,516,0
20030310,5.5264,5.5264,4.8477,4.8477,12893,0
20030312,4.8477,4.8477,4.8477,4.8477,928,0
20030317,5.4294,5.4294,4.8477,4.8477,11346,0
20030321,4.8477,4.8477,4.8477,4.8477,3610,0
20030324,5.2355,5.2355,4.8477,4.8477,10016,0
20030325,4.8477,4.8477,4.8477,4.8477,556,0
20030326,5.0901,5.0901,5.0901,5.0901,544,0
20030328,5.0901,5.0901,5.0901,5.0901,1733,0
20030331,4.8477,4.8477,4.8477,4.8477,686,0
20030408,5.3325,6.7868,5.3325,6.7868,1720,0
20030409,8.338,9.2106,5.8172,5.8172,2032,0
20030410,8.7258,8.7258,5.8172,5.8172,1341,0
20030417,5.5264,5.5264,5.5264,5.5264,578,0
20030423,6.7868,6.7868,6.7868,6.7868,103,0
20030424,6.302,6.6898,6.302,6.6898,772,0
20030425,4.8962,4.8962,4.8962,4.8962,199,0
20030505,4.8477,4.8477,4.8477,4.8477,95,0
20030512,4.8477,4.8477,4.8477,4.8477,8,0
20030514,4.8477,4.8477,4.8477,4.8477,230,0
20030515,5.5264,5.5264,5.5264,5.5264,1,0
20030523,5.3325,5.3325,5.3325,5.3325,301,0
20030526,5.8172,5.8172,5.8172,5.8172,516,0
20030527,5.3325,5.3325,5.3325,5.3325,516,0
20030528,6.302,6.302,5.8172,5.8172,740,0
20030529,5.7688,5.9142,5.7688,5.8172,1444,0
20030602,7.7563,9.55,6.0111,6.9807,108508,0
20030603,6.8352,6.8352,6.7868,6.7868,464,0
20030604,7.2715,7.2715,7.2715,7.2715,1599,0
20030623,4.9931,4.9931,4.8477,4.8477,151,0
20030627,6.7868,6.7868,6.7868,6.7868,126,0
20030701,6.7868,6.7868,6.7868,6.7868,286,0
20030708,6.7868,6.7868,6.7868,6.7868,85,0
20030710,6.205,6.205,6.205,6.205,218,0
20030721,8.435,8.435,8.435,8.435,1960,0
20030724,4.8962,4.9446,4.8477,4.9446,975,0
20030725,5.8657,5.8657,5.8657,5.8657,342,0
20030728,6.6898,6.6898,6.6898,6.6898,516,0
20030801,5.9142,6.0111,5.9142,6.0111,1924,0
20030805,6.399,6.399,6.399,6.399,1044,0
20030808,6.302,6.302,6.302,6.302,928,0
20030811,6.302,6.302,6.302,6.302,535,0
20030812,5.8172,6.302,5.8172,6.302,619,0
20030814,5.8657,5.8657,5.8657,5.8657,195,0
20030818,5.8172,5.9142,5.8172,5.9142,1734,0
20030819,5.8172,5.8172,5.8172,5.8172,309,0
20030820,5.8172,5.8172,5.8172,5.8172,7267,0
20030821,5.8172,5.8172,5.8172,5.8172,1004,0
20030825,5.8172,5.8172,5.8172,5.8172,1031,0
20030918,5.9142,5.9142,5.9142,5.9142,157,0
20030926,4.8962,5.9627,4.8962,5.9627,1801,0
20030929,4.9446,4.9446,4.9446,4.9446,86,0
20031013,5.8172,5.8172,5.8172,5.8172,95,0
20031014,6.302,6.302,6.0111,6.0111,1111,0
20031015,6.2535,6.2535,5.8172,5.8172,200,0
20031017,6.2535,6.302,6.2535,6.302,1547,0
20031020,6.302,6.6898,6.302,6.6898,1386,0
20031021,6.6898,6.6898,6.6898,6.6898,309,0
20031023,6.6898,7.6594,6.6898,7.6109,886,0
20031027,6.7868,6.7868,6.7868,6.7868,1031,0
20031029,7.6109,7.7563,7.6109,7.7563,1238,0
20031031,7.5624,7.6109,7.5624,7.6109,2278,0
20031103,7.6109,7.6109,7.6109,7.6109,309,0
20031104,7.5624,7.5624,7.5624,7.5624,516,0
20031112,7.5624,7.5624,7.5624,7.5624,1547,0
20031113,7.6594,7.6594,7.6109,7.6109,1022,0
20031114,7.7078,7.7078,7.7078,7.7078,946,0
20031126,6.205,6.205,6.205,6.205,309,0
20031201,7.5624,7.5624,6.205,6.205,1887,0
20031202,6.205,6.9807,6.205,6.9807,1581,0
20031204,7.2715,7.2715,7.2715,7.2715,361,0
20031209,7.5624,7.7078,7.5624,7.7078,2063,0
20031215,7.5624,7.5624,7.5624,7.5624,31,0
20031217,8.1441,8.1441,8.1441,8.1441,1166,0
20031218,8.1441,8.1441,7.5624,7.5624,3170,0
20031223,8.1441,8.2411,8.1441,8.2411,2779,0
20031229,8.1441,8.6289,8.1441,8.6289,3919,0
20031230,8.6289,8.6289,8.6289,8.6289,131,0
20031231,9.1137,9.1137,9.1137,9.1137,1031,0
20040102,9.1137,9.1137,9.1137,9.1137,258,0
20040106,8.7258,8.7258,8.7258,8.7258,309,0
20040107,8.7258,8.7258,8.7258,8.7258,206,0
20040113,8.7258,8.7258,8.7258,8.7258,1086,0
20040121,7.9502,7.9502,7.9502,7.9502,210,0
20040122,8.7258,8.7258,8.7258,8.7258,206,0
20040123,9.1137,13.574,9.1137,13.574,2101,0
20040127,9.598,9.598,9.598,9.598,151,0
20040130,9.3076,9.3076,9.3076,9.3076,155,0
20040202,9.3076,9.598,9.3076,9.598,113,0
20040203,9.598,9.598,9.598,9.598,206,0
20040204,9.598,9.598,9.3076,9.3076,355,0
20040205,9.2106,9.356,9.2106,9.356,309,0
20040206,9.695,10.083,9.695,10.083,919,0
20040209,10.083,10.083,9.695,10.083,1430,0
20040210,10.083,10.277,10.083,10.277,1547,0
20040211,10.18,10.18,10.18,10.18,2063,0
20040212,9.695,10.132,9.695,10.132,1437,0
20040218,10.035,10.035,10.035,10.035,650,0
20040224,9.938,9.938,9.938,9.938,516,0
20040226,7.1261,8.8228,7.1261,8.8228,949,0
20040227,7.7563,9.55,7.7563,9.55,950,0
20040301,7.0292,8.2411,7.0292,8.2411,3486,0
20040302,9.1137,9.502,8.9198,9.502,721,0
20040303,9.3076,9.3076,9.2106,9.2106,1009,0
20040304,9.2106,9.3076,8.7258,9.2106,4442,0
20040305,9.1137,9.502,5.3325,9.2106,21971,0
20040308,9.2106,9.3076,9.2106,9.2106,4787,0
20040309,9.3076,9.453,9.3076,9.453,2527,0
20040310,9.2106,9.2106,9.2106,9.2106,516,0
20040311,9.2106,9.2106,9.2106,9.2106,691,0
20040312,9.0167,9.2106,9.0167,9.0167,676,0
20040315,8.7258,8.7743,8.7258,8.7743,1031,0
20040316,8.8228,9.0167,8.8228,8.8228,1134,0
20040318,9.0167,9.0652,9.0167,9.0652,2475,0
20040319,9.0167,9.1137,8.8228,8.9682,1854,0
20040323,9.0167,9.0167,9.0167,9.0167,206,0
20040324,9.0652,9.0652,9.0167,9.0167,1343,0
20040326,9.0167,9.1137,9.0167,9.1137,1599,0
20040329,9.1137,14.495,9.1137,9.55,1040,0
20040330,11.635,11.635,10.18,10.18,361,0
20040331,10.665,10.859,10.665,10.859,310,0
20040401,10.859,10.956,10.277,10.277,1331,0
20040402,10.326,10.665,10.277,10.665,4466,0
20040405,10.713,11.635,10.713,11.635,1220,0
20040406,11.538,12.119,11.538,11.635,12707,0
20040407,11.974,12.119,11.683,12.119,7482,0
20040408,11.683,12.119,11.683,12.119,1150,0
20040413,11.731,12.507,11.731,12.022,10395,0
20040414,12.071,12.119,12.022,12.119,2160,0
20040415,12.216,12.216,12.119,12.216,980,0
20040416,12.119,12.216,11.828,11.828,3709,0
20040419,11.635,11.683,11.635,11.683,99,0
20040420,12.216,12.216,11.828,12.022,5260,0
20040421,12.119,12.119,11.683,12.119,5799,0
20040422,11.635,12.216,11.635,12.216,3632,0
20040423,12.216,12.507,11.828,12.507,2500,0
20040426,12.507,13.574,12.507,13.574,11291,0
20040427,13.574,14.543,13.574,14.543,997,0
20040428,14.64,16.482,14.64,16.482,5790,0
20040429,16.288,18.809,15.852,17.452,1653,0
20040430,17.355,17.355,16.482,17.258,1378,0
20040504,14.786,16.482,11.974,16.482,2574,0
20040505,15.513,15.513,15.513,15.513,143,0
20040506,15.513,16.385,14.446,16.385,176,0
20040507,16.385,17.452,16.385,17.452,444,0
20040510,17.452,17.452,16.967,16.967,980,0
20040511,15.997,16.482,15.997,16.482,186,0
20040512,16.482,16.482,16.482,16.482,1,0
20040513,15.513,16.482,14.689,16.482,382,0
20040518,16.482,16.482,15.997,15.997,493,0
20040519,15.513,17.161,15.513,17.161,519,0
20040520,17.452,18.809,17.452,18.809,3171,0
20040521,19.342,19.342,17.937,18.906,646,0
20040524,19.342,20.263,19.342,19.342,1806,0
20040525,19.391,19.391,18.906,19.391,1080,0
20040526,20.263,21.815,19.391,21.815,17717,0
20040527,23.754,24.239,21.815,21.815,629,0
20040528,23.269,23.269,19.876,22.299,580,0
20040531,21.815,23.269,21.815,23.269,2054,0
20040601,23.269,25.208,23.269,25.208,1720,0
20040602,25.208,26.081,24.239,25.693,1027,0
20040603,25.693,25.693,25.208,25.208,605,0
20040604,25.208,25.208,23.754,23.754,679,0
20040607,25.208,25.208,25.208,25.208,22,0
20040609,24.239,24.239,21.912,21.912,465,0
20040611,24.239,24.239,24.239,24.239,11,0
20040614,23.754,23.754,23.269,23.269,21,0
20040616,23.269,23.269,21.33,23.269,247,0
20040617,23.269,23.269,23.269,23.269,10,0
20040618,23.269,23.269,23.269,23.269,5,0
20040621,20.845,22.299,20.457,22.299,846,0
20040623,22.299,22.299,20.845,20.845,439,0
20040624,21.136,21.815,20.845,21.815,439,0
20040625,20.748,21.815,20.748,21.815,413,0
20040629,20.457,21.815,20.457,21.815,112,0
20040630,21.33,22.106,21.33,22.106,258,0
20040701,21.718,22.106,21.718,22.106,41,0
20040702,22.106,22.106,22.106,22.106,31,0
20040705,21.912,22.009,21.912,22.009,21,0
20040706,21.427,22.009,21.427,21.912,64,0
20040707,22.009,22.106,20.36,22.106,114,0
20040708,19.488,22.009,15.997,22.009,193,0
20040709,19.391,22.009,19.391,22.009,94,0
20040712,22.009,22.009,22.009,22.009,55,0
20040715,19.488,21.621,19.488,21.621,87,0
20040716,19.391,20.845,19.391,20.845,513,0
20040719,20.36,21.233,20.36,21.233,174,0
20040720,21.233,23.269,21.233,23.269,1796,0
20040723,19.876,23.172,19.876,23.172,599,0
20040726,23.269,23.269,21.33,23.172,2687,0
20040727,21.621,22.784,21.621,22.784,200,0
20040728,22.784,23.172,22.299,23.172,1006,0
20040729,19.876,19.876,19.876,19.876,33,0
20040730,22.687,22.687,22.687,22.687,53,0
20040803,22.202,22.299,20.36,22.299,645,0
20040804,20.166,22.106,20.166,22.106,396,0
20040805,21.621,22.299,20.845,22.299,346,0
20040806,22.299,22.299,22.299,22.299,41,0
20040810,20.845,22.202,20.845,22.202,187,0
20040811,20.845,20.845,20.36,20.36,41,0
20040812,20.263,20.263,19.391,19.391,1148,0
20040813,18.712,19.391,18.712,19.391,106,0
20040816,18.421,19.391,18.421,19.391,1032,0
20040817,18.421,19.391,18.421,19.391,2430,0
20040818,19.391,19.391,18.033,19.391,251,0
20040819,19.294,19.391,19.294,19.391,1186,0
20040820,19.391,21.233,19.391,21.136,2429,0
20040823,19.391,20.942,19.391,20.942,848,0
20040824,19.391,20.845,18.421,19.245,3690,0
20040825,18.518,18.518,18.421,18.421,731,0
20040826,17.452,19.245,17.452,19.245,1286,0
20040827,17.452,17.452,17.452,17.452,413,0
20040830,17.646,19.245,17.646,19.245,142,0
20040831,19.245,19.391,19.245,19.391,263,0
20040901,19.294,19.391,19.294,19.391,1031,0
20040902,19.391,19.488,19.391,19.488,1031,0
20040903,19.391,19.682,17.549,19.245,815,0
20040906,19.294,19.488,18.518,18.518,1423,0
20040907,18.664,19.197,18.664,19.197,104,0
20040908,19.1,19.1,19.1,19.1,206,0
20040909,18.809,19.391,18.615,19.391,207,0
20040910,18.664,18.664,18.421,18.615,578,0
20040913,18.421,18.421,16.773,17.452,1694,0
20040914,17.452,17.937,17.452,17.452,774,0
20040915,17.161,17.161,16.482,16.482,1306,0
20040916,15.997,15.997,14.543,14.543,3816,0
20040917,13.864,15.27,13.574,15.27,2259,0
20040920,15.852,15.852,15.076,15.513,310,0
20040921,15.513,16.337,15.513,16.337,103,0
20040923,15.513,15.513,15.513,15.513,311,0
20040924,15.513,16.725,15.513,16.725,487,0
20040928,16.531,16.531,16.531,16.531,165,0
20040929,15.804,16.531,15.028,16.385,943,0
20040930,16.337,16.434,16.337,16.434,289,0
20041001,16.385,16.434,16.385,16.434,316,0
20041005,16.385,17.258,16.385,17.258,1273,0
20041007,16.046,17.064,16.046,17.064,136,0
20041012,16.531,16.967,16.531,16.967,145,0
20041014,16.288,16.385,15.61,15.61,850,0
20041015,15.997,16.822,15.997,16.191,647,0
20041018,16.094,16.094,15.707,15.707,335,0
20041019,16.046,16.482,15.658,16.482,465,0
20041020,15.707,16.482,15.707,16.482,177,0
20041021,15.61,16.482,15.61,16.482,5,0
20041022,15.61,15.61,15.076,15.513,364,0
20041025,16.434,16.434,16.434,16.434,1,0
20041026,16.337,16.434,16.337,16.434,309,0
20041029,15.125,15.125,15.125,15.125,183,0
20041102,15.513,15.513,15.513,15.513,1588,0
20041103,16.191,16.967,16.191,16.967,731,0
20041105,15.61,15.61,14.155,15.222,2043,0
20041108,14.931,14.931,14.931,14.931,219,0
20041109,15.513,15.9,14.931,15.9,1185,0
20041112,14.931,14.931,14.543,14.931,71,0
20041115,14.931,15.319,14.931,15.319,723,0
20041117,14.931,14.931,14.931,14.931,704,0
20041119,15.173,16.967,15.173,16.482,2625,0
20041122,15.9,18.615,15.513,17.743,5082,0
20041123,17.84,18.809,17.84,17.937,5260,0
20041124,17.064,17.452,16.967,17.209,1059,0
20041125,17.791,18.761,17.791,18.761,619,0
20041126,18.518,18.518,17.403,18.421,1900,0
20041130,17.452,17.84,17.452,17.84,490,0
20041201,17.549,18.324,16.482,18.324,1136,0
20041202,16.579,18.227,16.579,18.227,294,0
20041203,16.967,18.13,16.967,18.13,1063,0
20041207,16.385,18.13,16.385,18.13,314,0
20041214,16.579,16.579,16.579,16.579,797,0
20041215,17.888,17.888,17.888,17.888,1,0
20041216,17.84,18.858,16.87,18.858,1894,0
20041220,17.743,17.743,17.743,17.743,155,0
20041221,17.452,17.452,17.064,17.064,294,0
20041222,18.324,18.712,18.324,18.712,120,0
20041223,17.646,18.712,17.646,18.712,119,0
20041227,17.743,18.712,17.743,18.712,534,0
20050105,18.373,18.421,18.13,18.13,413,0
20050106,18.227,18.227,18.227,18.227,120,0
20050111,18.13,18.421,18.13,18.421,192,0
20050112,17.597,17.597,17.597,17.597,114,0
20050113,17.597,18.082,17.597,18.082,1032,0
20050114,17.355,18.082,17.355,18.082,89,0
20050117,17.452,17.452,16.773,16.773,1253,0
20050118,16.482,17.84,16.482,17.84,5,0
20050119,16.967,17.646,16.967,17.646,104,0
20050120,17.646,17.646,17.646,17.646,103,0
20050121,17.161,17.646,17.064,17.646,1136,0
20050124,17.064,17.064,16.482,16.482,2063,0
20050125,16.385,17.403,16.385,17.403,981,0
20050126,16.385,16.385,16.385,16.385,206,0
20050127,16.482,17.403,16.482,17.403,228,0
20050128,15.997,16.482,15.852,16.482,871,0
20050131,15.852,17.306,15.61,17.306,1294,0
20050201,16.094,16.773,15.61,16.773,1032,0
20050202,16.482,16.482,16.482,16.482,516,0
20050203,15.804,16.482,15.707,16.482,1032,0
20050204,16.385,16.482,16.385,16.482,156,0
20050209,16.143,17.161,15.997,15.997,689,0
20050214,17.161,17.355,17.161,17.355,309,0
20050215,16.385,17.306,16.046,17.306,317,0
20050217,16.87,17.355,16.87,17.355,632,0
20050218,17.355,17.452,17.355,17.452,503,0
20050221,18.082,18.082,18.082,18.082,1,0
20050222,17.355,17.985,17.355,17.985,36,0
20050223,17.452,17.985,17.452,17.985,187,0
20050224,17.355,18.082,17.258,18.082,590,0
20050225,17.355,17.355,17.355,17.355,206,0
20050228,17.937,17.937,17.937,17.937,1,0
20050303,17.888,18.615,17.888,18.615,1217,0
20050304,16.967,17.743,16.967,17.646,1022,0
20050307,17.452,17.452,17.452,17.452,103,0
20050308,16.967,18.615,16.967,18.615,225,0
20050311,16.967,17.452,16.967,17.452,104,0
20050314,16.676,17.937,16.676,17.937,110,0
20050315,16.725,16.725,16.676,16.676,289,0
20050316,16.676,17.452,16.482,17.452,372,0
20050317,17.452,17.888,17.452,17.888,1288,0
20050318,17.452,17.937,17.258,17.646,1024,0
20050321,17.646,17.646,17.452,17.452,415,0
20050322,17.452,17.937,16.87,17.937,268,0
20050323,17.937,18.324,17.937,18.324,517,0
20050324,17.743,18.227,17.646,18.227,775,0
20050329,17.452,18.276,17.452,18.276,517,0
20050330,17.937,17.937,17.258,17.937,919,0
20050331,17.161,17.84,16.967,17.84,1455,0
20050401,17.064,17.937,17.064,17.937,1032,0
20050404,17.452,18.906,17.452,18.906,4093,0
20050405,17.549,18.421,17.452,18.421,399,0
20050406,18.421,18.615,17.452,18.615,2167,0
20050407,17.452,18.421,17.452,18.421,909,0
20050412,17.597,18.373,17.597,18.373,1585,0
20050413,17.597,18.227,17.549,18.227,1600,0
20050414,17.452,18.227,17.452,18.227,517,0
20050418,17.452,17.452,17.355,17.355,1898,0
20050419,17.452,17.452,16.967,16.967,2416,0
20050420,17.015,17.015,16.482,16.967,3062,0
20050421,17.84,18.082,17.452,17.937,1748,0
20050422,17.646,17.743,17.646,17.743,618,0
20050425,16.482,16.482,16.482,16.482,206,0
20050426,16.579,17.743,16.579,17.743,1010,0
20050427,16.773,17.258,16.579,17.258,1023,0
20050504,16.191,17.452,16.191,17.452,393,0
20050506,16.482,17.355,16.482,17.355,1245,0
20050509,17.258,17.355,16.531,16.531,3999,0
20050510,17.452,17.452,17.452,17.452,6,0
20050511,16.725,17.403,16.482,17.403,599,0
20050512,16.579,17.403,16.482,17.403,843,0
20050513,16.482,17.403,16.482,17.403,156,0
20050518,16.482,16.482,16.482,16.482,611,0
20050519,16.482,16.482,16.482,16.482,1378,0
20050520,16.385,16.385,16.385,16.385,271,0
20050523,17.209,17.209,17.209,17.209,774,0
20050524,17.209,17.549,17.209,17.549,1641,0
20050525,17.5,18.858,17.5,18.858,821,0
20050527,18.858,19.391,18.858,19.391,2682,0
20050530,19.391,20.263,19.391,20.07,2788,0
20050531,20.07,21.233,20.07,21.233,2483,0
20050601,21.33,21.912,21.33,21.718,2751,0
20050602,20.457,21.718,20.166,20.166,396,0
20050603,20.07,20.07,18.47,19.391,1279,0
20050606,19.876,19.876,19.876,19.876,183,0
20050607,20.845,21.621,18.809,21.136,435,0
20050608,18.906,20.166,18.13,20.166,829,0
20050609,20.166,22.202,20.166,22.202,1238,0
20050610,20.942,21.33,20.942,21.136,482,0
20050613,19.294,21.233,19.294,21.233,163,0
20050614,19.003,20.36,19.003,20.36,283,0
20050616,18.906,20.166,17.452,20.07,2993,0
20050623,19.876,20.07,19.391,19.391,737,0
20050624,19.391,21.524,19.391,19.391,2252,0
20050627,21.233,21.233,21.233,21.233,3,0
20050629,20.36,20.36,20.36,20.36,927,0
20050630,20.36,20.36,19.488,19.488,164,0
20050701,19.488,20.36,19.488,20.36,393,0
20050704,20.36,20.36,20.36,20.36,175,0
20050706,19.585,19.585,19.391,19.391,1031,0
20050707,19.488,19.488,19.391,19.391,598,0
20050708,19.391,19.391,17.549,18.13,1319,0
20050711,17.646,19.682,17.452,19.682,746,0
20050713,18.421,18.421,18.421,18.421,516,0
20050714,17.646,18.421,17.452,18.421,719,0
20050715,18.421,18.421,17.452,17.452,1344,0
20050718,17.597,17.597,17.597,17.597,103,0
20050720,17.937,17.937,17.937,17.937,567,0
20050721,17.937,17.937,17.937,17.937,113,0
20050722,17.937,17.937,17.937,17.937,60,0
20050725,17.937,17.937,17.937,17.937,59,0
20050729,18.664,18.712,18.664,18.712,119,0
20050801,17.452,17.452,17.452,17.452,384,0
20050804,18.421,18.421,18.421,18.421,2,0
20050805,17.549,17.549,17.549,17.549,309,0
20050808,17.064,17.064,17.015,17.015,722,0
20050810,16.628,16.967,16.482,16.482,2764,0
20050811,16.531,16.531,16.531,16.531,258,0
20050812,16.531,16.531,16.385,16.385,1444,0
20050816,15.997,17.403,15.997,17.403,230,0
20050819,16.482,16.482,16.482,16.482,516,0
20050824,16.482,16.482,16.046,16.288,722,0
20050825,16.046,16.434,15.997,16.434,521,0
20050826,16.046,16.046,16.046,16.046,103,0
20050829,15.561,15.561,15.513,15.513,88,0
20050830,16.094,16.482,15.513,15.513,1135,0
20050901,15.997,15.997,15.755,15.755,237,0
20050902,15.755,15.755,15.513,15.513,877,0
20050907,15.513,16.385,15.513,15.707,286,0
20050912,15.561,15.561,15.561,15.561,413,0
20050913,16.046,16.046,16.046,16.046,62,0
20050915,16.385,16.385,16.385,16.385,103,0
20050923,18.033,18.033,18.033,18.033,1667,0
20050928,17.355,18.033,17.355,18.033,103,0
20050929,15.076,17.306,13.574,17.306,1279,0
20051012,16.628,16.628,16.628,16.628,124,0
20051024,15.513,15.513,15.513,15.513,289,0
20051025,15.513,15.513,15.513,15.513,424,0
20051103,15.707,15.707,15.513,15.513,155,0
20051107,14.882,14.882,14.882,14.882,31,0
20051114,14.155,14.155,14.107,14.107,206,0
20051116,14.155,14.155,14.107,14.107,385,0
20051123,13.234,13.234,13.234,13.234,5,0
20051124,13.234,13.234,13.089,13.089,224,0
20051125,13.089,13.961,12.119,13.961,182,0
20051128,14.931,14.931,14.931,14.931,5157,0
20051206,12.604,12.604,12.119,12.119,783,0
20051212,12.313,12.313,12.313,12.313,1,0
20051215,12.41,12.41,12.41,12.41,3182,0
20051219,12.701,12.701,12.604,12.604,1223,0
20051220,12.604,12.701,12.604,12.653,9623,0
20051221,12.943,12.943,12.943,12.943,7220,0
20051227,13.574,13.574,13.574,13.574,2063,0
20051228,13.089,13.089,13.089,13.089,1,0
20051230,13.137,13.137,13.137,13.137,619,0
20060102,13.574,13.574,13.574,13.574,103,0
20060103,13.622,14.592,13.622,14.543,333,0
20060104,14.398,14.543,13.574,13.574,1416,0
20060105,13.574,14.204,12.556,14.204,5108,0
20060109,14.204,14.204,14.204,14.204,9,0
20060111,14.495,14.495,13.137,13.137,201,0
20060112,13.186,13.186,12.749,12.749,361,0
20060113,12.604,12.604,12.604,12.604,261,0
20060116,14.058,14.058,14.058,14.058,144,0
20060117,12.604,12.604,12.604,12.604,103,0
20060118,13.574,13.574,13.574,13.574,1,0
20060119,12.604,12.604,12.604,12.604,413,0
20060120,13.574,13.574,13.525,13.525,52,0
20060123,13.525,13.525,12.604,12.604,88,0
20060125,13.477,13.574,13.477,13.574,1048,0
20060206,13.574,14.737,13.574,14.737,1882,0
20060207,14.543,14.543,14.543,14.543,219,0
20060209,14.689,14.737,14.689,14.737,722,0
20060210,14.543,14.543,14.543,14.543,286,0
20060213,14.543,15.513,14.543,15.513,319,0
20060215,14.543,14.931,13.622,13.622,685,0
20060216,14.446,14.543,12.653,12.653,5901,0
20060217,12.701,13.525,11.731,13.525,4092,0
20060224,12.604,12.604,12.604,12.604,53,0
20060228,14.107,14.107,14.107,14.107,1,0
20060302,13.089,13.089,13.089,13.089,44,0
20060309,12.604,12.604,12.604,12.604,340,0
20060310,12.119,12.119,12.119,12.119,147,0
20060316,12.119,12.119,12.119,12.119,122,0
20060320,12.216,12.216,12.216,12.216,454,0
20060322,12.265,12.265,12.216,12.216,1289,0
20060324,12.362,12.362,12.362,12.362,516,0
20060327,12.604,12.604,12.604,12.604,75,0
20060328,12.604,12.604,12.604,12.604,516,0
20060403,12.604,12.604,12.604,12.604,825,0
20060411,14.058,14.058,14.058,14.058,1,0
20060413,14.058,16.967,14.058,16.967,922,0
20060421,13.574,13.574,13.234,13.234,881,0
20060427,14.058,14.058,14.058,14.058,52,0
20060502,14.252,14.252,14.252,14.252,1937,0
20060508,12.604,12.604,12.313,12.313,309,0
20060510,13.477,13.477,13.477,13.477,722,0
20060512,13.574,13.864,13.574,13.864,134,0
20060518,13.574,13.622,13.186,13.186,4126,0
20060523,12.701,13.574,12.701,13.574,1475,0
20060524,13.574,13.574,13.574,13.574,47,0
20060525,12.749,13.767,12.749,13.767,833,0
20060526,13.767,13.816,13.767,13.816,1031,0
20060602,14.543,14.543,14.543,14.543,1031,0
20060607,14.543,14.543,14.543,14.543,206,0
20060608,14.979,15.028,14.979,15.028,825,0
20060612,13.574,13.574,13.574,13.574,155,0
20060613,13.574,13.622,13.574,13.574,1101,0
20060614,13.04,13.04,13.04,13.04,114,0
20060619,13.089,13.089,13.089,13.089,465,0
20060622,14.398,14.543,14.398,14.543,175,0
20060626,14.543,14.543,14.543,14.543,920,0
20060630,14.446,14.543,14.446,14.543,516,0
20060704,14.543,14.543,14.543,14.543,144,0
20060707,14.64,14.64,14.64,14.64,118,0
20060710,14.64,14.64,14.64,14.64,5157,0
20060721,14.543,14.543,14.543,14.543,103,0
20060803,13.864,13.864,13.864,13.864,475,0
20060807,14.252,15.028,14.252,15.028,928,0
20060808,15.028,15.028,15.028,15.028,567,0
20060810,14.592,14.592,14.543,14.543,387,0
20060817,14.543,14.737,14.543,14.737,180,0
20060818,14.543,14.543,14.543,14.543,1587,0
20060821,14.834,14.834,14.834,14.834,77,0
20060823,14.543,14.834,14.543,14.834,203,0
20060824,14.979,15.028,14.979,15.028,1291,0
20060828,14.543,14.543,14.543,14.543,983,0
20060830,15.028,15.028,15.028,15.028,1557,0
20060831,15.222,15.513,15.222,15.513,877,0
20060901,16.482,16.482,16.482,16.482,646,0
20060905,18.033,18.033,18.033,18.033,399,0
20060907,16.967,16.967,16.967,16.967,103,0
20060908,17.937,17.937,16.967,16.967,206,0
20060911,17.452,17.452,16.967,16.967,335,0
20060912,16.967,16.967,16.967,16.967,64,0
20060918,15.997,15.997,15.997,15.997,31,0
20060919,15.513,15.513,15.513,15.513,157,0
20060928,16.967,16.967,16.967,16.967,103,0
20061003,15.513,15.513,15.513,15.513,206,0
20061010,15.707,17.258,15.513,17.258,4177,0
20061011,16.482,16.482,16.482,16.482,103,0
20061012,16.482,16.967,16.482,16.967,1238,0
20061013,15.658,15.658,15.658,15.658,696,0
20061016,17.452,18.373,17.403,18.373,1266,0
20061018,18.421,18.421,18.421,18.421,516,0
20061019,16.87,16.87,16.87,16.87,619,0
20061020,18.421,18.47,16.919,16.919,622,0
20061023,18.421,18.421,16.967,16.967,2147,0
20061026,17.452,17.452,17.452,17.452,392,0
20061030,18.906,18.906,17.112,18.906,1361,0
20061031,18.712,21.33,18.712,19.391,7016,0
20061102,21.233,21.233,19.391,19.391,113,0
20061106,21.233,21.233,19.391,19.391,124,0
20061107,21.815,22.106,19.876,22.106,207,0
20061108,19.391,19.391,19.391,19.391,836,0
20061109,19.391,19.391,19.391,19.391,52,0
20061115,18.421,18.421,18.421,18.421,66,0
20061116,19.391,19.391,19.391,19.391,66,0
20061117,19.779,19.779,19.779,19.779,1031,0
20061120,19.779,19.779,19.779,19.779,140,0
20061121,19.779,19.779,19.779,19.779,21,0
20061123,18.567,18.567,18.567,18.567,1329,0
20061124,17.743,17.743,17.743,17.743,464,0
20061127,18.906,18.906,18.906,18.906,7400,0
20061129,18.421,18.421,17.888,17.888,526,0
20061130,17.985,17.985,17.985,17.985,10,0
20061206,17.985,18.421,17.985,18.421,1217,0
20061207,18.421,18.809,17.985,18.809,182,0
20061208,19.779,20.263,19.779,20.263,183,0
20061211,20.263,22.881,20.263,22.881,2919,0
20061212,21.524,24.142,18.906,23.269,4312,0
20061213,24.142,24.239,20.07,20.166,866,0
20061214,20.651,23.172,20.554,23.172,196,0
20061215,22.299,22.299,22.299,22.299,722,0
20061218,23.172,23.851,22.396,23.851,808,0
20061219,23.851,24.142,21.33,22.784,2243,0
20061220,22.299,22.299,19.391,19.391,639,0
20061221,19.585,19.585,19.488,19.488,188,0
20061227,23.172,24.239,23.172,23.269,652,0
20061228,24.142,24.142,23.657,23.657,249,0
20061229,21.427,22.299,21.33,22.299,650,0
20070102,24.142,24.239,24.142,24.239,217,0
20070103,24.142,24.239,24.142,24.239,227,0
20070104,24.239,25.111,24.239,24.432,933,0
20070105,25.208,25.402,25.014,25.402,2357,0
20070108,25.208,25.693,24.239,25.208,2212,0
20070109,26.178,27.147,25.208,27.147,510,0
20070110,27.05,28.989,26.178,28.989,2265,0
20070111,28.989,29.474,28.989,29.474,1101,0
20070112,29.474,31.122,29.474,30.056,2882,0
20070115,31.995,31.995,30.056,30.056,2882,0
20070116,30.25,30.25,28.504,28.601,557,0
20070117,30.056,30.056,27.147,29.086,808,0
20070118,29.086,30.056,28.117,29.959,720,0
20070119,30.056,30.056,28.214,30.056,950,0
20070122,30.541,30.541,27.147,30.056,1185,0
20070123,29.28,32.48,29.086,31.122,3396,0
20070124,32.48,32.48,31.025,31.025,1941,0
20070125,31.025,31.995,30.153,30.153,2224,0
20070126,29.183,30.056,29.183,29.959,371,0
20070129,29.086,29.959,28.117,28.601,392,0
20070130,28.601,29.086,24.432,28.117,1857,0
20070131,27.632,28.117,27.632,28.117,230,0
20070201,27.729,27.729,27.147,27.147,185,0
20070202,25.208,26.081,21.33,26.081,2468,0
20070205,25.693,26.081,24.335,26.081,218,0
20070206,25.693,26.081,25.208,25.305,1196,0
20070207,26.178,28.117,26.178,26.275,2353,0
20070208,27.826,27.826,26.759,27.147,380,0
20070209,26.372,27.05,26.275,27.05,508,0
20070212,29.862,29.862,27.729,28.408,918,0
20070213,29.086,30.056,29.086,29.571,1531,0
20070214,29.571,30.928,29.571,30.928,1557,0
20070215,31.025,33.934,31.025,33.934,2536,0
20070216,33.934,38.685,33.449,38.103,5303,0
20070219,37.812,47.507,37.812,47.41,9621,0
20070220,41.69,42.66,39.072,39.072,1613,0
20070221,41.205,41.302,38.782,39.266,2320,0
20070222,40.721,41.205,39.266,39.266,2599,0
20070223,40.236,40.624,37.23,39.266,819,0
20070226,39.751,40.721,38.782,40.721,6788,0
20070227,42.66,42.66,35.873,38.491,7421,0
20070228,36.843,41.69,34.031,39.266,3830,0
20070301,42.175,42.175,38.685,38.685,841,0
20070302,41.69,46.441,38.782,43.629,3390,0
20070305,39.751,43.629,39.751,41.69,1851,0
20070306,40.721,42.66,39.848,42.563,180,0
20070307,43.532,43.532,41.012,42.466,1292,0
20070308,40.721,42.369,38.782,38.782,2586,0
20070309,38.879,38.879,36.067,36.067,4432,0
20070312,37.327,37.327,32.867,32.867,7592,0
20070313,35.776,35.97,33.934,33.934,4321,0
20070314,33.934,38.491,33.837,33.934,3636,0
20070315,34.903,38.297,34.031,35.97,2290,0
20070316,37.23,39.751,37.23,38.976,2469,0
20070319,39.072,40.721,39.072,40.721,1356,0
20070320,41.69,43.145,41.69,42.563,1811,0
20070321,43.145,43.532,42.175,42.175,1931,0
20070322,42.66,42.757,41.593,41.787,4123,0
20070323,41.981,43.629,38.782,39.751,5148,0
20070326,41.69,44.405,40.042,40.042,2981,0
20070328,41.69,43.629,41.302,43.629,3881,0
20070329,43.435,44.114,43.435,44.114,1776,0
20070330,42.757,43.145,40.721,40.721,1456,0
20070402,40.818,41.69,39.751,41.69,709,0
20070403,40.721,40.721,40.721,40.721,561,0
20070404,40.721,41.205,39.751,40.43,1226,0
20070405,43.629,44.114,37.812,40.818,11370,0
20070410,44.114,48.283,43.629,47.023,1902,0
20070411,47.023,47.023,43.629,43.823,5177,0
20070412,44.599,44.599,43.145,43.629,2157,0
20070413,43.145,43.629,42.951,43.629,1392,0
20070416,45.471,46.538,43.726,43.823,3506,0
20070417,44.599,44.599,43.629,43.629,1739,0
20070418,44.599,46.053,43.629,43.823,3634,0
20070419,44.599,44.599,43.726,43.726,1255,0
20070420,44.502,44.599,43.726,43.726,845,0
20070423,44.599,45.762,43.629,44.696,3911,0
20070424,44.599,45.568,43.823,43.823,778,0
20070425,45.374,45.471,43.435,45.471,2504,0
20070426,45.568,45.956,43.726,45.956,2431,0
20070427,45.568,45.859,43.726,43.726,2744,0
20070430,44.793,44.793,43.823,43.823,2444,0
20070502,46.538,46.538,46.441,46.441,5645,0
20070504,46.538,51.386,46.538,51.386,1647,0
20070507,49.447,58.075,49.447,55.264,4989,0
20070508,55.942,57.978,52.355,52.355,3275,0
20070509,54.294,54.294,49.737,49.737,2000,0
20070510,51.386,53.325,50.416,50.416,605,0
20070511,53.809,53.809,48.962,51.386,404,0
20070514,49.447,52.355,49.447,52.355,546,0
20070515,51.192,51.87,49.447,51.386,2402,0
20070516,52.355,53.325,49.447,51.289,1743,0
20070517,50.707,50.707,48.962,48.962,1543,0
20070518,48.574,48.962,45.665,46.538,3655,0
20070521,47.217,48.089,46.635,47.314,1335,0
20070522,47.023,48.477,47.023,48.477,1971,0
20070523,49.447,49.447,49.447,49.447,334,0
20070524,49.447,50.416,48.574,50.416,5116,0
20070525,49.447,50.416,49.447,50.416,290,0
20070528,50.416,52.355,50.416,52.161,1550,0
20070529,52.355,53.228,51.87,52.937,2080,0
20070530,53.228,54.003,52.937,54.003,1515,0
20070531,54.003,54.294,53.325,54.294,664,0
20070601,54.197,57.203,54.197,56.233,2465,0
20070604,57.203,60.111,56.233,60.111,2951,0
20070605,61.566,62.438,60.596,61.954,1690,0
20070606,59.336,61.372,58.172,59.239,2204,0
20070608,59.142,59.336,59.142,59.239,499,0
20070611,60.887,62.438,60.208,62.341,1750,0
20070612,63.02,64.377,62.051,64.377,1062,0
20070613,64.377,70.582,64.377,70.582,3799,0
20070614,72.715,75.624,71.746,72.425,2608,0
20070615,73.685,76.594,71.746,76.109,3319,0
20070618,77.563,83.38,77.563,83.283,1105,0
20070619,83.574,87.259,83.283,86.289,3327,0
20070620,85.319,88.228,84.253,84.35,1023,0
20070621,84.35,85.804,83.38,84.544,1118,0
20070622,83.477,87.259,82.605,86.289,3158,0
20070625,86.289,86.289,82.411,84.447,1351,0
20070626,82.411,82.411,76.594,77.563,5364,0
20070627,79.017,79.017,76.594,76.594,2724,0
20070628,77.563,77.66,76.594,77.66,1042,0
20070629,78.533,78.533,77.078,77.175,2669,0
20070702,78.533,78.533,75.624,76.594,171,0
20070703,76.981,78.048,76.594,76.594,1573,0
20070704,77.563,77.563,73.685,73.685,1087,0
20070705,76.109,76.594,74.267,75.042,722,0
20070706,76.594,76.594,74.461,75.624,1697,0
20070709,76.594,76.594,74.073,74.655,1318,0
20070711,76.594,82.411,76.594,76.594,3060,0
20070712,78.533,78.533,73.685,73.685,1015,0
20070713,74.267,74.267,69.807,69.807,902,0
20070716,69.807,70.001,65.056,65.444,840,0
20070717,66.51,69.128,66.51,69.128,986,0
20070718,70.873,74.655,69.807,73.782,1369,0
20070719,75.818,76.206,74.655,76.206,1798,0
20070720,76.206,76.303,75.43,75.43,434,0
20070723,72.715,74.17,72.619,74.17,158,0
20070724,74.17,76.109,74.17,75.624,3708,0
20070725,73.685,73.685,71.843,73.685,418,0
20070730,74.17,74.267,73.2,73.685,294,0
20070731,73.685,73.685,73.103,73.685,227,0
20070801,73.685,73.685,70.776,71.746,481,0
20070802,71.746,73.588,70.776,72.715,2592,0
20070803,73.588,73.588,70.873,71.067,388,0
20070806,73.685,77.563,72.715,77.563,1718,0
20070807,78.048,79.987,74.848,79.308,1390,0
20070808,77.563,77.563,75.624,75.624,463,0
20070809,75.818,75.818,74.655,75.139,273,0
20070810,74.17,74.17,70.776,71.746,230,0
20070813,67.868,71.746,67.868,71.746,59,0
20070814,67.868,71.746,67.868,71.746,167,0
20070816,67.868,67.868,64.862,64.862,1557,0
20070817,65.444,65.444,62.051,64.959,4142,0
20070820,64.959,66.026,62.051,63.99,1577,0
20070821,63.02,66.801,63.02,66.801,5273,0
20070822,66.801,67.868,64.862,67.868,3787,0
20070823,70.292,71.746,68.837,71.746,2457,0
20070824,77.563,93.076,74.655,92.3,6836,0
20070827,91.137,92.203,86.289,86.289,860,0
20070828,86.289,87.259,84.447,84.447,603,0
20070829,82.508,92.106,79.502,92.106,869,0
20070830,89.198,89.198,83.38,88.228,828,0
20070831,85.319,85.804,85.319,85.319,219,0
20070903,84.35,84.35,83.38,83.38,578,0
20070904,86.289,86.289,86.289,86.289,147,0
20070905,85.319,93.561,85.319,90.652,2305,0
20070906,86.483,90.07,85.416,90.07,769,0
20070907,89.198,91.137,84.35,87.743,561,0
20070910,82.411,87.162,71.746,84.544,632,0
20070911,84.35,88.228,84.35,88.228,663,0
20070912,86.968,89.004,86.677,88.228,802,0
20070913,88.228,91.137,88.228,89.101,1510,0
20070914,87.646,90.167,87.355,88.228,1743,0
20070917,90.167,91.137,88.228,89.585,463,0
20070918,89.585,89.585,87.84,88.713,681,0
20070919,90.167,95.79,89.101,95.79,4667,0
20070920,95.015,95.112,92.203,93.754,1549,0
20070921,93.076,93.851,92.3,92.3,105,0
20070924,96.178,97.923,93.851,96.954,3750,0
20070925,98.408,102.77,97.923,100.83,461,0
20070926,101.8,111.5,99.86,111.5,2001,0
20070927,111.5,113.92,96.954,110.53,5672,0
20070928,111.01,112.47,102.77,108.59,2652,0
20071001,105.68,108.59,101.8,108.59,676,0
20071002,102.29,106.65,101.8,106.65,822,0
20071003,105.68,108.59,105.68,108.59,2238,0
20071004,106.07,108.59,101.8,105.2,3823,0
20071005,105.68,108.59,103.74,108.59,1900,0
20071008,107.62,108.59,106.65,108.59,1632,0
20071009,108.59,108.59,105.68,108.1,1410,0
20071010,108.59,108.59,105.68,105.68,5507,0
20071011,106.65,108.59,105.68,108.49,3468,0
20071012,106.16,113.92,106.16,111.5,2313,0
20071015,112.47,115.86,108.59,113.24,1712,0
20071016,113.44,115.38,112.47,113.44,1115,0
20071017,117.31,117.31,107.62,112.27,6542,0
20071018,112.37,112.37,105.68,109.85,2563,0
20071019,103.74,108.59,101.8,108.39,3210,0
20071022,103.74,104.71,100.06,100.15,2925,0
20071023,102.77,104.71,102.67,103.74,1925,0
20071024,105.2,105.2,102.19,104.23,1492,0
20071025,101.32,101.8,97.245,100.64,7661,0
20071026,98.02,102.67,95.112,102.19,2324,0
20071029,101.8,102.67,101.32,102.67,643,0
20071030,100.83,103.45,99.86,102.38,996,0
20071031,102.38,102.38,98.99,101.41,701,0
20071102,99.57,102.29,99.57,102.29,842,0
20071105,100.83,104.61,99.86,104.23,1535,0
20071106,106.65,109.75,103.16,106.16,6968,0
20071107,106.55,106.55,94.336,94.336,2574,0
20071108,92.106,95.403,86.289,95.015,1991,0
20071109,95.984,95.984,88.325,94.627,2390,0
20071112,94.53,94.53,87.259,90.458,3010,0
20071113,88.325,92.882,85.319,92.106,927,0
20071114,94.53,94.53,91.137,92.106,669,0
20071115,88.034,89.198,83.526,86.677,3112,0
20071116,84.35,84.35,78.242,83.38,11161,0
20071119,80.957,83.186,79.017,83.186,1032,0
20071120,78.436,82.993,77.078,81.829,1614,0
20071121,77.951,80.957,75.236,80.957,867,0
20071122,76.594,83.38,72.715,82.023,2403,0
20071123,81.538,82.411,77.563,81.247,1110,0
20071126,80.908,80.957,77.854,79.987,386,0
20071127,78.436,78.533,76.157,78.533,1372,0
20071128,79.454,80.666,79.454,80.472,219,0
20071129,81.926,82.411,77.563,81.781,730,0
20071130,79.599,83.865,78.727,83.865,634,0
20071203,80.666,85.223,80.666,85.223,131,0
20071204,82.12,85.853,81.829,82.411,198,0
20071205,82.411,86.968,81.538,86.968,1721,0
20071206,87.259,87.259,82.896,82.896,561,0
20071207,82.993,85.998,82.702,85.998,369,0
20071210,85.998,87.162,82.459,87.162,274,0
20071211,86.095,86.095,82.896,82.896,248,0
20071212,82.411,84.253,80.472,84.253,284,0
20071213,82.411,83.38,80.52,83.283,482,0
20071214,83.09,83.09,80.472,82.799,140,0
20071217,78.63,81.441,78.533,81.344,1119,0
20071218,81.441,84.156,78.145,84.156,3028,0
20071219,78.533,80.423,72.812,76.594,4007,0
20071220,77.466,81.393,77.466,80.957,4840,0
20071221,81.344,81.393,79.502,79.502,1750,0
20071227,81.393,81.441,78.533,81.199,637,0
20071228,80.423,81.344,78.533,81.102,1061,0
20080102,74.751,81.441,74.751,78.533,369,0
20080103,77.369,78.436,77.369,77.563,2850,0
20080104,77.369,80.326,77.369,77.563,2265,0
20080107,76.594,77.563,75.624,75.624,98,0
20080108,77.563,77.563,76.109,77.563,1079,0
20080109,76.594,77.563,73.297,73.297,3077,0
20080110,74.364,74.364,68.546,72.57,2143,0
20080111,71.746,73.588,71.746,73.588,481,0
20080114,68.74,71.746,68.304,71.746,629,0
20080115,72.57,72.57,69.904,70.776,1889,0
20080116,69.904,71.552,66.026,68.837,2356,0
20080117,69.322,72.715,66.413,72.715,728,0
20080118,68.159,75.43,68.062,75.43,1919,0
20080121,68.546,72.715,66.898,71.067,438,0
20080122,71.164,75.43,67.577,75.43,626,0
20080123,69.564,72.57,69.516,72.57,382,0
20080124,69.904,72.667,69.807,72.57,1961,0
20080125,72.619,72.619,68.837,71.746,260,0
20080128,64.62,70.776,64.62,70.728,201,0
20080129,68.013,71.697,68.013,70.631,921,0
20080130,70.631,70.776,70.582,70.776,118,0
20080131,70.728,70.728,70.728,70.728,36,0
20080201,70.728,72.619,70.292,70.292,329,0
20080204,70.776,72.425,70.292,72.134,601,0
20080205,72.134,72.715,67.868,67.868,1154,0
20080206,67.868,72.037,67.868,72.037,34,0
20080207,68.934,71.455,68.837,71.455,231,0
20080208,70.582,70.582,70.582,70.582,15,0
20080211,71.455,72.715,69.807,72.715,777,0
20080212,72.715,76.448,72.425,76.448,374,0
20080213,72.715,74.655,71.746,74.655,209,0
20080214,74.073,74.073,73.685,74.073,366,0
20080215,74.655,76.4,72.134,74.655,2046,0
20080218,71.746,74.655,70.776,74.655,152,0
20080219,71.746,72.667,70.389,72.667,4389,0
20080220,69.516,72.667,69.467,72.667,521,0
20080221,71.746,73.54,71.649,73.394,1588,0
20080222,74.461,74.461,71.94,73.976,352,0
20080225,73.879,74.364,71.94,72.231,521,0
20080226,71.94,73.879,70.776,72.861,178,0
20080227,70.873,72.231,70.776,72.231,465,0
20080228,70.292,72.037,68.837,72.037,485,0
20080229,68.401,71.843,68.353,71.843,971,0
20080303,66.898,71.746,66.898,71.746,68,0
20080304,67.335,70.146,66.51,70.146,666,0
20080305,67.092,69.807,66.898,69.807,240,0
20080306,67.383,69.322,66.51,69.322,326,0
20080307,66.51,69.177,66.413,69.177,208,0
20080310,64.959,69.322,62.438,68.837,1284,0
20080311,68.837,68.837,68.837,68.837,21,0
20080312,67.868,67.868,67.868,67.868,143,0
20080313,67.674,67.674,67.674,67.674,21,0
20080314,66.704,67.771,66.704,67.771,32,0
20080319,67.674,67.674,65.347,67.383,26,0
20080320,65.347,66.365,63.99,66.365,113,0
20080325,66.22,69.322,66.22,69.322,189,0
20080326,67.868,67.868,67.868,67.868,10,0
20080327,67.771,67.868,67.286,67.868,45,0
20080328,67.286,68.983,66.413,66.413,84,0
20080331,63.311,66.316,63.02,63.99,586,0
20080401,63.99,66.316,63.99,66.316,815,0
20080402,64.959,64.959,64.523,64.959,72,0
20080403,64.668,66.413,63.311,66.413,427,0
20080408,64.474,64.959,64.426,64.426,375,0
20080409,64.765,66.365,64.765,66.365,31,0
20080410,65.735,66.268,63.02,66.268,839,0
20080411,64.814,66.365,64.814,66.365,810,0
20080414,63.359,65.444,63.117,63.117,185,0
20080415,65.347,67.722,64.184,66.656,260,0
20080416,65.929,65.929,65.929,65.929,10,0
20080418,64.959,67.868,64.959,67.771,1928,0
20080421,67.771,68.595,65.929,68.595,206,0
20080422,68.11,68.11,62.099,67.771,205,0
20080423,64.135,67.383,64.087,67.383,171,0
20080424,63.505,65.008,62.051,65.008,135,0
20080425,64.911,67.722,64.911,67.722,369,0
20080428,67.722,74.267,66.898,73.152,630541,0
20080429,72.715,73.637,69.807,69.807,163,0
20080430,69.807,73.54,69.807,72.715,113,0
20080505,69.322,72.667,68.353,68.449,668,0
20080506,68.353,68.353,68.353,68.353,20,0
20080507,68.256,68.256,68.256,68.256,72,0
20080508,65.929,65.929,63.99,63.99,268,0
20080512,62.051,62.196,62.051,62.147,206,0
20080513,62.196,63.02,62.147,63.02,109,0
20080514,59.287,62.002,59.287,61.566,329,0
20080516,59.239,61.517,58.172,61.469,489,0
20080520,62.923,62.923,62.923,62.923,1,0
20080523,58.172,58.172,58.172,58.172,28,0
20080526,60.839,60.839,60.839,60.839,8,0
20080527,58.172,58.172,58.172,58.172,31,0
20080528,58.172,58.172,55.264,58.172,58,0
20080530,57.591,57.591,57.591,57.591,15,0
20080602,57.203,57.591,56.233,56.233,98,0
20080603,57.591,59.142,57.591,59.142,52,0
20080604,56.233,58.124,56.233,56.233,101,0
20080605,58.124,58.124,58.124,58.124,12,0
20080606,56.233,56.33,56.039,56.039,263,0
20080609,54.44,55.991,52.355,55.991,160,0
20080610,51.725,51.725,51.676,51.676,201,0
20080611,56.039,58.124,51.386,56.185,159,0
20080612,53.32,53.32,53.32,53.32,19,0
20080613,55.65,55.7,55.65,55.7,10,0
20080618,59.9,59.9,51.4,51.4,204,0
20080619,52,54.95,50.8,54.95,21,0
20080620,52,56.95,52,56.9,113,0
20080623,51,52,51,52,33,0
20080625,51,51,50.4,50.4,70,0
20080701,50.3,54.95,49,49.01,102,0
20080702,48,50,48,48,79,0
20080703,50.9,50.9,46.8,46.8,95,0
20080704,49.96,49.96,44,49.4,107,0
20080708,44.55,44.55,43,44,1053,0
20080709,46,48,46,48,30,0
20080711,45,45,43.2,43.2,190,0
20080714,42.85,44.89,40.4,44.89,540,0
20080715,40.41,44.7,40.41,44.7,51,0
20080717,40.24,43.89,39.99,39.99,571,0
20080718,41.8,41.8,36.41,36.41,923,0
20080721,39.9,39.9,39.9,39.9,15,0
20080722,39.8,39.8,39.8,39.8,90,0
20080723,39.65,42,39.65,42,109,0
20080728,39.8,39.8,39.8,39.8,73,0
20080729,39.7,39.7,39.7,39.7,10,0
20080730,37.57,38.8,36,37.9,741,0
20080731,37.69,37.69,36,36.02,1028,0
20080801,36.3,36.7,36,36,439,0
20080804,35.6,35.9,33.9,34,1747,0
20080805,33.56,33.56,31,31.62,1679,0
20080806,32.8,33.8,30.5,30.5,1529,0
20080807,30.6,30.6,30.2,30.2,890,0
20080808,30,30,29.01,29.01,2206,0
20080811,30,32.98,30,32.98,55,0
20080812,32.79,32.79,32.78,32.78,35,0
20080813,29.01,29.25,29,29.15,2180,0
20080814,29.8,30,29.15,29.2,1855,0
20080818,29,30.5,28.5,30.5,1402,0
20080819,29.1,29.15,29,29,2231,0
20080820,28.5,28.5,28.01,28.01,385,0
20080821,27,29.26,27,28.75,1306,0
20080822,29,29,28.75,28.75,850,0
20080825,30,30,28.7,28.7,504,0
20080826,30.29,30.29,28.5,28.5,1372,0
20080827,28.5,29.5,28.5,29.5,110,0
20080828,29,29,28.05,28.99,1703,0
20080829,28.8,28.8,28.8,28.8,125,0
20080902,28.02,28.8,28.02,28.02,280,0
20080903,28.02,28.02,27.76,27.76,630,0
20080904,27.76,27.76,27.76,27.76,2145,0
20080905,27.6,28.99,27,28.99,105,0
20080908,28,30.5,27.5,30.5,114,0
20080910,27.65,29.9,27.65,29.9,45,0
20080911,28.8,28.8,28,28.78,235,0
20080912,27.65,29.8,27.65,29.8,420,0
20080915,28.8,29.5,28.8,29.5,70,0
20080916,27.67,27.67,27.1,27.1,1287,0
20080917,27.1,28.09,26.5,26.5,2552,0
20080918,26.5,27.97,26.4,27.97,505,0
20080919,26.4,26.4,26.4,26.4,30,0
20080922,27.97,27.97,27.97,27.97,28,0
20080923,27.97,27.97,27.97,27.97,3,0
20080924,27,27,27,27,11,0
20080925,27.4,27.97,27.4,27.4,129,0
20080929,27.4,27.4,26.4,26.4,462,0
20080930,26.4,28,26.4,28,226,0
20081002,26.3,26.3,26,26,720,0
20081003,25.76,26.4,25.75,26.4,282,0
20081006,25.75,25.8,24.9,24.9,1551,0
20081007,24.8,25.3,24.8,25.3,209,0
20081008,25,25,24.25,24.3,1632,0
20081009,24.3,25.3,23.25,24.5,4593,0
20081010,23.3,24,23,24,400,0
20081013,23.1,23.5,22.7,22.7,2233,0
20081014,22.72,23.5,22.71,23,2264,0
20081015,22.8,23.5,22.8,23.5,222,0
20081016,22.71,23,22.5,22.5,2926,0
20081017,22.7,22.8,22,22,4060,0
20081020,22,22.5,20.1,21.01,4977,0
20081021,21.34,21.34,21.01,21.01,246,0
20081022,20.7,20.7,20.25,20.5,2830,0
20081023,20.25,21.98,20,20.25,1956,0
20081024,19.7,19.7,19.25,19.25,2280,0
20081027,19.25,19.5,19.25,19.25,639,0
20081028,19.35,19.5,18.7,19.5,2457,0
20081029,19.1,19.9,18.51,18.51,815,0
20081030,18.91,19.8,18.6,19.8,704,0
20081031,18.4,19.3,18.4,18.41,154,0
20081103,18.88,18.88,18.88,18.88,37,0
20081104,17.8,17.8,16.7,17.1,7326,0
20081105,17.1,17.34,15.55,16.33,3163,0
20081106,15.5,16.27,15.25,15.3,802,0
20081107,15.42,15.42,14.7,15.42,2324,0
20081110,15.5,15.5,15.25,15.25,1050,0
20081112,15,15,14.89,15,2537,0
20081113,15,15.53,15,15,684,0
20081114,15.53,15.53,14.75,14.89,2256,0
20081117,15.38,15.38,14.75,14.8,262,0
20081118,14.75,14.75,14.75,14.75,641,0
20081119,14.75,14.75,14.75,14.75,1,0
20081120,14.75,14.75,14.05,14.7,3147,0
20081121,14.6,14.7,14.6,14.7,220,0
20081124,14.91,14.91,14.91,14.91,20,0
20081125,15.11,15.11,15,15,404,0
20081126,15,15,15,15,298,0
20081127,15,15,14.8,14.8,32,0
20081128,15,15,15,15,76,0
20081201,14.75,14.75,14.5,14.5,1847,0
20081202,14.25,14.85,14.15,14.15,1668,0
20081203,13.95,14.59,13.95,14.59,10,0
20081204,14.5,14.5,13.9,13.9,1200,0
20081205,13.9,13.9,13.9,13.9,100,0
20081208,13.9,13.9,13.9,13.9,50,0
20081210,13.9,13.9,13.9,13.9,550,0
20081211,14,14,14,14,1,0
20081215,13.67,13.67,13.67,13.67,9,0
20081216,13.7,13.7,13.5,13.5,1695,0
20081217,13.48,13.48,13.48,13.48,31,0
20081218,13.48,13.48,13.48,13.48,350,0
20081219,13.28,13.28,13.25,13.25,1171,0
20081222,13.2,13.2,13.13,13.14,1059,0
20081223,13,13.2,13,13,954,0
20081229,13,13,13,13,47,0
20081230,13,13,13,13,105,0
20081231,13.2,13.2,13.2,13.2,1,0
20090106,13,13.62,13,13.62,122,0
20090107,13.62,14.98,13.6,14.08,646,0
20090108,14.08,14.08,14.08,14.08,1,0
20090109,14.08,14.08,13.53,13.53,18,0
20090112,14.08,14.09,14.08,14.08,254,0
20090113,14.08,14.08,13.43,13.43,60,0
20090114,13.5,13.5,13.5,13.5,26,0
20090116,14.08,14.08,14.08,14.08,89,0
20090119,13.51,13.51,13.51,13.51,114,0
20090120,13.51,13.51,13.51,13.51,3,0
20090121,13.52,13.52,13.42,13.42,1241,0
20090126,13.3,13.72,13.07,13.72,1013,0
20090127,13.72,13.72,13.72,13.72,300,0
20090128,13.82,13.82,13.8,13.82,670,0
20090129,14.03,14.08,14.03,14.07,136,0
20090130,14.05,14.05,14.05,14.05,1,0
20090202,13.62,13.62,13.62,13.62,100,0
20090203,13.62,13.7,13.62,13.7,563,0
20090204,13.06,13.06,12.67,12.67,1080,0
20090205,12.52,12.52,11.88,12.45,1126,0
20090206,11.89,12.45,11.89,12.45,670,0
20090209,12.93,12.93,12.93,12.93,60,0
20090210,12.93,13.17,12.93,13.16,1626,0
20090211,13.49,13.5,12.86,12.87,471,0
20090212,13.5,13.5,13.2,13.2,138,0
20090213,12.86,12.86,12.86,12.86,300,0
20090216,12.76,12.76,12.76,12.76,600,0
20090217,12.32,12.32,11.08,11.48,2911,0
20090218,11.19,11.19,10.61,10.61,1578,0
20090219,11.01,11.15,11.01,11.15,885,0
20090220,11.13,11.13,11.13,11.13,23,0
20090223,10.61,11.13,10.61,11.13,200,0
20090224,10.75,10.75,9.58,9.79,3208,0
20090225,10.47,10.76,10.01,10.01,4935,0
20090226,9.67,9.89,9.67,9.89,200,0
20090227,10.6,10.6,10.6,10.6,300,0
20090302,10.55,10.59,10.5,10.5,422,0
20090303,9.9,9.9,9.44,9.44,2026,0
20090304,9.4,10.6,8.8,9.43,2812,0
20090305,9.45,10.59,9.45,10.59,800,0
20090306,9.55,10.46,9.55,10.46,1607,0
20090309,10.59,11.64,10.59,11.64,1596,0
20090310,11.55,11.55,11.55,11.55,870,0
20090311,12.59,12.59,12.59,12.59,190,0
20090312,12.6,13.03,12.6,13.03,1316,0
20090313,12.65,13.61,12.65,13.61,2539,0
20090316,12.6,14.61,12.6,14.61,4587,0
20090317,16,17.32,16,17.32,2841,0
20090318,18.11,18.11,18.11,18.11,1603,0
20090319,19.5,19.5,18.3,18.3,205,0
20090323,17.32,17.32,17.32,17.32,100,0
20090324,16.94,16.94,14.01,14.01,150,0
20090325,16.94,16.94,16.94,16.94,256,0
20090327,16.38,16.38,16.38,16.38,450,0
20090330,15.16,15.16,15.16,15.16,20,0
20090331,15,15,15,15,801,0
20090402,14.23,14.23,14.23,14.23,20,0
20090403,14.24,15,14.24,15,150,0
20090406,14.19,14.19,14.19,14.19,1159,0
20090407,14.2,14.59,14.2,14.59,380,0
20090408,13.89,13.89,13.89,13.89,760,0
20090409,14.09,14.09,14.09,14.09,160,0
20090414,14.09,14.09,14.09,14.09,68,0
20090415,14.09,14.09,14.09,14.09,190,0
20090416,14.2,14.25,14.2,14.25,524,0
20090417,14.27,16,14.27,16,65,0
20090420,16,16,16,16,33,0
20090421,16,16,16,16,205,0
20090422,16,16,16,16,100,0
20090424,14.5,14.5,14.5,14.5,665,0
20090428,14.21,14.8,14.21,14.8,973,0
20090429,14.81,14.81,14.81,14.81,510,0
20090430,15.4,15.4,15.4,15.4,462,0
20090504,14.61,14.61,14.61,14.61,552,0
20090505,14.7,15.2,14.7,15.2,352,0
20090506,15.5,15.5,15.5,15.5,1334,0
20090507,15.45,15.45,15.45,15.45,144,0
20090508,15.4,15.4,15.4,15.4,11,0
20090511,15.4,15.4,15.4,15.4,60,0
20090512,14.85,14.85,14.85,14.85,369,0
20090513,14.91,14.91,14.91,14.91,40,0
20090514,14.9,15.45,14.9,15.45,560,0
20090515,14.94,14.94,14.94,14.94,50,0
20090518,15.5,16,15.5,16,1612,0
20090519,16,16,15.55,15.55,478,0
20090521,15.51,15.51,15.51,15.51,285,0
20090522,15.5,15.5,15.5,15.5,325,0
20090525,15.1,15.1,15.1,15.1,150,0
20090526,14.6,14.6,14.6,14.6,540,0
20090527,14.22,14.22,14.22,14.22,105,0
20090529,14.2,14.2,14.2,14.2,400,0
20090601,14.9,14.9,14.9,14.9,378,0
20090602,15.01,15.01,15.01,15.01,306,0
20090603,15.5,15.5,15.5,15.5,334,0
20090604,16.2,17.9,16.2,17.9,2022,0
20090605,20.51,22.56,20.51,22.56,2395,0
20090608,22.5,22.91,22.5,22.91,3009,0
20090609,23,23,19.82,20.02,1473,0
20090610,20.5,21.25,20.4,21,819,0
20090612,21,21.3,20.3,21.2,1850,0
20090615,20.22,20.22,19.33,19.53,1330,0
20090616,19.5,19.63,18.85,19.63,695,0
20090617,19.8,19.8,18.9,19.5,231,0
20090618,18.85,18.85,18.5,18.5,105,0
20090619,18.01,18.01,17.9,18.01,551,0
20090622,19.08,19.08,17.9,17.9,205,0
20090623,17.07,18.4,17.07,18.4,457,0
20090624,17.5,17.6,17.5,17.5,617,0
20090625,17.2,17.2,17,17,200,0
20090626,17,17.9,16.86,17.9,450,0
20090629,17.4,17.88,17.4,17.88,200,0
20090630,17.68,18.99,17.68,18.99,450,0
20090701,18.8,19.79,17.8,19.79,1858,0
20090702,18.5,18.5,18.5,18.5,100,0
20090703,17.9,18.86,17.9,18.86,116,0
20090706,18.9,19,18.14,18.8,789,0
20090707,18.34,18.36,18.34,18.36,256,0
20090708,18.36,18.36,18.36,18.36,20,0
20090709,19.1,19.1,18.48,19.1,514,0
20090710,19.1,19.1,19.1,19.1,100,0
20090713,18.4,18.4,18.4,18.4,200,0
20090714,18.4,19.1,18.27,19.1,435,0
20090715,19,19,19,19,147,0
20090716,19.35,19.35,19.35,19.35,420,0
20090717,19.35,20.5,19.35,19.35,1796,0
20090720,19.42,19.95,19.42,19.95,245,0
20090721,19.95,20.5,19.95,20.5,960,0
20090722,20.5,20.5,20.5,20.5,101,0
20090723,19.6,19.6,19.3,19.3,700,0
20090724,19.4,19.4,19,19.3,1154,0
20090727,19.2,19.2,18.91,18.91,428,0
20090729,18.91,18.91,18.57,18.57,69,0
20090730,19.49,22.3,19.49,22.3,1950,0
20090731,21.03,21.04,21.02,21.02,388,0
20090803,21.04,23.12,21.04,21.64,1105,0
20090804,25,26.8,23.5,26,2851,0
20090805,26,26.8,23.4,26,3050,0
20090806,25.55,26.8,25.5,25.5,887,0
20090807,25,25,25,25,100,0
20090810,25.25,25.25,25.25,25.25,77,0
20090812,25.5,25.5,22.73,22.8,985,0
20090813,23.98,23.98,23.3,23.3,142,0
20090817,23.43,23.43,23.43,23.43,100,0
20090818,22.85,24.6,22.85,24.6,608,0
20090820,24.6,24.6,23.21,23.95,713,0
20090821,24.6,25.7,24,25,1182,0
20090824,25,25,25,25,261,0
20090825,25,25,25,25,50,0
20090826,24.02,24.02,21.99,21.99,1183,0
20090827,23.9,23.9,23.5,23.5,1136,0
20090828,23.5,23.89,23.5,23.89,175,0
20090831,23.5,23.5,23,23,627,0
20090901,23,23,23,23,43,0
20090902,22.7,22.7,21.6,21.6,880,0
20090903,22.5,22.5,22.5,22.5,200,0
20090904,22.4,22.4,22.4,22.4,340,0
20090907,21.5,22.5,21.5,22.5,275,0
20090908,22.65,22.65,22.5,22.5,110,0
20090909,22.4,22.7,22.4,22.7,390,0
20090910,21.86,21.86,21.85,21.85,148,0
20090911,21.85,21.85,21.62,21.62,435,0
20090914,21.5,21.5,21.5,21.5,100,0
20090916,21.88,21.88,21.7,21.7,180,0
20090917,21.84,21.84,21.8,21.8,450,0
20090918,21.88,21.88,21.5,21.5,163,0
20090921,21.8,21.8,21.8,21.8,47,0
20090922,21.5,21.5,21.5,21.5,130,0
20090923,20.84,21,20.84,21,430,0
20090924,21.58,21.58,21.58,21.58,1,0
20090925,21.6,21.6,21.5,21.5,34,0
20090929,22,24.85,22,24.3,2197,0
20091001,22.65,22.65,22.3,22.3,625,0
20091002,22.1,23.1,22,23,334,0
20091005,22.01,22.01,22.01,22.01,20,0
20091006,22.02,22.02,22.01,22.01,246,0
20091007,23.1,24.2,23.1,23.8,457,0
20091008,22.9,22.9,22.9,22.9,18,0
20091009,22.8,22.8,22.02,22.02,820,0
20091012,22.01,22.01,21.69,22,1692,0
20091013,21.9,21.9,21.9,21.9,78,0
20091015,21.9,21.9,21.9,21.9,240,0
20091020,21.8,22.29,21.8,22.29,61,0
20091021,21.34,21.34,21.34,21.34,352,0
20091022,22.35,22.35,22.35,22.35,1589,0
20091023,22.18,22.18,22.18,22.18,60,0
20091027,21.84,21.84,21.84,21.84,597,0
20091028,21.5,22.47,21.5,22,267,0
20091030,22.04,22.2,22.04,22.2,1060,0
20091102,22.2,22.47,22.14,22.14,390,0
20091103,22.1,22.5,22,22.5,801,0
20091104,22.1,22.5,22.1,22.5,280,0
20091105,22.51,22.51,22.51,22.51,21,0
20091109,22.5,22.5,22.17,22.17,145,0
20091110,22.6,22.6,22.6,22.6,264,0
20091112,22.6,22.6,22.5,22.51,140,0
20091113,22.6,25,22.6,25,2188,0
20091116,24,24.7,23.5,24.7,2847,0
20091117,23.5,24.1,23.5,24.1,60,0
20091118,23.5,23.7,22.7,22.7,1651,0
20091120,22.7,23,22.7,23,907,0
20091123,23.4,23.4,23.4,23.4,189,0
20091124,23.4,23.4,23.1,23.1,1168,0
20091125,23.1,23.1,23.1,23.1,114,0
20091126,23.1,23.1,23.1,23.1,25,0
20091127,22.9,23.95,22.9,23.95,2742,0
20091130,23.1,24.05,23.1,24,724,0
20091201,24,24,24,24,184,0
20091202,22.9,24,22.9,24,50,0
20091203,23.89,23.89,23.89,23.89,3000,0
20091204,23.9,23.9,23.9,23.9,185,0
20091207,23.9,23.9,23.9,23.9,207,0
20091209,23.9,23.9,23.9,23.9,1,0
20091211,23.1,23.1,23.1,23.1,89,0
20091214,23.15,23.15,22.9,22.9,100,0
20091215,22.9,22.9,22.9,22.9,48,0
20091216,22.7,22.7,22.7,22.7,75,0
20091217,22.7,22.7,22.7,22.7,52,0
20091218,22.5,22.5,22.5,22.5,40,0
20091222,22.5,22.5,22.5,22.5,334,0
20091223,21.71,21.71,21.71,21.71,290,0
20091228,21.15,22,21.1,22,326,0
20091229,21.9,22,21.9,22,1847,0
20091230,20.95,21.8,20.95,21.8,504,0
20100104,22,22,22,22,10,0
20100105,22,24.2,22,23.1,551,0
20100106,23.15,23.15,23.15,23.15,1,0
20100107,22.1,23.21,22.1,23.21,23,0
20100112,22.3,22.3,22.1,22.15,306,0
20100113,21.94,22.95,21.94,22.95,120,0
20100114,22.95,23,22.41,22.41,401,0
20100115,21.93,21.93,21.93,21.93,158,0
20100119,23.44,23.44,23.44,23.44,20,0
20100120,23.44,23.44,23.44,23.44,1,0
20100121,23.44,23.44,22.41,22.41,119,0
20100122,22.4,22.8,22.4,22.4,3080,0
20100125,21.54,21.54,21.54,21.54,321,0
20100126,21.9,22.4,21.9,22.4,50,0
20100129,21.51,21.7,21.43,21.7,3350,0
20100201,22.2,22.89,21.14,22.89,1426,0
20100202,21.82,21.82,21.81,21.81,620,0
20100204,21.8,21.8,21.8,21.8,35,0
20100205,21.6,22.16,21.6,22.16,533,0
20100208,21.6,21.6,21.6,21.6,64,0
20100209,21.6,21.6,21.6,21.6,100,0
20100211,21.6,21.6,21.6,21.6,340,0
20100212,21.7,21.7,21.7,21.7,448,0
20100217,21.31,22.39,21.31,22.39,3067,0
20100224,21.91,21.91,21.91,21.91,60,0
20100301,22.2,22.2,22.2,22.2,80,0
20100303,21.91,22.35,21.9,22.35,2165,0
20100304,21.9,22.35,21.71,22.35,730,0
20100308,21.71,22.5,21.7,22.5,1944,0
20100309,21.81,22.78,21.81,22.78,324,0
20100310,22.78,23.7,22.78,22.9,2932,0
20100311,22.91,23.99,22.91,23.99,827,0
20100312,23.99,27.45,23.99,26.2,2943,0
20100315,26.2,26.2,24.2,25.8,1500,0
20100316,25.7,25.7,24.5,25.7,441,0
20100317,25.89,25.89,25.89,25.89,1,0
20100318,24.7,24.71,24.7,24.71,105,0
20100319,24.7,25.19,24,24.3,1659,0
20100322,23.3,23.3,23.3,23.3,100,0
20100323,23.3,23.7,23.02,23.7,1002,0
20100325,22.9,22.9,22.8,22.8,60,0
20100326,22.78,22.78,22.78,22.78,60,0
20100329,22.78,23.49,22.4,22.4,1840,0
20100330,23,23,23,23,90,0
20100331,23.19,23.5,23.19,23.5,150,0
20100406,22.5,23.52,22.5,23.25,616,0
20100407,23.25,23.25,23.25,23.25,46,0
20100408,23.25,23.3,22.8,22.8,1012,0
20100409,23.5,23.5,22.8,22.8,472,0
20100412,22.8,23,22.8,23,266,0
20100413,22.8,22.8,22.8,22.8,92,0
20100414,22.9,22.9,22.9,22.9,153,0
20100415,23.4,23.8,23.2,23.8,695,0
20100416,23.5,24.15,23.01,24.15,707,0
20100419,24.2,24.2,23.7,23.7,380,0
20100420,23.7,24.1,23.7,24.1,1010,0
20100421,24,24,24,24,383,0
20100422,23.61,23.61,23.61,23.61,1894,0
20100423,23.95,23.95,23.62,23.62,354,0
20100426,24.76,24.76,24.76,24.76,120,0
20100427,23.6,24,23.6,24,62,0
20100428,24,24.1,24,24.1,532,0
20100429,23.7,23.7,23.7,23.7,250,0
20100430,24.57,24.57,24.2,24.2,405,0
20100504,25.2,25.2,24.2,24.2,76,0
20100505,24,24.19,23.25,23.25,457,0
20100506,23.25,23.25,23.25,23.25,510,0
20100507,23.26,23.26,23.25,23.25,1400,0
20100510,24.19,24.4,24.19,24.4,117,0
20100511,24.34,24.34,24.34,24.34,100,0
20100513,24.29,24.29,23.26,23.26,300,0
20100514,23.26,23.49,23.26,23.49,700,0
20100517,23.37,23.37,23.37,23.37,117,0
20100518,23.27,23.5,23.27,23.5,261,0
20100519,23.26,23.26,22.7,22.7,712,0
20100521,23,23,23,23,100,0
20100524,22.76,22.76,22.76,22.76,420,0
20100525,22.76,22.76,22.76,22.76,100,0
20100526,23.49,23.49,22.94,23.49,160,0
20100527,23.8,23.8,23.8,23.8,111,0
20100531,23.7,23.7,22.71,22.71,320,0
20100608,23.69,23.69,23.69,23.69,1,0
20100610,23.69,23.8,23.69,23.8,899,0
20100611,23.02,23.4,23.02,23.4,396,0
20100614,23.41,23.8,23.41,23.8,285,0
20100615,23.43,23.43,23.43,23.43,154,0
20100616,23.45,23.45,23.45,23.45,100,0
20100617,23.02,23.03,23.02,23.02,1800,0
20100618,23.8,23.9,23.8,23.9,623,0
20100624,24,24,24,24,60,0
20100628,24,24,23.7,23.7,39,0
20100701,23.7,23.7,23.7,23.7,1,0
20100702,23.07,24.15,23.07,24.15,304,0
20100705,24.06,24.15,24.06,24.15,90,0
20100712,24.26,24.78,24.26,24.78,304,0
20100715,24.78,24.78,24.78,24.78,300,0
20100719,24.21,24.21,24.2,24.2,100,0
20100722,25.3,25.3,25.3,25.3,1,0
20100726,24.1,25.24,24.1,25.24,2598,0
20100803,24.15,24.15,24.02,24.02,390,0
20100804,23.7,24,23.7,24,120,0
20100805,24,24,24,24,25,0
20100809,24,24,24,24,24,0
20100810,24.4,24.4,24.4,24.4,100,0
20100812,24,24,24,24,100,0
20100818,23.27,24.39,23.27,24.39,330,0
20100823,24,24,23.44,23.44,181,0
20100824,23.32,23.32,23.31,23.31,1530,0
20100827,24.23,24.23,24.23,24.23,1,0
20100901,23.24,23.6,23.24,23.6,666,0
20100903,23.6,23.6,23.6,23.6,100,0
20100907,24,24,24,24,100,0
20100908,24,24.2,24,24.2,749,0
20100909,24.26,24.26,24.26,24.26,4,0
20100914,24.26,24.26,24.26,24.26,100,0
20100916,23.5,24.1,23.5,24.1,306,0
20100917,24.5,24.5,24.5,24.5,1,0
20100920,24.2,24.2,24.2,24.2,100,0
20100923,24.2,24.2,24.2,24.2,1,0
20100928,23.53,23.53,23.53,23.53,150,0
20101005,23.55,23.55,23.55,23.55,100,0
20101006,24.15,24.15,24.15,24.15,1,0
20101012,24.12,24.15,24.12,24.15,50,0
20101015,24.14,24.14,24.14,24.14,42,0
20101018,23.44,23.44,23.44,23.44,38,0
20101020,23.4,23.7,23.4,23.7,394,0
20101025,22.87,23,22.87,23,314,0
20101026,23.78,23.78,23.78,23.78,150,0
20101104,22.65,22.65,22.65,22.65,30,0
20101109,22.66,22.66,22.66,22.66,3,0
20101110,23.78,23.98,22.67,23.98,553,0
20101112,23.3,24.47,23.3,24,260,0
20101115,23.3,24,23.3,24,193,0
20101118,24,24,24,24,253,0
20101119,23.31,24.37,23.31,24.37,2484,0
20101122,23.34,23.34,23.34,23.34,40,0
20101124,23.31,23.31,23.3,23.3,325,0
20101126,22.86,22.86,22.86,22.86,119,0
20101130,22.65,22.65,22.65,22.65,50,0
20101201,23.72,24.47,23.72,24.47,381,0
20101206,23.51,23.51,23.51,23.51,300,0
20101207,23.51,23.51,23.51,23.51,459,0
20101208,23.51,23.51,23.51,23.51,700,0
20101209,23.5,23.5,22.72,22.72,930,0
20101213,22.72,22.72,22.72,22.72,11,0
20101214,23.49,23.49,23.49,23.49,5,0
20101215,22.69,22.69,22.69,22.69,15,0
20101216,22.69,23.45,22.67,23.45,484,0
20101217,22.63,23,22.63,22.63,1842,0
20101220,23.74,23.74,23.14,23.14,1391,0
20101221,23.14,23.14,23.12,23.12,137,0
20101223,22.85,22.85,22.84,22.84,492,0
20101227,22.85,22.85,22.62,22.63,4000,0
20101228,22.63,23.4,22.62,22.62,565,0
20101230,23.73,23.74,23.73,23.74,419,0
20110105,23,23,23,23,330,0
20110107,23,23,23,23,50,0
20110114,22.06,23.14,22.06,23.14,640,0
20110118,22.6,23.15,22.6,23.15,10207,0
20110119,23.2,23.2,22.31,22.31,206,0
20110120,23.2,23.2,22.3,22.3,26,0
20110124,22.7,22.7,22.3,22.3,360,0
20110126,22.33,22.33,22.01,22.01,52,0
20110127,22.03,22.03,22,22,1142,0
20110128,21.81,21.81,21.8,21.8,1100,0
20110201,21.61,22,21.03,22,899,0
20110202,21.01,21.01,21.01,21.01,360,0
20110203,21.21,21.21,20.24,21.05,2221,0
20110204,21.05,21.26,21.05,21.26,725,0
20110207,21.75,21.75,21.75,21.75,26,0
20110209,20.76,20.76,20.76,20.76,115,0
20110216,20.77,20.77,20.75,20.75,280,0
20110217,20.6,20.6,20.6,20.6,42,0
20110218,21.4,21.5,21.4,21.5,50,0
20110221,20.56,20.56,20.56,20.56,300,0
20110224,21.5,21.5,21.5,21.5,30,0
20110225,21.5,21.58,21.5,21.58,50,0
20110228,21.6,21.6,21.6,21.6,23,0
20110302,20.63,21.6,20.63,21.6,677,0
20110304,20.63,20.63,20.45,20.45,2220,0
20110307,20,20,20,20,5,0
20110308,20,20,20,20,50,0
20110309,20,20,20,20,45,0
20110310,19.88,19.88,19.88,19.88,260,0
20110315,19.86,19.88,19.86,19.88,33,0
20110316,19.9,19.9,19.9,19.9,27,0
20110317,19.87,20.85,19.87,20.85,936,0
20110318,21.21,21.21,21.21,21.21,439,0
20110321,21.21,21.74,21.21,21.74,140,0
20110331,20.75,20.75,20.75,20.75,19,0
20110404,21.4,21.4,20.71,20.71,46,0
20110406,21.4,21.4,21.4,21.4,1,0
20110408,21.19,21.19,21.19,21.19,23,0
20110413,21.6,21.6,21.6,21.6,1,0
20110414,20.7,20.7,20.7,20.7,78,0
20110415,20.71,20.71,20.71,20.71,67,0
20110418,21,21,21,21,1,0
20110419,21,21,20.5,20.5,325,0
20110427,20.2,20.7,20.2,20.7,2448,0
20110428,20.9,20.9,20.9,20.9,2,0
20110429,20.9,20.9,20.9,20.9,23,0
20110505,20,20,19.9,19.9,880,0
20110506,20.2,20.2,19.6,19.6,1337,0
20110509,19.67,19.67,19.66,19.67,183,0
20110510,19.83,19.83,19.83,19.83,1,0
20110513,19.63,19.63,19.43,19.43,838,0
20110516,19.68,21.61,19.68,21,7016,0
20110517,21,21,20.3,20.3,390,0
20110518,20.3,20.3,20.3,20.3,370,0
20110519,20.5,20.6,20.5,20.6,4234,0
20110520,20.11,20.7,20.1,20.7,1030,0
20110524,21.05,21.93,21.05,21.93,361,0
20110525,21.79,22.48,21.79,22.48,907,0
20110526,21.48,23.5,21.48,23.5,526,0
20110527,23.49,26.41,23.49,26.41,980,0
20110530,27.5,29.99,24.75,27.5,5308,0
20110531,27.5,27.5,24.01,24.01,2835,0
20110601,24.01,26.41,24.01,26.4,2145,0
20110603,26.71,26.71,26.71,26.71,10,0
20110609,25.45,25.45,25.45,25.45,410,0
20110610,25.75,25.8,25.75,25.8,130,0
20110614,24.59,24.6,24.58,24.6,231,0
20110615,24.6,24.6,24.58,24.58,265,0
20110621,24.6,24.6,24.6,24.6,40,0
20110627,24.6,24.6,24.57,24.57,565,0
20110701,24,24,24,24,105,0
20110706,23.7,23.7,23.7,23.7,245,0
20110708,23.6,23.6,23.6,23.6,100,0
20110711,24.39,24.55,24.39,24.55,2490,0
20110712,24.51,26.67,24.4,25.5,3658,0
20110713,26.67,27.5,26.4,26.5,10233,0
20110714,27.5,27.9,26.4,27.9,14959,0
20110715,27.9,32.6,27.9,32.6,4159,0
20110718,32,32.6,30.11,31.75,4966,0
20110719,30.1,30.1,27.09,27.5,8436,0
20110720,27.1,28.3,26.75,28.3,5870,0
20110721,27.31,27.35,26.9,27.35,2460,0
20110725,26.65,26.8,26.5,26.8,1600,0
20110727,26.65,26.65,26.05,26.05,1439,0
20110728,26.8,26.8,26,26.8,83,0
20110729,26.8,27.8,26.8,27.8,317,0
20110802,27.9,27.9,27.9,27.9,10,0
20110803,26.6,26.6,25.9,25.9,802,0
20110804,26.6,26.6,24,24,407,0
20110805,23.1,25.4,23.1,25.4,3423,0
20110809,24.4,24.4,23.6,23.6,1600,0
20110810,24.57,24.57,23.8,23.8,239,0
20110811,23.8,23.8,23.8,23.8,2222,0
20110816,23.5,23.5,23.5,23.5,21,0
20110818,23.5,24.5,23.5,23.8,2154,0
20110819,24.57,25,24.57,25,364,0
20110823,24.89,24.89,24.89,24.89,36,0
20110824,23.7,24.9,23.7,24.9,2772,0
20110826,25,26.99,25,26.99,2326,0
20110829,29.67,29.67,26,26.99,560,0
20110830,26.99,27.09,26.8,26.8,1886,0
20110901,27.6,27.6,27.6,27.6,250,0
20110902,25,26,25,26,210,0
20110905,25.25,25.25,25.25,25.25,100,0
20110906,24.2,25.4,24.2,25.4,33,0
20110907,25.4,26.56,25.4,26.56,326,0
20110909,25.4,25.4,25.3,25.3,500,0
20110912,25.3,25.3,24.9,25,3238,0
20110913,24.67,24.92,23.5,24.92,899,0
20110914,24,24,23.75,23.75,1210,0
20110920,24.5,24.6,24.5,24.6,510,0
20110921,25.41,25.41,25.41,25.41,30,0
20110922,24.2,24.2,24.2,24.2,94,0
20110926,24.2,24.2,24.2,24.2,226,0
20110928,25,25.41,23.5,25.41,388,0
20111004,24.2,24.2,24.2,24.2,41,0
20111005,24.2,24.2,24.2,24.2,78,0
20111006,25.41,25.41,24.2,24.2,98,0
20111007,24.2,25.41,24.2,25.41,130,0
20111017,24.21,24.21,24.21,24.21,44,0
20111021,24.21,24.21,24.21,24.21,37,0
20111026,24.21,24.21,24.21,24.21,6,0
20111027,24.21,24.21,24.2,24.2,443,0
20111028,24.2,24.2,24.2,24.2,834,0
20111102,25.1,25.11,24.5,24.5,458,0
20111104,24.23,24.23,24.23,24.23,33,0
20111107,25.43,25.44,25.43,25.44,498,0
20111110,24.62,24.62,24.62,24.62,6,0
20111115,24.63,24.63,24.61,24.61,339,0
20111116,24.61,24.61,24.61,24.61,41,0
20111117,24.61,24.61,24.61,24.61,138,0
20111118,24.63,24.63,24.63,24.63,141,0
20111122,24.63,24.63,24.6,24.6,254,0
20111130,23.71,23.71,23.71,23.71,190,0
20111201,23.71,23.71,23.71,23.71,49,0
20111205,23.9,23.9,23.9,23.9,2,0
20111214,22.76,22.76,22.76,22.76,200,0
20111216,22.6,22.6,22.6,22.6,18,0
20111219,22.6,22.6,22.6,22.6,322,0
20111222,21.77,22,21.76,21.76,2685,0
20111229,22,22,22,22,540,0
20111230,21.9,21.9,21.9,21.9,39,0
20120105,21.8,21.8,21.8,21.8,21,0
20120117,21.8,21.8,21.8,21.8,100,0
20120119,21.95,21.95,21.95,21.95,50,0
20120201,22.85,23.47,22.85,23.47,336,0
20120202,22.35,22.35,22.35,22.35,50,0
20120203,22.36,22.36,22.36,22.36,82,0
20120206,22.36,22.36,22.36,22.36,59,0
20120207,22.36,22.36,22.36,22.36,500,0
20120213,22.36,22.36,22.36,22.36,24,0
20120216,22.36,22.36,22.36,22.36,50,0
20120217,22.36,22.36,22.36,22.36,50,0
20120229,22.41,23.31,22.35,23.31,1660,0
20120301,22.55,22.55,22.35,22.35,976,0
20120302,22.95,22.95,22.95,22.95,330,0
20120314,22.4,22.4,22.4,22.4,53,0
20120315,22.95,22.95,22.95,22.95,5,0
20120321,22.95,23.52,22.95,23.52,415,0
20120322,23.26,25.9,23.26,25.9,3573,0
20120323,25.8,29,25.8,29,5115,0
20120326,26.5,28.5,26.5,27,1055,0
20120327,27,27,27,27,304,0
20120329,27,27,27,27,52,0
20120404,26.9,26.9,26.9,26.9,900,0
20120405,26.9,26.9,26.85,26.85,140,0
20120412,26.85,26.85,26.85,26.85,100,0
20120423,26.6,26.6,26.6,26.6,9,0
20120507,26.45,26.45,26.45,26.45,278,0
20120508,26.75,26.75,26.75,26.75,37,0
20120510,25.48,25.48,25.48,25.48,100,0
20120516,24.76,24.76,24.76,24.76,100,0
20120523,23.71,24.62,23.71,24.6,1820,0
20120525,23.46,27.06,23.46,25.2,2620,0
20120604,25.57,25.57,25.57,25.57,36,0
20120628,24.4,24.4,23.52,23.52,433,0
20120629,24.7,24.7,24.7,24.7,4,0
20120725,23.55,23.55,23.55,23.55,26,0
20120726,24,24,24,24,219,0
20120727,23.56,23.56,23.56,23.56,40,0
20120813,23.58,23.58,23.57,23.57,200,0
20120828,23.57,23.57,23.57,23.57,164,0
20120831,24.5,26.68,24.5,26.68,1097,0
20120904,25.5,26.5,25.5,26.4,740,0
20120906,25.35,25.35,25.35,25.35,195,0
20120907,25,25,25,25,188,0
20120912,24.51,24.51,24.51,24.51,25,0
20120914,24.97,25.9,24.7,25.9,635,0
20120920,25.99,25.99,25.35,25.35,284,0
20120927,25.3,25.3,25.3,25.3,300,0
20121003,24.41,24.41,24.4,24.4,131,0
20121010,24.41,24.41,24.41,24.41,5,0
20121026,25,25,25,25,125,0
20121029,25,25,25,25,178,0
20121108,24.31,24.31,24.3,24.3,100,0
20121113,24.3,24.3,24.3,24.3,11,0
20121116,24.9,24.9,24.9,24.9,170,0
20121129,24.31,24.31,24.31,24.31,27,0
20121203,24.31,24.31,24.31,24.31,6,0
20121204,25,25,25,25,170,0
20121205,25.35,25.35,25.35,25.35,10,0
20121206,24.31,24.31,24.31,24.31,10,0
20121212,24.31,24.31,24.31,24.31,3,0
20121218,24.31,24.31,24.31,24.31,23,0
20121219,25.36,25.36,25.36,25.36,5,0
20121221,24.31,24.31,24.31,24.31,200,0
20130107,24.31,24.31,24.3,24.3,174,0
20130110,24.25,24.25,24.25,24.25,63,0
20130111,24.25,24.25,24.25,24.25,500,0
20130114,24.25,24.25,24.25,24.25,100,0
20130115,24.25,24.25,24.2,24.2,500,0
20130212,24,24,24,24,200,0
20130219,24.3,24.85,24.3,24.85,505,0
20130221,24,24,24,24,42,0
20130226,25.2,25.2,25.2,25.2,300,0
20130304,24.6,25,24.5,25,1228,0
20130308,24.2,24.2,24.2,24.2,10,0
20130312,24.2,24.2,24.2,24.2,110,0
20130326,24.48,24.48,24.48,24.48,2050,0
20130327,24.1,24.1,24,24,263,0
20130402,24.11,24.11,24.11,24.11,193,0
20130403,24.11,24.11,24.11,24.11,150,0
20130404,24.11,24.11,24.11,24.11,100,0
20130408,24.21,24.3,24.1,24.1,493,0
20130417,23.9,23.9,23.9,23.9,10,0
20130418,23.91,23.91,23.91,23.91,200,0
20130422,23.95,23.95,23.95,23.95,10,0
20130429,23.95,23.95,23.95,23.95,57,0
20130508,23.9,24.3,23.9,24.3,630,0
20130510,23.62,23.62,23.62,23.62,260,0
20130513,23.62,23.62,23.62,23.62,6,0
20130517,24.05,24.05,24.05,24.05,175,0
20130520,23.61,23.61,23.61,23.61,198,0
20130524,23.36,23.36,23.36,23.36,200,0
20130529,23.35,23.35,23.35,23.35,14,0
20130605,23.35,23.35,23.35,23.35,100,0
20130613,24.44,24.44,24.44,24.44,100,0
20130614,24.44,24.44,24.44,24.44,78,0
20130618,24.45,24.45,24.44,24.44,360,0
20130627,23.61,23.61,23.61,23.61,100,0
20130723,23.65,23.65,23.65,23.65,10,0
20130729,24.78,24.78,24.78,24.78,310,0
20130730,25.73,25.73,25.73,25.73,200,0
20130806,25,25,25,25,95,0
20130820,25,25,25,25,188,0
20130821,25,25,25,25,200,0
20130826,24.5,24.5,24.2,24.2,515,0
20130830,25,25,25,25,2107,0
20130902,25,25,24.99,24.99,302,0
20130903,24.5,24.5,24.5,24.5,850,0
20130910,24.41,24.41,24.41,24.41,52,0
20130912,24.41,24.41,24.41,24.41,247,0
20130916,24.41,24.41,24.4,24.4,1048,0
20130918,24.37,24.37,24.37,24.37,610,0
20130919,24.38,24.5,24.38,24.4,1465,0
20130926,24.37,24.37,24.37,24.37,250,0
20130927,24.36,24.36,24.36,24.36,40,0
20131001,24.36,24.36,24.36,24.36,1400,0
20131002,24.36,24.36,24.35,24.35,400,0
20131008,23.9,23.9,23.9,23.9,37,0
20131011,23.98,24,23.98,24,2210,0
20131014,24,24,24,24,510,0
20131016,24,24,24,24,200,0
20131017,24.05,24.05,24.05,24.05,63,0
20131021,25,25.4,25,25.4,700,0
20131022,25.89,27.11,25.89,27.11,675,0
20131024,27.25,27.25,26.4,26.4,130,0
20131025,26.3,26.3,26.3,26.3,100,0
20131029,26.3,26.3,26.3,26.3,500,0
20131030,27,27,27,27,5,0
20131107,26.1,26.1,26,26,100,0
20131115,26,26,26,26,94,0
20131119,26,26,26,26,100,0
20131120,26,26,26,26,203,0
20131128,26.64,26.64,26.64,26.64,1,0
20131129,25.4,25.4,25.4,25.4,300,0
20131216,24.32,24.32,24.31,24.31,205,0
20131217,24.31,24.31,24.31,24.31,130,0
20131219,24.33,24.33,24.33,24.33,11,0
20140113,24.3,24.3,24.3,24.3,200,0
20140121,24.2,24.2,24.2,24.2,350,0
20140122,24.98,25.35,24.8,24.8,930,0
20140123,24.8,24.8,24.8,24.8,5,0
20140203,24.35,24.35,24.35,24.35,21,0
20140303,24.55,24.55,24.55,24.55,1200,0
20140305,24.95,25.02,24.95,25.02,646,0
20140321,25,25,25,25,500,0
20140324,25.5,27.99,25.5,27.99,410,0
20140326,27.79,27.79,25.03,25.03,10,0
20140327,27.79,27.79,27.79,27.79,50,0
20140328,25.1,25.1,25.1,25.1,50,0
20140402,25.05,25.05,25.05,25.05,20,0
20140404,26,26.04,26,26.04,50,0
20140408,25.1,25.1,24.8,24.8,787,0
20140409,25.4,26.2,25.2,25.2,815,0
20140414,26.46,26.46,25.21,25.21,293,0
20140416,26.4,26.4,26.4,26.4,216,0
20140417,27.3,27.59,27.2,27.2,660,0
20140423,26.7,26.7,26.7,26.7,290,0
20140425,27.49,27.5,26.2,26.2,200,0
20140428,26.3,26.3,26.3,26.3,1870,0
20140430,26.21,26.21,26.21,26.21,2,0
20140506,26.21,26.21,26.21,26.21,275,0
20140513,26.21,26.21,26.21,26.21,100,0
20140515,27.49,29.99,27.49,29,950,0
20140516,27.7,27.7,27.7,27.7,4,0
20140519,29,29.5,29,29.5,154,0
20140520,29,29.5,29,29.5,124,0
20140527,29.5,29.5,29.5,29.5,585,0
20140530,28.03,28.03,27.9,27.9,1001,0
