Date,Open,High,Low,Close,Volume,OpenInt
20110428,4.2222,4.2222,4.1501,4.1772,1361794,0
20110429,4.1682,4.1952,4.0961,4.1952,215872,0
20110502,4.1952,4.1952,4.1592,4.1862,43094,0
20110504,4.1862,4.1862,4.1411,4.1772,83264,0
20110505,4.1682,4.1772,4.1411,4.1682,70135,0
20110506,4.1411,4.1952,4.1411,4.1862,77999,0
20110509,4.1862,4.1952,4.1772,4.1862,201302,0
20110510,4.1952,4.1952,4.1862,4.1862,27098,0
20110511,4.1862,4.1952,4.1682,4.1862,79897,0
20110512,4.1772,4.1862,4.1141,4.1862,121092,0
20110513,4.1862,4.1952,4.1592,4.1862,68774,0
20110516,4.1862,4.1952,4.1772,4.1862,204471,0
20110517,4.1772,4.1772,4.1321,4.1592,851435,0
20110518,4.1411,4.1772,4.1141,4.1772,147178,0
20110519,4.1772,4.1862,4.1682,4.1772,209965,0
20110520,4.1772,4.1772,4.1501,4.1501,534,0
20110523,4.1411,4.1411,4.1231,4.1411,15578,0
20110524,4.1411,4.1411,4.0961,4.0961,12571,0
20110525,4.0961,4.2132,4.0781,4.2132,107071,0
20110526,4.2132,4.2132,4.1772,4.1952,12462,0
20110527,4.1772,4.1862,4.1682,4.1862,8083,0
20110530,4.1862,4.1952,4.1772,4.1772,7938,0
20110531,4.1682,4.1862,4.1682,4.1772,10964,0
20110601,4.1411,4.1862,4.1411,4.1862,15665,0
20110602,4.1862,4.1952,4.1862,4.1862,56868,0
20110603,4.1952,4.1952,4.1772,4.1862,8614,0
20110606,4.1682,4.1862,4.1682,4.1772,19551,0
20110607,4.1772,4.1862,4.1231,4.1772,4079,0
20110608,4.1682,4.1682,4.1051,4.1051,1447,0
20110609,4.0961,4.1411,4.0781,4.0961,3050,0
20110610,4.0961,4.0961,4.0511,4.0781,2734,0
20110613,4.0961,4.0961,4.0781,4.0961,5448,0
20110614,4.0511,4.0511,3.8711,4.0061,31526,0
20110615,3.8981,3.9161,3.8261,3.9161,14711,0
20110616,3.8711,3.9161,3.781,3.9161,10263,0
20110617,3.8351,3.8981,3.781,3.8981,8467,0
20110620,3.8711,3.8981,3.8351,3.8981,11553,0
20110621,3.8351,3.8891,3.8261,3.8891,5753,0
20110622,3.8351,3.8891,3.8351,3.8711,3450,0
20110624,3.8711,3.8711,3.8261,3.8711,9617,0
20110628,3.8261,3.8261,3.655,3.664,5047,0
20110629,3.574,3.601,3.466,3.592,17094,0
20110630,3.511,3.52,3.511,3.52,11566,0
20110701,3.475,3.52,3.466,3.52,7675,0
20110704,3.4209,3.736,3.4209,3.457,8878,0
20110705,3.52,3.592,3.511,3.592,1505,0
20110706,3.592,3.592,3.511,3.511,2970,0
20110707,3.556,3.646,3.556,3.646,2775,0
20110708,3.601,3.601,3.3759,3.511,9091,0
20110711,3.646,3.646,3.466,3.466,3081,0
20110712,3.466,3.466,3.2589,3.466,6267,0
20110713,3.4209,3.466,3.4209,3.466,389,0
20110714,3.511,3.511,3.4209,3.511,389,0
20110715,3.529,3.529,3.529,3.529,142,0
20110718,3.529,3.529,3.3849,3.511,5663,0
20110719,3.502,3.502,3.3579,3.475,948,0
20110720,3.4209,3.439,3.3669,3.439,7394,0
20110721,3.4209,3.466,3.3669,3.4209,1999,0
20110722,3.556,3.556,3.3849,3.475,245804,0
20110725,3.439,3.556,3.4119,3.556,891,0
20110727,3.4119,3.4119,3.4119,3.4119,49,0
20110728,3.4209,3.4209,3.4119,3.4119,3272,0
20110729,3.4119,3.547,3.3579,3.4209,2239,0
20110801,3.3759,3.4209,3.3309,3.3759,5072,0
20110802,3.3939,3.3939,3.2859,3.2859,882,0
20110803,3.2319,3.2859,3.0608,3.2319,20494,0
20110804,3.511,3.511,3.1599,3.3759,4904,0
20110805,3.1509,3.2859,3.0608,3.1509,92028,0
20110808,3.0248,3.1509,2.9708,2.9708,53710,0
20110809,2.8898,3.0608,2.6827,2.7908,91439,0
20110810,2.7908,3.2319,2.7908,2.9438,42735,0
20110811,2.7998,3.1509,2.7998,3.1509,42558,0
20110812,3.3219,3.3309,3.3219,3.3309,2244,0
20110816,3.475,3.475,3.1059,3.1059,2307,0
20110817,3.3309,3.3309,3.1509,3.1509,27,0
20110818,3.1599,3.2859,3.1599,3.2859,6893,0
20110819,3.2949,3.484,3.0158,3.4209,2242,0
20110822,3.1959,3.2409,3.1509,3.1689,1944,0
20110823,3.1689,3.3939,3.1689,3.3939,60,0
20110824,3.1149,3.1959,3.1149,3.1239,1077,0
20110825,3.4209,3.4209,3.1509,3.1959,10695,0
20110826,3.1329,3.1959,3.1059,3.1059,1855,0
20110829,3.1329,3.3309,3.1329,3.3309,44,0
20110830,3.1689,3.2859,3.1689,3.2859,31929,0
20110831,3.1869,3.3309,3.1509,3.1509,2455,0
20110901,3.3309,3.3309,3.1959,3.1959,2171,0
20110902,3.1959,3.1959,3.1959,3.1959,2307,0
20110905,3.2409,3.2409,3.0608,3.0608,11344,0
20110906,3.1419,3.1419,3.1419,3.1419,11,0
20110907,3.1419,3.2409,3.1419,3.1689,1644,0
20110908,3.1599,3.2319,3.1599,3.2319,205,0
20110909,3.1509,3.1509,2.9708,2.9708,201005,0
20110912,2.8898,2.8898,2.8808,2.8808,19202,0
20110913,2.9708,2.9708,2.7998,2.9078,24633,0
20110914,2.7188,3.1509,2.7188,3.1509,5535,0
20110915,3.1689,3.2859,3.1509,3.2859,5961,0
20110916,3.1059,3.4209,3.1059,3.4029,8691,0
20110919,3.4119,3.556,3.2049,3.556,21213,0
20110920,3.511,3.709,3.511,3.709,20473,0
20110921,3.61,3.781,3.4209,3.601,65875,0
20110922,3.736,3.736,3.43,3.43,113,0
20110923,3.439,3.583,3.2409,3.511,349576,0
20110926,3.52,3.691,3.52,3.619,18669,0
20110927,3.511,3.7,3.511,3.7,6256,0
20110928,3.691,3.8711,3.691,3.8711,22334,0
20110929,3.691,3.8621,3.646,3.8621,29855,0
20110930,3.781,3.8531,3.736,3.8531,28217,0
20111003,3.691,3.691,3.655,3.664,68357,0
20111004,3.511,3.664,3.511,3.511,2161,0
20111005,3.502,3.601,3.448,3.601,17064,0
20111006,3.601,3.601,3.511,3.511,2144,0
20111007,3.511,3.511,3.511,3.511,889,0
20111010,3.52,3.52,3.511,3.511,78818,0
20111011,3.736,3.736,3.448,3.448,20234,0
20111012,3.592,3.592,3.3309,3.3309,2372,0
20111013,3.493,3.493,3.493,3.493,557,0
20111014,3.3399,3.3579,3.3399,3.3579,630,0
20111017,3.3759,3.3759,3.3759,3.3759,319,0
20111018,3.3849,3.3849,3.3759,3.3759,110075,0
20111019,3.3759,3.4209,3.3759,3.4209,5400,0
20111021,3.448,3.448,3.43,3.43,455,0
20111024,3.457,3.457,3.448,3.448,389,0
20111025,3.3849,3.484,3.3849,3.3849,26211,0
20111026,3.3759,3.3759,3.3669,3.3669,4550,0
20111027,3.439,3.448,3.439,3.439,1000,0
20111028,3.3489,3.439,3.3489,3.439,5384,0
20111031,3.439,3.439,3.439,3.439,455,0
20111102,3.3399,3.3399,3.1329,3.1329,11067,0
20111103,3.1509,3.3309,3.1509,3.3309,6825,0
20111107,3.4209,3.448,3.4209,3.448,4729,0
20111108,3.484,3.682,3.484,3.601,9323,0
20111109,3.646,3.646,3.601,3.601,3425,0
20111110,3.601,3.673,3.601,3.673,478506,0
20111114,3.673,3.673,3.601,3.601,7620,0
20111115,3.637,3.646,3.637,3.646,2042,0
20111118,3.466,3.466,3.466,3.466,11108,0
20111121,3.457,3.457,3.4209,3.4209,1089,0
20111122,3.4209,3.601,3.4209,3.601,1973,0
20111123,3.52,3.601,3.52,3.538,1224,0
20111124,3.556,3.637,3.556,3.601,6490,0
20111125,3.2859,3.4209,3.2859,3.4209,1875,0
20111128,3.592,3.592,3.4209,3.4209,2194,0
20111129,3.3849,3.3849,3.3309,3.3309,1616,0
20111201,3.493,3.493,3.1509,3.2409,8865,0
20111202,3.3309,3.3309,3.2049,3.2409,4886,0
20111205,3.4119,3.484,3.3309,3.484,2577,0
20111206,3.484,3.484,3.484,3.484,815,0
20111207,3.493,3.592,3.484,3.592,8953,0
20111208,3.466,3.538,3.466,3.538,592,0
20111209,3.2859,3.529,3.2859,3.529,1220,0
20111212,3.3759,3.511,3.3759,3.4209,1818,0
20111213,3.4209,3.493,3.3039,3.493,3244,0
20111214,3.3309,3.4209,3.3309,3.3309,4700,0
20111215,3.3309,3.3309,3.3039,3.3039,1022,0
20111216,3.3129,3.484,3.3129,3.484,664,0
20111219,3.3399,3.3579,3.3399,3.3489,11216,0
20111220,3.3579,3.3579,3.3579,3.3579,9616,0
20111221,3.3759,3.448,3.3489,3.448,23639,0
20111223,3.3669,3.4119,3.3489,3.3489,5329,0
20111227,3.3489,3.3489,3.0789,3.0789,24763,0
20111228,3.2409,3.3759,3.2409,3.3759,389,0
20111229,3.1059,3.2409,3.1059,3.2409,6684,0
20111230,3.12,3.24,3.12,3.24,2266,0
20120102,3.538,3.538,3.538,3.538,6,0
20120109,3.3759,3.3759,3.3759,3.3759,382,0
20120110,3.448,3.709,3.448,3.709,8280,0
20120112,3.3759,3.601,3.3759,3.4209,4547,0
20120113,3.646,3.646,3.646,3.646,1,0
20120116,3.601,3.601,3.439,3.439,197,0
20120117,3.601,3.601,3.511,3.511,859,0
20120118,3.439,3.511,3.2949,3.2949,2032,0
20120119,3.511,3.511,3.3579,3.4209,10394,0
20120123,3.475,3.475,3.475,3.475,198,0
20120124,3.3849,3.3849,3.2679,3.2679,4776,0
20120126,3.3759,3.565,3.3759,3.565,9250,0
20120127,3.565,3.601,3.511,3.601,9875,0
20120130,3.511,3.511,3.511,3.511,222,0
20120131,3.48,3.59,3.47,3.59,684,0
20120201,3.511,3.511,3.493,3.493,84,0
20120202,3.493,3.493,3.484,3.484,1700,0
20120203,3.466,3.484,3.3939,3.466,5627,0
20120206,3.3759,3.556,3.3759,3.556,8061,0
20120207,3.646,3.691,3.601,3.691,14155,0
20120208,3.655,3.754,3.655,3.754,5717,0
20120209,3.754,3.79,3.709,3.736,7815,0
20120210,3.691,3.736,3.691,3.736,89807,0
20120213,3.601,3.736,3.601,3.736,9861,0
20120214,3.736,3.781,3.736,3.781,11188,0
20120215,3.8261,3.9161,3.8261,3.9161,7921,0
20120216,3.9161,3.9161,3.9071,3.9161,11047,0
20120217,3.7991,3.7991,3.7991,3.7991,132,0
20120220,3.8351,3.8711,3.8351,3.8711,4999,0
20120221,3.8351,3.8351,3.8351,3.8351,2232,0
20120222,3.8261,3.9161,3.736,3.9161,22709,0
20120223,3.9521,3.9521,3.9161,3.9161,34718,0
20120227,3.9161,3.9161,3.9161,3.9161,1343,0
20120229,3.8891,3.9161,3.8891,3.9161,1666,0
20120301,3.8441,3.8441,3.8441,3.8441,591,0
20120302,3.8261,3.8261,3.8261,3.8261,1111,0
20120305,3.781,3.781,3.781,3.781,444,0
20120306,3.655,3.673,3.655,3.673,2304,0
20120307,3.673,3.8261,3.673,3.8261,133,0
20120308,3.691,3.9161,3.691,3.9161,4187,0
20120309,3.781,3.781,3.781,3.781,555,0
20120312,3.781,3.781,3.781,3.781,663,0
20120313,3.8711,3.8711,3.8351,3.8351,991,0
20120314,3.9071,4.1231,3.9071,4.0511,138976,0
20120315,3.9341,4.2672,3.9341,4.1141,122065,0
20120316,4.1501,4.1772,3.9431,4.0781,10626,0
20120319,4.0781,4.0961,4.0781,4.0781,1490,0
20120320,4.0511,4.0511,3.79,4.0421,7067,0
20120321,4.0151,4.0241,4.0151,4.0241,444,0
20120322,3.9611,3.9611,3.637,3.781,43051,0
20120323,3.691,3.691,3.691,3.691,14326,0
20120326,3.781,3.781,3.646,3.763,16503,0
20120327,3.8081,3.8081,3.646,3.646,7639,0
20120328,3.736,3.736,3.646,3.691,12086,0
20120329,3.61,3.655,3.511,3.511,34377,0
20120330,3.6,3.68,3.55,3.55,11165,0
20120402,3.475,3.583,3.439,3.529,23112,0
20120403,3.529,3.565,3.484,3.511,35359,0
20120404,3.52,3.529,3.502,3.511,14623,0
20120405,3.511,3.547,3.511,3.511,2444,0
20120410,3.466,3.475,3.448,3.448,13849,0
20120411,3.457,3.511,3.4209,3.4209,37959,0
20120412,3.4209,3.475,3.4209,3.4209,9414,0
20120413,3.4029,3.466,3.2589,3.466,36525,0
20120416,3.3219,3.475,3.3219,3.466,6187,0
20120417,3.502,3.655,3.502,3.655,9275,0
20120418,3.556,3.646,3.556,3.601,9164,0
20120419,3.673,3.673,3.565,3.637,6678,0
20120420,3.646,3.646,3.529,3.529,5654,0
20120423,3.601,3.601,3.4209,3.4209,10514,0
20120424,3.556,3.556,3.4029,3.4209,20078,0
20120425,3.529,3.529,3.529,3.529,340,0
20120426,3.601,3.601,3.583,3.583,3877,0
20120427,3.4209,3.556,3.3939,3.556,1863,0
20120430,3.42,3.56,3.42,3.56,9140,0
20120507,3.511,3.511,3.511,3.511,433,0
20120508,3.511,3.511,3.43,3.43,4310,0
20120509,3.43,3.511,3.3759,3.3759,4904,0
20120510,3.3759,3.511,3.3759,3.511,6,0
20120511,3.511,3.556,3.511,3.556,833,0
20120515,3.556,3.556,3.3309,3.547,1224,0
20120516,3.3309,3.511,3.3039,3.502,3497,0
20120517,3.3399,3.43,3.3129,3.43,5687,0
20120518,3.2859,3.475,3.2859,3.475,6,0
20120524,3.4029,3.4029,3.2949,3.3849,187,0
20120525,3.2949,3.4119,3.2769,3.4119,1243,0
20120529,3.2949,3.2949,3.2769,3.2769,132,0
20120530,3.3309,3.3309,3.3309,3.3309,1963,0
20120531,3.34,3.38,3.34,3.38,581,0
20120601,3.3489,3.3489,3.3489,3.3489,419,0
20120604,3.3759,3.466,3.3759,3.3759,1451,0
20120605,3.29,3.29,3.2,3.24,8658,0
20120606,3.2,3.36,3.04,3.36,8342,0
20120608,3.3309,3.3399,3.2409,3.3399,3943,0
20120611,3.2049,3.2049,3.0248,3.1509,21145,0
20120612,3.1509,3.2409,2.9708,3.2409,1655,0
20120613,3.0608,3.0608,3.0338,3.0338,6076,0
20120614,3.0158,3.0338,2.9708,2.9978,9361,0
20120615,3.0248,3.0789,3.0158,3.0789,1999,0
20120618,3.2139,3.2139,2.9708,3.1779,1765,0
20120619,2.9708,3.1329,2.9708,3.1329,403,0
20120620,3.1869,3.2859,3.1869,3.2589,7214,0
20120621,3.1509,3.3219,3.1509,3.3219,854,0
20120622,3.41,3.55,3.32,3.38,61542,0
20120626,3.448,3.511,3.448,3.511,7587,0
20120627,3.484,3.547,3.475,3.547,1455,0
20120628,3.511,3.556,3.511,3.52,3274,0
20120629,3.57,3.57,3.57,3.57,1,0
20120702,3.57,3.58,3.51,3.51,3245,0
20120703,3.56,3.59,3.51,3.59,19246,0
20120704,3.59,3.63,3.59,3.63,21056,0
20120705,3.62,3.65,3.57,3.65,109202,0
20120706,3.6,3.6,3.52,3.52,41229,0
20120709,3.59,3.61,3.59,3.61,2352,0
20120710,3.45,3.76,3.45,3.76,17381,0
20120711,3.75,3.75,3.56,3.7,5908,0
20120712,3.68,3.68,3.6,3.68,2389,0
20120713,3.68,3.68,3.58,3.58,1201,0
20120716,3.56,3.65,3.55,3.65,770,0
20120717,3.55,3.65,3.55,3.65,7371,0
20120718,3.64,3.64,3.55,3.55,5189,0
20120719,3.53,3.53,3.53,3.53,398,0
20120720,3.53,3.65,3.53,3.65,634,0
20120723,3.53,3.64,3.5,3.63,9205,0
20120724,3.56,3.56,3.33,3.54,7578,0
20120725,3.39,3.54,3.39,3.54,985,0
20120726,3.53,3.54,3.53,3.54,12398,0
20120727,3.56,3.56,3.56,3.56,23194,0
20120730,3.36,3.6,3.36,3.6,9,0
20120731,3.63,3.63,3.51,3.51,8479,0
20120801,3.54,3.54,3.5,3.5,632,0
20120802,3.54,3.57,3.54,3.57,13940,0
20120803,3.62,3.62,3.62,3.62,2,0
20120806,3.61,3.69,3.61,3.69,16766,0
20120807,3.61,3.61,3.6,3.6,1060,0
20120808,3.69,3.69,3.5,3.54,31728,0
20120809,3.6,3.6,3.48,3.48,4135,0
20120810,3.59,3.59,3.59,3.59,258,0
20120813,3.59,3.59,3.58,3.59,4150,0
20120814,3.48,3.5,3.48,3.5,1106,0
20120816,3.51,3.51,3.51,3.51,3,0
20120817,3.51,3.51,3.48,3.48,1723,0
20120820,3.5,3.5,3.48,3.5,178346,0
20120822,3.48,3.55,3.48,3.55,286,0
20120823,3.48,3.55,3.34,3.53,5069,0
20120824,3.57,3.57,3.31,3.5,8460,0
20120827,3.3,3.49,3.15,3.49,2501,0
20120829,3.47,3.48,3.46,3.48,566,0
20120830,3.45,3.45,3.45,3.45,33,0
20120831,3.3,3.3,3.3,3.3,3,0
20120903,3.16,3.16,2.8,2.8,27167,0
20120904,2.85,2.85,2.51,2.53,15548,0
20120905,2.6,2.65,2.55,2.55,3574,0
20120906,2.6,2.74,2.6,2.7,3355,0
20120907,2.7,2.79,2.65,2.65,14289,0
20120910,2.62,2.74,2.61,2.7,1175,0
20120911,2.62,2.62,2.61,2.61,1000,0
20120912,2.62,2.66,2.59,2.66,16713,0
20120913,2.56,2.57,2.54,2.54,1230,0
20120914,2.55,2.59,2.54,2.54,5920,0
20120917,2.54,2.54,2.53,2.53,1870,0
20120918,2.54,2.6,2.54,2.6,3632,0
20120919,2.77,2.77,2.53,2.63,2388,0
20120920,2.6,2.6,2.52,2.52,1810,0
20120921,2.52,2.52,2.45,2.45,31637,0
20120924,2.5,2.5,2.45,2.45,902,0
20120925,2.5,2.52,2.46,2.46,970,0
20120926,2.59,2.59,2.59,2.59,1,0
20120927,2.48,2.49,2.48,2.48,1200,0
20120928,2.46,2.58,2.46,2.58,324,0
20121001,2.57,2.57,2.57,2.57,3,0
20121002,2.62,2.62,2.61,2.61,72,0
20121003,2.62,2.65,2.62,2.65,4605,0
20121004,2.64,2.64,2.55,2.64,803,0
20121005,2.64,2.64,2.5,2.61,1770,0
20121008,2.61,2.61,2.46,2.52,2179,0
20121009,2.5,2.62,2.5,2.51,4239,0
20121010,2.5,2.51,2.5,2.51,940,0
20121011,2.58,2.58,2.58,2.58,2,0
20121012,2.5,2.51,2.5,2.51,1244,0
20121015,2.47,2.48,2.47,2.48,2297,0
20121016,2.51,2.51,2.5,2.51,135730,0
20121017,2.51,2.51,2.46,2.46,2070,0
20121018,2.46,2.46,2.42,2.42,665,0
20121019,2.45,2.47,2.45,2.47,300,0
20121022,2.4,2.4,2.4,2.4,1631,0
20121023,2.47,2.47,2.47,2.47,2,0
20121024,2.4,2.4,2.21,2.24,12698,0
20121025,2.26,2.26,2.2,2.24,2694,0
20121026,2.22,2.25,2.22,2.25,2235,0
20121029,2.28,2.32,2.24,2.24,3930,0
20121030,2.32,2.32,2.15,2.17,2002,0
20121031,2,2.32,2,2.32,5476,0
20121102,2.1,2.14,2.1,2.1,8331,0
20121105,2.1,2.2,2.06,2.19,3049,0
20121106,2.06,2.15,2.06,2.14,1183,0
20121107,2.13,2.13,2.06,2.07,1506,0
20121108,2.06,2.14,1.97,2.14,7718,0
20121109,1.95,2.03,1.95,2,5864,0
20121112,2,2.09,2,2.08,5514,0
20121113,2.05,2.09,2.01,2.04,2359,0
20121114,2.09,2.09,2.09,2.09,200,0
20121115,2.1,2.1,1.89,2.03,5569,0
20121119,2.03,2.03,1.99,2.02,723,0
20121120,1.95,2.05,1.95,2.05,11311,0
20121121,2,2.05,2,2.01,1342,0
20121122,2.05,2.07,1.88,1.88,6518,0
20121123,1.88,1.88,1.75,1.84,6708,0
20121126,1.83,1.86,1.8,1.86,27096,0
20121127,1.81,1.99,1.81,1.99,5728,0
20121128,2,2.03,2,2,6365,0
20121129,2.02,2.07,2.02,2.07,4670,0
20121130,2.15,2.15,2.11,2.11,1730,0
20121203,2.15,2.15,2,2.12,7830,0
20121204,2.14,2.14,2.02,2.02,789,0
20121205,2.02,2.06,2.02,2.06,3351,0
20121206,2.1,2.1,2.09,2.09,990,0
20121207,2.1,2.29,2.09,2.29,1790,0
20121210,2.2,2.2,2.1,2.1,2500,0
20121213,2.12,2.15,2.1,2.1,2077,0
20121214,2.13,2.15,2.13,2.15,1303,0
20121217,2.15,2.15,2.13,2.13,12,0
20121218,2.04,2.1,2.01,2.09,1955,0
20121219,2.07,2.07,2,2.02,10353,0
20121220,2.03,2.03,1.93,1.96,10982,0
20121221,1.98,1.98,1.98,1.98,412,0
20121227,1.98,2.01,1.98,1.98,1268,0
20130102,2.1,2.1,2.04,2.09,989,0
20130103,2.1,2.1,2.1,2.1,2,0
20130104,2.1,2.1,2.09,2.09,3353,0
20130107,2,2.09,2,2.09,2002,0
20130108,2.1,2.1,1.95,2,1387,0
20130109,2,2.09,1.93,2.09,2652,0
20130110,2,2.1,2,2.1,1308,0
20130111,2.08,2.08,2,2.06,2103,0
20130114,2.03,2.09,2,2.07,6951,0
20130115,2.05,2.06,2,2,900,0
20130116,2.07,2.07,1.98,1.98,6249,0
20130117,1.98,1.98,1.95,1.95,600,0
20130118,2,2.05,1.99,1.99,5032,0
20130121,2,2,2,2,2000,0
20130122,2.05,2.05,2,2,6921,0
20130123,1.98,1.98,1.98,1.98,70,0
20130124,1.98,2.04,1.98,2.04,974,0
20130125,2.04,2.19,2.04,2.18,33233,0
20130128,2.24,2.25,2.13,2.2,4722,0
20130129,2.15,2.25,2.09,2.25,7668,0
20130130,2.2,2.2,2.2,2.2,2,0
20130131,2.27,2.27,2.12,2.24,2519,0
20130201,2.2,2.29,2.2,2.25,4142,0
20130204,2.22,2.25,2.19,2.25,4715,0
20130205,2.28,2.29,2.16,2.16,10080,0
20130206,2.16,2.28,2.16,2.28,540,0
20130207,2.27,2.28,2.15,2.27,6612,0
20130208,2.28,2.28,2.21,2.21,121,0
20130211,2.27,2.28,2.21,2.21,1843,0
20130212,2.18,2.28,2.18,2.26,1808,0
20130213,2.24,2.38,2.24,2.38,14093,0
20130214,2.38,2.49,2.31,2.48,5792,0
20130215,2.52,2.53,2.45,2.52,4413,0
20130218,2.52,2.57,2.5,2.57,4709,0
20130219,2.57,2.69,2.57,2.69,1600,0
20130220,2.69,2.78,2.69,2.78,2896,0
20130221,2.65,2.78,2.61,2.78,3537,0
20130222,2.78,2.78,2.65,2.65,915,0
20130225,2.69,2.69,2.69,2.69,2,0
20130226,2.55,2.65,2.55,2.65,791,0
20130227,2.65,2.8,2.6,2.8,8367,0
20130228,2.83,2.83,2.62,2.62,1185,0
20130301,2.56,2.8,2.56,2.79,731,0
20130304,2.8,2.8,2.79,2.79,251,0
20130305,2.66,2.78,2.66,2.78,1102,0
20130306,2.79,2.79,2.79,2.79,2,0
20130307,2.79,2.79,2.64,2.79,1502,0
20130308,2.7,2.73,2.7,2.73,2293,0
20130311,2.53,2.75,2.53,2.74,12671,0
20130312,2.73,2.73,2.72,2.73,1885,0
20130313,2.74,2.74,2.74,2.74,2,0
20130314,2.63,2.73,2.63,2.73,402,0
20130315,2.73,2.73,2.73,2.73,3,0
20130318,2.63,2.73,2.62,2.73,2180,0
20130319,2.73,2.73,2.73,2.73,3,0
20130320,2.59,2.71,2.59,2.71,25502,0
20130321,2.59,2.59,2.57,2.57,1346,0
20130322,2.43,2.55,2.43,2.55,1500,0
20130325,2.55,2.64,2.55,2.63,612,0
20130326,2.6,2.6,2.5,2.5,3855,0
20130327,2.5,2.59,2.45,2.45,16468,0
20130328,2.38,2.44,2.38,2.44,172,0
20130402,2.41,2.65,2.41,2.65,1555,0
20130403,2.64,2.64,2.43,2.64,202,0
20130404,2.62,2.62,2.44,2.45,2528,0
20130405,2.58,2.58,2.58,2.58,4,0
20130410,2.37,2.55,2.37,2.55,502,0
20130411,2.45,2.55,2.45,2.55,943,0
20130415,2.35,2.36,2.33,2.36,4532,0
20130417,2.31,2.31,2.3,2.3,3047,0
20130418,2.35,2.35,2.25,2.25,1757,0
20130419,2.3,2.3,2.3,2.3,500,0
20130422,2.4,2.4,2.28,2.28,1352,0
20130423,2.35,2.35,2.2,2.2,1314,0
20130424,2.12,2.22,2,2.21,1202,0
20130425,2.29,2.29,2.29,2.29,2,0
20130426,2.12,2.12,2.12,2.12,12,0
20130429,2.19,2.3,2.19,2.26,753,0
20130430,2.45,2.45,2.45,2.45,250,0
20130506,2.1,2.27,2.1,2.27,299,0
20130507,2.35,2.4,2.35,2.4,1230,0
20130508,2.44,2.44,2.44,2.44,100,0
20130509,2.39,2.39,2.28,2.37,9250,0
20130510,2.35,2.45,2.35,2.45,925,0
20130515,2.45,2.45,2.22,2.22,520,0
20130516,2.25,2.32,2.25,2.32,843,0
20130517,2.35,2.44,2.35,2.44,765,0
20130520,2.45,2.45,2.44,2.45,429,0
20130521,2.45,2.45,2.45,2.45,5,0
20130522,2.44,2.44,2.44,2.44,7,0
20130523,2.44,2.44,2.44,2.44,37,0
20130524,2.4,2.44,2.4,2.44,10221,0
20130527,2.5,2.5,2.5,2.5,17,0
20130528,2.49,2.57,2.45,2.57,6735,0
20130529,2.57,2.59,2.49,2.5,3438,0
20130531,2.59,2.59,2.59,2.59,595,0
20130603,2.6,2.6,2.5,2.5,770,0
20130604,2.48,2.48,2.47,2.47,3720,0
20130606,2.45,2.45,2.45,2.45,694,0
20130607,2.53,2.53,2.45,2.45,604,0
20130610,2.45,2.58,2.44,2.58,2120,0
20130611,2.54,2.54,2.54,2.54,10,0
20130612,2.5,2.55,2.5,2.55,105,0
20130613,2.5,2.5,2.45,2.45,308,0
20130614,2.55,2.55,2.44,2.44,1730,0
20130617,2.45,2.45,2.41,2.41,1198,0
20130618,2.5,2.5,2.4,2.5,331,0
20130619,2.49,2.49,2.49,2.49,159,0
20130620,2.4,2.4,2.38,2.38,3000,0
20130621,2.37,2.37,2.2,2.2,3954,0
20130624,2.36,2.36,2.2,2.2,800,0
20130625,2.25,2.3,2.25,2.3,358,0
20130626,2.16,2.26,2.14,2.25,2900,0
20130627,2.28,2.28,2.28,2.28,35,0
20130628,2.28,2.28,2.06,2.23,652,0
20130701,2.24,2.24,2.24,2.24,1142,0
20130704,2.15,2.24,2.15,2.24,1678,0
20130705,2.24,2.24,2.24,2.24,3420,0
20130708,2.39,2.39,2.16,2.16,3629,0
20130709,2.25,2.39,2.2,2.39,7441,0
20130710,2.4,2.5,2.39,2.4,11313,0
20130711,2.4,2.56,2.4,2.56,207941,0
20130712,2.59,2.63,2.57,2.62,51047,0
20130715,2.57,2.57,2.57,2.57,55,0
20130716,2.6,2.6,2.51,2.51,813,0
20130717,2.6,2.6,2.6,2.6,10,0
20130718,2.6,2.6,2.6,2.6,2,0
20130719,2.28,2.5,2.28,2.5,112,0
20130722,2.59,2.64,2.59,2.64,1430,0
20130723,2.51,2.59,2.5,2.59,243,0
20130725,2.5,2.5,2.35,2.5,67,0
20130726,2.38,2.5,2.38,2.5,450,0
20130729,2.5,2.58,2.36,2.58,3443,0
20130730,2.52,2.57,2.52,2.57,2245,0
20130731,2.57,2.57,2.57,2.57,10,0
20130801,2.57,2.57,2.57,2.57,10,0
20130802,2.57,2.57,2.56,2.56,71,0
20130805,2.56,2.56,2.55,2.55,20,0
20130806,2.55,2.57,2.52,2.52,8007,0
20130807,2.5,2.52,2.5,2.52,100,0
20130808,2.52,2.58,2.52,2.58,736,0
20130809,2.5,2.58,2.5,2.58,135,0
20130812,2.55,2.56,2.47,2.49,17225,0
20130813,2.38,2.56,2.36,2.55,1478,0
20130814,2.55,2.55,2.55,2.55,5,0
20130816,2.55,2.55,2.55,2.55,10,0
20130819,2.5,2.55,2.5,2.55,483667,0
20130820,2.57,2.57,2.55,2.57,424,0
20130821,2.56,2.65,2.56,2.65,23728,0
20130822,2.65,2.74,2.65,2.74,7486,0
20130823,2.74,2.74,2.58,2.74,12091,0
20130826,2.62,2.74,2.62,2.74,728,0
20130827,2.74,2.74,2.74,2.74,10,0
20130828,2.7,2.74,2.63,2.74,3347,0
20130830,2.76,2.89,2.74,2.77,8954,0
20130902,2.84,2.95,2.84,2.95,13690,0
20130903,2.94,2.94,2.9,2.9,1985,0
20130904,2.94,2.99,2.9,2.9,5697,0
20130905,2.88,2.88,2.78,2.84,7840,0
20130906,2.73,2.88,2.73,2.88,2939,0
20130909,2.87,2.88,2.82,2.88,2217,0
20130910,2.74,2.95,2.74,2.95,489,0
20130911,2.95,2.95,2.85,2.95,743,0
20130912,2.95,2.95,2.94,2.94,60,0
20130913,2.85,2.94,2.84,2.94,1511,0
20130916,2.94,2.99,2.85,2.99,6086,0
20130917,2.93,2.99,2.9,2.99,3849,0
20130918,2.99,2.99,2.91,2.99,11072,0
20130919,2.99,3.26,2.99,3.17,20508,0
20130920,3.2,3.24,3.19,3.19,2283,0
20130923,3.14,3.28,3.14,3.27,4362,0
20130924,3.2,3.2,3.19,3.19,5020,0
20130925,3.15,3.17,3.05,3.1,7020,0
20130926,3.07,3.17,3.07,3.17,551,0
20130927,3.15,3.15,3.15,3.15,1000,0
20130930,3.15,3.15,3.15,3.15,10,0
20131001,3.15,3.3,3.15,3.28,34126,0
20131002,3.3,3.43,3.3,3.42,24168,0
20131003,3.48,3.58,3.48,3.58,19517,0
20131004,3.58,3.58,3.55,3.58,7857,0
20131007,3.58,3.58,3.34,3.42,25778,0
20131008,3.43,3.43,3.35,3.41,7169,0
20131009,3.41,3.41,3.3,3.4,12661,0
20131010,3.4,3.43,3.39,3.43,4796,0
20131011,3.42,3.54,3.42,3.52,5417,0
20131014,3.52,3.53,3.52,3.52,8841,0
20131015,3.52,3.54,3.46,3.52,6491,0
20131016,3.52,3.54,3.5,3.5,8893,0
20131017,3.5,3.51,3.43,3.49,2321,0
20131018,3.45,3.49,3.43,3.45,2821,0
20131021,3.45,3.54,3.4,3.5,16397,0
20131022,3.5,3.55,3.45,3.48,7341,0
20131023,3.45,3.45,3.33,3.4,18609,0
20131024,3.4,3.55,3.4,3.5,6572,0
20131025,3.45,3.52,3.45,3.52,18290,0
20131028,3.52,3.55,3.5,3.54,9515,0
20131029,3.54,3.6,3.5,3.59,42156,0
20131030,3.59,3.6,3.59,3.59,32253,0
20131031,3.55,3.59,3.55,3.55,6903,0
20131104,3.59,3.71,3.59,3.68,62629,0
20131105,3.68,3.7,3.56,3.6,20443,0
20131106,3.5,3.61,3.49,3.6,8681,0
20131107,3.66,3.66,3.45,3.5,16551,0
20131108,3.54,3.54,3.4,3.46,3201,0
20131112,3.46,3.52,3.4,3.5,8826,0
20131113,3.45,3.45,3.36,3.4,20872,0
20131114,3.41,3.47,3.41,3.47,2684,0
20131115,3.41,3.42,3.33,3.39,14223,0
20131118,3.37,3.46,3.33,3.46,22246,0
20131119,3.44,3.46,3.4,3.45,267796,0
20131120,3.47,3.59,3.46,3.59,12776,0
20131121,3.6,3.65,3.51,3.54,12966,0
20131122,3.56,3.56,3.51,3.56,55591,0
20131125,3.63,3.68,3.32,3.39,46401,0
20131126,3.35,3.35,3.01,3.01,281230,0
20131127,3.04,3.22,3.04,3.2,94457,0
20131128,3.2,3.2,3.05,3.1,20966,0
20131129,3.12,3.15,3.1,3.11,107241,0
20131202,3.1,3.14,2.83,3,21284,0
20131203,3.04,3.04,2.88,2.99,14854,0
20131204,2.99,3,2.88,2.98,16354,0
20131205,3,3.04,2.94,2.99,33782,0
20131206,3.03,3.03,2.92,2.97,128820,0
20131209,2.97,2.98,2.94,2.97,43423,0
20131210,3,3.07,3,3.05,27456,0
20131211,3.04,3.04,2.98,3.03,9065,0
20131212,3.03,3.03,2.88,2.98,36779,0
20131213,2.9,2.97,2.9,2.97,20319,0
20131216,2.97,3,2.91,2.98,25501,0
20131217,2.94,2.98,2.94,2.98,22906,0
20131218,2.92,3,2.92,3,116442,0
20131219,3,3.05,3,3.05,38630,0
20131220,3.07,3.07,2.92,3.05,109823,0
20131223,3.04,3.04,2.99,3.02,55555,0
20131227,3.03,3.05,2.98,3.05,14948,0
20131230,3.03,3.03,3,3.02,32761,0
20140102,3,3.04,2.81,2.93,149757,0
20140103,2.95,3.01,2.95,2.98,25530,0
20140107,2.98,2.98,2.9,2.9,45754,0
20140108,2.87,2.96,2.87,2.9,24404,0
20140109,2.94,2.94,2.9,2.92,1707,0
20140110,2.88,2.9,2.88,2.88,1410,0
20140113,2.9,2.92,2.87,2.87,346768,0
20140114,2.87,2.9,2.85,2.9,13876,0
20140115,2.87,2.91,2.87,2.9,86526,0
20140116,2.9,3.06,2.9,3.05,320286,0
20140117,3.1,3.19,3.05,3.19,193768,0
20140120,3.19,3.3,3.1,3.3,257695,0
20140121,3.29,3.51,3.26,3.48,513035,0
20140122,3.51,3.55,3.34,3.5,467825,0
20140123,3.43,3.55,3.43,3.5,113563,0
20140124,3.5,3.5,3.32,3.45,13723,0
20140127,3.31,3.31,3.26,3.27,62627,0
20140128,3.25,3.31,3.25,3.28,29627,0
20140129,3.33,3.34,3.21,3.21,27660,0
20140130,3.2,3.22,3.16,3.19,42262,0
20140131,3.27,3.27,3.2,3.24,87507,0
20140203,3.32,3.45,3.31,3.37,43944,0
20140204,3.26,3.48,3.26,3.47,84537,0
20140205,3.48,3.49,3.39,3.49,20425,0
20140206,3.5,3.6,3.5,3.56,68358,0
20140207,3.51,3.59,3.51,3.52,50418,0
20140210,3.52,3.52,3.5,3.5,3012,0
20140211,3.49,3.52,3.47,3.52,9290,0
20140212,3.5,3.5,3.47,3.48,6635,0
20140213,3.44,3.48,3.43,3.47,42838,0
20140214,3.47,3.47,3.36,3.36,34421,0
20140217,3.4,3.47,3.37,3.41,17025,0
20140218,3.43,3.47,3.43,3.46,126659,0
20140219,3.46,3.46,3.45,3.45,9,0
20140220,3.41,3.42,3.38,3.42,1987,0
20140221,3.46,3.49,3.41,3.49,9262,0
20140224,3.42,3.47,3.42,3.47,2869,0
20140225,3.42,3.54,3.38,3.48,34945,0
20140226,3.43,3.51,3.33,3.33,27617,0
20140227,3.33,3.34,3.31,3.31,4812,0
20140228,3.31,3.4,3.31,3.4,9236,0
20140303,3.31,3.31,3.15,3.2,74168,0
20140304,3.2,3.34,3.13,3.31,48683,0
20140305,3.3,3.36,3.27,3.34,28999,0
20140306,3.3,3.33,3.26,3.31,30050,0
20140307,3.27,3.32,3.26,3.26,15122,0
20140310,3.21,3.21,3.15,3.19,6827,0
20140311,3.2,3.24,3.18,3.18,13105,0
20140312,3.2,3.21,3.15,3.15,10454,0
20140313,3.17,3.26,3.1,3.15,6627,0
20140314,3.07,3.1,2.96,3.03,27210,0
20140317,3,3.19,3,3.15,19586,0
20140318,3.28,3.28,3.13,3.19,36381,0
20140319,3.25,3.25,3.13,3.15,23365,0
20140320,3.15,3.17,3.08,3.14,10139,0
20140321,3.08,3.11,3.04,3.08,45995,0
20140324,3.1,3.1,3.06,3.07,14155,0
20140325,3.03,3.18,3.01,3.18,24787,0
20140326,3.2,3.21,3.15,3.18,79469,0
20140327,3.18,3.26,3.11,3.26,71465,0
20140328,3.23,3.23,3.18,3.23,11705,0
20140331,3.25,3.26,3.22,3.25,20696,0
20140401,3.26,3.26,3.18,3.26,31309,0
20140402,3.28,3.29,3.2,3.28,35922,0
20140403,3.27,3.29,3.22,3.29,9610,0
20140404,3.28,3.28,3.28,3.28,2,0
20140407,3.27,3.28,3.21,3.27,6363,0
20140408,3.27,3.27,3.21,3.22,2580,0
20140409,3.28,3.29,3.24,3.28,6767,0
20140410,3.27,3.27,3.23,3.27,754,0
20140411,3.22,3.25,3.21,3.25,1398,0
20140414,3.25,3.25,3.12,3.2,3918,0
20140415,3.28,3.28,3.19,3.2,1590,0
20140416,3.14,3.19,3.12,3.12,3816,0
20140417,3.13,3.19,3.1,3.19,22064,0
20140422,3.17,3.2,3.16,3.2,1919,0
20140423,3.16,3.2,3.07,3.2,16014,0
20140424,3.12,3.2,3.12,3.2,11701,0
20140425,3.2,3.24,3.2,3.2,11072,0
20140428,3.25,3.25,3.19,3.2,462,0
20140429,3.2,3.23,3.19,3.23,317,0
20140430,3.2,3.22,3.2,3.22,2266,0
20140502,3.2,3.2,3.2,3.2,200,0
20140505,3.2,3.2,3.09,3.09,17000,0
20140506,3.01,3.09,3,3.03,25491,0
20140507,3.02,3.02,2.8,3,306956,0
20140508,3,3.13,3,3.09,2784,0
20140509,3.09,3.09,3.06,3.06,152,0
20140512,3,3.08,3,3.06,370061,0
20140513,3.06,3.06,3.01,3.06,459,0
20140514,3.08,3.09,3,3,4333,0
20140515,3.08,3.1,2.97,3.08,110464,0
20140516,3.08,3.08,3.01,3.08,103453,0
20140519,3.08,3.14,3.08,3.08,26042,0
20140520,3.1,3.15,3.1,3.15,150471,0
20140521,3.19,3.28,3.19,3.26,143022,0
20140522,3.29,3.3,3.25,3.3,74143,0
20140523,3.33,3.36,3.23,3.3,69126,0
20140526,3.22,3.23,3.2,3.2,12257,0
20140527,3.2,3.27,3.2,3.27,6523,0
20140528,3.26,3.32,3.26,3.32,40102,0
20140529,3.34,3.36,3.29,3.35,3943,0
20140530,3.36,3.36,3.28,3.29,277,0
20140602,3.19,3.35,3.19,3.32,9146,0
20140603,3.31,3.4,3.3,3.3,350643,0
20140604,3.37,3.37,3.27,3.32,3108,0
20140605,3.34,3.34,3.27,3.32,1520,0
20140606,3.26,3.32,3.26,3.3,244,0
20140609,3.32,3.32,3.3,3.3,119,0
20140610,3.29,3.29,3.28,3.29,1666,0
20140611,3.28,3.28,3.21,3.22,12334,0
20140612,3.25,3.25,3.15,3.19,7747,0
20140613,3.17,3.17,3.12,3.14,214134,0
