Date,Open,High,Low,Close,Volume,OpenInt
20070629,6.6,6.78,6.06,6.06,12243038,0
20070702,6.16,6.16,5.44,5.83,5005328,0
20070703,6,6.14,5.95,6.02,4093340,0
20070704,6.1,6.22,6.03,6.1,1571943,0
20070705,6.17,6.17,5.95,6.06,1254384,0
20070706,6.08,6.09,5.98,5.99,467380,0
20070709,6.01,6.01,5.75,5.79,777142,0
20070710,5.77,5.8,5.53,5.58,1537995,0
20070711,5.6,5.6,5.3,5.41,1125061,0
20070712,5.34,5.48,5.3,5.39,731687,0
20070713,5.39,5.58,5.34,5.55,754799,0
20070716,5.57,5.68,5.11,5.4,410798,0
20070717,5.36,5.36,5.14,5.27,557286,0
20070718,5.3,5.3,5.15,5.18,776089,0
20070719,5.2,5.72,5.2,5.62,1332901,0
20070720,5.7,5.7,5.45,5.47,560769,0
20070723,5.47,5.58,5.3,5.4,343573,0
20070724,5.52,5.52,5.17,5.19,892447,0
20070725,5,5.18,4.78,5.15,1469742,0
20070726,5.15,5.18,4.98,4.98,872935,0
20070727,4.81,5.05,4.79,4.8,1155882,0
20070730,4.85,5,4.85,4.9,411269,0
20070731,4.99,5.15,4.99,5.05,691273,0
20070801,5,5,4.88,4.92,401846,0
20070802,5.06,5.09,4.84,4.84,1205289,0
20070803,4.93,4.93,4.78,4.8,224689,0
20070806,4.7,4.72,4.5,4.6,595295,0
20070807,4.7,4.74,4.23,4.23,966658,0
20070808,4.31,4.48,4.23,4.25,1341116,0
20070809,4.3,4.3,3.91,4.02,2507152,0
20070810,3.86,3.88,3.59,3.65,2229878,0
20070813,3.65,4.14,3.65,4.05,2186017,0
20070814,4.05,4.18,3.99,3.99,2166180,0
20070816,3.79,3.79,3.42,3.6,1553831,0
20070817,3.59,3.99,3.54,3.9,2412368,0
20070820,4.05,4.15,3.9,3.97,728987,0
20070821,4.01,4.01,3.79,3.95,652150,0
20070822,4,4.15,3.91,4.08,2004881,0
20070823,4.14,4.26,4.06,4.09,1914994,0
20070824,4.1,4.27,4.02,4.16,1374292,0
20070827,4.25,4.4,4.25,4.29,988206,0
20070828,4.29,4.37,4.22,4.31,602132,0
20070829,4.06,4.32,4.05,4.29,709612,0
20070830,4.4,4.46,3.98,4.09,1343819,0
20070831,4.17,4.3,4.17,4.2,398446,0
20070903,4.22,4.25,4.1,4.2,261726,0
20070904,4.2,4.2,4.07,4.12,421433,0
20070905,4.13,4.14,3.88,3.88,760619,0
20070906,3.93,3.95,3.78,3.88,426693,0
20070907,3.84,3.92,3.69,3.74,598936,0
20070910,3.65,3.74,3.54,3.64,524392,0
20070911,3.67,3.77,3.66,3.75,567560,0
20070912,3.79,3.81,3.7,3.72,233500,0
20070913,3.69,4.02,3.65,3.99,937827,0
20070914,3.99,4.13,3.78,3.82,1007841,0
20070917,3.81,3.82,3.71,3.79,371672,0
20070918,3.78,3.79,3.7,3.78,776849,0
20070919,3.92,3.95,3.84,3.86,782706,0
20070920,3.85,3.88,3.78,3.78,498649,0
20070921,3.78,3.96,3.78,3.8,1417266,0
20070924,3.81,3.88,3.75,3.77,385817,0
20070925,3.75,3.95,3.75,3.93,1280961,0
20070926,3.95,4.74,3.9,4.49,6703635,0
20070927,4.54,4.65,4.25,4.28,3047339,0
20070928,4.28,4.48,4.15,4.2,1566436,0
20071001,4.19,4.27,4.06,4.14,760505,0
20071002,4.21,4.26,4.1,4.13,1126064,0
20071003,4.13,4.15,4,4.02,699986,0
20071004,3.99,4.23,3.96,4.13,2990267,0
20071005,4.16,4.29,4.11,4.25,2482485,0
20071008,4.28,4.3,4.18,4.19,514150,0
20071009,4.19,4.37,4.19,4.25,846147,0
20071010,4.3,4.3,4.19,4.2,438324,0
20071011,4.21,4.25,4.15,4.2,487516,0
20071012,4.19,4.28,4.11,4.25,1137507,0
20071015,4.28,4.4,4.25,4.32,774952,0
20071016,4.3,4.3,4.21,4.22,279475,0
20071017,4.21,4.3,4.21,4.29,261062,0
20071018,4.29,4.29,4.1,4.19,504583,0
20071019,4.1,4.2,4.1,4.17,1279210,0
20071022,4.07,4.14,4.02,4.1,1485024,0
20071023,4.1,4.18,4.09,4.11,488382,0
20071024,4.12,4.14,4.07,4.1,841347,0
20071025,4.12,4.12,4.07,4.1,812997,0
20071026,4.1,4.13,4.07,4.09,358812,0
20071029,4.1,4.22,4.1,4.19,541101,0
20071030,4.19,4.19,4.11,4.13,106549,0
20071031,4.13,4.13,4.09,4.12,117135,0
20071102,4.09,4.09,3.99,4.04,503246,0
20071105,4.01,4.02,3.97,3.99,224472,0
20071106,3.95,4,3.91,3.97,127218,0
20071107,3.99,4.01,3.61,3.61,687120,0
20071108,3.5,3.75,3.35,3.7,1058687,0
20071109,3.71,3.87,3.6,3.7,553122,0
20071112,3.6,3.75,3.6,3.7,286788,0
20071113,3.73,3.75,3.6,3.67,396804,0
20071114,3.81,3.89,3.69,3.75,847021,0
20071115,3.71,3.78,3.41,3.53,780575,0
20071116,3.5,3.56,3.35,3.38,984881,0
20071119,3.44,3.44,3.28,3.28,452515,0
20071120,3.26,3.26,3.02,3.1,993865,0
20071121,3,3.05,2.86,2.93,1109798,0
20071122,2.9,3.1,2.72,3.08,1968319,0
20071123,3.15,3.19,3.01,3.04,2286357,0
20071126,3.1,3.12,2.88,2.95,928430,0
20071127,2.85,3.05,2.84,2.98,1079301,0
20071128,3.02,3.15,2.98,3.09,836559,0
20071129,3.15,3.19,3.05,3.07,764263,0
20071130,3.09,3.26,3.09,3.17,783727,0
20071203,3.19,3.19,3.1,3.16,398404,0
20071204,3.15,3.18,3.1,3.17,536446,0
20071205,3.18,3.36,3.18,3.35,821515,0
20071206,3.36,3.4,3.25,3.28,589029,0
20071207,3.28,3.35,3.26,3.3,253179,0
20071210,3.25,3.31,3.21,3.26,207982,0
20071211,3.27,3.27,3.12,3.18,471976,0
20071212,3.1,3.16,3.07,3.13,1097105,0
20071213,3.1,3.1,3,3.04,648630,0
20071214,3.04,3.08,2.96,3,447140,0
20071217,2.98,2.98,2.85,2.85,927667,0
20071218,2.81,2.98,2.65,2.96,3439465,0
20071219,3,3,2.87,2.94,899848,0
20071220,2.9,2.96,2.88,2.93,2115806,0
20071221,2.93,2.96,2.9,2.94,1703773,0
20071227,2.96,3.08,2.96,3.01,400552,0
20071228,3.02,3.11,3,3.03,590503,0
20080102,3.06,3.06,3.01,3.03,121393,0
20080103,3.01,3.13,2.96,3.12,1004415,0
20080104,3.15,3.33,3.1,3.18,1006432,0
20080107,3.09,3.18,3.05,3.05,564942,0
20080108,3.05,3.1,2.99,3.06,268904,0
20080109,3,3.04,2.97,3.01,702186,0
20080110,3.03,3.03,2.94,2.95,294072,0
20080111,2.96,3.02,2.96,3,307270,0
20080114,2.98,3.02,2.88,3.02,568638,0
20080115,3,3.08,2.96,3,521360,0
20080116,2.85,2.93,2.8,2.9,738426,0
20080117,2.95,2.99,2.81,2.87,402002,0
20080118,2.85,2.95,2.83,2.87,869959,0
20080121,2.81,2.86,2.64,2.64,1351253,0
20080122,2.49,2.69,2.42,2.62,2171102,0
20080123,2.67,2.73,2.5,2.61,4953459,0
20080124,2.73,2.8,2.65,2.78,1991947,0
20080125,2.84,2.89,2.76,2.79,563755,0
20080128,2.73,2.73,2.66,2.66,250199,0
20080129,2.73,2.77,2.69,2.73,266196,0
20080130,2.72,2.87,2.71,2.8,417233,0
20080131,2.81,2.85,2.77,2.79,1052034,0
20080201,2.84,2.95,2.83,2.89,340842,0
20080204,2.94,2.96,2.87,2.9,870375,0
20080205,2.9,2.9,2.73,2.76,963574,0
20080206,2.69,2.75,2.64,2.73,545494,0
20080207,2.74,2.76,2.64,2.68,219161,0
20080208,2.68,2.76,2.67,2.76,332168,0
20080211,2.79,2.87,2.77,2.86,1510850,0
20080212,2.9,2.92,2.88,2.9,586283,0
20080213,2.91,2.91,2.8,2.83,298542,0
20080214,2.88,2.92,2.82,2.84,162221,0
20080215,2.82,2.83,2.76,2.77,166563,0
20080218,2.79,2.83,2.74,2.74,348049,0
20080219,2.78,2.87,2.74,2.82,438448,0
20080220,2.78,2.84,2.76,2.82,90515,0
20080221,2.83,2.84,2.79,2.83,108198,0
20080222,2.82,2.83,2.77,2.79,315309,0
20080225,2.81,2.82,2.77,2.79,90301,0
20080226,2.78,2.82,2.76,2.76,129763,0
20080227,2.81,2.85,2.75,2.8,304030,0
20080228,2.81,2.83,2.7,2.7,190702,0
20080229,2.71,2.75,2.63,2.65,178040,0
20080303,2.59,2.59,2.45,2.53,339684,0
20080304,2.55,2.55,2.48,2.5,264989,0
20080305,2.52,2.54,2.5,2.53,227154,0
20080306,2.55,2.57,2.49,2.49,291553,0
20080307,2.46,2.48,2.41,2.47,221293,0
20080310,2.46,2.52,2.39,2.39,374662,0
20080311,2.37,2.46,2.37,2.44,635977,0
20080312,2.5,2.5,2.37,2.44,460501,0
20080313,2.39,2.42,2.36,2.37,445519,0
20080314,2.37,2.4,2.34,2.34,374663,0
20080317,2.3,2.32,2.16,2.21,783658,0
20080318,2.22,2.31,2.2,2.3,398735,0
20080319,2.33,2.35,2.29,2.3,221666,0
20080320,2.28,2.44,2.28,2.44,495192,0
20080325,2.54,2.57,2.48,2.56,547205,0
20080326,2.58,2.68,2.52,2.59,724127,0
20080327,2.7,2.91,2.68,2.84,2478402,0
20080328,2.89,2.94,2.82,2.93,1155332,0
20080331,2.91,2.91,2.86,2.86,571803,0
20080401,2.86,2.87,2.76,2.85,1418820,0
20080402,2.88,3.26,2.85,3.15,2066697,0
20080403,3.15,3.16,2.98,3.04,2150913,0
20080404,3.03,3.2,2.99,3.1,3365317,0
20080407,3.15,3.3,3.13,3.2,2373641,0
20080408,3.16,3.19,3.12,3.17,1222931,0
20080409,3.15,3.28,3.13,3.26,1258686,0
20080410,3.28,3.29,3.19,3.26,967527,0
20080411,3.29,3.3,3.11,3.22,1012318,0
20080414,3.14,3.2,3.05,3.2,1133989,0
20080415,3.19,3.19,3.05,3.13,1062790,0
20080416,3.09,3.13,2.98,3.03,960654,0
20080417,3.06,3.06,2.93,3,707310,0
20080418,2.98,3,2.92,2.92,398747,0
20080421,2.94,3,2.83,2.9,883863,0
20080422,2.86,2.87,2.71,2.79,1297110,0
20080423,2.75,2.79,2.68,2.79,487433,0
20080424,2.79,2.93,2.77,2.93,617600,0
20080425,2.97,3.12,2.97,3.05,1060938,0
20080428,3.03,3.14,2.95,3.14,798566,0
20080429,3.11,3.23,3.07,3.18,700817,0
20080430,3.2,3.2,3.11,3.14,556490,0
20080505,3.17,3.21,3.15,3.19,486239,0
20080506,3.19,3.19,3.09,3.1,350267,0
20080507,3.11,3.15,3.05,3.1,222042,0
20080508,3.07,3.12,3,3.1,489025,0
20080509,3.06,3.1,3,3.1,485925,0
20080512,3.07,3.16,3.07,3.12,243301,0
20080513,3.16,3.19,3.11,3.17,382789,0
20080514,3.17,3.3,3.17,3.22,912290,0
20080515,3.25,3.27,3.17,3.25,293331,0
20080516,3.25,3.3,3.19,3.27,472834,0
20080519,3.27,3.48,3.22,3.46,910294,0
20080520,3.46,3.52,3.36,3.39,1248151,0
20080521,3.39,3.46,3.32,3.35,406712,0
20080523,3.35,3.47,3.28,3.37,363875,0
20080526,3.4,3.44,3.34,3.4,376502,0
20080527,3.4,3.41,3.35,3.37,189415,0
20080528,3.36,3.4,3.25,3.25,529464,0
20080529,3.29,3.29,3.08,3.1,502410,0
20080530,3.1,3.2,3.1,3.14,185873,0
20080602,3.15,3.15,3.06,3.07,271159,0
20080603,3.04,3.17,3,3.17,281656,0
20080604,3.18,3.18,3.05,3.08,206274,0
20080605,3.04,3.08,3.01,3.01,165796,0
20080606,3.03,3.08,2.93,2.93,253193,0
20080609,2.89,3,2.83,3,290779,0
20080610,2.96,2.97,2.78,2.86,315074,0
20080611,2.86,2.89,2.77,2.82,273384,0
20080612,2.81,2.89,2.81,2.84,119083,0
20080613,2.84,2.85,2.79,2.85,68260,0
20080616,2.89,2.95,2.83,2.85,238101,0
20080617,2.89,2.89,2.81,2.81,72034,0
20080618,2.82,2.82,2.69,2.69,213489,0
20080619,2.68,2.76,2.6,2.65,251266,0
20080620,2.69,2.77,2.69,2.69,227869,0
20080623,2.73,2.76,2.58,2.58,165166,0
20080624,2.58,2.61,2.42,2.42,468270,0
20080625,2.44,2.44,2.36,2.38,212067,0
20080626,2.38,2.46,2.35,2.36,155679,0
20080627,2.33,2.46,2.26,2.45,317912,0
20080630,2.48,2.48,2.37,2.42,109059,0
20080701,2.38,2.38,2.16,2.2,1029146,0
20080702,2.24,2.32,2.19,2.2,963513,0
20080703,2.16,2.19,2.11,2.11,608365,0
20080704,2.14,2.14,1.99,1.99,757620,0
20080707,2.01,2.04,1.85,1.91,448786,0
20080708,1.88,2,1.83,1.88,1150682,0
20080709,1.91,1.97,1.82,1.82,1506877,0
20080710,1.79,1.86,1.77,1.78,1054870,0
20080711,1.81,1.81,1.64,1.65,767796,0
20080714,1.67,1.7,1.56,1.66,751579,0
20080715,1.59,1.62,1.54,1.56,735762,0
20080716,1.57,1.6,1.53,1.58,386417,0
20080717,1.65,1.74,1.62,1.7,1658008,0
20080718,1.71,1.75,1.67,1.68,794174,0
20080721,1.7,1.74,1.65,1.7,361297,0
20080722,1.72,1.8,1.68,1.78,698985,0
20080723,1.82,1.88,1.81,1.87,846438,0
20080724,1.89,1.92,1.73,1.73,917937,0
20080725,1.7,1.8,1.67,1.8,504519,0
20080728,1.8,1.85,1.78,1.84,522059,0
20080729,1.79,1.86,1.77,1.83,269746,0
20080730,1.88,1.94,1.88,1.92,566444,0
20080731,1.92,1.93,1.83,1.88,657846,0
20080801,1.85,1.88,1.83,1.83,201584,0
20080804,1.84,1.84,1.72,1.73,414502,0
20080805,1.74,1.8,1.74,1.78,292342,0
20080806,1.8,1.82,1.74,1.76,392129,0
20080807,1.76,1.77,1.7,1.71,250195,0
20080808,1.7,1.72,1.64,1.7,410932,0
20080811,1.72,1.73,1.68,1.7,279513,0
20080812,1.79,2.06,1.76,1.97,4428398,0
20080813,1.93,1.94,1.83,1.83,1534296,0
20080814,1.84,1.88,1.79,1.81,932667,0
20080818,1.83,1.85,1.76,1.76,399083,0
20080819,1.73,1.73,1.66,1.68,530909,0
20080820,1.68,1.77,1.68,1.75,428079,0
20080821,1.73,1.75,1.71,1.73,158988,0
20080822,1.76,1.84,1.73,1.82,502406,0
20080825,1.83,1.87,1.76,1.76,493270,0
20080826,1.75,1.78,1.72,1.78,165192,0
20080827,1.78,1.86,1.76,1.77,392076,0
20080828,1.78,1.81,1.76,1.76,441280,0
20080829,1.76,1.8,1.75,1.79,381864,0
20080901,1.77,1.84,1.77,1.82,328852,0
20080902,1.83,1.96,1.8,1.91,1018018,0
20080903,1.9,1.97,1.88,1.89,449694,0
20080904,1.9,1.93,1.84,1.86,343131,0
20080905,1.82,1.82,1.74,1.75,1342602,0
20080908,1.79,1.8,1.72,1.73,1289488,0
20080909,1.73,1.75,1.72,1.73,222550,0
20080910,1.7,1.71,1.66,1.7,426316,0
20080911,1.71,1.71,1.68,1.69,112745,0
20080912,1.73,1.73,1.68,1.68,147218,0
20080915,1.67,1.67,1.56,1.58,722213,0
20080916,1.55,1.61,1.53,1.55,685744,0
20080917,1.59,1.6,1.53,1.53,254665,0
20080918,1.5,1.52,1.48,1.5,735495,0
20080919,1.57,1.62,1.54,1.59,698358,0
20080922,1.61,1.65,1.55,1.55,461252,0
20080923,1.55,1.56,1.51,1.54,329275,0
20080924,1.56,1.58,1.53,1.53,425914,0
20080925,1.53,1.57,1.52,1.57,346132,0
20080926,1.56,1.56,1.51,1.52,377378,0
20080929,1.54,1.54,1.48,1.48,390157,0
20080930,1.42,1.47,1.39,1.46,647089,0
20081001,1.47,1.5,1.45,1.45,223278,0
20081002,1.47,1.48,1.41,1.41,422381,0
20081003,1.4,1.42,1.36,1.38,454753,0
20081006,1.32,1.34,1.24,1.24,978518,0
20081007,1.26,1.3,1.14,1.15,1691296,0
20081008,1.07,1.26,1.03,1.25,3734308,0
20081009,1.27,1.3,1.18,1.2,1261675,0
20081010,1.08,1.15,1.01,1.1,2360437,0
20081013,1.17,1.17,1.11,1.12,1988831,0
20081014,1.19,1.2,1.15,1.17,2097669,0
20081015,1.16,1.16,0.98,0.99,3017334,0
20081016,0.92,0.99,0.91,0.94,2301108,0
20081017,0.99,0.99,0.88,0.88,1580443,0
20081020,0.91,0.95,0.87,0.9,2189467,0
20081021,0.92,0.94,0.88,0.89,1311399,0
20081022,0.87,0.88,0.78,0.8,1940688,0
20081023,0.8,0.81,0.7,0.72,1992551,0
20081024,0.68,0.69,0.62,0.64,3777254,0
20081027,0.61,0.67,0.59,0.65,2521166,0
20081028,0.67,0.69,0.64,0.65,2417780,0
20081029,0.69,0.85,0.69,0.84,4547859,0
20081030,0.88,1.07,0.85,0.94,8478771,0
20081031,0.87,0.9,0.83,0.85,7099397,0
20081103,0.85,0.92,0.79,0.84,6793932,0
20081104,0.87,0.95,0.85,0.92,11765854,0
20081105,0.92,0.93,0.89,0.91,2474642,0
20081106,0.86,0.92,0.85,0.89,1579935,0
20081107,0.88,0.92,0.88,0.91,1031639,0
20081110,0.91,0.92,0.91,0.92,475462,0
20081112,0.89,0.9,0.83,0.85,968908,0
20081113,0.81,0.82,0.76,0.79,1182518,0
20081114,0.8,0.83,0.78,0.8,511580,0
20081117,0.8,0.8,0.72,0.73,405648,0
20081118,0.72,0.72,0.68,0.68,450652,0
20081119,0.7,0.71,0.67,0.7,1095752,0
20081120,0.64,0.67,0.63,0.64,604857,0
20081121,0.65,0.7,0.65,0.67,1305932,0
20081124,0.7,0.73,0.69,0.7,1969489,0
20081125,0.72,0.72,0.69,0.7,1044226,0
20081126,0.69,0.7,0.67,0.69,764537,0
20081127,0.7,0.75,0.69,0.7,2365557,0
20081128,0.71,0.71,0.67,0.68,555585,0
20081201,0.67,0.67,0.64,0.64,649282,0
20081202,0.61,0.66,0.61,0.65,770490,0
20081203,0.66,0.68,0.64,0.64,509033,0
20081204,0.66,0.67,0.64,0.65,637510,0
20081205,0.65,0.66,0.63,0.63,748007,0
20081208,0.65,0.71,0.64,0.7,3445514,0
20081209,0.71,0.76,0.69,0.7,5992991,0
20081210,0.71,0.72,0.68,0.69,774235,0
20081211,0.7,0.7,0.67,0.69,496330,0
20081212,0.66,0.68,0.65,0.67,752098,0
20081215,0.67,0.69,0.66,0.67,458521,0
20081216,0.67,0.67,0.65,0.66,735996,0
20081217,0.66,0.66,0.64,0.64,851185,0
20081218,0.63,0.64,0.6,0.61,910433,0
20081219,0.6,0.61,0.57,0.6,1923526,0
20081222,0.6,0.62,0.59,0.6,2137663,0
20081223,0.6,0.61,0.59,0.59,717676,0
20081229,0.6,0.6,0.58,0.59,585804,0
20081230,0.59,0.6,0.58,0.58,432560,0
20081231,0.59,0.59,0.58,0.58,265477,0
20090105,0.61,0.62,0.6,0.61,917959,0
20090106,0.61,0.68,0.61,0.67,3583033,0
20090107,0.67,0.67,0.63,0.63,1426265,0
20090108,0.62,0.65,0.62,0.63,785639,0
20090109,0.64,0.64,0.6,0.6,2061538,0
20090112,0.6,0.62,0.59,0.61,498455,0
20090113,0.6,0.61,0.59,0.61,623436,0
20090114,0.61,0.66,0.6,0.6,2827108,0
20090115,0.6,0.63,0.59,0.61,1231455,0
20090116,0.63,0.68,0.62,0.64,4117441,0
20090119,0.66,0.67,0.63,0.65,1722134,0
20090120,0.64,0.65,0.61,0.61,896774,0
20090121,0.6,0.61,0.58,0.6,1600047,0
20090122,0.62,0.62,0.58,0.59,1185587,0
20090123,0.59,0.6,0.58,0.59,414797,0
20090126,0.59,0.63,0.59,0.63,1325177,0
20090127,0.64,0.65,0.6,0.63,2040288,0
20090128,0.64,0.65,0.62,0.62,933573,0
20090129,0.62,0.62,0.59,0.6,813284,0
20090130,0.59,0.61,0.58,0.59,713727,0
20090202,0.59,0.6,0.55,0.56,1975756,0
20090203,0.56,0.57,0.53,0.53,1019136,0
20090204,0.54,0.55,0.53,0.55,375594,0
20090205,0.54,0.57,0.54,0.55,825726,0
20090206,0.56,0.57,0.55,0.56,1183254,0
20090209,0.57,0.6,0.55,0.59,2477606,0
20090210,0.59,0.62,0.58,0.59,916250,0
20090211,0.58,0.59,0.57,0.58,839286,0
20090212,0.58,0.59,0.57,0.58,556976,0
20090213,0.58,0.59,0.57,0.59,255971,0
20090216,0.58,0.59,0.58,0.58,678371,0
20090217,0.57,0.58,0.52,0.53,1601538,0
20090218,0.53,0.54,0.48,0.51,2149485,0
20090219,0.52,0.54,0.52,0.53,483204,0
20090220,0.52,0.56,0.5,0.53,1502938,0
20090223,0.55,0.55,0.53,0.53,344258,0
20090224,0.52,0.53,0.5,0.52,735270,0
20090225,0.53,0.55,0.53,0.53,630383,0
20090226,0.53,0.54,0.52,0.54,194491,0
20090227,0.53,0.62,0.53,0.56,5295400,0
20090302,0.54,0.55,0.52,0.54,883527,0
20090303,0.54,0.56,0.53,0.54,4321047,0
20090304,0.55,0.55,0.54,0.55,715595,0
20090305,0.55,0.55,0.53,0.53,529320,0
20090306,0.53,0.55,0.53,0.55,480010,0
20090309,0.55,0.55,0.53,0.54,484020,0
20090310,0.55,0.6,0.54,0.56,2362538,0
20090311,0.58,0.58,0.56,0.56,1733741,0
20090312,0.56,0.56,0.54,0.56,527357,0
20090313,0.57,0.58,0.55,0.55,854600,0
20090316,0.55,0.58,0.55,0.57,2137768,0
20090317,0.58,0.61,0.58,0.58,1670355,0
20090318,0.6,0.6,0.58,0.58,1130827,0
20090319,0.59,0.6,0.57,0.6,1221533,0
20090320,0.6,0.6,0.58,0.59,2039048,0
20090323,0.61,0.64,0.6,0.63,3417337,0
20090324,0.65,0.75,0.65,0.75,9454204,0
20090325,0.76,0.81,0.75,0.77,8753005,0
20090326,0.76,0.79,0.72,0.72,4410968,0
20090327,0.73,0.76,0.69,0.72,3845172,0
20090330,0.7,0.73,0.68,0.69,2095719,0
20090331,0.69,0.72,0.69,0.71,1209062,0
20090401,0.71,0.76,0.7,0.74,3330942,0
20090402,0.76,0.78,0.74,0.75,4672299,0
20090403,0.76,0.78,0.73,0.73,3378131,0
20090406,0.74,0.78,0.73,0.75,4137361,0
20090407,0.75,0.76,0.73,0.76,1076975,0
20090408,0.76,0.93,0.74,0.91,13216901,0
20090409,0.93,1.01,0.88,0.96,13039234,0
20090414,0.95,1.14,0.93,1.08,12027799,0
20090415,1.06,1.12,1.06,1.1,5039394,0
20090416,1.13,1.14,1.07,1.11,5687898,0
20090417,1.12,1.15,1.06,1.08,3004416,0
20090420,1.07,1.08,0.97,0.99,4273338,0
20090421,0.96,1.05,0.91,1.01,4115696,0
20090422,1.01,1.06,1.01,1.05,3210033,0
20090423,1.05,1.07,1.01,1.01,2187485,0
20090424,1.02,1.03,0.98,1.01,2241490,0
20090427,1,1.02,0.97,0.99,1239282,0
20090428,0.98,0.99,0.95,0.99,1550937,0
20090429,0.99,1.04,0.99,1.02,2061497,0
20090430,1.05,1.07,1.03,1.05,4503102,0
20090504,1.07,1.08,1.03,1.05,2528150,0
20090505,1.04,1.06,1.02,1.05,2776745,0
20090506,1.05,1.24,1.03,1.2,11950309,0
20090507,1.25,1.4,1.23,1.29,14110679,0
20090508,1.35,1.38,1.3,1.35,7930002,0
20090511,1.36,1.47,1.3,1.38,5818039,0
20090512,1.39,1.5,1.39,1.43,3957425,0
20090513,1.45,1.45,1.3,1.32,4826953,0
20090514,1.27,1.38,1.27,1.38,3133405,0
20090515,1.41,1.43,1.34,1.37,1502870,0
20090518,1.31,1.36,1.31,1.35,1431851,0
20090519,1.42,1.45,1.35,1.37,2966428,0
20090520,1.37,1.41,1.37,1.38,934746,0
20090521,1.35,1.37,1.33,1.34,837567,0
20090522,1.32,1.35,1.31,1.35,990947,0
20090525,1.35,1.35,1.3,1.33,681101,0
20090526,1.31,1.36,1.3,1.35,772717,0
20090527,1.37,1.41,1.35,1.35,991485,0
20090528,1.34,1.36,1.33,1.34,672664,0
20090529,1.35,1.37,1.32,1.32,780981,0
20090601,1.34,1.37,1.31,1.37,755917,0
20090602,1.38,1.47,1.38,1.43,3187273,0
20090603,1.46,1.48,1.42,1.44,1386372,0
20090604,1.43,1.54,1.42,1.49,3401602,0
20090605,1.52,1.56,1.44,1.44,2373908,0
20090608,1.44,1.46,1.36,1.38,1075399,0
20090609,1.39,1.42,1.37,1.39,447798,0
20090610,1.41,1.44,1.38,1.4,582417,0
20090612,1.41,1.41,1.38,1.39,300585,0
20090615,1.4,1.4,1.35,1.35,718079,0
20090616,1.32,1.34,1.31,1.32,1270238,0
20090617,1.31,1.31,1.24,1.24,1626088,0
20090618,1.22,1.29,1.22,1.26,1255177,0
20090619,1.25,1.33,1.24,1.3,1086833,0
20090622,1.31,1.31,1.2,1.22,1012847,0
20090623,1.2,1.23,1.15,1.21,1571529,0
20090624,1.22,1.27,1.22,1.27,867163,0
20090625,1.3,1.32,1.24,1.28,985930,0
20090626,1.3,1.32,1.28,1.29,296578,0
20090629,1.28,1.3,1.24,1.27,806062,0
20090630,1.29,1.34,1.26,1.26,1348963,0
20090701,1.3,1.31,1.27,1.28,313773,0
20090702,1.3,1.3,1.23,1.24,722616,0
20090703,1.25,1.26,1.23,1.23,292146,0
20090706,1.22,1.22,1.18,1.21,1075109,0
20090707,1.21,1.23,1.18,1.2,400886,0
20090708,1.17,1.2,1.17,1.2,740027,0
20090709,1.22,1.23,1.2,1.2,1324306,0
20090710,1.19,1.21,1.18,1.2,544074,0
20090713,1.2,1.2,1.17,1.18,183097,0
20090714,1.2,1.22,1.19,1.21,1527491,0
20090715,1.22,1.25,1.21,1.23,1349573,0
20090716,1.23,1.24,1.19,1.21,939674,0
20090717,1.2,1.24,1.19,1.2,773222,0
20090720,1.25,1.32,1.25,1.3,13920657,0
20090721,1.31,1.33,1.28,1.28,2736334,0
20090722,1.3,1.31,1.26,1.27,1602918,0
20090723,1.28,1.3,1.26,1.26,2604693,0
20090724,1.27,1.3,1.25,1.28,1856878,0
20090727,1.3,1.36,1.3,1.34,3692133,0
20090728,1.35,1.41,1.35,1.38,4000827,0
20090729,1.39,1.4,1.37,1.39,1121842,0
20090730,1.4,1.42,1.36,1.42,1449500,0
20090731,1.42,1.42,1.36,1.37,1792835,0
20090803,1.39,1.39,1.34,1.36,1587125,0
20090804,1.36,1.36,1.31,1.33,1359498,0
20090805,1.32,1.4,1.31,1.34,1599107,0
20090806,1.36,1.39,1.34,1.36,1168124,0
20090807,1.37,1.37,1.34,1.36,1005173,0
20090810,1.37,1.41,1.36,1.38,1877685,0
20090811,1.4,1.44,1.37,1.37,2156447,0
20090812,1.35,1.37,1.28,1.36,1731381,0
20090813,1.38,1.41,1.38,1.38,1031226,0
20090814,1.4,1.41,1.38,1.38,912024,0
20090817,1.34,1.35,1.33,1.33,849102,0
20090818,1.32,1.34,1.31,1.32,941864,0
20090819,1.31,1.34,1.29,1.32,787554,0
20090820,1.34,1.35,1.33,1.35,843469,0
20090821,1.36,1.46,1.35,1.46,5494893,0
20090824,1.5,1.54,1.48,1.53,3855574,0
20090825,1.53,1.79,1.48,1.77,5046428,0
20090826,1.72,1.76,1.68,1.72,4084318,0
20090827,1.7,1.73,1.67,1.67,1109539,0
20090828,1.67,1.72,1.67,1.71,1239240,0
20090831,1.69,1.7,1.62,1.64,1027143,0
20090901,1.62,1.64,1.48,1.57,2407561,0
20090902,1.5,1.51,1.4,1.42,2206197,0
20090903,1.43,1.48,1.43,1.46,1217676,0
20090904,1.46,1.53,1.46,1.49,1912462,0
20090907,1.51,1.54,1.51,1.54,833536,0
20090908,1.55,1.56,1.49,1.5,1255163,0
20090909,1.5,1.5,1.44,1.46,775461,0
20090910,1.49,1.52,1.42,1.43,1361295,0
20090911,1.45,1.46,1.41,1.43,976476,0
20090914,1.38,1.41,1.37,1.4,735027,0
20090915,1.4,1.48,1.4,1.48,1330664,0
20090916,1.5,1.52,1.45,1.47,1273429,0
20090917,1.5,1.54,1.47,1.54,1325145,0
20090918,1.53,1.62,1.5,1.59,2407781,0
20090921,1.61,1.71,1.6,1.66,2754695,0
20090922,1.69,1.76,1.66,1.7,2777918,0
20090923,1.7,1.7,1.61,1.65,1195210,0
20090924,1.61,1.68,1.57,1.66,1194416,0
20090925,1.65,1.66,1.62,1.62,790459,0
20090928,1.61,1.64,1.57,1.64,509718,0
20090929,1.65,1.67,1.59,1.63,770548,0
20090930,1.62,1.62,1.56,1.57,732741,0
20091001,1.55,1.59,1.55,1.58,328221,0
20091002,1.56,1.56,1.5,1.54,570919,0
20091005,1.53,1.56,1.53,1.53,315153,0
20091006,1.57,1.58,1.55,1.58,340154,0
20091007,1.58,1.6,1.55,1.56,208070,0
20091008,1.58,1.58,1.55,1.57,101348,0
20091009,1.57,1.57,1.54,1.56,160306,0
20091012,1.55,1.57,1.53,1.53,145506,0
20091013,1.55,1.58,1.51,1.57,700466,0
20091014,1.57,1.6,1.56,1.58,227635,0
20091015,1.6,1.6,1.56,1.57,254287,0
20091016,1.57,1.57,1.54,1.55,426900,0
20091019,1.56,1.57,1.54,1.54,238521,0
20091020,1.53,1.54,1.5,1.51,363718,0
20091021,1.5,1.53,1.5,1.53,252670,0
20091022,1.5,1.53,1.5,1.52,148814,0
20091023,1.53,1.59,1.53,1.58,920164,0
20091026,1.59,1.66,1.57,1.66,782387,0
20091027,1.63,1.63,1.59,1.6,627916,0
20091028,1.6,1.61,1.56,1.57,451416,0
20091029,1.55,1.68,1.53,1.66,1154062,0
20091030,1.67,1.71,1.64,1.65,1161292,0
20091102,1.59,1.67,1.59,1.65,700282,0
20091103,1.65,1.65,1.58,1.59,427190,0
20091104,1.6,1.64,1.6,1.64,210805,0
20091105,1.63,1.74,1.62,1.73,1199332,0
20091106,1.74,1.74,1.66,1.71,733479,0
20091109,1.71,1.92,1.7,1.9,3480700,0
20091110,1.89,1.94,1.85,1.88,2049724,0
20091112,1.88,1.92,1.86,1.9,574358,0
20091113,1.88,2.05,1.88,2,3868813,0
20091116,2.01,2.07,1.81,1.82,5244289,0
20091117,1.8,1.86,1.74,1.8,4346922,0
20091118,1.8,1.81,1.73,1.75,2163515,0
20091119,1.74,1.74,1.67,1.68,973554,0
20091120,1.7,1.75,1.68,1.72,885518,0
20091123,1.77,1.78,1.72,1.77,591705,0
20091124,1.75,1.76,1.71,1.73,583132,0
20091125,1.74,1.75,1.69,1.74,249569,0
20091126,1.74,1.74,1.7,1.7,273650,0
20091127,1.67,1.74,1.64,1.74,726098,0
20091130,1.75,1.76,1.7,1.73,318526,0
20091201,1.7,1.71,1.67,1.69,604894,0
20091202,1.7,1.7,1.67,1.68,281698,0
20091203,1.69,1.72,1.65,1.69,384928,0
20091204,1.69,1.74,1.65,1.74,418629,0
20091207,1.74,1.74,1.68,1.69,381096,0
20091208,1.7,1.72,1.67,1.67,386856,0
20091209,1.66,1.69,1.65,1.66,305249,0
20091210,1.67,1.68,1.65,1.68,565383,0
20091211,1.68,1.71,1.65,1.7,818060,0
20091214,1.7,1.73,1.7,1.7,403368,0
20091215,1.73,1.73,1.66,1.68,274713,0
20091216,1.67,1.68,1.66,1.67,457718,0
20091217,1.66,1.68,1.66,1.68,98341,0
20091218,1.66,1.68,1.65,1.65,337634,0
20091221,1.62,1.62,1.54,1.57,1254536,0
20091222,1.57,1.57,1.52,1.56,424379,0
20091223,1.53,1.56,1.51,1.52,309337,0
20091228,1.51,1.55,1.5,1.54,513677,0
20091229,1.55,1.62,1.54,1.62,306218,0
20091230,1.62,1.62,1.57,1.58,293605,0
20091231,1.59,1.59,1.55,1.56,209112,0
20100104,1.58,1.62,1.57,1.61,342760,0
20100105,1.61,1.63,1.59,1.61,445343,0
20100106,1.6,1.6,1.57,1.59,273229,0
20100107,1.58,1.59,1.56,1.58,161542,0
20100108,1.57,1.61,1.57,1.6,202039,0
20100111,1.61,1.61,1.58,1.58,407011,0
20100112,1.56,1.59,1.55,1.57,239691,0
20100113,1.57,1.57,1.54,1.54,353595,0
20100114,1.56,1.6,1.55,1.58,939856,0
20100115,1.59,1.6,1.57,1.57,209681,0
20100118,1.56,1.59,1.56,1.59,195095,0
20100119,1.59,1.6,1.57,1.58,208576,0
20100120,1.59,1.6,1.57,1.59,303958,0
20100121,1.57,1.58,1.55,1.55,432767,0
20100122,1.53,1.53,1.51,1.53,527147,0
20100125,1.52,1.52,1.46,1.49,459909,0
20100126,1.49,1.49,1.4,1.44,787212,0
20100127,1.43,1.47,1.41,1.41,419300,0
20100128,1.43,1.47,1.43,1.46,476842,0
20100129,1.46,1.48,1.44,1.48,136904,0
20100201,1.46,1.49,1.45,1.49,152122,0
20100202,1.5,1.51,1.48,1.5,363385,0
20100203,1.51,1.52,1.49,1.5,104239,0
20100204,1.49,1.5,1.47,1.47,371245,0
20100205,1.42,1.44,1.39,1.43,682425,0
20100208,1.41,1.44,1.38,1.39,222866,0
20100209,1.39,1.43,1.39,1.41,260916,0
20100210,1.44,1.44,1.39,1.4,284643,0
20100211,1.42,1.42,1.37,1.37,157986,0
20100212,1.39,1.41,1.37,1.4,189989,0
20100215,1.41,1.42,1.4,1.42,153488,0
20100216,1.43,1.44,1.41,1.43,129441,0
20100217,1.44,1.47,1.44,1.46,309525,0
20100218,1.47,1.48,1.44,1.47,187545,0
20100219,1.44,1.47,1.44,1.47,155066,0
20100222,1.48,1.52,1.45,1.51,427971,0
20100223,1.53,1.57,1.51,1.52,546631,0
20100224,1.52,1.53,1.5,1.51,164726,0
20100225,1.49,1.51,1.47,1.47,163812,0
20100226,1.47,1.49,1.46,1.48,91608,0
20100301,1.48,1.48,1.47,1.47,46706,0
20100302,1.48,1.56,1.47,1.53,345292,0
20100303,1.55,1.6,1.52,1.6,1643386,0
20100304,1.59,1.69,1.57,1.68,2430254,0
20100305,1.68,1.69,1.64,1.67,649346,0
20100308,1.69,1.69,1.64,1.66,402448,0
20100309,1.64,1.64,1.61,1.64,194579,0
20100310,1.64,1.66,1.6,1.65,362525,0
20100311,1.65,1.68,1.62,1.63,470799,0
20100312,1.59,1.66,1.54,1.62,2485002,0
20100315,1.61,1.62,1.58,1.61,395801,0
20100316,1.61,1.68,1.59,1.68,874198,0
20100317,1.71,1.77,1.67,1.67,3486807,0
20100318,1.69,1.72,1.64,1.64,660865,0
20100319,1.61,1.61,1.55,1.6,1700223,0
20100322,1.58,1.62,1.57,1.62,276674,0
20100323,1.63,1.65,1.63,1.63,194779,0
20100324,1.63,1.66,1.61,1.61,244627,0
20100325,1.63,1.64,1.59,1.64,421161,0
20100326,1.65,1.65,1.6,1.62,152685,0
20100329,1.62,1.66,1.59,1.65,379664,0
20100330,1.65,1.68,1.62,1.68,437485,0
20100331,1.68,1.68,1.63,1.64,187997,0
20100401,1.64,1.66,1.61,1.64,666526,0
20100406,1.64,1.64,1.61,1.64,350689,0
20100407,1.63,1.65,1.62,1.65,403222,0
20100408,1.63,1.63,1.59,1.6,400487,0
20100409,1.62,1.63,1.6,1.61,207622,0
20100412,1.6,1.62,1.58,1.62,125678,0
20100413,1.61,1.62,1.59,1.61,181892,0
20100414,1.62,1.73,1.61,1.72,1557613,0
20100415,1.76,1.79,1.7,1.73,1900543,0
20100416,1.73,1.73,1.66,1.66,717994,0
20100419,1.64,1.64,1.55,1.59,807196,0
20100420,1.61,1.63,1.6,1.62,527018,0
20100421,1.63,1.65,1.59,1.59,375088,0
20100422,1.59,1.6,1.51,1.52,735972,0
20100423,1.52,1.57,1.51,1.52,892985,0
20100426,1.55,1.58,1.54,1.57,1638329,0
20100427,1.55,1.56,1.54,1.55,134238,0
20100428,1.51,1.55,1.49,1.53,681115,0
20100429,1.53,1.55,1.49,1.5,908589,0
20100430,1.53,1.54,1.52,1.54,458944,0
20100504,1.54,1.54,1.49,1.5,260658,0
20100505,1.49,1.51,1.46,1.51,634571,0
20100506,1.49,1.51,1.47,1.48,260159,0
20100507,1.45,1.47,1.41,1.46,415549,0
20100510,1.5,1.54,1.5,1.54,270211,0
20100511,1.52,1.54,1.5,1.5,166717,0
20100512,1.51,1.53,1.5,1.52,90491,0
20100513,1.53,1.53,1.5,1.53,144483,0
20100514,1.57,1.59,1.53,1.55,844832,0
20100517,1.53,1.54,1.51,1.54,229088,0
20100518,1.54,1.56,1.53,1.54,129616,0
20100519,1.53,1.53,1.48,1.48,348480,0
20100520,1.49,1.49,1.41,1.42,365721,0
20100521,1.42,1.45,1.4,1.44,409786,0
20100524,1.47,1.48,1.44,1.46,195714,0
20100525,1.42,1.43,1.41,1.43,166388,0
20100526,1.44,1.48,1.44,1.46,194069,0
20100527,1.48,1.48,1.45,1.48,171638,0
20100528,1.49,1.53,1.48,1.52,471194,0
20100531,1.5,1.52,1.48,1.5,142246,0
20100601,1.48,1.52,1.48,1.52,332038,0
20100602,1.49,1.5,1.49,1.49,104693,0
20100604,1.51,1.51,1.45,1.45,135102,0
20100607,1.44,1.45,1.43,1.45,121483,0
20100608,1.46,1.47,1.44,1.45,40815,0
20100609,1.45,1.47,1.45,1.47,53587,0
20100610,1.46,1.49,1.45,1.47,80990,0
20100611,1.48,1.49,1.44,1.46,191505,0
20100614,1.45,1.48,1.45,1.48,167397,0
20100615,1.46,1.52,1.46,1.52,378054,0
20100616,1.53,1.56,1.52,1.56,467985,0
20100617,1.56,1.58,1.54,1.57,456283,0
20100618,1.55,1.56,1.52,1.54,347003,0
20100621,1.55,1.55,1.52,1.53,86056,0
20100622,1.54,1.54,1.51,1.51,32581,0
20100623,1.5,1.51,1.49,1.49,110025,0
20100624,1.48,1.5,1.44,1.46,273886,0
20100625,1.45,1.47,1.44,1.47,106369,0
20100628,1.47,1.48,1.43,1.43,179007,0
20100629,1.43,1.44,1.4,1.41,187593,0
20100630,1.41,1.43,1.41,1.41,62862,0
20100701,1.42,1.43,1.4,1.43,80195,0
20100702,1.43,1.5,1.43,1.47,165613,0
20100705,1.51,1.51,1.45,1.47,84841,0
20100706,1.48,1.48,1.45,1.46,77317,0
20100707,1.46,1.47,1.43,1.47,90820,0
20100708,1.48,1.49,1.46,1.47,95623,0
20100709,1.47,1.47,1.45,1.47,153288,0
20100712,1.47,1.48,1.45,1.48,36655,0
20100713,1.47,1.48,1.45,1.48,48063,0
20100714,1.47,1.49,1.46,1.47,111755,0
20100715,1.46,1.48,1.45,1.48,57542,0
20100716,1.47,1.48,1.45,1.47,28532,0
20100719,1.46,1.46,1.43,1.45,87060,0
20100720,1.45,1.45,1.43,1.45,97934,0
20100721,1.45,1.48,1.45,1.48,203993,0
20100722,1.48,1.48,1.46,1.48,135398,0
20100723,1.49,1.54,1.48,1.52,487111,0
20100726,1.53,1.55,1.51,1.52,452764,0
20100727,1.53,1.54,1.51,1.51,290802,0
20100728,1.51,1.52,1.49,1.49,114913,0
20100729,1.49,1.5,1.46,1.48,173385,0
20100730,1.46,1.48,1.45,1.47,326573,0
20100802,1.47,1.5,1.47,1.5,199836,0
20100803,1.5,1.5,1.48,1.48,69099,0
20100804,1.48,1.51,1.48,1.51,113503,0
20100805,1.51,1.51,1.48,1.5,86448,0
20100806,1.5,1.52,1.47,1.47,135525,0
20100809,1.5,1.51,1.48,1.5,42520,0
20100810,1.49,1.5,1.47,1.48,64770,0
20100811,1.48,1.48,1.46,1.46,81613,0
20100812,1.46,1.47,1.45,1.47,86988,0
20100813,1.47,1.5,1.46,1.48,134004,0
20100816,1.49,1.49,1.45,1.48,130923,0
20100817,1.47,1.48,1.46,1.48,61510,0
20100818,1.46,1.47,1.46,1.47,57169,0
20100819,1.46,1.49,1.46,1.46,88560,0
20100820,1.45,1.47,1.45,1.46,99209,0
20100823,1.45,1.47,1.45,1.46,105414,0
20100824,1.46,1.46,1.43,1.43,85584,0
20100825,1.43,1.44,1.42,1.43,82828,0
20100826,1.44,1.47,1.44,1.47,101380,0
20100827,1.46,1.47,1.44,1.47,79516,0
20100830,1.45,1.48,1.45,1.46,70428,0
20100831,1.46,1.67,1.45,1.67,3689152,0
20100901,1.68,1.68,1.6,1.64,2355457,0
20100902,1.63,1.78,1.55,1.72,3907244,0
20100903,1.74,1.74,1.64,1.67,1230765,0
20100906,1.69,1.69,1.62,1.62,362921,0
20100907,1.6,1.64,1.58,1.61,555498,0
20100908,1.61,1.63,1.59,1.62,293122,0
20100909,1.61,1.62,1.57,1.57,531746,0
20100910,1.6,1.6,1.57,1.58,127860,0
20100913,1.59,1.64,1.58,1.61,308125,0
20100914,1.62,1.63,1.6,1.6,237794,0
20100915,1.61,1.64,1.59,1.64,400611,0
20100916,1.64,1.64,1.62,1.64,138204,0
20100917,1.64,1.67,1.61,1.62,585741,0
20100920,1.62,1.63,1.59,1.6,183627,0
20100921,1.6,1.61,1.58,1.59,195614,0
20100922,1.6,1.61,1.58,1.6,160292,0
20100923,1.6,1.6,1.54,1.58,508850,0
20100924,1.58,1.63,1.57,1.6,408873,0
20100927,1.6,1.6,1.59,1.59,110852,0
20100928,1.58,1.6,1.55,1.56,307554,0
20100929,1.6,1.65,1.58,1.64,862447,0
20100930,1.64,1.72,1.64,1.66,1981526,0
20101001,1.66,1.68,1.62,1.64,241854,0
20101004,1.63,1.66,1.59,1.61,231859,0
20101005,1.6,1.64,1.6,1.63,161885,0
20101006,1.63,1.68,1.62,1.66,927159,0
20101007,1.65,1.68,1.62,1.66,893377,0
20101008,1.65,1.65,1.62,1.64,99569,0
20101011,1.64,1.69,1.62,1.66,1198996,0
20101012,1.67,1.67,1.62,1.63,201814,0
20101013,1.63,1.69,1.63,1.66,637827,0
20101014,1.67,1.69,1.65,1.65,597111,0
20101015,1.67,1.67,1.63,1.65,99757,0
20101018,1.63,1.67,1.63,1.66,552337,0
20101019,1.66,1.66,1.62,1.64,691809,0
20101020,1.62,1.63,1.61,1.62,81611,0
20101021,1.62,1.63,1.61,1.62,158836,0
20101022,1.61,1.62,1.59,1.59,173063,0
20101025,1.59,1.61,1.59,1.6,60194,0
20101026,1.6,1.61,1.58,1.6,71020,0
20101027,1.6,1.64,1.58,1.63,113180,0
20101028,1.62,1.64,1.62,1.62,73035,0
20101029,1.61,1.65,1.61,1.65,124057,0
20101102,1.64,1.67,1.63,1.66,467894,0
20101103,1.67,1.67,1.64,1.64,39320,0
20101104,1.66,1.68,1.62,1.67,261490,0
20101105,1.68,1.68,1.63,1.63,117023,0
20101108,1.65,1.65,1.62,1.63,103564,0
20101109,1.62,1.64,1.62,1.63,66058,0
20101110,1.67,1.72,1.67,1.68,1199149,0
20101112,1.64,1.66,1.63,1.65,248625,0
20101115,1.65,1.66,1.63,1.65,121374,0
20101116,1.64,1.64,1.61,1.61,191133,0
20101117,1.6,1.63,1.6,1.62,156348,0
20101118,1.62,1.64,1.6,1.62,143158,0
20101119,1.62,1.64,1.6,1.6,309950,0
20101122,1.6,1.62,1.55,1.59,181394,0
20101123,1.59,1.59,1.56,1.57,82479,0
20101124,1.57,1.58,1.55,1.57,80559,0
20101125,1.57,1.59,1.55,1.59,70961,0
20101126,1.6,1.6,1.52,1.54,230027,0
20101129,1.55,1.55,1.48,1.49,219991,0
20101130,1.51,1.52,1.48,1.51,114952,0
20101201,1.51,1.55,1.51,1.55,228498,0
20101202,1.53,1.58,1.5,1.5,826642,0
20101203,1.53,1.54,1.51,1.53,130378,0
20101206,1.55,1.55,1.52,1.54,104638,0
20101207,1.54,1.55,1.52,1.52,282601,0
20101208,1.53,1.53,1.51,1.53,34659,0
20101209,1.53,1.54,1.51,1.52,127169,0
20101210,1.53,1.55,1.52,1.53,83233,0
20101213,1.53,1.54,1.51,1.54,120606,0
20101214,1.54,1.54,1.51,1.53,83213,0
20101215,1.51,1.52,1.5,1.51,194025,0
20101216,1.51,1.53,1.5,1.51,136886,0
20101217,1.51,1.52,1.49,1.5,169651,0
20101220,1.51,1.51,1.48,1.5,129282,0
20101221,1.51,1.51,1.49,1.5,105808,0
20101222,1.49,1.54,1.48,1.5,356624,0
20101223,1.5,1.5,1.48,1.5,142841,0
20101227,1.5,1.5,1.47,1.47,104909,0
20101228,1.47,1.48,1.44,1.45,451371,0
20101229,1.45,1.47,1.45,1.47,55462,0
20101230,1.46,1.49,1.45,1.46,228744,0
20101231,1.46,1.49,1.46,1.49,28388,0
20110103,1.47,1.5,1.46,1.46,73405,0
20110104,1.48,1.48,1.47,1.48,42278,0
20110105,1.49,1.49,1.45,1.48,99757,0
20110107,1.48,1.48,1.47,1.48,9559,0
20110110,1.49,1.49,1.44,1.47,126865,0
20110111,1.46,1.48,1.45,1.47,39326,0
20110112,1.46,1.55,1.45,1.52,657763,0
20110113,1.54,1.54,1.49,1.5,94150,0
20110114,1.5,1.5,1.48,1.5,63027,0
20110117,1.48,1.51,1.48,1.51,82370,0
20110118,1.51,1.54,1.49,1.52,223688,0
20110119,1.53,1.53,1.5,1.5,184772,0
20110120,1.5,1.51,1.5,1.5,133266,0
20110121,1.5,1.52,1.5,1.52,134169,0
20110124,1.52,1.52,1.5,1.51,56394,0
20110125,1.52,1.53,1.48,1.53,127463,0
20110126,1.5,1.52,1.5,1.5,87558,0
20110127,1.5,1.52,1.49,1.51,42712,0
20110128,1.5,1.51,1.49,1.5,60193,0
20110131,1.51,1.51,1.49,1.51,258737,0
20110201,1.5,1.52,1.5,1.51,107547,0
20110202,1.52,1.52,1.49,1.5,544158,0
20110203,1.49,1.52,1.49,1.51,126813,0
20110204,1.51,1.52,1.5,1.51,68028,0
20110207,1.5,1.52,1.5,1.51,117366,0
20110208,1.51,1.51,1.5,1.51,68602,0
20110209,1.51,1.52,1.5,1.5,58014,0
20110210,1.49,1.51,1.49,1.5,79652,0
20110211,1.5,1.51,1.5,1.51,82818,0
20110214,1.52,1.52,1.5,1.51,38176,0
20110215,1.51,1.52,1.51,1.51,111960,0
20110216,1.51,1.63,1.51,1.59,857517,0
20110217,1.58,1.61,1.55,1.6,381033,0
20110218,1.59,1.61,1.58,1.61,429534,0
20110221,1.62,1.66,1.62,1.64,760536,0
20110222,1.64,1.66,1.59,1.6,460375,0
20110223,1.6,1.71,1.6,1.69,785841,0
20110224,1.69,1.69,1.66,1.69,202867,0
20110225,1.69,1.7,1.65,1.67,117669,0
20110228,1.66,1.68,1.62,1.68,342381,0
20110301,1.66,1.68,1.61,1.63,213750,0
20110302,1.63,1.67,1.63,1.66,119366,0
20110303,1.67,1.69,1.63,1.68,557111,0
20110304,1.67,1.69,1.65,1.67,205112,0
20110307,1.67,1.67,1.63,1.67,165685,0
20110308,1.67,1.69,1.63,1.67,70672,0
20110309,1.67,1.67,1.64,1.65,84099,0
20110310,1.64,1.65,1.62,1.65,100848,0
20110311,1.62,1.64,1.62,1.62,50997,0
20110314,1.61,1.62,1.56,1.56,248056,0
20110315,1.55,1.56,1.51,1.53,148598,0
20110316,1.53,1.56,1.51,1.53,95118,0
20110317,1.53,1.57,1.52,1.56,56426,0
20110318,1.55,1.57,1.54,1.54,79934,0
20110321,1.58,1.6,1.55,1.59,148621,0
20110322,1.58,1.6,1.54,1.55,135304,0
20110323,1.58,1.58,1.54,1.55,74561,0
20110324,1.55,1.58,1.55,1.56,39395,0
20110325,1.57,1.59,1.55,1.59,59617,0
20110328,1.58,1.58,1.55,1.56,35303,0
20110329,1.55,1.57,1.53,1.57,173266,0
20110330,1.57,1.57,1.52,1.56,181947,0
20110331,1.54,1.55,1.53,1.55,127224,0
20110401,1.55,1.56,1.52,1.56,279863,0
20110404,1.56,1.56,1.52,1.53,145654,0
20110405,1.54,1.56,1.53,1.55,121733,0
20110406,1.54,1.57,1.54,1.56,150308,0
20110407,1.57,1.62,1.57,1.62,587520,0
20110408,1.6,1.62,1.59,1.59,250986,0
20110411,1.59,1.61,1.58,1.58,174047,0
20110412,1.59,1.6,1.58,1.58,44245,0
20110413,1.58,1.6,1.58,1.6,159903,0
20110414,1.59,1.6,1.59,1.59,196141,0
20110415,1.59,1.6,1.59,1.6,152936,0
20110418,1.6,1.6,1.55,1.56,164191,0
20110419,1.56,1.59,1.56,1.59,51193,0
20110420,1.57,1.6,1.56,1.59,80469,0
20110421,1.57,1.6,1.57,1.6,157757,0
20110426,1.57,1.6,1.57,1.57,87592,0
20110427,1.57,1.59,1.55,1.57,129370,0
20110428,1.58,1.58,1.55,1.57,162180,0
20110429,1.55,1.58,1.55,1.58,94113,0
20110502,1.58,1.59,1.56,1.58,39623,0
20110504,1.56,1.64,1.56,1.57,366004,0
20110505,1.57,1.59,1.54,1.56,205392,0
20110506,1.57,1.58,1.54,1.57,71902,0
20110509,1.56,1.59,1.54,1.56,161588,0
20110510,1.56,1.57,1.54,1.57,77247,0
20110511,1.57,1.58,1.55,1.56,69228,0
20110512,1.56,1.56,1.5,1.52,177588,0
20110513,1.51,1.53,1.51,1.53,189346,0
20110516,1.52,1.52,1.49,1.52,147754,0
20110517,1.49,1.51,1.45,1.47,299615,0
20110518,1.47,1.49,1.47,1.49,92807,0
20110519,1.49,1.51,1.47,1.5,65027,0
20110520,1.51,1.53,1.5,1.53,52032,0
20110523,1.5,1.52,1.49,1.51,83970,0
20110524,1.5,1.51,1.49,1.5,49840,0
20110525,1.5,1.53,1.5,1.53,80902,0
20110526,1.53,1.53,1.5,1.52,81525,0
20110527,1.51,1.53,1.51,1.53,46281,0
20110530,1.51,1.51,1.49,1.5,66367,0
20110531,1.51,1.56,1.49,1.56,523036,0
20110601,1.56,1.56,1.53,1.53,27138,0
20110602,1.51,1.54,1.5,1.52,192834,0
20110603,1.5,1.5,1.49,1.5,72834,0
20110606,1.5,1.5,1.46,1.49,205794,0
20110607,1.49,1.5,1.47,1.5,17845,0
20110608,1.5,1.5,1.45,1.45,285843,0
20110609,1.48,1.48,1.45,1.48,99584,0
20110610,1.47,1.48,1.46,1.47,42002,0
20110613,1.46,1.5,1.46,1.49,115072,0
20110614,1.49,1.5,1.47,1.49,27358,0
20110615,1.49,1.49,1.46,1.47,81379,0
20110616,1.45,1.47,1.42,1.46,88866,0
20110617,1.45,1.45,1.44,1.44,80363,0
20110620,1.44,1.44,1.41,1.41,55101,0
20110621,1.42,1.44,1.37,1.39,124490,0
20110622,1.39,1.39,1.37,1.37,44457,0
20110624,1.35,1.42,1.35,1.41,75047,0
20110627,1.41,1.42,1.35,1.36,99943,0
20110628,1.37,1.38,1.3,1.35,143696,0
20110629,1.37,1.38,1.36,1.37,46446,0
20110630,1.37,1.39,1.37,1.38,22471,0
20110701,1.38,1.39,1.36,1.39,38121,0
20110704,1.4,1.43,1.4,1.41,89234,0
20110705,1.41,1.41,1.39,1.41,33078,0
20110706,1.39,1.39,1.36,1.38,38910,0
20110707,1.38,1.4,1.35,1.38,124446,0
20110708,1.36,1.36,1.35,1.36,91514,0
20110711,1.35,1.36,1.32,1.33,44142,0
20110712,1.33,1.33,1.26,1.3,161668,0
20110713,1.29,1.3,1.27,1.3,66329,0
20110714,1.29,1.29,1.27,1.27,30935,0
20110715,1.25,1.28,1.25,1.27,49394,0
20110718,1.26,1.27,1.24,1.24,115152,0
20110719,1.25,1.26,1.22,1.23,85969,0
20110720,1.22,1.25,1.19,1.19,134161,0
20110721,1.17,1.19,1.15,1.17,242636,0
20110722,1.17,1.19,1.16,1.18,78421,0
20110725,1.18,1.18,1.15,1.18,52054,0
20110726,1.18,1.22,1.16,1.21,72062,0
20110727,1.2,1.21,1.19,1.19,41914,0
20110728,1.18,1.18,1.16,1.18,54704,0
20110729,1.17,1.19,1.17,1.19,36714,0
20110801,1.19,1.23,1.18,1.21,91323,0
20110802,1.2,1.2,1.16,1.19,105174,0
20110803,1.15,1.15,1.07,1.08,370828,0
20110804,1.1,1.12,0.94,0.95,554870,0
20110805,0.91,0.99,0.89,0.95,570400,0
20110808,0.9,0.92,0.85,0.91,484456,0
20110809,0.88,0.89,0.81,0.87,756909,0
20110810,0.91,0.94,0.86,0.86,1139570,0
20110811,0.87,0.93,0.86,0.93,1607081,0
20110812,0.95,1.05,0.95,1.03,564928,0
20110816,1.06,1.06,1.03,1.06,163309,0
20110817,1.05,1.05,1.01,1.03,129313,0
20110818,1.01,1.02,0.86,0.89,583931,0
20110819,0.89,0.89,0.81,0.87,716382,0
20110822,0.86,0.88,0.85,0.85,754223,0
20110823,0.86,0.88,0.86,0.87,320341,0
20110824,0.89,0.89,0.85,0.87,250447,0
20110825,0.87,0.88,0.85,0.86,98449,0
20110826,0.86,0.87,0.84,0.87,126493,0
20110829,0.87,0.93,0.85,0.91,289774,0
20110830,0.92,0.93,0.9,0.91,167114,0
20110831,0.93,0.97,0.92,0.96,438842,0
20110901,0.97,0.99,0.91,0.94,245905,0
20110902,0.94,0.94,0.88,0.9,310784,0
20110905,0.88,0.89,0.87,0.88,264437,0
20110906,0.88,0.9,0.88,0.88,139841,0
20110907,0.9,0.91,0.89,0.91,166195,0
20110908,0.92,0.97,0.92,0.96,671803,0
20110909,0.94,0.95,0.93,0.95,160074,0
20110912,0.95,0.95,0.89,0.93,154993,0
20110913,0.94,0.94,0.89,0.91,114572,0
20110914,0.9,0.93,0.9,0.91,108378,0
20110915,0.91,0.95,0.91,0.95,316658,0
20110916,0.96,0.98,0.95,0.96,322608,0
20110919,0.96,0.96,0.92,0.95,159338,0
20110920,0.95,1,0.94,0.99,195536,0
20110921,1,1.03,1,1.03,258356,0
20110922,0.96,0.99,0.96,0.98,390113,0
20110923,0.98,0.99,0.92,0.97,484764,0
20110926,0.94,1,0.94,0.99,295521,0
20110927,1.01,1.01,0.97,1,788157,0
20110928,0.99,1.01,0.99,0.99,1289495,0
20110929,1,1.01,0.99,0.99,546214,0
20110930,1,1,0.99,1,454774,0
20111003,0.99,0.99,0.95,0.98,110893,0
20111004,0.98,0.99,0.95,0.98,753588,0
20111005,1,1.06,0.99,1.05,3980374,0
20111006,1.05,1.06,1.03,1.04,115838,0
20111007,1.06,1.06,1.04,1.05,94644,0
20111010,1.06,1.14,1.06,1.09,343296,0
20111011,1.08,1.09,1.08,1.08,218909,0
20111012,1.08,1.13,1.08,1.09,232287,0
20111013,1.1,1.11,1.09,1.09,1312131,0
20111014,1.09,1.09,1.08,1.08,142816,0
20111017,1.09,1.11,1.07,1.07,91001,0
20111018,1.02,1.06,1.01,1.06,209399,0
20111019,1.07,1.09,1.06,1.09,183632,0
20111020,1.06,1.08,1.06,1.07,19200,0
20111021,1.05,1.07,1.05,1.06,709309,0
20111024,1.08,1.09,1.07,1.08,57571,0
20111025,1.08,1.09,1.08,1.08,196067,0
20111026,1.06,1.08,1.06,1.07,40867,0
20111027,1.08,1.1,1.08,1.09,255135,0
20111028,1.09,1.1,1.08,1.08,52662,0
20111031,1.08,1.12,1.07,1.08,131158,0
20111102,1.03,1.08,1.03,1.07,123964,0
20111103,1.07,1.17,1.07,1.13,298359,0
20111104,1.14,1.14,1.08,1.09,160574,0
20111107,1.1,1.11,1.09,1.11,57613,0
20111108,1.1,1.12,1.1,1.1,2172788,0
20111109,1.1,1.11,1.08,1.08,8480167,0
20111110,1.07,1.08,1.06,1.08,84867,0
20111114,1.1,1.11,1.07,1.07,2089881,0
20111115,1.08,1.08,1.05,1.06,39641,0
20111116,1.06,1.06,1.05,1.05,42514,0
20111117,1.04,1.05,1.02,1.02,77386,0
20111118,1.02,1.02,0.95,0.98,248918,0
20111121,0.98,0.98,0.93,0.93,264729,0
20111122,0.95,0.95,0.93,0.95,49421,0
20111123,0.95,0.95,0.87,0.89,205006,0
20111124,0.89,0.9,0.87,0.89,118853,0
20111125,0.9,0.9,0.86,0.87,121927,0
20111128,0.88,0.9,0.88,0.89,60746,0
20111129,0.9,0.92,0.89,0.91,82614,0
20111130,0.9,0.94,0.89,0.94,114978,0
20111201,0.94,0.94,0.9,0.91,108985,0
20111202,0.91,0.91,0.9,0.91,43617,0
20111205,0.92,0.92,0.89,0.92,32380,0
20111206,0.9,0.91,0.88,0.88,78294,0
20111207,0.9,0.9,0.87,0.89,79092,0
20111208,0.89,0.9,0.87,0.89,95690,0
20111209,0.87,0.89,0.87,0.88,66695,0
20111212,0.88,0.88,0.86,0.87,108609,0
20111213,0.87,0.88,0.87,0.88,24666,0
20111214,0.86,0.88,0.86,0.86,31138,0
20111215,0.86,0.88,0.85,0.87,438872,0
20111216,0.88,0.88,0.85,0.87,52221,0
20111219,0.86,0.87,0.85,0.86,801670,0
20111220,0.85,0.86,0.84,0.86,186086,0
20111221,0.86,0.87,0.84,0.85,113519,0
20111222,0.85,0.91,0.85,0.89,395751,0
20111223,0.89,0.9,0.89,0.89,125258,0
20111227,0.88,0.89,0.87,0.87,234957,0
20111228,0.87,0.9,0.86,0.86,74315,0
20111229,0.87,0.89,0.86,0.87,126891,0
20111230,0.87,0.88,0.86,0.87,46149,0
20120102,0.89,0.89,0.85,0.86,129577,0
20120103,0.88,0.88,0.86,0.88,63709,0
20120104,0.88,0.88,0.86,0.88,1623889,0
20120105,0.88,0.88,0.86,0.88,38806,0
20120109,0.88,0.88,0.87,0.87,40363,0
20120110,0.88,0.92,0.88,0.92,476107,0
20120111,0.92,0.92,0.89,0.9,47354,0
20120112,0.91,0.96,0.9,0.96,430447,0
20120113,0.96,0.97,0.93,0.93,249329,0
20120116,0.92,0.96,0.92,0.95,78620,0
20120117,0.94,1.01,0.94,1,361939,0
20120118,1.01,1.01,0.99,0.99,140331,0
20120119,1,1.02,1,1.01,105044,0
20120120,1.02,1.02,0.96,1,108112,0
20120123,0.99,1.04,0.99,1.03,124584,0
20120124,1.03,1.03,1.02,1.02,188097,0
20120125,1.03,1.07,1.02,1.06,3251701,0
20120126,1.07,1.12,1.07,1.12,379533,0
20120127,1.12,1.14,1.09,1.14,371411,0
20120130,1.12,1.12,1.08,1.1,1863734,0
20120131,1.12,1.16,1.1,1.13,980668,0
20120201,1.14,1.16,1.1,1.16,130660,0
20120202,1.16,1.16,1.12,1.15,326506,0
20120203,1.14,1.16,1.11,1.15,117944,0
20120206,1.13,1.24,1.13,1.22,535759,0
20120207,1.24,1.29,1.23,1.26,464055,0
20120208,1.28,1.28,1.25,1.26,191880,0
20120209,1.26,1.27,1.22,1.24,159706,0
20120210,1.23,1.23,1.18,1.21,134088,0
20120213,1.2,1.23,1.19,1.22,45812,0
20120214,1.22,1.22,1.2,1.2,38905,0
20120215,1.2,1.24,1.2,1.22,53101,0
20120216,1.21,1.21,1.18,1.19,43536,0
20120217,1.2,1.25,1.2,1.24,114190,0
20120220,1.25,1.25,1.15,1.2,993789,0
20120221,1.21,1.21,1.18,1.2,55073,0
20120222,1.17,1.2,1.17,1.19,176769,0
20120223,1.18,1.21,1.16,1.19,237153,0
20120224,1.19,1.19,1.17,1.19,130048,0
20120227,1.19,1.2,1.18,1.19,109748,0
20120228,1.2,1.21,1.18,1.21,48423,0
20120229,1.21,1.24,1.19,1.23,209295,0
20120301,1.21,1.28,1.21,1.25,216323,0
20120302,1.25,1.28,1.23,1.25,73260,0
20120305,1.27,1.27,1.25,1.25,382284,0
20120306,1.25,1.26,1.23,1.25,291998,0
20120307,1.24,1.26,1.24,1.25,76560,0
20120308,1.26,1.29,1.26,1.28,165651,0
20120309,1.3,1.33,1.29,1.31,313711,0
20120312,1.31,1.34,1.31,1.31,165548,0
20120313,1.3,1.33,1.3,1.31,131447,0
20120314,1.31,1.33,1.29,1.32,254383,0
20120315,1.33,1.33,1.28,1.32,527939,0
20120316,1.33,1.38,1.31,1.37,529654,0
20120319,1.39,1.42,1.38,1.41,575326,0
20120320,1.41,1.42,1.36,1.4,585936,0
20120321,1.39,1.41,1.37,1.4,593019,0
20120322,1.41,1.41,1.26,1.37,742297,0
20120323,1.36,1.41,1.34,1.4,170646,0
20120326,1.39,1.44,1.37,1.43,291491,0
20120327,1.44,1.44,1.41,1.43,319893,0
20120328,1.44,1.44,1.41,1.43,94691,0
20120329,1.41,1.45,1.41,1.44,179172,0
20120330,1.44,1.47,1.43,1.47,674219,0
20120402,1.46,1.48,1.4,1.44,189224,0
20120403,1.45,1.46,1.4,1.45,239974,0
20120404,1.42,1.44,1.38,1.42,212144,0
20120405,1.41,1.43,1.41,1.42,243397,0
20120410,1.39,1.41,1.38,1.4,80125,0
20120411,1.38,1.4,1.28,1.4,186357,0
20120412,1.41,1.42,1.37,1.42,152778,0
20120413,1.42,1.43,1.39,1.41,42408,0
20120416,1.41,1.43,1.38,1.42,64787,0
20120417,1.39,1.43,1.39,1.42,74295,0
20120418,1.42,1.43,1.38,1.42,159844,0
20120419,1.39,1.43,1.39,1.42,274279,0
20120420,1.41,1.43,1.41,1.42,287062,0
20120423,1.39,1.42,1.34,1.4,246456,0
20120424,1.41,1.41,1.33,1.4,199926,0
20120425,1.4,1.41,1.35,1.4,163778,0
20120426,1.41,1.42,1.38,1.41,95186,0
20120427,1.42,1.44,1.38,1.42,586778,0
20120430,1.47,1.49,1.46,1.46,66509,0
20120502,1.48,1.5,1.48,1.48,70057,0
20120504,1.48,1.5,1.44,1.44,72379,0
20120507,1.4,1.49,1.4,1.45,190436,0
20120508,1.44,1.45,1.43,1.44,114288,0
20120509,1.44,1.45,1.42,1.45,60699,0
20120510,1.43,1.45,1.42,1.45,69710,0
20120511,1.46,1.46,1.42,1.45,42754,0
20120514,1.43,1.43,1.29,1.37,427838,0
20120515,1.33,1.35,1.29,1.3,1323803,0
20120516,1.28,1.3,1.19,1.3,214069,0
20120517,1.3,1.33,1.26,1.32,195799,0
20120518,1.23,1.34,1.23,1.33,91818,0
20120521,1.3,1.37,1.3,1.37,51900,0
20120522,1.39,1.4,1.35,1.39,125030,0
20120523,1.36,1.38,1.35,1.38,51682,0
20120524,1.36,1.36,1.29,1.33,246179,0
20120525,1.29,1.35,1.29,1.35,59880,0
20120528,1.33,1.38,1.27,1.3,354428,0
20120529,1.3,1.33,1.25,1.32,236698,0
20120530,1.28,1.32,1.28,1.32,155582,0
20120531,1.29,1.37,1.29,1.37,310642,0
20120601,1.33,1.34,1.26,1.3,171299,0
20120604,1.26,1.31,1.26,1.31,62390,0
20120605,1.28,1.31,1.26,1.31,78799,0
20120606,1.3,1.33,1.29,1.29,118570,0
20120608,1.31,1.33,1.27,1.33,105117,0
20120611,1.33,1.34,1.29,1.32,163357,0
20120612,1.3,1.32,1.3,1.32,100000,0
20120613,1.3,1.33,1.3,1.33,71199,0
20120614,1.31,1.31,1.3,1.3,32484,0
20120615,1.3,1.33,1.3,1.33,82567,0
20120618,1.29,1.31,1.2,1.3,791964,0
20120619,1.27,1.32,1.27,1.31,28495,0
20120620,1.28,1.31,1.28,1.3,7421,0
20120621,1.28,1.3,1.28,1.3,64288,0
20120622,1.27,1.3,1.27,1.3,14420,0
20120625,1.3,1.31,1.28,1.31,10790,0
20120626,1.28,1.31,1.27,1.3,59920,0
20120627,1.27,1.31,1.27,1.31,57115,0
20120628,1.29,1.31,1.27,1.31,59400,0
20120629,1.3,1.33,1.3,1.31,103712,0
20120702,1.32,1.32,1.26,1.3,76818,0
20120703,1.3,1.3,1.27,1.29,42623,0
20120704,1.29,1.3,1.22,1.27,109512,0
20120705,1.29,1.29,1.24,1.28,20653,0
20120706,1.28,1.28,1.25,1.25,12306,0
20120709,1.25,1.27,1.23,1.27,24774,0
20120710,1.24,1.27,1.23,1.24,10350,0
20120711,1.23,1.25,1.23,1.25,18417,0
20120712,1.25,1.25,1.2,1.25,112267,0
20120713,1.22,1.26,1.22,1.25,19724,0
20120716,1.23,1.25,1.19,1.25,115580,0
20120717,1.25,1.25,1.19,1.22,133221,0
20120718,1.22,1.23,1.19,1.23,66893,0
20120719,1.21,1.24,1.21,1.24,64765,0
20120720,1.25,1.25,1.22,1.25,47340,0
20120723,1.25,1.25,1.22,1.25,53281,0
20120724,1.25,1.25,1.22,1.25,70734,0
20120725,1.26,1.26,1.22,1.22,18216,0
20120726,1.22,1.24,1.22,1.24,28325,0
20120727,1.25,1.25,1.17,1.2,432628,0
20120730,1.21,1.21,1.15,1.21,123032,0
20120731,1.18,1.25,1.18,1.25,190849,0
20120801,1.25,1.25,1.18,1.18,159168,0
20120802,1.2,1.2,1.17,1.19,125484,0
20120803,1.2,1.2,1.18,1.2,15439,0
20120806,1.2,1.21,1.2,1.2,40342,0
20120807,1.2,1.2,1.16,1.2,42028,0
20120808,1.2,1.2,1.16,1.2,68181,0
20120809,1.2,1.2,1.15,1.15,144362,0
20120810,1.15,1.17,1.15,1.17,36702,0
20120813,1.18,1.18,1.12,1.16,64762,0
20120814,1.16,1.16,1.12,1.14,97150,0
20120816,1.14,1.15,1.12,1.15,83387,0
20120817,1.14,1.14,1.11,1.14,76145,0
20120820,1.13,1.15,1.11,1.12,62438,0
20120821,1.12,1.12,1.08,1.11,139426,0
20120822,1.11,1.11,1.07,1.11,56487,0
20120823,1.11,1.11,1.06,1.06,82226,0
20120824,1.06,1.09,1.05,1.07,41427,0
20120827,1.05,1.05,0.98,0.98,254020,0
20120828,0.97,0.97,0.94,0.95,267158,0
20120829,0.93,0.95,0.92,0.94,218700,0
20120830,0.95,0.95,0.91,0.93,310803,0
20120831,0.93,0.95,0.92,0.94,224611,0
20120903,0.95,0.95,0.93,0.94,67722,0
20120904,0.93,0.94,0.91,0.91,408829,0
20120905,0.93,0.93,0.91,0.91,72086,0
20120906,0.91,0.92,0.88,0.89,378225,0
20120907,0.89,0.9,0.89,0.9,54365,0
20120910,0.9,0.9,0.88,0.89,138325,0
20120911,0.89,0.89,0.87,0.88,106438,0
20120912,0.87,0.88,0.87,0.87,22606,0
20120913,0.88,0.93,0.88,0.92,143995,0
20120914,0.93,0.97,0.93,0.96,227215,0
20120917,0.96,0.98,0.96,0.98,129545,0
20120918,0.99,1.09,0.99,1.09,294697,0
20120919,1.09,1.19,1.07,1.19,544872,0
20120920,1.19,1.2,1.16,1.19,199990,0
20120921,1.18,1.19,1.17,1.19,191727,0
20120924,1.19,1.19,1.16,1.16,121831,0
20120925,1.16,1.22,1.16,1.19,125334,0
20120926,1.2,1.21,1.18,1.19,183500,0
20120927,1.22,1.23,1.17,1.17,712818,0
20120928,1.22,1.22,1.19,1.19,246248,0
20121001,1.19,1.19,1.18,1.19,99206,0
20121002,1.19,1.19,1.16,1.16,130404,0
20121003,1.17,1.18,1.16,1.16,61700,0
20121004,1.16,1.17,1.16,1.16,11348,0
20121005,1.16,1.18,1.16,1.16,32388,0
20121008,1.15,1.16,1.15,1.15,26605,0
20121009,1.16,1.16,1.15,1.15,10330,0
20121010,1.15,1.16,1.13,1.15,13538,0
20121011,1.15,1.15,1.13,1.15,148369,0
20121012,1.15,1.15,1.12,1.12,5521,0
20121015,1.11,1.13,1.09,1.1,46426,0
20121016,1.1,1.16,1.1,1.16,114519,0
20121017,1.17,1.18,1.16,1.17,70048,0
20121018,1.18,1.2,1.15,1.2,308324,0
20121019,1.21,1.21,1.19,1.2,392281,0
20121022,1.19,1.2,1.19,1.2,36058,0
20121023,1.18,1.19,1.17,1.18,403080,0
20121024,1.19,1.2,1.15,1.18,46008,0
20121025,1.18,1.18,1.17,1.18,90196,0
20121026,1.15,1.17,1.15,1.17,4943,0
20121029,1.15,1.17,1.13,1.17,23964,0
20121030,1.14,1.15,1.14,1.14,27218,0
20121031,1.14,1.15,1.13,1.15,37318,0
20121102,1.13,1.16,1.13,1.16,59437,0
20121105,1.16,1.16,1.09,1.13,33445,0
20121106,1.11,1.13,1.1,1.11,113432,0
20121107,1.11,1.11,1.08,1.08,54616,0
20121108,1.06,1.06,1.03,1.05,93938,0
20121109,1.02,1.03,1.02,1.02,36037,0
20121112,1.03,1.06,1.01,1.04,63653,0
20121113,1.04,1.04,1.01,1.03,26878,0
20121114,1.03,1.03,1,1.02,26310,0
20121115,1,1.02,1,1,99307,0
20121116,1.02,1.02,1.01,1.01,75300,0
20121119,1.03,1.07,1.03,1.06,51637,0
20121120,1.07,1.07,1.06,1.06,26661,0
20121121,1.05,1.05,1.03,1.04,34894,0
20121122,1.03,1.09,1.03,1.09,45828,0
20121123,1.09,1.12,1.09,1.12,52401,0
20121126,1.12,1.17,1.11,1.16,137944,0
20121127,1.17,1.18,1.15,1.15,258625,0
20121128,1.13,1.16,1.11,1.14,86053,0
20121129,1.11,1.13,1.11,1.12,35161,0
20121130,1.11,1.14,1.11,1.14,12910,0
20121203,1.12,1.16,1.12,1.16,35542,0
20121204,1.17,1.17,1.12,1.13,154997,0
20121205,1.14,1.15,1.13,1.15,27182,0
20121206,1.15,1.21,1.13,1.21,235470,0
20121207,1.22,1.27,1.18,1.23,405308,0
20121210,1.24,1.24,1.18,1.19,83386,0
20121211,1.19,1.28,1.17,1.28,274553,0
20121212,1.26,1.29,1.22,1.23,256915,0
20121213,1.22,1.23,1.2,1.22,41293,0
20121214,1.2,1.22,1.19,1.21,33843,0
20121217,1.21,1.21,1.19,1.19,83167,0
20121218,1.18,1.2,1.17,1.17,60209,0
20121219,1.18,1.18,1.14,1.14,58888,0
20121220,1.14,1.15,1.12,1.15,114358,0
20121221,1.13,1.14,1.12,1.13,71532,0
20121227,1.13,1.14,1.12,1.14,22053,0
20121228,1.13,1.17,1.13,1.17,82950,0
20130102,1.2,1.2,1.15,1.17,26232,0
20130103,1.17,1.19,1.15,1.19,43055,0
20130104,1.18,1.18,1.14,1.17,45620,0
20130107,1.17,1.17,1.15,1.16,29750,0
20130108,1.16,1.18,1.15,1.18,59923,0
20130109,1.17,1.17,1.16,1.16,14000,0
20130110,1.15,1.17,1.15,1.15,13863,0
20130111,1.16,1.17,1.16,1.17,34999,0
20130114,1.15,1.18,1.15,1.15,160452,0
20130115,1.15,1.16,1.15,1.16,7431,0
20130116,1.15,1.2,1.13,1.18,253879,0
20130117,1.18,1.18,1.17,1.18,83914,0
20130118,1.19,1.2,1.17,1.18,486876,0
20130121,1.18,1.22,1.18,1.21,907256,0
20130122,1.23,1.27,1.23,1.26,585630,0
20130123,1.26,1.26,1.24,1.25,94336,0
20130124,1.25,1.25,1.24,1.24,34228,0
20130125,1.24,1.27,1.24,1.25,153722,0
20130128,1.25,1.29,1.25,1.29,231676,0
20130129,1.3,1.3,1.25,1.25,268715,0
20130130,1.25,1.26,1.22,1.26,62106,0
20130131,1.26,1.3,1.25,1.3,90043,0
20130201,1.3,1.35,1.27,1.28,162431,0
20130204,1.28,1.3,1.24,1.24,146879,0
20130205,1.24,1.24,1.17,1.19,171709,0
20130206,1.18,1.19,1.15,1.16,144846,0
20130207,1.16,1.19,1.14,1.15,102795,0
20130208,1.16,1.17,1.15,1.15,92502,0
20130211,1.15,1.15,1.15,1.15,11350,0
20130212,1.16,1.16,1.14,1.16,15052,0
20130213,1.14,1.17,1.14,1.16,10681,0
20130214,1.14,1.16,1.14,1.14,18279,0
20130215,1.14,1.17,1.13,1.17,37782,0
20130218,1.17,1.17,1.16,1.16,24487,0
20130219,1.16,1.16,1.15,1.16,27334,0
20130220,1.15,1.16,1.13,1.14,43243,0
20130221,1.13,1.13,1.03,1.06,153267,0
20130222,1.05,1.08,1.04,1.05,778802,0
20130225,1.05,1.09,1.04,1.07,517454,0
20130226,1.07,1.07,1.05,1.05,150051,0
20130227,1.05,1.09,1.05,1.05,374607,0
20130228,1.05,1.08,1.05,1.05,348367,0
20130301,1.07,1.07,1.05,1.07,13900,0
20130304,1.08,1.09,1.06,1.09,103617,0
20130305,1.1,1.14,1.1,1.14,85222,0
20130306,1.16,1.22,1.16,1.22,352998,0
20130307,1.22,1.22,1.17,1.2,195337,0
20130308,1.18,1.2,1.16,1.2,115470,0
20130311,1.2,1.23,1.2,1.2,125179,0
20130312,1.2,1.25,1.2,1.24,338364,0
20130313,1.22,1.28,1.22,1.27,392362,0
20130314,1.27,1.33,1.25,1.33,668050,0
20130315,1.3,1.35,1.29,1.34,855317,0
20130318,1.3,1.33,1.29,1.32,150436,0
20130319,1.3,1.31,1.28,1.31,982977,0
20130320,1.29,1.38,1.28,1.36,2510796,0
20130321,1.37,1.37,1.27,1.3,350151,0
20130322,1.24,1.31,1.24,1.31,95762,0
20130325,1.32,1.32,1.27,1.27,39323,0
20130326,1.27,1.27,1.24,1.25,44554,0
20130327,1.24,1.25,1.19,1.22,175123,0
20130328,1.2,1.23,1.2,1.21,24475,0
20130402,1.21,1.21,1.21,1.21,17925,0
20130403,1.21,1.24,1.21,1.21,49715,0
20130404,1.21,1.24,1.21,1.21,93648,0
20130405,1.21,1.22,1.21,1.21,19561,0
20130408,1.21,1.22,1.21,1.21,179707,0
20130409,1.2,1.21,1.2,1.21,56459,0
20130410,1.21,1.21,1.19,1.19,170422,0
20130411,1.2,1.23,1.18,1.23,18833,0
20130412,1.22,1.25,1.2,1.25,115016,0
20130415,1.24,1.24,1.19,1.22,54122,0
20130417,1.19,1.21,1.17,1.21,29350,0
20130418,1.17,1.21,1.17,1.18,122674,0
20130419,1.17,1.22,1.14,1.22,75249,0
20130422,1.22,1.29,1.19,1.25,147097,0
20130423,1.25,1.25,1.2,1.23,23941,0
20130424,1.23,1.25,1.18,1.18,38644,0
20130425,1.18,1.2,1.17,1.19,46436,0
20130426,1.21,1.22,1.19,1.19,35039,0
20130429,1.21,1.22,1.2,1.22,50268,0
20130430,1.2,1.21,1.19,1.21,4155,0
20130502,1.18,1.18,1.17,1.17,102826,0
20130506,1.15,1.17,1.14,1.14,54060,0
20130507,1.12,1.14,1.1,1.11,121587,0
20130508,1.1,1.13,1.08,1.08,218595,0
20130509,1.08,1.1,1.06,1.09,568438,0
20130510,1.1,1.18,1.1,1.17,181791,0
20130513,1.17,1.18,1.16,1.18,265583,0
20130514,1.18,1.23,1.18,1.2,171635,0
20130515,1.23,1.29,1.22,1.26,542211,0
20130516,1.26,1.26,1.23,1.25,115433,0
20130517,1.25,1.26,1.24,1.25,100269,0
20130520,1.24,1.29,1.24,1.29,686196,0
20130521,1.29,1.35,1.29,1.31,1292172,0
20130522,1.31,1.32,1.29,1.31,35787,0
20130523,1.29,1.3,1.25,1.29,122741,0
20130524,1.3,1.33,1.28,1.31,115457,0
20130527,1.32,1.4,1.32,1.39,971098,0
20130528,1.39,1.4,1.38,1.39,208857,0
20130529,1.39,1.39,1.35,1.38,229609,0
20130531,1.4,1.4,1.33,1.39,168879,0
20130603,1.39,1.4,1.38,1.4,54826,0
20130604,1.4,1.47,1.39,1.47,200043,0
20130605,1.43,1.47,1.4,1.4,174459,0
20130606,1.4,1.43,1.39,1.42,67271,0
20130607,1.39,1.42,1.39,1.41,32112,0
20130610,1.42,1.44,1.41,1.44,121606,0
20130611,1.44,1.55,1.43,1.48,571366,0
20130612,1.47,1.58,1.47,1.56,179896,0
20130613,1.52,1.55,1.46,1.47,237810,0
20130614,1.48,1.52,1.45,1.45,235529,0
20130617,1.5,1.5,1.45,1.46,88290,0
20130618,1.48,1.49,1.45,1.48,50447,0
20130619,1.48,1.52,1.47,1.52,200578,0
20130620,1.52,1.52,1.44,1.48,107797,0
20130621,1.45,1.48,1.44,1.44,45533,0
20130624,1.46,1.55,1.46,1.55,180827,0
20130625,1.55,1.65,1.55,1.58,722957,0
20130626,1.57,1.57,1.48,1.48,253522,0
20130627,1.5,1.54,1.45,1.49,593526,0
20130628,1.48,1.52,1.48,1.5,67654,0
20130701,1.5,1.57,1.5,1.57,115845,0
20130702,1.57,1.66,1.55,1.65,297539,0
20130703,1.65,1.65,1.58,1.6,110661,0
20130704,1.62,1.64,1.6,1.63,24000,0
20130705,1.61,1.62,1.56,1.61,69300,0
20130708,1.57,1.58,1.55,1.58,148046,0
20130709,1.58,1.64,1.55,1.6,168329,0
20130710,1.6,1.65,1.6,1.63,126498,0
20130711,1.64,1.65,1.62,1.65,157014,0
20130712,1.65,1.68,1.62,1.63,457825,0
20130715,1.63,1.68,1.62,1.67,110118,0
20130716,1.68,1.7,1.65,1.7,279521,0
20130717,1.7,1.7,1.64,1.65,211526,0
20130718,1.66,1.76,1.66,1.74,585419,0
20130719,1.76,1.8,1.75,1.75,509556,0
20130722,1.76,1.79,1.68,1.75,164501,0
20130723,1.76,1.78,1.75,1.77,83189,0
20130724,1.78,1.79,1.74,1.77,78261,0
20130725,1.75,1.77,1.7,1.7,185992,0
20130726,1.73,1.76,1.69,1.76,92881,0
20130729,1.78,1.8,1.72,1.8,206544,0
20130730,1.8,1.82,1.78,1.8,215113,0
20130731,1.79,1.8,1.79,1.8,106110,0
20130801,1.82,1.82,1.75,1.78,120452,0
20130802,1.78,1.8,1.51,1.56,1172243,0
20130805,1.41,1.48,1.34,1.44,1228349,0
20130806,1.44,1.46,1.42,1.45,278879,0
20130807,1.46,1.47,1.41,1.45,644194,0
20130808,1.45,1.45,1.36,1.37,845378,0
20130809,1.37,1.45,1.36,1.45,760763,0
20130812,1.45,1.45,1.42,1.45,268107,0
20130813,1.45,1.55,1.41,1.54,424635,0
20130814,1.55,1.58,1.5,1.54,326930,0
20130816,1.51,1.52,1.46,1.46,141206,0
20130819,1.49,1.49,1.43,1.48,88384,0
20130820,1.48,1.48,1.43,1.47,168868,0
20130821,1.48,1.48,1.44,1.44,51682,0
20130822,1.49,1.49,1.44,1.45,239597,0
20130823,1.48,1.48,1.37,1.38,512039,0
20130826,1.4,1.41,1.37,1.37,4178556,0
20130827,1.38,1.39,1.33,1.33,167092,0
20130828,1.33,1.35,1.3,1.32,305919,0
20130829,1.32,1.52,1.31,1.49,1096801,0
20130830,1.49,1.49,1.39,1.4,848377,0
20130902,1.41,1.46,1.41,1.43,197693,0
20130903,1.45,1.46,1.4,1.44,220267,0
20130904,1.43,1.48,1.42,1.42,552397,0
20130905,1.42,1.43,1.32,1.38,269229,0
20130906,1.41,1.52,1.4,1.52,1220907,0
20130909,1.51,1.56,1.49,1.51,433722,0
20130910,1.54,1.54,1.46,1.5,197189,0
20130911,1.51,1.52,1.48,1.5,85311,0
20130912,1.5,1.5,1.45,1.5,91029,0
20130913,1.47,1.49,1.44,1.44,137214,0
20130916,1.46,1.46,1.38,1.4,910942,0
20130917,1.4,1.41,1.38,1.4,591623,0
20130918,1.41,1.43,1.38,1.42,483009,0
20130919,1.44,1.45,1.41,1.42,126833,0
20130920,1.42,1.43,1.4,1.41,136894,0
20130923,1.41,1.42,1.39,1.39,186516,0
20130924,1.39,1.4,1.38,1.38,141550,0
20130925,1.4,1.4,1.37,1.37,205350,0
20130926,1.38,1.42,1.37,1.38,275941,0
20130927,1.4,1.42,1.38,1.39,118626,0
20130930,1.41,1.41,1.38,1.38,120970,0
20131001,1.41,1.41,1.38,1.38,559258,0
20131002,1.4,1.51,1.38,1.47,943856,0
20131003,1.46,1.53,1.46,1.47,542234,0
20131004,1.5,1.5,1.46,1.47,167031,0
20131007,1.48,1.49,1.44,1.47,38258,0
20131008,1.46,1.47,1.4,1.47,164149,0
20131009,1.46,1.46,1.43,1.43,33921,0
20131010,1.43,1.57,1.43,1.56,619219,0
20131011,1.56,1.57,1.52,1.56,298046,0
20131014,1.55,1.66,1.53,1.66,409476,0
20131015,1.67,1.72,1.63,1.63,277638,0
20131016,1.63,1.77,1.63,1.76,1027174,0
20131017,1.78,1.78,1.72,1.78,789303,0
20131018,1.74,1.79,1.73,1.78,821108,0
20131021,1.78,1.79,1.76,1.79,3329172,0
20131022,1.8,1.8,1.73,1.75,306013,0
20131023,1.75,1.75,1.68,1.7,197481,0
20131024,1.73,1.76,1.7,1.76,464895,0
20131025,1.77,1.95,1.74,1.92,1102080,0
20131028,1.92,1.92,1.89,1.9,394289,0
20131029,1.9,1.96,1.9,1.93,434635,0
20131030,1.95,2.02,1.84,1.86,1043517,0
20131031,1.85,1.89,1.83,1.86,258041,0
20131104,1.86,1.92,1.85,1.92,203128,0
20131105,1.92,1.92,1.87,1.87,131966,0
20131106,1.9,1.92,1.88,1.92,117138,0
20131107,1.95,1.96,1.91,1.93,159614,0
20131108,1.95,1.95,1.88,1.88,142134,0
20131112,1.88,1.93,1.86,1.93,115248,0
20131113,1.93,1.93,1.77,1.79,818322,0
20131114,1.85,1.87,1.82,1.83,1158897,0
20131115,1.84,1.86,1.82,1.85,148525,0
20131118,1.87,1.87,1.82,1.84,83565,0
20131119,1.83,1.86,1.8,1.85,188535,0
20131120,1.85,1.9,1.82,1.87,299430,0
20131121,1.87,1.87,1.83,1.85,61845,0
20131122,1.86,1.87,1.85,1.85,119233,0
20131125,1.9,1.9,1.84,1.85,69145,0
20131126,1.83,1.83,1.65,1.65,883850,0
20131127,1.67,1.75,1.67,1.69,466723,0
20131128,1.7,1.7,1.65,1.65,113362,0
20131129,1.68,1.69,1.59,1.69,377982,0
20131202,1.69,1.7,1.65,1.65,137507,0
20131203,1.66,1.69,1.57,1.58,287927,0
20131204,1.58,1.63,1.53,1.63,210524,0
20131205,1.63,1.65,1.6,1.61,62154,0
20131206,1.6,1.67,1.6,1.67,65769,0
20131209,1.62,1.7,1.62,1.68,270984,0
20131210,1.68,1.68,1.62,1.64,98707,0
20131211,1.64,1.66,1.57,1.59,142684,0
20131212,1.61,1.61,1.5,1.51,257797,0
20131213,1.53,1.55,1.53,1.55,60929,0
20131216,1.55,1.55,1.48,1.5,233691,0
20131217,1.51,1.51,1.44,1.46,196910,0
20131218,1.46,1.55,1.46,1.55,191276,0
20131219,1.57,1.57,1.48,1.55,644969,0
20131220,1.54,1.56,1.48,1.55,459348,0
20131223,1.55,1.57,1.54,1.57,60184,0
20131227,1.58,1.59,1.57,1.57,61771,0
20131230,1.58,1.67,1.58,1.66,155040,0
20140102,1.68,1.71,1.63,1.71,204326,0
20140103,1.68,1.71,1.66,1.7,94309,0
20140107,1.71,1.71,1.63,1.68,78271,0
20140108,1.66,1.71,1.64,1.71,78192,0
20140109,1.71,1.72,1.68,1.7,209068,0
20140110,1.68,1.71,1.65,1.71,131584,0
20140113,1.71,1.72,1.69,1.71,34057,0
20140114,1.7,1.7,1.68,1.69,38743,0
20140115,1.7,1.75,1.68,1.75,181385,0
20140116,1.76,1.77,1.74,1.76,87156,0
20140117,1.76,1.78,1.73,1.78,132422,0
20140120,1.79,1.79,1.73,1.74,88772,0
20140121,1.77,1.77,1.7,1.73,83810,0
20140122,1.74,1.76,1.71,1.75,132252,0
20140123,1.75,1.78,1.71,1.71,276126,0
20140124,1.71,1.73,1.7,1.71,173403,0
20140127,1.7,1.7,1.58,1.62,569040,0
20140128,1.61,1.66,1.61,1.66,107109,0
20140129,1.67,1.68,1.61,1.62,78138,0
20140130,1.61,1.63,1.58,1.6,158254,0
20140131,1.62,1.64,1.59,1.62,135716,0
20140203,1.61,1.64,1.61,1.63,94266,0
20140204,1.61,1.67,1.59,1.67,120577,0
20140205,1.67,1.7,1.65,1.69,87621,0
20140206,1.71,1.72,1.69,1.7,78726,0
20140207,1.71,1.71,1.66,1.68,89780,0
20140210,1.7,1.7,1.65,1.65,47729,0
20140211,1.65,1.68,1.65,1.67,42450,0
20140212,1.68,1.7,1.66,1.69,132041,0
20140213,1.69,1.69,1.64,1.67,169613,0
20140214,1.68,1.68,1.66,1.68,326736,0
20140217,1.69,1.82,1.66,1.81,960220,0
20140218,1.8,1.85,1.77,1.83,284355,0
20140219,1.81,1.83,1.79,1.81,198451,0
20140220,1.8,1.8,1.74,1.74,291384,0
20140221,1.77,1.81,1.75,1.81,244265,0
20140224,1.81,1.83,1.78,1.81,111826,0
20140225,1.81,1.82,1.78,1.78,42196,0
20140226,1.78,1.81,1.74,1.74,124323,0
20140227,1.73,1.75,1.72,1.73,101473,0
20140228,1.74,1.78,1.71,1.78,166962,0
20140303,1.71,1.72,1.58,1.64,443900,0
20140304,1.63,1.73,1.63,1.73,372785,0
20140305,1.74,1.75,1.65,1.67,170968,0
20140306,1.71,1.74,1.64,1.73,309163,0
20140307,1.73,1.73,1.69,1.7,45580,0
20140310,1.68,1.68,1.65,1.65,120163,0
20140311,1.67,1.67,1.63,1.65,61596,0
20140312,1.66,1.66,1.54,1.57,242488,0
20140313,1.58,1.59,1.53,1.55,112926,0
20140314,1.53,1.53,1.45,1.49,439696,0
20140317,1.49,1.62,1.49,1.62,197813,0
20140318,1.63,1.66,1.58,1.59,156421,0
20140319,1.62,1.65,1.59,1.65,137174,0
20140320,1.64,1.64,1.62,1.62,43515,0
20140321,1.64,1.68,1.62,1.63,73030,0
20140324,1.65,1.65,1.61,1.61,34175,0
20140325,1.62,1.67,1.62,1.66,131336,0
20140326,1.67,1.76,1.67,1.72,690194,0
20140327,1.72,1.73,1.69,1.71,135066,0
20140328,1.69,1.77,1.69,1.75,410709,0
20140331,1.77,1.84,1.75,1.84,308742,0
20140401,1.85,1.91,1.83,1.9,651414,0
20140402,1.9,1.9,1.84,1.9,353867,0
20140403,1.9,1.9,1.86,1.88,185229,0
20140404,1.89,1.9,1.86,1.88,182718,0
20140407,1.87,1.87,1.85,1.85,305671,0
20140408,1.85,1.88,1.85,1.86,57273,0
20140409,1.85,1.99,1.85,1.99,648649,0
20140410,1.99,2.05,1.94,2.05,548155,0
20140411,2.01,2.04,1.96,2.02,173994,0
20140414,1.98,1.99,1.91,1.94,131712,0
20140415,1.94,1.94,1.86,1.88,125976,0
20140416,1.88,1.89,1.82,1.83,136855,0
20140417,1.85,1.89,1.83,1.83,61044,0
20140422,1.85,1.98,1.85,1.97,144061,0
20140423,1.97,1.99,1.94,1.97,182017,0
20140424,1.97,1.98,1.85,1.88,62575,0
20140425,1.9,1.9,1.84,1.86,78979,0
20140428,1.87,1.88,1.84,1.86,49823,0
20140429,1.85,1.87,1.85,1.85,51933,0
20140430,1.87,1.97,1.86,1.94,148664,0
20140502,1.92,1.98,1.87,1.98,75019,0
20140505,1.94,1.95,1.91,1.92,43685,0
20140506,1.92,1.93,1.84,1.84,129194,0
20140507,1.84,1.85,1.73,1.78,253991,0
20140508,1.8,1.83,1.8,1.82,174899,0
20140509,1.83,1.83,1.76,1.76,53737,0
20140512,1.76,1.82,1.7,1.73,179339,0
20140513,1.73,1.78,1.72,1.73,92291,0
20140514,1.74,1.78,1.74,1.78,21170,0
20140515,1.77,1.88,1.72,1.84,203759,0
20140516,1.82,1.87,1.82,1.86,120728,0
20140519,1.83,1.88,1.83,1.86,77943,0
20140520,1.88,1.9,1.83,1.9,115478,0
20140521,1.9,1.9,1.84,1.85,55210,0
20140522,1.87,1.87,1.82,1.83,157813,0
20140523,1.85,1.85,1.83,1.85,16078,0
20140526,1.84,1.85,1.83,1.85,39679,0
20140527,1.85,1.85,1.83,1.84,10949,0
20140528,1.82,1.84,1.81,1.83,19216,0
20140529,1.84,1.84,1.81,1.83,64118,0
20140530,1.83,1.94,1.81,1.94,282264,0
20140602,1.94,1.97,1.9,1.95,321980,0
20140603,1.94,1.97,1.93,1.96,208518,0
20140604,1.96,2.01,1.96,2,334463,0
20140605,2,2.13,2,2.12,605485,0
20140606,2.14,2.14,2.09,2.13,310204,0
20140609,2.14,2.21,2.13,2.19,544698,0
20140610,2.19,2.22,2.15,2.19,353151,0
20140611,2.16,2.2,2.12,2.17,230657,0
20140612,2.16,2.17,2.13,2.13,118632,0
20140613,2.12,2.18,2.11,2.18,233593,0
