Date,Open,High,Low,Close,Volume,OpenInt
20050601,5.9066,5.9066,5.5304,5.6433,239097,0
20050602,5.9066,6.2828,5.8691,6.2076,116596,0
20050603,6.3581,6.3581,5.8313,6.0572,67412,0
20050606,6.0947,6.0947,5.9443,6.0572,32372,0
20050607,6.0194,6.0194,5.9819,6.0194,5762,0
20050608,6.0947,6.1324,6.0194,6.0947,22101,0
20050609,6.0194,6.2828,5.9819,6.2828,35968,0
20050610,6.2828,6.847,6.2828,6.5462,81845,0
20050613,6.5838,6.5838,6.4333,6.5462,23615,0
20050614,6.471,6.5086,6.3205,6.3205,21727,0
20050615,6.3205,6.471,6.2452,6.4333,24374,0
20050616,6.4333,6.5086,6.2452,6.3957,62222,0
20050617,6.3205,6.4333,6.3205,6.4333,4746,0
20050620,6.2828,6.3957,6.2828,6.3957,90,0
20050621,6.2828,6.3205,6.2076,6.3205,3811,0
20050622,6.0947,6.3205,5.9819,6.2828,29690,0
20050623,6.0572,6.2828,6.0194,6.2828,29632,0
20050627,6.1324,6.2452,6.1324,6.2452,5804,0
20050628,6.2076,6.2076,6.2076,6.2076,465,0
20050629,6.0572,6.0947,6.0194,6.0947,5511,0
20050630,6.1324,6.17,6.1324,6.17,2112,0
20050701,6.0947,6.1324,6.0947,6.1324,6646,0
20050704,6.17,6.17,6.17,6.17,399,0
20050706,6.0947,6.1324,6.0947,6.1324,3296,0
20050707,6.1324,6.17,6.0194,6.17,16282,0
20050708,6.0194,6.17,6.0194,6.17,12653,0
20050711,6.17,6.17,6.17,6.17,1185,0
20050712,6.0572,6.0572,6.0572,6.0572,652,0
20050713,6.0947,6.0947,6.0572,6.0947,9318,0
20050714,6.0947,6.0947,6.0947,6.0947,132,0
20050715,6.0947,6.0947,6.0947,6.0947,687,0
20050718,6.1324,6.17,6.0947,6.0947,5523,0
20050719,6.0947,6.1324,6.0947,6.1324,7693,0
20050720,6.17,6.3957,6.17,6.3957,56592,0
20050721,6.3205,6.3957,6.2828,6.3957,2354,0
20050722,6.3581,6.3581,6.3205,6.3581,7131,0
20050725,6.4333,6.4333,6.4333,6.4333,5183,0
20050726,6.4333,6.4333,6.3205,6.3205,6073,0
20050727,6.3205,6.3205,6.2828,6.3205,4666,0
20050728,6.3581,6.3581,6.2076,6.2076,2160,0
20050729,6.2076,6.2452,6.2076,6.2452,166,0
20050801,6.3957,6.5838,6.2076,6.5462,31737,0
20050802,6.5462,6.5462,6.5462,6.5462,864,0
20050803,6.5462,6.5462,6.3957,6.471,4310,0
20050804,6.3205,6.7343,6.3205,6.7343,28011,0
20050805,6.5838,6.7343,6.5462,6.6591,21277,0
20050808,6.6591,6.8848,6.6591,6.6591,9227,0
20050810,6.6967,6.6967,6.6215,6.6215,571,0
20050812,6.2828,6.5086,6.2828,6.3581,2659,0
20050816,6.2076,6.2076,6.2076,6.2076,630,0
20050817,6.3205,6.3957,6.2076,6.3957,3257,0
20050818,6.3957,6.3957,6.3957,6.3957,771,0
20050819,6.3581,6.3957,6.17,6.3205,3137,0
20050822,6.2076,6.2076,6.2076,6.2076,332,0
20050823,6.2076,6.2076,6.2076,6.2076,140941,0
20050824,6.17,6.2076,6.17,6.2076,32988,0
20050825,6.2076,6.2076,6.2076,6.2076,4717,0
20050826,6.17,6.17,6.17,6.17,28,0
20050829,6.17,6.17,6.0194,6.0572,6999,0
20050830,6.17,6.5086,6.17,6.5086,8639,0
20050831,6.5462,6.5462,6.4333,6.5086,5105,0
20050901,6.3205,6.3957,6.3205,6.3957,221,0
20050902,6.3581,6.3581,6.3581,6.3581,198,0
20050906,6.3957,6.3957,6.3957,6.3957,1821,0
20050907,6.2076,6.3957,6.17,6.3205,967,0
20050908,6.3205,6.3957,6.2452,6.3957,411075,0
20050909,6.2828,6.2828,6.0194,6.0194,2570,0
20050912,6.2452,6.2452,6.0194,6.0194,955,0
20050913,6.0572,6.0572,6.0572,6.0572,662,0
20050916,6.0572,6.0572,6.0194,6.0194,2060,0
20050919,6.0194,6.0572,6.0194,6.0572,2006,0
20050920,6.0572,6.0572,5.6809,5.9819,19550,0
20050921,6.0194,6.0194,6.0194,6.0194,1749,0
20050923,5.7562,6.0194,5.7186,6.0194,2924,0
20050926,6.0947,6.0947,6.0947,6.0947,267,0
20050927,6.0572,6.6215,6.0572,6.2828,10916,0
20050928,6.5838,6.5838,6.5086,6.5086,1563,0
20050929,6.1324,6.2452,6.0194,6.1324,8682,0
20050930,6.2076,6.3957,6.17,6.3957,6912,0
20051003,6.17,6.17,6.1324,6.17,3917,0
20051004,6.17,6.17,6.0947,6.17,1474,0
20051005,6.0572,6.1324,6.0572,6.1324,788,0
20051006,6.0572,6.0572,5.9443,5.9819,6013,0
20051007,5.9066,5.9066,5.9066,5.9066,665,0
20051010,5.8691,5.9819,5.8691,5.9819,338,0
20051011,5.8691,5.8691,5.8691,5.8691,5556,0
20051012,5.7937,6.0194,5.7186,5.8691,270667,0
20051013,5.7937,5.7937,5.6809,5.6809,5561,0
20051014,5.6056,5.8313,5.6056,5.8313,817,0
20051017,5.8313,5.8313,5.8313,5.8313,211,0
20051019,5.9443,5.9819,5.6433,5.6433,19949,0
20051020,5.6433,5.8313,5.6433,5.8313,79603,0
20051021,5.9819,6.0194,5.9066,5.9066,10339,0
20051025,6.0194,6.0194,5.9819,5.9819,5424,0
20051026,5.7562,6.0194,5.6433,6.0194,2368,0
20051027,5.7562,6.0194,5.7562,6.0194,95,0
20051028,5.7937,5.7937,5.7937,5.7937,2,0
20051031,5.9819,5.9819,5.8691,5.8691,725,0
20051102,5.9819,6.2452,5.9819,6.17,3023,0
20051103,6.0947,6.0947,5.9443,6.0947,889,0
20051104,6.0194,6.2076,6.0194,6.2076,6142,0
20051107,5.8691,5.8691,5.6433,5.7562,7933,0
20051108,5.7562,5.8691,5.7562,5.8691,2230,0
20051114,5.6809,5.8313,5.6809,5.8313,2685,0
20051115,5.7562,5.7562,5.6809,5.6809,1661,0
20051116,5.6809,5.6809,5.6809,5.6809,665,0
20051117,5.6433,5.6433,5.568,5.6433,2268,0
20051118,5.7562,5.7562,5.568,5.568,4516,0
20051121,5.6433,5.7562,5.568,5.568,4369,0
20051122,5.568,5.568,5.5304,5.568,2146,0
20051123,5.568,5.9443,5.568,5.7186,321458,0
20051124,6.0194,6.0194,5.6433,5.6433,158433,0
20051125,5.6433,5.7186,5.6433,5.7186,983,0
20051128,5.7186,5.9066,5.7186,5.9066,12630,0
20051129,5.9443,6.0194,5.8691,5.9443,32119,0
20051130,5.9066,5.9443,5.9066,5.9443,26581,0
20051201,5.9443,5.9443,5.9443,5.9443,267,0
20051202,5.9443,5.9443,5.9443,5.9443,3323,0
20051205,5.7186,5.9819,5.7186,5.9819,13729,0
20051206,6.0194,6.0947,5.9443,6.0947,16574,0
20051207,6.1324,6.3957,6.0194,6.3957,21676,0
20051208,6.17,6.17,6.1324,6.1324,5552,0
20051209,6.17,6.17,6.17,6.17,1519,0
20051212,6.17,6.17,6.0194,6.1324,2452,0
20051213,6.0194,6.0194,5.9066,6.0194,10261,0
20051214,5.9443,5.9443,5.8691,5.8691,1529,0
20051215,5.9443,6.17,5.9443,6.1324,8115,0
20051219,6.0194,6.0194,5.9819,5.9819,665,0
20051220,5.9443,6.0194,5.9443,6.0194,995,0
20051222,6.17,6.17,6.0947,6.1324,1767,0
20051223,5.9819,6.0947,5.9443,6.0947,1062,0
20051227,5.9819,5.9819,5.8691,5.8691,2146,0
20051228,6.0947,6.1324,5.9443,6.1324,8705,0
20051229,6.17,6.17,6.0194,6.1324,10876,0
20051230,6.0194,6.17,5.9066,6.17,5051,0
20060102,5.8691,6.1324,5.8691,5.9819,3145,0
20060103,6.0194,6.0947,6.0194,6.0947,474,0
20060104,6.0947,6.17,6.0572,6.17,18019,0
20060106,6.1324,6.17,6.0194,6.1324,6170,0
20060109,6.17,6.17,6.0194,6.0194,1098,0
20060111,6.0194,6.0947,6.0194,6.0194,1567,0
20060112,6.0572,6.0572,5.8691,5.9819,3297,0
20060113,5.8691,6.17,5.8691,6.0194,143547,0
20060116,6.0947,6.3581,5.9443,6.2828,32630,0
20060117,6.3205,6.3205,5.9066,6.0947,46827,0
20060118,6.0947,6.1324,5.9819,6.0947,21300,0
20060119,6.0947,6.2076,6.0947,6.17,10578,0
20060120,6.0947,6.0947,5.9819,6.0194,8253,0
20060123,6.0194,6.0194,5.8691,5.8691,1994,0
20060125,5.9066,5.9443,5.8691,5.8691,135021,0
20060126,6.0572,6.1324,6.0572,6.0947,20352,0
20060127,6.0947,6.1324,6.0947,6.1324,4206,0
20060130,6.0947,6.17,6.0572,6.0947,81664,0
20060131,6.2452,6.2452,6.0194,6.0194,7903,0
20060201,6.0947,6.471,6.0194,6.4333,61623,0
20060202,6.5086,6.5086,6.2076,6.3581,4827,0
20060203,6.471,6.471,6.0572,6.2452,4036,0
20060206,6.2452,6.3581,6.1324,6.2828,13177,0
20060207,6.3581,6.3581,6.2828,6.2828,7476,0
20060208,6.2828,6.6967,6.2828,6.471,26569,0
20060209,6.6215,6.6215,6.3957,6.6215,2848,0
20060210,6.5462,6.5838,6.3957,6.5462,2412,0
20060213,6.6215,6.6215,6.5462,6.6215,2251,0
20060214,6.5462,6.6215,6.3205,6.3205,3275,0
20060215,6.5838,6.8848,6.5838,6.7719,37749,0
20060216,6.9977,8.1264,6.9977,7.5245,235106,0
20060217,7.5996,7.5996,7.1106,7.4114,32080,0
20060220,7.5245,7.5245,7.1482,7.3739,35665,0
20060221,7.3739,7.3739,7.1482,7.2233,21442,0
20060222,7.2987,7.2987,7.0353,7.1106,29253,0
20060223,7.1482,7.2987,6.9977,7.1857,4310,0
20060224,7.1857,7.5245,7.1106,7.5245,41964,0
20060227,7.5245,7.5996,7.2233,7.3739,19393,0
20060228,7.4114,7.4114,7.1482,7.1482,28026,0
20060301,7.1482,7.4114,6.847,7.4114,170925,0
20060302,7.4114,7.4114,7.2233,7.2609,75125,0
20060303,7.4114,7.4114,7.1857,7.3362,8835,0
20060306,7.4868,7.4868,7.2233,7.2609,4294,0
20060307,7.2609,7.2609,7.1482,7.2233,13804,0
20060308,7.1482,7.1482,6.9601,7.1106,8590,0
20060309,7.1106,7.2609,6.9601,7.1482,2534,0
20060310,7.2233,7.2233,6.9977,7.073,1484,0
20060313,7.1482,7.1482,6.8848,7.073,3659,0
20060314,6.9224,7.1482,6.9224,7.1106,3406,0
20060315,7.073,7.3739,7.0353,7.3739,13090,0
20060316,7.3739,7.5996,7.2233,7.5996,17251,0
20060317,7.5996,7.8253,7.5996,7.8253,15798,0
20060320,7.9006,8.2392,7.863,8.0134,17389,0
20060321,8.0887,8.0887,7.8253,7.9006,13275,0
20060322,7.7501,7.9758,7.7125,7.9758,15659,0
20060323,8.1264,8.1264,7.9758,8.0511,688,0
20060324,7.9006,8.0887,7.8253,8.0887,11014,0
20060327,8.2392,8.3897,8.0887,8.3897,7647,0
20060328,8.3897,8.8788,8.3897,8.8036,15812,0
20060329,8.8036,9.0291,8.6529,9.0291,73727,0
20060330,9.0291,9.2925,9.0291,9.0666,24423,0
20060331,9.1041,9.1041,8.8036,8.9541,29074,0
20060403,8.8036,9.1041,8.8036,8.9916,18573,0
20060404,9.0291,9.668,9.0291,9.668,28629,0
20060405,9.707,9.932,9.518,9.782,189927,0
20060406,9.744,9.857,9.1041,9.744,26657,0
20060407,9.782,9.857,9.744,9.857,43212,0
20060410,9.782,9.932,9.707,9.932,63925,0
20060411,9.744,9.782,9.631,9.707,103330,0
20060412,9.631,9.631,9.4434,9.593,20818,0
20060413,9.556,9.556,9.33,9.556,7652,0
20060418,9.631,9.631,9.33,9.4809,1056,0
20060419,9.593,9.593,9.0666,9.2175,24746,0
20060420,9.2925,9.2925,9.0291,9.255,9605,0
20060421,9.1041,9.3675,9.1041,9.3675,1332,0
20060424,9.4809,9.4809,9.18,9.2925,6929,0
20060425,9.2925,9.2925,9.0291,9.2925,1957,0
20060426,9.1041,9.4434,9.0291,9.3675,14461,0
20060427,9.3675,9.4059,8.9541,9.0291,15101,0
20060428,9.0291,9.2175,8.9541,9.2175,12091,0
20060502,9.0666,9.255,8.9541,9.255,8943,0
20060504,9.4809,9.857,9.4434,9.4809,39754,0
20060505,9.4809,9.556,9.2175,9.2925,11518,0
20060508,9.518,9.518,9.0291,9.255,19189,0
20060509,9.0291,9.1041,8.8788,9.0291,9039,0
20060510,8.8036,8.9916,8.5026,8.5026,8700,0
20060511,8.5777,8.9916,8.5026,8.766,29642,0
20060512,8.766,8.8036,8.4273,8.5777,11138,0
20060515,8.5026,8.5026,8.2768,8.4273,3481,0
20060516,8.4273,8.4273,8.1264,8.2016,5833,0
20060517,8.1264,8.6529,8.1264,8.5026,9179,0
20060518,8.2768,8.3145,8.2016,8.2016,3392,0
20060519,8.2016,8.2768,8.1264,8.2392,8314,0
20060522,8.2392,8.2392,7.8253,7.8253,3630,0
20060523,7.5996,7.5996,6.7719,7.5245,85942,0
20060524,7.4868,7.6748,6.847,6.9224,42592,0
20060525,7.1482,7.2233,6.847,7.1106,137036,0
20060526,7.4491,7.5996,7.2233,7.5245,8253,0
20060529,7.3739,7.5245,7.3739,7.5245,2286,0
20060530,7.2987,7.2987,6.9601,7.2233,19398,0
20060531,6.9601,7.2233,6.9601,7.2233,2733,0
20060601,7.2233,7.3362,7.1482,7.1482,1462,0
20060602,7.1482,7.3362,7.073,7.3362,10068,0
20060605,7.5996,7.5996,7.3362,7.5621,7194,0
20060606,7.3739,7.3739,7.2233,7.3739,9828,0
20060607,7.2987,7.5245,7.2987,7.5245,1462,0
20060608,7.2987,7.5245,7.2987,7.4868,173822,0
20060609,7.2609,7.3739,7.2233,7.3739,75196,0
20060612,7.1106,7.1482,6.9224,6.9977,142484,0
20060613,6.847,7.8253,6.5086,7.8253,70830,0
20060614,7.5996,7.5996,7.1857,7.5245,4190,0
20060616,7.863,7.863,7.3739,7.5996,3853,0
20060619,7.2987,7.6748,7.2987,7.6748,1263,0
20060620,7.6748,7.6748,7.4491,7.5996,2048,0
20060621,7.4491,7.7501,7.4491,7.5621,6801,0
20060622,7.7877,7.7877,7.4868,7.7125,1841,0
20060623,8.1264,8.1264,7.4868,7.7501,18394,0
20060626,8.0511,8.0511,7.7501,8.0511,4551,0
20060627,8.0887,8.1264,7.7125,8.1264,725,0
20060628,8.0511,8.0887,7.9758,8.0887,679,0
20060629,8.1264,8.1264,7.8253,8.0887,4656,0
20060630,7.9758,8.0887,7.7501,8.0887,7630,0
20060703,8.0134,8.0511,7.9383,8.0511,2493,0
20060704,7.8253,8.0511,7.8253,8.0511,1250,0
20060705,8.0887,8.2016,8.0887,8.2016,71744,0
20060706,8.1639,8.4649,8.1639,8.2392,17708,0
20060707,8.2768,8.4273,8.2392,8.4273,18135,0
20060710,8.2392,8.4649,8.2392,8.3521,3347,0
20060711,8.2768,8.3897,8.1639,8.3897,2658,0
20060712,8.2768,8.3521,8.0887,8.3521,2935,0
20060713,8.0887,8.2016,7.8253,8.2016,12979,0
20060714,7.8253,8.1639,7.8253,8.1639,1296,0
20060717,8.1639,8.2392,8.1639,8.2392,1461,0
20060718,8.2392,8.3521,8.2392,8.3521,2832,0
20060719,8.2768,8.2768,8.2768,8.2768,3407,0
20060720,8.2016,8.2768,7.6748,8.1639,26766,0
20060721,8.1264,8.2768,7.9758,8.2768,1023,0
20060725,8.2768,8.2768,8.0134,8.2768,69988,0
20060726,8.2768,8.2768,8.2768,8.2768,853,0
20060727,8.0887,8.3897,8.0887,8.3897,20630,0
20060728,8.4273,8.8411,8.4273,8.5402,2416786,0
20060731,8.8036,8.8036,8.6154,8.6529,4480,0
20060801,8.6154,8.6529,8.6154,8.6154,11792,0
20060802,8.6154,8.9166,8.6154,8.9166,1070157,0
20060803,8.5777,8.766,8.4649,8.5777,31876,0
20060804,8.5777,8.766,8.3521,8.766,4896,0
20060807,8.4273,8.5402,8.0511,8.5402,18477,0
20060808,8.5402,8.5402,8.5026,8.5402,16278,0
20060809,8.3521,8.5026,8.3521,8.5026,8913,0
20060810,8.5026,8.5026,8.3897,8.4273,1676,0
20060811,8.5402,8.5402,8.3521,8.3521,9035,0
20060814,8.3521,8.3521,8.0511,8.2016,7818,0
20060816,8.2016,8.2768,8.2016,8.2768,4246,0
20060817,8.2768,8.2768,8.2768,8.2768,2003,0
20060818,8.5777,8.5777,8.4273,8.4273,666,0
20060821,8.6154,8.6154,8.5777,8.5777,958,0
20060822,8.6529,8.6529,8.5026,8.5026,2173,0
20060823,8.3145,8.4273,8.2768,8.2768,144215,0
20060824,8.3145,8.3145,8.2768,8.2768,35917,0
20060825,8.4273,8.4273,8.1639,8.4273,429,0
20060828,8.4273,8.5777,8.4273,8.5777,587,0
20060829,8.3145,8.5026,8.3145,8.5026,676,0
20060830,8.3521,8.3521,8.2768,8.2768,134242,0
20060831,8.2768,8.2768,8.2768,8.2768,19089,0
20060901,8.2768,8.2768,8.2768,8.2768,3860,0
20060904,8.3521,8.3521,8.1264,8.3521,2034,0
20060905,8.1414,8.5326,8.1414,8.5326,768,0
20060906,8.3521,8.3897,8.3521,8.3897,2127,0
20060907,8.4273,8.4273,8.2016,8.2016,211,0
20060908,8.2768,8.3897,8.2768,8.2768,1506,0
20060911,8.4649,8.4649,8.2768,8.4273,509,0
20060912,8.3521,8.3521,8.3521,8.3521,1,0
20060913,8.2768,8.4273,8.2768,8.2768,429,0
20060914,8.2768,8.2768,8.1639,8.1639,132,0
20060915,8.2016,8.2016,8.1264,8.1264,407,0
20060918,8.3521,8.3521,7.9232,7.9383,2447,0
20060919,8.1264,8.1264,7.7501,7.9006,5089,0
20060920,8.0436,8.0436,7.3362,7.5395,8661,0
20060921,7.9608,7.9608,7.5245,7.9533,1270,0
20060922,7.9232,8.1188,7.9232,8.1188,2086,0
20060925,8.0736,8.2392,8.0736,8.2392,3733,0
20060926,8.0586,8.2167,8.0586,8.2167,1494,0
20060927,8.2392,8.2392,7.7501,8.194,8169,0
20060928,7.6748,8.1865,7.5245,8.1865,2275,0
20060929,7.7877,8.1264,7.7877,8.1264,1025,0
20061002,7.9006,7.9758,7.8253,7.9758,70172,0
20061003,8.0436,8.0436,7.5245,7.9006,78370,0
20061004,7.9006,7.9758,7.863,7.9758,64624,0
20061005,8.0134,8.0436,7.9758,8.021,1165,0
20061006,8.0436,8.2768,8.0436,8.2768,7109,0
20061009,8.3521,8.4574,8.2768,8.3145,3794,0
20061010,8.5702,8.6078,8.4348,8.4499,5071,0
20061011,8.5777,8.5777,7.9006,7.9006,7604,0
20061012,8.2392,8.2618,8.1639,8.1639,778,0
20061013,8.1264,8.3596,8.1264,8.3596,1262,0
20061016,8.3521,8.3521,8.1639,8.2693,5094,0
20061017,8.3445,8.3445,8.0887,8.2392,3115,0
20061018,8.3295,8.3295,8.2768,8.2768,533,0
20061019,8.0962,8.3145,8.0887,8.3145,1798,0
20061020,8.2693,8.2768,8.0511,8.0511,5609,0
20061023,7.9006,8.1639,7.8253,8.1639,5430,0
20061024,8.1264,8.1264,7.8705,8.1264,448,0
20061025,7.9758,8.1264,7.7577,8.1188,2714,0
20061026,8.1188,8.194,7.8329,8.194,3709,0
20061027,8.194,8.194,7.8404,8.0812,2834,0
20061030,7.9683,7.9683,7.6147,7.8253,3799,0
20061031,7.6523,7.9006,7.6523,7.9006,546,0
20061102,7.8931,7.9006,7.7125,7.9006,1716,0
20061103,7.9006,8.0134,7.7577,8.0134,3530,0
20061106,8.1639,8.2016,7.863,8.0436,23713,0
20061107,8.0511,8.0511,7.8103,7.9758,12685,0
20061108,8.0134,8.0134,7.8253,7.863,7043,0
20061109,7.9006,7.9006,7.5245,7.7727,21309,0
20061110,7.4114,7.6748,7.3814,7.5169,26336,0
20061113,7.5245,7.7727,7.4943,7.7049,11875,0
20061114,7.878,7.878,7.5169,7.5169,9290,0
20061115,7.4943,7.4943,7.3965,7.4491,8026,0
20061116,7.4491,7.4491,7.3965,7.4491,965,0
20061117,7.4491,7.4491,6.8923,7.1482,17226,0
20061120,7.5921,7.5921,6.9977,7.1106,70537,0
20061121,7.1557,7.1557,7.073,7.1106,70723,0
20061122,7.1557,7.2233,7.1557,7.1857,22645,0
20061123,7.1482,7.1857,7.073,7.1482,75925,0
20061124,7.1857,7.2233,7.1331,7.1482,164086,0
20061127,7.2233,7.2233,7.073,7.1106,119900,0
20061128,7.1106,7.2157,7.1106,7.1482,40542,0
20061129,7.2987,7.4868,7.2836,7.4868,75633,0
20061130,7.7501,7.8329,7.5996,7.7652,28591,0
20061201,7.8931,7.8931,7.6748,7.6748,38963,0
20061204,7.6147,7.6372,7.3362,7.5245,43373,0
20061205,7.4491,7.5245,7.3362,7.3739,24817,0
20061206,7.4491,7.4566,7.3739,7.3739,83580,0
20061207,7.4491,7.5245,7.2233,7.276,52914,0
20061208,7.4265,7.5245,6.9224,7.0956,148563,0
20061211,7.2233,7.2609,7.0053,7.1482,31418,0
20061212,7.1632,7.2609,7.1482,7.1482,22907,0
20061213,7.2233,7.8253,7.1482,7.4491,157086,0
20061214,7.5921,7.9006,7.4566,7.8253,173136,0
20061215,7.9006,8.2618,7.2987,8.0511,146721,0
20061218,8.0436,8.3596,8.0436,8.2016,68305,0
20061219,8.1264,8.1639,7.9683,8.1264,275761,0
20061220,8.0887,8.1264,7.6072,7.9383,24639,0
20061221,7.5395,7.9683,7.4114,7.5772,61763,0
20061222,7.878,7.878,7.4491,7.5245,62458,0
20061227,7.5245,7.9006,7.5245,7.9006,60372,0
20061228,7.9006,8.1264,7.8103,8.0511,48445,0
20061229,8.0887,8.2016,7.9006,7.9608,18026,0
20070102,8.1264,8.1264,8.0134,8.0511,23957,0
20070103,8.0511,8.0511,7.9006,8.0134,17277,0
20070104,7.9006,7.9006,7.6748,7.9006,5666,0
20070105,7.8931,8.0134,7.5996,8.0134,22768,0
20070108,7.9683,8.1414,7.6222,8.1264,78567,0
20070109,7.9156,8.1639,7.9156,7.9758,8621,0
20070110,8.0887,8.1264,7.9156,8.1188,141195,0
20070111,8.1188,8.1639,7.9307,8.1639,34249,0
20070112,8.179,8.179,8.0887,8.1639,12317,0
20070115,8.2693,8.2693,7.9909,8.1264,5933,0
20070116,8.2693,8.2693,7.9758,8.2317,11487,0
20070117,8.2167,8.6529,8.2167,8.6154,39915,0
20070118,8.7283,8.796,8.4649,8.5026,17349,0
20070119,8.7208,8.7208,8.2467,8.6529,13332,0
20070122,8.6454,8.6529,8.3972,8.5252,4626,0
20070123,8.3521,8.3521,7.9156,8.3521,12342,0
20070124,8.3521,8.3521,8.2091,8.2768,7974,0
20070125,8.021,8.5026,7.9458,8.4875,6645,0
20070126,8.2768,8.4649,8.2693,8.4649,7257,0
20070129,8.48,8.5026,8.1639,8.5026,6593,0
20070130,8.2843,8.4273,8.2768,8.4123,7853,0
20070131,8.4048,8.5026,8.3521,8.4273,7442,0
20070201,8.4649,8.4951,8.1414,8.4273,6211,0
20070202,8.3596,8.4574,8.3596,8.4273,5567,0
20070205,8.4649,8.6154,8.3897,8.6154,25071,0
20070206,8.5026,8.5026,8.2016,8.2016,1927,0
20070207,8.4649,8.4649,7.7501,8.3521,10914,0
20070208,8.4273,8.4273,8.021,8.2768,3614,0
20070209,8.2768,8.2768,8.1264,8.1264,724,0
20070212,7.9006,8.0887,7.8028,7.9383,7650,0
20070213,8.1264,8.5176,7.9909,8.0511,8031,0
20070214,8.3897,8.5777,8.2016,8.3897,22811,0
20070215,8.5026,8.6154,8.4198,8.4273,18436,0
20070216,8.5026,8.8036,8.5026,8.8036,24969,0
20070219,8.8788,9.668,8.8788,9.255,30007,0
20070220,9.556,9.556,9.18,9.2475,7375,0
20070221,9.255,9.255,9.0441,9.255,4967,0
20070222,9.255,9.255,9.18,9.2175,10564,0
20070223,9.255,9.33,9.1041,9.33,4305,0
20070226,9.3675,9.4059,9.33,9.4059,10877,0
20070227,8.8411,9.2175,8.8411,9.0441,9252,0
20070228,8.4273,8.8036,8.2016,8.6154,15011,0
20070301,8.8036,8.8036,8.4273,8.6304,5376,0
20070302,8.5026,8.5026,7.6823,7.8178,90774,0
20070305,7.8178,7.8178,7.1482,7.2609,68272,0
20070306,7.2987,7.3663,7.2609,7.2911,23515,0
20070307,7.4416,7.6674,7.4416,7.4943,41959,0
20070308,7.5621,7.7275,7.5245,7.5921,20161,0
20070309,7.7501,7.863,7.5996,7.7577,9376,0
20070312,7.7727,7.9608,7.7426,7.8931,7739,0
20070313,7.9307,7.9758,7.8253,7.8253,14018,0
20070314,7.7125,7.7501,7.5395,7.6748,8151,0
20070315,7.863,7.863,7.5245,7.6222,6368,0
20070316,7.5846,7.7501,7.5772,7.6598,7105,0
20070319,7.8103,7.8103,7.5697,7.7125,25540,0
20070320,7.5996,7.863,7.5921,7.7049,215645,0
20070321,7.8253,7.8253,7.6748,7.7801,169219,0
20070322,7.863,7.863,7.6222,7.6898,88213,0
20070323,7.7125,7.7125,7.6222,7.6372,33323,0
20070326,7.7501,8.021,7.7501,7.8931,243124,0
20070327,8.1188,8.1264,7.9006,7.9006,72698,0
20070328,8.1264,8.1264,7.7501,7.7577,29823,0
20070329,8.1264,8.1264,7.7501,7.8705,41038,0
20070330,7.8253,7.9833,7.6823,7.735,31865,0
20070402,7.8253,7.863,7.7652,7.8178,19723,0
20070403,7.8253,7.8931,7.7877,7.7952,74121,0
20070404,7.848,7.848,7.6823,7.6974,33729,0
20070405,7.7049,7.863,7.6447,7.735,24935,0
20070410,8.0511,8.2768,7.863,8.0887,159845,0
20070411,8.7584,9.39,8.4273,8.766,326937,0
20070412,8.6454,9.0216,8.5101,8.6379,175236,0
20070413,8.7809,9.1041,8.7735,8.8713,92708,0
20070416,8.9166,9.0141,8.2768,8.5777,43300,0
20070417,8.3521,8.5777,8.2317,8.2768,65764,0
20070418,8.2768,8.3596,7.9156,8.2693,180911,0
20070419,7.9758,8.1639,7.9006,8.0511,83797,0
20070420,8.2467,8.3521,7.9758,8.0511,135620,0
20070423,8.0887,8.2542,7.9081,7.9683,28366,0
20070424,7.9683,8.1564,7.9307,8.0511,69998,0
20070425,8.0511,8.1639,8.0511,8.1639,24013,0
20070426,8.2618,8.5026,8.2542,8.4123,31327,0
20070427,8.4273,8.4951,8.1264,8.1339,22169,0
20070430,8.2768,8.5477,8.2768,8.4423,14663,0
20070502,8.4273,8.6078,8.4273,8.5026,6604,0
20070504,8.6154,8.6154,8.5026,8.6154,26565,0
20070507,8.7283,8.7358,8.4273,8.6831,38493,0
20070508,8.6529,8.6529,8.4273,8.4273,17173,0
20070509,8.2768,8.4198,8.2768,8.3145,13775,0
20070510,8.5702,8.5702,7.9758,8.0361,60890,0
20070511,7.9006,8.3445,7.5996,8.307,37940,0
20070514,8.5627,8.5627,8.0134,8.2467,74109,0
20070515,8.2768,8.2768,7.9383,7.9758,77507,0
20070516,7.9383,8.0887,7.6748,7.9006,59318,0
20070517,7.9533,8.1188,7.9006,7.9833,81450,0
20070518,7.9758,8.4273,7.9006,8.0436,26407,0
20070521,8.2542,8.2542,7.9758,8.0134,6912,0
20070522,8.1639,8.2016,7.9081,7.9683,33984,0
20070523,8.0812,8.0812,7.8028,7.8178,29956,0
20070524,7.8178,7.8855,7.7501,7.8253,48029,0
20070525,7.9683,8.0511,7.8253,7.8931,41289,0
20070528,7.9383,8.6529,7.9383,8.3897,1098181,0
20070529,8.4273,8.5402,8.2016,8.2016,143843,0
20070530,8.1112,8.2768,7.9006,7.9383,48003,0
20070531,7.9758,8.194,7.8931,7.9307,60254,0
20070601,8.0962,8.194,7.9307,8.1564,103798,0
20070604,7.9683,8.2768,7.9307,8.1414,193974,0
20070605,8.2091,8.2618,8.1414,8.2016,150307,0
20070606,8.2016,8.2016,7.9081,8.1188,51418,0
20070608,7.9006,8.0812,7.8404,8.0511,22347,0
20070611,8.0511,8.194,8.0134,8.194,3611,0
20070612,8.2317,8.5702,8.2317,8.4273,271968,0
20070613,8.5252,8.5252,8.1715,8.3521,23204,0
20070614,8.4273,8.5702,8.2016,8.5702,166182,0
20070615,8.5702,8.5702,8.3972,8.5252,36146,0
20070618,8.5627,8.5627,8.3596,8.3897,8641,0
20070619,8.5176,8.5777,8.3897,8.5402,41044,0
20070620,8.5402,9.2175,8.5026,8.9241,70977,0
20070621,8.8788,9.774,8.8036,9.707,200928,0
20070622,9.631,9.782,9.4059,9.586,32639,0
20070625,9.586,9.707,8.9541,9.4884,32154,0
20070626,9.563,9.563,9.345,9.518,26865,0
20070627,9.345,9.511,9.1041,9.33,22367,0
20070628,9.3225,9.33,9.18,9.2175,3961,0
20070629,9.2175,9.255,8.7584,9.24,109088,0
20070702,9.24,9.24,8.811,8.8788,7346,0
20070703,9.1041,9.1041,8.7584,8.8036,10804,0
20070704,8.8788,8.8788,8.6906,8.8713,15600,0
20070705,9.0291,9.586,8.9541,9.3225,42187,0
20070706,9.4059,9.631,9.3984,9.4809,56347,0
20070709,9.593,9.593,9.4134,9.4659,30859,0
20070710,9.4059,9.4059,9.15,9.3984,6948,0
20070711,9.33,9.3675,9.135,9.135,13991,0
20070712,9.33,9.33,8.7433,9.1575,29661,0
20070713,8.8562,9.315,8.8562,9.24,87482,0
20070716,9.33,9.33,8.5552,8.6981,15338,0
20070717,8.5777,9.0291,8.5627,9.0291,12691,0
20070718,9.18,9.18,8.8411,9.1425,5081,0
20070719,9.1425,9.15,8.9541,9.15,11249,0
20070720,9.18,9.195,9.18,9.18,1069,0
20070723,8.9541,9.3675,8.9541,9.0291,36122,0
20070724,9.2475,9.2475,8.8788,8.8788,5821,0
20070725,9.0291,9.0291,8.6529,8.7283,13247,0
20070726,8.9541,9.0141,8.5928,8.9541,11547,0
20070727,8.8638,8.8638,8.6304,8.8411,9078,0
20070730,8.8562,9.1116,8.668,8.668,2930,0
20070731,8.9466,9.3,8.9241,9.1725,31950,0
20070801,9.1425,9.1425,8.7283,9.0291,11093,0
20070802,9.2175,9.2175,8.8036,8.9541,23578,0
20070803,9.0966,9.1725,8.9541,8.9541,45738,0
20070806,8.4348,8.9316,8.4348,8.8863,276620,0
20070807,8.9166,8.9541,8.7283,8.9166,30554,0
20070808,8.9541,8.9541,8.9014,8.9091,821,0
20070809,8.8788,8.9091,8.7283,8.7509,6355,0
20070810,8.5252,8.5252,7.9232,8.4649,50277,0
20070813,8.0661,8.6529,8.0661,8.4348,20480,0
20070814,8.7283,8.7283,7.8855,7.8855,29075,0
20070816,7.863,7.8855,6.847,7.5621,63892,0
20070817,6.9601,8.1264,6.9601,8.1264,23550,0
20070820,8.2392,8.2392,7.7501,8.0887,10974,0
20070821,8.0511,8.0511,7.7125,7.8253,5892,0
20070822,7.8705,8.1264,7.8253,8.1264,22869,0
20070823,8.2392,8.2392,8.2392,8.2392,240,0
20070824,8.3521,8.3521,8.2016,8.2016,2262,0
20070827,7.7426,8.2693,7.7426,8.2016,7469,0
20070828,8.0887,8.1865,7.9006,8.1865,3507,0
20070829,7.6748,8.3145,7.6748,8.3145,19081,0
20070830,8.2768,8.3145,8.1639,8.3145,4420,0
20070831,7.9909,8.6304,7.9909,8.6304,8868,0
20070903,8.5402,8.5402,8.5026,8.5026,68,0
20070904,8.5026,8.5026,8.2467,8.2768,3195,0
20070905,8.4273,8.4273,8.1414,8.1414,400,0
20070906,8.1639,8.3897,8.1414,8.2768,11495,0
20070907,7.9758,8.3295,7.9383,7.9758,2550,0
20070910,7.9683,7.9683,7.9683,7.9683,1058,0
20070911,8.3521,8.3521,7.863,8.2618,42,0
20070912,8.2768,8.2768,8.2768,8.2768,1,0
20070913,8.2618,8.2618,7.9383,8.2618,4068,0
20070914,8.2091,8.2091,8.2091,8.2091,295,0
20070917,8.2392,8.2392,7.9006,8.194,109,0
20070918,8.2392,8.2392,7.9758,8.2016,5716,0
20070919,8.1264,8.1264,7.9006,7.9006,155831,0
20070920,7.9608,7.9608,7.7577,7.8931,6429,0
20070921,7.7652,7.7652,7.6748,7.6898,10521,0
20070924,7.6823,7.8555,7.6823,7.8253,2750,0
20070925,7.8253,7.8253,7.6823,7.8253,3004,0
20070926,7.7275,7.8555,7.7275,7.8555,1649,0
20070927,7.8555,7.8555,7.8555,7.8555,1,0
20070928,7.8404,7.9006,7.5395,7.9006,16757,0
20071001,7.8855,7.8855,7.4491,7.5996,10507,0
20071002,7.4114,7.6748,7.1782,7.6748,3649,0
20071003,7.5245,7.5245,7.3061,7.5245,4691,0
20071004,7.3061,7.6674,7.2987,7.6674,4217,0
20071005,7.7426,7.7426,7.4265,7.4868,2364,0
20071008,7.5245,7.5697,7.3211,7.4416,18196,0
20071009,7.5017,7.6297,7.2987,7.6297,6009,0
20071010,7.6372,7.6372,7.3814,7.6297,6174,0
20071011,7.4114,7.5245,7.3965,7.5245,5776,0
20071012,7.4491,7.4491,7.419,7.419,1595,0
20071015,7.5621,7.8253,7.3438,7.8253,3581,0
20071016,7.6748,7.6748,7.4114,7.5245,9635,0
20071017,7.5621,7.5621,7.5245,7.5245,3525,0
20071018,7.5621,7.5846,7.4868,7.5846,3653,0
20071019,7.5996,7.5996,7.5996,7.5996,1,0
20071022,7.5245,7.5846,7.3513,7.5846,1990,0
20071023,7.5996,7.5996,7.3739,7.5546,4783,0
20071024,7.5169,7.5621,7.3739,7.5245,5037,0
20071025,7.4491,7.5245,7.4491,7.5245,4652,0
20071026,7.5245,7.5245,7.4491,7.5245,3897,0
20071029,7.5093,7.5093,7.5093,7.5093,69,0
20071030,7.4416,7.5169,7.2987,7.5093,1664,0
20071031,7.5093,7.5093,7.1933,7.2911,5082,0
20071102,7.1632,7.1632,7.1632,7.1632,198,0
20071105,7.1632,7.5245,7.0805,7.5093,19348,0
20071106,7.5093,7.5093,7.1632,7.4491,3589,0
20071107,7.4491,7.4491,6.9224,7.3588,5052,0
20071108,6.847,7.1482,6.7719,7.1482,10556,0
20071109,6.8546,7.2233,6.5537,6.5537,5116,0
20071112,6.6215,6.7719,6.6215,6.6215,12458,0
20071113,6.6892,6.7719,6.471,6.5838,11245,0
20071114,6.8697,6.8697,6.0194,6.17,21982,0
20071115,6.17,6.17,5.6433,5.6433,6365,0
20071116,5.568,5.568,5.0563,5.0789,26193,0
20071119,4.966,5.1918,4.8382,5.1015,9227,0
20071120,4.8157,5.1091,4.507,4.7704,33159,0
20071121,4.7704,4.7704,4.304,4.3717,18541,0
20071122,4.3265,4.4393,3.9503,3.9729,78339,0
20071123,4.1911,4.5598,4.1911,4.4318,37424,0
20071126,4.5222,4.7329,4.4469,4.4469,24323,0
20071127,4.4393,4.4393,4.2137,4.4092,15631,0
20071128,4.4393,4.5523,4.2889,4.4318,33203,0
20071129,4.6877,4.6877,4.3566,4.4318,18046,0
20071130,4.477,4.507,4.3492,4.3492,112004,0
20071203,4.492,4.4995,4.2739,4.2889,10983,0
20071204,4.2739,4.3867,4.2739,4.3717,7522,0
20071205,4.3867,4.507,4.304,4.4393,60268,0
20071206,4.507,4.5898,4.2513,4.2513,52096,0
20071207,4.2964,4.2964,4.176,4.176,18636,0
20071210,4.3566,4.3792,4.2287,4.2964,12575,0
20071211,4.3265,4.3265,4.176,4.176,11220,0
20071212,4.1158,4.1158,3.9879,4.1007,29778,0
20071213,4.0632,4.0632,3.9503,3.9805,17727,0
20071214,3.9127,3.9879,3.8374,3.9729,23702,0
20071217,3.7697,3.9353,3.7471,3.8976,6512,0
20071218,3.6945,3.9127,3.6945,3.9052,22546,0
20071219,3.7999,4.1384,3.7999,4.1308,61679,0
20071220,4.1384,4.2137,4.0255,4.1083,115367,0
20071221,3.9879,4.161,3.9879,4.0405,40386,0
20071227,3.9202,4.1911,3.9202,4.1836,7545,0
20071228,4.1686,4.176,3.8374,3.8374,69626,0
20080102,3.9805,4.1007,3.9127,4.0707,7518,0
20080103,4.0556,4.1308,4.0481,4.1308,77860,0
20080104,4.1535,4.176,3.8374,3.9353,29282,0
20080107,3.845,3.8976,3.7621,3.8751,11014,0
20080108,3.8751,3.8751,3.702,3.8374,24751,0
20080109,3.9805,3.9805,3.6117,3.6493,8554,0
20080110,3.7547,3.7547,3.386,3.4612,136778,0
20080111,3.3108,3.4462,3.243,3.4237,87971,0
20080114,3.4763,3.4763,3.273,3.4011,4037,0
20080115,3.4011,3.4086,3.1602,3.386,4053,0
20080116,3.1677,3.3559,3.0624,3.1677,17870,0
20080117,3.1602,3.2957,3.0774,3.1602,28487,0
20080118,3.1527,3.386,3.1527,3.386,12762,0
20080121,3.4988,3.4988,3.0849,3.0849,41087,0
20080122,3.0022,3.273,2.9947,3.1602,11585,0
20080123,3.2655,3.2655,3.2279,3.2279,2,0
20080124,3.1602,3.3785,3.1602,3.2053,74316,0
20080125,3.3334,3.3334,3.1903,3.1903,38145,0
20080128,3.1677,3.1677,3.0849,3.1226,5174,0
20080129,3.1226,3.2806,3.1226,3.2806,16254,0
20080130,3.2881,3.2957,3.2204,3.2355,198685,0
20080131,3.258,3.3108,3.2505,3.3108,13142,0
20080201,3.3785,3.5364,3.2128,3.4387,8493,0
20080204,3.5966,3.6117,3.4537,3.4988,16802,0
20080205,3.6042,3.7471,3.4612,3.5666,43356,0
20080206,3.5966,3.6042,3.4837,3.5966,14797,0
20080207,3.6117,3.6117,3.5064,3.5666,5345,0
20080208,3.574,3.6192,3.5364,3.6042,5490,0
20080211,3.6042,3.7096,3.574,3.6042,20301,0
20080212,3.6042,3.6117,3.574,3.574,9651,0
20080213,3.6342,3.6342,3.386,3.386,6605,0
20080214,3.5364,3.5966,3.4237,3.4537,4705,0
20080215,3.4537,3.4988,3.386,3.4837,5330,0
20080218,3.3259,3.4462,3.1602,3.3634,25424,0
20080219,3.3634,3.386,3.2355,3.2355,17344,0
20080220,3.2355,3.2355,3.1752,3.2355,8300,0
20080221,3.2957,3.2957,3.1752,3.2279,23748,0
20080222,3.2279,3.2355,3.1301,3.2355,6704,0
20080225,3.2279,3.2279,3.1226,3.2279,10067,0
20080226,3.2279,3.2355,3.1978,3.2279,6169,0
20080227,3.2355,3.2355,3.2279,3.2279,350,0
20080228,3.2279,3.2279,3.1978,3.2128,978,0
20080229,3.2053,3.2053,3.1076,3.1226,11441,0
20080303,3.0925,3.0925,2.9721,3.0925,7095,0
20080304,3.0173,3.0698,3.0173,3.0698,1727,0
20080305,3.0849,3.1527,3.0474,3.1527,3728,0
20080306,3.1527,3.1978,3.0624,3.1978,4521,0
20080307,3.1226,3.1602,3.0849,3.1602,3875,0
20080310,3.1903,3.3183,3.1903,3.3183,6342,0
20080311,3.3259,3.3785,3.1602,3.3108,11915,0
20080312,3.3785,3.3785,3.1602,3.3108,7828,0
20080313,3.3108,3.3108,3.1752,3.3108,978,0
20080314,3.3032,3.3032,3.1602,3.3032,1847,0
20080317,3.273,3.273,3.1226,3.2355,220,0
20080318,3.258,3.258,3.2505,3.2505,12,0
20080319,3.2355,3.2355,3.1602,3.1978,3291,0
20080320,3.1226,3.1226,3.0097,3.0849,4741,0
20080325,3.0849,3.0849,3.0173,3.0173,18718,0
20080326,3.0173,3.0173,2.9345,2.9496,21395,0
20080327,2.9721,3.0022,2.8593,2.9647,32063,0
20080328,3.0022,3.0474,2.9044,2.9044,21052,0
20080331,3.0247,3.0849,3.0022,3.0022,7197,0
20080401,3.0097,3.0323,2.9721,2.9872,14315,0
20080402,3.0849,3.0849,2.9721,2.9721,12943,0
20080403,3.0097,3.0097,2.9345,2.9572,7356,0
20080404,3.0022,3.0022,2.912,2.9345,7876,0
20080407,2.9345,2.9345,2.8969,2.8969,12561,0
20080408,2.9947,2.9947,2.8593,2.927,1545,0
20080409,2.9647,2.9796,2.9647,2.9721,4458,0
20080410,3.0097,3.0097,2.7915,2.9195,9337,0
20080411,2.927,2.927,2.7087,2.7087,29594,0
20080414,2.7012,2.7239,2.6335,2.7239,4655,0
20080415,2.7765,2.7765,2.6184,2.6184,6899,0
20080416,2.6335,2.7087,2.6335,2.7087,2419,0
20080417,2.754,2.754,2.6184,2.6259,5902,0
20080418,2.6259,2.6259,2.4605,2.5206,28175,0
20080421,2.5206,2.5206,2.3777,2.3777,20545,0
20080422,2.3703,2.3703,2.1821,2.2047,41984,0
20080423,2.2422,2.2422,2.1444,2.167,8559,0
20080424,2.1821,2.2874,2.1294,2.2498,13087,0
20080425,2.4153,2.4153,2.3627,2.3627,4644,0
20080428,2.3627,2.3627,2.2573,2.2573,6132,0
20080429,2.3325,2.3325,2.2573,2.2573,3826,0
20080430,2.3175,2.3703,2.2573,2.3703,8509,0
20080505,2.3703,2.4078,2.3703,2.4003,1577,0
20080506,2.4379,2.4379,2.3703,2.4153,1330,0
20080507,2.3853,2.4078,2.3703,2.3703,5278,0
20080508,2.3627,2.3777,2.3627,2.3703,7504,0
20080509,2.3703,2.4379,2.3703,2.4379,2498,0
20080512,2.3703,2.3928,2.3476,2.3476,9255,0
20080513,2.4078,2.4078,2.2573,2.2573,17909,0
20080514,2.3401,2.3401,2.2197,2.2498,5039,0
20080515,2.2498,2.2874,2.2422,2.2573,8965,0
20080516,2.3401,2.3401,2.2573,2.2573,16946,0
20080519,2.295,2.295,2.2197,2.2422,11089,0
20080520,2.2724,2.2724,2.2197,2.2724,401,0
20080521,2.2573,2.2573,2.2197,2.2197,14263,0
20080523,2.2197,2.2422,2.1821,2.2422,25917,0
20080526,2.31,2.31,2.1896,2.295,668,0
20080527,2.3175,2.3175,2.2347,2.2347,3259,0
20080528,2.2874,2.2874,2.2498,2.2498,17941,0
20080529,2.3325,2.3325,2.2272,2.2272,29836,0
20080530,2.2573,2.2573,2.1821,2.1821,4957,0
20080602,2.2272,2.2272,2.1971,2.2272,3193,0
20080603,2.1821,2.1821,2.1369,2.1369,10122,0
20080604,2.2347,2.2347,2.1444,2.1821,5716,0
20080605,2.2272,2.2272,2.0692,2.1746,5666,0
20080606,2.2272,2.2272,2.1068,2.1746,21745,0
20080609,2.1896,2.1896,2.0767,2.1896,3588,0
20080610,2.1896,2.1896,2.1068,2.1746,6850,0
20080611,2.1595,2.1595,2.0992,2.1294,1066,0
20080612,2.1237,2.1773,2.1237,2.1773,1398,0
20080613,2.1773,2.1773,2.0704,2.1544,3509,0
20080616,2.1773,2.1773,2.0398,2.0627,4507,0
20080617,2.0627,2.0627,1.9558,2.0551,16462,0
20080618,2.0627,2.0627,1.994,1.994,1563,0
20080619,2.0321,2.0321,2.0321,2.0321,2,0
20080620,2.0627,2.0627,1.9328,2.0551,633,0
20080623,2.0016,2.0321,1.9328,2.0321,2988,0
20080624,2.0398,2.0398,1.9328,2.0092,3057,0
20080625,2.1849,2.1849,2.1009,2.1163,827,0
20080626,2.1237,2.1237,2.0857,2.1163,3667,0
20080627,2.0932,2.0932,1.971,1.994,5325,0
20080630,2.0245,2.1926,1.9558,2.1391,1314,0
20080701,2.1849,2.1849,2.1391,2.1391,16,0
20080702,2.1391,2.1391,2.0092,2.1314,1442,0
20080703,2.1314,2.1314,1.971,2.1009,394,0
20080704,2.1009,2.1009,1.9863,2.0627,4585,0
20080707,2.1009,2.1009,2.0245,2.0398,6246,0
20080708,2.0092,2.0627,2.0092,2.0627,6991,0
20080709,2.1163,2.1163,1.9558,2.0092,15356,0
20080710,2.0551,2.0551,1.91,1.9863,9599,0
20080711,1.9863,1.9863,1.9176,1.9176,13252,0
20080714,2.0551,2.0551,1.7342,1.9786,5421,0
20080715,1.7877,1.91,1.7877,1.91,4137,0
20080716,1.803,1.8946,1.7342,1.8946,5921,0
20080717,2.0092,2.0092,1.7342,1.8946,9842,0
20080718,1.91,1.91,1.7801,1.8335,4827,0
20080721,1.9786,1.9786,1.7877,1.9252,7326,0
20080722,1.9558,1.9558,1.8335,1.91,305,0
20080723,1.91,2.0932,1.91,2.0551,31355,0
20080724,2.0551,2.1544,2.0398,2.1544,6763,0
20080725,2.1773,2.1773,2.1314,2.1391,3951,0
20080728,2.1314,2.1314,2.1314,2.1314,1634,0
20080729,2.1926,2.1926,2.1009,2.1544,1313,0
20080730,2.0474,2.2537,2.0474,2.2537,39335,0
20080731,2.2537,2.3148,2.2155,2.2155,19024,0
20080801,2.2766,2.2766,2.2155,2.269,6494,0
20080804,2.269,2.4829,2.269,2.3606,783997,0
20080805,2.4371,2.4753,2.376,2.3989,158852,0
20080806,2.4066,2.4447,2.4066,2.4447,15777,0
20080807,2.4599,2.4599,2.4142,2.4142,1835,0
20080808,2.4371,2.4371,2.2002,2.3836,8719,0
20080811,2.376,2.376,2.2842,2.3377,32591,0
20080812,2.3225,2.3836,2.3225,2.3683,9085,0
20080813,2.3836,2.3836,2.3836,2.3836,1246,0
20080814,2.353,2.4753,2.353,2.4753,25117,0
20080818,2.4676,2.5363,2.4676,2.4906,7673,0
20080819,2.4066,2.4829,2.4066,2.4066,786,0
20080820,2.3225,2.5134,2.3225,2.5057,26813,0
20080821,2.5057,2.5594,2.5057,2.5211,21318,0
20080822,2.5057,2.5288,2.5057,2.5288,9011,0
20080825,2.5899,2.5899,2.5211,2.5899,5264,0
20080826,2.5822,2.5822,2.5057,2.567,4682,0
20080827,2.5822,2.5822,2.5211,2.567,5233,0
20080828,2.5211,2.5746,2.5211,2.5746,6186,0
20080829,2.5594,2.5594,2.5211,2.5594,3079,0
20080901,2.5517,2.5822,2.5517,2.5822,2749,0
20080902,2.4982,2.5822,2.4982,2.5822,67,0
20080903,2.5822,2.6357,2.5822,2.6357,14907,0
20080904,2.6739,2.6815,2.6586,2.6662,7463,0
20080905,2.6586,2.6586,2.5363,2.5899,526,0
20080908,2.6051,2.6662,2.5211,2.5822,1890,0
20080909,2.6662,2.7731,2.6586,2.7655,23804,0
20080910,2.7427,2.7885,2.6434,2.7885,55729,0
20080911,2.7961,2.7961,2.6586,2.6586,115145,0
20080912,2.7121,2.7731,2.6434,2.7655,2448,0
20080915,2.7885,2.8649,2.5594,2.6357,18018,0
20080916,2.5899,2.6586,2.5594,2.5974,3158,0
20080917,2.6815,2.6815,2.5288,2.5746,26593,0
20080918,2.5211,2.5746,2.4523,2.5211,3483,0
20080919,2.5746,2.5822,2.5057,2.5746,7538,0
20080922,2.4829,2.5822,2.4829,2.5746,1553,0
20080923,2.5822,2.5822,2.4676,2.567,1877,0
20080924,2.567,2.567,2.567,2.567,3811,0
20080925,2.4676,2.4753,2.4676,2.4676,65421,0
20080926,2.5517,2.5517,2.4371,2.5134,10892,0
20080929,2.5211,2.5211,2.4066,2.4906,2966,0
20080930,2.3377,2.4217,2.3148,2.3912,3998,0
20081001,2.3912,2.4523,2.3912,2.3912,5738,0
20081002,2.4447,2.4447,2.2919,2.353,1531,0
20081003,2.4371,2.4447,2.3225,2.3377,1573,0
20081006,2.3148,2.3377,2.3148,2.3225,5237,0
20081007,2.269,2.3148,2.1544,2.2842,16313,0
20081008,2.2155,2.2766,1.9481,2.2002,6858,0
20081009,2.1926,2.2002,2.1926,2.2002,8818,0
20081010,2.3301,2.3301,2.0781,2.1773,5065,0
20081013,2.1849,2.3301,2.1849,2.1849,11083,0
20081014,2.3836,2.3836,2.2919,2.2919,4,0
20081015,2.4066,2.4066,2.1468,2.2537,6734,0
20081016,2.2919,2.2919,2.1086,2.1163,15406,0
20081017,2.2079,2.2155,2.1086,2.2155,2534,0
20081020,2.2308,2.2308,2.2308,2.2308,18,0
20081021,2.2842,2.2842,2.0168,2.2537,1857,0
20081022,2.2461,2.2461,2.2155,2.2155,19,0
20081023,2.2155,2.2155,1.91,2.1697,5771,0
20081024,2.2079,2.2079,1.91,2.1009,2524,0
20081027,2.1009,2.1009,1.9481,1.994,2347,0
20081028,2.1163,2.1163,1.9405,2.0321,3264,0
20081029,2.1237,2.1237,2.0474,2.0474,1652,0
20081030,2.0932,2.1009,1.994,2.1009,133,0
20081031,2.1391,2.1468,2.1391,2.1468,80,0
20081103,2.1391,2.1391,2.1163,2.1163,1751,0
20081104,2.1391,2.2461,2.1237,2.2461,4532,0
20081105,2.2308,2.2308,2.1468,2.1468,1111,0
20081106,2.2919,2.2919,2.1314,2.1314,1786,0
20081107,2.1314,2.1391,2.0781,2.0857,4436,0
20081110,2.1314,2.1314,1.9863,1.9863,617,0
20081112,1.9786,1.9786,1.9328,1.9481,175,0
20081113,1.9481,2.0551,1.9481,2.0551,1770,0
20081114,2.0627,2.0627,1.91,1.9176,13975,0
20081117,2.0474,2.0474,1.8488,1.8488,8485,0
20081118,1.8183,1.8183,1.6807,1.6807,10261,0
20081119,1.7953,1.7953,1.6273,1.6273,7284,0
20081120,1.7189,1.7189,1.5509,1.7189,4130,0
20081121,1.7037,1.7877,1.6807,1.6807,4709,0
20081124,1.8335,1.8335,1.6655,1.6807,4452,0
20081125,1.7037,1.7266,1.6731,1.6731,18853,0
20081126,1.6731,1.6731,1.5738,1.5967,7333,0
20081127,1.6655,1.6655,1.5584,1.5584,397,0
20081128,1.7037,1.7037,1.4057,1.4515,34384,0
20081201,1.4515,1.4515,1.4363,1.4363,2562,0
20081202,1.3064,1.3751,1.2987,1.2987,18937,0
20081203,1.3981,1.3981,1.2835,1.2987,9670,0
20081204,1.2987,1.3141,1.253,1.3064,8173,0
20081205,1.3217,1.3217,1.207,1.2453,31667,0
20081208,1.3141,1.3141,1.2453,1.2987,10716,0
20081209,1.2987,1.2987,1.2835,1.2835,10250,0
20081210,1.2911,1.2911,1.207,1.2223,28522,0
20081211,1.2911,1.2911,1.2453,1.2453,23679,0
20081212,1.2835,1.2835,1.1841,1.1841,17276,0
20081215,1.1841,1.1841,1.0313,1.0695,97359,0
20081216,1.0772,1.0848,0.9779,0.9932,382545,0
20081217,1.0313,1.0313,0.9473,0.9779,54403,0
20081218,0.9244,0.955,0.8328,0.9091,69607,0
20081219,0.848,0.9015,0.8174,0.9015,291533,0
20081222,0.8785,0.9091,0.8328,0.8861,37845,0
20081223,0.8785,0.9168,0.7945,0.9168,150000,0
20081229,0.9779,0.9779,0.8557,0.955,18080,0
20081230,0.9626,0.9856,0.8938,0.9626,37054,0
20081231,0.955,1.0466,0.955,1.0466,18813,0
20090105,1.0466,1.123,1.0389,1.0925,37213,0
20090106,1.1153,1.1153,0.9856,0.9856,74407,0
20090107,1.0085,1.0162,0.8709,0.9015,102704,0
20090108,0.9091,0.9091,0.8633,0.8633,33460,0
20090109,0.8633,0.8633,0.8251,0.8405,246380,0
20090112,0.8405,0.8405,0.7716,0.7868,121371,0
20090113,0.7868,0.8174,0.764,0.8174,61542,0
20090114,0.8328,0.8709,0.8098,0.8557,79859,0
20090115,0.848,0.8557,0.8174,0.848,37409,0
20090116,0.8557,0.8785,0.8557,0.8785,59677,0
20090119,0.8861,0.9168,0.8557,0.8861,49195,0
20090120,0.8938,0.8938,0.8251,0.8251,35588,0
20090121,0.8328,0.848,0.8098,0.848,21444,0
20090122,0.8557,0.8557,0.8174,0.8251,24766,0
20090123,0.848,0.848,0.8098,0.848,6089,0
20090126,0.8557,0.8633,0.8022,0.8405,16431,0
20090127,0.8557,0.8557,0.8022,0.8328,20447,0
20090128,0.8328,0.8328,0.8022,0.8328,8768,0
20090129,0.8405,0.8405,0.8098,0.8098,6217,0
20090130,0.8405,0.8405,0.7945,0.8328,9165,0
20090202,0.8328,0.8328,0.764,0.7792,40505,0
20090203,0.7792,0.7792,0.7028,0.7028,100688,0
20090204,0.7028,0.7258,0.657,0.7028,66874,0
20090205,0.6723,0.7028,0.6723,0.6952,66169,0
20090206,0.6952,0.7028,0.6877,0.7028,40772,0
20090209,0.6952,0.764,0.68,0.7563,350802,0
20090210,0.7716,0.8022,0.7487,0.764,260689,0
20090211,0.7563,0.7563,0.6877,0.7334,122977,0
20090212,0.7868,0.8022,0.7487,0.7868,80199,0
20090213,0.8174,0.8174,0.764,0.764,35907,0
20090216,0.7716,0.7716,0.764,0.7716,46919,0
20090217,0.7945,0.7945,0.6952,0.6952,56618,0
20090218,0.7563,0.7563,0.7181,0.7181,3273,0
20090219,0.764,0.7716,0.7258,0.741,25414,0
20090220,0.7258,0.7334,0.7028,0.7334,80987,0
20090223,0.741,0.764,0.7104,0.764,27717,0
20090224,0.764,0.764,0.7487,0.7563,9035,0
20090225,0.7563,0.7945,0.7563,0.7945,35709,0
20090226,0.7792,0.8022,0.7792,0.8022,22798,0
20090227,0.8022,0.8174,0.7792,0.7868,15162,0
20090302,0.7716,0.7868,0.7563,0.7868,36663,0
20090303,0.7487,0.7945,0.7334,0.764,57038,0
20090304,0.7792,0.8174,0.7716,0.8098,82741,0
20090305,0.8251,0.8328,0.7945,0.8022,22407,0
20090306,0.8174,0.8174,0.7104,0.7868,175730,0
20090309,0.8405,0.848,0.764,0.764,165568,0
20090310,0.764,0.7945,0.7563,0.7792,24118,0
20090311,0.7945,0.7945,0.7563,0.7792,99874,0
20090312,0.764,0.7716,0.7258,0.764,379505,0
20090313,0.7716,0.7868,0.764,0.7868,12474,0
20090316,0.7868,0.7868,0.764,0.7868,15449,0
20090317,0.7716,0.7868,0.7716,0.7868,8276,0
20090318,0.7868,0.7945,0.7792,0.7945,20979,0
20090319,0.7945,0.8861,0.7868,0.8557,90934,0
20090320,0.8785,0.8785,0.8405,0.8633,23485,0
20090323,0.8785,0.9473,0.8709,0.9473,88496,0
20090324,0.9932,1.0162,0.9702,0.9702,98308,0
20090325,0.9702,0.9932,0.9397,0.9932,43388,0
20090326,1.0085,1.0925,1.0008,1.0772,88080,0
20090327,1.1077,1.1077,1.0237,1.0237,46266,0
20090330,1.0466,1.0466,0.9473,0.9702,36762,0
20090331,0.9779,1.0313,0.9473,0.9856,20044,0
20090401,0.9779,1.0085,0.955,0.955,55130,0
20090402,1.0085,1.0389,0.955,1.0237,49532,0
20090403,1.0848,1.0848,0.9779,1.0237,14142,0
20090406,1.0466,1.2605,1.0389,1.1459,174331,0
20090407,1.1459,1.169,1.1077,1.169,24161,0
20090408,1.1613,1.169,1.1384,1.169,54581,0
20090409,1.1766,1.1766,1.1307,1.1459,28846,0
20090414,1.1917,1.3217,1.123,1.2987,174833,0
20090415,1.3369,1.3751,1.2835,1.2987,93325,0
20090416,1.2987,1.3369,1.2758,1.2911,46066,0
20090417,1.3369,1.3369,1.1766,1.1917,48257,0
20090420,1.169,1.1841,1.1077,1.1384,25887,0
20090421,1.1077,1.2682,1.1002,1.1766,11351,0
20090422,1.1459,1.1917,1.1459,1.1917,8747,0
20090423,1.2223,1.2223,1.1994,1.207,8389,0
20090424,1.2223,1.2223,1.1153,1.1536,20897,0
20090427,1.123,1.207,1.123,1.1384,3531,0
20090428,1.1613,1.1613,1.123,1.1613,3205,0
20090429,1.207,1.2987,1.1917,1.2453,4778,0
20090430,1.2605,1.3064,1.2147,1.2605,17291,0
20090504,1.2682,1.2758,1.1994,1.2605,19522,0
20090505,1.3369,1.3369,1.207,1.2605,9342,0
20090506,1.2605,1.2605,1.1841,1.2605,25200,0
20090507,1.207,1.2682,1.207,1.2682,13955,0
20090508,1.2682,1.2682,1.207,1.2453,5150,0
20090511,1.207,1.2223,1.169,1.2223,2821,0
20090512,1.2223,1.2453,1.1766,1.2453,20666,0
20090513,1.2453,1.2453,1.1841,1.2376,12291,0
20090514,1.2223,1.2223,1.1384,1.207,14660,0
20090515,1.1917,1.1917,1.1384,1.1766,8570,0
20090518,1.0085,1.1459,1.0085,1.1384,56541,0
20090519,1.1384,1.169,1.1077,1.169,20654,0
20090520,1.1841,1.1841,1.1766,1.1766,2,0
20090521,1.1841,1.1841,1.1384,1.1841,781,0
20090522,1.1841,1.1917,1.1766,1.1917,9164,0
20090525,1.2147,1.2147,1.123,1.1841,1927,0
20090526,1.1841,1.1841,1.123,1.1307,3613,0
20090527,1.207,1.207,1.1077,1.1459,4629,0
20090528,1.1459,1.1766,1.1077,1.1766,10764,0
20090529,1.1766,1.1766,1.123,1.169,11001,0
20090601,1.2147,1.2147,1.1994,1.2147,7604,0
20090602,1.207,1.207,1.1536,1.1841,7546,0
20090603,1.1917,1.1917,1.1613,1.1841,1313,0
20090604,1.169,1.207,1.0925,1.1536,34873,0
20090605,1.207,1.207,1.1536,1.207,19519,0
20090608,1.207,1.207,1.1613,1.1994,4889,0
20090609,1.1994,1.1994,1.1917,1.1917,7373,0
20090610,1.1917,1.2987,1.1917,1.2835,34089,0
20090612,1.2835,1.3446,1.2453,1.2911,32654,0
20090615,1.3369,1.3675,1.2605,1.3598,29971,0
20090616,1.2911,1.3522,1.2911,1.3369,11763,0
20090617,1.3751,1.3827,1.2987,1.2987,21801,0
20090618,1.2987,1.2987,1.2605,1.2682,7667,0
20090619,1.3369,1.3369,1.253,1.3217,4663,0
20090622,1.3217,1.3217,1.2376,1.2453,4135,0
20090623,1.1384,1.1994,1.1384,1.169,47940,0
20090624,1.207,1.207,1.1994,1.1994,252,0
20090625,1.1613,1.169,1.1613,1.1613,1660,0
20090626,1.1613,1.1994,1.1613,1.1994,2530,0
20090629,1.207,1.207,1.169,1.1994,8710,0
20090630,1.1994,1.207,1.169,1.169,3536,0
20090701,1.169,1.1766,1.169,1.169,14531,0
20090702,1.1994,1.1994,1.1536,1.1536,7369,0
20090703,1.207,1.207,1.1613,1.207,3617,0
20090706,1.207,1.253,1.1917,1.2147,47712,0
20090707,1.1917,1.2605,1.1917,1.2605,2,0
20090708,1.2682,1.2682,1.253,1.253,160,0
20090709,1.2682,1.2682,1.253,1.253,2,0
20090710,1.2605,1.2682,1.253,1.253,788,0
20090713,1.253,1.253,1.1841,1.253,1442,0
20090714,1.2682,1.2682,1.207,1.253,213,0
20090715,1.2605,1.2605,1.1994,1.1994,81302,0
20090716,1.1841,1.1841,1.1459,1.1613,101753,0
20090717,1.1766,1.1766,1.123,1.1307,33341,0
20090720,1.1766,1.1766,1.1307,1.1384,8086,0
20090721,1.169,1.169,1.1459,1.169,8732,0
20090722,1.1459,1.169,1.1384,1.1459,24999,0
20090723,1.169,1.1766,1.169,1.1766,8546,0
20090724,1.1766,1.1841,1.1307,1.1307,61859,0
20090727,1.1841,1.2147,1.1613,1.2147,33580,0
20090728,1.207,1.207,1.1766,1.1766,5131,0
20090729,1.1766,1.2147,1.1459,1.2147,26093,0
20090730,1.2147,1.505,1.2147,1.4745,613125,0
20090731,1.4745,1.4745,1.2987,1.2987,240927,0
20090803,1.3598,1.3751,1.2911,1.2911,312057,0
20090804,1.3064,1.3141,1.2835,1.3064,103492,0
20090805,1.3294,1.3751,1.2911,1.3369,124929,0
20090806,1.3217,1.3598,1.3141,1.3141,24357,0
20090807,1.3369,1.3369,1.3294,1.3294,6869,0
20090810,1.3751,1.4057,1.3446,1.3598,192116,0
20090811,1.3598,1.3981,1.3141,1.3141,179850,0
20090812,1.3217,1.3217,1.2453,1.2835,49763,0
20090813,1.3141,1.3294,1.2758,1.3064,41323,0
20090814,1.3141,1.3598,1.3141,1.3369,70401,0
20090817,1.3446,1.3446,1.2835,1.2835,24243,0
20090818,1.2835,1.3446,1.2835,1.3369,20399,0
20090819,1.3522,1.3522,1.3369,1.3369,31385,0
20090820,1.3751,1.3981,1.3598,1.3904,50788,0
20090821,1.421,1.4363,1.3675,1.3751,75929,0
20090824,1.421,1.4363,1.3751,1.4057,56974,0
20090825,1.4287,1.4515,1.4057,1.4515,53600,0
20090826,1.4745,1.5584,1.4287,1.4898,207881,0
20090827,1.5127,1.5355,1.4363,1.4363,105236,0
20090828,1.4287,1.4898,1.4287,1.4439,56688,0
20090831,1.4515,1.4821,1.4133,1.4133,57410,0
20090901,1.3981,1.3981,1.2605,1.2987,63710,0
20090902,1.2911,1.3522,1.2682,1.3369,66384,0
20090903,1.3446,1.3522,1.3217,1.3369,22509,0
20090904,1.3598,1.3751,1.3294,1.3369,31268,0
20090907,1.3751,1.3751,1.3369,1.3675,22967,0
20090908,1.3446,1.3751,1.3369,1.3369,57216,0
20090909,1.3675,1.3675,1.2987,1.3217,32316,0
20090910,1.3446,1.3446,1.2147,1.2147,185114,0
20090911,1.2223,1.253,1.1613,1.2376,161120,0
20090914,1.2453,1.2453,1.169,1.207,142044,0
20090915,1.2223,1.2605,1.207,1.253,124614,0
20090916,1.2376,1.2758,1.2223,1.253,110640,0
20090917,1.2605,1.2605,1.1917,1.1994,116805,0
20090918,1.2147,1.2223,1.1994,1.1994,15095,0
20090921,1.1994,1.1994,1.1384,1.1459,246243,0
20090922,1.1536,1.1841,1.1459,1.1766,29890,0
20090923,1.1917,1.207,1.169,1.1917,51676,0
20090924,1.207,1.207,1.1536,1.1766,67909,0
20090925,1.1841,1.1841,1.1536,1.169,18246,0
20090928,1.1841,1.1917,1.1536,1.1766,23917,0
20090929,1.1841,1.207,1.169,1.1917,133345,0
20090930,1.1841,1.2223,1.1077,1.1077,395026,0
20091001,1.1384,1.1536,1.1153,1.1384,28220,0
20091002,1.1307,1.1384,1.123,1.1384,20428,0
20091005,1.1536,1.1536,1.1307,1.1307,8314,0
20091006,1.1307,1.1536,1.1307,1.1459,14299,0
20091007,1.1536,1.169,1.1459,1.169,16982,0
20091008,1.169,1.2223,1.169,1.207,78302,0
20091009,1.2376,1.2376,1.1917,1.2223,34601,0
20091012,1.2453,1.2453,1.1841,1.2147,41406,0
20091013,1.2223,1.2223,1.1841,1.1841,11397,0
20091014,1.2147,1.2147,1.169,1.1994,7927,0
20091015,1.207,1.207,1.1766,1.1841,34035,0
20091016,1.2147,1.2147,1.169,1.207,10614,0
20091019,1.1841,1.2223,1.1766,1.2223,46908,0
20091020,1.23,1.23,1.1766,1.1841,13949,0
20091021,1.207,1.207,1.1613,1.1841,20698,0
20091022,1.2147,1.2147,1.1766,1.1917,25170,0
20091023,1.2147,1.2147,1.1536,1.207,64467,0
20091026,1.207,1.207,1.1766,1.1766,6154,0
20091027,1.1994,1.1994,1.1917,1.1994,1882,0
20091028,1.1613,1.1841,1.1613,1.1613,23561,0
20091029,1.1613,1.23,1.1536,1.2223,46545,0
20091030,1.23,1.3141,1.2223,1.2911,256842,0
20091102,1.2987,1.2987,1.2605,1.2682,40736,0
20091103,1.2682,1.2911,1.2453,1.2758,29871,0
20091104,1.2911,1.3598,1.2911,1.3369,258939,0
20091105,1.3294,1.3598,1.3294,1.3598,34716,0
20091106,1.3598,1.3904,1.3446,1.3904,155908,0
20091109,1.3904,1.4745,1.3904,1.4592,554668,0
20091110,1.4668,1.4745,1.4133,1.4287,72981,0
20091112,1.4439,1.4439,1.3904,1.4363,52082,0
20091113,1.4363,1.4363,1.3904,1.3904,25891,0
20091116,1.3675,1.5202,1.3675,1.4592,144995,0
20091117,1.4592,1.4821,1.421,1.4745,23433,0
20091118,1.4745,1.4745,1.4133,1.4515,24958,0
20091119,1.4515,1.4515,1.3904,1.4515,17447,0
20091120,1.4133,1.4515,1.3751,1.4363,31860,0
20091123,1.4515,1.4592,1.4287,1.4515,27345,0
20091124,1.4592,1.4592,1.3827,1.3827,17793,0
20091125,1.3904,1.4133,1.3751,1.4133,29903,0
20091126,1.421,1.421,1.3827,1.4133,8116,0
20091127,1.3827,1.3981,1.3598,1.3981,45678,0
20091130,1.3981,1.421,1.3827,1.421,11783,0
20091201,1.421,1.4363,1.3981,1.4287,22077,0
20091202,1.4363,1.4515,1.4133,1.4515,10319,0
20091203,1.4515,1.4821,1.421,1.4821,45876,0
20091204,1.4821,1.5278,1.4668,1.5278,138041,0
20091207,1.5202,1.6578,1.5202,1.6043,216276,0
20091208,1.6043,1.7189,1.6043,1.6655,174471,0
20091209,1.6731,1.7037,1.6196,1.6426,71683,0
20091210,1.6349,1.6349,1.5432,1.6043,104445,0
20091211,1.6426,1.6426,1.5584,1.5584,15453,0
20091214,1.6426,1.6426,1.5661,1.5738,21566,0
20091215,1.6196,1.6196,1.4898,1.5738,82626,0
20091216,1.5202,1.5278,1.505,1.5127,46346,0
20091217,1.5815,1.5815,1.505,1.5355,8650,0
20091218,1.5738,1.5738,1.4821,1.4898,51008,0
20091221,1.4898,1.505,1.4363,1.4363,40845,0
20091222,1.4439,1.4821,1.4439,1.4592,16025,0
20091223,1.4821,1.4821,1.4439,1.4592,11722,0
20091228,1.4745,1.4745,1.421,1.4668,53612,0
20091229,1.4592,1.4974,1.4592,1.4974,4622,0
20091230,1.505,1.505,1.4898,1.4898,4197,0
20091231,1.505,1.5278,1.4974,1.5202,5610,0
20100104,1.5432,1.5661,1.5278,1.5661,41824,0
20100105,1.5815,1.5815,1.5202,1.5278,19557,0
20100106,1.5432,1.5432,1.505,1.5127,49039,0
20100107,1.5891,1.5891,1.505,1.5432,11712,0
20100108,1.5432,1.5509,1.505,1.5432,38878,0
20100111,1.5661,1.5661,1.5127,1.5278,8498,0
20100112,1.4668,1.5202,1.4668,1.4821,9271,0
20100113,1.4821,1.5127,1.4592,1.5127,103445,0
20100114,1.5127,1.5278,1.4898,1.4898,23399,0
20100115,1.4898,1.5202,1.4898,1.5202,4303,0
20100118,1.5432,1.5432,1.4439,1.4592,94098,0
20100119,1.4821,1.4821,1.4057,1.4668,106861,0
20100120,1.4592,1.4898,1.3981,1.4898,12284,0
20100121,1.4668,1.6043,1.4287,1.5967,48275,0
20100122,1.5891,1.5891,1.5278,1.5432,14118,0
20100125,1.5202,1.5202,1.4515,1.4592,213001,0
20100126,1.4515,1.4515,1.4363,1.4515,37264,0
20100127,1.4515,1.4592,1.4515,1.4592,13743,0
20100128,1.4592,1.4898,1.4515,1.4515,47818,0
20100129,1.4515,1.4515,1.4439,1.4515,8016,0
20100201,1.4515,1.4515,1.4133,1.4515,5237,0
20100202,1.4515,1.4515,1.4515,1.4515,14400,0
20100203,1.4515,1.4515,1.3904,1.4515,19220,0
20100204,1.4515,1.4515,1.3751,1.3751,84998,0
20100205,1.3981,1.3981,1.2758,1.3294,46372,0
20100208,1.2682,1.3751,1.2682,1.3751,19332,0
20100209,1.3751,1.3751,1.3598,1.3751,17104,0
20100210,1.3751,1.4363,1.3751,1.4287,48943,0
20100211,1.4287,1.4287,1.421,1.4287,1311,0
20100212,1.4287,1.4287,1.4287,1.4287,592,0
20100215,1.4515,1.4515,1.3904,1.4439,6692,0
20100216,1.4439,1.4439,1.3904,1.421,45900,0
20100217,1.4287,1.4287,1.421,1.421,3,0
20100218,1.4439,1.4439,1.3904,1.4133,3058,0
20100219,1.4287,1.4287,1.3827,1.4287,3361,0
20100222,1.4898,1.4898,1.4057,1.4515,3695,0
20100223,1.4515,1.4515,1.4057,1.4363,3007,0
20100224,1.4515,1.4515,1.4363,1.4439,8370,0
20100225,1.4515,1.4515,1.4133,1.4363,17937,0
20100226,1.4745,1.4745,1.4363,1.4439,23348,0
20100301,1.4515,1.4515,1.4439,1.4515,12525,0
20100302,1.4515,1.4668,1.421,1.4668,6605,0
20100303,1.4668,1.4668,1.3751,1.4439,114157,0
20100304,1.4439,1.4668,1.4439,1.4668,29591,0
20100305,1.4745,1.4745,1.4363,1.4515,10473,0
20100308,1.4821,1.4898,1.4057,1.4821,23265,0
20100309,1.4898,1.4974,1.4898,1.4974,10668,0
20100310,1.4974,1.5661,1.4974,1.5355,69255,0
20100311,1.5584,1.5584,1.5278,1.5278,14816,0
20100312,1.5509,1.5891,1.5278,1.5661,36635,0
20100315,1.5661,1.5891,1.5278,1.5815,14797,0
20100316,1.5432,1.6807,1.5432,1.6731,74208,0
20100317,1.6731,1.7801,1.6426,1.7572,149354,0
20100318,1.7572,1.8258,1.6655,1.7877,205978,0
20100319,1.7877,1.7877,1.5891,1.6807,73747,0
20100322,1.6807,1.6807,1.5967,1.6731,27862,0
20100323,1.6807,1.6807,1.5891,1.5891,24307,0
20100324,1.6502,1.6578,1.6426,1.6502,14079,0
20100325,1.6655,1.6655,1.5967,1.6196,24527,0
20100326,1.6578,1.6578,1.6043,1.6349,21427,0
20100329,1.6502,1.6502,1.5891,1.6426,26266,0
20100330,1.6655,1.6655,1.6043,1.6502,130656,0
20100331,1.6426,1.6426,1.5738,1.5891,35266,0
20100401,1.5891,1.5891,1.5584,1.5891,12836,0
20100406,1.6043,1.6043,1.5738,1.5738,16803,0
20100407,1.5815,1.6196,1.5815,1.6196,24764,0
20100408,1.612,1.6196,1.5891,1.5891,6127,0
20100409,1.5815,1.6043,1.5661,1.5815,30114,0
20100412,1.6043,1.6349,1.5891,1.612,22847,0
20100413,1.6349,1.6349,1.5738,1.5891,13319,0
20100414,1.6196,1.6196,1.5891,1.612,22628,0
20100415,1.6043,1.6196,1.5661,1.6043,16311,0
20100416,1.612,1.612,1.5661,1.5967,7622,0
20100419,1.5661,1.5967,1.5432,1.5967,6638,0
20100420,1.5509,1.5967,1.5509,1.5891,7095,0
20100421,1.5891,1.5891,1.4898,1.505,180285,0
20100422,1.5432,1.5584,1.505,1.5278,28617,0
20100423,1.5584,1.5584,1.5202,1.5432,8805,0
20100426,1.5202,1.5661,1.5202,1.5661,17265,0
20100427,1.5815,1.5815,1.5278,1.5509,10003,0
20100428,1.5127,1.5355,1.505,1.5355,1745,0
20100429,1.5509,1.5815,1.5278,1.5815,28382,0
20100430,1.5815,1.5815,1.5278,1.5738,22563,0
20100504,1.5355,1.5815,1.5202,1.5202,14902,0
20100505,1.5661,1.5661,1.3751,1.3751,177472,0
20100506,1.4133,1.4515,1.3751,1.3981,57374,0
20100507,1.3904,1.3981,1.3598,1.3981,9104,0
20100510,1.4515,1.505,1.4439,1.4745,34409,0
20100511,1.4821,1.4821,1.421,1.4745,4591,0
20100512,1.421,1.505,1.421,1.4898,7471,0
20100513,1.505,1.505,1.4515,1.4821,15163,0
20100514,1.4821,1.4821,1.4287,1.4515,18994,0
20100517,1.4515,1.4821,1.4363,1.4821,8626,0
20100518,1.4898,1.4898,1.4515,1.4898,4815,0
20100519,1.505,1.505,1.4363,1.4668,11741,0
20100520,1.4745,1.4821,1.4287,1.4515,29987,0
20100521,1.3904,1.4439,1.3904,1.4363,10166,0
20100524,1.4439,1.4745,1.3827,1.4745,10323,0
20100525,1.4515,1.4515,1.4287,1.4363,1214,0
20100526,1.4363,1.4515,1.4057,1.4133,28811,0
20100527,1.4515,1.505,1.4133,1.4592,31147,0
20100528,1.505,1.505,1.4592,1.4898,5116,0
20100531,1.505,1.5127,1.4592,1.4821,9971,0
20100601,1.4974,1.4974,1.4592,1.4821,9575,0
20100602,1.4821,1.4821,1.4668,1.4821,3568,0
20100604,1.4821,1.4821,1.4515,1.4745,9985,0
20100607,1.4745,1.4745,1.4287,1.4745,6539,0
20100608,1.4745,1.4745,1.4363,1.4745,37647,0
20100609,1.4745,1.4745,1.4439,1.4668,850,0
20100610,1.3981,1.4821,1.3981,1.4745,20650,0
20100611,1.4898,1.4898,1.4287,1.4287,2857,0
20100614,1.4287,1.4515,1.4287,1.4515,5361,0
20100615,1.4515,1.4515,1.4363,1.4439,8045,0
20100616,1.4515,1.4515,1.4515,1.4515,1376,0
20100617,1.4515,1.4515,1.4515,1.4515,1,0
20100618,1.4515,1.4515,1.3981,1.3981,59683,0
20100621,1.4821,1.4821,1.4363,1.4363,3522,0
20100622,1.4363,1.4363,1.4363,1.4363,1258,0
20100623,1.4287,1.4287,1.3904,1.4057,12285,0
20100624,1.4133,1.4133,1.3981,1.3981,1822,0
20100625,1.4133,1.4133,1.3981,1.4133,2655,0
20100628,1.4133,1.4133,1.4133,1.4133,453,0
20100629,1.4133,1.4133,1.3751,1.3904,9888,0
20100630,1.4411,1.4411,1.3934,1.4253,3564,0
20100701,1.421,1.421,1.3981,1.4133,8607,0
20100702,1.3981,1.4287,1.3981,1.4287,2095,0
20100705,1.3981,1.4057,1.3981,1.4057,3508,0
20100706,1.421,1.4287,1.421,1.4287,13223,0
20100707,1.4287,1.4439,1.4287,1.4439,7231,0
20100708,1.4133,1.4439,1.4133,1.4439,2719,0
20100709,1.4668,1.4668,1.4668,1.4668,498,0
20100712,1.4821,1.4821,1.4668,1.4668,2916,0
20100713,1.4745,1.4821,1.4592,1.4821,6597,0
20100714,1.4974,1.5432,1.4974,1.5278,57986,0
20100715,1.5202,1.5202,1.505,1.505,772,0
20100716,1.5355,1.5584,1.5278,1.5584,118299,0
20100719,1.5584,1.5661,1.5509,1.5584,16764,0
20100720,1.5661,1.5661,1.5509,1.5584,57770,0
20100721,1.5509,1.5738,1.5509,1.5509,17658,0
20100722,1.5584,1.5584,1.5509,1.5584,7902,0
20100723,1.5661,1.5661,1.5584,1.5584,2972,0
20100726,1.5584,1.5738,1.5584,1.5738,10914,0
20100727,1.5815,1.5815,1.5661,1.5738,14475,0
20100728,1.5584,1.5584,1.4974,1.5202,69177,0
20100729,1.505,1.5202,1.505,1.5202,9086,0
20100730,1.5202,1.5202,1.505,1.5202,2912,0
20100802,1.5202,1.5509,1.5202,1.5355,18009,0
20100803,1.5355,1.6426,1.5278,1.5891,73795,0
20100804,1.5891,1.5891,1.5355,1.5738,10798,0
20100805,1.5432,1.5432,1.5432,1.5432,1370,0
20100806,1.5432,1.5738,1.5432,1.5661,11728,0
20100809,1.5661,1.5738,1.5509,1.5738,6972,0
20100810,1.5509,1.5661,1.5432,1.5661,6205,0
20100811,1.5509,1.5509,1.5432,1.5432,2618,0
20100812,1.5432,1.5661,1.5432,1.5661,697,0
20100813,1.5661,1.5661,1.5432,1.5661,4014,0
20100816,1.5967,1.5967,1.5432,1.5432,22691,0
20100817,1.5967,1.5967,1.5967,1.5967,9031,0
20100818,1.5967,1.5967,1.5584,1.5584,1367,0
20100819,1.5661,1.5738,1.5661,1.5738,3977,0
20100820,1.5661,1.5815,1.5278,1.5278,22810,0
20100823,1.5278,1.5432,1.5278,1.5355,11484,0
20100824,1.5584,1.5891,1.5584,1.5891,2819,0
20100825,1.5738,1.5738,1.505,1.505,12060,0
20100826,1.5661,1.5661,1.5202,1.5584,24093,0
20100827,1.5584,1.5584,1.505,1.5509,5933,0
20100830,1.5738,1.5738,1.5509,1.5584,1689,0
20100831,1.5207,1.5606,1.5207,1.5606,7674,0
20100901,1.5278,1.5278,1.4439,1.4898,62544,0
20100902,1.4745,1.505,1.4668,1.4898,44105,0
20100903,1.4821,1.4898,1.3751,1.3981,164636,0
20100906,1.4133,1.4133,1.3217,1.3904,152894,0
20100907,1.3981,1.4133,1.3904,1.4057,22084,0
20100908,1.4133,1.4363,1.3981,1.4363,18172,0
20100909,1.4287,1.4515,1.4133,1.4439,22574,0
20100910,1.4287,1.4592,1.4287,1.4592,7500,0
20100913,1.4592,1.4592,1.421,1.4592,18470,0
20100914,1.4592,1.4592,1.4363,1.4363,6394,0
20100915,1.4363,1.4363,1.421,1.421,11727,0
20100916,1.4287,1.4363,1.4133,1.4363,12748,0
20100917,1.4363,1.4439,1.4133,1.4439,22688,0
20100920,1.4133,1.4439,1.4057,1.4439,6601,0
20100921,1.4439,1.4439,1.421,1.421,6415,0
20100922,1.421,1.4363,1.421,1.4363,6014,0
20100923,1.4439,1.4439,1.4133,1.4133,10831,0
20100924,1.4057,1.4133,1.4057,1.4133,5646,0
20100927,1.4439,1.4439,1.4057,1.421,7346,0
20100928,1.421,1.421,1.4057,1.4133,2805,0
20100929,1.4439,1.4439,1.4133,1.4363,2371,0
20100930,1.4363,1.4363,1.4057,1.4057,4314,0
20101001,1.4287,1.4363,1.4287,1.4363,16628,0
20101004,1.4133,1.4363,1.4133,1.421,6972,0
20101005,1.4439,1.4439,1.421,1.4363,652,0
20101006,1.4287,1.4287,1.4133,1.4287,16097,0
20101007,1.421,1.421,1.3981,1.3981,23408,0
20101008,1.4133,1.4133,1.3751,1.3981,16150,0
20101011,1.3827,1.421,1.3827,1.421,4316,0
20101012,1.421,1.421,1.3598,1.3751,70048,0
20101013,1.3751,1.3981,1.3751,1.3981,17614,0
20101014,1.3751,1.4057,1.3751,1.3981,8243,0
20101015,1.3904,1.3904,1.3675,1.3827,15175,0
20101018,1.3827,1.3827,1.3751,1.3827,4574,0
20101019,1.3827,1.3827,1.3751,1.3751,2029,0
20101020,1.3751,1.3827,1.3675,1.3827,5245,0
20101021,1.3827,1.3827,1.3751,1.3751,4585,0
20101022,1.3827,1.3827,1.3598,1.3751,12420,0
20101025,1.4057,1.4057,1.3675,1.3751,1307,0
20101026,1.3751,1.3981,1.3598,1.3981,17391,0
20101027,1.3904,1.3981,1.3598,1.3675,21242,0
20101028,1.3827,1.3827,1.3598,1.3827,31766,0
20101029,1.4013,1.4013,1.3775,1.3775,14400,0
20101102,1.3827,1.3981,1.3675,1.3981,2941,0
20101103,1.3981,1.3981,1.3751,1.3981,157,0
20101104,1.3981,1.3981,1.3598,1.3827,12961,0
20101105,1.3827,1.3904,1.3598,1.3904,25221,0
20101108,1.3904,1.3904,1.3751,1.3904,16201,0
20101109,1.3751,1.3904,1.3751,1.3904,8435,0
20101110,1.3904,1.3904,1.3598,1.3904,26215,0
20101112,1.3904,1.3904,1.3446,1.3904,50571,0
20101115,1.4057,1.7342,1.4057,1.7342,608631,0
20101116,1.7342,2.0627,1.6807,1.7189,739642,0
20101117,1.6883,1.7495,1.6043,1.6731,542774,0
20101118,1.6426,1.7342,1.6426,1.7112,81179,0
20101119,1.7112,1.7112,1.5815,1.5891,85553,0
20101122,1.6043,1.6807,1.6043,1.6426,76100,0
20101123,1.6273,1.6273,1.5509,1.5891,69403,0
20101124,1.6426,1.6426,1.5278,1.5815,32335,0
20101125,1.4974,1.5815,1.4974,1.5661,28234,0
20101126,1.5584,1.5584,1.4821,1.5509,183766,0
20101129,1.5127,1.5584,1.4821,1.5355,48571,0
20101130,1.5367,1.6003,1.5287,1.5526,29615,0
20101201,1.5738,1.5891,1.5509,1.5815,41906,0
20101202,1.5967,1.6043,1.5815,1.5815,12710,0
20101203,1.6043,1.6043,1.5738,1.5967,9716,0
20101206,1.6349,1.6349,1.5509,1.6043,20448,0
20101207,1.5967,1.6043,1.5509,1.6043,46029,0
20101208,1.5509,1.5967,1.5509,1.5738,4999,0
20101209,1.5967,1.5967,1.5738,1.5967,38364,0
20101210,1.6043,1.6349,1.5815,1.6349,112579,0
20101213,1.6273,1.6349,1.6273,1.6349,12991,0
20101214,1.6426,1.6426,1.6043,1.6273,26730,0
20101215,1.6273,1.6349,1.5738,1.6273,11558,0
20101216,1.5891,1.5967,1.5661,1.5661,48145,0
20101217,1.5661,1.5967,1.5432,1.5967,42595,0
20101220,1.5509,1.5967,1.5432,1.5584,36505,0
20101221,1.6043,1.6043,1.5509,1.5815,8900,0
20101222,1.5967,1.5967,1.5432,1.5738,25170,0
20101223,1.5509,1.5891,1.5509,1.5891,31578,0
20101227,1.5891,1.5891,1.5432,1.5738,25388,0
20101228,1.5661,1.5661,1.5278,1.5509,45228,0
20101229,1.5924,1.5924,1.5287,1.5446,23711,0
20101230,1.5526,1.5526,1.5287,1.5446,9605,0
20101231,1.5446,1.5526,1.5446,1.5526,2499,0
20110103,1.5661,1.5738,1.5355,1.5738,10786,0
20110104,1.5584,1.5738,1.5355,1.5738,39887,0
20110105,1.5738,1.5738,1.5202,1.5661,44570,0
20110107,1.5509,1.5584,1.5202,1.5584,31011,0
20110110,1.5584,1.5584,1.5127,1.5432,5874,0
20110111,1.5584,1.5584,1.5202,1.5584,7756,0
20110112,1.5584,1.5584,1.5278,1.5584,327520,0
20110113,1.5584,1.5584,1.4898,1.5278,66321,0
20110114,1.5509,1.5738,1.5202,1.5738,45050,0
20110117,1.5738,1.7724,1.5738,1.7724,373073,0
20110118,1.7724,1.8258,1.6807,1.7877,188002,0
20110119,1.7572,1.8258,1.7112,1.7724,108549,0
20110120,1.8183,1.8183,1.6578,1.7266,137274,0
20110121,1.7419,1.7419,1.6655,1.696,218585,0
20110124,1.7189,1.7419,1.696,1.7342,9410,0
20110125,1.7419,1.7419,1.7037,1.7419,33664,0
20110126,1.7495,2.0016,1.7419,1.9558,472071,0
20110127,1.9328,2.1237,1.91,2.1009,334301,0
20110128,2.0857,2.2155,2.0627,2.1391,141047,0
20110131,2.102,2.2134,2.0303,2.2134,145461,0
20110201,2.2155,2.3225,2.1009,2.1468,167594,0
20110202,2.2537,2.3072,2.2384,2.2842,120878,0
20110203,2.3225,2.4829,2.3072,2.4294,330500,0
20110204,2.4294,2.4447,2.3225,2.4217,95309,0
20110207,2.4066,2.4066,2.2002,2.2614,253783,0
20110208,2.2842,2.2842,2.0627,2.0932,339609,0
20110209,2.2155,2.269,2.1163,2.2308,172799,0
20110210,2.2308,2.3301,2.1544,2.3072,93216,0
20110211,2.2995,2.353,2.1773,2.2155,117290,0
20110214,2.2155,2.3301,2.2155,2.2842,34366,0
20110215,2.2919,2.3301,2.2079,2.3148,44148,0
20110216,2.3606,2.3989,2.2995,2.3606,166342,0
20110217,2.3683,2.4829,2.3683,2.4217,141651,0
20110218,2.4066,2.4829,2.2919,2.3989,160327,0
20110221,2.4066,2.4066,2.162,2.2155,224846,0
20110222,2.2537,2.2614,2.0857,2.1544,100294,0
20110223,2.1544,2.2002,2.0245,2.0704,194422,0
20110224,2.0704,2.0704,1.9176,2.0245,423141,0
20110225,2.0245,2.0704,1.9558,2.0092,414361,0
20110228,2.0064,2.094,2.0064,2.0622,100886,0
20110301,2.0704,2.1009,2.0474,2.0857,115548,0
20110302,2.1009,2.1237,2.0627,2.1009,37268,0
20110303,2.0857,2.1391,2.0321,2.0321,52669,0
20110304,2.0321,2.0398,1.91,1.9405,131911,0
20110307,1.9481,2.0168,1.9481,1.9786,22155,0
20110308,1.994,2.0245,1.9635,1.9786,47280,0
20110309,1.9786,1.9786,1.9252,1.9252,84273,0
20110310,1.9023,2.0016,1.8946,1.9863,42804,0
20110311,1.9481,1.9558,1.91,1.9558,97354,0
20110314,1.9481,1.9786,1.9176,1.971,17229,0
20110315,1.9405,1.9405,1.8946,1.9252,55904,0
20110316,1.9252,1.9558,1.9176,1.9405,19266,0
20110317,1.9109,2.0542,1.9109,2.0463,63667,0
20110318,2.0474,2.0474,1.9786,2.0245,18854,0
20110321,2.0474,2.1314,2.0321,2.0627,70777,0
20110322,2.0627,2.1009,1.9635,1.9635,48163,0
20110323,2.0168,2.0168,1.8564,1.8946,178165,0
20110324,1.8946,1.8946,1.887,1.8946,12999,0
20110325,1.91,1.9558,1.887,1.9558,43756,0
20110328,1.9558,1.9558,1.9023,1.9558,35778,0
20110329,1.9481,1.9558,1.887,1.9023,40785,0
20110330,1.91,1.9405,1.887,1.8946,56508,0
20110331,1.9347,1.9347,1.8711,1.9189,26836,0
20110401,1.9405,1.9405,1.91,1.9252,22750,0
20110404,1.9176,2.0245,1.9176,1.994,139270,0
20110405,1.9985,2.0781,1.9985,2.0382,49989,0
20110406,2.0398,2.0627,2.0398,2.0398,39789,0
20110407,2.0551,2.0551,2.0398,2.0551,13113,0
20110408,2.0321,2.0704,2.0321,2.0551,69626,0
20110411,2.0551,2.0627,2.0321,2.0321,24230,0
20110412,2.0303,2.0303,1.9906,1.9985,30804,0
20110413,2.0016,2.0168,2.0016,2.0168,10266,0
20110414,2.0168,2.0627,2.0092,2.0474,11164,0
20110415,2.0245,2.0398,1.971,1.9863,35001,0
20110418,2.0092,2.0398,1.9635,1.9635,39102,0
20110419,1.9635,1.9786,1.9635,1.9786,20131,0
20110420,1.9786,1.9786,1.9481,1.9786,5344,0
20110421,1.9786,1.9786,1.9328,1.9786,21331,0
20110426,1.971,2.0168,1.9328,2.0168,34186,0
20110427,2.0168,2.0168,1.9786,2.0016,1330,0
20110428,1.9863,2.0092,1.9558,2.0092,4289,0
20110429,2.0144,2.0144,1.9507,1.9906,7647,0
20110502,1.9863,2.0245,1.9863,1.9863,38838,0
20110504,1.9666,1.9666,1.9428,1.9428,9087,0
20110505,1.9109,1.9587,1.9109,1.9507,26464,0
20110506,1.9268,1.9666,1.9268,1.9666,2593,0
20110509,1.9863,1.9863,1.9252,1.9252,11101,0
20110510,1.9507,1.9666,1.9109,1.9587,13356,0
20110511,1.9587,1.9747,1.9109,1.9587,30329,0
20110512,1.9268,1.9587,1.9109,1.9109,9741,0
20110513,1.9189,1.9587,1.9109,1.9109,13159,0
20110516,1.9747,1.9747,1.887,1.887,18115,0
20110517,1.9029,1.9189,1.8313,1.8631,123035,0
20110518,1.9189,1.9189,1.8313,1.887,24020,0
20110519,1.9587,1.9747,1.8313,1.9029,72802,0
20110520,1.8711,1.9029,1.8233,1.8233,33553,0
20110523,1.8313,1.8313,1.7994,1.8154,20839,0
20110524,1.8154,1.8472,1.7516,1.8472,66879,0
20110525,1.8313,1.9109,1.7994,1.9029,22714,0
20110526,1.9109,1.9109,1.8711,1.9029,18866,0
20110527,1.9189,1.9189,1.895,1.9109,3017,0
20110530,1.9109,1.9587,1.8711,1.9189,8420,0
20110531,1.887,1.887,1.8154,1.8711,17404,0
20110601,1.8313,1.8472,1.8154,1.8313,15860,0
20110602,1.8154,1.8711,1.7915,1.8551,23376,0
20110603,1.8631,1.8631,1.8074,1.8313,1260,0
20110606,1.7835,1.8313,1.7835,1.8313,7578,0
20110607,1.8313,1.9109,1.8313,1.8392,9746,0
20110608,1.9109,1.9109,1.8313,1.8313,7914,0
20110609,1.887,1.887,1.7755,1.8551,12889,0
20110610,1.8472,1.8472,1.7835,1.8313,1389,0
20110613,1.8313,1.8313,1.7755,1.8313,4003,0
20110614,1.8313,1.8313,1.8154,1.8154,127,0
20110615,1.8154,1.8154,1.7755,1.7755,5620,0
20110616,1.7755,1.7755,1.7516,1.7516,15639,0
20110617,1.7119,1.7516,1.7119,1.7278,18464,0
20110620,1.7119,1.7994,1.7119,1.7994,15584,0
20110621,1.7676,1.7994,1.7676,1.7835,13724,0
20110622,1.7516,1.7516,1.7119,1.7357,24857,0
20110624,1.7197,1.7437,1.6959,1.6959,10265,0
20110627,1.6959,1.6959,1.6322,1.6402,24430,0
20110628,1.6402,1.672,1.6322,1.672,4126,0
20110629,1.6959,1.7357,1.68,1.7357,14265,0
20110630,1.6879,1.7197,1.6879,1.7119,3536,0
20110701,1.7357,1.7357,1.672,1.7278,3833,0
20110704,1.7357,1.7357,1.7278,1.7278,642,0
20110705,1.7357,1.7357,1.7278,1.7357,1927,0
20110706,1.7357,1.7357,1.7278,1.7278,2,0
20110707,1.7278,1.7278,1.7278,1.7278,3548,0
20110708,1.7278,1.7278,1.7278,1.7278,1261,0
20110711,1.7278,1.7278,1.6322,1.68,11389,0
20110712,1.68,1.68,1.5526,1.672,39353,0
20110713,1.68,1.68,1.5924,1.672,32512,0
20110714,1.672,1.672,1.672,1.672,6283,0
20110715,1.68,1.68,1.6402,1.672,2974,0
20110718,1.672,1.672,1.5924,1.6402,15465,0
20110719,1.5606,1.6402,1.5606,1.6402,46252,0
20110720,1.5765,1.6402,1.5367,1.5367,38143,0
20110721,1.5526,1.5685,1.4571,1.5685,55607,0
20110722,1.5685,1.6003,1.5685,1.5685,16901,0
20110725,1.5606,1.6243,1.5606,1.5765,14239,0
20110726,1.5606,1.5606,1.5367,1.5446,16981,0
20110727,1.5367,1.5924,1.5367,1.5924,13712,0
20110728,1.5845,1.6641,1.5526,1.6402,36400,0
20110729,1.6322,1.6481,1.5606,1.5606,27382,0
20110801,1.5606,1.5845,1.5526,1.5526,12336,0
20110802,1.6084,1.6162,1.5446,1.6162,21941,0
20110803,1.6162,1.6162,1.5207,1.5685,44077,0
20110804,1.5685,1.6162,1.5128,1.5685,46560,0
20110805,1.465,1.4729,1.3934,1.4729,53991,0
20110808,1.4332,1.5367,1.3536,1.4172,52640,0
20110809,1.3694,1.4172,1.2818,1.3137,34085,0
20110810,1.4172,1.4172,1.2978,1.3217,32927,0
20110811,1.3217,1.3775,1.2262,1.3775,29939,0
20110812,1.3775,1.3934,1.3297,1.3615,39332,0
20110816,1.4013,1.4013,1.3536,1.3694,17348,0
20110817,1.3615,1.4093,1.3615,1.4093,68329,0
20110818,1.4093,1.4093,1.3057,1.3456,12183,0
20110819,1.3536,1.3536,1.2978,1.3456,9220,0
20110822,1.3536,1.3536,1.2978,1.2978,8039,0
20110823,1.3137,1.3137,1.2978,1.3057,5026,0
20110824,1.3137,1.3137,1.3137,1.3137,1226,0
20110825,1.3137,1.3376,1.2978,1.3376,4322,0
20110826,1.3376,1.3376,1.2818,1.2898,543,0
20110829,1.3137,1.3376,1.2818,1.3297,14554,0
20110830,1.3376,1.3376,1.2978,1.3297,2633,0
20110831,1.3536,1.4253,1.3297,1.4172,55044,0
20110901,1.4013,1.4013,1.3536,1.3934,17326,0
20110902,1.3775,1.3775,1.3217,1.3217,11489,0
20110905,1.3137,1.3137,1.2421,1.2421,15008,0
20110906,1.2421,1.3615,1.2421,1.3615,26103,0
20110907,1.3694,1.4172,1.3694,1.4093,44905,0
20110908,1.4093,1.4729,1.3934,1.4411,54291,0
20110909,1.4491,1.4491,1.4013,1.4491,4003,0
20110912,1.4332,1.4332,1.3376,1.4172,20976,0
20110913,1.4013,1.4013,1.2818,1.3536,42985,0
20110914,1.2898,1.4332,1.266,1.3536,157634,0
20110915,1.3137,1.3217,1.2978,1.3217,19158,0
20110916,1.3217,1.3934,1.3137,1.3934,14320,0
20110919,1.4013,1.4013,1.3456,1.3536,17472,0
20110920,1.3456,1.4013,1.3456,1.4013,9303,0
20110921,1.4093,1.4332,1.3694,1.4332,32121,0
20110922,1.4013,1.4093,1.3694,1.4013,27100,0
20110923,1.3934,1.3934,1.3456,1.3934,20255,0
20110926,1.3615,1.3615,1.3456,1.3615,10315,0
20110927,1.3536,1.3775,1.3536,1.3536,19185,0
20110928,1.3456,1.3456,1.3137,1.3376,23241,0
20110929,1.2978,1.3376,1.2978,1.3376,10643,0
20110930,1.3376,1.3376,1.2978,1.3376,7790,0
20111003,1.2978,1.2978,1.2421,1.258,29467,0
20111004,1.258,1.258,1.2182,1.2182,24052,0
20111005,1.2341,1.266,1.2341,1.266,20674,0
20111006,1.2501,1.2898,1.2501,1.2898,49158,0
20111007,1.2898,1.2898,1.2501,1.274,11129,0
20111010,1.2022,1.266,1.2022,1.2341,13940,0
20111011,1.258,1.258,1.2182,1.2421,20093,0
20111012,1.2421,1.2898,1.2421,1.2898,36653,0
20111013,1.2898,1.2898,1.258,1.274,38703,0
20111014,1.274,1.2898,1.2501,1.2898,7223,0
20111017,1.2898,1.3217,1.266,1.3057,31060,0
20111018,1.3057,1.3376,1.2978,1.3057,17876,0
20111019,1.2978,1.3057,1.2978,1.2978,1258,0
20111020,1.3057,1.3853,1.3057,1.3376,17584,0
20111021,1.3376,1.3694,1.3376,1.3694,4315,0
20111024,1.3694,1.5048,1.3694,1.4571,47037,0
20111025,1.4888,1.5287,1.465,1.4729,17711,0
20111026,1.4729,1.4729,1.4491,1.4491,25943,0
20111027,1.4491,1.4729,1.4332,1.4491,13286,0
20111028,1.4571,1.4969,1.4571,1.4729,22410,0
20111031,1.4729,1.4729,1.4093,1.4093,3028,0
20111102,1.3934,1.4172,1.3694,1.4172,20041,0
20111103,1.4093,1.4172,1.3934,1.4172,10289,0
20111104,1.4013,1.4253,1.3775,1.4253,15667,0
20111107,1.4172,1.4491,1.3775,1.4491,14080,0
20111108,1.4491,1.465,1.4411,1.465,14293,0
20111109,1.465,1.5128,1.4332,1.4332,36269,0
20111110,1.4332,1.4729,1.4253,1.4729,9881,0
20111114,1.4729,1.5128,1.4571,1.4729,22118,0
20111115,1.4729,1.4729,1.3934,1.4253,88663,0
20111116,1.4332,1.4332,1.3934,1.4332,8638,0
20111117,1.4571,1.4571,1.4571,1.4571,2,0
20111118,1.4571,1.4571,1.4332,1.4332,3817,0
20111121,1.4571,1.4571,1.3853,1.3853,9979,0
20111122,1.3137,1.4013,1.3137,1.4013,4687,0
20111123,1.4172,1.4172,1.3615,1.4172,531330,0
20111124,1.4332,1.4332,1.3775,1.3775,3552,0
20111125,1.4093,1.4093,1.3775,1.3934,3705,0
20111128,1.3934,1.4571,1.3934,1.4411,38518,0
20111129,1.4491,1.481,1.4411,1.4491,13796,0
20111130,1.4565,1.4821,1.4394,1.4821,5414,0
20111201,1.5048,1.5048,1.4411,1.4411,13227,0
20111202,1.4491,1.5845,1.4491,1.5446,48691,0
20111205,1.5765,1.5924,1.5287,1.5924,30537,0
20111206,1.5924,1.5924,1.5446,1.5845,16850,0
20111207,1.5367,1.5446,1.5367,1.5367,173,0
20111208,1.5367,1.5367,1.5128,1.5128,1761,0
20111209,1.5128,1.5765,1.4969,1.5765,55244,0
20111212,1.5367,1.5367,1.5207,1.5207,13110,0
20111213,1.5207,1.5367,1.5207,1.5207,6722,0
20111214,1.5207,1.5207,1.5207,1.5207,6085,0
20111215,1.5207,1.5207,1.5128,1.5128,3579,0
20111216,1.5128,1.5526,1.5128,1.5128,25671,0
20111219,1.5128,1.5287,1.481,1.5128,22359,0
20111220,1.5207,1.5207,1.4888,1.5207,22055,0
20111221,1.5128,1.5207,1.5128,1.5207,11442,0
20111222,1.5128,1.5287,1.5048,1.5287,7902,0
20111223,1.5367,1.6084,1.5367,1.6084,69991,0
20111227,1.6641,1.6641,1.5924,1.6162,12364,0
20111228,1.6162,1.6959,1.6162,1.6959,49005,0
20111229,1.6879,1.7357,1.6561,1.7197,34218,0
20111230,1.7205,1.7205,1.6694,1.7205,3506,0
20120102,1.7516,1.7516,1.6641,1.6641,1122,0
20120103,1.68,1.7278,1.68,1.7278,1260,0
20120104,1.7278,1.7278,1.6641,1.7038,4901,0
20120105,1.672,1.672,1.6561,1.6641,9428,0
20120109,1.672,1.672,1.6322,1.6322,4255,0
20120110,1.6561,1.6561,1.6561,1.6561,1310,0
20120111,1.6322,1.6322,1.5845,1.6003,30020,0
20120112,1.6003,1.6243,1.5924,1.6243,7509,0
20120113,1.6243,1.6243,1.5924,1.5924,4737,0
20120116,1.5924,1.6084,1.5924,1.6084,1342,0
20120117,1.6084,1.6561,1.6084,1.6243,17842,0
20120118,1.672,1.672,1.5924,1.6402,33334,0
20120119,1.6402,1.6402,1.5924,1.6243,14155,0
20120120,1.6402,1.6561,1.6084,1.6481,480850,0
20120123,1.68,1.68,1.6481,1.672,9520,0
20120124,1.68,1.68,1.6243,1.6243,13342,0
20120125,1.6641,1.6641,1.5924,1.6003,54103,0
20120126,1.6243,1.6481,1.6003,1.6402,35095,0
20120127,1.6561,1.6561,1.5924,1.6322,68214,0
20120130,1.6322,1.7278,1.6322,1.7119,260592,0
20120131,1.7121,1.7376,1.695,1.7376,19979,0
20120201,1.7357,1.8313,1.7357,1.8154,43741,0
20120202,1.8313,1.8631,1.8154,1.8631,20400,0
20120203,1.8313,1.895,1.7915,1.8472,20678,0
20120206,1.879,1.879,1.8711,1.879,4570,0
20120207,1.8711,1.895,1.7994,1.8711,44575,0
20120208,1.8711,1.9825,1.8631,1.9507,105189,0
20120209,1.9666,1.9666,1.9029,1.9347,33975,0
20120210,1.9347,1.9347,1.895,1.9029,9995,0
20120213,1.9029,1.9029,1.879,1.9029,4963,0
20120214,1.887,1.9029,1.879,1.9029,4798,0
20120215,1.9109,1.9347,1.9109,1.9347,35198,0
20120216,1.9347,1.9347,1.9109,1.9268,8795,0
20120217,1.9268,1.9587,1.9189,1.9507,19987,0
20120220,1.9587,1.9747,1.9507,1.9666,13833,0
20120221,1.9587,1.9587,1.9268,1.9428,6191,0
20120222,1.9587,1.9666,1.9268,1.9268,16087,0
20120223,1.9666,1.9666,1.895,1.9109,8060,0
20120224,1.9189,1.9666,1.9189,1.9507,14848,0
20120227,1.9507,1.9507,1.9029,1.9029,26509,0
20120228,1.9109,1.9109,1.9029,1.9029,3613,0
20120229,1.942,1.942,1.8483,1.8994,61348,0
20120301,1.9029,1.9507,1.895,1.895,13331,0
20120302,1.9347,1.9347,1.879,1.895,14621,0
20120305,1.9109,1.9109,1.887,1.9109,1030,0
20120306,1.879,1.879,1.8551,1.8711,3872,0
20120307,1.8313,1.8631,1.8313,1.8631,3997,0
20120308,1.9825,1.9825,1.9109,1.9347,41678,0
20120309,1.9507,1.9507,1.8711,1.9109,6379,0
20120312,1.8711,1.9109,1.8711,1.9109,6698,0
20120313,1.9268,1.9268,1.895,1.9189,1508,0
20120314,1.9268,1.9347,1.9029,1.9347,17516,0
20120315,1.9347,1.9347,1.9268,1.9347,1925,0
20120316,1.9347,2.102,1.9268,2.102,157145,0
20120319,2.102,2.1179,2.0303,2.0382,48855,0
20120320,2.086,2.1179,2.0064,2.0064,25006,0
20120321,2.0064,2.0064,1.8472,1.8472,43076,0
20120322,1.8313,1.8551,1.7676,1.7915,52190,0
20120323,1.7994,1.9507,1.7994,1.9268,49639,0
20120326,1.887,1.895,1.8551,1.895,40272,0
20120327,1.879,1.9507,1.8631,1.9507,22532,0
20120328,1.9507,1.9507,1.8551,1.8631,46460,0
20120329,1.8472,1.8551,1.8392,1.8551,6228,0
20120330,1.8568,1.8568,1.8313,1.8397,30671,0
20120402,1.8313,1.895,1.8313,1.895,22367,0
20120403,1.8711,1.8711,1.8313,1.8392,40636,0
20120404,1.8392,1.8392,1.7994,1.8392,11821,0
20120405,1.8472,1.8472,1.7994,1.7994,8966,0
20120410,1.7596,1.7994,1.7516,1.7994,3572,0
20120411,1.7994,1.8551,1.7755,1.8472,10585,0
20120412,1.8472,1.895,1.8472,1.895,10658,0
20120413,1.895,1.895,1.8313,1.895,18064,0
20120416,1.895,1.895,1.8313,1.8711,4709,0
20120417,1.8313,1.8909,1.8313,1.8909,29749,0
20120418,1.887,1.887,1.8711,1.887,8028,0
20120419,1.887,1.887,1.8631,1.879,28534,0
20120420,1.879,1.9109,1.8711,1.9109,13047,0
20120423,1.895,1.895,1.7915,1.8233,64581,0
20120424,1.7596,1.7835,1.7596,1.7755,4932,0
20120425,1.7915,1.7915,1.7596,1.7596,2275,0
20120426,1.7516,1.7755,1.7516,1.7755,2601,0
20120427,1.7755,1.9347,1.7755,1.9029,44671,0
20120430,1.942,1.942,1.8994,1.8994,4894,0
20120502,1.8711,1.8711,1.8711,1.8711,1508,0
20120504,1.8653,1.8994,1.8057,1.8994,6820,0
20120507,1.8551,1.8551,1.7994,1.8392,9488,0
20120508,1.7516,1.8154,1.7516,1.8154,1833,0
20120509,1.8142,1.8142,1.7887,1.7887,2215,0
20120510,1.7887,1.8397,1.7887,1.8397,2647,0
20120511,1.8397,1.8397,1.7887,1.8313,818,0
20120514,1.7915,1.8233,1.7197,1.7835,10928,0
20120515,1.7676,1.7835,1.7197,1.7676,12687,0
20120516,1.7676,1.7755,1.7596,1.7676,6978,0
20120517,1.7676,1.7676,1.672,1.7119,24473,0
20120518,1.6609,1.7205,1.6609,1.7035,2538,0
20120521,1.7035,1.7546,1.6865,1.729,20242,0
20120522,1.7461,1.7717,1.7461,1.7717,21226,0
20120523,1.7717,1.7887,1.7632,1.7887,14820,0
20120524,1.7632,1.8568,1.7546,1.8568,16742,0
20120525,1.7887,1.8313,1.7887,1.8313,31590,0
20120528,1.8653,1.8653,1.8483,1.8653,14609,0
20120529,1.8653,1.8739,1.8483,1.8739,1434,0
20120530,1.8994,1.8994,1.8483,1.8483,3331,0
20120531,1.8057,1.8397,1.7972,1.8397,6635,0
20120601,1.8397,1.8397,1.8228,1.8228,11567,0
20120604,1.8313,1.8313,1.7632,1.8057,1775,0
20120605,1.729,1.7801,1.729,1.7801,9570,0
20120606,1.7801,1.7801,1.729,1.7801,7484,0
20120608,1.7801,1.7801,1.7461,1.7801,4475,0
20120611,1.7801,1.7801,1.729,1.7801,5881,0
20120612,1.7717,1.8909,1.7461,1.8824,8150,0
20120613,1.8909,1.8909,1.8313,1.8483,2353,0
20120614,1.7972,1.8228,1.7801,1.8228,9333,0
20120615,1.8313,1.8313,1.7717,1.7717,1418,0
20120618,1.7972,1.7972,1.7972,1.7972,2348,0
20120619,1.7632,1.8313,1.7632,1.8313,4698,0
20120620,1.8313,1.8313,1.7632,1.7717,3434,0
20120621,1.7632,1.7717,1.7632,1.7717,1069,0
20120622,1.7972,1.7972,1.7972,1.7972,5690,0
20120625,1.7972,1.8228,1.7972,1.8228,871,0
20120626,1.8228,1.8824,1.8142,1.8653,19574,0
20120627,1.8909,1.8909,1.8909,1.8909,12,0
20120628,1.9164,1.9164,1.8397,1.8994,924,0
20120629,1.9079,1.9079,1.8568,1.8994,2131,0
20120702,1.8909,1.9164,1.8739,1.9164,3676,0
20120703,1.9164,1.9164,1.8739,1.8739,7799,0
20120705,1.8653,1.8739,1.8142,1.8739,1652,0
20120709,1.8739,1.8739,1.7801,1.8313,8000,0
20120710,1.8313,1.9505,1.8313,1.9505,24754,0
20120711,1.959,1.9846,1.9164,1.942,26395,0
20120712,1.8824,1.9164,1.8824,1.9164,11546,0
20120713,1.8568,1.9164,1.8568,1.9164,770,0
20120716,1.8739,1.8994,1.8313,1.8994,1935,0
20120717,1.8739,1.8739,1.8739,1.8739,1762,0
20120718,1.8824,1.8824,1.8057,1.8057,7171,0
20120719,1.8142,1.8397,1.8142,1.8397,10859,0
20120720,1.8653,1.8653,1.8653,1.8653,1,0
20120723,1.8142,1.8142,1.7376,1.7972,9846,0
20120724,1.7972,1.8057,1.7717,1.7887,4582,0
20120725,1.7887,1.7887,1.7887,1.7887,409,0
20120726,1.7972,1.8142,1.6439,1.729,9527,0
20120727,1.7121,1.7376,1.7035,1.7035,11774,0
20120730,1.7205,1.7376,1.7205,1.729,46591,0
20120731,1.7546,1.8228,1.7121,1.8228,20291,0
20120801,1.7887,1.8142,1.7887,1.8142,16982,0
20120802,1.8057,1.8994,1.8057,1.8739,16501,0
20120803,1.8994,1.9505,1.8824,1.9164,26431,0
20120806,1.9505,1.9505,1.9505,1.9505,12,0
20120807,1.8994,1.8994,1.8739,1.8739,778,0
20120808,1.8739,1.8739,1.8739,1.8739,587,0
20120809,1.8739,1.8739,1.8739,1.8739,547,0
20120810,1.8739,1.8739,1.7546,1.7546,18750,0
20120813,1.7546,1.7972,1.7546,1.7972,3347,0
20120814,1.8057,1.8653,1.7461,1.8313,6701,0
20120816,1.8568,1.8568,1.8568,1.8568,23,0
20120817,1.7887,1.8313,1.7546,1.8313,7564,0
20120820,1.8313,1.8313,1.7887,1.8142,826,0
20120821,1.8057,1.8142,1.7887,1.8142,2948,0
20120822,1.8142,1.8142,1.7376,1.7461,18750,0
20120823,1.7035,1.7632,1.7035,1.7632,13968,0
20120824,1.7376,1.7632,1.7205,1.7632,3291,0
20120827,1.7461,1.7461,1.7461,1.7461,476,0
20120828,1.7461,1.7461,1.7035,1.7205,4100,0
20120829,1.729,1.729,1.5757,1.6354,47101,0
20120830,1.6439,1.6439,1.6354,1.6354,2964,0
20120831,1.695,1.7461,1.695,1.7376,32329,0
20120903,1.7376,1.7887,1.7376,1.7461,6487,0
20120904,1.7461,1.7461,1.7035,1.729,7118,0
20120905,1.729,1.7632,1.695,1.7632,9220,0
20120906,1.7717,1.7972,1.7632,1.7887,20612,0
20120907,1.8142,1.8739,1.8142,1.8142,12823,0
20120910,1.8568,1.8568,1.8142,1.8142,1991,0
20120911,1.8142,1.8824,1.8142,1.8653,21748,0
20120912,1.8653,1.925,1.8653,1.925,43410,0
20120913,1.9335,1.9335,1.8739,1.925,2396,0
20120914,1.925,1.9335,1.925,1.925,2445,0
20120917,1.925,1.9505,1.8994,1.9505,128173,0
20120918,1.942,1.9675,1.8994,1.959,205479,0
20120919,1.959,1.959,1.9079,1.9079,3888,0
20120920,1.9675,2.0017,1.942,2.0017,298790,0
20120921,2.0017,2.0272,1.959,1.959,74666,0
20120924,1.959,1.959,1.8909,1.925,7675,0
20120925,1.9505,1.959,1.8483,1.959,42300,0
20120926,1.959,1.959,1.9164,1.9164,9380,0
20120927,1.925,1.942,1.8739,1.942,12795,0
20120928,1.9505,1.9505,1.8909,1.9079,6947,0
20121001,1.8909,1.8909,1.8483,1.8739,12644,0
20121002,1.8909,1.959,1.8653,1.9335,42017,0
20121003,1.9335,1.9335,1.8824,1.9079,4541,0
20121004,1.9079,1.9335,1.8739,1.9335,11647,0
20121005,1.9335,1.959,1.9164,1.959,5740,0
20121008,1.959,1.959,1.925,1.959,10914,0
20121009,1.959,2.0186,1.925,2.0017,44912,0
20121010,2.0272,2.0357,1.959,2.0357,11627,0
20121011,2.0357,2.0442,1.9931,2.0357,16109,0
20121012,1.959,2.0442,1.959,2.0272,45301,0
20121015,2.0272,2.0357,1.959,2.0357,25876,0
20121016,2.0527,2.0527,1.9761,1.9761,308,0
20121017,1.9761,1.9761,1.9675,1.9761,10967,0
20121018,1.9761,2.0357,1.9761,2.0357,4731,0
20121019,2.0527,2.0613,1.9931,2.0613,1393,0
20121022,2.0357,2.0357,2.0017,2.0357,10359,0
20121023,1.9675,2.0442,1.9675,2.0442,98322,0
20121024,2.0442,2.0442,1.9846,1.9846,1175,0
20121026,1.9846,1.9846,1.959,1.9846,1878,0
20121029,1.9846,2.0101,1.9505,2.0101,22714,0
20121030,2.0272,2.0272,1.9675,2.0017,14192,0
20121031,2.0357,2.0442,1.9931,2.0272,11181,0
20121102,2.0272,2.0272,2.0017,2.0186,2644,0
20121105,2.0272,2.0272,2.0017,2.0272,5287,0
20121106,2.0017,2.0186,2.0017,2.0186,5893,0
20121107,2.0442,2.0442,2.0272,2.0442,13386,0
20121108,1.9931,2.0442,1.9931,2.0357,3905,0
20121109,2.0272,2.1209,2.0272,2.0357,19841,0
20121112,2.0442,2.0442,2.0101,2.0442,8610,0
20121113,2.0101,2.0868,2.0101,2.0868,5979,0
20121114,2.0868,2.2402,2.0868,2.2146,90671,0
20121115,2.206,2.206,2.1549,2.189,3269,0
20121116,2.1379,2.1975,2.1379,2.1975,121730,0
20121119,2.189,2.206,2.1805,2.1805,15314,0
20121120,2.172,2.2146,2.1464,2.2146,31013,0
20121121,2.2316,2.3593,2.2146,2.3593,38253,0
20121122,2.3678,2.4531,2.3423,2.3934,60255,0
20121123,2.436,2.4531,2.2742,2.3764,20191,0
20121126,2.4275,2.4275,2.3764,2.3764,8016,0
20121127,2.3593,2.4189,2.3253,2.4189,42572,0
20121128,2.4275,2.4275,2.3423,2.3423,4228,0
20121129,2.3253,2.3253,2.2657,2.2657,2148,0
20121130,2.2742,2.2742,2.2402,2.2402,9236,0
20121203,2.2402,2.2402,2.2231,2.2402,4370,0
20121204,2.2402,2.2997,2.2402,2.2997,3801,0
20121205,2.3253,2.4275,2.2742,2.3423,21242,0
20121206,2.3167,2.3678,2.3167,2.3678,3338,0
20121207,2.3934,2.4275,2.3934,2.4275,9111,0
20121210,2.402,2.4105,2.3423,2.3849,12860,0
20121211,2.3593,2.3849,2.3509,2.3593,9445,0
20121212,2.3678,2.3849,2.3593,2.3764,25020,0
20121213,2.3849,2.6234,2.3849,2.5552,346458,0
20121214,2.5552,2.683,2.5127,2.5638,1018716,0
20121217,2.6405,2.6489,2.5552,2.5552,122321,0
20121218,2.5808,2.5808,2.5127,2.5127,114932,0
20121219,2.5127,2.6149,2.5042,2.5808,50172,0
20121220,2.5894,2.5978,2.5638,2.5638,20548,0
20121221,2.5638,2.5638,2.5212,2.5382,34307,0
20121227,2.5212,2.5894,2.5042,2.5382,19849,0
20121228,2.5552,2.5894,2.5127,2.5552,20931,0
20130102,2.5552,2.7341,2.5552,2.7341,34314,0
20130103,2.7341,2.7341,2.6916,2.7341,26704,0
20130104,2.7256,2.7341,2.6405,2.666,22790,0
20130107,2.683,2.7341,2.5638,2.6319,56319,0
20130108,2.5978,2.6405,2.5723,2.6063,73788,0
20130109,2.6149,2.666,2.5978,2.666,15698,0
20130110,2.683,2.7171,2.666,2.683,84551,0
20130111,2.7085,2.8023,2.7085,2.7767,80458,0
20130114,2.8108,2.8704,2.7682,2.7682,98833,0
20130115,2.7682,2.7682,2.683,2.7256,44805,0
20130116,2.7256,2.7256,2.6916,2.7256,470,0
20130117,2.7256,2.7682,2.7085,2.7682,11597,0
20130118,2.7341,2.9641,2.7341,2.9215,102814,0
20130121,2.9215,2.9556,2.879,2.9215,16705,0
20130122,2.8959,2.9301,2.7767,2.8704,128322,0
20130123,2.8704,2.8704,2.7852,2.8023,108742,0
20130124,2.8108,2.8278,2.7767,2.8108,130777,0
20130125,2.8108,2.8363,2.7341,2.7852,33876,0
20130128,2.7512,2.7682,2.5723,2.6489,107523,0
20130129,2.6745,2.7597,2.6745,2.7341,11258,0
20130130,2.7256,2.7597,2.6916,2.7512,28541,0
20130131,2.7001,2.7256,2.5894,2.6319,119628,0
20130201,2.6063,2.6489,2.4701,2.5042,150131,0
20130204,2.5297,2.5552,2.5212,2.5552,41347,0
20130205,2.5552,2.5552,2.5212,2.5467,18208,0
20130206,2.5467,2.5467,2.5127,2.5127,70862,0
20130207,2.5382,2.5382,2.3082,2.3849,70486,0
20130208,2.3849,2.4956,2.3593,2.4701,22191,0
20130211,2.4701,2.5552,2.4701,2.5552,16614,0
20130212,2.5552,2.6234,2.4786,2.5382,32140,0
20130213,2.5042,2.5042,2.3082,2.4105,31565,0
20130214,2.3849,2.4956,2.3338,2.4956,60205,0
20130215,2.4701,2.4956,2.4701,2.4956,7492,0
20130218,2.4956,2.4956,2.4275,2.4701,22704,0
20130219,2.4701,2.4871,2.4275,2.4871,7658,0
20130220,2.4871,2.5297,2.3423,2.3678,55092,0
20130221,2.3849,2.3849,2.3082,2.3253,25558,0
20130222,2.3253,2.3849,2.3082,2.3849,14496,0
20130225,2.3849,2.5723,2.3849,2.5552,51411,0
20130226,2.5552,2.5894,2.402,2.4701,9082,0
20130227,2.5297,2.5297,2.4531,2.5297,9661,0
20130228,2.4656,2.6437,2.4656,2.5594,44375,0
20130301,2.5808,2.5894,2.5467,2.5467,16373,0
20130304,2.5467,2.5467,2.5212,2.5212,6599,0
20130305,2.5212,2.6916,2.5127,2.683,58556,0
20130306,2.683,2.683,2.6234,2.666,12329,0
20130307,2.683,2.6916,2.666,2.6916,10775,0
20130308,2.7085,2.7256,2.7001,2.7085,14650,0
20130311,2.7085,2.7085,2.6405,2.6405,13104,0
20130312,2.6489,2.7085,2.6489,2.666,33789,0
20130313,2.6574,2.683,2.5808,2.6574,41484,0
20130314,2.6063,2.683,2.5127,2.6319,56419,0
20130315,2.6319,2.683,2.6319,2.6489,25328,0
20130318,2.5552,2.6319,2.5467,2.6149,12012,0
20130319,2.6149,2.666,2.5978,2.666,11372,0
20130320,2.6489,2.6489,2.6234,2.6405,5734,0
20130321,2.683,2.7256,2.5894,2.683,75728,0
20130322,2.683,2.683,2.5467,2.666,50916,0
20130325,2.6405,2.7597,2.5894,2.5978,62836,0
20130326,2.6063,2.6063,2.3849,2.5467,85531,0
20130327,2.5978,2.5978,2.4956,2.5894,46046,0
20130328,2.5723,2.5723,2.436,2.5552,89542,0
20130402,2.5552,2.5723,2.4956,2.5552,11106,0
20130403,2.5552,2.5552,2.5297,2.5382,69442,0
20130404,2.5552,2.5552,2.4701,2.5297,19991,0
20130405,2.5894,2.5894,2.5297,2.5552,16188,0
20130408,2.5638,2.5638,2.5127,2.5127,8491,0
20130409,2.5127,2.5467,2.5042,2.5467,4004,0
20130410,2.5467,2.5552,2.5467,2.5552,5013,0
20130411,2.5552,2.5552,2.5212,2.5552,34171,0
20130412,2.5552,2.5808,2.5382,2.5723,6677,0
20130415,2.5638,2.5638,2.5297,2.5297,15782,0
20130417,2.5594,2.5594,2.3812,2.3812,41262,0
20130418,2.3849,2.3934,2.2146,2.2997,46960,0
20130419,2.2486,2.3764,2.2146,2.3593,25783,0
20130422,2.2997,2.3593,2.2997,2.3082,15025,0
20130423,2.2997,2.3167,2.2827,2.2997,23028,0
20130424,2.3167,2.3593,2.3167,2.3509,18342,0
20130425,2.3423,2.4189,2.3423,2.4189,217246,0
20130426,2.3906,2.4281,2.3437,2.3812,32076,0
20130429,2.3849,2.3849,2.3423,2.3678,4987,0
20130430,2.3812,2.3812,2.3719,2.3812,33536,0
20130502,2.3812,2.3812,2.3531,2.3531,4835,0
20130506,2.3678,2.4616,2.3678,2.4275,161270,0
20130507,2.4375,2.55,2.4375,2.4375,28054,0
20130508,2.475,2.5125,2.4656,2.5125,12400,0
20130509,2.5781,2.7094,2.5781,2.7094,111770,0
20130510,2.7281,2.7656,2.7281,2.7562,73859,0
20130513,2.7562,2.7562,2.7,2.7469,45289,0
20130514,2.7937,2.7937,2.7375,2.7562,55135,0
20130515,2.6906,2.7937,2.6625,2.7469,117746,0
20130516,2.775,2.8031,2.7469,2.7937,52093,0
20130517,2.9062,2.9719,2.8125,2.9156,65814,0
20130520,2.9062,2.925,2.8969,2.8969,7639,0
20130521,2.8969,3.0656,2.8969,3.0281,331510,0
20130522,2.925,3.1406,2.925,3.1406,80039,0
20130523,3.0469,3.0844,3.0375,3.0844,37647,0
20130524,3.0281,3.0469,3.0094,3.0094,2278,0
20130527,3,3.0562,2.9531,2.9531,28939,0
20130528,2.9437,3.0562,2.9344,3.0562,56821,0
20130529,3.0469,3.0469,3,3.0375,3590,0
20130531,3.0375,3.0562,2.9719,3.0562,15738,0
20130603,3.0469,3.0469,2.9625,3.0469,16813,0
20130604,2.9812,3.0562,2.9812,3.0469,6700,0
20130605,3.0469,3.075,3,3.0656,20326,0
20130606,3.0375,3.0656,3.0375,3.0469,17493,0
20130607,3.0469,3.1031,3.0469,3.0937,13529,0
20130610,3.0937,3.2156,3.0937,3.2156,51200,0
20130611,3.2062,3.2062,3.1875,3.1875,5601,0
20130612,3.1875,3.1875,3.1406,3.1875,8813,0
20130613,3.1875,3.1875,3.1406,3.1781,4113,0
20130614,3.15,3.1875,3,3,32486,0
20130617,3.0844,3.2625,3.075,3.2344,53621,0
20130618,3.2344,3.3187,3.1969,3.3187,60270,0
20130619,3.3281,3.45,3.3281,3.4125,26692,0
20130620,3.4219,3.4219,3.2344,3.2344,32471,0
20130621,3.2344,3.2812,3.2344,3.2344,33295,0
20130624,3.2906,3.2906,3,3.0469,42065,0
20130625,3.0844,3.1406,3.0844,3.1125,40259,0
20130626,3.0937,3.1219,3.0469,3.1219,16739,0
20130627,3.1219,3.3281,3.1219,3.1969,22189,0
20130628,3.1781,3.1781,3.0469,3.075,29913,0
20130701,3.0656,3.1875,3.0656,3.1875,13749,0
20130702,3.2344,3.2344,3.1031,3.15,11524,0
20130703,3.1406,3.2344,3.1406,3.2344,5232,0
20130704,3.2344,3.2719,3.1687,3.1687,23146,0
20130705,3.1781,3.225,3.1781,3.225,1376,0
20130708,3.1875,3.225,3.1781,3.225,2313,0
20130709,3.225,3.225,3.1781,3.1875,1827,0
20130710,3.2344,3.2344,3.1781,3.1781,720,0
20130711,3.1781,3.2062,3.1781,3.2062,1166,0
20130712,3.2062,3.2062,3.2062,3.2062,188,0
20130715,3.225,3.225,3.2062,3.2156,1639,0
20130716,3.1875,3.1875,3.1687,3.1875,5772,0
20130717,3.1875,3.1875,3.1687,3.1875,3946,0
20130718,3.1781,3.1875,3.1687,3.1875,3408,0
20130719,3.1875,3.1875,3.1687,3.1875,10503,0
20130722,3.1875,3.1875,3.1594,3.1875,1641,0
20130723,3.1875,3.1875,3.1781,3.1781,3104,0
20130724,3.1312,3.1312,2.8875,3.0937,77164,0
20130725,3.0281,3.1125,3.0281,3.1125,9712,0
20130726,3.1125,3.1875,3.075,3.1406,15516,0
20130729,3.0844,3.1875,3.0844,3.1875,16758,0
20130730,3.1875,3.2719,3.1875,3.1875,24802,0
20130731,3.1875,3.2062,3.1031,3.1875,9251,0
20130801,3.15,3.1875,3.15,3.1875,3414,0
20130802,3.1312,3.2625,3.1219,3.2625,16681,0
20130805,3.2625,3.2719,3.2344,3.2344,8135,0
20130806,3.2344,3.2719,3.2344,3.2344,16222,0
20130807,3.2437,3.2437,3.15,3.1875,9917,0
20130808,3.1969,3.2625,3.0844,3.225,16893,0
20130809,3.225,3.2719,3.1875,3.2531,13750,0
20130812,3.2625,3.3937,3.2625,3.375,113759,0
20130813,3.3937,3.45,3.3844,3.4031,19338,0
20130814,3.45,3.6187,3.4219,3.5156,65826,0
20130816,3.4969,3.4969,3.4312,3.4594,4759,0
20130819,3.6375,3.6375,3.2812,3.3187,36959,0
20130820,3.2812,3.3094,3,3.2344,29184,0
20130821,3.2344,3.375,3.2344,3.3,4507,0
20130822,3.3094,3.45,3.3094,3.45,7601,0
20130823,3.4406,3.4406,3.3562,3.3562,3347,0
20130826,3.3375,3.3656,3.3187,3.3469,1607,0
20130827,3.3656,3.3937,3.3375,3.3469,9558,0
20130828,3.3469,3.3469,3.3469,3.3469,357,0
20130829,3.375,3.375,3.3,3.3656,2801,0
20130830,3.375,3.375,3.1125,3.2812,76297,0
20130902,3.3375,3.3375,3.3094,3.3187,831,0
20130903,3.3281,3.3281,3.2156,3.2812,5305,0
20130904,3.3,3.3187,3.2812,3.2812,1492,0
20130905,3.1969,3.1969,2.925,3.075,47237,0
20130906,3.0937,3.1781,3.0562,3.1781,6048,0
20130909,3.1781,3.225,3.1406,3.225,12211,0
20130910,3.225,3.2437,3.225,3.2437,1925,0
20130911,3.225,3.2437,3.1875,3.225,4811,0
20130912,3.2437,3.2437,3.1875,3.2437,6854,0
20130913,3.2344,3.2344,3.0937,3.225,8714,0
20130916,3.225,3.3562,3.225,3.3562,37554,0
20130917,3.3562,3.3562,3.2906,3.3375,1715,0
20130918,3.3469,3.3469,3.3375,3.3469,3148,0
20130919,3.3469,3.3562,3.3375,3.3562,33981,0
20130920,3.3375,3.3562,3.3281,3.3281,3565,0
20130923,3.3,3.3562,3.3,3.3281,10833,0
20130924,3.3,3.3,3.2812,3.2906,299,0
20130925,3.2906,3.3469,3.2906,3.3469,12865,0
20130926,3.3469,3.3469,3.3,3.3469,29568,0
20130927,3.3469,3.4219,3.3281,3.4219,39632,0
20130930,3.4219,3.4594,3.3844,3.4594,8859,0
20131001,3.4594,3.525,3.4594,3.525,17326,0
20131002,3.525,3.6187,3.5156,3.5625,71155,0
20131003,3.5812,3.6469,3.5812,3.6375,4474,0
20131004,3.6,3.6,3.5062,3.5906,20079,0
20131007,3.5719,3.6375,3.5719,3.6094,4449,0
20131008,3.6375,3.6375,3.5812,3.6094,2797,0
20131009,3.6281,3.6281,3.5719,3.6187,10630,0
20131010,3.6094,3.6094,3.4969,3.4969,18261,0
20131011,3.4969,3.5156,3.4687,3.4781,19100,0
20131014,3.4406,3.5062,3.4406,3.5062,7145,0
20131015,3.5062,3.5625,3.5062,3.5156,32000,0
20131016,3.5156,3.75,3.4875,3.75,134639,0
20131017,3.75,3.75,3.6937,3.75,15570,0
20131018,3.75,3.9281,3.7219,3.8906,17805,0
20131021,3.8437,3.8906,3.8156,3.8625,5371,0
20131022,3.8719,3.8719,3.7687,3.825,9760,0
20131023,3.8062,3.8156,3.8062,3.8156,14074,0
20131024,3.8531,3.8625,3.75,3.7969,22213,0
20131025,3.75,3.7687,3.4969,3.6094,146149,0
20131028,3.6094,3.7875,3.6094,3.7875,98027,0
20131029,3.7875,3.8625,3.75,3.8437,8414,0
20131030,3.8625,3.8625,3.7687,3.825,18729,0
20131031,3.825,3.8812,3.825,3.8719,8921,0
20131104,3.8906,4.0312,3.8906,3.9844,15209,0
20131105,4.0031,4.0594,4.0031,4.05,19298,0
20131106,4.0594,4.0594,3.9937,3.9937,16460,0
20131107,3.9937,4.0125,3.9844,4.0125,7387,0
20131108,3.975,4.0125,3.9375,4.0125,17579,0
20131112,4.05,4.05,3.9469,4.0219,41935,0
20131113,4.0312,4.0312,3.9375,3.9844,4431,0
20131114,3.9844,4.0125,3.9562,4.0125,4290,0
20131115,4.0125,4.2469,4.0125,4.1344,13731,0
20131118,4.1719,4.1719,3.9844,4.0406,18421,0
20131119,4.0406,4.125,4.0312,4.0687,9199,0
20131120,4.1062,4.2562,4.1062,4.2562,7554,0
20131121,4.1437,4.4156,4.1437,4.4156,15500,0
20131122,4.3125,4.5,4.3125,4.4437,6692,0
20131125,4.4062,4.425,4.2937,4.3125,11026,0
20131126,4.3125,4.3125,4.1344,4.2844,16142,0
20131127,4.2844,4.3875,4.2656,4.3594,3863,0
20131128,4.3594,4.4062,4.3594,4.4062,982,0
20131129,4.4062,4.4344,4.3312,4.4344,16731,0
20131202,4.425,4.4344,4.3781,4.425,914,0
20131203,4.3687,4.3781,4.2187,4.2844,17541,0
20131204,4.2937,4.2937,4.2094,4.2375,26524,0
20131205,4.2656,4.2656,4.2281,4.2281,5073,0
20131206,4.2187,4.3031,4.2187,4.3031,2748,0
20131209,4.2281,4.3125,4.2281,4.3031,9698,0
20131210,4.3031,4.3125,4.1625,4.1625,15855,0
20131211,4.2094,4.2094,4.1344,4.1719,1814,0
20131212,4.2094,4.2094,3.975,4.05,8981,0
20131213,4.0406,4.0406,3.9656,3.9656,21404,0
20131216,3.8719,3.9281,3.8531,3.8531,30853,0
20131217,3.8719,3.9281,3.75,3.7969,10446,0
20131218,3.7875,3.9375,3.7875,3.9375,9136,0
20131219,3.9375,3.9375,3.9187,3.9375,8093,0
20131220,3.975,3.975,3.7031,3.8344,84602,0
20131223,3.8531,3.9562,3.8344,3.8625,54674,0
20131227,3.8719,4.0125,3.8719,4.0125,10844,0
20131230,4.0125,4.1062,4.0125,4.0594,7628,0
20140102,4.1062,4.1625,4.0781,4.0781,11833,0
20140103,4.1156,4.1156,4.0781,4.0781,7890,0
20140107,4.1156,4.1156,3.9656,4.0875,5009,0
20140108,4.0687,4.0687,3.8437,4.0219,8173,0
20140109,4.0312,4.0594,4.0219,4.0312,16203,0
20140110,4.0594,4.0594,3.9094,3.9094,2187,0
20140113,3.9281,4.0031,3.9281,3.9844,5044,0
20140114,3.9375,3.9656,3.9375,3.9375,3294,0
20140115,3.9375,4.0781,3.9375,4.0312,9523,0
20140116,4.0594,4.0875,4.0312,4.0312,3621,0
20140117,4.0781,4.0781,4.05,4.0781,3466,0
20140120,4.0781,4.0781,4.0219,4.0312,6791,0
20140121,4.0312,4.0875,4.0312,4.0312,8570,0
20140122,4.0312,4.1062,4.0312,4.1062,8801,0
20140123,4.1156,4.1156,4.0875,4.1062,7283,0
20140124,4.1062,4.125,4.0312,4.1062,2139,0
20140127,4.0781,4.0781,3.9469,4.05,10237,0
20140128,4.05,4.05,4.0219,4.0312,7404,0
20140129,4.05,4.0594,4.0312,4.0406,5395,0
20140130,4.0594,4.1062,4.0125,4.1062,4064,0
20140131,4.1062,4.1156,4.0687,4.1156,1964,0
20140203,4.1156,4.2,4.1156,4.1437,7090,0
20140204,4.1719,4.1719,4.0687,4.0781,7531,0
20140205,4.0781,4.0875,4.0781,4.0875,8395,0
20140206,4.0875,4.2656,4.0875,4.2656,8162,0
20140207,4.2656,4.2844,4.2281,4.2844,15535,0
20140210,4.2937,4.4062,4.2937,4.3781,15776,0
20140211,4.4156,4.4344,4.4062,4.4344,2439,0
20140212,4.4344,4.4531,4.4062,4.4062,18496,0
20140213,4.4062,4.4437,4.3594,4.4437,13526,0
20140214,4.4437,4.4437,4.425,4.4344,277,0
20140217,4.3969,4.4344,4.3969,4.4344,4325,0
20140218,4.4531,4.65,4.4437,4.575,130015,0
20140219,4.5937,4.6031,4.4719,4.4719,45235,0
20140220,4.4812,4.6031,4.4531,4.4625,22349,0
20140221,4.4625,4.5469,4.4625,4.5469,13039,0
20140224,4.6594,4.6594,4.5937,4.5937,18144,0
20140225,4.5937,4.6875,4.575,4.5844,18911,0
20140226,4.6125,4.6125,4.5469,4.5937,15799,0
20140227,4.5937,4.5937,4.5187,4.575,134578,0
20140228,4.5937,4.6031,4.4812,4.5937,19017,0
20140303,4.1719,4.4344,4.125,4.2844,63664,0
20140304,4.2187,4.5,4.2187,4.4062,21220,0
20140305,4.5,4.5375,4.4344,4.5094,15316,0
20140306,4.5281,4.5281,4.4062,4.5281,28374,0
20140307,4.5281,4.5281,4.4062,4.4062,2724,0
20140310,4.3875,4.3969,4.3594,4.3594,3564,0
20140311,4.3312,4.3312,4.2187,4.2375,9577,0
20140312,4.3125,4.3125,4.125,4.125,10156,0
20140313,4.125,4.2656,4.125,4.125,3978,0
20140314,4.1531,4.1531,3.8344,3.9281,28833,0
20140317,3.9187,4.0687,3.9094,3.9562,22989,0
20140318,4.0781,4.2562,4.0781,4.2469,30010,0
20140319,4.3125,4.4437,4.3125,4.3687,53780,0
20140320,4.3594,4.5281,4.3594,4.4906,21153,0
20140321,4.4906,4.4906,4.3781,4.3969,6487,0
20140324,4.425,4.4719,4.3875,4.3875,9102,0
20140325,4.425,4.425,4.35,4.4062,7522,0
20140326,4.4437,4.5469,4.4344,4.5375,60066,0
20140327,4.5,4.5562,4.5,4.5,19503,0
20140328,4.5187,4.5187,4.3594,4.3687,21683,0
20140331,4.4437,4.5469,4.4062,4.4906,46217,0
20140401,4.5,4.5,4.4625,4.5,11248,0
20140402,4.5,4.5469,4.4812,4.5469,23342,0
20140403,4.5562,4.5562,4.5187,4.5469,2590,0
20140404,4.575,4.575,4.5094,4.5562,19595,0
20140407,4.5281,4.5281,4.4625,4.5281,6450,0
20140408,4.5375,4.5375,4.4437,4.4531,3084,0
20140409,4.5,4.5,4.4062,4.4062,10630,0
20140410,4.4437,4.4437,4.3969,4.4062,4258,0
20140411,4.4062,4.4062,4.3781,4.4062,10775,0
20140414,4.4062,4.4062,4.3125,4.3312,12967,0
20140415,4.3406,4.3687,4.3125,4.3125,6235,0
20140416,4.3125,4.35,4.3125,4.3125,6075,0
20140417,4.3125,4.3219,4.3031,4.3031,14180,0
20140422,4.35,4.4062,4.3406,4.4062,9097,0
20140423,4.4062,4.5,4.4062,4.5,8235,0
20140424,4.5,4.5187,4.4531,4.4906,25814,0
20140425,4.4812,4.5,4.4531,4.4531,6063,0
20140428,4.4531,4.4906,4.4531,4.4906,4246,0
20140429,4.4906,4.5187,4.4906,4.5187,29998,0
20140430,4.5187,4.5469,4.4906,4.5469,19585,0
20140502,4.575,4.575,4.5281,4.5375,9322,0
20140505,4.5375,4.5656,4.5,4.5,35977,0
20140506,4.5,4.5563,4.5,4.5,22445,0
20140507,4.58,4.58,4.32,4.46,16264,0
20140508,4.43,4.46,4.26,4.29,10633,0
20140509,4.33,4.36,4.14,4.22,8142,0
20140512,4.1,4.27,4,4.12,17177,0
20140513,4.05,4.2,4.05,4.19,8188,0
20140514,4.2,4.2,4.1,4.19,8973,0
20140515,4.19,4.2,4.19,4.2,2202,0
20140516,4.19,4.27,4,4.2,12461,0
20140519,4.26,4.27,4.26,4.27,8166,0
20140520,4.21,4.23,4.18,4.18,4898,0
20140521,4.26,4.26,4.07,4.16,2127,0
20140522,4.2,4.2,4.18,4.18,1501,0
20140523,4.18,4.3,4.18,4.18,16621,0
20140526,4.18,4.3,4.18,4.3,3922,0
20140527,4.3,4.48,4.22,4.35,14080,0
20140528,4.35,4.47,4.35,4.4,9487,0
20140529,4.41,4.41,4.23,4.4,8824,0
20140530,4.39,4.5,4.39,4.5,13759,0
20140602,4.5,4.5,4.4,4.4,20971,0
20140603,4.26,4.39,4.2,4.38,11499,0
20140604,4.36,4.36,4.22,4.22,3306,0
20140605,4.21,4.32,4.21,4.31,4218,0
20140606,4.24,4.31,4.21,4.28,10204,0
20140609,4.28,4.32,4.26,4.27,2932,0
20140610,4.27,4.35,4.26,4.35,1635,0
20140611,4.36,4.36,4.21,4.22,19336,0
20140612,4.23,4.29,4.23,4.25,2721,0
20140613,4.25,4.26,4.23,4.23,2074,0
