Date,Open,High,Low,Close,Volume,OpenInt
20090625,51.261,53.317,50.348,52.541,3701181,0
20090626,52.952,55.739,52.952,53.637,485791,0
20090629,54.596,54.734,53.637,54.368,92411,0
20090630,54.825,56.15,54.825,55.693,200798,0
20090701,54.916,56.013,54.916,55.602,61102,0
20090702,55.739,55.739,53.454,53.82,152800,0
20090703,52.906,53.637,52.541,52.997,38281,0
20090706,52.541,53.728,50.804,53.226,73041,0
20090707,52.952,53.089,52.449,52.997,137085,0
20090708,52.449,52.769,51.353,52.358,10955,0
20090709,52.129,52.997,52.084,52.541,154149,0
20090710,52.586,52.997,52.449,52.541,99699,0
20090713,51.17,52.541,51.17,52.084,6352,0
20090714,52.449,53.911,52.266,53.911,18151,0
20090715,53.911,55.327,53.911,55.282,31402,0
20090716,54.825,55.739,54.825,55.282,66312,0
20090717,55.282,55.739,54.916,55.373,17205,0
20090720,55.282,56.104,54.459,56.104,35903,0
20090721,55.739,56.424,54.871,56.15,16610,0
20090722,54.871,56.104,54.871,55.83,95225,0
20090723,55.739,57.749,55.282,57.338,37903,0
20090724,57.749,62.592,57.383,61.13,51377,0
20090727,62.318,63.917,60.353,61.678,69915,0
20090728,62.135,62.135,60.856,61.13,65934,0
20090729,60.581,62.135,60.307,62.135,53363,0
20090730,62.181,62.546,62.135,62.455,35305,0
20090731,63.003,63.049,62.546,63.049,69862,0
20090803,63.231,63.78,62.135,62.592,43580,0
20090804,63.14,63.14,60.81,61.724,29367,0
20090805,61.313,61.724,61.221,61.221,27735,0
20090806,61.313,61.404,60.856,61.404,42499,0
20090807,60.856,63.597,60.856,63.506,9972,0
20090810,63.506,63.962,62.409,63.962,18499,0
20090811,63.506,65.333,63.506,63.962,21526,0
20090812,63.506,63.506,62.043,63.506,22736,0
20090813,63.506,66.658,63.506,66.247,41183,0
20090814,66.704,66.704,65.881,65.881,14914,0
20090817,64.785,64.785,63.597,63.962,13480,0
20090818,63.962,63.962,63.049,63.688,27345,0
20090819,65.15,65.15,63.414,64.876,2189,0
20090820,64.876,65.79,64.876,65.79,4146,0
20090821,66.247,66.704,65.15,66.704,41520,0
20090824,66.704,66.704,65.607,65.79,22139,0
20090825,66.612,66.612,63.825,64.237,41671,0
20090826,64.237,65.333,63.78,63.871,10521,0
20090827,63.78,63.962,62.82,63.962,96400,0
20090828,63.962,65.333,63.962,64.693,16254,0
20090831,64.693,65.15,63.78,65.15,5111,0
20090901,64.876,65.607,62.226,63.78,7904,0
20090902,62.226,62.226,60.307,61.678,21736,0
20090903,60.856,63.049,60.856,62.957,4610,0
20090904,62.957,63.962,61.404,63.049,34499,0
20090907,61.952,63.049,61.952,62.226,14177,0
20090908,63.871,63.871,60.764,61.176,56218,0
20090909,61.176,61.176,59.851,60.307,41556,0
20090910,60.353,61.678,57.658,58.663,38644,0
20090911,59.394,60.307,58.937,60.307,15958,0
20090914,60.033,60.033,57.932,58.206,34944,0
20090915,58.571,59.851,58.571,58.937,24270,0
20090916,59.851,60.49,59.394,60.49,11226,0
20090917,60.81,62.957,60.81,62.775,18758,0
20090918,62.181,63.78,62.135,63.78,10379,0
20090921,63.049,65.333,63.049,64.968,18251,0
20090922,64.054,67.161,64.054,67.161,121419,0
20090923,66.704,67.526,65.333,67.161,11144,0
20090924,66.018,67.617,66.018,67.526,17277,0
20090925,66.704,67.161,65.927,67.161,7414,0
20090928,66.064,67.206,66.064,67.206,12263,0
20090929,67.206,67.206,66.704,67.161,54355,0
20090930,66.11,67.435,66.064,67.343,10826,0
20091001,67.343,67.435,66.293,66.749,6302,0
20091002,66.247,67.343,65.79,67.343,9487,0
20091005,66.704,68.485,66.612,67.526,29674,0
20091006,68.074,68.531,67.526,68.485,8893,0
20091007,68.531,68.531,66.064,68.074,3685,0
20091008,67.617,67.937,66.338,67.892,4999,0
20091009,67.983,69.628,67.161,68.531,19722,0
20091012,68.897,70.816,67.617,70.816,22473,0
20091013,71.09,71.09,68.623,69.491,10388,0
20091014,69.902,69.902,69.354,69.902,127658,0
20091015,70.267,70.267,68.577,69.582,39941,0
20091016,69.171,69.445,68.577,68.988,3911,0
20091019,69.354,69.354,66.704,68.074,4738,0
20091020,67.526,68.074,65.516,67.343,18009,0
20091021,67.161,67.617,65.607,67.617,7500,0
20091022,65.79,68.074,65.79,68.074,50398,0
20091023,67.617,67.617,67.161,67.617,16268,0
20091026,66.749,68.531,66.704,68.531,2305,0
20091027,67.617,67.617,66.978,67.526,3153,0
20091028,68.988,69.902,67.252,67.617,12870,0
20091029,67.617,68.805,67.161,68.805,9869,0
20091030,68.988,68.988,68.074,68.988,12560,0
20091102,68.942,69.445,68.714,69.445,2231,0
20091103,69.445,69.445,68.531,68.942,2117,0
20091104,68.942,68.942,68.029,68.074,3825,0
20091105,67.617,68.029,67.389,67.617,6286,0
20091106,67.617,68.531,66.704,66.704,9729,0
20091109,67.161,68.074,66.612,68.074,8260,0
20091110,68.531,69.399,68.303,68.531,46506,0
20091112,68.531,68.988,68.44,68.805,5997,0
20091113,68.897,68.988,67.617,68.074,8311,0
20091116,68.531,68.623,68.166,68.531,1128,0
20091117,68.12,68.12,67.115,67.617,5692,0
20091118,67.617,67.617,66.704,67.161,6732,0
20091119,67.023,67.023,66.338,66.841,3086,0
20091120,66.704,67.48,66.521,67.48,1705,0
20091123,67.48,67.48,66.338,66.612,10049,0
20091124,66.247,66.521,64.328,64.876,42236,0
20091125,64.83,64.968,63.688,64.876,3072,0
20091126,65.242,65.242,63.506,63.506,8868,0
20091127,61.495,63.871,61.313,63.871,2523,0
20091130,63.871,65.242,63.688,64.785,12247,0
20091201,65.607,65.607,64.419,64.419,4481,0
20091202,64.876,65.516,64.648,64.693,331434,0
20091203,65.744,65.744,64.876,64.876,12176,0
20091204,65.607,65.607,63.917,63.917,2141,0
20091207,63.962,65.333,63.917,63.917,966,0
20091208,63.871,64.876,63.049,64.876,1935661,0
20091209,64.83,64.83,63.414,63.688,3888,0
20091210,63.917,64.374,63.414,63.414,56855,0
20091211,63.962,63.962,63.597,63.917,22797,0
20091214,63.962,64.008,63.506,63.962,18263,0
20091215,64.054,64.237,64.008,64.054,17236,0
20091216,64.419,65.059,64.328,64.968,14976,0
20091217,65.47,65.516,64.968,65.333,5903,0
20091218,65.424,65.79,64.785,64.785,2470,0
20091221,65.333,65.333,64.054,64.876,1824,0
20091222,65.333,66.155,65.333,65.699,32542,0
20091223,66.247,66.43,66.155,66.155,1561,0
20091228,66.155,66.247,65.79,65.79,1868,0
20091229,65.836,66.247,64.191,66.247,12060,0
20091230,66.155,66.155,65.561,65.79,2111,0
20091231,65.607,65.79,63.597,64.876,30959,0
20100104,64.876,66.201,64.876,66.201,3743,0
20100105,66.247,66.43,66.155,66.155,52283,0
20100106,66.155,66.704,65.79,66.704,22724,0
20100107,66.704,66.704,66.247,66.704,2413,0
20100108,66.384,66.841,66.247,66.704,77271,0
20100111,66.795,67.983,66.704,67.983,21068,0
20100112,69.308,71.272,69.262,70.541,305756,0
20100113,70.633,74.79,70.633,73.877,20477,0
20100114,74.014,76.298,74.014,75.613,41625,0
20100115,75.658,76.755,75.567,76.298,18980,0
20100118,76.572,76.572,74.059,74.745,8780,0
20100119,74.836,74.836,73.922,74.014,9188,0
20100120,74.471,74.699,73.191,73.465,8363,0
20100121,73.465,73.465,70.313,72.826,16019,0
20100122,73.009,73.009,70.359,70.816,32291,0
20100125,71.364,73.1,70.907,72.186,6405,0
20100126,72.186,72.826,71.272,71.729,18346,0
20100127,70.816,71.547,70.724,71.272,1909,0
20100128,71.272,71.318,69.445,69.445,5628,0
20100129,69.902,70.359,68.988,70.313,2925,0
20100201,69.171,69.719,68.623,68.623,58116,0
20100202,71.272,71.272,69.673,70.359,26699,0
20100203,71.729,72.278,71.272,71.729,5997,0
20100204,72.186,72.186,69.491,69.536,13703,0
20100205,67.435,68.531,65.973,68.531,17699,0
20100208,68.531,68.531,66.338,67.572,2728,0
20100209,67.617,68.531,67.572,67.846,23745,0
20100210,67.892,68.531,67.617,68.348,13326,0
20100211,69.902,69.902,67.617,68.531,836,0
20100212,68.531,68.531,67.206,67.617,26538,0
20100215,69.399,69.81,67.617,69.81,2541,0
20100216,68.668,69.354,68.531,68.531,2604,0
20100217,69.582,69.582,68.714,68.714,28325,0
20100218,68.988,68.988,67.983,68.257,44354,0
20100219,68.303,68.303,67.526,67.526,14276,0
20100222,67.617,68.44,67.526,67.617,3983,0
20100223,67.709,67.709,66.749,67.161,3378,0
20100224,66.704,66.704,64.556,65.744,5544,0
20100225,65.424,65.516,64.419,64.419,7560,0
20100226,65.744,66.43,64.328,64.83,4685,0
20100301,66.155,66.704,65.333,65.881,44720,0
20100302,66.247,66.658,65.973,66.338,15790,0
20100303,66.704,66.704,66.155,66.704,1374,0
20100304,68.531,68.531,65.79,66.247,17625,0
20100305,67.617,67.892,67.161,67.161,18513,0
20100308,69.445,69.445,67.8,68.257,6411,0
20100309,68.029,71.272,67.161,69.628,1400454,0
20100310,71.272,73.009,71.272,71.729,137750,0
20100311,72.46,74.425,72.049,72.369,273400,0
20100312,72.186,72.278,71.272,72.278,5769,0
20100315,71.547,72.003,69.445,70.176,87235,0
20100316,71.729,72.963,71.272,71.272,86628,0
20100317,71.729,72.917,71.272,71.638,118781,0
20100318,72.552,72.552,71.181,71.912,6912,0
20100319,72.186,72.186,70.541,70.816,62540,0
20100322,70.998,71.455,70.176,71.044,38364,0
20100323,71.09,71.364,70.176,70.176,5669,0
20100324,71.272,71.272,69.902,70.176,4113,0
20100325,70.176,70.176,69.445,69.445,5585,0
20100326,69.445,70.267,69.217,70.267,8875,0
20100329,70.359,70.359,69.308,69.856,4481,0
20100330,69.399,69.902,69.354,69.582,39277,0
20100331,69.445,69.445,67.343,69.217,23260,0
20100401,69.902,69.902,67.161,67.161,10486,0
20100406,67.709,68.714,67.48,68.531,10456,0
20100407,68.623,68.623,67.526,67.617,24321,0
20100408,67.617,67.617,66.521,66.704,6599,0
20100409,67.526,67.892,66.658,66.658,26612,0
20100412,66.658,68.166,66.567,67.709,44896,0
20100413,68.348,68.348,67.617,67.617,72823,0
20100414,67.709,70.359,67.709,68.623,50396,0
20100415,69.445,70.998,69.445,70.77,70643,0
20100416,69.491,70.359,68.76,68.76,13143,0
20100419,69.81,69.902,67.069,67.115,5437,0
20100420,67.206,68.074,65.881,66.704,12002,0
20100421,67.617,68.074,66.704,67.617,7795,0
20100422,67.617,67.983,66.886,67.617,7524,0
20100423,66.795,67.617,66.521,66.567,25853,0
20100426,67.617,67.755,66.841,67.617,79050,0
20100427,67.617,67.617,66.749,67.161,74613,0
20100428,66.795,66.795,65.287,65.333,21899,0
20100429,65.79,65.973,65.333,65.333,44569,0
20100430,66.475,66.704,66.247,66.658,5476,0
20100504,67.526,67.526,65.379,65.379,1308,0
20100505,64.191,64.876,63.597,64.785,70952,0
20100506,65.699,65.699,63.597,64.054,128764,0
20100507,62.135,63.962,60.307,63.506,64889,0
20100510,64.693,66.795,64.693,65.79,9814,0
20100511,66.201,66.201,65.15,66.064,22231,0
20100512,66.11,66.201,64.465,65.881,95494,0
20100513,65.881,66.064,65.242,65.881,5720,0
20100514,66.155,66.155,63.962,63.962,14668,0
20100517,63.597,64.419,63.46,64.191,23725,0
20100518,63.917,66.201,63.917,66.201,6304,0
20100519,65.516,65.881,64.693,65.79,27693,0
20100520,65.79,65.79,64.968,65.15,84367,0
20100521,63.962,65.744,63.962,65.744,10587,0
20100524,65.79,66.795,65.79,66.338,12726,0
20100525,65.79,66.704,64.465,65.79,116198,0
20100526,66.247,72.278,66.247,72.278,33882,0
20100527,69.856,70.77,68.211,69.765,20814,0
20100528,69.445,71.272,68.303,68.303,13889,0
20100531,68.303,68.303,66.795,68.303,2509,0
20100601,68.257,70.496,66.932,68.531,36240,0
20100602,68.531,69.902,68.531,69.079,3102,0
20100604,68.531,69.171,67.709,68.897,1718,0
20100607,66.795,68.897,66.795,68.897,10335,0
20100608,67.892,68.531,67.892,68.531,79062,0
20100609,68.485,68.988,67.617,68.12,13146,0
20100610,67.023,68.714,66.978,68.531,96169,0
20100611,68.988,68.988,67.983,68.531,56320,0
20100614,68.531,69.079,67.617,68.531,2345,0
20100615,67.8,69.034,67.8,69.034,77699,0
20100616,68.897,69.81,68.714,69.81,42609,0
20100617,69.445,70.633,69.445,70.587,299227,0
20100618,70.587,71.181,70.085,71.181,51077,0
20100621,70.13,71.044,70.13,70.13,13069,0
20100622,69.993,70.541,69.993,69.993,48359,0
20100623,70.633,70.633,69.445,69.445,3652,0
20100624,68.531,68.988,67.892,68.897,23803,0
20100625,68.257,69.445,68.257,69.445,1606,0
20100628,68.714,70.359,68.714,70.359,60773,0
20100629,69.079,70.359,68.531,70.359,2323,0
20100630,70.267,70.267,68.988,70.222,17826,0
20100701,70.222,70.222,68.531,68.623,25629,0
20100702,68.988,68.988,68.531,68.988,50638,0
20100705,68.805,69.262,68.577,68.714,23120,0
20100706,68.668,69.445,68.668,68.851,56062,0
20100707,68.851,69.262,68.531,68.805,3397,0
20100708,69.354,69.354,69.125,69.125,143,0
20100709,69.125,69.125,68.531,68.623,2601,0
20100712,68.714,69.171,68.348,68.348,23287,0
20100713,69.079,70.176,68.394,69.262,15210,0
20100714,70.085,70.085,68.668,69.445,36194,0
20100715,69.445,69.902,68.76,69.902,1623,0
20100716,69.993,70.816,69.491,70.816,134647,0
20100719,70.679,70.679,68.851,70.45,23119,0
20100720,70.359,70.541,69.628,70.541,12984,0
20100721,70.541,71.272,70.541,71.272,11981,0
20100722,71.272,72.095,71.227,72.003,12155,0
20100723,71.409,71.729,71.364,71.409,9002,0
20100726,71.821,71.821,71.318,71.318,30132,0
20100727,71.318,71.729,71.272,71.455,15163,0
20100728,71.318,71.821,71.318,71.729,68568,0
20100729,71.455,71.729,71.318,71.547,116528,0
20100730,71.638,71.638,71.409,71.501,5026,0
20100802,71.501,72.186,71.455,72.186,86323,0
20100803,72.003,72.872,72.003,72.323,4735,0
20100804,72.643,72.734,72.323,72.734,44512,0
20100805,72.872,73.1,72.323,72.917,36771,0
20100806,73.054,73.1,72.232,72.415,20487,0
20100809,71.318,72.186,69.582,71.729,8074,0
20100810,71.729,71.729,70.176,71.135,4502,0
20100811,70.541,71.592,70.222,71.181,19374,0
20100812,70.176,71.09,70.176,71.09,1398,0
20100813,70.541,71.272,69.673,70.953,8835,0
20100816,69.582,70.816,69.171,70.816,2426,0
20100817,69.902,71.272,69.902,71.272,2086,0
20100818,70.45,71.272,70.45,71.272,705,0
20100819,70.724,73.1,70.724,72.643,65711,0
20100820,72.186,72.186,71.272,72.186,851,0
20100823,72.917,73.1,71.364,72.734,4823,0
20100824,72.597,73.054,71.272,71.729,10137,0
20100825,71.272,72.643,71.272,72.643,1550,0
20100826,72.643,72.643,72.186,72.186,28798,0
20100827,72.917,74.379,72.917,74.014,272351,0
20100830,74.927,75.704,74.471,75.384,8838,0
20100831,75.658,76.481,73.648,76.481,21027,0
20100901,76.207,77.669,75.202,77.669,14898,0
20100902,77.669,77.669,76.755,76.755,97459,0
20100903,76.755,77.075,76.024,76.755,6510,0
20100906,77.577,77.623,76.801,76.801,7069,0
20100907,77.212,77.212,76.526,76.526,17650,0
20100908,76.435,76.435,75.841,75.841,13662,0
20100909,75.841,76.298,74.471,75.476,41325,0
20100910,75.11,75.658,74.927,75.019,30559,0
20100913,75.384,75.841,75.064,75.841,45812,0
20100914,75.43,75.658,75.339,75.613,45672,0
20100915,75.75,76.207,75.293,75.293,22392,0
20100916,75.293,75.521,75.293,75.384,7672,0
20100917,75.841,76.755,75.202,76.755,126724,0
20100920,76.892,77.44,76.298,76.298,48775,0
20100921,76.07,76.572,75.796,76.024,64446,0
20100922,76.024,76.115,75.476,76.115,22758,0
20100923,76.298,76.755,75.841,76.115,106330,0
20100924,76.252,76.755,75.841,76.755,72897,0
20100927,76.755,77.669,76.755,77.303,87075,0
20100928,77.577,77.577,76.664,76.755,81837,0
20100929,76.892,77.303,76.664,76.664,95101,0
20100930,76.572,79.45,76.389,79.45,161537,0
20101001,82.237,82.237,80.41,82.146,155352,0
20101004,82.146,82.146,81.05,81.506,47494,0
20101005,81.506,82.237,81.324,81.369,43042,0
20101006,91.375,98.228,91.375,97.771,652642,0
20101007,98.685,100.51,95.944,96.492,308588,0
20101008,95.03,97.223,95.03,96.492,268795,0
20101011,96.035,97.406,96.035,97.314,54113,0
20101012,96.857,97.68,96.492,97.68,26577,0
20101013,97.314,98.137,96.583,96.857,14048,0
20101014,96.949,97.771,96.583,96.949,58616,0
20101015,98.045,98.045,96.766,97.223,17817,0
20101018,95.67,96.857,95.67,96.492,259904,0
20101019,96.492,96.949,95.944,96.309,102382,0
20101020,96.4,97.771,96.4,97.497,27357,0
20101021,97.497,97.954,96.857,97.588,24498,0
20101022,97.771,97.954,96.857,97.588,75743,0
20101025,98.045,105.08,97.588,99.6,47311,0
20101026,101.43,102.89,100.33,102.16,93973,0
20101027,102.98,102.98,101.43,102.34,76557,0
20101028,104.17,104.17,101.88,104.08,108752,0
20101029,104.17,104.17,102.89,103.07,26601,0
20101102,103.16,104.08,102.16,102.98,15854,0
20101103,102.98,102.98,101.61,102.25,11324,0
20101104,102.34,102.34,96.857,97.68,49098,0
20101105,97.588,97.771,95.03,95.487,215738,0
20101108,96.4,100.51,95.761,96.766,40861,0
20101109,97.68,97.771,96.766,96.949,54947,0
20101110,97.314,99.51,97.314,98.411,15199,0
20101112,98.137,98.411,97.132,98.228,14882,0
20101115,99.6,99.6,96.949,96.949,36243,0
20101116,98.137,98.137,96.857,96.857,18584,0
20101117,97.314,97.771,96.857,97.68,11912,0
20101118,99.51,99.51,97.862,97.862,18711,0
20101119,98.685,98.685,96.857,97.406,40878,0
20101122,96.857,98.228,96.857,97.771,36835,0
20101123,97.771,97.771,96.4,96.4,87012,0
20101124,97.862,97.862,92.289,95.03,33045,0
20101125,95.944,95.944,92.106,93.568,285892,0
20101126,94.116,98.685,92.289,92.289,490011,0
20101129,94.847,94.847,92.38,92.746,293970,0
20101130,93.842,93.933,92.746,93.202,130730,0
20101201,92.746,96.857,92.746,96.857,103541,0
20101202,97.771,98.411,97.132,97.862,69409,0
20101203,97.132,97.862,95.944,97.771,50838,0
20101206,98.594,98.685,97.04,97.771,11065,0
20101207,97.771,98.045,96.857,98.045,7736,0
20101208,97.771,97.771,95.121,95.944,13399,0
20101209,95.944,98.502,95.944,98.228,52281,0
20101210,98.594,99.142,97.771,98.685,27754,0
20101213,98.685,102.8,98.411,101.7,46675,0
20101214,101.88,102.34,99.87,100.51,17208,0
20101215,101.43,104.08,100.06,104.08,30027,0
20101216,103.25,103.25,102.16,102.34,29923,0
20101217,102.89,103.98,101.97,103.98,26934,0
20101220,103.98,104.81,102.43,102.43,9504,0
20101221,104.17,104.26,102.71,103.07,14001,0
20101222,103.16,103.16,101.24,101.24,21955,0
20101223,101.24,103.16,101.06,101.43,3203,0
20101227,101.79,103.16,101.79,102.89,12581,0
20101228,103.25,103.25,102.34,102.71,24403,0
20101229,102.71,103.25,101.79,103.16,38945,0
20101230,100.97,102.34,99.6,101.43,19980,0
20101231,100.97,100.97,100.51,100.51,17910,0
20110103,100.79,102.25,100.51,101.43,12902,0
20110104,101.43,104.62,101.43,104.17,119871,0
20110105,104.35,105.36,104.17,104.99,64894,0
20110107,105.08,105.08,102.8,103.16,9937,0
20110110,103.16,103.8,99.87,100.97,24484,0
20110111,101.43,102.25,101.24,101.24,12686,0
20110112,101.43,102.34,101.43,102.07,14357,0
20110113,102.07,102.07,101.24,101.43,16686,0
20110114,102.07,102.07,100.33,100.97,15978,0
20110117,100.97,101.7,100.51,101.06,20230,0
20110118,101.06,102.8,101.06,102.8,36239,0
20110119,102.8,103.07,102.34,102.98,9601,0
20110120,102.8,102.89,101.06,102.8,6304,0
20110121,101.61,103.71,101.61,102.07,17463,0
20110124,102.25,102.98,100.51,100.97,32151,0
20110125,102.34,102.34,100.7,101.52,43280,0
20110126,101.52,103.71,101.52,102.25,11332,0
20110127,102.34,103.25,100.79,101.43,23787,0
20110128,101.43,102.34,101.33,101.7,2042,0
20110131,101.7,103.71,100.97,103.71,16917,0
20110201,103.25,109.65,103.25,108.74,95482,0
20110202,108.28,110.47,107.46,108.1,17465,0
20110203,109.65,109.65,107.82,107.82,31283,0
20110204,107.82,108.64,106.91,107.18,18783,0
20110207,107.82,112.94,107.82,110.93,62576,0
20110208,111.93,112.39,110.75,111.02,38034,0
20110209,111.48,111.93,110.38,110.56,28107,0
20110210,110.56,110.56,105.08,107,33586,0
20110211,108.1,109.38,108.1,108.55,15180,0
20110214,109.19,110.56,108.28,108.37,3448,0
20110215,108.37,109.56,108.01,108.55,9268,0
20110216,108.37,109.65,108.37,109.19,23840,0
20110217,108.74,109.19,108.1,108.28,12003,0
20110218,108.01,108.01,105.08,107.64,11294,0
20110221,106.54,107.37,106.18,107,2162,0
20110222,106.73,106.73,105.08,105.17,5529,0
20110223,105.08,107,105.08,106.63,4427,0
20110224,107.27,107.27,105.08,105.99,10638,0
20110225,105.99,106.91,105.63,106.45,3898,0
20110228,105.17,107.64,105.17,107.27,22866,0
20110301,108.19,108.19,106.45,106.54,11588,0
20110302,107.09,107.82,105.54,107.82,2455,0
20110303,107.82,108.64,107.37,108.64,39610,0
20110304,108.74,111.48,108.28,109.74,37836,0
20110307,109.74,113.94,109.65,110.93,52564,0
20110308,111.66,112.85,110.66,111.93,7685,0
20110309,112.39,113.58,110.75,112.39,34804,0
20110310,112.39,112.85,110.47,111.48,9836,0
20110311,110.75,111.02,108.74,110.11,19082,0
20110314,109.83,111.39,109.83,110.29,4207,0
20110315,110.38,112.39,109.19,112.39,11201,0
20110316,113.4,115.13,112.85,114.68,74932,0
20110317,115.13,118.79,115.13,118.06,91555,0
20110318,118.33,119.7,116.41,116.41,453203,0
20110321,118.6,118.7,116.78,116.78,80447,0
20110322,116.78,116.87,112.48,114.13,175115,0
20110323,113.76,115.13,113.4,114.22,62978,0
20110324,115.13,115.13,114.22,115.13,52512,0
20110325,114.68,115.13,113.49,115.13,76569,0
20110328,115.59,116.5,113.94,114.22,43091,0
20110329,115.13,115.13,114.04,115.13,40059,0
20110330,115.13,116.69,114.22,114.49,52925,0
20110331,116.78,116.78,113.86,114.4,25361,0
20110401,115.86,115.95,113.3,114.58,43040,0
20110404,114.68,115.5,112.85,113.21,96839,0
20110405,113.67,114.68,113.21,113.94,37456,0
20110406,114.77,114.77,113.21,113.21,58897,0
20110407,114.77,116.69,114.4,115.68,196235,0
20110408,116.05,116.69,114.77,114.77,99547,0
20110411,116.41,116.5,114.77,115.13,35040,0
20110412,115.13,115.77,114.68,115.13,92371,0
20110413,115.13,116.78,115.13,115.86,64026,0
20110414,116.5,116.5,114.31,114.95,127552,0
20110415,115.13,115.59,114.4,115.13,25305,0
20110418,115.59,115.86,112.85,113.3,91074,0
20110419,114.04,115.13,113.3,113.3,40332,0
20110420,114.22,115.59,113.85,114.04,38403,0
20110421,115.04,115.13,114.31,115.04,37048,0
20110426,115.5,115.59,114.22,115.13,18086,0
20110427,115.13,115.13,114.22,115.04,37613,0
20110428,115.13,115.13,114.04,114.22,15280,0
20110429,115.13,115.13,113.76,115.04,7972,0
20110502,115.04,115.13,113.85,114.4,19269,0
20110504,113.49,114.22,110.75,111.11,74035,0
20110505,111.48,113.3,100.51,110.56,70247,0
20110506,111.48,111.48,108.83,109.01,46987,0
20110509,109.01,109.65,108.01,108.1,54784,0
20110510,108.37,109.65,107,107,34384,0
20110511,107.91,108.74,106.27,106.27,132149,0
20110512,104.08,104.08,98.137,99.05,266534,0
20110513,100.15,100.79,96.4,97.223,102947,0
20110516,96.857,100.06,96.492,97.406,123129,0
20110517,97.862,100.06,97.862,99.142,56091,0
20110518,100.42,102.71,99.142,102.16,71088,0
20110519,102.16,104.53,102.16,104.26,59779,0
20110520,104.81,106.09,103.62,103.62,39388,0
20110523,103.8,103.89,101.43,102.25,39274,0
20110524,102.16,102.25,100.51,101.61,49956,0
20110525,101.88,104.35,101.43,103.89,18216,0
20110526,104.17,105.08,103.53,104.44,36298,0
20110527,104.44,105.36,103.98,105.08,76661,0
20110530,105.81,105.81,105.08,105.81,41812,0
20110531,106.91,108.46,106.91,107.92,101803,0
20110601,108.64,109.01,107.37,108.64,84007,0
20110602,107.91,108.55,107.37,108.01,248716,0
20110603,108.64,108.64,105.99,107.64,55854,0
20110606,107.55,107.82,106.54,107.82,75435,0
20110607,108.28,109.65,108.28,108.28,28843,0
20110608,108.74,109.1,107.73,107.82,18438,0
20110609,107.82,109.19,107.55,108.74,52180,0
20110610,108.74,108.74,107.82,107.91,17053,0
20110613,107.91,108.37,105.99,106.09,13279,0
20110614,107.55,107.55,106.27,107.37,25940,0
20110615,106.63,108.37,106.27,108.28,55538,0
20110616,107,108.01,106.36,107.82,36224,0
20110617,107.82,108.64,106.45,107.82,111125,0
20110620,107.82,108.19,106.73,107.82,31830,0
20110621,107.82,107.82,105.99,106.91,31431,0
20110622,106.91,106.91,105.54,106.73,40498,0
20110624,105.54,106.73,104.72,106.27,15964,0
20110627,104.53,105.81,102.43,105.72,37169,0
20110628,104.99,105.36,102.8,105.08,24024,0
20110629,105.99,105.99,104.08,105.08,25712,0
20110630,105.72,105.9,104.17,104.99,60863,0
20110701,104.17,105.26,104.17,105.26,13707,0
20110704,105.99,105.99,105.08,105.45,23569,0
20110705,105.9,105.99,105.17,105.99,18862,0
20110706,105.99,105.99,104.17,104.53,9743,0
20110707,104.17,107.64,104.17,107.55,32002,0
20110708,106.91,107.19,105.99,106.36,30971,0
20110711,106.36,106.82,103.44,103.44,18158,0
20110712,103.71,104.71,101.43,103.25,47774,0
20110713,104.26,106.18,103.44,103.98,79567,0
20110714,104.17,105.99,103.89,104.26,40346,0
20110715,105.08,105.63,104.35,105.54,20309,0
20110718,105.9,105.9,102.71,102.71,35289,0
20110719,102.8,105.82,102.8,104.53,106694,0
20110720,105.54,105.82,104.35,104.35,19379,0
20110721,105.35,105.35,102.8,103.16,118490,0
20110722,104.17,104.17,103.25,103.53,35106,0
20110725,103.53,104.08,102.8,102.89,54624,0
20110726,103.07,103.07,100.51,101.88,29016,0
20110727,103.09,103.09,97.534,100.49,36032,0
20110728,99.75,101.33,97.719,101.24,71940,0
20110729,99.75,99.85,98.274,99.107,33886,0
20110801,100.03,100.12,97.996,97.996,31676,0
20110802,97.441,99.014,95.591,95.961,120958,0
20110803,94.11,95.313,88.835,91.056,130468,0
20110804,91.288,94.388,88.928,90.038,103268,0
20110805,84.671,90.455,83.283,86.8,161666,0
20110808,86.8,86.8,84.671,86.059,111200,0
20110809,86.059,86.8,82.82,83.005,164076,0
20110810,87.91,87.91,79.582,79.582,137668,0
20110811,78.194,85.689,75.14,83.052,125450,0
20110812,83.746,86.614,83.191,85.782,118851,0
20110816,86.522,89.761,86.244,88.558,73691,0
20110817,90.223,90.501,88.003,88.882,135193,0
20110818,88.141,88.188,83.283,86.985,98271,0
20110819,82.45,86.8,81.432,85.134,93923,0
20110822,84.208,87.493,84.208,87.447,77766,0
20110823,87.91,90.223,87.54,90.038,68183,0
20110824,91.426,91.611,90.038,90.501,55202,0
20110825,90.501,91.611,88.141,90.594,102058,0
20110826,90.223,91.426,88.373,90.223,61759,0
20110829,90.686,95.313,90.455,95.313,32727,0
20110830,96.423,96.608,95.313,96.146,101669,0
20110831,98.089,102.44,97.441,97.441,114408,0
20110901,98.367,102.07,97.904,101.24,86528,0
20110902,100.87,101.42,98.922,99.85,86930,0
20110905,95.591,99.014,95.591,97.164,43759,0
20110906,96.979,99.94,96.331,99.014,83132,0
20110907,100.87,104.29,100.87,102.99,54736,0
20110908,103.36,105.31,99.385,102.72,64918,0
20110909,102.72,102.72,99.292,100.87,101650,0
20110912,97.256,98.552,96.238,96.238,67202,0
20110913,97.164,100.4,97.164,99.85,73414,0
20110914,100.87,104.47,100.59,103.92,104621,0
20110915,103.92,104.1,101.51,101.51,54141,0
20110916,103.18,104.94,101.79,104.47,81822,0
20110919,100.87,102.62,99.85,102.35,36968,0
20110920,100.4,104.57,100.4,103.73,50898,0
20110921,103.64,103.64,101.42,102.07,56102,0
20110922,101.24,101.7,95.591,98.644,175027,0
20110923,98.459,99.57,94.388,96.886,126680,0
20110926,95.313,100.49,95.313,98.552,53536,0
20110927,99.94,100.87,97.441,99.94,122519,0
20110928,100.31,101.42,97.164,98.922,75730,0
20110929,99.014,99.385,97.071,97.996,250384,0
20110930,99.014,99.014,94.85,95.313,98109,0
20111003,94.388,96.146,92.12,94.388,55856,0
20111004,93.462,94.85,92.537,92.629,72091,0
20111005,94.85,95.498,94.388,94.943,84573,0
20111006,96.701,96.701,94.017,94.85,35731,0
20111007,94.48,95.961,93.37,93.925,58066,0
20111010,94.388,98.922,93.462,96.886,149763,0
20111011,97.626,98.089,95.498,96.238,69318,0
20111012,97.164,99.477,96.701,97.626,25857,0
20111013,97.996,99.014,96.053,96.053,45100,0
20111014,96.238,97.534,95.776,96.423,21707,0
20111017,98.644,98.644,95.776,95.961,78152,0
20111018,94.573,97.164,94.573,96.793,40166,0
20111019,97.904,97.996,96.516,96.516,33303,0
20111020,96.516,97.719,95.868,95.961,42892,0
20111021,96.701,97.349,95.961,97.164,54858,0
20111024,97.996,101.42,97.164,101.42,149775,0
20111025,101.33,101.51,98.089,99.292,54487,0
20111026,99.292,100.4,98.089,99.94,27784,0
20111027,101.05,101.51,100.87,101.33,41321,0
20111028,101.79,102.35,100.77,101.79,23047,0
20111031,101.7,101.7,100.12,100.87,38010,0
20111102,99.75,101.51,98.552,101.51,29088,0
20111103,100.68,106.32,100.68,106.32,93740,0
20111104,105.49,105.68,101.79,102.81,80321,0
20111107,102.25,105.86,101.79,105.4,39741,0
20111108,105.4,107.25,105.31,106.32,43971,0
20111109,105.95,105.95,102.99,104.57,50152,0
20111110,103.36,104.47,103.36,103.64,23249,0
20111114,106.14,106.42,104.84,106.32,43397,0
20111115,106.14,106.23,103.36,104.84,60384,0
20111116,103.92,105.49,100.87,103.27,40588,0
20111117,102.72,102.9,99.94,99.94,48348,0
20111118,99.57,100.49,98.829,99.477,59499,0
20111121,99.57,100.49,96.701,96.701,59980,0
20111122,97.164,100.87,96.979,99.199,33882,0
20111123,97.904,99.85,97.904,98.829,79101,0
20111124,98.737,101.14,97.626,101.14,54544,0
20111125,98.644,101.51,98.644,101.42,13400,0
20111128,102.35,103.92,101.79,102.81,25655,0
20111129,102.72,102.72,98.829,101.24,46615,0
20111130,101.51,104.01,99.2,103.55,117244,0
20111201,102.81,102.81,101.14,101.61,71543,0
20111202,102.25,102.99,100.96,101.88,63232,0
20111205,102.62,102.99,100.96,101.61,89877,0
20111206,101.61,102.16,100.12,100.87,83536,0
20111207,100.68,101.79,100.49,101.05,76378,0
20111208,102.25,102.25,99.94,100.12,20674,0
20111209,99.94,101.51,96.793,100.96,28562,0
20111212,101.24,101.33,97.811,99.75,46775,0
20111213,100.49,100.77,97.811,99.199,95137,0
20111214,98.274,99.94,98.274,99.85,15010,0
20111215,99.66,100.77,99.107,99.94,28390,0
20111216,100.87,100.87,98.552,98.552,208499,0
20111219,99.85,100.68,97.719,97.719,26083,0
20111220,97.441,100.31,97.256,99.477,52414,0
20111221,100.4,100.4,98.552,99.014,56713,0
20111222,98.552,98.552,96.053,96.238,70769,0
20111223,97.164,97.626,96.701,97.626,25983,0
20111227,98.552,98.552,97.071,97.626,28985,0
20111228,97.349,98.459,96.608,96.608,20149,0
20111229,96.423,98.089,96.423,97.164,54300,0
20111230,96.513,97.163,96.054,96.15,46694,0
20120102,97.164,99.94,96.146,97.256,47512,0
20120103,98.644,99.014,97.719,98.367,57127,0
20120104,99.014,103.18,98.552,102.72,379546,0
20120105,102.72,103.18,101.24,102.25,135884,0
20120109,101.79,102.16,100.03,101.24,143646,0
20120110,100.87,101.51,100.22,100.49,100245,0
20120111,100.49,101.14,98.182,100.49,75256,0
20120112,99.477,101.7,99.477,100.87,140278,0
20120113,100.96,101.7,99.94,101.33,25790,0
20120116,100.87,101.33,100.4,100.87,25912,0
20120117,101.51,102.16,100.96,101.24,203189,0
20120118,101.14,101.51,100.77,101.14,72719,0
20120119,101.51,101.61,100.96,101.33,83190,0
20120120,101.51,101.79,101.14,101.7,62168,0
20120123,101.79,106.42,101.05,106.42,81519,0
20120124,106.42,109.47,104.66,108.73,143391,0
20120125,108.82,111.41,108.82,111.41,151259,0
20120126,111.41,113.64,110.77,112.43,55388,0
20120127,112.43,115.12,112.43,114.75,78317,0
20120130,114.28,115.12,112.15,114.47,71462,0
20120131,114.47,115.67,113.36,114.56,58377,0
20120201,114.28,115.58,114.28,114.56,44553,0
20120202,115.3,117.06,114.75,116.6,110302,0
20120203,116.69,118.26,116.6,117.06,72286,0
20120206,117.43,117.71,116.13,116.13,49967,0
20120207,117.89,118.45,116.41,118.35,33461,0
20120208,118.35,119.37,116.87,117.89,35599,0
20120209,118.91,119.28,117.06,117.52,23086,0
20120210,116.97,118.45,115.76,115.76,56699,0
20120213,116.97,118.45,116.97,118.26,48285,0
20120214,118.26,118.91,117.71,118.72,42178,0
20120215,118.91,119.28,117.98,119,22353,0
20120216,119,119.28,116.69,117.8,47749,0
20120217,118.54,120.11,117.98,120.11,55490,0
20120220,120.3,120.3,117.52,117.71,43253,0
20120221,118.91,120.3,117.8,119.09,30605,0
20120222,118.54,120.3,117.61,120.11,66837,0
20120223,119.46,120.3,117.52,117.61,63745,0
20120224,117.89,120.3,117.71,117.71,55400,0
20120227,117.98,119.84,117.71,119.19,40514,0
20120228,120.02,120.02,118.54,119.84,22917,0
20120229,120.02,120.02,118.91,119.38,38643,0
20120301,118.72,119.37,116.87,118.82,41625,0
20120302,117.98,119.84,117.52,118.26,46258,0
20120305,118.35,120.02,117.98,118.45,34205,0
20120306,119.19,119.19,116.5,116.5,61667,0
20120307,116.13,116.5,111.04,113.64,67275,0
20120308,114.75,115.58,113.36,115.58,64859,0
20120309,114.1,116.6,114.1,115.67,29278,0
20120312,114.65,116.13,114.65,114.84,15838,0
20120313,114.75,116.13,111.97,112.25,105967,0
20120314,113.36,116.13,113.27,115.3,42114,0
20120315,115.67,118.45,114.84,118.45,55515,0
20120316,118.45,120.85,116.6,120.85,157075,0
20120319,119.84,120.21,118.63,119.37,28619,0
20120320,118.72,120.76,117.98,120.02,48782,0
20120321,119.93,120.3,118.63,120.11,31137,0
20120322,120.11,120.11,116.6,116.6,56581,0
20120323,115.02,117.52,114.65,115.67,37272,0
20120326,116.6,120.11,115.49,119.09,30037,0
20120327,119.19,119.93,117.06,118.45,76099,0
20120328,119.28,119.84,118.17,118.45,19020,0
20120329,117.61,118.35,116.13,118.35,15640,0
20120330,118.45,119.38,117.62,117.7,39200,0
20120402,117.52,118.45,117.15,117.98,21122,0
20120403,118.91,119.09,118.08,118.35,36282,0
20120404,117.52,118.45,116.97,117.52,31586,0
20120405,118.35,118.35,116.59,117.52,22280,0
20120410,116.69,118.17,113.45,113.64,39737,0
20120411,113.36,118.35,113.36,117.89,44213,0
20120412,117.52,117.89,115.3,117.89,31043,0
20120413,117.52,117.89,116.78,117.06,16832,0
20120416,116.69,117.52,114.93,116.41,37206,0
20120417,115.21,117.98,113.82,117.98,30661,0
20120418,116.32,116.32,114.38,114.38,45477,0
20120419,115.49,115.67,114.38,115.21,69818,0
20120420,114.65,115.67,114.38,114.38,47637,0
20120423,113.64,114.75,109.19,110.58,45637,0
20120424,110.58,111.97,110.12,110.67,30340,0
20120425,111.97,117.98,111.23,115.86,88030,0
20120426,117.43,117.89,114.28,115.76,41412,0
20120427,115.67,117.7,115.58,117.52,97389,0
20120430,116.59,117.52,115.3,117.52,40774,0
20120502,117.06,118.45,115.39,117.98,24039,0
20120504,118.17,118.17,116.04,116.97,46244,0
20120507,116.13,116.13,114.1,114.75,23407,0
20120508,116.04,117.34,115.21,116.59,69083,0
20120509,117.52,119.19,117.52,118.54,160673,0
20120510,119.19,119.19,116.87,117.52,111823,0
20120511,117.06,117.06,115.39,116.79,15094,0
20120514,116.97,117.06,113.36,114.56,55740,0
20120515,114.56,116.04,113.54,114.65,20712,0
20120516,114.75,118.96,112.84,117.62,160237,0
20120517,116.37,118.29,112.84,114.75,65868,0
20120518,112.84,115.13,111.88,114.75,115362,0
20120521,114.75,115.8,113.98,115.7,35508,0
20120522,114.75,118.29,114.27,118.29,73268,0
20120523,115.32,116.66,115.32,115.9,54763,0
20120524,116.18,118.38,115.42,118.38,147704,0
20120525,118.38,118.96,114.75,114.75,43130,0
20120528,116.28,116.28,113.22,113.31,19979,0
20120529,113.41,115.7,112.64,115.7,23974,0
20120530,113.79,114.75,111.88,111.88,50291,0
20120531,111.88,113.03,110.73,111.59,48116,0
20120601,111.98,112.55,109.97,111.11,74945,0
20120604,110.83,112.36,109.01,111.11,18036,0
20120605,110.06,112.84,110.06,111.21,27555,0
20120606,112.07,112.74,110.92,112.45,30786,0
20120608,112.45,118.57,111.59,117.52,55353,0
20120611,117.9,119.53,117.23,118.96,53423,0
20120612,117.04,120.49,116.95,120.49,103855,0
20120613,120.29,121.25,119.24,120.77,57566,0
20120614,120.29,120.87,119.05,119.05,54038,0
20120615,119.53,121.92,118.57,120.1,302198,0
20120618,122.02,122.02,118.57,119.24,23848,0
20120619,119.63,121.92,119.63,121.82,45426,0
20120620,121.44,121.44,120.1,120.96,50114,0
20120621,121.16,121.16,118.57,120.96,86660,0
20120622,118.76,120.77,118.76,118.86,46303,0
20120625,118.57,119.05,115.9,115.9,50676,0
20120626,117.52,119.34,116.28,117.62,37199,0
20120627,117.23,117.43,115.7,116.28,32512,0
20120628,117.33,117.33,115.8,117.14,68548,0
20120629,118.1,119.24,116.66,116.66,50689,0
20120702,117.62,118.57,116.18,117.62,10772,0
20120703,118.57,120.49,117.23,120.49,43211,0
20120704,118.76,121.44,118.76,120.49,19625,0
20120705,121.16,122.4,120.2,122.3,43618,0
20120706,120.96,123.64,120.96,122.49,104142,0
20120709,122.4,123.16,121.06,122.02,81618,0
20120710,122.02,122.78,121.54,122.49,50655,0
20120711,122.49,122.49,119.72,119.82,27594,0
20120712,119.43,119.43,115.9,117.14,57916,0
20120713,118.96,120.96,117.71,120.49,25041,0
20120716,120.49,120.87,117.14,119.53,33273,0
20120717,118.57,118.86,117.14,117.81,31042,0
20120718,118.38,119.15,115.9,117.62,37118,0
20120719,118.48,118.57,115.99,118.57,16286,0
20120720,117.62,118.57,116.18,117.71,27147,0
20120723,116.18,116.18,113.22,113.51,53911,0
20120724,113.41,115.04,112.84,115.04,54187,0
20120725,114.84,115.9,113.41,113.79,44299,0
20120726,113.79,115.13,112.45,114.27,66790,0
20120727,115.61,115.7,113.89,114.46,18707,0
20120730,114.75,116.37,113.79,114.75,27280,0
20120731,114.17,116.47,112.93,116.47,23056,0
20120801,115.42,115.7,113.79,114.75,4725,0
20120802,115.61,115.61,113.89,113.89,9715,0
20120803,113.89,116.37,113.89,116.37,30626,0
20120806,116.57,118.48,116.09,117.62,21089,0
20120807,117.62,118.57,117.52,117.62,10720,0
20120808,116.18,116.85,115.7,116.18,25095,0
20120809,117.33,119.53,116.18,118.67,41058,0
20120810,118.67,119.91,117.04,118.57,28458,0
20120813,117.62,120.01,117.62,119.34,17641,0
20120814,120.29,120.39,118.67,119.43,19496,0
20120816,117.71,120.39,117.62,120.39,34045,0
20120817,119.53,120.29,117.62,117.62,14296,0
20120820,116.95,119.53,116.66,118.57,31155,0
20120821,119.53,120.1,117.14,119.15,25275,0
20120822,119.05,119.72,117.9,117.9,11768,0
20120823,119.43,119.43,115.23,116.66,35548,0
20120824,116.66,118.29,115.7,117.9,26097,0
20120827,117.23,118.57,116.95,116.95,8337,0
20120828,118.38,118.38,115.42,116.09,29866,0
20120829,117.14,117.14,113.31,113.79,42470,0
20120830,115.51,115.8,113.98,114.65,42695,0
20120831,114.65,117.23,114.65,114.84,15050,0
20120903,116.28,117.52,115.04,115.04,10842,0
20120904,115.61,116.18,114.75,115.04,18563,0
20120905,116.18,116.18,113.98,114.27,13350,0
20120906,115.51,117.14,114.65,114.84,26115,0
20120907,116.47,116.47,114.94,115.61,52780,0
20120910,115.99,116.95,115.7,116.18,16029,0
20120911,115.61,117.14,115.32,116.66,11555,0
20120912,115.99,117.14,115.7,117.14,27764,0
20120913,116.66,117.62,116.28,116.66,24185,0
20120914,116.76,118.29,115.23,117.62,66387,0
20120917,117.62,118.1,116.66,117.62,24884,0
20120918,117.62,118.96,117.33,118.96,50185,0
20120919,118.67,119.53,118.29,119.53,42500,0
20120920,119.34,119.53,117.81,119.53,27740,0
20120921,119.15,120.1,118.19,119.05,128988,0
20120924,119.05,119.24,115.9,115.9,26993,0
20120925,118.19,119.53,116.28,119.05,34908,0
20120926,116.76,119.53,116.76,118.38,49353,0
20120927,118.29,120.01,117.62,119.91,74651,0
20120928,116.76,118.19,115.23,115.23,273458,0
20121001,115.8,117.62,114.84,115.23,199359,0
20121002,115.8,117.33,115.8,115.9,102948,0
20121003,116.18,116.85,115.9,116.18,94706,0
20121004,116.09,116.57,115.9,116.47,8858,0
20121005,115.99,117.71,115.9,117.14,102635,0
20121008,116.57,117.9,116.57,116.85,69543,0
20121009,117.04,117.52,116.66,117.52,48445,0
20121010,117.14,117.52,116.66,116.95,23424,0
20121011,117.04,117.43,116.18,117.43,34027,0
20121012,116.28,118,116.28,118,26905,0
20121015,117.81,118.57,117.43,118.48,46509,0
20121016,118.57,119.05,117.62,117.71,37092,0
20121017,117.71,119.05,117.62,117.62,48099,0
20121018,118.1,119.05,117.62,118.57,28295,0
20121019,118.57,118.57,117.62,118,37656,0
20121022,118,118.96,117.62,118.86,23923,0
20121023,118.86,118.86,117.62,118.1,12780,0
20121024,117.43,118.38,116.95,117.81,38368,0
20121025,116.85,117.62,115.7,115.7,33340,0
20121026,115.7,116.09,114.84,114.84,48884,0
20121029,114.75,117.62,114.75,115.8,11886,0
20121030,115.99,116.85,115.8,116.09,26194,0
20121031,116.18,117.14,114.75,114.75,8991,0
20121102,116.09,116.57,114.84,114.84,76365,0
20121105,115.23,116.28,114.84,115.04,24317,0
20121106,114.84,115.23,113.41,114.46,64810,0
20121107,115.23,115.51,112.36,114.46,95185,0
20121108,112.93,114.08,112.84,112.84,47826,0
20121109,112.84,113.7,110.06,111.88,50061,0
20121112,111.88,116.66,111.88,116.47,120554,0
20121113,116.18,118.57,115.7,118.48,77956,0
20121114,117.62,118.96,117.14,117.81,102344,0
20121115,118.19,119.24,118.19,118.86,161657,0
20121116,119.63,125.46,119.05,123.74,444974,0
20121119,123.16,125.17,122.4,124.88,127501,0
20121120,124.5,129.09,122.69,129.09,143252,0
20121121,129.09,131,127.28,129.57,260688,0
20121122,129.76,129.76,127.66,128.33,65018,0
20121123,128.14,128.23,122.88,124.02,110560,0
20121126,124.31,125.17,123.83,124.31,76774,0
20121127,125.65,126.13,124.31,124.79,30713,0
20121128,124.31,124.41,120.49,124.22,91969,0
20121129,124.02,125.08,123.45,125.08,78840,0
20121130,123.93,124.88,122.88,122.88,19771,0
20121203,124.31,128.14,123.45,128.14,102344,0
20121204,128.14,129.57,126.7,128.71,24634,0
20121205,129.09,129.57,126.32,128.81,46193,0
20121206,129.38,129.95,128.9,129.47,39437,0
20121207,129.47,129.47,124.31,124.31,75021,0
20121210,124.79,126.61,122.4,124.31,92953,0
20121211,124.31,126.22,124.31,125.27,68828,0
20121212,126.22,126.7,124.5,124.69,49259,0
20121213,126.61,128.14,126.13,127.18,40319,0
20121214,126.22,130.53,126.22,129.09,60875,0
20121217,130.05,131,128.14,130.05,34407,0
20121218,130.05,132.25,128.81,131.96,37405,0
20121219,131.96,135.79,131.58,133.11,49236,0
20121220,132.34,136.17,132.15,134.26,45937,0
20121221,133.97,136.74,131.58,131.58,162761,0
20121227,131.48,136.26,131.48,131.96,40658,0
20121228,131.96,132.92,129.95,130.05,65773,0
20130102,133.68,133.68,131.77,131.77,43140,0
20130103,132.82,132.82,130.05,131,40868,0
20130104,131.48,131.48,129.09,129.09,61283,0
20130107,129.09,130.43,128.61,129.28,39077,0
20130108,129.95,132.92,128.52,128.52,93289,0
20130109,129.67,130.91,129.09,130.05,46575,0
20130110,130.53,133.2,129.67,131.77,81903,0
20130111,130.62,131.2,129.95,130.53,44728,0
20130114,130.91,131.87,130.24,131.39,55131,0
20130115,131.87,131.87,130.14,131.48,60340,0
20130116,130.91,131.39,130.53,131,50842,0
20130117,131.1,132.82,130.62,131.96,30161,0
20130118,131.29,132.53,131.29,132.44,111352,0
20130121,132.34,132.82,131.58,132.15,14381,0
20130122,132.73,132.73,131.48,131.48,26009,0
20130123,131.96,132.44,130.72,132.15,36110,0
20130124,131.1,132.15,130.05,131.96,18710,0
20130125,131.96,131.96,130.14,130.14,18295,0
20130128,130.24,130.53,127.85,127.85,27406,0
20130129,127.28,127.85,126.32,127.66,25429,0
20130130,128.61,131.29,128.52,128.81,43675,0
20130131,127.56,131.48,127.47,130.53,33689,0
20130201,130.53,131.87,130.53,131.39,27947,0
20130204,130.14,131.77,126.8,127.08,43268,0
20130205,127.37,130.05,126.22,129.09,63286,0
20130206,129.09,129.67,127.28,127.28,64859,0
20130207,127.28,130.53,127.28,129.09,35647,0
20130208,128.42,130.91,128.33,129,34918,0
20130211,129,130.81,127.94,128.61,26074,0
20130212,128.81,130.91,127.18,128.52,63042,0
20130213,129.67,129.76,128.14,129.57,16478,0
20130214,129.57,129.86,127.47,127.75,28703,0
20130215,127.47,129.86,127.47,129.86,24494,0
20130218,129.86,130.05,127.85,129.86,34858,0
20130219,128.52,129.86,127.94,128.14,38422,0
20130220,127.85,128.52,126.51,127.66,30757,0
20130221,127.37,127.37,121.82,123.93,80841,0
20130222,124.31,126.03,124.02,124.79,48485,0
20130225,124.88,125.65,123.16,124.02,116148,0
20130226,123.07,123.35,122.88,122.97,44029,0
20130227,122.97,125.27,120.49,125.27,81519,0
20130228,125.27,125.75,123.45,123.74,25147,0
20130301,123.55,126.22,123.55,124.31,28629,0
20130304,125.46,125.84,122.49,125.27,38341,0
20130305,124.5,124.98,123.35,123.35,40765,0
20130306,123.35,124.22,121.35,122.4,81938,0
20130307,122.4,123.16,121.44,121.44,16778,0
20130308,121.92,124.69,121.54,124.69,52998,0
20130311,124.69,124.69,123.35,124.12,48937,0
20130312,124.31,124.31,121.54,121.54,29217,0
20130313,122.49,123.16,121.54,123.16,16783,0
20130314,121.63,123.83,121.63,123.35,44398,0
20130315,123.93,124.12,120.58,123.45,241931,0
20130318,123.35,123.74,121.44,121.92,27381,0
20130319,120.96,123.26,120.01,121.92,31371,0
20130320,122.78,123.07,121.92,122.78,29415,0
20130321,121.44,121.44,115.7,118.57,53475,0
20130322,118.57,120.49,117.9,118.67,52739,0
20130325,120.39,120.49,114.84,114.84,38736,0
20130326,117.52,117.52,111.59,114.75,71755,0
20130327,113.31,115.42,113.03,113.6,70199,0
20130328,113.6,114.75,112.93,114.17,32688,0
20130402,113.12,115.7,113.12,115.61,63972,0
20130403,115.7,118.38,114.27,115.8,88893,0
20130404,114.75,118.38,114.27,118.38,69292,0
20130405,118,118.38,114.08,115.23,43222,0
20130408,116.66,117.62,114.75,117.62,65660,0
20130409,117.52,117.52,114.17,115.23,79643,0
20130410,115.32,116.28,114.27,115.23,95949,0
20130411,115.51,115.99,114.27,114.75,40545,0
20130412,114.75,115.61,113.12,113.89,23688,0
20130415,113.89,115.51,110.49,113.79,31858,0
20130417,112.36,113.65,111.78,112.84,52026,0
20130418,112.07,114.22,112.02,113.12,80346,0
20130419,111.88,113.7,111.88,113.12,34238,0
20130422,113.12,115.61,112.17,112.84,30557,0
20130423,114.17,114.17,111.98,112.26,26729,0
20130424,112.26,113.31,111.64,112.36,68711,0
20130425,112.64,113.22,111.64,112.36,28649,0
20130426,111.93,112.69,111.88,112.69,11990,0
20130429,112.84,112.84,111.45,112.6,23280,0
20130430,112.6,112.6,111.11,111.88,27302,0
20130502,111.88,112.55,111.45,111.88,10953,0
20130506,112.36,112.36,111.69,112.02,29613,0
20130507,111.98,112.79,111.88,112.17,88243,0
20130508,112.6,112.6,111.98,112.31,22905,0
20130509,112.41,113.22,109.59,110.92,213448,0
20130510,110.45,111.59,109.97,110.83,143804,0
20130513,110.83,110.97,110.68,110.73,99933,0
20130514,110.92,112.31,110.25,112.31,206303,0
20130515,112.84,112.84,110.45,111.26,109038,0
20130516,111.21,113.74,110.92,113.31,80889,0
20130517,112.02,116.18,112.02,114.84,226345,0
20130520,114.84,115.47,114.41,115.32,17158,0
20130521,115.32,116.37,113.7,113.7,94352,0
20130522,113.6,114.61,112.31,114.61,43697,0
20130523,112.21,113.22,112.12,112.84,24103,0
20130524,112.84,114.27,112.84,113.79,22261,0
20130527,114.41,118.43,114.41,118.19,62098,0
20130528,118.19,120.49,117.14,120.49,43262,0
20130529,121.44,121.44,117.76,121.44,117945,0
20130531,120.44,123.16,119.05,123.16,54790,0
20130603,122.21,123.12,120.96,120.96,40649,0
20130604,121.3,121.3,117.86,118.1,124068,0
20130605,118,119.53,117.14,117.52,71338,0
20130606,117.52,118.1,116.09,116.09,28293,0
20130607,116.09,116.57,115.13,115.7,78641,0
20130610,115.23,117.14,114.27,116.18,124106,0
20130611,117.09,117.09,114.37,115.56,43832,0
20130612,115.56,115.56,114.75,114.84,11365,0
20130613,114.27,114.27,113.31,113.98,51612,0
20130614,114.08,114.99,111.4,112.36,216964,0
20130617,112.84,115.85,111.4,114.08,62178,0
20130618,114.27,114.7,112.98,113.27,78522,0
20130619,113.74,113.84,112.74,113.84,55770,0
20130620,113.31,114.46,109.97,109.97,151152,0
20130621,109.97,110.21,105.19,109.97,267683,0
20130624,107.1,109.82,102.32,109.01,66063,0
20130625,109.01,109.01,107.19,107.96,54744,0
20130626,106.14,106.67,100.5,101.17,148882,0
20130627,103.27,103.27,92.946,95.624,156294,0
20130628,93.711,99.74,93.711,96.58,112128,0
20130701,96.58,98.445,94.859,97.536,81651,0
20130702,98.349,102.32,95.672,100.41,186415,0
20130703,99.93,102.89,98.01,101.5,55314,0
20130704,101.84,102.32,99.59,101.27,40337,0
20130705,101.31,102.13,99.162,100.41,31552,0
20130708,100.41,101.27,99.305,100.41,34895,0
20130709,100.5,101.5,98.397,98.493,35549,0
20130710,98.493,101.84,98.493,100.41,49705,0
20130711,101.84,103.18,100.5,102.27,45198,0
20130712,103.08,104.33,101.27,101.65,66760,0
20130715,103.75,104.61,101.07,104.13,84690,0
20130716,104.71,105,100.84,100.88,76197,0
20130717,100.88,103.03,100.41,100.79,64664,0
20130718,100.41,102.51,98.493,100.41,45822,0
20130719,100.64,101.84,95.959,97.68,125158,0
20130722,98.827,98.827,96.102,96.58,114436,0
20130723,97.775,98.397,96.628,97.154,35874,0
20130724,98.493,99.353,97.536,98.827,48899,0
20130725,99.449,99.449,97.441,99.449,18538,0
20130726,98.827,99.449,97.441,97.441,12692,0
20130729,98.493,99.64,97.489,99.64,21345,0
20130730,99.64,100.74,97.919,98.493,34163,0
20130731,97.823,101.84,97.632,100.98,52828,0
20130801,101.12,101.79,97.73,97.73,107131,0
20130802,97.728,101.22,97.728,100.69,115613,0
20130805,100.69,102.8,100.41,102.75,40197,0
20130806,103.27,103.27,100.41,101.36,62910,0
20130807,101.36,104.04,100.41,104.04,28742,0
20130808,103.75,104.61,102.46,102.51,50192,0
20130809,102.51,103.61,100.79,100.79,30277,0
20130812,101.31,103.18,100.88,103.18,54827,0
20130813,103.27,103.7,102.46,102.56,26671,0
20130814,102.56,104.42,102.41,104.42,46221,0
20130816,104.42,104.8,103.32,104.61,19235,0
20130819,104.61,106.53,103.42,105.38,43136,0
20130820,105,105.95,102.56,105.95,41380,0
20130821,105.66,107.1,104.42,106.14,29362,0
20130822,106.72,108.34,105.71,107.86,34407,0
20130823,107.1,108.1,104.71,106.24,80871,0
20130826,106.62,107.48,105.76,106.05,33929,0
20130827,104.47,105.71,102.51,102.51,50655,0
20130828,102.7,105.14,100.6,104.23,48324,0
20130829,105.09,107.48,105.09,106.33,72804,0
20130830,107.1,110.68,105.33,108.58,107429,0
20130902,110.78,111.78,108.72,109.97,36329,0
20130903,111.11,111.35,109.01,109.97,47087,0
20130904,109.35,110.88,101.94,101.94,120241,0
20130905,102.32,105.14,99.16,99.93,169349,0
20130906,100.5,104.66,100.5,103.94,112976,0
20130909,104.95,106.91,104.23,105.28,69841,0
20130910,108.01,111.83,106.24,110.35,113336,0
20130911,111.95,112.3,109.5,112.1,60071,0
20130912,112.1,113.5,110,111.15,31478,0
20130913,111.2,113,110.2,110.2,23664,0
20130916,111,111.9,106.6,108,93123,0
20130917,108,108.4,106.7,107.5,25075,0
20130918,107.5,109,107.05,107.5,42966,0
20130919,110.3,110.3,108,108,32009,0
20130920,109.5,111,108.15,111,85720,0
20130923,110.5,111.5,108.5,110.5,37907,0
20130924,110,110.4,108.5,108.7,16649,0
20130925,108.7,109.55,106.8,109.5,64431,0
20130926,109.75,110.8,108.4,109,17369,0
20130927,110,110,108.85,110,16547,0
20130930,109.9,109.9,108.2,109.5,17280,0
20131001,108.65,109.5,107.6,109,31337,0
20131002,108,110,108,110,42303,0
20131003,110,111,109.5,111,26787,0
20131004,111,111,108.6,110.9,16393,0
20131007,109.25,111.7,109.1,111.7,13987,0
20131008,111.7,111.7,109.6,109.8,13289,0
20131009,109.8,110,108.7,110,46675,0
20131010,110,113.8,109.4,113.8,51512,0
20131011,113.85,113.85,111,112.1,75950,0
20131014,112.3,113,111,113,44209,0
20131015,113,113.9,110.2,113,88362,0
20131016,112.25,114,111.3,112.4,39802,0
20131017,112,113,111.5,113,24154,0
20131018,113.5,113.9,111,111,25675,0
20131021,112.75,113.8,112.15,113.8,28715,0
20131022,113.8,115.4,112.75,113.5,32201,0
20131023,113.05,116.4,112.4,113.55,42384,0
20131024,113.55,116.8,113.55,116,38032,0
20131025,116.3,117.6,116,116.95,27116,0
20131028,117,117.9,116.6,117.35,25249,0
20131029,117.35,118,117.35,117.45,26095,0
20131030,117.6,117.8,115.9,116.45,22771,0
20131031,116.5,116.9,114,114,10706,0
20131104,114.1,117.65,114.1,114.5,35740,0
20131105,115.5,116.9,115.1,116.35,108139,0
20131106,116.7,116.85,115.95,116.45,45419,0
20131107,116.85,122.5,116,121.9,203276,0
20131108,121.5,129,120,128.1,257676,0
20131112,127.3,133,126.3,130.4,74401,0
20131113,131,131.15,127.4,128,63757,0
20131114,130,130,128.1,129.2,19807,0
20131115,130,132,129.5,131.6,23355,0
20131118,131.5,131.5,129.2,131.1,42804,0
20131119,131,132,129.55,132,16018,0
20131120,131.8,134.9,130.25,134.5,35639,0
20131121,134,139.5,132.4,139.5,118399,0
20131122,139.5,140,138.5,139.5,32146,0
20131125,139.6,140,135.55,138.3,36158,0
20131126,137,137.1,135.05,136.25,34365,0
20131127,136.35,138,136.35,137.5,20263,0
20131128,137.5,138,136.8,136.8,24891,0
20131129,137.1,138.35,137,138,11799,0
20131202,138,138,136.1,136.35,21142,0
20131203,136.5,137.9,135.05,135.1,28843,0
20131204,135,136,133.05,133.05,44803,0
20131205,132.25,134,131.05,133,24667,0
20131206,134,136,133.5,135.65,49820,0
20131209,137,138,137,138,21890,0
20131210,136.9,138,133.5,138,44261,0
20131211,137.05,139,136.4,136.4,36883,0
20131212,137,137,133.3,133.6,29741,0
20131213,135.75,136,132.2,134.5,49786,0
20131216,135.85,135.85,130.05,131.5,71234,0
20131217,132.55,132.55,126.15,126.15,95431,0
20131218,126,127.9,121,125.5,88512,0
20131219,128.5,128.5,123.6,125,113792,0
20131220,124.8,127,122.3,127,213646,0
20131223,128,128.6,124,124,57464,0
20131227,121,123.3,120,121.2,64309,0
20131230,120,126.8,120,125.8,84180,0
20140102,126.95,130.05,125.4,128,41069,0
20140103,129.75,129.75,127,128.35,25070,0
20140107,127,127,122.05,124,50103,0
20140108,122.3,124.5,121.15,123.2,44718,0
20140109,123,123.2,120,120,22432,0
20140110,120.05,122,120.05,122,29891,0
20140113,122.5,124.7,122.3,123.8,40376,0
20140114,123.8,124.45,122.2,123.65,17194,0
20140115,125.5,128.45,123,128,39697,0
20140116,128,130.2,125.5,125.65,34349,0
20140117,125.65,127,125.05,125.1,9759,0
20140120,126.3,126.3,123,124,8190,0
20140121,125.55,127,124.05,126,18865,0
20140122,127.95,127.95,126.3,127.25,26421,0
20140123,127.45,127.9,126.8,127.5,16820,0
20140124,125.85,127.3,123,125,36116,0
20140127,126,126,123.15,124.5,36640,0
20140128,123.15,124.5,122.6,122.65,26216,0
20140129,124,124,121.4,121.6,32807,0
20140130,120.5,124,120.5,124,98444,0
20140131,125,125.55,123.5,125,42653,0
20140203,125.6,126,123.7,125.5,22543,0
20140204,123.5,125,123.05,124.5,16494,0
20140205,123.5,124.5,122.2,123.5,13806,0
20140206,124.4,125,122.9,123.55,20045,0
20140207,123,123.5,117.5,118.7,108403,0
20140210,119,119.6,117.2,117.5,39126,0
20140211,117.7,118.85,116.5,118,37731,0
20140212,119.65,120,118.5,120,74460,0
20140213,120.6,121,119.15,120,72745,0
20140214,120.25,120.55,119.3,119.6,24802,0
20140217,119.8,120.1,119.3,119.75,15869,0
20140218,120.1,122.85,119.3,122.5,70521,0
20140219,122,124.45,119.75,123.05,41778,0
20140220,122.1,122.7,120,122.7,28689,0
20140221,123,125.5,122,125.5,24890,0
20140224,125,128.5,124,128.5,42626,0
20140225,128.5,128.5,125.6,127.7,20450,0
20140226,127.45,127.7,121.5,122,39040,0
20140227,122.5,122.95,119.75,121,45301,0
20140228,122,126.8,121.5,126.8,41020,0
20140303,121,123.8,119.7,120.5,46790,0
20140304,121.85,124.75,121.25,123.8,38555,0
20140305,122.8,124,121.4,123.35,45154,0
20140306,124.3,124.3,121.55,121.55,21077,0
20140307,122.95,122.95,120,120.9,15768,0
20140310,120.9,123.45,119.5,121.6,43440,0
20140311,121.35,122.5,117.5,122.4,41562,0
20140312,120.05,123.5,119.05,119.1,57273,0
20140313,119.2,121.35,116,116,61202,0
20140314,115,115,111.3,112.05,84697,0
20140317,112.55,115.85,112.55,114.7,30291,0
20140318,115,115.8,114.5,115.1,22387,0
20140319,115,116.55,113.1,113.9,30323,0
20140320,115.1,120.35,115.1,120,111017,0
20140321,121,125,119.05,125,128520,0
20140324,125.1,125.8,122.05,122.15,13831,0
20140325,123.9,125,122.4,124.9,13780,0
20140326,124.95,125.5,123.95,124.25,21038,0
20140327,124.25,126.4,123.5,126.4,36078,0
20140328,125.3,126,124.3,124.65,11914,0
20140331,125.4,127,125.05,125.5,34601,0
20140401,126.1,126.5,125.3,125.3,11352,0
20140402,125.25,126.1,124.05,124.95,14646,0
20140403,124.1,125,123.05,124,22931,0
20140404,123.9,126.1,122.9,126.1,12726,0
20140407,123.65,124.8,121.05,123,33919,0
20140408,122.3,123.95,121.5,123,29272,0
20140409,124,124.3,121.75,122.9,28813,0
20140410,123.6,124.7,122.9,124.5,23807,0
20140411,122.9,124.5,122,122.95,10999,0
20140414,122.7,122.7,120.5,121.3,14709,0
20140415,121.1,123.5,120.5,122.75,19087,0
20140416,122.95,123,121,121.6,15928,0
20140417,121.35,125,121.35,123.05,17006,0
20140422,123.25,124.65,123.25,124.3,16538,0
20140423,124.35,125.2,122.3,124,18384,0
20140424,122.65,125,121,121,43499,0
20140425,122.4,124.25,121.5,123.8,16206,0
20140428,122.25,123.5,122.2,123.45,33493,0
20140429,123.5,123.5,122.1,123,18017,0
20140430,123.5,123.75,122.4,123.75,17866,0
20140502,123.65,124.4,123.1,124.3,8353,0
20140505,124.3,124.3,121.9,121.9,4053,0
20140506,123.65,123.65,120.6,121.1,24773,0
20140507,120.5,124.5,120.25,124.5,44979,0
20140508,122.75,123.65,116,118.95,166185,0
20140509,118.7,119.15,113.8,113.8,130864,0
20140512,114,116.7,113.05,116,37843,0
20140513,117.3,118.45,116,116.95,44444,0
20140514,117.85,118.2,115.8,116.95,51444,0
20140515,117.4,118.4,113.8,115.5,48618,0
20140516,115,117,115,115.5,13789,0
20140519,116,117.9,116,116.45,6554,0
20140520,116.45,117.9,115.7,116,70996,0
20140521,116,116.5,115,116.5,28268,0
20140522,117.5,117.9,116.2,116.45,66241,0
20140523,116.15,117.7,115.5,117,63782,0
20140526,117.85,118.5,117.35,117.55,17096,0
20140527,116.7,119.35,116.45,118.6,58700,0
20140528,119.4,119.9,116,116,21734,0
20140529,116.05,117.2,115.6,116,20588,0
20140530,117.4,117.4,115,115,34229,0
20140602,115.1,116.6,114.75,114.75,16316,0
20140603,114.75,116.8,114.75,116,67436,0
20140604,116.4,117,115.3,117,10494,0
20140605,117.1,119.5,116,119.5,26758,0
20140606,119,122.4,118.45,122.4,35864,0
20140609,122.4,122.9,119,119,16341,0
20140610,119.25,122.2,119,119,23772,0
20140611,120.35,121.9,119.25,121.9,21563,0
20140612,120.3,122.65,120.15,121.25,34748,0
20140613,121.95,122.1,120.6,120.85,18463,0
