Date,Open,High,Low,Close,Volume,OpenInt
20070613,6.4278,6.8943,6.1573,6.633,1961178,0
20070614,6.8196,6.9502,6.5304,6.5304,550827,0
20070615,6.5771,7.0901,6.4837,6.9502,374996,0
20070618,7.0995,8.079,7.0995,8.0231,744822,0
20070619,8.275,8.275,7.6499,8.0231,382415,0
20070620,8.1163,8.6761,8.0231,8.4056,301112,0
20070621,8.5361,8.9559,8.4429,8.6761,222291,0
20070622,8.6761,9.2078,8.3122,9.0493,291330,0
20070625,8.9746,9.0959,8.6761,9.0212,109086,0
20070626,9.0026,9.0026,8.6761,8.8254,110192,0
20070627,8.6294,8.6294,8.2189,8.3962,325028,0
20070628,8.4988,8.6761,8.3029,8.4242,77816,0
20070629,8.5735,8.5828,8.0323,8.1163,118138,0
20070702,8.107,8.107,7.37,7.7805,104271,0
20070703,7.8365,7.8365,7.3887,7.6125,115652,0
20070704,7.5286,7.7151,6.9035,7.3887,254992,0
20070705,7.3327,7.6033,7.2861,7.4633,81441,0
20070706,7.37,7.4633,7.2767,7.454,33721,0
20070709,7.4167,7.5006,7.2488,7.2488,105522,0
20070710,7.2488,7.2953,7.0248,7.0901,66646,0
20070711,7.0434,7.0901,6.9129,6.9222,50798,0
20070712,7.0061,7.398,6.9969,7.2301,60989,0
20070713,7.2301,7.2488,7.0434,7.1181,35622,0
20070716,7.1648,7.1648,6.8103,6.9689,67152,0
20070717,6.9875,7.2394,6.8103,7.2301,30562,0
20070718,7.1834,7.1834,6.9969,7.0995,11346,0
20070719,7.2488,7.2488,7.0434,7.2114,19810,0
20070720,7.2301,7.3047,7.0901,7.2114,18568,0
20070723,7.0995,7.4353,7.0901,7.4353,52127,0
20070724,7.4633,7.4633,7.2301,7.2301,25575,0
20070725,7.1648,7.1741,7.0155,7.1648,17521,0
20070726,7.0528,7.2301,7.0248,7.0248,26628,0
20070727,6.9502,6.9502,6.717,6.9502,23425,0
20070730,6.8103,7.0901,6.8103,6.8196,22718,0
20070731,6.8382,6.9875,6.8103,6.9782,9802,0
20070801,6.8943,6.8943,6.7263,6.8943,7794,0
20070802,6.9408,7.0901,6.8103,6.9408,12563,0
20070803,6.9222,6.9222,6.6797,6.7076,20342,0
20070806,6.5584,6.6797,6.0639,6.5771,16719,0
20070807,6.5771,6.5771,6.1573,6.1573,43968,0
20070808,6.1106,6.3345,6.1106,6.2505,10275,0
20070809,6.2972,6.2972,5.9707,5.98,22985,0
20070810,5.9519,5.9519,5.2243,5.4109,39425,0
20070813,5.7188,5.7747,5.4109,5.7747,30023,0
20070814,5.7654,5.7654,5.5601,5.5974,11920,0
20070816,5.5042,5.5042,4.4406,4.7578,44386,0
20070817,5.1311,5.1311,4.5712,5.1311,31037,0
20070820,5.0284,5.6628,5.0284,5.4389,12750,0
20070821,5.3642,5.3642,5.1311,5.299,5656,0
20070822,5.1311,5.3083,5.1311,5.3083,5947,0
20070823,5.2616,5.3083,5.0844,5.1776,33282,0
20070824,5.1311,5.1963,4.9911,5.0097,14518,0
20070827,5.1776,5.5695,4.9911,5.299,83531,0
20070828,5.0937,5.3642,4.9444,4.9444,55679,0
20070829,4.8512,4.8978,4.6459,4.6646,129724,0
20070830,4.7765,4.8978,4.5712,4.6646,78146,0
20070831,4.7578,4.8045,4.6925,4.7205,16792,0
20070903,4.7578,4.8418,4.6646,4.7392,29099,0
20070904,4.7205,4.7578,4.6366,4.7485,19161,0
20070905,4.7112,4.7485,4.6179,4.6179,12820,0
20070906,4.7112,4.7112,4.5246,4.7019,14905,0
20070907,4.6925,4.7112,4.5712,4.6552,12014,0
20070910,4.478,4.6459,4.4033,4.5993,6854,0
20070911,4.5993,4.5993,4.45,4.562,21528,0
20070912,4.4313,4.4406,4.1981,4.3847,14430,0
20070913,4.3847,4.5246,4.3847,4.5246,7177,0
20070914,4.5153,4.5153,4.338,4.4967,2607,0
20070917,4.394,4.4686,4.2914,4.338,8765,0
20070918,4.338,4.338,4.1328,4.1328,47969,0
20070919,4.2261,4.4313,4.1981,4.2634,55560,0
20070920,4.2261,4.3101,4.1981,4.2634,12426,0
20070921,4.1981,4.2914,4.1141,4.2914,29702,0
20070924,4.2914,4.2914,4.1981,4.2354,18430,0
20070925,4.2914,4.338,4.1514,4.2727,49904,0
20070926,4.338,4.3847,4.254,4.3287,14677,0
20070927,4.338,4.3754,4.2354,4.338,17476,0
20070928,4.2354,4.2914,4.1514,4.2448,15722,0
20071001,4.1514,4.2727,4.1048,4.1887,27378,0
20071002,4.1981,4.1981,4.0582,4.1328,16438,0
20071003,4.1235,4.1795,4.0675,4.1701,30129,0
20071004,4.2821,4.2821,4.0675,4.1514,9591,0
20071005,4.1514,4.7392,4.1048,4.562,94036,0
20071008,4.6552,4.7485,4.5712,4.5993,44353,0
20071009,4.6459,4.6646,4.478,4.534,14587,0
20071010,4.6646,4.6646,4.4967,4.5806,13849,0
20071011,4.6085,4.7205,4.5246,4.6739,21848,0
20071012,4.7019,4.8792,4.5433,4.7858,32811,0
20071015,4.7952,4.8325,4.6179,4.6832,22417,0
20071016,4.7112,4.9911,4.7112,4.9165,67577,0
20071017,4.9911,6.5584,4.8418,6.5584,407602,0
20071018,6.5304,6.9782,6.0173,6.2038,616127,0
20071019,6.2878,6.6236,5.8401,6.2505,188930,0
20071022,5.9707,6.3905,5.8307,6.1386,82293,0
20071023,6.1573,6.5304,6.0546,6.2412,82739,0
20071024,6.0733,6.3345,5.8773,5.924,51672,0
20071025,5.784,5.924,5.4202,5.5321,45164,0
20071026,5.5509,5.924,5.5509,5.7934,45664,0
20071029,5.7934,6.2972,5.5974,6.0639,81033,0
20071030,6.1106,6.1479,5.8867,6.0266,28582,0
20071031,6.0266,6.0639,5.8307,6.0639,28671,0
20071102,5.8773,6.0173,5.8493,5.9613,29662,0
20071105,5.8773,5.8773,5.6908,5.8587,21896,0
20071106,5.8401,5.9613,5.5974,5.6814,16580,0
20071107,5.7374,5.784,5.1684,5.5042,37992,0
20071108,5.1311,5.4575,4.9444,5.4575,28798,0
20071109,5.5882,5.5882,5.1311,5.299,13598,0
20071112,5.0377,5.299,5.0377,5.1776,15223,0
20071113,5.299,5.5509,5.103,5.4575,36204,0
20071114,5.5882,5.5882,5.2802,5.3642,17950,0
20071115,5.3456,5.3456,4.3847,4.6459,154415,0
20071116,4.6179,4.8512,4.2914,4.6552,18706,0
20071119,4.6179,4.6179,4.338,4.338,56581,0
20071120,4.254,4.5059,4.1514,4.3847,28269,0
20071121,4.2914,4.3474,3.6384,3.6384,22498,0
20071122,3.601,4.3567,3.3585,4.2914,110834,0
20071123,4.3847,4.3847,4.1235,4.366,35972,0
20071126,4.4406,4.5526,4.2821,4.3847,21598,0
20071127,4.3567,4.3847,4.2914,4.3847,4848,0
20071128,5.0377,5.0377,4.5712,4.7205,61281,0
20071129,4.9165,4.9165,4.478,4.6179,32437,0
20071130,4.6552,4.7765,4.478,4.7019,22844,0
20071203,4.7112,4.7112,4.2914,4.3101,33894,0
20071204,4.478,4.5059,4.2914,4.3101,28448,0
20071205,4.478,4.478,4.2354,4.4313,29813,0
20071206,4.4313,4.5246,4.3847,4.3847,14890,0
20071207,4.2914,4.5246,4.2914,4.478,11734,0
20071210,4.5246,4.5712,4.3847,4.5153,6952,0
20071211,4.394,4.4313,4.3847,4.4313,9608,0
20071212,4.2075,4.3847,4.1701,4.3847,9142,0
20071213,4.562,4.562,4.2448,4.3754,3730,0
20071214,4.3754,4.3754,4.2075,4.3287,7362,0
20071217,4.1514,4.1981,3.9182,4.0488,25300,0
20071218,4.1048,4.1048,3.7316,3.8716,19375,0
20071219,3.8809,3.8903,3.7877,3.825,13347,0
20071220,3.7969,3.8529,3.7316,3.8156,30756,0
20071221,3.8436,3.8529,3.741,3.7783,66538,0
20071227,3.7877,3.9276,3.7783,3.8809,4491,0
20071228,3.9556,3.9649,3.825,3.8809,12627,0
20080102,4.0115,4.2448,3.9649,4.0675,12944,0
20080103,4.0396,4.1048,3.9742,4.1048,3950,0
20080104,4.1795,4.478,4.0582,4.2821,18720,0
20080107,4.2448,4.2448,3.9835,4.0396,7458,0
20080108,4.1981,4.1981,4.0955,4.1887,11729,0
20080109,4.0861,4.1887,3.8716,4.1141,5630,0
20080110,4.0115,4.2354,4.0115,4.0955,9735,0
20080111,4.0115,4.1608,4.0115,4.0115,9186,0
20080114,3.8342,3.8342,3.5451,3.7689,34649,0
20080115,3.825,3.825,3.6384,3.6663,7884,0
20080116,3.5451,3.5451,3.1346,3.4518,16025,0
20080117,3.4518,3.6197,3.3118,3.6197,4058,0
20080118,3.6384,4.0582,3.5451,4.0582,13458,0
20080121,4.0861,4.0861,3.657,3.9556,5094,0
20080122,3.657,3.9182,3.5451,3.825,4936,0
20080123,3.9556,3.9649,3.7316,3.7783,2376,0
20080124,3.8623,3.9556,3.685,3.8996,10943,0
20080125,3.9835,3.9835,3.825,3.9182,6244,0
20080128,3.7316,3.9182,3.7316,3.8996,6320,0
20080129,3.7596,3.9089,3.7596,3.8996,16198,0
20080130,3.9649,3.9835,3.7316,3.8156,8732,0
20080131,3.7783,3.8156,3.7224,3.8156,3467,0
20080201,3.8156,3.8809,3.8156,3.8809,4661,0
20080204,3.4984,3.9089,3.4984,3.657,22899,0
20080205,3.825,3.8903,3.4611,3.685,2539,0
20080206,3.5451,3.8716,3.4052,3.825,3784,0
20080207,3.685,3.7783,3.5917,3.7783,7062,0
20080208,3.6384,3.7316,3.6384,3.685,1299,0
20080211,3.713,3.7783,3.713,3.7783,2866,0
20080212,3.7783,3.825,3.7224,3.825,3613,0
20080213,3.8716,3.8716,3.6384,3.7689,17580,0
20080214,3.7783,3.8156,3.685,3.8156,5005,0
20080215,3.7316,3.7316,3.5637,3.5917,42084,0
20080218,3.5823,3.5823,3.5544,3.5544,5938,0
20080219,3.5637,3.5823,3.4238,3.5823,8800,0
20080220,3.4984,3.5823,3.3679,3.4984,7192,0
20080221,3.5451,3.5823,3.4518,3.5823,3111,0
20080222,3.4984,3.5823,3.4984,3.5823,11276,0
20080225,3.5358,3.5358,3.4705,3.5358,6600,0
20080226,3.4705,3.5451,3.4518,3.5451,13881,0
20080227,3.517,3.517,3.4518,3.4891,1632,0
20080228,3.4518,3.4891,3.2651,3.4891,6379,0
20080229,3.4518,3.4518,3.3585,3.4331,2862,0
20080303,3.3212,3.4052,3.2745,3.3865,3506,0
20080304,3.3118,3.3585,3.1719,3.2465,39758,0
20080305,3.2651,3.3771,3.2279,3.3118,18374,0
20080306,3.2651,3.4052,3.2651,3.3585,4102,0
20080307,3.2745,3.3865,3.1906,3.3771,3726,0
20080310,3.3491,3.3491,3.2651,3.2745,1894,0
20080311,3.3585,3.5451,3.2651,3.5451,6052,0
20080312,3.5451,3.5544,3.4984,3.4984,16336,0
20080313,3.3865,3.4984,3.2651,3.4518,1308,0
20080314,3.4518,3.4518,3.2745,3.4518,1721,0
20080317,3.2651,3.4052,3.2651,3.3118,2331,0
20080318,3.4518,3.4518,3.2186,3.3585,3222,0
20080319,3.4052,3.4052,3.0972,3.3398,9638,0
20080320,3.4052,3.4052,3.116,3.3958,49748,0
20080325,3.2186,3.3679,3.1066,3.1625,65533,0
20080326,3.2279,3.2465,3.1533,3.1625,10605,0
20080327,3.1625,3.2092,3.1252,3.1719,7951,0
20080328,3.1999,3.2186,3.1252,3.1533,17647,0
20080331,3.1906,3.2279,3.0786,3.1719,51054,0
20080401,3.1719,3.1719,3.116,3.1533,6603,0
20080402,3.1625,3.1625,3.0879,3.0879,12243,0
20080403,3.116,3.1346,3.0786,3.1346,7200,0
20080404,3.116,3.1252,2.9853,3.1252,24989,0
20080407,3.1252,3.1346,3.0507,3.116,7598,0
20080408,3.116,3.3025,3.0786,3.1812,72248,0
20080409,3.1906,3.1999,3.0786,3.0786,3954,0
20080410,3.1719,3.1719,3.0786,3.0879,3757,0
20080411,3.1439,3.2092,3.0599,3.1719,29844,0
20080414,3.0133,3.1533,3.0133,3.0786,14172,0
20080415,3.0786,3.0786,3.0507,3.0786,783,0
20080416,3.0599,3.0599,3.0226,3.0226,787,0
20080417,2.9946,3.0786,2.892,3.0786,9554,0
20080418,2.9667,3.0786,2.892,2.892,1315,0
20080421,2.9107,2.9107,2.8174,2.8827,12882,0
20080422,2.7988,2.9107,2.6308,2.8827,8259,0
20080423,2.7894,2.8267,2.6868,2.6962,13132,0
20080424,2.7988,3.0786,2.7614,2.7614,23670,0
20080425,2.892,2.9387,2.7241,2.8267,6450,0
20080428,2.7521,2.8361,2.7521,2.7801,3471,0
20080429,2.7988,2.7988,2.7521,2.7988,1436,0
20080430,2.7988,3.0226,2.7988,3.0133,21549,0
20080505,2.9946,3.032,2.9107,3.0226,9615,0
20080506,2.9853,3.0133,2.808,3.004,2184,0
20080507,2.9014,2.9667,2.8174,2.8641,8114,0
20080508,2.8174,3.1252,2.7988,3.004,20058,0
20080509,2.9573,2.9853,2.9573,2.9853,231,0
20080512,2.8547,2.8827,2.7707,2.7988,12508,0
20080513,2.7988,2.892,2.7707,2.8453,2531,0
20080514,2.7988,2.9853,2.7988,2.7988,6433,0
20080515,2.9387,2.9387,2.7614,2.8827,3652,0
20080516,2.7707,2.8734,2.7614,2.7614,111,0
20080519,2.7614,2.8827,2.7521,2.8641,1191,0
20080520,2.8734,2.8734,2.8734,2.8734,48,0
20080521,2.8641,2.8641,2.7988,2.8641,2091,0
20080523,2.8734,2.9853,2.7801,2.9387,3833,0
20080526,2.9293,2.9293,2.9293,2.9293,129,0
20080527,2.892,2.892,2.8174,2.8174,108,0
20080528,2.8267,2.892,2.7988,2.8827,6419,0
20080529,2.8827,2.8827,2.7894,2.7894,3172,0
20080530,2.8174,2.8174,2.7988,2.8174,2983,0
20080602,2.808,2.8174,2.7988,2.8174,1664,0
20080603,2.8174,2.8174,2.7801,2.7801,1011,0
20080604,2.7894,2.7894,2.7707,2.7707,9296,0
20080605,2.7894,2.808,2.7707,2.808,5705,0
20080606,2.7801,2.808,2.7801,2.808,318,0
20080609,2.7894,2.8361,2.7521,2.7521,12490,0
20080610,2.6868,2.6868,2.5375,2.6028,1347,0
20080611,2.6028,2.8361,2.5655,2.6588,1396,0
20080612,2.5748,2.7894,2.5748,2.7521,1029,0
20080613,2.6122,2.7894,2.6122,2.7054,1040,0
20080616,2.6122,2.7894,2.6122,2.6122,1244,0
20080617,2.6122,2.7894,2.6122,2.7894,424,0
20080620,2.7427,2.7427,2.7427,2.7427,1473,0
20080624,2.6028,2.7241,2.5655,2.6962,640,0
20080701,2.6588,2.6588,2.6588,2.6588,4319,0
20080702,2.6588,2.6588,2.5282,2.6588,2434,0
20080704,2.6495,2.6495,2.5189,2.6495,144,0
20080707,2.6122,2.6122,2.5655,2.5655,1318,0
20080708,2.5655,2.5655,2.5655,2.5655,56,0
20080709,2.5655,2.5655,2.5655,2.5655,135,0
20080710,2.5677,2.5677,2.5189,2.5677,1163,0
20080711,2.5579,2.5579,2.5579,2.5579,111,0
20080714,2.5189,2.5189,2.5189,2.5189,300,0
20080715,2.4896,2.5189,2.3431,2.5189,4059,0
20080716,2.4896,2.4896,2.4896,2.4896,512,0
20080717,2.636,2.6751,2.5482,2.636,1838,0
20080718,2.5482,2.6653,2.5482,2.6653,591,0
20080721,2.5677,2.636,2.4408,2.6263,10669,0
20080722,2.5482,2.6263,2.5384,2.6263,4026,0
20080723,2.636,2.636,2.5677,2.636,544,0
20080724,2.5286,2.6165,2.5286,2.6165,329,0
20080728,2.5872,2.636,2.5579,2.636,5933,0
20080729,2.636,2.6555,2.5286,2.636,13142,0
20080730,2.6555,3.0265,2.6555,2.9875,23812,0
20080731,2.8313,2.9582,2.8118,2.8118,6475,0
20080801,2.8899,2.8899,2.7532,2.7532,92,0
20080804,2.7532,2.8606,2.6067,2.6067,8091,0
20080805,2.6848,2.7239,2.5579,2.5872,4016,0
20080806,2.7239,2.7239,2.6458,2.7239,551,0
20080807,2.636,2.636,2.636,2.636,2561,0
20080808,2.7239,2.7727,2.7239,2.7727,2095,0
20080811,2.636,2.8313,2.5579,2.8313,2120,0
20080812,2.7922,2.7922,2.7922,2.7922,2049,0
20080813,2.8118,2.8118,2.8118,2.8118,102,0
20080819,2.636,2.636,2.636,2.636,410,0
20080820,2.7336,2.7336,2.7336,2.7336,51,0
20080822,2.7239,2.7532,2.7239,2.7532,1946,0
20080825,2.7239,2.7239,2.7239,2.7239,676,0
20080826,2.6653,2.7532,2.636,2.636,1588,0
20080827,2.6848,2.7336,2.6848,2.7336,512,0
20080828,2.636,2.7239,2.636,2.7239,1004,0
20080829,2.7044,2.7044,2.5384,2.5384,6762,0
20080901,2.6848,2.6848,2.5677,2.636,2966,0
20080902,2.636,2.636,2.5286,2.5286,14153,0
20080903,2.636,2.636,2.5286,2.636,5042,0
20080904,2.636,2.636,2.636,2.636,615,0
20080905,2.5482,2.636,2.5384,2.6263,8011,0
20080908,2.6263,2.7141,2.6263,2.7044,11339,0
20080909,2.7141,2.8313,2.6946,2.8313,20434,0
20080910,2.636,2.7336,2.597,2.636,4173,0
20080911,2.7336,2.7336,2.597,2.597,6248,0
20080912,2.6848,2.6848,2.4896,2.5384,3076,0
20080915,2.4896,2.5872,2.4408,2.5774,3002,0
20080916,2.3919,2.5091,2.3919,2.5091,1517,0
20080917,2.4408,2.5189,2.4408,2.5189,1987,0
20080918,2.5677,2.5677,2.4212,2.5579,830,0
20080919,2.5774,2.6165,2.5384,2.6165,7057,0
20080922,2.4115,2.6067,2.4115,2.4115,4301,0
20080923,2.5774,2.5774,2.5774,2.5774,46,0
20080924,2.6067,2.6067,2.4212,2.5384,4285,0
20080925,2.597,2.597,2.597,2.597,51,0
20080926,2.3627,2.597,2.3627,2.597,529,0
20080929,2.3724,2.597,2.3724,2.5384,1700,0
20080930,2.5091,2.5384,2.3724,2.5384,2072,0
20081001,2.5384,2.5774,2.4798,2.5286,2740,0
20081002,2.5384,2.5384,2.3627,2.5189,3480,0
20081006,2.4017,2.4896,2.4017,2.4896,982,0
20081007,2.4408,2.47,2.3529,2.3529,2548,0
20081008,2.3431,2.3431,2.1967,2.3236,10381,0
20081009,2.3138,2.3236,2.3138,2.3236,102,0
20081010,2.2455,2.3236,2.0991,2.1186,7655,0
20081013,2.1088,2.1967,2.0991,2.0991,7316,0
20081014,2.2162,2.2162,2.1576,2.1967,2109,0
20081015,2.226,2.226,2.0991,2.1967,5677,0
20081017,2.0991,2.1088,1.855,1.9526,23563,0
20081020,2.0014,2.0405,1.9038,1.9624,5463,0
20081021,2.0502,2.0502,2.0502,2.0502,61,0
20081022,1.9428,1.9428,1.8062,1.8843,13834,0
20081023,1.7573,1.8745,1.6597,1.7866,9645,0
20081024,1.7866,1.7866,1.6304,1.7866,10465,0
20081027,1.7573,1.7573,1.6597,1.6597,15244,0
20081028,1.7085,1.7573,1.689,1.7476,13894,0
20081029,2.0502,2.0502,1.855,1.9526,9706,0
20081030,1.8062,1.9038,1.8062,1.855,4201,0
20081031,1.855,1.855,1.855,1.855,87,0
20081103,1.9038,1.9038,1.6695,1.7476,39312,0
20081104,1.8062,1.8452,1.6207,1.6792,53556,0
20081105,1.689,1.8355,1.689,1.8257,29829,0
20081106,1.8062,1.8062,1.7183,1.8062,3528,0
20081107,1.7085,1.7964,1.6988,1.7964,513,0
20081110,1.7964,1.8355,1.7964,1.8257,3823,0
20081112,1.7281,1.7866,1.7183,1.7866,10734,0
20081113,1.7573,1.7573,1.6988,1.7476,2397,0
20081114,1.7183,1.8062,1.7183,1.8062,522,0
20081117,1.7085,1.7964,1.6988,1.7573,4338,0
20081118,1.689,1.7378,1.6597,1.7378,4825,0
20081120,1.6988,1.6988,1.6988,1.6988,656,0
20081121,1.7573,1.7573,1.5621,1.5621,5613,0
20081124,1.5621,1.7476,1.5621,1.6597,3369,0
20081125,1.65,1.7573,1.6402,1.7573,3083,0
20081126,1.7573,1.7573,1.5816,1.7573,7176,0
20081127,1.7573,1.7573,1.65,1.7573,7826,0
20081128,1.6402,1.7085,1.6402,1.7085,563,0
20081201,1.6695,1.689,1.6304,1.689,987,0
20081202,1.6597,1.6597,1.6011,1.6011,4148,0
20081203,1.6988,1.6988,1.6988,1.6988,5,0
20081204,1.6109,1.6792,1.6109,1.6792,1552,0
20081205,1.6304,1.6988,1.6109,1.6988,3187,0
20081208,1.6597,1.6988,1.6597,1.6988,3880,0
20081209,1.6597,1.6988,1.6597,1.6695,4233,0
20081210,1.65,1.7281,1.65,1.6988,9241,0
20081211,1.7573,1.9038,1.7573,1.8355,36551,0
20081212,1.7769,1.8159,1.7573,1.8159,17123,0
20081215,1.8159,1.8159,1.7769,1.8159,8568,0
20081216,1.7769,1.7769,1.7573,1.7573,7626,0
20081217,1.8355,1.8355,1.7281,1.7281,6749,0
20081218,1.689,1.7573,1.6597,1.7281,3330,0
20081219,1.7476,1.7476,1.6207,1.6988,76042,0
20081222,1.6207,1.6988,1.6109,1.689,7892,0
20081223,1.6304,1.6402,1.5426,1.6304,45236,0
20081229,1.6304,1.6792,1.6304,1.6792,107,0
20081230,1.6207,1.7183,1.6207,1.7183,3196,0
20081231,1.6695,1.7085,1.6304,1.7085,5132,0
20090105,1.7183,1.7476,1.689,1.689,6777,0
20090106,1.7183,1.7573,1.7183,1.7573,51,0
20090108,1.6792,1.7964,1.6792,1.7964,4860,0
20090109,1.7964,1.7964,1.7281,1.7964,420,0
20090112,1.689,1.7964,1.689,1.7769,1147,0
20090113,1.689,1.8062,1.689,1.7964,1553,0
20090114,1.7573,1.7573,1.689,1.7476,320,0
20090115,1.689,1.7573,1.689,1.7573,2029,0
20090116,1.7183,1.7964,1.7183,1.7964,4609,0
20090119,1.7183,1.7573,1.689,1.7476,50605,0
20090120,1.7573,1.8062,1.6988,1.8062,8021,0
20090121,1.689,1.7671,1.689,1.7476,9744,0
20090122,1.7769,1.7769,1.6988,1.6988,20493,0
20090123,1.689,1.689,1.689,1.689,4917,0
20090126,1.7964,1.7964,1.6597,1.7573,2352,0
20090127,1.7866,1.7866,1.6695,1.6695,9656,0
20090128,1.689,1.7573,1.6597,1.7573,5712,0
20090129,1.6792,1.7573,1.6695,1.7573,2941,0
20090130,1.6792,1.7573,1.6597,1.7573,8330,0
20090203,1.689,1.7281,1.6597,1.6597,12005,0
20090204,1.6792,1.6792,1.65,1.65,2877,0
20090205,1.6402,1.7085,1.6402,1.7085,2101,0
20090206,1.6402,1.7476,1.6402,1.7476,7106,0
20090209,1.6597,1.7378,1.6597,1.7085,19083,0
20090210,1.7183,1.7964,1.7183,1.7378,12289,0
20090211,1.689,1.7866,1.689,1.7866,4404,0
20090212,1.6988,1.7573,1.689,1.7573,836,0
20090213,1.7378,1.7378,1.7378,1.7378,1157,0
20090216,1.7476,1.7476,1.7476,1.7476,4609,0
20090217,1.689,1.7573,1.6695,1.6695,6367,0
20090218,1.6109,1.6695,1.6109,1.6695,6488,0
20090219,1.6792,1.7085,1.6792,1.7085,5633,0
20090220,1.6695,1.7378,1.6207,1.7378,15380,0
20090224,1.6597,1.6792,1.6304,1.6792,17629,0
20090225,1.6402,1.7183,1.6304,1.7183,14248,0
20090226,1.7183,1.7573,1.6402,1.7183,12710,0
20090302,1.6402,1.6792,1.6304,1.6792,2611,0
20090303,1.6988,1.6988,1.6695,1.6695,2690,0
20090304,1.6695,1.7378,1.6597,1.7378,3759,0
20090305,1.6597,1.6597,1.6597,1.6597,1417,0
20090306,1.7183,1.7183,1.7183,1.7183,1,0
20090309,1.6792,1.6988,1.6792,1.6988,2561,0
20090310,1.6792,1.7183,1.6792,1.7183,2396,0
20090311,1.6792,1.6988,1.6792,1.6792,6350,0
20090312,1.7573,1.7573,1.7573,1.7573,1,0
20090313,1.7573,1.7573,1.7378,1.7378,6875,0
20090316,1.7573,1.7573,1.7573,1.7573,1264,0
20090317,1.7085,1.7085,1.7085,1.7085,535,0
20090318,1.7183,1.7183,1.7183,1.7183,994,0
20090319,1.7476,1.7476,1.7476,1.7476,410,0
20090320,1.7573,1.7573,1.7085,1.7085,1064,0
20090323,1.7573,1.894,1.7281,1.894,16851,0
20090324,1.894,2.0014,1.894,1.9331,23437,0
20090325,1.9819,1.9917,1.8745,1.9819,4161,0
20090326,1.9917,1.9917,1.9331,1.9331,2064,0
20090327,1.8745,1.9428,1.855,1.9428,4816,0
20090330,1.9526,1.9526,1.8062,1.855,7072,0
20090331,1.855,1.855,1.855,1.855,440,0
20090401,1.7866,1.855,1.7573,1.7866,10642,0
20090402,1.7866,1.8843,1.7866,1.8745,11789,0
20090403,1.8647,1.8843,1.855,1.8843,14698,0
20090406,1.9038,2.0502,1.8062,1.9233,36284,0
20090407,1.8843,1.9526,1.8843,1.9526,4184,0
20090408,1.9526,2.0014,1.894,1.9526,27222,0
20090409,2.0014,2.3431,1.9038,2.2748,47253,0
20090414,2.2943,2.3138,2.1576,2.2064,19362,0
20090415,2.1479,2.1967,2.0991,2.1479,5353,0
20090416,2.1479,2.1967,2.0014,2.0698,28319,0
20090417,2.0795,2.0893,2.0209,2.0209,4590,0
20090420,1.9917,2.1479,1.9624,2.0112,6897,0
20090421,2.0112,2.06,1.9917,2.06,1536,0
20090422,2.0112,2.2455,2.0112,2.1479,24435,0
20090423,2.1479,2.2357,2.1479,2.2357,10,0
20090424,2.2357,2.2455,2.1479,2.1479,3431,0
20090427,2.1479,2.1674,2.0991,2.0991,7812,0
20090428,2.0698,2.0698,2.0502,2.0502,21100,0
20090429,2.1479,2.1479,2.1479,2.1479,26,0
20090430,2.1479,2.1772,2.0991,2.1479,7959,0
20090504,2.1967,2.2553,2.1674,2.2455,21443,0
20090505,2.1967,2.265,2.1479,2.1576,4649,0
20090506,2.2357,2.2845,2.1479,2.1576,12837,0
20090507,2.2553,2.2943,2.2064,2.2943,15021,0
20090508,2.2943,2.3431,2.1772,2.2064,13418,0
20090511,2.3334,2.3334,2.1967,2.2162,16542,0
20090512,2.2943,2.3334,2.1772,2.1772,53746,0
20090513,2.1967,2.2943,2.1576,2.2455,18814,0
20090514,2.1772,2.265,2.1576,2.265,9833,0
20090515,2.1674,2.2455,2.1674,2.2455,5808,0
20090518,2.1283,2.226,2.1283,2.1967,4430,0
20090519,2.2455,2.2455,2.1576,2.2357,1638,0
20090520,2.2357,2.2943,2.1576,2.2357,17249,0
20090521,2.1967,2.1967,2.1674,2.1674,7733,0
20090522,2.1674,2.2455,2.1576,2.2455,10433,0
20090525,2.1674,2.2455,2.1088,2.2455,11329,0
20090526,2.0893,2.1283,2.0502,2.1283,14897,0
20090527,2.1479,2.1479,2.1479,2.1479,102,0
20090528,2.1479,2.1479,2.1381,2.1381,349,0
20090529,2.1,2.13,2.1,2.13,5094,0
20090601,2.1479,2.2064,2.1479,2.2064,8708,0
20090602,2.2162,2.2845,2.2064,2.2455,19339,0
20090603,2.2455,2.2455,2.2064,2.2455,9483,0
20090604,2.2357,2.2455,2.2162,2.2455,9843,0
20090605,2.2943,2.3431,2.2748,2.2845,18933,0
20090608,2.2748,2.2943,2.2455,2.2553,3559,0
20090609,2.2553,2.265,2.1869,2.2064,16860,0
20090610,2.2064,2.2553,2.2064,2.2455,7977,0
20090612,2.1967,2.1967,2.1869,2.1869,7457,0
20090615,2.2064,2.2064,2.2064,2.2064,615,0
20090616,2.2455,2.2455,2.1772,2.1772,2991,0
20090617,2.1772,2.1772,2.1674,2.1674,1929,0
20090618,2.1479,2.226,2.0014,2.1674,7352,0
20090619,2.1674,2.1674,2.1381,2.1381,1923,0
20090622,2.1674,2.1674,2.0502,2.1381,737,0
20090623,2.2064,2.2064,2.0307,2.0795,4903,0
20090624,2.1479,2.1479,2.0991,2.0991,615,0
20090625,2.06,2.0991,2.06,2.0991,112,0
20090626,2.15,2.15,2.09,2.11,4398,0
20090629,2.07,2.07,2.04,2.05,8832,0
20090630,2.05,2.07,2.05,2.07,1475,0
20090701,2.1869,2.1967,2.1869,2.1967,1024,0
20090703,2.1088,2.1088,2.0795,2.0795,2513,0
20090707,2.09,2.19,2.09,2.19,1757,0
20090708,2.17,2.17,2.17,2.17,512,0
20090709,2.09,2.17,2.09,2.17,124,0
20090710,2.1,2.17,2.08,2.08,3442,0
20090713,2.08,2.1,2,2.1,8063,0
20090714,2.1,2.1,2.05,2.06,5293,0
20090715,2.06,2.14,2.06,2.14,510,0
20090716,2.15,2.2,2.08,2.1,8723,0
20090717,2.1,2.1,2.08,2.08,4200,0
20090720,2.09,2.09,2.08,2.08,4802,0
20090721,2.07,2.07,2.07,2.07,1000,0
20090722,2.07,2.11,2.07,2.11,1010,0
20090723,2.11,2.15,2.1,2.15,2553,0
20090724,2.1,2.16,2.1,2.16,4142,0
20090727,2.2,2.28,2.2,2.28,18445,0
20090728,2.27,2.85,2.27,2.85,152768,0
20090729,3.97,3.97,3.9,3.97,159353,0
20090730,4.91,4.91,3.6,4.04,449259,0
20090731,4.05,4.05,3.37,3.74,101780,0
20090803,3.83,3.83,3.5,3.78,53254,0
20090804,3.78,3.78,3.4,3.5,57610,0
20090805,3.53,3.6,3.5,3.59,25588,0
20090806,3.5,3.5,3.36,3.44,12372,0
20090807,3.46,3.5,3.3,3.5,21979,0
20090810,3.49,3.49,3.3,3.39,16220,0
20090811,3.35,3.35,3.2,3.28,30971,0
20090812,3.2,3.2,3.07,3.1,24744,0
20090813,3.24,3.41,3.13,3.41,44860,0
20090814,3.44,3.95,3.29,3.62,86310,0
20090817,3.59,3.65,3.4,3.55,11013,0
20090818,3.51,3.59,3.41,3.52,7915,0
20090819,3.59,3.59,3.3,3.5,12457,0
20090820,3.54,3.55,3.4,3.52,19291,0
20090821,3.52,3.55,3.41,3.52,13811,0
20090824,3.53,3.53,3.35,3.49,8015,0
20090825,3.36,3.48,3.36,3.46,13329,0
20090826,3.47,3.49,3.37,3.47,5156,0
20090827,3.49,3.49,3.34,3.45,6593,0
20090828,3.45,3.48,3.34,3.48,15666,0
20090831,3.48,3.48,3.34,3.46,4388,0
20090901,3.35,3.46,3.15,3.3,13954,0
20090902,3.12,3.25,3.07,3.19,2917,0
20090903,3.3,3.3,3.15,3.29,1571,0
20090904,3.13,3.29,3.07,3.13,17136,0
20090907,3.13,3.25,3.1,3.2,9241,0
20090908,3.25,3.27,3.08,3.15,9000,0
20090909,3.2,3.2,2.95,3.09,14307,0
20090910,3.2,3.2,3,3.19,3073,0
20090911,3.14,3.14,3.14,3.14,334,0
20090914,3.13,3.14,3.02,3.14,928,0
20090915,3.02,3.14,2.94,3.1,1743,0
20090916,3.13,3.73,3.13,3.42,147268,0
20090917,3.42,3.58,3.4,3.45,37120,0
20090918,3.38,3.5,3.33,3.36,15906,0
20090921,3.34,3.47,3.31,3.46,53329,0
20090922,3.46,3.65,3.35,3.48,35732,0
20090923,3.51,3.64,3.45,3.45,14623,0
20090924,3.5,3.5,3.4,3.45,3879,0
20090925,3.56,4.3,3.56,4.17,270906,0
20090928,4.12,4.12,3.84,3.88,127848,0
20090929,3.97,3.97,3.71,3.76,31240,0
20090930,3.79,3.94,3.6,3.67,33430,0
20091001,3.6,3.72,3.53,3.53,15982,0
20091002,3.5,3.64,3.45,3.55,12589,0
20091005,3.58,3.7,3.51,3.65,5637,0
20091006,3.73,3.73,3.52,3.52,10302,0
20091007,3.53,3.65,3.51,3.54,14036,0
20091008,3.5,3.8,3.5,3.8,20841,0
20091009,3.79,3.85,3.67,3.74,7905,0
20091012,3.75,3.8,3.71,3.79,16420,0
20091013,3.8,3.8,3.5,3.5,20956,0
20091014,3.46,3.6,3.45,3.5,7087,0
20091015,3.57,3.58,3.36,3.36,16323,0
20091016,3.43,3.49,3.36,3.41,13951,0
20091019,3.57,3.57,3.41,3.42,14529,0
20091020,3.38,3.45,3.36,3.37,12753,0
20091021,3.48,3.48,3.36,3.41,8310,0
20091022,3.46,3.46,3.36,3.41,507,0
20091023,3.46,3.46,3.35,3.46,5721,0
20091026,3.36,3.42,3.35,3.42,1794,0
20091027,3.41,3.41,3.34,3.34,13191,0
20091028,3.31,3.32,3.29,3.31,2180,0
20091029,3.3,3.46,3,3.2,37483,0
20091030,3.21,3.35,3.21,3.33,6241,0
20091102,3.34,3.35,3.1,3.2,17334,0
20091103,3.21,3.24,3.07,3.2,4451,0
20091104,3.38,3.38,3.13,3.35,10374,0
20091105,3.4,3.4,3.35,3.35,1409,0
20091106,3.35,3.35,3.17,3.26,3700,0
20091109,3.2,3.35,3.2,3.31,10418,0
20091110,3.4,3.42,3.38,3.38,3388,0
20091112,3.34,3.49,3.31,3.46,11020,0
20091113,3.5,3.5,3.4,3.48,2987,0
20091116,3.34,3.34,3.23,3.3,24148,0
20091117,3.29,3.29,3.17,3.19,9225,0
20091118,3.25,3.25,3.12,3.24,9574,0
20091119,3.23,3.23,3.11,3.15,5174,0
20091120,3.2,3.2,3.12,3.2,5131,0
20091123,3.15,3.2,3.06,3.1,4019,0
20091124,3.06,3.3,3.06,3.2,9818,0
20091125,3.2,3.3,3.15,3.26,3589,0
20091126,3.18,3.26,3.12,3.23,11253,0
20091127,3.14,3.26,3.05,3.2,15118,0
20091130,3.21,3.25,3.1,3.24,5604,0
20091201,3.29,3.29,3.16,3.24,7026,0
20091202,3.24,3.24,3.11,3.2,4093,0
20091203,3.2,3.25,3.18,3.24,2769,0
20091204,3.2,3.24,3.1,3.24,6724,0
20091207,3.11,3.17,3.07,3.16,13587,0
20091208,3.11,3.23,3.11,3.12,1216,0
20091209,3.2,3.2,3.11,3.19,663,0
20091210,3.1,3.16,3.1,3.13,5136,0
20091211,3.16,3.16,3,3.16,5829,0
20091214,3.15,3.16,3.1,3.14,3245,0
20091215,3.1,3.1,3,3.03,15745,0
20091216,3.03,3.15,2.96,3.04,3502,0
20091217,3,3,2.95,3,3689,0
20091218,3.04,3.15,2.95,2.98,3682,0
20091221,2.98,3.05,2.9,3.05,2320,0
20091222,3.09,3.1,2.9,3.04,5819,0
20091223,3.09,3.09,2.93,2.98,1980,0
20091228,2.95,3.08,2.95,3.06,5476,0
20091229,3.1,3.1,3.04,3.08,3377,0
20091230,3.08,3.2,3.02,3.1,9351,0
20091231,3.02,3.13,3.01,3.1,1944,0
20100104,3.1,3.24,3.04,3.13,5860,0
20100105,3.1,3.18,3,3.05,19537,0
20100106,3.04,3.15,3.03,3.1,6109,0
20100107,3.14,3.14,3.05,3.06,5390,0
20100108,3.09,3.12,3.05,3.1,7249,0
20100111,3.14,3.14,3.05,3.14,5828,0
20100112,3.06,3.14,3.04,3.07,4819,0
20100113,3.04,3.16,3,3.16,12570,0
20100114,3.2,3.23,3.1,3.23,6423,0
20100115,3.23,3.35,3.15,3.28,16261,0
20100118,3.17,3.33,3.15,3.28,4005,0
20100119,3.3,3.3,3.18,3.29,8617,0
20100120,3.2,3.28,3.18,3.23,9544,0
20100121,3.27,3.39,3.14,3.14,14444,0
20100122,3.1,3.1,3.03,3.04,11603,0
20100125,3.05,3.1,3.01,3.05,8329,0
20100126,3.09,3.09,3.01,3.01,13919,0
20100127,3.01,3.05,3.01,3.05,698,0
20100128,3.01,3.12,3.01,3.01,4757,0
20100129,3.01,3.05,3.01,3.05,3275,0
20100201,2.9,3.04,2.9,3.03,2910,0
20100202,2.86,3.07,2.86,3.07,2642,0
20100203,3.05,3.06,2.98,3.06,650,0
20100204,3.07,3.14,3,3.14,1761,0
20100205,3,3.05,2.9,3,6415,0
20100208,2.86,3,2.86,2.89,8200,0
20100209,2.97,2.98,2.87,2.98,2668,0
20100210,2.98,3.12,2.98,3.12,1300,0
20100211,3.11,3.11,2.92,3.06,1140,0
20100212,3.08,3.13,2.95,3.13,5645,0
20100215,2.97,3.12,2.97,3.12,2117,0
20100216,3.01,3.08,3,3,18396,0
20100217,3,3.05,2.96,2.97,4801,0
20100218,3.04,3.05,2.95,2.96,823,0
20100219,2.97,3,2.97,3,1470,0
20100222,3,3.04,2.9,2.97,2442,0
20100223,3,3,2.88,2.9,8006,0
20100224,2.9,2.9,2.9,2.9,1651,0
20100225,2.9,2.97,2.7,2.83,29776,0
20100226,2.83,2.92,2.71,2.85,22621,0
20100301,2.75,2.92,2.75,2.9,1012,0
20100302,2.8,2.88,2.74,2.88,2058,0
20100303,2.8,2.85,2.76,2.83,5288,0
20100304,2.75,2.9,2.73,2.88,7486,0
20100305,2.89,2.97,2.78,2.96,11419,0
20100308,2.97,2.97,2.92,2.92,1185,0
20100309,2.89,2.98,2.88,2.9,4035,0
20100310,2.86,2.9,2.83,2.9,2700,0
20100311,2.86,2.98,2.86,2.91,5165,0
20100312,2.91,3,2.87,2.88,23041,0
20100315,2.86,2.9,2.77,2.9,13480,0
20100316,2.81,2.98,2.81,2.86,12539,0
20100317,2.9,3.08,2.88,3.04,29821,0
20100318,3.05,3.05,2.91,3.02,11895,0
20100319,3,3.08,2.96,2.99,8062,0
20100322,2.95,2.99,2.92,2.93,8703,0
20100323,2.93,3.05,2.92,3.03,11862,0
20100324,2.95,3.06,2.95,2.95,5945,0
20100325,3.04,3.04,2.93,2.93,11295,0
20100326,2.94,3.3,2.94,3.16,70781,0
20100329,3.18,3.24,3.08,3.09,18130,0
20100330,3.08,3.18,3.02,3.03,6109,0
20100331,3.03,3.12,3.03,3.1,2236,0
20100401,3.06,3.1,2.96,2.98,15185,0
20100406,3,3.25,3,3.15,25822,0
20100407,3.11,3.21,3.07,3.17,13291,0
20100408,3.07,3.1,3.07,3.07,2481,0
20100409,3.14,3.14,3.1,3.1,2949,0
20100412,3.1,3.17,3.09,3.17,6742,0
20100413,3.19,3.25,3.15,3.24,6090,0
20100414,3.24,3.3,3.21,3.28,26364,0
20100415,3.29,3.39,3.22,3.22,49891,0
20100416,3.16,3.22,3.11,3.21,9524,0
20100419,3.15,3.15,2.92,3,9891,0
20100420,3,3.07,2.96,3,10659,0
20100421,3,3.02,2.95,2.95,6774,0
20100422,2.93,2.94,2.92,2.92,3501,0
20100423,2.88,3.04,2.86,3,10186,0
20100426,3,3.09,3,3.05,6703,0
20100427,2.98,3.05,2.98,3.03,3165,0
20100428,2.96,3.03,2.96,3.02,1060,0
20100429,2.95,3,2.92,2.93,7410,0
20100430,2.97,3.03,2.96,3.03,5380,0
20100504,2.97,3.03,2.94,2.99,4655,0
20100505,2.93,2.96,2.8,2.95,9862,0
20100506,2.85,2.95,2.85,2.94,1461,0
20100507,2.83,2.88,2.75,2.81,5044,0
20100510,2.81,2.94,2.8,2.83,10116,0
20100511,2.92,2.92,2.76,2.87,1776,0
20100512,2.93,2.93,2.75,2.83,20941,0
20100513,2.82,2.86,2.79,2.81,13444,0
20100514,2.82,2.82,2.82,2.82,633,0
20100517,2.78,2.78,2.73,2.78,1227,0
20100518,2.71,2.78,2.71,2.72,460,0
20100519,2.78,2.78,2.6,2.68,3194,0
20100520,2.62,2.71,2.52,2.69,8141,0
20100521,2.71,2.71,2.56,2.68,4994,0
20100524,2.69,2.69,2.6,2.65,11673,0
20100525,2.55,2.65,2.55,2.55,3254,0
20100526,2.68,2.68,2.58,2.58,801,0
20100527,2.58,2.67,2.58,2.67,3709,0
20100528,2.65,2.7,2.65,2.69,10010,0
20100531,2.65,2.7,2.61,2.63,410,0
20100601,2.63,2.66,2.61,2.66,1221,0
20100602,2.61,2.7,2.61,2.61,6555,0
20100604,2.62,2.64,2.61,2.64,1967,0
20100608,2.52,2.65,2.52,2.62,7754,0
20100609,2.68,2.68,2.68,2.68,30,0
20100610,2.65,2.68,2.6,2.68,2082,0
20100611,2.68,2.68,2.62,2.65,2327,0
20100614,2.69,2.69,2.54,2.63,6272,0
20100615,2.55,2.68,2.55,2.58,3380,0
20100616,2.65,2.65,2.55,2.6,2791,0
20100617,2.56,2.6,2.55,2.58,1497,0
20100618,2.58,2.58,2.51,2.58,4760,0
20100621,2.6,2.6,2.47,2.56,6818,0
20100622,2.6,2.6,2.49,2.56,3699,0
20100623,2.55,2.56,2.5,2.55,564,0
20100624,2.48,2.5,2.42,2.5,1339,0
20100625,2.45,2.5,2.4,2.42,4012,0
20100628,2.37,2.51,2.37,2.49,2300,0
20100629,2.43,2.59,2.43,2.59,362,0
20100630,2.55,2.59,2.41,2.55,7737,0
20100701,2.59,2.59,2.53,2.53,427,0
20100702,2.55,2.55,2.51,2.53,675,0
20100705,2.64,2.64,2.51,2.6,1115,0
20100706,2.6,2.6,2.48,2.57,3055,0
20100708,2.52,2.53,2.45,2.45,2530,0
20100709,2.45,2.45,2.45,2.45,1,0
20100712,2.54,2.54,2.46,2.46,70,0
20100713,2.46,2.54,2.44,2.46,2690,0
20100714,2.5,2.55,2.5,2.55,300,0
20100715,2.46,2.46,2.46,2.46,247,0
20100716,2.46,2.48,2.31,2.48,4684,0
20100719,2.43,2.55,2.37,2.53,1116,0
20100720,2.5,2.53,2.41,2.53,11621,0
20100721,2.46,2.53,2.46,2.53,6727,0
20100722,2.55,2.55,2.52,2.52,1607,0
20100723,2.5,2.52,2.5,2.5,3029,0
20100726,2.52,2.52,2.52,2.52,540,0
20100727,2.51,2.64,2.49,2.6,7507,0
20100728,2.6,2.64,2.56,2.6,5263,0
20100729,2.6,2.6,2.6,2.6,800,0
20100730,2.65,2.65,2.59,2.6,3214,0
20100802,2.65,2.85,2.6,2.78,19052,0
20100803,2.78,2.8,2.67,2.76,10139,0
20100804,2.7,2.7,2.62,2.65,9503,0
20100805,2.64,2.65,2.6,2.6,5991,0
20100806,2.61,2.64,2.55,2.61,10974,0
20100809,2.67,2.67,2.67,2.67,2467,0
20100810,2.67,2.67,2.56,2.56,4468,0
20100811,2.66,2.66,2.57,2.64,242,0
20100812,2.57,2.6,2.53,2.53,7988,0
20100813,2.6,2.65,2.48,2.63,4194,0
20100816,2.63,2.65,2.5,2.53,9755,0
20100817,2.55,2.61,2.55,2.61,2292,0
20100818,2.62,2.65,2.56,2.65,1202,0
20100819,2.56,2.65,2.52,2.64,5200,0
20100820,2.64,2.66,2.64,2.65,1360,0
20100823,2.65,2.69,2.65,2.68,5835,0
20100824,2.58,2.67,2.58,2.67,713,0
20100825,2.65,2.65,2.65,2.65,25,0
20100826,2.63,2.63,2.58,2.63,2539,0
20100827,2.52,2.63,2.52,2.63,3631,0
20100830,2.51,2.51,2.45,2.45,2500,0
20100831,2.5,2.5,2.42,2.42,18000,0
20100901,2.42,2.53,2.42,2.53,1591,0
20100902,2.48,2.54,2.46,2.53,7698,0
20100903,2.55,2.62,2.53,2.54,5406,0
20100906,2.62,2.63,2.51,2.63,3334,0
20100907,2.54,2.61,2.53,2.61,603,0
20100908,2.61,2.65,2.61,2.65,3070,0
20100909,2.58,2.63,2.55,2.59,1720,0
20100910,2.64,2.64,2.57,2.57,1455,0
20100913,2.57,2.59,2.55,2.59,1150,0
20100914,2.57,2.63,2.57,2.63,2550,0
20100915,2.6,2.61,2.59,2.59,5265,0
20100916,2.59,2.68,2.59,2.68,12699,0
20100917,2.7,2.7,2.62,2.62,5498,0
20100920,2.65,2.65,2.6,2.61,4829,0
20100921,2.6,2.6,2.6,2.6,900,0
20100922,2.68,2.68,2.55,2.61,8690,0
20100923,2.6,2.6,2.56,2.56,884,0
20100924,2.6,2.64,2.56,2.64,618,0
20100927,2.64,2.64,2.64,2.64,2300,0
20100928,2.57,2.63,2.56,2.56,1202,0
20100929,2.63,2.63,2.56,2.58,1790,0
20100930,2.6,2.6,2.54,2.54,900,0
20101001,2.54,2.61,2.54,2.61,1652,0
20101004,2.61,2.62,2.56,2.62,1617,0
20101005,2.57,2.59,2.56,2.59,4786,0
20101006,2.56,2.64,2.56,2.6,3709,0
20101007,2.57,2.6,2.57,2.6,510,0
20101008,2.6,2.67,2.6,2.67,880,0
20101011,2.65,2.67,2.6,2.65,5841,0
20101012,2.6,2.67,2.6,2.6,2501,0
20101013,2.66,2.66,2.58,2.65,2311,0
20101014,2.58,2.64,2.58,2.64,476,0
20101015,2.64,2.65,2.6,2.6,2890,0
20101018,2.57,2.6,2.53,2.6,8362,0
20101019,2.54,2.6,2.53,2.6,910,0
20101020,2.58,2.58,2.58,2.58,900,0
20101021,2.59,2.65,2.56,2.59,11809,0
20101022,2.61,2.61,2.49,2.49,31036,0
20101025,2.47,2.58,2.47,2.47,11391,0
20101026,2.47,2.58,2.47,2.58,507,0
20101027,2.57,2.58,2.57,2.58,2200,0
20101102,2.57,2.62,2.57,2.57,4902,0
20101103,2.6,2.6,2.6,2.6,1,0
20101104,2.55,2.61,2.54,2.61,7399,0
20101105,2.61,2.8,2.61,2.77,67356,0
20101108,2.84,3.4,2.84,3.12,172820,0
20101109,3.1,3.22,2.9,3.01,74682,0
20101110,3.02,3.02,2.87,2.87,21218,0
20101112,2.94,2.94,2.82,2.94,13567,0
20101115,2.87,2.9,2.84,2.84,13372,0
20101116,2.84,2.85,2.7,2.84,30386,0
20101117,2.83,2.83,2.69,2.74,7709,0
20101118,2.83,2.83,2.64,2.7,13712,0
20101119,2.74,2.74,2.5,2.65,6885,0
20101122,2.64,2.65,2.51,2.62,7055,0
20101123,2.52,2.7,2.52,2.7,8589,0
20101124,2.68,2.68,2.68,2.68,350,0
20101125,2.7,2.71,2.7,2.71,300,0
20101126,2.63,2.68,2.58,2.62,2066,0
20101129,2.58,2.63,2.51,2.62,1901,0
20101130,2.51,2.62,2.51,2.62,545,0
20101201,2.52,2.61,2.52,2.61,8787,0
20101202,2.6,2.77,2.6,2.63,13535,0
20101203,2.69,2.69,2.62,2.67,1400,0
20101206,2.69,2.71,2.62,2.69,7235,0
20101207,2.77,2.77,2.65,2.7,16448,0
20101208,2.67,2.67,2.67,2.67,919,0
20101209,2.67,2.74,2.67,2.74,282,0
20101210,2.65,2.74,2.64,2.74,2180,0
20101213,2.7,2.74,2.66,2.74,2962,0
20101214,2.66,2.66,2.66,2.66,2180,0
20101215,2.64,2.7,2.62,2.7,4403,0
20101216,2.73,2.73,2.55,2.73,151,0
20101217,2.64,2.66,2.57,2.58,3835,0
20101220,2.55,2.67,2.55,2.59,27733,0
20101221,2.58,2.58,2.55,2.56,9847,0
20101222,2.58,2.58,2.55,2.55,1160,0
20101223,2.55,2.58,2.54,2.58,2001,0
20101227,2.53,2.53,2.5,2.51,8706,0
20101228,2.55,2.56,2.46,2.48,9269,0
20101229,2.46,2.55,2.45,2.55,550,0
20101230,2.47,2.8,2.47,2.57,26833,0
20101231,2.7,2.7,2.52,2.53,11506,0
20110103,2.6,2.62,2.55,2.58,6331,0
20110104,2.58,2.66,2.53,2.53,22998,0
20110105,2.66,2.66,2.55,2.6,1884,0
20110107,2.59,2.59,2.52,2.59,1553,0
20110110,2.53,2.54,2.53,2.53,1200,0
20110111,2.58,2.58,2.53,2.58,242,0
20110112,2.54,2.58,2.53,2.58,3624,0
20110113,2.58,2.67,2.53,2.64,10859,0
20110114,2.54,2.61,2.51,2.59,4634,0
20110117,2.51,2.58,2.46,2.53,8060,0
20110118,2.52,2.54,2.49,2.54,4833,0
20110119,2.49,2.52,2.47,2.52,6783,0
20110120,2.53,2.57,2.45,2.45,3095,0
20110121,2.56,2.57,2.48,2.57,11007,0
20110124,2.49,2.51,2.47,2.51,3500,0
20110125,2.5,2.5,2.48,2.48,2000,0
20110126,2.5,2.5,2.47,2.47,2377,0
20110127,2.47,2.48,2.47,2.48,2400,0
20110128,2.48,2.56,2.48,2.56,350,0
20110131,2.49,2.51,2.48,2.51,4008,0
20110201,2.48,2.48,2.47,2.47,3103,0
20110202,2.47,2.63,2.47,2.6,16036,0
20110203,2.52,2.55,2.51,2.55,5954,0
20110204,2.5,2.57,2.49,2.49,4744,0
20110207,2.55,2.55,2.48,2.55,4451,0
20110208,2.54,2.54,2.54,2.54,200,0
20110209,2.5,2.82,2.5,2.79,111959,0
20110210,2.77,2.79,2.76,2.76,38381,0
20110211,2.79,2.84,2.68,2.7,10979,0
20110214,2.7,2.74,2.67,2.74,6168,0
20110215,2.7,2.7,2.67,2.7,4890,0
20110216,2.67,2.8,2.67,2.8,4396,0
20110217,2.82,2.82,2.82,2.82,1300,0
20110218,2.68,2.68,2.67,2.67,2500,0
20110221,2.81,2.81,2.64,2.7,5484,0
20110222,2.79,2.79,2.65,2.79,2002,0
20110223,2.68,2.76,2.68,2.76,744,0
20110224,2.68,2.77,2.68,2.77,6460,0
20110225,2.77,2.82,2.71,2.77,5433,0
20110228,2.81,3.04,2.79,3.01,36387,0
20110301,2.9,2.95,2.8,2.82,21245,0
20110302,2.92,2.92,2.74,2.74,9478,0
20110303,2.75,2.86,2.75,2.81,4670,0
20110304,2.81,2.86,2.76,2.86,1185,0
20110308,2.76,2.76,2.76,2.76,1400,0
20110309,2.76,2.76,2.68,2.76,5150,0
20110311,2.84,2.84,2.66,2.83,2171,0
20110314,2.82,2.82,2.73,2.74,1505,0
20110315,2.62,2.65,2.57,2.65,7052,0
20110316,2.61,2.67,2.6,2.67,3500,0
20110317,2.67,2.67,2.67,2.67,600,0
20110318,2.67,2.67,2.67,2.67,200,0
20110321,2.61,2.67,2.61,2.67,1234,0
20110322,2.62,2.62,2.62,2.62,2400,0
20110325,2.69,2.7,2.69,2.7,300,0
20110329,2.65,2.79,2.62,2.62,2930,0
20110330,2.72,2.79,2.63,2.63,8698,0
20110401,2.7,2.7,2.7,2.7,43,0
20110404,2.69,2.69,2.69,2.69,800,0
20110406,2.62,2.74,2.62,2.62,1366,0
20110408,2.63,2.66,2.63,2.66,4215,0
20110411,2.65,2.66,2.58,2.66,4682,0
20110412,2.73,2.73,2.66,2.67,173,0
20110413,2.57,2.75,2.53,2.75,5541,0
20110414,2.63,2.63,2.62,2.62,2918,0
20110415,2.58,2.63,2.55,2.56,3779,0
20110418,2.72,2.72,2.6,2.66,1343,0
20110419,2.64,2.66,2.64,2.66,3000,0
20110420,2.66,2.66,2.66,2.66,6,0
20110421,2.6,2.7,2.6,2.7,2250,0
20110428,2.62,2.68,2.62,2.68,2045,0
20110429,2.62,2.69,2.55,2.69,892,0
20110504,2.65,2.65,2.65,2.65,1740,0
20110506,2.69,2.69,2.66,2.66,1218,0
20110509,2.66,2.66,2.6,2.6,724,0
20110510,2.6,2.6,2.6,2.6,1200,0
20110511,2.62,2.62,2.6,2.6,1900,0
20110512,2.6,2.63,2.6,2.63,1233,0
20110513,2.62,2.68,2.62,2.68,5670,0
20110516,2.68,2.74,2.6,2.72,20465,0
20110517,2.72,2.72,2.6,2.7,2107,0
20110518,2.65,2.86,2.65,2.86,18136,0
20110519,2.86,3,2.81,2.84,14440,0
20110520,2.89,2.89,2.75,2.81,5259,0
20110523,2.7,2.8,2.7,2.8,1364,0
20110524,2.8,2.84,2.78,2.8,2574,0
20110525,2.84,2.84,2.71,2.83,2061,0
20110526,2.91,2.94,2.9,2.93,1069,0
20110527,2.92,2.92,2.79,2.89,1299,0
20110530,2.79,2.86,2.78,2.78,1451,0
20110531,2.76,2.81,2.73,2.81,4019,0
20110601,2.77,2.77,2.77,2.77,70,0
20110603,2.76,2.82,2.66,2.82,1878,0
20110606,2.61,2.7,2.61,2.7,2346,0
20110607,2.78,2.78,2.78,2.78,25,0
20110610,2.84,2.84,2.84,2.84,10,0
20110614,2.62,2.79,2.62,2.78,901,0
20110615,2.62,2.76,2.62,2.7,2652,0
20110616,2.78,2.78,2.78,2.78,9,0
20110617,2.6,2.76,2.6,2.76,375,0
20110620,2.6,2.77,2.54,2.62,10398,0
20110621,2.61,2.73,2.57,2.64,4018,0
20110622,2.6,2.64,2.6,2.64,1100,0
20110624,2.62,2.62,2.62,2.62,43,0
20110627,2.55,2.59,2.5,2.59,4640,0
20110628,2.58,2.58,2.48,2.54,8869,0
20110629,2.56,2.56,2.56,2.56,420,0
20110630,2.56,2.56,2.56,2.56,1000,0
20110701,2.53,2.65,2.53,2.64,2397,0
20110704,2.59,2.7,2.59,2.7,1556,0
20110706,2.55,2.64,2.55,2.59,744,0
20110708,2.65,2.65,2.5,2.52,1637,0
20110711,2.52,2.52,2.52,2.52,664,0
20110712,2.35,2.49,2.35,2.38,3830,0
20110713,2.43,2.51,2.42,2.5,1007,0
20110714,2.42,2.5,2.33,2.48,530,0
20110715,2.57,2.57,2.33,2.57,10,0
20110718,2.35,2.53,2.35,2.53,17,0
20110720,2.35,2.48,2.35,2.48,2198,0
20110721,2.45,2.45,2.45,2.45,200,0
20110722,2.38,2.44,2.38,2.44,945,0
20110725,2.44,2.5,2.3,2.5,861,0
20110726,2.31,2.5,2.31,2.5,1967,0
20110729,2.46,2.5,2.35,2.49,2145,0
20110801,2.36,2.49,2.3,2.49,914,0
20110803,2.4,2.47,2.25,2.46,2515,0
20110804,2.23,2.47,2.23,2.26,6456,0
20110805,2.24,2.24,2.05,2.23,7916,0
20110808,2.15,2.15,1.95,1.95,3557,0
20110809,2,2,1.73,1.95,5640,0
20110810,1.84,1.98,1.78,1.98,3533,0
20110811,1.97,2,1.96,2,1206,0
20110812,1.91,2.2,1.9,2.02,7841,0
20110816,2.06,2.2,2.06,2.2,596,0
20110817,2.07,2.2,2.07,2.2,1002,0
20110818,2.24,2.24,1.99,2.18,4273,0
20110819,2.05,2.06,2.05,2.06,3902,0
20110823,1.9,2.06,1.9,2.06,389,0
20110824,2.03,2.03,2.03,2.03,400,0
20110825,2.05,2.3,2.05,2.3,2591,0
20110826,2.11,2.29,2.11,2.29,502,0
20110829,2.11,2.3,2.07,2.3,4318,0
20110831,2.1,2.24,2.1,2.24,301,0
20110901,2.12,2.12,2.12,2.12,2000,0
20110902,2.14,2.14,2.01,2.01,3153,0
20110905,2.08,2.08,2.08,2.08,1,0
20110906,1.9,2.08,1.9,2.08,422,0
20110907,2.01,2.01,2.01,2.01,343,0
20110908,2.13,2.13,2.13,2.13,1,0
20110913,1.92,2.01,1.92,1.92,1642,0
20110914,2.11,2.11,1.74,1.85,15127,0
20110915,1.73,1.73,1.67,1.72,17753,0
20110916,1.73,1.78,1.66,1.75,5269,0
20110919,1.78,1.78,1.65,1.69,2984,0
20110920,1.62,1.78,1.53,1.78,12210,0
20110922,1.64,1.75,1.6,1.75,5600,0
20110923,1.56,1.75,1.56,1.75,335,0
20110926,1.74,1.83,1.74,1.82,2802,0
20110929,1.64,1.8,1.64,1.64,5288,0
20110930,1.79,1.79,1.79,1.79,2,0
20111003,1.78,1.78,1.66,1.7,991,0
20111004,1.65,1.7,1.62,1.7,1988,0
20111005,1.7,1.7,1.7,1.7,134,0
20111007,1.71,1.8,1.71,1.8,2473,0
20111010,1.77,1.77,1.77,1.77,254,0
20111011,1.7,1.77,1.7,1.77,604,0
20111012,1.77,1.85,1.77,1.85,5785,0
20111013,1.86,1.95,1.86,1.95,7316,0
20111014,2.25,2.25,1.93,2.2,1161,0
20111017,2.19,2.19,2.19,2.19,125,0
20111018,1.98,2.09,1.98,2.09,1530,0
20111019,2.08,2.15,2.08,2.15,20,0
20111020,1.9,1.9,1.9,1.9,4000,0
20111021,2.08,2.08,2.08,2.08,10,0
20111024,2.09,2.09,1.83,1.83,9600,0
20111025,2.01,2.06,1.9,1.99,1203,0
20111026,1.85,1.98,1.85,1.98,340,0
20111028,1.9,1.9,1.9,1.9,1500,0
20111031,1.9,1.97,1.9,1.97,501,0
20111107,1.78,1.98,1.78,1.98,4004,0
20111108,1.95,2.05,1.95,2.05,2890,0
20111115,2.04,2.15,2.04,2.15,4000,0
20111116,1.95,2.09,1.94,2.05,2061,0
20111121,1.85,2,1.85,2,451,0
20111122,1.88,1.95,1.8,1.84,7134,0
20111123,1.7,1.97,1.67,1.97,5213,0
20111128,1.93,1.93,1.8,1.8,10349,0
20111129,1.92,1.92,1.92,1.92,50,0
20111130,1.95,1.95,1.95,1.95,17,0
20111202,1.75,1.77,1.75,1.77,2005,0
20111205,1.88,1.88,1.8,1.83,499,0
20111206,1.8,1.84,1.78,1.84,511,0
20111207,1.83,1.85,1.83,1.85,857,0
20111208,1.69,1.8,1.69,1.8,180,0
20111209,1.64,1.79,1.62,1.77,5336,0
20111213,1.63,1.77,1.63,1.77,24,0
20111214,1.63,1.67,1.63,1.67,1700,0
20111215,1.63,1.74,1.58,1.74,4598,0
20111216,1.61,1.72,1.61,1.72,2400,0
20111219,1.63,1.7,1.63,1.7,2435,0
20111220,1.58,1.7,1.58,1.7,526,0
20111221,1.6,1.6,1.6,1.6,1490,0
20111223,1.63,1.63,1.57,1.59,5024,0
20111227,1.49,1.63,1.49,1.53,6130,0
20111228,1.53,1.63,1.53,1.63,1010,0
20111229,1.53,1.57,1.53,1.57,1400,0
20111230,1.63,1.63,1.63,1.63,200,0
20120102,1.53,1.72,1.53,1.72,7328,0
20120103,1.85,1.85,1.69,1.69,5830,0
20120105,1.81,1.81,1.81,1.81,5,0
20120110,1.64,1.77,1.64,1.76,4362,0
20120111,1.7,1.7,1.7,1.7,1300,0
20120112,1.75,1.76,1.75,1.76,65,0
20120113,1.81,1.83,1.81,1.83,1785,0
20120116,1.75,1.78,1.75,1.78,484,0
20120117,1.75,1.83,1.75,1.83,4317,0
20120118,1.88,1.88,1.88,1.88,200,0
20120119,1.78,1.87,1.75,1.87,2611,0
20120125,1.76,1.88,1.73,1.88,555,0
20120126,1.88,2,1.85,1.92,6705,0
20120127,1.88,1.97,1.88,1.9,1843,0
20120130,1.95,2,1.8,1.99,4245,0
20120131,1.82,1.96,1.8,1.94,5616,0
20120201,1.94,1.94,1.85,1.85,3079,0
20120202,1.88,2.02,1.87,1.95,22258,0
20120203,1.95,1.95,1.95,1.95,500,0
20120206,1.95,2,1.95,2,5441,0
20120208,1.99,2,1.99,2,3182,0
20120209,1.91,1.99,1.91,1.99,1000,0
20120213,1.81,1.99,1.81,1.99,105,0
20120214,1.9,1.9,1.9,1.9,300,0
20120215,1.9,1.95,1.83,1.95,3220,0
20120216,1.9,1.95,1.9,1.95,2242,0
20120217,1.99,2.12,1.99,2.12,8161,0
20120220,2.12,2.15,2.03,2.15,7647,0
20120221,2.15,2.2,2.11,2.18,8992,0
20120223,2.15,2.15,2.15,2.15,153,0
20120224,2.18,2.23,2.18,2.2,3591,0
20120227,2.22,2.22,2.13,2.2,397,0
20120229,2.08,2.17,2.01,2.15,3360,0
20120301,2.19,2.3,2.15,2.15,800,0
20120302,1.98,2.17,1.95,2.17,2650,0
20120306,1.96,2.15,1.96,2.15,376,0
20120308,2,2.11,1.99,2.11,4015,0
20120309,1.96,2.09,1.96,2.09,1015,0
20120312,2.1,2.15,2.01,2.15,637,0
20120315,1.99,2.12,1.99,2.12,1056,0
20120316,2.12,2.12,2,2.09,929,0
20120322,2,2.1,1.96,2.1,713,0
20120323,2.09,2.1,2.09,2.1,1382,0
20120326,1.96,2.1,1.95,2.1,558,0
20120327,1.95,2.07,1.95,2.07,171,0
20120328,2.05,2.05,2.03,2.04,3400,0
20120330,1.95,2.04,1.95,2.04,536,0
20120410,1.93,2.02,1.93,2.02,536,0
20120411,1.82,2,1.82,2,50,0
20120413,2.01,2.02,2.01,2.02,1560,0
20120418,1.99,2,1.99,2,1885,0
20120420,1.92,2,1.92,2,501,0
20120424,2,2,2,2,80,0
20120430,2,2.2,2,2,940,0
20120502,2.09,2.09,2.09,2.09,10,0
20120504,2.08,2.08,2.07,2.07,274,0
20120507,1.87,2.09,1.87,2.09,283,0
20120516,2,2,2,2,1600,0
20120517,1.85,2,1.85,2,501,0
20120521,2,2,2,2,60,0
20120524,2,2,2,2,122,0
20120525,2,2,2,2,11,0
20120528,1.95,2,1.95,2,118,0
20120529,1.95,2,1.95,2,175,0
20120530,2,2,2,2,7,0
20120531,2,2,2,2,2,0
20120601,2,2,2,2,112,0
20120604,2,2,1.81,2,1417,0
20120605,2,2,2,2,21,0
20120606,2,2,1.7,1.86,3827,0
20120608,1.73,1.86,1.73,1.86,1311,0
20120611,1.97,1.97,1.97,1.97,10,0
20120614,1.97,1.97,1.8,1.95,1311,0
20120615,1.97,1.97,1.97,1.97,11,0
20120618,1.97,1.97,1.78,1.94,411,0
20120620,1.94,1.94,1.94,1.94,1500,0
20120621,1.94,1.96,1.94,1.96,1559,0
20120622,1.97,1.97,1.9,1.97,112,0
20120625,1.97,1.97,1.97,1.97,11,0
20120627,1.97,1.97,1.97,1.97,11,0
20120628,1.91,1.91,1.91,1.91,100,0
20120703,1.72,1.96,1.72,1.92,1810,0
20120704,1.73,1.96,1.72,1.89,6680,0
20120705,1.72,1.8,1.72,1.8,311,0
20120710,1.75,1.86,1.75,1.86,1213,0
20120711,1.78,1.78,1.65,1.65,2452,0
20120712,1.65,1.81,1.56,1.63,3263,0
20120713,1.63,1.73,1.63,1.73,1580,0
20120716,1.59,1.73,1.59,1.7,1824,0
20120717,1.7,1.7,1.7,1.7,598,0
20120726,1.6,1.72,1.6,1.72,525,0
20120730,1.62,1.7,1.62,1.7,599,0
20120731,1.56,1.69,1.56,1.69,1011,0
20120802,1.7,1.7,1.7,1.7,200,0
20120807,1.7,1.7,1.7,1.7,501,0
20120810,1.7,1.7,1.7,1.7,500,0
20120813,1.77,1.84,1.7,1.7,1081,0
20120816,1.55,1.83,1.55,1.83,450,0
20120817,1.84,1.84,1.84,1.84,11,0
20120821,1.7,1.75,1.66,1.7,1454,0
20120823,1.83,1.83,1.83,1.83,11,0
20120824,1.83,1.83,1.65,1.69,1640,0
20120827,1.83,1.83,1.83,1.83,30,0
20120828,1.69,1.69,1.69,1.69,500,0
20120829,1.58,1.75,1.58,1.69,522,0
20120830,1.83,1.83,1.5,1.59,15914,0
20120831,1.6,1.65,1.5,1.63,4781,0
20120905,1.51,1.62,1.5,1.58,1042,0
20120910,1.57,1.57,1.57,1.57,40,0
20120911,1.45,1.54,1.42,1.54,2862,0
20120912,1.63,1.63,1.63,1.63,10,0
20120914,1.67,1.67,1.52,1.63,3804,0
20120917,1.63,1.63,1.5,1.59,8938,0
20120918,1.54,1.69,1.48,1.67,4441,0
20120919,1.51,1.64,1.51,1.64,1695,0
20120920,1.65,1.65,1.65,1.65,2,0
20120921,1.5,1.67,1.5,1.67,341,0
20120924,1.61,1.66,1.55,1.66,1415,0
20120925,1.55,1.64,1.55,1.64,862,0
20120927,1.63,1.79,1.59,1.73,6874,0
20121001,1.58,1.58,1.58,1.58,500,0
20121002,1.73,1.79,1.73,1.79,1621,0
20121003,1.79,1.79,1.79,1.79,500,0
20121004,1.79,1.79,1.79,1.79,565,0
20121005,1.79,1.79,1.79,1.79,1255,0
20121010,1.62,1.77,1.62,1.77,2901,0
20121011,1.66,1.75,1.65,1.74,1599,0
20121012,1.74,1.79,1.7,1.77,473,0
20121015,1.6,1.79,1.6,1.69,2371,0
20121016,1.6,1.67,1.57,1.66,2460,0
20121017,1.6,1.68,1.6,1.66,1000,0
20121019,1.66,1.9,1.66,1.89,9358,0
20121022,1.85,2.02,1.85,1.98,9371,0
20121023,1.97,2.2,1.9,2.09,8031,0
20121024,2.1,2.1,2,2,6214,0
20121025,2.1,2.1,2,2.1,2016,0
20121026,2,2.1,1.91,1.94,1300,0
20121029,1.94,1.97,1.9,1.97,343,0
20121030,2.04,2.04,2.03,2.03,505,0
20121031,1.83,2.08,1.83,2.08,229,0
20121102,2.07,2.07,2.07,2.07,219,0
20121106,2.07,2.1,2.07,2.09,950,0
20121114,1.82,2.05,1.82,2.05,1017,0
20121115,1.91,2.02,1.85,2.02,670,0
20121119,1.82,1.94,1.75,1.94,4726,0
20121123,1.75,1.89,1.75,1.89,105,0
20121127,1.65,1.83,1.65,1.83,514,0
20121128,1.84,1.84,1.84,1.84,271,0
20121129,1.8,1.84,1.8,1.84,220,0
20121130,1.8,1.88,1.8,1.88,490,0
20121205,1.83,1.88,1.83,1.88,653,0
20121206,1.85,1.91,1.75,1.91,2157,0
20121210,1.74,1.84,1.74,1.84,730,0
20121211,1.78,1.78,1.73,1.73,4904,0
20121212,1.67,1.86,1.57,1.75,23733,0
20121213,1.65,1.72,1.63,1.69,8301,0
20121214,1.69,1.7,1.67,1.7,3229,0
20121217,1.7,1.7,1.7,1.7,200,0
20121219,1.61,1.66,1.61,1.66,58,0
20121220,1.61,1.69,1.58,1.68,50833,0
20121221,1.63,1.67,1.63,1.67,1005,0
20121227,1.67,1.68,1.61,1.68,140,0
20121228,1.68,1.68,1.68,1.68,450,0
20130102,1.69,1.69,1.61,1.69,2650,0
20130104,1.65,1.65,1.65,1.65,3000,0
20130107,1.62,1.68,1.62,1.68,1710,0
20130108,1.68,1.68,1.62,1.68,1220,0
20130110,1.68,1.84,1.67,1.77,7383,0
20130111,1.85,1.85,1.85,1.85,300,0
20130114,1.85,1.94,1.84,1.93,5645,0
20130115,1.93,2.02,1.93,2,811,0
20130118,1.85,1.94,1.85,1.94,27133,0
20130121,1.93,1.98,1.93,1.98,1816,0
20130122,1.83,1.92,1.83,1.92,6399,0
20130124,1.83,1.84,1.73,1.84,4490,0
20130125,1.72,1.83,1.69,1.83,2129,0
20130131,1.67,1.83,1.67,1.83,1910,0
20130201,1.67,1.83,1.67,1.83,205,0
20130211,1.75,1.83,1.75,1.83,157,0
20130215,1.67,1.8,1.65,1.65,1918,0
20130218,1.74,1.74,1.74,1.74,201,0
20130219,1.73,1.74,1.65,1.74,12105,0
20130226,1.79,1.79,1.68,1.68,1049,0
20130301,1.68,1.68,1.62,1.68,2726,0
20130304,1.57,1.63,1.56,1.58,9344,0
20130306,1.65,1.66,1.57,1.66,10334,0
20130307,1.67,1.68,1.67,1.68,2376,0
20130311,1.75,1.75,1.75,1.75,10,0
20130314,1.69,1.69,1.69,1.69,500,0
20130315,1.69,1.69,1.65,1.65,1917,0
20130318,1.63,1.69,1.6,1.66,603,0
20130319,1.6,1.69,1.57,1.69,11421,0
20130322,1.65,1.65,1.65,1.65,15,0
20130325,1.66,1.66,1.66,1.66,5,0
20130327,1.55,1.66,1.55,1.66,805,0
20130402,1.68,1.78,1.68,1.78,5860,0
20130408,1.75,1.75,1.75,1.75,5000,0
20130410,1.67,1.72,1.55,1.71,3532,0
20130412,1.58,1.71,1.58,1.71,246,0
20130415,1.71,1.74,1.71,1.74,13091,0
20130418,1.9,1.9,1.9,1.9,1,0
20130423,1.78,1.78,1.55,1.55,542,0
20130424,1.62,1.62,1.51,1.56,6768,0
20130425,1.59,1.59,1.5,1.59,2916,0
20130426,1.54,1.6,1.54,1.59,2499,0
20130507,1.45,1.59,1.45,1.59,1000,0
20130509,1.65,1.65,1.5,1.5,1050,0
20130510,1.64,1.64,1.5,1.5,5028,0
20130513,1.5,1.5,1.5,1.5,500,0
20130514,1.5,1.5,1.5,1.5,368,0
20130515,1.5,1.5,1.5,1.5,20,0
20130516,1.55,1.55,1.55,1.55,300,0
20130517,1.6,1.6,1.6,1.6,11,0
20130520,1.6,1.6,1.6,1.6,875,0
20130521,1.64,1.65,1.64,1.65,300,0
20130524,1.64,1.64,1.64,1.64,30,0
20130528,1.6,1.68,1.6,1.68,80,0
20130529,1.65,1.65,1.56,1.56,1593,0
20130531,1.59,1.63,1.59,1.63,375,0
20130603,1.78,1.85,1.7,1.7,917,0
20130606,1.69,1.85,1.69,1.85,2686,0
20130607,1.63,1.84,1.63,1.84,2620,0
20130613,1.8,1.8,1.8,1.8,90,0
20130619,1.75,1.85,1.75,1.85,690,0
20130621,1.56,1.56,1.56,1.56,538,0
20130624,1.82,1.82,1.82,1.82,25,0
20130627,1.55,1.79,1.55,1.79,830,0
20130628,1.79,1.79,1.79,1.79,31,0
20130715,1.55,1.64,1.55,1.64,5010,0
20130716,1.58,1.64,1.58,1.58,1008,0
20130717,1.67,1.67,1.67,1.67,286,0
20130718,1.67,1.73,1.67,1.73,215,0
20130723,1.56,1.73,1.56,1.73,419,0
20130802,1.72,1.75,1.72,1.75,420,0
20130806,1.75,1.75,1.75,1.75,210,0
20130808,1.75,1.75,1.75,1.75,300,0
20130809,1.75,1.75,1.75,1.75,300,0
20130812,1.8,1.8,1.8,1.8,300,0
20130814,1.75,1.75,1.75,1.75,600,0
20130819,1.74,1.75,1.74,1.75,3550,0
20130822,1.74,1.95,1.74,1.95,6332,0
20130823,1.93,1.93,1.93,1.93,1000,0
20130826,1.81,1.94,1.81,1.94,300,0
20130827,1.95,1.95,1.95,1.95,1000,0
20130828,1.8,1.94,1.8,1.94,2009,0
20130829,1.8,1.95,1.8,1.95,5800,0
20130905,1.8,1.9,1.8,1.9,9,0
20130911,1.9,1.9,1.9,1.9,400,0
20130916,1.7,1.7,1.7,1.7,1468,0
20130917,1.66,1.66,1.65,1.65,3000,0
20130918,1.7,1.7,1.7,1.7,500,0
20130919,1.86,1.86,1.86,1.86,100,0
20130920,1.68,1.87,1.68,1.87,4954,0
20130923,1.84,1.87,1.84,1.87,6948,0
20130924,1.78,1.84,1.71,1.84,2352,0
20130926,1.85,1.85,1.85,1.85,300,0
20130927,1.87,1.87,1.7,1.8,1380,0
20130930,1.77,1.88,1.77,1.88,1690,0
20131001,1.94,1.95,1.84,1.84,1182,0
20131002,1.84,1.84,1.84,1.84,600,0
20131003,1.9,1.93,1.9,1.93,601,0
20131007,1.84,1.93,1.84,1.93,2120,0
20131008,1.94,2.09,1.9,1.99,10583,0
20131011,1.99,2,1.99,2,2384,0
20131015,1.83,1.83,1.83,1.83,267,0
20131016,1.97,1.97,1.97,1.97,100,0
20131018,1.97,1.99,1.97,1.99,170,0
20131021,1.97,1.97,1.96,1.96,1028,0
20131023,2,2.05,2,2,1400,0
20131024,2.01,2.01,2,2,1000,0
20131028,1.94,1.97,1.92,1.97,1957,0
20131030,1.98,2,1.98,2,4576,0
20131031,2.02,2.05,2.02,2.05,1662,0
20131104,2.02,2.02,2.02,2.02,3000,0
20131105,2.02,2.02,2.02,2.02,1220,0
20131106,2.01,2.03,2.01,2.03,3200,0
20131107,2.04,2.04,2.04,2.04,907,0
20131108,2.03,2.1,2.03,2.04,17140,0
20131112,2.02,2.1,2.02,2.1,884,0
20131113,2.07,2.09,2.07,2.09,505,0
20131114,2.06,2.06,2.06,2.06,1000,0
20131115,2,2.09,1.95,2.09,5001,0
20131118,1.94,2,1.94,2,453,0
20131119,1.86,2,1.86,2,2010,0
20131120,2,2.02,1.81,1.81,9018,0
20131121,1.95,1.95,1.95,1.95,449,0
20131125,1.95,1.95,1.95,1.95,305,0
20131126,1.77,1.84,1.77,1.84,601,0
20131127,1.85,1.85,1.85,1.85,500,0
20131128,1.73,1.84,1.72,1.72,4075,0
20131129,1.75,1.84,1.75,1.84,170,0
20131203,1.84,1.84,1.73,1.84,1165,0
20131204,1.84,1.84,1.84,1.84,322,0
20131205,1.72,1.82,1.72,1.82,925,0
20131210,1.72,1.79,1.72,1.79,1619,0
20131212,1.72,1.79,1.7,1.75,3824,0
20131213,1.67,1.74,1.67,1.74,898,0
20131216,1.74,1.75,1.74,1.75,2226,0
20131217,1.75,1.75,1.65,1.7,10721,0
20131218,1.74,1.74,1.74,1.74,10,0
20131220,1.62,1.74,1.61,1.74,2938,0
20131223,1.75,1.75,1.75,1.75,314,0
20140102,1.89,1.89,1.85,1.85,857,0
20140103,1.85,1.88,1.85,1.88,1550,0
20140114,1.79,1.85,1.79,1.85,105,0
20140115,1.67,1.81,1.67,1.81,800,0
20140116,1.66,1.77,1.66,1.77,41,0
20140124,1.66,1.74,1.66,1.74,5852,0
20140127,1.65,1.74,1.65,1.74,1432,0
20140130,1.7,1.74,1.7,1.74,641,0
20140203,1.74,1.74,1.74,1.74,597,0
20140204,1.74,1.74,1.74,1.74,301,0
20140205,1.7,1.75,1.59,1.75,2409,0
20140206,1.72,1.77,1.72,1.77,2799,0
20140212,1.67,1.77,1.61,1.77,125,0
20140213,1.77,1.77,1.77,1.77,1905,0
20140217,1.73,1.76,1.7,1.76,888,0
20140218,1.77,1.77,1.7,1.75,7031,0
20140219,1.7,1.74,1.7,1.74,621,0
20140220,1.69,1.74,1.67,1.74,2010,0
20140226,1.74,1.74,1.7,1.7,538,0
20140227,1.7,1.7,1.7,1.7,1158,0
20140228,1.77,1.99,1.76,1.98,15462,0
20140303,2,2,1.68,1.7,4617,0
20140304,1.7,1.87,1.7,1.87,1260,0
20140305,2,2,2,2,150,0
20140306,1.85,1.97,1.84,1.97,1511,0
20140311,1.9,1.9,1.9,1.9,28,0
20140312,1.71,1.88,1.71,1.71,2758,0
20140314,1.7,1.82,1.68,1.68,1540,0
20140317,1.79,1.8,1.79,1.8,413,0
20140321,1.95,1.95,1.67,1.79,1014,0
20140402,1.77,1.77,1.77,1.77,728,0
20140403,1.71,1.71,1.71,1.71,1085,0
20140407,1.71,1.85,1.71,1.85,303,0
20140410,1.72,1.72,1.72,1.72,60,0
20140411,1.84,1.85,1.73,1.73,1554,0
20140416,1.73,1.73,1.73,1.73,585,0
20140417,1.84,1.84,1.84,1.84,51,0
20140424,1.81,1.81,1.81,1.81,445,0
20140429,1.72,1.72,1.71,1.71,500,0
20140430,1.81,1.81,1.81,1.81,50,0
20140515,1.75,1.92,1.75,1.91,13933,0
20140516,1.8,1.91,1.8,1.91,1333,0
20140519,1.91,1.91,1.82,1.82,1068,0
20140520,1.82,1.91,1.82,1.91,1713,0
20140521,1.83,1.83,1.83,1.83,2500,0
20140523,1.89,1.89,1.89,1.89,1001,0
20140526,1.9,1.9,1.9,1.9,390,0
20140527,1.9,1.9,1.9,1.9,1252,0
20140529,1.84,1.84,1.84,1.84,5,0
20140530,1.85,1.88,1.85,1.88,1186,0
20140602,1.85,1.85,1.85,1.85,65,0
20140603,1.85,1.86,1.85,1.86,1450,0
20140604,1.86,1.89,1.86,1.89,1025,0
20140605,1.78,1.89,1.78,1.89,48,0
20140606,1.89,1.89,1.89,1.89,500,0
20140609,1.82,1.88,1.78,1.88,503,0
20140610,1.79,1.88,1.78,1.88,1110,0
20140611,1.88,1.88,1.88,1.88,58,0
20140613,1.8,1.8,1.8,1.8,546,0
