Date,Open,High,Low,Close,Volume,OpenInt
20040705,13.472,13.472,12.587,12.724,18549,0
20040706,12.665,12.665,10.915,11.072,20253,0
20040707,11.112,11.112,10.384,10.384,8715,0
20040708,10.03,10.03,9.322,9.44,30437,0
20040709,9.3417,10.423,9.3417,10.423,35120,0
20040712,10.463,10.64,9.951,9.951,7337,0
20040713,9.951,10.325,9.4793,9.597,3595,0
20040714,9.637,9.637,9.263,9.4793,1810,0
20040715,9.637,9.637,9.3023,9.617,1683,0
20040716,9.637,9.637,9.44,9.637,1790,0
20040719,9.735,9.735,9.617,9.617,2395,0
20040720,9.44,9.912,9.263,9.263,25378,0
20040721,9.676,9.676,9.263,9.2827,4566,0
20040722,9.2827,9.4597,8.85,8.85,4403,0
20040723,8.6533,9.0073,8.1813,8.496,9534,0
20040726,8.7713,8.8893,8.1617,8.4567,33615,0
20040727,8.26,8.8107,8.1617,8.6533,14059,0
20040728,8.4173,8.8697,8.4173,8.791,8761,0
20040729,8.8107,8.8107,8.555,8.791,3681,0
20040730,8.8303,8.8303,8.555,8.555,2456,0
20040803,8.437,8.437,8.378,8.378,188,0
20040804,8.2207,8.555,8.2207,8.4567,3463,0
20040805,8.378,8.673,8.378,8.555,2283,0
20040806,8.5353,8.555,8.5353,8.555,2746,0
20040809,8.3583,8.555,8.0633,8.555,9331,0
20040810,8.4567,8.555,8.3583,8.555,4297,0
20040811,8.4173,8.6533,8.4173,8.6533,173,0
20040812,8.4567,8.732,8.4567,8.6533,3686,0
20040813,8.4763,8.4763,8.2993,8.3583,4185,0
20040816,8.4567,8.4567,7.965,8.0633,8944,0
20040817,7.8863,7.9257,7.788,7.8667,2136,0
20040818,7.5913,7.67,7.375,7.3947,11034,0
20040819,7.3947,7.3947,7.198,7.375,9458,0
20040820,7.5323,7.5323,7.375,7.434,2278,0
20040823,7.6503,7.6503,7.1783,7.1783,4653,0
20040824,6.9817,6.9817,6.7063,6.7063,5227,0
20040825,6.5687,6.5687,6.0377,6.254,16337,0
20040826,6.3327,6.8637,5.841,6.726,50258,0
20040827,6.785,7.0013,6.6277,6.6277,9671,0
20040830,6.49,6.667,6.3327,6.3917,8781,0
20040831,6.549,6.667,6.49,6.49,3264,0
20040901,6.49,6.5097,6.49,6.49,829,0
20040902,6.3917,6.4703,5.9,6.4703,10337,0
20040903,6.136,6.3917,5.9,6.1557,10983,0
20040906,6.0967,6.195,6.0967,6.195,2949,0
20040907,6.195,6.3917,6.195,6.3917,7017,0
20040908,6.3917,6.7653,6.3917,6.6867,22317,0
20040909,6.4703,6.6473,6.3917,6.6473,2807,0
20040910,6.4507,6.5883,6.3523,6.5687,1098,0
20040913,6.5687,6.8243,6.5687,6.8243,3361,0
20040914,6.6277,6.8637,6.6277,6.6473,2914,0
20040915,6.6277,6.8833,6.5293,6.6867,1683,0
20040916,6.667,6.667,6.5883,6.5883,305,0
20040920,6.372,6.3917,6.1753,6.3917,3117,0
20040921,6.1163,6.2933,6.0967,6.2933,1408,0
20040922,6.136,6.2933,6.1163,6.2933,453,0
20040923,6.1163,6.1753,6.018,6.1557,3285,0
20040924,5.9787,6.0967,5.9787,6.0573,1302,0
20040927,6.0967,6.0967,5.841,5.9787,2258,0
20040928,5.8607,5.8803,5.664,5.8017,6661,0
20040929,5.8607,6.2933,5.605,6.2933,23141,0
20040930,6.3917,6.8637,6.1163,6.4507,9320,0
20041001,6.4703,6.8637,6.4703,6.6473,7012,0
20041004,6.785,6.785,6.49,6.49,1937,0
20041005,6.5883,6.5883,5.9983,6.018,9463,0
20041006,6.1753,6.195,6.077,6.1163,9127,0
20041007,6.2147,6.2147,5.9393,6.2147,5075,0
20041008,6.195,6.195,5.9983,6.136,1668,0
20041011,6.136,6.136,5.9,5.9983,4098,0
20041012,5.9983,5.9983,5.9,5.9,1424,0
20041013,5.8607,5.9,5.605,5.9,11268,0
20041014,5.8017,6.0377,5.8017,5.959,5497,0
20041015,5.782,6.0377,5.782,6.0377,12839,0
20041018,5.9,5.9,5.8607,5.9,3864,0
20041019,5.9,5.959,5.8017,5.8017,2314,0
20041020,5.8017,6.1557,5.8017,6.077,30747,0
20041021,6.0573,6.0573,5.9197,6.0573,3758,0
20041022,6.0573,6.3917,6.0573,6.2737,9590,0
20041026,6.3523,6.3917,6.3523,6.3917,1668,0
20041027,6.2147,6.667,6.2147,6.431,5786,0
20041028,6.667,6.667,6.5883,6.667,1581,0
20041029,6.6867,6.6867,6.5097,6.6277,951,0
20041102,6.667,6.667,6.49,6.49,2532,0
20041103,6.5687,6.5687,6.2933,6.2933,1698,0
20041104,6.3917,6.549,6.2933,6.549,4017,0
20041105,6.2933,6.4703,5.7033,5.8017,144142,0
20041108,5.3297,5.664,5.251,5.5853,10775,0
20041109,5.605,5.605,5.5853,5.5853,1180,0
20041110,5.5657,5.7033,5.5657,5.7033,3498,0
20041112,5.8017,6.077,5.7033,5.7033,11975,0
20041115,5.5067,5.5067,5.192,5.428,5700,0
20041116,5.4083,5.4083,5.4083,5.4083,519,0
20041117,5.2707,5.2707,5.015,5.015,7180,0
20041118,5.1133,5.1133,4.838,4.838,13688,0
20041119,4.838,5.0937,4.838,5.0347,6783,0
20041122,5.0347,5.1527,5.015,5.015,4098,0
20041123,5.0347,5.133,4.897,4.897,49342,0
20041124,4.9167,5.015,4.6217,4.6217,7261,0
20041125,4.6217,4.779,4.5233,4.779,22668,0
20041126,4.6217,4.9167,4.543,4.543,21402,0
20041129,4.7397,4.9953,4.72,4.956,28124,0
20041130,5.0347,5.192,4.956,5.074,22525,0
20041201,5.0937,5.1133,4.9953,5.0937,1241,0
20041202,4.956,5.5657,4.897,5.133,29395,0
20041203,5.3887,5.487,5.2117,5.487,13988,0
20041206,5.546,5.546,5.4083,5.4083,2090,0
20041207,5.5657,5.8017,5.5067,5.5657,8039,0
20041208,5.5263,5.5263,5.4083,5.4083,16658,0
20041209,5.3297,5.6247,5.2707,5.6247,12869,0
20041210,5.546,5.605,5.5067,5.5067,6041,0
20041213,5.605,5.605,5.605,5.605,254,0
20041214,5.5263,5.546,5.4083,5.487,6102,0
20041215,5.251,5.4083,5.251,5.4083,3046,0
20041216,5.3493,5.3887,5.2117,5.251,21112,0
20041217,5.2707,5.3493,5.2117,5.3493,4358,0
20041220,5.3493,5.4673,5.3493,5.3887,2797,0
20041221,5.3887,5.3887,5.2117,5.2903,839,0
20041222,5.2707,5.369,5.0347,5.369,45005,0
20041223,5.133,5.2707,4.9167,5.0347,25861,0
20041224,5.1527,5.1527,5.1527,5.1527,269,0
20041227,5.2117,5.4673,5.1133,5.2117,4627,0
20041228,5.0347,5.0937,4.72,4.9167,56186,0
20041229,4.897,4.897,4.5627,4.7397,90590,0
20041230,4.7397,5.0543,4.7397,4.7397,33631,0
20041231,4.9167,5.015,4.8773,5.015,26908,0
20050103,4.956,5.074,4.9363,4.9953,11324,0
20050104,4.9953,4.9953,4.9167,4.9757,5385,0
20050105,4.956,4.956,4.897,4.9167,16251,0
20050106,4.9167,4.9167,4.6217,4.8773,7561,0
20050107,4.8773,4.9757,4.8183,4.9167,10027,0
20050110,4.9363,5.1133,4.897,5.1133,13398,0
20050111,5.1527,5.605,5.1527,5.5657,82897,0
20050112,5.605,5.7033,5.428,5.546,73597,0
20050113,5.7033,5.7033,5.546,5.664,12275,0
20050114,5.7033,5.7033,5.4673,5.5853,11924,0
20050117,5.664,5.664,5.2707,5.546,23934,0
20050118,5.5067,5.664,5.2117,5.2117,18483,0
20050119,5.2117,5.3493,5.2117,5.3493,3992,0
20050120,5.1723,5.546,5.1723,5.546,25602,0
20050121,5.6247,5.8017,5.546,5.8017,40154,0
20050124,5.8803,6.077,5.7427,5.9,42076,0
20050125,5.9,6.195,5.8017,6.0967,49724,0
20050126,6.0967,6.1557,5.9393,6.0967,21183,0
20050127,5.9983,6.1163,5.841,6.0573,16210,0
20050128,6.077,6.077,5.723,5.723,66214,0
20050131,5.9197,5.9197,5.5263,5.9,23237,0
20050201,5.9983,5.9983,5.7623,5.8607,11695,0
20050202,5.8017,5.8213,5.5263,5.5263,2486,0
20050203,5.6443,5.841,5.487,5.487,31454,0
20050204,5.5657,5.5657,5.4673,5.4673,2293,0
20050207,5.5853,5.8607,5.4083,5.7427,26446,0
20050208,5.7033,5.7623,5.6247,5.6837,15081,0
20050209,5.7033,5.7427,5.6837,5.723,20176,0
20050210,5.7033,5.7033,5.664,5.664,15600,0
20050211,5.664,5.723,5.664,5.7033,17954,0
20050214,6.785,6.785,6.1163,6.49,162854,0
20050215,6.5293,6.6277,5.959,5.959,71619,0
20050216,6.0967,6.1753,5.959,5.9787,21442,0
20050217,6.0967,6.0967,5.7427,5.7427,26644,0
20050218,5.8017,5.8017,5.664,5.664,8298,0
20050221,5.6247,5.8607,5.605,5.7427,20044,0
20050222,5.7427,5.7427,5.7033,5.7033,1703,0
20050223,5.664,5.9,5.664,5.9,9925,0
20050224,5.9,5.9,5.782,5.9,4719,0
20050225,5.782,5.8607,5.723,5.7623,6254,0
20050228,5.7033,5.782,5.605,5.782,29939,0
20050301,5.664,5.7427,5.5853,5.7427,7520,0
20050302,5.6247,5.664,5.1723,5.5263,30234,0
20050303,5.5067,5.7033,5.428,5.428,6076,0
20050304,5.3887,5.5853,5.3887,5.5853,1139,0
20050307,5.4673,5.5853,5.31,5.428,5054,0
20050308,5.3887,5.3887,5.2117,5.2117,9849,0
20050309,5.1133,5.192,5.015,5.0347,17054,0
20050310,5.1527,5.3297,5.1133,5.2313,7358,0
20050311,5.3297,5.5067,5.192,5.2903,6478,0
20050314,5.192,5.192,4.9167,4.9363,15254,0
20050315,4.9167,4.9953,4.8183,4.9757,2547,0
20050316,4.8577,5.0543,4.7593,5.0347,12671,0
20050317,4.9167,4.9757,4.72,4.72,9844,0
20050318,4.7397,4.7987,4.6413,4.7003,15631,0
20050321,4.7593,4.8577,4.6413,4.6413,5512,0
20050322,4.7397,4.8183,4.7397,4.8183,8156,0
20050323,4.72,4.7987,4.72,4.7987,514,0
20050324,4.897,4.897,4.897,4.897,5,0
20050329,4.9363,4.9363,4.6807,4.6807,9946,0
20050330,4.6807,4.6807,4.602,4.602,2146,0
20050331,4.661,4.661,4.543,4.602,9631,0
20050401,4.6217,4.779,4.5823,4.779,2497,0
20050404,4.6217,4.7593,4.602,4.72,3620,0
20050405,4.6217,4.6217,4.6217,4.6217,51,0
20050406,4.7003,4.7003,4.6217,4.6217,193,0
20050407,4.7397,4.838,4.661,4.661,7485,0
20050411,4.72,4.7987,4.72,4.7987,2456,0
20050412,4.7987,4.8773,4.661,4.661,11329,0
20050413,4.5823,4.72,4.5627,4.72,5253,0
20050414,4.6217,4.72,4.6217,4.72,692,0
20050415,4.72,4.72,4.72,4.72,5085,0
20050418,4.6807,4.72,4.6217,4.72,1536,0
20050419,4.6217,4.6217,4.3267,4.3463,18361,0
20050420,4.3463,4.3463,3.9727,4.071,27661,0
20050421,4.0317,4.0317,3.9923,4.0317,915,0
20050422,4.1103,4.1103,3.9333,3.9333,3366,0
20050425,3.8547,4.307,3.6875,4.2283,23980,0
20050426,4.13,4.2873,4.071,4.2873,6534,0
20050427,4.189,4.248,4.0907,4.248,11161,0
20050428,4.13,4.13,3.9727,4.1103,3600,0
20050429,4.0317,4.0317,3.9333,3.9727,4078,0
20050502,3.8645,3.8645,3.8153,3.8252,7220,0
20050504,3.8547,3.8547,3.4712,3.8153,14263,0
20050505,3.7367,3.8842,3.6777,3.8153,16719,0
20050506,3.7367,3.7367,3.6383,3.7367,4525,0
20050509,3.5597,3.8842,3.5498,3.6383,17898,0
20050510,3.717,3.7367,3.5695,3.7268,12727,0
20050511,3.4023,3.717,3.4023,3.6383,737,0
20050512,3.5597,3.9333,3.5597,3.835,11390,0
20050513,3.7563,4.0907,3.7563,4.012,8680,0
20050516,4.0317,4.2283,4.0317,4.0907,6234,0
20050517,4.071,4.2283,4.071,4.189,13108,0
20050518,4.2087,4.2283,4.012,4.1103,9132,0
20050519,4.189,4.2087,4.1103,4.1103,7068,0
20050520,4.012,4.2087,4.012,4.13,6564,0
20050523,4.0513,4.1103,3.953,3.953,9097,0
20050524,3.9923,4.012,3.9333,3.9727,3081,0
20050525,3.894,4.2087,3.894,4.189,45051,0
20050527,4.2087,4.5037,4.189,4.366,28037,0
20050530,4.4053,4.72,4.4053,4.5233,30102,0
20050531,4.4447,4.4447,4.3267,4.3267,3971,0
20050601,4.366,4.366,3.9923,3.9923,15610,0
20050602,4.012,4.248,4.012,4.1497,13637,0
20050603,4.071,4.307,4.071,4.2283,8029,0
20050606,4.248,4.2873,4.0907,4.13,30529,0
20050607,4.0907,4.2087,4.0317,4.1497,13271,0
20050608,4.0907,4.0907,4.012,4.012,14563,0
20050609,3.9923,4.0907,3.9923,4.0907,6051,0
20050610,4.0907,4.0907,4.0317,4.071,1383,0
20050613,4.071,4.071,3.776,3.9235,54631,0
20050614,3.8743,4.0317,3.8547,3.953,11710,0
20050615,3.894,3.9727,3.835,3.8743,20883,0
20050616,3.894,3.953,3.835,3.835,5949,0
20050617,3.8153,4.2873,3.8153,4.13,19566,0
20050620,4.1497,4.1497,4.0513,4.071,4678,0
20050621,4.071,4.0907,3.9727,3.9727,997,0
20050622,4.3267,4.484,4.189,4.189,85388,0
20050623,4.2087,4.366,3.7957,4.0317,77359,0
20050624,4.13,4.1693,3.9333,3.9727,13851,0
20050627,4.0513,4.0907,3.9727,4.071,16790,0
20050628,4.1103,4.2087,4.1103,4.2087,6864,0
20050629,4.2283,4.3463,4.2283,4.3267,17075,0
20050630,4.248,4.307,4.248,4.2873,6966,0
20050701,4.248,4.3463,4.189,4.2873,12442,0
20050704,4.2283,4.2283,4.0317,4.0513,31673,0
20050705,4.0907,4.0907,4.012,4.0907,3295,0
20050706,4.071,4.2283,3.9923,4.2283,16053,0
20050707,4.1497,4.189,4.1103,4.189,8720,0
20050708,4.1693,4.4053,4.1693,4.3463,28373,0
20050711,4.307,4.5823,4.2873,4.425,62761,0
20050712,4.5233,4.5233,4.3267,4.5233,35181,0
20050713,4.5627,4.6807,4.5037,4.5823,40642,0
20050714,4.6217,4.6413,4.3857,4.4447,18966,0
20050715,4.484,4.602,4.4053,4.543,2344,0
20050718,4.543,4.6413,4.3267,4.5037,25998,0
20050719,4.4643,4.5823,4.3267,4.4053,30397,0
20050720,4.425,4.484,4.425,4.4643,2486,0
20050721,4.425,4.5233,4.4053,4.484,9336,0
20050722,4.484,4.5037,4.3857,4.5037,5466,0
20050725,4.4053,4.5823,4.4053,4.5233,11512,0
20050726,4.5627,4.602,4.366,4.366,18112,0
20050727,4.3267,4.5233,4.1497,4.3463,41186,0
20050728,4.3267,4.4053,4.2873,4.2873,7775,0
20050729,4.366,4.484,4.3267,4.425,12529,0
20050801,4.366,4.484,4.366,4.4643,1759,0
20050802,4.4643,4.5037,4.425,4.4643,4454,0
20050803,4.4447,4.4447,4.248,4.366,11797,0
20050804,4.366,4.5627,4.189,4.425,35934,0
20050805,4.3267,4.3463,4.0907,4.0907,22942,0
20050808,4.0907,4.1103,3.9038,4.0513,37246,0
20050809,4.0317,4.0907,3.9333,4.0317,11471,0
20050810,4.0317,4.0907,3.9333,3.9333,4444,0
20050811,3.9333,4.0513,3.9333,4.0513,10271,0
20050812,4.1497,4.2677,3.9923,4.1497,32008,0
20050816,4.13,4.13,3.9333,3.953,21386,0
20050817,4.012,4.012,3.835,3.9333,10424,0
20050818,3.8547,3.894,3.776,3.894,12539,0
20050819,3.9333,4.0513,3.8055,3.9923,17324,0
20050822,3.9137,3.9333,3.9137,3.9333,508,0
20050823,3.8547,3.9333,3.8153,3.8153,2080,0
20050824,3.894,4.0907,3.8448,3.9923,30692,0
20050825,3.9137,4.0513,3.9137,4.0513,1663,0
20050826,4.0907,4.0907,3.8842,3.8842,11573,0
20050829,3.9137,3.9333,3.8153,3.8153,9427,0
20050830,3.894,3.894,3.894,3.894,20,0
20050831,3.9333,3.953,3.7465,3.7662,11644,0
20050901,3.7367,3.8055,3.6973,3.8055,3768,0
20050902,3.7465,3.8055,3.5498,3.5498,12569,0
20050905,3.54,3.6973,3.4417,3.6973,23237,0
20050906,3.6875,3.7858,3.6383,3.6383,8441,0
20050907,3.6875,3.7563,3.5597,3.5892,13785,0
20050908,3.6383,3.7367,3.6187,3.7268,2573,0
20050909,3.658,3.8153,3.6187,3.7465,8151,0
20050913,3.7563,3.835,3.7072,3.8153,23303,0
20050914,3.7465,3.7465,3.717,3.717,905,0
20050916,3.717,3.7268,3.658,3.658,7129,0
20050919,3.599,3.599,3.5597,3.5597,4459,0
20050920,3.5597,3.5597,3.5007,3.5007,1515,0
20050921,3.4417,3.5203,3.363,3.4908,22469,0
20050922,3.54,3.54,3.54,3.54,483,0
20050923,3.481,3.481,3.4122,3.4712,8608,0
20050926,3.4023,3.6875,3.4023,3.5597,7297,0
20050927,3.5597,3.6777,3.5597,3.6777,1739,0
20050928,3.6482,3.658,3.54,3.54,773,0
20050929,3.6187,3.776,3.6187,3.6383,2715,0
20050930,3.5597,3.6383,3.54,3.6383,2731,0
20051003,3.5695,3.6285,3.5695,3.6285,2085,0
20051004,3.5695,3.6285,3.5695,3.6285,661,0
20051005,3.6285,3.717,3.6285,3.717,5222,0
20051006,3.6383,3.6383,3.481,3.599,9676,0
20051007,3.5203,3.54,3.481,3.54,2573,0
20051011,3.5007,3.5203,3.3925,3.5203,3712,0
20051012,3.54,3.54,3.54,3.54,51,0
20051013,3.54,3.6973,3.5302,3.5302,8024,0
20051014,3.4613,3.4613,3.4613,3.4613,508,0
20051017,3.5007,3.658,3.4023,3.599,12036,0
20051018,3.658,3.658,3.4417,3.4712,13597,0
20051019,3.4023,3.599,3.4023,3.5793,15219,0
20051020,3.5793,3.658,3.5793,3.658,6992,0
20051021,3.5793,3.5793,3.5793,3.5793,2253,0
20051024,3.6088,3.6088,3.3728,3.5695,4500,0
20051025,3.4908,3.6383,3.3925,3.4712,5792,0
20051026,3.5498,3.6285,3.5498,3.5892,1500,0
20051027,3.54,3.5892,3.4515,3.4515,1968,0
20051028,3.5302,3.5302,3.5302,3.5302,25,0
20051031,3.599,3.599,3.5203,3.5695,1490,0
20051102,3.5695,3.6973,3.4417,3.6285,24229,0
20051103,3.6285,3.7268,3.6285,3.6875,14975,0
20051104,3.6777,3.835,3.6777,3.6777,19947,0
20051107,3.7563,3.835,3.7072,3.7858,10353,0
20051108,3.7072,3.7072,3.6383,3.658,3117,0
20051109,3.599,3.7268,3.5597,3.6383,4098,0
20051110,3.717,3.7957,3.6383,3.717,6432,0
20051115,3.6383,3.717,3.5793,3.717,2995,0
20051116,3.6383,3.717,3.5793,3.6973,6356,0
20051117,3.6187,3.6187,3.6187,3.6187,1592,0
20051118,3.5597,3.6777,3.4613,3.599,22724,0
20051121,3.5203,3.6088,3.4417,3.6088,15681,0
20051122,3.4613,3.5892,3.4417,3.4417,2405,0
20051123,3.6285,3.6285,3.5007,3.54,1820,0
20051125,3.54,3.54,3.54,3.54,1047,0
20051128,3.599,3.6383,3.5007,3.5007,13561,0
20051129,3.6088,3.6187,3.5105,3.5892,18686,0
20051130,3.5892,3.5892,3.481,3.481,2756,0
20051201,3.481,3.5105,3.4417,3.5105,1805,0
20051202,3.4613,3.5597,3.3827,3.5597,16342,0
20051205,3.4417,3.9137,3.4417,3.9137,74334,0
20051206,3.9923,4.248,3.9923,3.9923,101375,0
20051207,4.0513,4.0513,3.9727,4.0317,6798,0
20051208,3.9923,4.307,3.9333,4.189,30183,0
20051209,4.2873,4.2873,4.1103,4.2087,9468,0
20051212,4.2087,4.248,4.1103,4.2087,8395,0
20051213,4.189,4.5823,4.189,4.484,45381,0
20051214,4.3857,4.5233,4.307,4.4643,14069,0
20051215,4.5233,4.72,4.5233,4.7003,33361,0
20051216,4.7593,5.0347,4.7593,4.956,58866,0
20051219,5.015,5.015,4.779,4.9167,25205,0
20051220,4.8183,4.8577,4.5823,4.6413,28958,0
20051221,4.6413,4.838,4.6413,4.72,12036,0
20051222,4.6413,4.7593,4.6413,4.661,4764,0
20051223,4.5823,4.602,4.4447,4.5823,16525,0
20051227,4.5233,4.7003,4.484,4.5823,12325,0
20051228,4.484,4.8183,4.484,4.8183,16968,0
20051229,4.838,4.838,4.7003,4.7003,11014,0
20051230,4.661,4.72,4.6217,4.72,19419,0
20060102,4.8183,4.9167,4.72,4.8183,25053,0
20060103,4.8183,5.0937,4.7397,5.015,34739,0
20060104,5.0937,5.0937,4.9167,4.9953,6890,0
20060105,4.9953,5.015,4.8773,5.015,15020,0
20060106,4.897,5.2903,4.897,5.1527,23842,0
20060109,5.2707,5.2707,5.015,5.015,14990,0
20060110,4.9167,5.074,4.9167,5.074,6620,0
20060111,4.9953,5.015,4.9167,4.9757,8446,0
20060112,4.9953,5.015,4.9953,5.015,4576,0
20060113,5.074,5.074,4.956,4.9953,1520,0
20060116,4.9363,5.2707,4.9363,5.192,26075,0
20060117,5.251,5.4083,5.133,5.251,8858,0
20060118,5.133,5.1527,5.0347,5.0347,7739,0
20060119,5.1527,5.2903,5.1133,5.2117,26288,0
20060120,5.2117,5.2707,5.1527,5.2707,4286,0
20060123,5.251,5.3887,5.0937,5.2117,4744,0
20060124,5.2903,5.3887,5.1527,5.2313,10119,0
20060125,5.2707,5.2707,5.2313,5.2707,981,0
20060126,5.369,5.369,5.192,5.2313,8858,0
20060127,5.31,5.3887,5.133,5.2707,34968,0
20060130,5.2903,5.4083,5.2313,5.3493,37169,0
20060131,5.369,5.487,5.3297,5.4673,13907,0
20060201,5.487,6.49,5.487,6.372,104629,0
20060202,6.8637,7.2767,6.7457,7.0407,132905,0
20060203,7.0407,7.4733,5.9983,6.2933,63869,0
20060206,6.4507,6.7653,6.431,6.726,28754,0
20060207,6.785,7.08,6.49,6.7063,49922,0
20060208,6.6473,7.021,6.5883,6.844,17598,0
20060209,6.9817,7.0013,6.726,6.8243,36076,0
20060210,6.903,6.903,6.608,6.7653,25922,0
20060213,6.8833,7.021,6.49,6.6867,30783,0
20060214,6.726,6.8833,6.5883,6.8637,12961,0
20060215,7.0603,7.1783,6.962,7.0603,43714,0
20060216,7.0997,7.1783,6.5293,6.667,41756,0
20060217,6.5293,6.6473,6.2933,6.6473,34556,0
20060220,6.9227,8.4567,6.785,8.4567,375376,0
20060221,8.5157,10.109,7.8863,8.1223,282447,0
20060222,8.1617,9.027,7.67,8.85,359100,0
20060223,9.0467,9.814,8.8697,9.656,177625,0
20060224,9.833,10.404,9.538,10.03,198427,0
20060227,10.384,10.384,9.44,9.519,46632,0
20060228,9.519,9.519,8.85,9.263,70947,0
20060301,9.1057,9.4203,9.086,9.3023,40383,0
20060302,9.1253,9.2433,8.8107,9.086,18031,0
20060303,9.1843,9.4203,8.555,9.2433,70485,0
20060306,9.0467,9.204,8.6337,8.6533,17258,0
20060307,8.4763,9.2433,8.4763,9.2433,20217,0
20060308,9.0467,9.0467,8.7517,8.968,13281,0
20060309,8.7713,9.4597,8.7517,9.322,29390,0
20060310,9.853,10.305,9.4007,10.187,77354,0
20060313,10.404,10.777,9.715,9.715,50425,0
20060314,9.814,9.814,9.44,9.715,11583,0
20060315,9.715,9.971,9.44,9.794,9163,0
20060316,9.833,10.207,9.774,10.089,16907,0
20060317,10.03,10.069,9.794,9.932,20278,0
20060320,9.951,10.069,9.755,10.069,26100,0
20060321,10.069,10.423,10.03,10.423,24620,0
20060322,10.423,10.62,10.227,10.423,9890,0
20060323,10.423,10.423,10.345,10.423,5547,0
20060324,10.286,10.286,10.109,10.109,1480,0
20060327,9.932,9.971,9.676,9.833,50390,0
20060328,9.814,10.227,9.637,9.774,9554,0
20060329,9.637,9.814,9.1057,9.794,19398,0
20060330,9.715,9.715,9.4203,9.44,11461,0
20060331,10.227,10.227,9.44,9.578,68303,0
20060403,9.44,9.676,9.44,9.637,7469,0
20060404,9.696,9.696,9.145,9.381,22337,0
20060405,9.2433,9.3613,9.0663,9.263,23985,0
20060406,9.4597,9.735,9.2433,9.696,9397,0
20060407,9.715,9.833,9.3417,9.696,16505,0
20060410,9.853,9.873,9.538,9.735,7032,0
20060411,9.814,9.814,9.44,9.637,8278,0
20060412,9.4597,9.696,9.3417,9.3417,4469,0
20060413,9.519,9.519,9.0073,9.3417,73429,0
20060418,9.44,10.03,9.44,9.774,17339,0
20060419,9.932,9.932,9.597,9.833,6259,0
20060420,9.873,10.187,9.755,10.03,27636,0
20060421,10.187,10.227,9.833,10.089,32731,0
20060424,10.089,10.305,9.833,9.833,19312,0
20060425,9.696,10.03,9.558,10.03,2308,0
20060426,10.01,10.03,9.833,9.833,6646,0
20060427,9.833,11.78,9.656,11.78,78341,0
20060428,12.39,12.39,11.505,12.193,43759,0
20060502,13.963,14.75,13.806,14.317,64164,0
20060504,14.514,14.73,13.019,13.649,121958,0
20060505,13.767,14.553,13.334,14.553,94297,0
20060508,14.553,15.733,14.317,15.438,71649,0
20060509,15.615,16.343,15.045,15.34,52002,0
20060510,15.655,15.655,14.396,15.281,13083,0
20060511,15.045,15.065,14.475,14.652,23649,0
20060512,14.632,14.927,13.924,14.042,35380,0
20060515,14.258,14.947,13.963,14.947,22175,0
20060516,14.632,16.815,14.612,16.52,60025,0
20060517,16.815,17.661,16.52,17.189,48819,0
20060518,16.127,17.189,15.871,16.127,33493,0
20060519,16.5,16.52,16.127,16.461,9239,0
20060522,16.422,16.422,13.747,13.747,14863,0
20060523,13.373,13.373,9.833,12.783,69885,0
20060524,12.508,12.587,11.308,11.859,23054,0
20060525,11.859,12.115,10.679,11.997,29405,0
20060526,12.272,12.882,11.898,12.764,36229,0
20060529,12.587,12.882,12.193,12.567,13592,0
20060530,12.311,12.862,11.603,11.859,32344,0
20060531,11.544,12.587,11.348,11.367,43734,0
20060601,11.603,11.977,11.308,11.544,13378,0
20060602,11.603,12.154,11.603,11.898,10958,0
20060605,11.898,12.233,11.879,12.193,8659,0
20060606,11.761,11.898,11.584,11.603,24997,0
20060607,11.564,11.8,11.367,11.584,13683,0
20060608,11.348,11.603,11.23,11.603,5273,0
20060609,11.367,11.898,11.367,11.78,2731,0
20060612,11.544,11.8,10.069,10.069,8059,0
20060613,10.03,10.03,8.4763,10.03,24488,0
20060614,9.814,10.03,9.1843,9.833,8059,0
20060616,10.05,10.6,9.833,10.168,28480,0
20060619,10.286,10.286,9.833,10.286,7200,0
20060620,9.833,10.089,9.833,10.089,2634,0
20060621,9.892,9.892,9.637,9.892,7851,0
20060622,9.853,9.892,9.676,9.833,2344,0
20060623,9.637,10.03,9.44,10.03,13159,0
20060626,10.207,10.64,9.833,10.64,31907,0
20060627,10.246,11.171,10.246,10.935,8619,0
20060628,10.443,11.505,10.443,11.505,7800,0
20060629,11.603,11.603,11.013,11.407,4449,0
20060630,11.407,11.78,11.407,11.702,10708,0
20060703,11.898,11.898,11.603,11.8,3666,0
20060704,11.879,11.879,11.23,11.564,4541,0
20060705,11.603,11.761,11.21,11.761,10093,0
20060706,11.741,12.783,11.603,11.721,33712,0
20060707,11.957,12.193,11.446,12.193,35873,0
20060710,12.036,12.036,11.721,11.859,11258,0
20060711,11.918,11.918,11.918,11.918,498,0
20060712,11.623,11.879,11.544,11.603,4347,0
20060713,11.525,12.174,11.407,11.78,6569,0
20060714,11.761,11.761,11.308,11.564,1475,0
20060717,11.446,11.997,11.407,11.682,2898,0
20060718,11.898,11.898,11.367,11.702,16047,0
20060719,11.603,12.764,11.603,12.587,50858,0
20060720,12.98,13.177,12.685,13.098,16297,0
20060721,13.177,13.708,12.587,13.668,17212,0
20060724,13.511,13.511,13.078,13.078,1632,0
20060725,12.823,13.727,12.823,13.629,7973,0
20060726,13.177,13.963,13.177,13.747,3468,0
20060727,13.668,13.668,13.472,13.668,1892,0
20060728,13.767,14.337,13.767,14.258,6651,0
20060731,14.671,14.671,13.57,13.767,17273,0
20060801,13.865,15.34,13.786,15.34,55002,0
20060802,14.947,15.517,14.947,15.281,5919,0
20060803,15.733,16.638,15.34,15.851,78376,0
20060804,15.91,16.127,15.733,16.028,12386,0
20060807,15.556,15.851,15.537,15.832,11141,0
20060808,15.812,16.127,15.537,15.537,4190,0
20060809,15.517,15.714,15.34,15.714,7785,0
20060810,15.832,15.832,15.438,15.438,3747,0
20060811,15.438,15.832,15.438,15.832,2461,0
20060814,15.832,15.832,15.084,15.419,5080,0
20060816,15.143,15.242,14.75,15.242,10673,0
20060817,14.966,14.966,13.767,14.16,27264,0
20060818,14.475,14.494,14.062,14.494,3046,0
20060821,14.553,15.32,14.553,15.202,14466,0
20060822,15.261,15.635,14.927,15.635,9458,0
20060823,15.419,15.438,15.045,15.045,10302,0
20060824,15.045,15.281,13.767,14.809,19678,0
20060825,14.848,14.947,14.553,14.947,3341,0
20060828,14.357,14.829,14.357,14.475,7164,0
20060829,14.73,14.947,14.514,14.553,9478,0
20060830,15.143,15.93,14.75,15.93,17975,0
20060831,15.93,15.93,15.163,15.714,6890,0
20060901,15.419,15.733,15.419,15.733,3539,0
20060904,15.733,15.733,15.281,15.438,1831,0
20060905,15.143,15.419,15.143,15.419,854,0
20060906,15.438,15.694,15.379,15.694,2751,0
20060907,15.379,16.127,14.947,16.127,8578,0
20060908,16.127,17.307,16.127,16.52,23120,0
20060911,16.894,16.894,16.323,16.323,7673,0
20060912,16.343,16.677,15.635,15.635,15371,0
20060913,15.694,16.225,15.694,15.753,6097,0
20060914,16.166,16.323,15.547,16.127,10042,0
20060915,16.127,16.304,16.127,16.304,737,0
20060918,16.284,16.5,16.087,16.5,8319,0
20060919,16.5,16.5,15.93,15.93,11975,0
20060920,15.733,15.832,15.635,15.733,7012,0
20060921,15.93,15.95,15.537,15.95,1098,0
20060922,15.733,15.733,15.497,15.724,1053,0
20060925,15.733,15.733,15.291,15.733,2385,0
20060926,15.468,16.028,15.468,15.733,4022,0
20060927,15.517,15.832,15.291,15.291,2014,0
20060928,15.291,15.93,15.281,15.537,4241,0
20060929,15.537,15.537,15.34,15.34,2914,0
20061002,15.242,15.32,15.143,15.32,1175,0
20061003,15.035,15.438,15.035,15.438,529,0
20061004,15.517,15.537,14.75,14.75,16871,0
20061005,15.497,15.497,15.143,15.379,9636,0
20061006,15.242,15.93,14.947,15.92,5064,0
20061009,15.606,15.606,15.458,15.458,1469,0
20061010,15.537,16.028,15.537,15.969,11054,0
20061011,15.979,15.979,15.635,15.733,1642,0
20061012,15.733,17.1,15.537,16.343,18203,0
20061013,16.422,16.5,16.166,16.5,31139,0
20061016,16.491,17.454,16.422,17.454,51178,0
20061017,17.798,18.88,17.523,18.841,79897,0
20061018,19.057,19.647,18.093,18.487,32614,0
20061019,18.487,18.487,17.533,18.428,14939,0
20061020,18.428,19.844,18.093,19.785,68085,0
20061023,20.237,20.237,18.978,20.021,17492,0
20061024,20.237,20.237,19.077,19.342,12025,0
20061025,19.627,20.257,18.88,20.257,15539,0
20061026,20.257,20.945,19.667,20.06,16719,0
20061027,20.06,20.158,19.667,19.706,1866,0
20061030,19.706,20.06,18.683,19.568,4363,0
20061031,19.962,20.365,19.175,19.667,8249,0
20061102,19.667,21.584,19.667,20.847,29742,0
20061103,21.584,22.42,21.407,22.41,64761,0
20061106,22.42,22.42,21.555,21.801,9956,0
20061107,21.781,21.781,19.618,21.279,32731,0
20061108,21.338,21.338,20.807,21.24,9818,0
20061109,20.896,21.928,20.817,21.919,21432,0
20061110,21.928,21.928,20.955,21.633,8017,0
20061113,21.633,21.633,21.142,21.417,3820,0
20061114,21.201,21.614,20.847,21.181,4654,0
20061115,20.896,21.476,19.775,19.775,15509,0
20061116,20.158,20.503,20.158,20.217,3618,0
20061117,20.05,20.444,19.273,19.667,10263,0
20061120,19.608,20.257,19.175,19.549,9812,0
20061121,19.549,20.05,19.185,19.913,5448,0
20061122,19.863,20.355,19.863,20.306,5905,0
20061123,20.355,20.453,19.677,20.06,10722,0
20061124,20.158,20.158,19.667,19.667,6829,0
20061127,19.47,20.257,19.47,20.257,8347,0
20061128,20.158,20.158,19.303,19.667,3790,0
20061129,20.04,20.04,19.657,19.863,4111,0
20061130,20.109,21.633,19.863,20.522,30697,0
20061201,20.896,22.322,19.863,22.322,58040,0
20061204,22.322,23.01,21.958,22.273,13101,0
20061205,22.076,22.322,21.83,22.027,5339,0
20061206,22.027,22.125,21.25,21.338,7596,0
20061207,21.338,21.732,21.142,21.358,4850,0
20061208,21.142,21.142,20.699,21.132,2860,0
20061211,21.024,23.502,21.024,23.502,45463,0
20061212,24.485,24.829,22.322,22.617,42987,0
20061213,22.607,22.617,21.83,22.518,6707,0
20061214,22.607,22.607,20.65,21.142,7799,0
20061215,20.719,21.722,19.175,20.237,22173,0
20061218,20.237,20.601,19.568,20.404,11635,0
20061219,20.552,21.142,18.782,19.962,17402,0
20061220,20.149,20.149,19.283,19.932,8152,0
20061221,19.529,19.568,18.782,19.332,8492,0
20061222,19.175,19.667,18.978,19.46,7420,0
20061227,19.834,20.158,19.175,20.158,12663,0
20061228,20.355,20.552,19.962,20.404,6530,0
20061229,20.404,20.404,19.234,20.404,12273,0
20070102,20.404,21.142,20.158,21.142,10761,0
20070103,21.142,21.142,19.913,19.913,4726,0
20070104,19.568,19.863,19.421,19.667,4754,0
20070105,19.47,19.863,19.47,19.47,2232,0
20070108,19.273,19.273,18.88,19.224,3102,0
20070109,18.782,19.155,18.487,18.851,6776,0
20070110,19.126,19.126,18.585,18.978,6535,0
20070111,19.352,19.362,19.077,19.126,2311,0
20070112,19.018,19.962,18.88,18.88,8427,0
20070115,18.929,19.667,18.782,19.155,5209,0
20070116,18.772,19.608,18.772,19.155,1394,0
20070117,19.568,19.568,18.782,19.165,6136,0
20070118,18.929,19.175,17.7,18.742,10466,0
20070119,18.88,19.549,18.487,19.224,14666,0
20070122,19.568,20.119,19.224,19.568,6060,0
20070123,19.667,20.798,19.568,20.601,34277,0
20070124,20.847,22.322,20.798,21.24,54969,0
20070125,21.633,21.732,19.696,21.437,14365,0
20070126,21.004,22.125,20.355,21.879,35628,0
20070129,21.879,22.273,20.65,20.65,9759,0
20070130,21.063,21.23,20.65,20.837,2086,0
20070131,20.837,20.837,19.913,19.942,6444,0
20070201,20.345,20.404,19.539,19.618,7786,0
20070202,19.667,21.142,19.568,20.001,18519,0
20070205,20.158,20.453,19.618,19.863,9207,0
20070206,20.158,21.142,20.07,20.847,16011,0
20070207,20.896,21.437,20.463,20.847,15071,0
20070208,20.847,21.437,19.598,20.925,22583,0
20070209,20.503,21.584,20.463,21.329,13944,0
20070212,21.437,21.437,19.667,21.024,4414,0
20070213,20.601,21.024,20.316,21.024,2464,0
20070214,21.329,21.329,20.552,21.014,4065,0
20070215,19.568,19.568,18.438,19.47,79747,0
20070216,19.175,19.657,18.683,18.959,12768,0
20070219,18.978,19.067,18.851,18.978,8842,0
20070220,19.126,19.47,18.978,19.087,22151,0
20070221,19.087,19.313,18.683,19.175,18936,0
20070222,19.195,19.264,18.683,18.959,9847,0
20070223,18.831,18.978,18.447,18.978,19682,0
20070226,18.978,18.978,18.644,18.644,3034,0
20070227,18.851,18.851,17.061,17.602,22939,0
20070228,16.323,17.503,16.323,16.717,21405,0
20070301,17.11,17.307,15.94,17.012,12700,0
20070302,17.012,17.69,16.717,16.913,1146,0
20070305,16.51,17.651,15.891,17.651,15479,0
20070306,17.11,17.553,16.127,16.127,49627,0
20070307,16.333,16.422,15.93,15.95,12444,0
20070308,16.176,16.323,16.078,16.127,4989,0
20070309,15.94,15.94,15.891,15.93,2239,0
20070312,16.078,16.127,15.733,15.783,4199,0
20070313,15.802,15.92,14.701,14.996,9364,0
20070314,14.76,14.996,13.796,14.927,18417,0
20070315,15.232,15.488,14.75,15.094,23666,0
20070316,15.438,15.438,15.045,15.124,10539,0
20070319,15.429,16.225,15.143,16.225,11231,0
20070320,16.53,16.569,15.635,16.009,15124,0
20070321,16.215,16.559,15.635,15.92,17776,0
20070322,16.117,16.127,14.947,14.947,95363,0
20070323,15.153,15.153,14.258,14.258,184199,0
20070326,14.652,14.73,14.17,14.494,42668,0
20070327,14.701,14.898,13.973,14.534,69742,0
20070328,14.553,14.74,13.295,13.718,127115,0
20070329,13.963,14.947,13.865,14.947,83525,0
20070330,15.045,15.094,14.426,14.642,31202,0
20070402,14.799,14.799,14.062,14.258,37961,0
20070403,14.514,14.75,14.239,14.73,41482,0
20070404,14.75,15.773,14.504,15.556,139197,0
20070405,15.743,16.225,15.556,16.087,98620,0
20070410,16.225,17.11,16.028,17.012,115527,0
20070411,17.208,17.405,16.668,16.815,70099,0
20070412,16.53,16.658,15.438,15.812,32981,0
20070413,15.743,16.127,15.684,15.812,11418,0
20070416,16.028,16.028,15.596,15.901,15598,0
20070417,15.871,15.871,14.848,15.724,20971,0
20070418,15.832,15.891,15.458,15.625,30875,0
20070419,15.399,15.783,14.868,15.783,28756,0
20070420,15.733,15.822,14.563,14.888,113097,0
20070423,14.848,14.848,14.258,14.455,89061,0
20070424,14.75,14.848,13.983,14.74,32899,0
20070425,14.75,14.937,14.249,14.544,20835,0
20070426,14.73,14.75,14.062,14.445,21692,0
20070427,14.258,14.357,13.865,14.357,35298,0
20070430,13.472,14.16,12.125,12.685,157317,0
20070502,12.675,12.675,12.125,12.577,49883,0
20070504,12.675,13.619,12.488,13.619,35224,0
20070507,13.777,13.777,13.078,13.334,17873,0
20070508,13.354,13.354,12.783,13.029,18532,0
20070509,12.872,12.872,12.193,12.292,35051,0
20070510,12.184,12.184,11.515,11.702,48790,0
20070511,11.466,11.525,11.21,11.308,38419,0
20070514,11.535,11.977,11.417,11.977,23928,0
20070515,11.977,12.066,11.731,12.066,17912,0
20070516,12.066,12.066,11.712,11.948,8463,0
20070517,11.751,12.292,11.702,11.948,12272,0
20070518,12.174,12.174,11.505,11.554,6113,0
20070521,11.702,12.174,11.603,11.8,7441,0
20070522,11.8,11.997,11.702,11.702,4469,0
20070523,11.466,11.702,11.171,11.348,18683,0
20070524,11.308,11.308,11.112,11.151,6878,0
20070525,11.023,11.21,10.974,10.974,16551,0
20070528,11.013,11.653,10.718,11.653,54988,0
20070529,11.712,12.488,11.554,12.459,76408,0
20070530,12.272,12.98,12.243,12.941,129548,0
20070531,12.98,13.275,12.488,12.488,38168,0
20070601,12.243,12.783,12.233,12.498,3673,0
20070604,12.744,12.744,11.702,11.8,22440,0
20070605,11.8,12.243,11.751,12.007,4755,0
20070606,12.046,12.046,11.603,11.889,5283,0
20070608,11.643,11.79,11.505,11.751,7924,0
20070611,11.515,12.193,11.515,11.997,10630,0
20070612,12.557,13.747,12.557,13.069,73421,0
20070613,12.508,12.783,12.292,12.341,22814,0
20070614,12.587,12.783,12.292,12.744,14984,0
20070615,12.783,13.285,12.41,13.255,51964,0
20070618,13.482,13.747,13.177,13.364,51192,0
20070619,14.475,15.291,14.475,15.242,210621,0
20070620,15.438,15.979,14.367,14.652,200634,0
20070621,14.062,15.438,14.062,15.389,32185,0
20070622,15.674,15.733,15.242,15.733,35464,0
20070625,15.635,16.127,15.252,15.783,34221,0
20070626,15.665,16.048,15.438,15.635,9835,0
20070627,15.625,15.625,14.603,15.045,14177,0
20070628,15.34,15.409,14.76,15.045,35565,0
20070629,14.74,14.74,14.111,14.111,8780,0
20070702,14.013,15.242,13.757,15.143,17189,0
20070703,15.232,15.232,14.258,14.75,12530,0
20070704,14.74,14.74,13.924,14.534,11996,0
20070705,14.642,14.642,14.052,14.573,3056,0
20070706,14.544,14.544,13.57,13.767,27468,0
20070709,13.777,13.777,13.01,13.364,6161,0
20070710,13.088,13.088,12.547,12.587,14845,0
20070711,12.695,12.951,12.351,12.351,4236,0
20070712,12.606,12.606,11.997,11.997,9760,0
20070713,12.243,12.243,11.603,11.78,16083,0
20070716,11.741,11.849,10.128,11.849,50231,0
20070717,11.849,12.626,11.308,12.292,11337,0
20070718,12.075,12.479,11.721,11.81,17588,0
20070719,11.938,11.938,11.259,11.279,30899,0
20070720,11.308,12.243,11.308,11.849,56001,0
20070723,11.79,11.889,11.554,11.603,9678,0
20070724,11.79,11.79,11.358,11.544,5779,0
20070725,11.702,11.702,11.122,11.594,2667,0
20070726,11.603,11.8,11.21,11.308,24801,0
20070727,10.374,11.299,10.374,11.259,2962,0
20070730,11.063,11.082,10.128,10.128,32630,0
20070731,10.325,10.522,10.03,10.227,19782,0
20070801,9.942,10.158,9.2532,10.158,28500,0
20070802,10.63,10.63,9.588,10.591,16578,0
20070803,10.61,10.62,9.833,10.178,8940,0
20070806,9.735,9.735,8.7615,9.0467,19019,0
20070807,9.0467,9.0467,8.85,8.85,14795,0
20070808,8.9385,9.4203,8.9385,9.1843,3120,0
20070809,9.322,9.322,8.555,8.8402,13607,0
20070810,7.965,8.5058,7.6897,7.847,21367,0
20070813,7.8667,8.0142,7.2373,7.8175,36115,0
20070814,7.9748,8.555,7.67,7.9748,14580,0
20070816,7.6602,8.2993,6.9817,7.3652,26672,0
20070817,7.08,7.9158,6.9817,7.7585,19752,0
20070820,7.9945,8.3878,7.8667,8.142,31188,0
20070821,8.0633,8.2108,7.6012,7.6208,52532,0
20070822,7.4635,8.85,7.4635,8.85,37672,0
20070823,9.145,10.03,9.145,9.824,10657,0
20070824,9.627,10.325,9.2433,10.227,20492,0
20070827,10.433,11.78,10.227,11.78,140764,0
20070828,11.78,12.193,11.082,11.997,63706,0
20070829,11.574,12.085,11.063,11.908,27687,0
20070830,12.085,12.597,11.997,12.488,82689,0
20070831,12.685,12.705,12.292,12.665,16542,0
20070903,12.41,12.488,11.603,12.144,13929,0
20070904,11.417,12.292,11.417,12.292,5246,0
20070905,11.81,12.597,11.8,12.282,6372,0
20070906,12.036,12.085,11.702,11.702,7434,0
20070907,12.095,12.095,11.308,11.751,7655,0
20070910,11.515,11.672,10.886,11.2,4562,0
20070911,11.2,11.908,11.2,11.908,23803,0
20070912,11.908,13.069,11.908,13.069,49275,0
20070913,13.147,13.541,12.695,13.128,20184,0
20070914,13.167,13.167,12.587,12.931,4147,0
20070917,13.157,13.265,12.685,12.783,3834,0
20070918,12.488,13.019,11.997,12.626,15266,0
20070919,12.783,12.783,12.341,12.341,20419,0
20070920,12.341,13.364,12.341,13.364,49681,0
20070921,13.56,13.865,13.364,13.865,89526,0
20070924,13.954,14.239,13.816,14.062,10690,0
20070925,14.16,14.16,13.767,14.131,7585,0
20070926,14.16,14.308,14.022,14.308,33372,0
20070927,14.347,14.406,14.081,14.17,10344,0
20070928,14.376,14.396,13.963,14.396,3056,0
20071001,14.396,14.406,13.865,13.865,13906,0
20071002,14.258,14.258,13.914,14.111,50420,0
20071003,14.258,14.435,13.777,14.258,88086,0
20071004,14.258,15.212,14.258,14.898,20092,0
20071005,14.937,14.937,14.386,14.74,1247,0
20071008,14.848,15.143,14.455,15.143,4959,0
20071009,15.537,16.028,15.478,16.028,70089,0
20071010,15.842,16.225,15.812,16.196,33819,0
20071011,16.274,16.471,15.93,16.028,12193,0
20071012,15.704,15.704,14.465,14.868,64774,0
20071015,16.225,16.668,15.537,16.599,85086,0
20071016,15.96,16.52,15.733,15.979,22717,0
20071017,16.215,16.274,15.733,16.205,12397,0
20071018,16.166,17.159,15.93,16.668,78131,0
20071019,16.717,16.963,15.93,16.963,28111,0
20071022,16.618,17.159,16.274,17.002,10213,0
20071023,17.012,17.012,16.618,16.913,6841,0
20071024,16.913,16.913,16.225,16.668,16629,0
20071025,16.323,16.422,15.006,15.006,40031,0
20071026,15.006,15.724,14.858,14.947,29349,0
20071029,15.045,15.389,15.045,15.32,3269,0
20071030,15.733,15.733,14.308,14.839,27682,0
20071031,14.75,14.809,14.111,14.111,4138,0
20071102,13.767,14.416,13.177,14.396,19244,0
20071105,14.357,14.357,13.373,13.373,27569,0
20071106,13.649,14.052,13.255,14.013,7517,0
20071107,14.052,14.062,12.587,13.767,12884,0
20071108,12.439,12.783,11.8,12.705,15636,0
20071109,12.665,12.665,12.085,12.085,8345,0
20071112,11.466,11.898,11.358,11.358,24860,0
20071113,10.384,10.807,9.833,10.128,37462,0
20071114,9.656,10.217,9.637,9.824,21580,0
20071115,9.833,9.833,8.85,9.1942,11651,0
20071116,8.85,9.932,8.083,9.932,22800,0
20071119,9.932,10.777,9.0467,9.2925,14634,0
20071120,9.597,9.597,8.6435,9.0467,8529,0
20071121,8.85,8.85,7.8667,7.8667,32612,0
20071122,8.024,9.4892,7.8667,9.4793,25570,0
20071123,9.4793,9.833,8.4763,8.555,64174,0
20071126,9.2335,9.3417,8.7025,9.0958,87112,0
20071127,8.9582,9.1548,8.9582,9.0958,20600,0
20071128,8.9975,9.627,8.968,9.627,66305,0
20071129,9.833,10.325,9.686,10.109,25456,0
20071130,10.178,10.541,10.099,10.276,21708,0
20071203,10.64,10.64,9.637,9.833,9598,0
20071204,9.637,10.079,9.2433,9.2433,35463,0
20071205,9.824,10.128,9.774,10.119,17018,0
20071206,10.128,10.62,10.128,10.128,15118,0
20071207,10.128,10.423,10.128,10.423,9687,0
20071210,10.718,11.19,10.335,10.866,11810,0
20071211,10.866,11.22,10.62,10.915,5451,0
20071212,10.817,10.817,9.833,10.817,16007,0
20071213,10.718,10.718,10.296,10.61,4157,0
20071214,10.473,10.522,9.558,9.833,27862,0
20071217,9.3417,9.833,8.968,8.968,51176,0
20071218,8.8598,9.538,8.85,9.0958,30557,0
20071219,9.145,9.145,8.7517,8.9975,49685,0
20071220,9.0958,9.3417,8.9975,8.9975,12311,0
20071221,8.9975,9.1352,8.8598,8.8697,4876,0
20071227,8.8697,9.2925,8.8697,9.2925,9732,0
20071228,9.2433,9.725,9.2335,9.706,4937,0
20080102,9.814,10.227,9.814,9.922,3516,0
20080103,9.892,9.892,9.3417,9.538,11596,0
20080104,9.824,9.824,9.44,9.627,17616,0
20080107,9.4302,9.833,8.9975,9.588,3066,0
20080108,9.745,9.745,9.1647,9.3417,17082,0
20080109,8.9975,8.9975,8.1223,8.1715,36896,0
20080110,8.2502,8.732,8.1617,8.1715,73167,0
20080111,8.6533,8.6533,8.1813,8.4567,34362,0
20080114,8.3583,8.3583,7.67,7.6798,7933,0
20080115,8.26,8.26,7.375,7.375,7080,0
20080116,6.4015,6.8833,6.4015,6.8735,6298,0
20080117,7.3553,7.67,7.3553,7.5323,2903,0
20080118,7.5717,8.2108,7.5422,8.0142,3350,0
20080121,8.26,8.26,7.493,7.8667,10245,0
20080122,7.6602,7.6602,7.4242,7.6503,5326,0
20080123,8.3583,8.3583,7.6897,7.8667,1936,0
20080124,8.3583,8.5157,7.8667,8.3485,8225,0
20080125,8.9385,9.2925,8.8598,8.9877,13516,0
20080128,8.8697,9.2433,8.5157,9.2335,5878,0
20080129,9.4302,10.109,9.4302,10.01,30525,0
20080130,10.01,10.305,9.715,10.03,26380,0
20080131,9.637,10.571,9.637,10.325,11229,0
20080201,10.335,10.463,10.03,10.463,28836,0
20080204,10.325,10.807,10.325,10.807,30849,0
20080205,10.768,10.954,10.423,10.718,30793,0
20080206,9.883,10.817,9.883,10.817,28480,0
20080207,10.915,10.915,10.325,10.709,16976,0
20080208,10.817,10.817,10.423,10.423,1935,0
20080211,10.699,10.748,10.423,10.738,174,0
20080212,10.423,11.407,10.423,11.308,5114,0
20080213,11.485,11.485,10.718,11.033,15932,0
20080214,11.21,11.21,10.473,11.013,16957,0
20080215,10.817,10.817,10.04,10.276,5604,0
20080218,10.335,11.367,10.03,10.659,16668,0
20080219,10.571,10.581,10.03,10.128,7892,0
20080220,10.325,10.325,9.853,10.305,1812,0
20080221,10.374,10.797,10.374,10.374,1281,0
20080222,10.227,10.571,10.148,10.571,22414,0
20080225,10.423,10.423,10.394,10.423,3550,0
20080226,10.423,10.423,10.128,10.423,1755,0
20080227,10.227,10.227,10.227,10.227,407,0
20080228,10.128,10.374,9.833,9.843,3421,0
20080229,9.833,10.119,9.538,9.538,4944,0
20080303,9.833,9.833,8.85,9.637,1903,0
20080304,9.607,10.266,9.607,10.266,5289,0
20080305,10.246,10.276,10.03,10.276,793,0
20080306,10.522,10.522,9.843,9.843,19123,0
20080307,10.266,10.423,10.03,10.414,2214,0
20080310,10.414,10.414,9.833,9.833,2408,0
20080311,9.833,10.364,9.833,10.325,20515,0
20080312,9.833,10.325,9.833,10.227,1608,0
20080313,10.227,10.345,9.833,9.932,5034,0
20080314,10.03,10.315,9.932,10.296,26729,0
20080317,10.345,10.345,9.765,10.01,46632,0
20080318,10.128,10.276,9.833,10.178,39506,0
20080319,10.227,10.423,10.03,10.404,5802,0
20080320,10.227,10.384,10.128,10.384,4564,0
20080325,10.473,10.817,10.473,10.817,35578,0
20080326,10.964,10.964,10.64,10.915,3411,0
20080327,10.945,11.603,10.945,11.308,36092,0
20080328,11.308,11.308,10.915,11.259,18397,0
20080331,10.817,11.259,10.817,11.004,11206,0
20080401,10.827,11.181,10.827,11.131,2492,0
20080402,11.161,11.161,10.915,11.131,280,0
20080403,11.161,11.161,10.62,10.768,4621,0
20080404,10.482,11.161,10.482,11.004,2213,0
20080407,11.004,11.004,10.895,10.964,342,0
20080408,10.964,10.964,10.482,10.522,10868,0
20080409,11.013,11.013,10.817,10.925,2127,0
20080410,10.925,10.925,10.925,10.925,203,0
20080411,10.866,10.866,10.532,10.532,2291,0
20080414,10.954,10.954,10.374,10.728,3259,0
20080415,10.453,10.817,10.453,10.797,1126,0
20080416,10.817,10.954,10.325,10.954,22147,0
20080417,10.768,10.945,10.768,10.945,956,0
20080421,10.817,11.063,10.62,11.063,5747,0
20080422,10.502,11.063,10.06,10.817,4803,0
20080423,10.817,10.817,10.06,10.06,8538,0
20080424,10.561,10.561,10.04,10.305,47879,0
20080425,10.659,10.659,10.355,10.355,2014,0
20080428,10.355,10.355,10.355,10.355,203,0
20080430,10.325,10.325,10.325,10.325,31571,0
20080505,10.03,10.03,9.833,10.03,9865,0
20080506,10.03,10.03,9.833,10.03,563,0
20080507,10.119,10.325,9.833,10.128,508,0
20080508,9.617,10.178,8.673,10.03,740,0
20080509,9.538,10.473,9.538,10.473,1255,0
20080512,9.942,10.315,9.942,10.315,86,0
20080513,9.794,10.315,9.794,10.315,636,0
20080514,9.833,10.217,9.833,10.217,773,0
20080515,9.706,10.187,9.706,10.089,1372,0
20080519,9.44,10.079,9.381,10.01,5294,0
20080520,9.833,9.981,9.0467,9.145,1558,0
20080521,8.9483,9.922,8.8598,9.883,7570,0
20080523,9.745,9.745,9.538,9.745,4508,0
20080526,9.853,9.873,9.833,9.873,1089,0
20080527,9.863,9.873,9.2728,9.4105,21838,0
20080528,9.3417,9.833,9.3417,9.833,1246,0
20080529,9.774,9.774,9.774,9.774,254,0
20080530,9.932,10.03,9.647,9.647,35827,0
20080602,10.001,10.001,9.509,9.961,2822,0
20080603,9.833,9.981,9.833,9.942,11542,0
20080604,9.981,10.128,9.981,10.119,17435,0
20080605,9.833,10.128,9.833,9.932,15452,0
20080606,10.079,10.178,10.03,10.03,8390,0
20080609,9.833,9.971,9.833,9.971,4942,0
20080610,9.833,9.833,9.3515,9.824,4252,0
20080613,9.3318,9.784,8.8598,9.784,53,0
20080616,8.8992,9.0467,8.5747,8.8402,19836,0
20080617,9.1745,9.538,8.85,9.529,992,0
20080618,9.3318,9.44,9.3318,9.44,2669,0
20080619,8.6927,9.3908,8.673,9.2827,25654,0
20080620,9.2237,9.4203,9.2237,9.4203,19674,0
20080623,9.3023,9.3023,8.673,8.673,115,0
20080624,8.909,8.909,8.3682,8.8992,179,0
20080625,9.204,9.2433,9.1942,9.1942,254,0
20080626,8.378,8.4272,8.3583,8.378,2024,0
20080627,8.4567,8.9385,8.1617,8.7517,1196,0
20080630,8.9975,8.9975,8.85,8.85,219,0
20080701,8.1617,8.6533,8.1617,8.6533,572,0
20080703,8.0142,8.6533,8.0142,8.6533,1255,0
20080704,8.7517,8.7517,8.6435,8.6533,2954,0
20080707,7.8765,8.3583,7.8667,8.3583,7337,0
20080708,7.7978,7.8667,7.5815,7.7683,16219,0
20080709,7.8863,7.8863,7.7585,7.7683,639,0
20080710,7.8667,7.965,7.8667,7.965,1373,0
20080711,7.7683,9.2237,7.375,7.375,22504,0
20080714,7.1882,8.142,7.1882,8.0142,7810,0
20080715,8.0142,8.1518,7.552,8.1125,1457,0
20080716,8.1125,8.5452,7.8667,8.26,21319,0
20080717,8.3387,8.3387,8.3387,8.3387,305,0
20080718,8.3092,8.3092,7.8175,8.26,4179,0
20080721,7.8863,8.2502,7.8863,8.2502,4468,0
20080722,7.8667,8.0732,7.6798,7.8667,2020,0
20080723,8.142,8.142,8.142,8.142,1,0
20080724,7.965,7.965,7.965,7.965,153,0
20080725,8.0142,8.0142,8.0142,8.0142,1881,0
20080728,8.1617,8.6533,8.1518,8.6533,2866,0
20080729,8.3583,8.6042,8.3583,8.6042,478,0
20080730,8.7025,9.1352,8.3682,9.1352,1145,0
20080731,8.4665,9.1352,8.4567,9.1352,1041,0
20080801,8.8303,9.1253,8.8303,9.1253,385,0
20080804,8.7517,9.637,8.7517,9.637,2734,0
20080805,9.637,9.637,9.3417,9.538,2162,0
20080806,9.637,9.922,9.637,9.883,2695,0
20080807,9.883,9.902,9.883,9.883,325,0
20080808,9.381,10.718,8.909,10.522,6414,0
20080811,10.728,10.728,10.178,10.571,976,0
20080812,10.64,10.718,9.529,10.718,6708,0
20080813,10.512,10.915,10.325,10.718,23453,0
20080814,10.178,10.718,9.853,10.669,4554,0
20080818,10.492,10.65,10.109,10.522,3600,0
20080819,10.03,10.443,9.568,9.568,25115,0
20080820,9.263,9.814,9.263,9.814,2015,0
20080821,9.774,9.824,9.774,9.824,543,0
20080822,9.3417,9.833,9.3417,9.647,1342,0
20080825,9.1647,9.833,9.1647,9.833,931,0
20080826,9.3417,10.187,9.0565,10.178,1059,0
20080827,10.158,10.158,9.617,9.617,800,0
20080828,10.099,10.522,9.617,10.128,1012,0
20080901,10.03,10.158,9.538,9.538,530,0
20080902,9.686,10.138,9.44,10.03,2654,0
20080903,9.814,10.905,9.637,10.905,8904,0
20080904,10.128,10.905,10.128,10.178,1089,0
20080905,10.138,10.817,9.932,10.541,10209,0
20080908,10.817,11.554,10.817,11.397,21178,0
20080909,11.407,11.554,10.915,11.476,21836,0
20080910,10.925,11.377,10.817,11.279,6885,0
20080911,10.866,11.328,10.738,10.817,4481,0
20080912,10.276,11.013,10.276,11.013,2768,0
20080915,11.013,11.013,10.532,10.817,3542,0
20080916,10.325,10.718,9.755,10.718,1578,0
20080917,10.374,10.817,9.873,9.873,11756,0
20080918,9.735,10.315,9.735,9.735,1492,0
20080919,10.227,10.502,9.833,10.03,1944,0
20080922,10.03,10.62,9.794,10.266,18937,0
20080923,9.932,9.932,9.784,9.784,14725,0
20080924,10.227,10.227,9.833,9.932,1842,0
20080925,10.227,10.227,9.932,10.138,61128,0
20080926,10.227,11.013,10.227,10.817,27604,0
20080929,10.915,11.013,10.6,10.984,11131,0
20080930,10.325,11.013,10.325,11.013,5293,0
20081001,10.915,11.358,10.718,11.259,30902,0
20081002,11.21,11.21,10.551,11.21,11353,0
20081003,11.21,11.21,11.21,11.21,36,0
20081006,10.817,11.249,10.335,10.817,29853,0
20081007,10.817,10.817,10.158,10.325,33071,0
20081008,10.305,10.305,9.2925,9.942,103396,0
20081009,10.069,10.797,10.05,10.522,24066,0
20081010,9.745,10.325,9.637,10.217,14599,0
20081013,10.227,10.227,10.227,10.227,112,0
20081014,10.325,10.915,9.833,10.414,15115,0
20081015,10.423,10.718,10.03,10.718,508,0
20081016,9.833,11.279,9.833,10.522,20156,0
20081017,10.06,10.522,9.833,9.833,12395,0
20081020,10.414,10.414,9.784,9.784,3153,0
20081021,9.784,10.296,9.735,10.296,17894,0
20081022,9.44,10.276,9.44,9.833,19925,0
20081023,10.266,10.266,9.833,9.833,6214,0
20081024,10.266,10.266,9.3417,9.784,14533,0
20081027,9.637,9.824,9.3417,9.735,10271,0
20081028,9.824,9.932,9.824,9.833,10190,0
20081029,10.276,10.276,9.44,9.44,112,0
20081030,10.128,10.227,9.568,9.637,42226,0
20081031,10.03,10.217,9.637,10.217,51468,0
20081103,10.217,10.522,9.755,10.522,3647,0
20081104,10.817,12.538,10.817,11.997,31873,0
20081105,12.587,12.587,11.8,11.997,5150,0
20081106,11.8,12.783,11.407,12.675,5525,0
20081107,13.177,13.177,12.587,13.029,3246,0
20081110,12.98,13.55,12.597,13.462,8782,0
20081112,13.521,13.521,12.892,13.383,5518,0
20081113,12.783,13.373,12.341,13.049,3649,0
20081114,13.029,13.049,12.292,13.049,4956,0
20081117,13.078,13.128,13.039,13.039,227,0
20081118,12.311,13.078,12.311,13.078,966,0
20081119,13.078,13.078,12.252,13.078,2363,0
20081120,12.783,12.783,11.8,12.282,3717,0
20081121,11.249,12.783,11.21,12.783,6129,0
20081124,13.01,13.01,12.98,12.98,111,0
20081125,12.774,12.774,11.495,11.987,19147,0
20081126,11.8,12.252,11.8,11.997,2154,0
20081127,12.203,12.203,11.997,12.095,9084,0
20081128,12.193,12.193,11.957,11.997,786,0
20081201,11.997,12.193,11.898,12.046,45827,0
20081202,12.046,12.046,10.925,12.046,22097,0
20081203,12.184,12.38,11.8,12.341,14303,0
20081204,12.292,12.292,11.8,11.997,7641,0
20081205,11.997,11.997,11.8,11.997,10556,0
20081208,11.997,11.997,11.456,11.997,14914,0
20081209,12.341,12.98,12.046,12.852,47547,0
20081210,12.783,12.98,11.613,11.898,8483,0
20081211,12.046,12.341,11.849,11.977,34935,0
20081212,11.702,11.702,10.817,11.2,46980,0
20081215,11.141,11.269,10.492,11.269,40814,0
20081216,10.866,11.761,10.817,11.308,36455,0
20081217,11.21,11.397,10.817,11.308,27645,0
20081218,11.112,11.112,10.62,11.092,16343,0
20081219,11.092,11.308,10.935,10.935,3549,0
20081222,10.433,11.161,10.276,10.276,16802,0
20081223,10.286,10.797,9.843,10.61,20462,0
20081229,10.699,10.699,10.138,10.138,739,0
20081230,10.138,10.551,10.138,10.551,8029,0
20081231,10.915,10.935,10.168,10.817,2144,0
20090105,9.932,11.112,9.833,11.112,23333,0
20090106,11.112,11.387,11.112,11.387,12203,0
20090107,10.571,11.407,10.571,11.348,41594,0
20090108,10.817,11.289,10.817,11.259,21905,0
20090109,10.64,10.964,10.64,10.964,27695,0
20090112,10.423,10.905,10.423,10.905,2036,0
20090113,10.325,10.817,10.325,10.817,4083,0
20090114,10.817,10.866,10.817,10.866,2131,0
20090115,10.817,10.915,10.817,10.915,2238,0
20090116,10.63,11.013,10.62,11.013,5085,0
20090119,10.62,11.013,10.62,10.62,4795,0
20090120,10.62,11.013,10.62,10.669,2345,0
20090121,10.679,10.817,10.325,10.817,12785,0
20090122,10.718,11.013,10.718,11.004,11695,0
20090123,10.433,10.866,10.433,10.817,3508,0
20090126,10.325,10.561,10.06,10.561,14669,0
20090127,10.325,10.718,9.666,9.666,13567,0
20090128,10.079,10.473,9.647,10.099,12001,0
20090129,9.833,10.03,9.833,9.833,8948,0
20090130,10.02,10.03,9.784,10.03,4853,0
20090202,9.637,9.637,9.637,9.637,1190,0
20090203,10.03,10.03,9.0467,9.735,2718,0
20090204,10.03,10.03,9.735,9.735,3264,0
20090205,9.2827,10.03,9.2827,9.981,2466,0
20090206,10.03,10.099,9.843,10.079,4968,0
20090209,10.089,10.089,9.824,10.069,1260,0
20090210,9.44,9.833,9.4007,9.833,1395,0
20090211,10.089,10.089,9.44,9.833,2035,0
20090212,9.538,10.079,9.538,10.079,2879,0
20090213,10.079,10.079,10.079,10.079,1017,0
20090216,9.558,9.617,9.3417,9.597,7884,0
20090217,9.529,9.529,8.9483,9.529,51935,0
20090218,9.0467,10.03,8.555,8.6042,14497,0
20090219,8.555,9.027,8.555,9.027,2624,0
20090220,8.9778,8.9778,8.9778,8.9778,778,0
20090223,9.0467,9.0467,9.0467,9.0467,305,0
20090224,8.9483,9.1155,8.9483,9.0467,589,0
20090225,8.9483,9.322,8.9483,9.322,559,0
20090226,8.8107,9.1352,8.8107,9.1352,1142,0
20090227,8.8598,9.1352,8.5747,9.1253,1000,0
20090302,8.555,8.9483,8.555,8.9483,207,0
20090303,8.555,8.6533,8.26,8.26,3382,0
20090304,8.5452,8.555,8.1027,8.5353,15458,0
20090305,8.3092,8.6435,7.9945,8.6435,774,0
20090306,8.6435,8.6435,8.083,8.6435,1393,0
20090309,8.6238,8.6238,8.0928,8.614,289,0
20090310,8.4567,8.6238,8.3583,8.614,1955,0
20090311,8.2207,8.5452,8.1617,8.1813,1646,0
20090312,8.1813,8.1813,8.1813,8.1813,264,0
20090313,8.3583,8.3583,7.5028,7.5028,9188,0
20090316,7.5225,8.2698,7.5225,7.5225,8439,0
20090317,7.5422,7.8568,7.3947,7.8568,2659,0
20090318,8.1125,8.1125,7.6995,7.8667,549,0
20090319,8.0142,8.26,7.8667,7.8667,1411,0
20090323,7.7683,8.1125,7.67,8.1125,559,0
20090324,8.2108,8.2403,7.8667,7.8667,1716,0
20090325,7.8765,8.1912,7.8667,8.1912,1356,0
20090326,7.8863,7.8863,7.8863,7.8863,153,0
20090327,8.1715,8.1813,8.1715,8.1813,122,0
20090330,7.8765,8.2502,7.8667,8.2502,734,0
20090331,8.2502,8.2502,7.8667,8.2403,9394,0
20090401,8.2403,8.6927,8.2403,8.6927,966,0
20090402,8.6927,9.0368,8.26,9.027,9729,0
20090403,9.0368,9.3908,8.9483,8.9483,9851,0
20090406,9.833,9.833,9.4105,9.4105,1701,0
20090407,9.804,9.814,9.637,9.637,1633,0
20090408,9.0565,9.0565,9.0467,9.0467,190,0
20090409,9.0663,9.0663,8.85,8.85,2005,0
20090414,8.8992,9.804,8.85,9.804,6431,0
20090415,9.804,10.325,9.0958,10.325,3279,0
20090416,10.227,10.718,9.853,9.961,2114,0
20090417,10.128,10.325,9.833,9.833,685,0
20090420,9.597,9.597,9.588,9.588,711,0
20090421,9.3515,9.686,9.3515,9.686,428,0
20090422,9.774,9.774,9.0663,9.725,4595,0
20090423,9.1647,9.3318,8.85,9.1352,4640,0
20090424,9.1647,9.686,9.145,9.627,4876,0
20090429,9.578,9.735,9.578,9.715,1951,0
20090430,9.44,9.617,9.2827,9.617,641,0
20090504,9.706,9.706,9.538,9.538,333,0
20090505,9.2433,9.637,9.204,9.637,231,0
20090506,9.647,9.686,9.3417,9.647,2294,0
20090507,9.1548,9.607,9.0663,9.086,4054,0
20090508,9.3318,9.3318,9.086,9.3122,672,0
20090511,9.0467,9.0467,8.9975,8.9975,1194,0
20090512,9.715,9.833,9.44,9.538,27623,0
20090513,9.725,9.725,9.1155,9.322,1289,0
20090514,9.145,9.2827,8.85,9.2827,2963,0
20090515,9.2827,9.2925,9.2827,9.2925,254,0
20090518,9.263,9.263,8.8008,9.263,621,0
20090519,8.9975,9.0958,8.85,9.0467,2645,0
20090520,9.027,9.027,8.85,8.85,1626,0
20090521,9.0073,9.0073,8.7615,8.8992,205,0
20090522,8.85,8.8795,8.85,8.8795,968,0
20090525,8.8795,8.8893,8.8795,8.8893,305,0
20090527,8.9975,9.145,8.5058,8.7615,2331,0
20090529,8.94,9.1,8.78,9.1,670,0
20090601,9.0958,9.0958,8.85,8.85,2776,0
20090602,8.8992,9.1745,8.8992,9.0958,5549,0
20090603,9.1745,9.1745,8.8697,9.0368,1213,0
20090604,9.1647,9.1647,8.8205,8.8205,2230,0
20090605,8.85,9.0368,8.85,9.0368,611,0
20090608,8.8598,8.8598,8.8598,8.8598,87,0
20090609,8.4567,8.9483,8.4567,8.9483,841,0
20090612,8.85,8.85,8.85,8.85,203,0
20090615,8.6828,8.9778,8.673,8.9778,155,0
20090616,8.7517,8.7517,8.614,8.614,550,0
20090617,8.6533,8.8402,8.4763,8.4763,928,0
20090618,8.4665,8.7418,8.4665,8.732,1133,0
20090622,8.909,9.027,8.4567,8.9582,727,0
20090623,8.3583,8.9188,8.3583,8.85,1970,0
20090624,8.4173,8.85,8.4075,8.85,4186,0
20090629,8.83,8.85,8.83,8.85,2511,0
20090630,8.85,8.85,8.7,8.7,554,0
20090701,8.94,8.94,8.84,8.85,7034,0
20090702,8.85,8.85,8.85,8.85,36,0
20090703,8.9,8.9,8.9,8.9,2244,0
20090706,8.9,8.98,8.9,8.98,766,0
20090707,8.96,8.96,8.96,8.96,1000,0
20090708,8.95,8.95,8.6,8.6,879,0
20090709,8.94,8.94,8.9,8.94,1070,0
20090710,8.9,8.9,8.89,8.89,407,0
20090713,8.9,8.9,8.89,8.89,200,0
20090714,8.9,8.95,8.77,8.77,1328,0
20090715,8.95,8.96,8.78,8.96,18207,0
20090716,9,9,9,9,1270,0
20090717,9,9,8.82,8.82,430,0
20090720,8.98,9,8.82,8.99,999,0
20090721,9,9.2,9,9.12,10939,0
20090722,8.86,9.3,8.86,9.25,10289,0
20090723,9.39,9.89,9.39,9.65,4678,0
20090724,9.68,9.81,9.65,9.65,4930,0
20090727,9.79,9.8,9.65,9.65,1145,0
20090728,9.79,9.79,9.5,9.5,909,0
20090729,9.6,9.6,9.6,9.6,576,0
20090730,9.6,9.89,9.6,9.89,6010,0
20090731,9.9,9.9,9.61,9.88,173,0
20090803,9.88,9.88,9.04,9.65,2908,0
20090804,9.12,9.41,9.05,9.4,2059,0
20090805,9.07,9.6,9.07,9.6,1315,0
20090806,9.69,9.69,9.69,9.69,9,0
20090807,9.59,9.59,9.3,9.3,202,0
20090810,9.7,9.7,9.38,9.68,2268,0
20090811,9.46,9.7,9.46,9.6,4665,0
20090812,9.65,9.65,9.23,9.49,232287,0
20090813,9.65,10,9.5,10,19218,0
20090814,10.05,10.8,10.05,10.5,14714,0
20090817,10.38,10.39,9.71,10,5942,0
20090818,9.8,10.3,9.8,10.3,20203,0
20090819,10,10.9,10,10.9,9521,0
20090820,10.9,11.2,10.9,11.15,12638,0
20090821,11.19,11.2,10.64,11.2,5759,0
20090824,11.2,11.28,11.11,11.28,9960,0
20090825,11.4,11.4,11,11.34,18875,0
20090826,11.34,11.4,11.15,11.4,7477,0
20090827,11.3,11.35,11.2,11.29,5495,0
20090828,11.28,11.45,10.77,11.45,21866,0
20090831,11.41,11.45,11.2,11.4,10491,0
20090901,11.45,11.45,10.8,11.3,16315,0
20090902,11.2,11.2,10.22,10.22,9235,0
20090903,10.2,10.8,10.18,10.8,8324,0
20090904,10.8,10.8,10.01,10.28,4201,0
20090907,10.5,11,10.26,11,6963,0
20090908,10.88,11,10.88,11,5357,0
20090909,11,11.2,11,11.2,7525,0
20090910,11.03,11.27,10.52,11.1,24010,0
20090911,11,11.27,11,11.27,8492,0
20090914,11.25,11.25,10.86,11.25,3028,0
20090915,10.85,11.25,10.85,11.25,1790,0
20090916,11.25,11.3,11.23,11.3,12212,0
20090917,11.35,11.4,11.3,11.4,6490,0
20090918,11.44,11.44,11.3,11.4,1412,0
20090921,11.44,11.44,11.44,11.44,4,0
20090922,11.44,11.44,10.86,11.44,873,0
20090923,11.39,11.39,11,11.2,4090,0
20090924,11.34,11.34,11,11,561,0
20090925,11.29,11.29,10.77,11.2,2800,0
20090928,11.2,11.2,11,11.2,5292,0
20090929,11.2,11.2,11,11.2,10949,0
20090930,11,11.2,11,11.2,4913,0
20091001,10.52,11.2,10.52,11.2,2053,0
20091002,10.98,11.1,10.51,11.1,536,0
20091005,11.39,11.39,11.39,11.39,4,0
20091006,10.43,11.3,10.43,11,15754,0
20091007,11,11,11,11,5005,0
20091008,10.9,11.3,10.75,11.22,1686,0
20091009,11,11.3,11,11.3,5006,0
20091012,11.1,11.1,10.76,10.9,353,0
20091013,11,11,10.76,10.99,80,0
20091014,10.99,11,10.99,11,901,0
20091015,11,11,11,11,10,0
20091016,10.99,10.99,10.75,10.75,1576,0
20091019,10.7,10.7,10.5,10.5,15010,0
20091020,10.5,10.5,9.79,10,25075,0
20091021,10,10,9.5,9.99,10525,0
20091022,9.99,10,9.99,10,4453,0
20091023,10,10,9.65,9.65,1503,0
20091026,9.65,9.77,9.65,9.77,7899,0
20091027,9.77,10,9.5,10,4728,0
20091028,10,10,9.65,10,1794,0
20091029,10,10,9.6,9.65,16686,0
20091030,9.65,9.65,9.65,9.65,2005,0
20091102,9.65,9.65,9.05,9.55,2903,0
20091103,9.39,9.64,9.12,9.64,1411,0
20091104,9.64,9.64,9.64,9.64,3060,0
20091105,9.64,9.64,9.29,9.64,3582,0
20091106,9.45,9.64,9.32,9.64,3552,0
20091109,9.64,9.64,9.22,9.64,2760,0
20091110,9.64,9.64,9.33,9.63,5613,0
20091112,9.63,9.63,9.22,9.3,6742,0
20091113,9.35,9.35,9,9.35,8881,0
20091116,9.3,9.34,9,9.34,4815,0
20091117,9.35,9.35,8.96,9.3,9883,0
20091118,9.3,9.3,8.9,8.9,6132,0
20091119,8.9,9.15,8.7,9,3404,0
20091120,9.03,9.19,8.57,9.19,1917,0
20091123,9.3,9.3,9.08,9.1,1431,0
20091124,9.01,9.3,8.66,9.3,1240,0
20091125,9.3,9.3,8.98,8.98,112,0
20091126,9.19,9.19,9.05,9.05,65,0
20091127,9.18,9.18,9.11,9.11,601,0
20091130,9.3,9.3,8.5,9,1899,0
20091201,9,9.29,8.51,9.29,2676,0
20091202,9.3,9.78,9.08,9.31,2223,0
20091203,9.35,9.35,9.19,9.35,852,0
20091204,9.4,9.4,9.01,9.4,1357,0
20091207,9.3,9.3,8.94,9.3,1240,0
20091208,9.3,9.3,8.94,9.02,2159,0
20091209,9.02,9.02,8.82,9,770,0
20091210,9,9,9,9,501,0
20091211,9.02,9.02,8.83,9,211,0
20091214,9,9,9,9,55,0
20091215,9,9,8.85,8.99,226,0
20091216,9,9.02,8.83,8.83,501,0
20091217,8.85,8.98,8.82,8.98,359,0
20091218,9,9,8.82,8.95,211,0
20091221,8.82,8.95,8.82,8.95,1424,0
20091222,8.95,8.95,8.6,8.93,1200,0
20091223,8.95,8.95,8.95,8.95,200,0
20091228,8.93,8.93,8.51,8.51,969,0
20091229,8.62,8.8,8.62,8.8,1174,0
20091230,8.88,8.88,8.51,8.88,1660,0
20091231,9.02,9.02,8.52,9,3222,0
20100104,9,9.02,8.53,9.02,1473,0
20100105,9.02,9.02,8.68,9.01,109,0
20100106,9.02,9.02,8.72,9.02,105,0
20100107,9,9,8.8,8.8,502,0
20100108,8.73,8.8,8.73,8.8,402,0
20100111,8.8,8.8,8.75,8.8,360,0
20100112,8.8,8.8,8.74,8.8,2506,0
20100113,8.8,8.8,8.8,8.8,1037,0
20100114,8.8,8.8,8.74,8.74,413,0
20100115,8.8,8.8,8.8,8.8,198,0
20100118,8.8,8.8,8.8,8.8,105177,0
20100119,8.8,9.38,8.8,9.38,9468,0
20100120,9.38,9.5,9.15,9.5,3223,0
20100121,9.5,9.5,9.12,9.5,3,0
20100122,9.49,9.9,9.02,9.8,4639,0
20100125,9.25,9.91,9.01,9.9,2694,0
20100126,9.99,9.99,9.34,9.9,1800,0
20100127,9.9,9.9,9.54,9.9,503,0
20100128,9.9,10.33,9.9,10.33,2712,0
20100129,9.55,10.4,9.55,10.39,4375,0
20100201,10.39,10.39,9.94,10.39,567,0
20100202,10.34,10.34,10.09,10.34,506,0
20100203,10.34,10.49,9.7,10.49,9784,0
20100204,10.49,10.49,10.08,10.35,1097,0
20100205,10.35,10.35,9.7,10.35,2734,0
20100208,10.4,10.4,10.15,10.28,811,0
20100209,9.34,10.4,9.34,10.01,1774,0
20100210,10.3,10.48,10,10.36,2904,0
20100211,10.48,10.48,9.98,10.36,1031,0
20100212,10.3,10.3,10.05,10.23,152,0
20100215,10.23,10.23,9.71,10.15,233,0
20100216,9.8,10.29,9.8,10.29,601,0
20100217,10.29,10.29,10.04,10.29,3055,0
20100218,10.29,10.29,10,10.29,2114,0
20100219,10.29,10.3,10,10.3,6735,0
20100222,10.38,10.38,9.83,9.83,872,0
20100223,10.1,10.1,9.86,9.86,51,0
20100224,10.09,10.09,9.87,10.09,807,0
20100225,10.2,10.2,9.83,10.2,1003,0
20100226,9.82,10.2,9.82,10.2,2001,0
20100301,10.35,10.35,10.35,10.35,2,0
20100302,10.35,10.35,9.85,10.35,1123,0
20100303,10.35,10.9,10.1,10.9,16149,0
20100304,10.95,11.24,10.9,11.24,14517,0
20100305,11.29,11.3,10.42,11.3,2790,0
20100308,11.9,12.1,11.8,11.9,5192,0
20100309,11.9,11.9,11.9,11.9,3927,0
20100310,11.5,11.5,10.61,11.3,6751,0
20100311,11.49,11.49,11.49,11.49,3000,0
20100312,11.49,11.5,10.9,11.12,8315,0
20100315,11.5,11.99,11.22,11.25,15095,0
20100316,11.5,12.75,11.5,12.25,76882,0
20100317,12.45,14.7,12.35,14.7,135840,0
20100318,14.8,14.9,13.3,13.3,50034,0
20100319,13.3,13.74,12.5,13.5,8990,0
20100322,13.51,13.51,12.25,13,28279,0
20100323,13.39,13.4,12.84,13.2,29035,0
20100324,12.33,13.1,12.33,13.1,2798,0
20100325,13.49,13.49,12.45,12.95,4484,0
20100326,12.94,12.94,12.3,12.8,4091,0
20100329,12.7,13.1,12.7,12.97,16096,0
20100330,13.02,13.05,12.4,12.94,4938,0
20100331,13,13,12.45,12.75,2868,0
20100401,12.79,12.79,12.12,12.4,4810,0
20100406,11.57,12.79,11.57,12.05,1766,0
20100407,12.02,12.49,12,12.18,13632,0
20100408,12.05,12.05,11.31,11.6,3168,0
20100409,11.55,11.55,11.32,11.32,2746,0
20100412,11.6,12,11.3,11.8,12816,0
20100413,11.8,11.8,11.4,11.52,4109,0
20100414,11.5,11.99,11.01,11.95,9425,0
20100415,11.96,12,11.7,11.99,20287,0
20100416,12,12.34,11.44,12,9858,0
20100419,12.04,12.04,11.31,11.99,5378,0
20100420,12,12,11.5,11.69,6676,0
20100421,11.26,11.8,11.26,11.41,11067,0
20100422,11.4,11.95,11.4,11.46,1550,0
20100423,11.37,11.6,11.37,11.37,11697,0
20100426,11.97,11.97,11.19,11.24,1941,0
20100427,11.24,11.79,11.24,11.4,2644,0
20100428,11.58,11.58,10.35,10.99,8576,0
20100429,11.23,11.23,10.91,11.08,851,0
20100430,11.24,11.24,10.77,11,4027,0
20100504,11.45,11.45,11.15,11.35,713,0
20100505,11.35,11.39,10.51,10.8,26849,0
20100506,11,11,10.4,11,3232,0
20100507,10.94,10.95,10.45,10.45,15736,0
20100510,11.22,11.22,10.45,10.72,2017,0
20100511,10.92,10.95,10.45,10.45,5112,0
20100512,10.79,10.79,10.37,10.6,1101,0
20100513,10.75,10.75,10.3,10.7,4896,0
20100514,10.71,10.71,10.08,10.4,1147,0
20100517,10.73,10.73,10.05,10.44,1658,0
20100518,10,10.44,10,10.43,105,0
20100519,10.42,10.42,9.82,9.82,740,0
20100520,9.82,9.82,9.44,9.44,436,0
20100521,9.72,9.72,9.3,9.63,3755,0
20100524,9.63,9.63,9.4,9.4,2438,0
20100525,9.3,9.3,9.3,9.3,550,0
20100526,9.3,9.3,9,9,1137,0
20100527,9,9,8.88,8.88,1232,0
20100528,8.88,8.88,8.85,8.85,8331,0
20100531,8.85,8.85,8.54,8.6,3302,0
20100601,8.5,8.8,8.34,8.8,2625,0
20100602,8.8,8.8,8.41,8.8,3070,0
20100604,8.8,9.4,8.8,9.37,2972,0
20100607,9.37,10.42,8.75,10.42,9213,0
20100608,10.31,10.8,10.13,10.33,10487,0
20100609,10.78,10.78,10,10,3333,0
20100610,10,10.35,9.99,10.35,1532,0
20100611,10.35,10.35,10.1,10.35,126,0
20100614,10.4,10.4,9.72,9.72,1468,0
20100615,10.34,10.34,9.64,10.1,11529,0
20100616,10.1,10.69,9.99,9.99,10195,0
20100617,10.72,10.72,9.89,10.6,5067,0
20100618,10.5,10.71,10.1,10.59,1004,0
20100621,10.71,10.72,10.28,10.5,3642,0
20100622,10.77,10.77,10.3,10.4,303,0
20100623,10.78,10.78,10.28,10.29,951,0
20100624,10.34,10.34,10,10.01,6214,0
20100625,10.33,10.33,10.14,10.14,793,0
20100628,10.14,10.19,10.14,10.19,103,0
20100629,10.2,10.2,9.91,10.2,1001,0
20100630,10.2,10.2,9.74,9.98,2759,0
20100701,9.94,9.94,9.94,9.94,2,0
20100702,9.95,9.95,9.79,9.79,32,0
20100705,9.99,9.99,9.37,9.94,2262,0
20100706,9.76,9.79,9.37,9.5,5087,0
20100707,9.9,9.9,9.65,9.66,360,0
20100708,9.5,9.5,9.08,9.45,753,0
20100709,9.88,9.88,9.21,9.21,2176,0
20100712,9.78,9.78,9,9.15,5167,0
20100713,9.05,9.05,8.8,9,8352,0
20100714,8.86,9,8.82,8.85,2880,0
20100715,9.07,9.21,8.88,8.88,620,0
20100716,9.29,9.29,8.88,8.88,1649,0
20100719,9.27,9.27,9.07,9.07,48,0
20100720,9.27,9.27,9,9,165,0
20100721,9.28,9.28,9.28,9.28,6,0
20100722,9.25,9.25,8.9,9.25,479,0
20100723,9.28,9.3,9.28,9.3,144,0
20100726,9.3,9.3,9.25,9.25,744,0
20100727,9.25,9.25,8.88,9.25,2377,0
20100728,9.25,9.25,9.1,9.1,39,0
20100729,9.25,9.25,8.82,9,6635,0
20100730,9.24,9.24,8.85,8.85,1237,0
20100802,9.25,9.25,8.82,9.2,3702,0
20100803,9.25,9.25,9,9.02,2953,0
20100804,9.23,9.23,8.7,8.95,4585,0
20100805,8.98,8.98,8.7,8.82,3196,0
20100806,8.82,8.95,8.7,8.94,2433,0
20100809,8.94,8.94,8.68,8.68,2660,0
20100810,8.68,8.93,8.6,8.6,2634,0
20100811,8.6,8.93,8.33,8.5,5115,0
20100812,8.25,8.28,8.25,8.28,787,0
20100813,8.3,8.87,8.3,8.87,833,0
20100816,8.8,8.94,8.55,8.8,2703,0
20100817,8.94,8.94,8.54,8.54,1440,0
20100818,8.52,8.89,8.15,8.38,7019,0
20100819,8.16,8.79,8.16,8.68,2821,0
20100820,8.42,8.68,8.41,8.68,1341,0
20100823,8.5,8.57,8.5,8.5,919,0
20100824,8.5,8.5,8.4,8.49,1789,0
20100825,8.56,8.6,8.2,8.6,2416,0
20100826,8.5,8.58,8.22,8.49,1520,0
20100827,8.47,8.47,8.47,8.47,40,0
20100830,8.48,8.5,8.36,8.5,877,0
20100831,8.37,8.55,8.36,8.48,294,0
20100901,8.49,8.49,8.35,8.45,2678,0
20100902,8.44,8.44,8.39,8.44,87,0
20100903,8.4,8.44,8.3,8.44,3456,0
20100906,8.28,8.44,8.28,8.44,809,0
20100907,8.49,8.86,8.44,8.57,4063,0
20100908,8.78,9.32,8.78,9.18,9091,0
20100909,9.18,9.25,8.58,9.25,3698,0
20100910,9.28,9.28,8.5,8.56,23749,0
20100913,9.07,9.07,8.61,8.88,3123,0
20100914,8.89,9,8.7,8.9,1982,0
20100915,8.9,8.9,8.46,8.58,12602,0
20100916,8.58,8.88,8.52,8.72,2704,0
20100917,8.5,8.83,8.5,8.79,613,0
20100920,8.51,8.65,8.5,8.63,2080,0
20100921,8.65,8.8,8.5,8.8,881,0
20100922,8.8,8.8,8.8,8.8,621,0
20100923,8.55,8.8,8.4,8.74,26209,0
20100924,8.74,8.74,8.4,8.66,13151,0
20100927,8.79,8.79,8.4,8.5,5742,0
20100928,8.39,8.6,8.3,8.4,5572,0
20100929,8.4,8.5,8.24,8.3,12493,0
20100930,8.24,8.55,8.16,8.3,4911,0
20101001,8.01,8.48,7.95,8.33,4957,0
20101004,8.03,8.34,8,8.25,13163,0
20101005,7.95,8.25,7.95,8.25,4449,0
20101006,8.06,8.06,8.05,8.05,633,0
20101007,8.03,8.03,8,8,704,0
20101008,8.04,8.24,8,8.24,1466,0
20101011,8.24,8.4,8.24,8.4,3708,0
20101012,8.5,8.5,8.4,8.4,1422,0
20101013,8.43,9.19,8.43,8.7,6570,0
20101014,8.5,9,8.35,8.84,8923,0
20101015,8.8,8.8,8.8,8.8,501,0
20101018,8.79,8.79,8.31,8.51,5843,0
20101019,8.51,8.57,8.32,8.32,2485,0
20101020,8.5,8.64,8.49,8.58,2105,0
20101021,8.82,8.92,8.4,8.79,1242,0
20101022,8.45,8.45,8.45,8.45,825,0
20101025,8.7,8.7,8.7,8.7,100,0
20101026,8.6,8.6,8.6,8.6,100,0
20101027,8.6,8.6,8.6,8.6,100,0
20101028,8.33,8.33,8.33,8.33,130,0
20101029,8.6,8.6,8.55,8.55,1157,0
20101102,8.31,8.31,8.31,8.31,270,0
20101103,8.57,8.57,8.57,8.57,40,0
20101104,8.3,8.55,8.3,8.55,238,0
20101105,8.49,8.49,8.45,8.45,475,0
20101108,8.49,8.62,8.49,8.62,4155,0
20101109,8.63,8.69,8.63,8.68,1595,0
20101110,8.68,8.68,8.51,8.51,3698,0
20101112,8.52,8.67,8.37,8.37,2150,0
20101115,8.37,8.48,8.16,8.47,2485,0
20101116,8.11,8.47,8.11,8.46,646,0
20101117,8.2,8.34,8.08,8.2,2937,0
20101118,8.2,8.2,8.2,8.2,1700,0
20101119,8.2,8.2,8.01,8.01,720,0
20101122,8.19,8.19,8.19,8.19,170,0
20101123,8.18,8.2,8.01,8.05,620,0
20101124,8.01,8.01,8,8,957,0
20101126,7.95,8.25,7.9,8.25,265,0
20101129,8.12,8.12,8.12,8.12,900,0
20101201,7.96,8.08,7.96,7.96,362,0
20101202,7.95,7.95,7.81,7.95,1148,0
20101203,7.95,8.07,7.8,7.85,1931,0
20101206,8.14,8.14,7.96,8,1960,0
20101207,7.86,8.2,7.86,8.2,2436,0
20101208,8.2,8.5,8.2,8.4,2627,0
20101209,8.3,8.4,8.22,8.22,309,0
20101210,8.2,8.2,8.2,8.2,71,0
20101213,8.1,8.1,8.1,8.1,22,0
20101215,8.1,8.1,8.1,8.1,100,0
20101216,8.2,8.21,8.2,8.21,199,0
20101217,8.21,8.21,8.21,8.21,421,0
20101220,8.1,8.1,7.8,8.1,18379,0
20101221,7.8,7.8,7.8,7.8,431,0
20101222,7.73,7.97,7.72,7.97,300,0
20101227,7.91,8,7.7,7.99,2554,0
20101228,7.99,8,7.99,8,501,0
20101229,7.61,7.98,7.61,7.98,2,0
20110104,7.95,8.75,7.95,8.75,6548,0
20110105,8.3,8.73,8.11,8.59,4426,0
20110107,8.5,8.9,8.5,8.9,8113,0
20110110,8.9,9,8.9,8.99,4195,0
20110111,9,10,9,10,20715,0
20110112,10.01,11,10.01,10.5,15871,0
20110113,10.5,10.6,10,10.55,3399,0
20110114,10.2,10.2,9.6,9.9,3259,0
20110117,10.05,10.05,9.99,9.99,390,0
20110118,9.59,9.59,9,9,5294,0
20110119,9,9.2,8.9,8.9,1322,0
20110120,8.95,8.95,8.85,8.85,440,0
20110121,8.8,8.8,8.58,8.58,317,0
20110124,8.54,8.54,8.02,8.2,2484,0
20110125,8.21,8.34,8.05,8.34,737,0
20110126,8.03,8.33,8.03,8.33,140,0
20110128,8.32,8.8,8.3,8.5,11958,0
20110131,8.5,8.5,8.5,8.5,100,0
20110201,8.25,8.5,8.24,8.5,603,0
20110202,8.2,8.49,8.15,8.16,744,0
20110203,8.17,8.17,8.17,8.17,20,0
20110204,8.15,8.25,8.15,8.25,110,0
20110208,8.27,8.27,8.27,8.27,1794,0
20110210,8.27,8.27,8.27,8.27,80,0
20110211,8.1,8.29,7.81,8.29,4305,0
20110214,8.29,8.29,8.29,8.29,290,0
20110215,8.35,8.35,8.35,8.35,12,0
20110216,8.34,8.35,8,8.35,1598,0
20110217,8.15,8.24,7.9,8.24,630,0
20110218,8.15,8.45,8.15,8.45,2989,0
20110221,8.3,8.3,7.88,7.88,5000,0
20110222,8.18,8.18,8.18,8.18,30,0
20110223,8.16,8.17,8.16,8.17,127,0
20110224,8.17,8.5,8.17,8.5,1055,0
20110228,8.08,8.08,8.08,8.08,272,0
20110301,8.48,8.48,8.48,8.48,30,0
20110303,8.15,8.3,8.15,8.16,533,0
20110304,8.3,8.3,8.3,8.3,30,0
20110307,8.29,8.3,8.15,8.3,1355,0
20110308,8.25,8.25,8.25,8.25,27,0
20110309,8.08,8.08,8.08,8.08,200,0
20110310,8.25,8.25,8.25,8.25,12,0
20110311,8.08,8.29,7.91,8.29,1136,0
20110314,7.91,8.3,7.8,8.15,8544,0
20110315,7.85,8.14,7.34,7.89,6435,0
20110316,7.92,7.92,7.92,7.92,1274,0
20110317,7.95,7.95,7.95,7.95,851,0
20110321,7.96,7.96,7.95,7.95,1627,0
20110323,7.95,7.95,7.95,7.95,125,0
20110324,7.95,7.95,7.95,7.95,614,0
20110329,7.95,7.95,7.95,7.95,1073,0
20110330,7.79,7.79,7.16,7.3,11528,0
20110331,7.45,7.45,7.1,7.29,3182,0
20110401,7.11,7.3,7.1,7.29,2978,0
20110404,7.28,7.28,7.17,7.17,491,0
20110405,7.17,7.17,7.01,7.17,2030,0
20110406,7.25,7.25,7.25,7.25,300,0
20110407,7.25,7.25,7.2,7.2,321,0
20110408,7.01,7.24,7.01,7.24,388,0
20110411,7.24,7.24,7,7.22,123,0
20110413,7.1,7.1,6.71,6.92,4006,0
20110414,6.91,6.93,6.9,6.93,1227,0
20110418,6.8,6.93,6.8,6.93,470,0
20110419,6.82,6.91,6.66,6.9,1495,0
20110420,6.87,6.87,6.87,6.87,400,0
20110421,6.7,6.7,6.66,6.66,1454,0
20110426,6.8,6.8,6.8,6.8,73,0
20110427,6.78,6.78,6.7,6.7,685,0
20110428,6.7,6.7,6.7,6.7,50,0
20110429,6.75,6.75,6.71,6.71,490,0
20110504,6.71,6.71,6.71,6.71,210,0
20110505,6.66,6.66,6.66,6.66,550,0
20110509,6.66,6.66,6.6,6.6,321,0
20110510,6.65,6.65,6.65,6.65,34,0
20110512,6.6,6.6,6.35,6.35,1089,0
20110513,6.35,6.4,6.35,6.4,403,0
20110516,6.3,6.3,6.03,6.03,1362,0
20110517,6.07,6.07,6,6.03,1038,0
20110519,5.9,5.9,5.9,5.9,1300,0
20110520,5.72,5.77,5.7,5.7,3726,0
20110523,5.53,5.53,5.32,5.32,6047,0
20110524,5.47,5.67,5.4,5.4,7632,0
20110525,5.52,5.59,5.41,5.5,3039,0
20110526,5.43,5.43,5.22,5.22,2793,0
20110527,5.3,5.44,5.3,5.44,70,0
20110531,5.21,5.37,5.16,5.3,719,0
20110601,5.16,5.27,5.16,5.27,41,0
20110602,5.27,5.27,5.16,5.16,1624,0
20110603,5.18,5.2,5.05,5.15,10199,0
20110606,4.95,4.95,4.9,4.9,3415,0
20110607,4.93,4.93,4.83,4.85,1575,0
20110608,4.74,4.8,4.61,4.8,912,0
20110609,4.8,4.8,4.7,4.8,795,0
20110610,4.8,4.85,4.8,4.84,2749,0
20110614,4.79,4.95,4.79,4.95,3141,0
20110616,4.93,4.93,4.85,4.85,1454,0
20110617,4.82,4.9,4.72,4.9,1521,0
20110620,4.8,4.88,4.67,4.83,489,0
20110621,4.66,4.85,4.62,4.69,5074,0
20110622,4.69,4.69,4.48,4.59,670,0
20110624,4.58,4.68,4.55,4.68,2534,0
20110627,4.48,4.68,4.3,4.37,12254,0
20110628,4.28,4.35,4.28,4.35,1055,0
20110629,4.29,4.35,4.16,4.35,8466,0
20110630,4.17,4.35,4.17,4.35,946,0
20110701,4.19,4.34,4.14,4.34,2863,0
20110704,4.19,4.19,4.17,4.17,262,0
20110705,4.11,4.11,4,4,5069,0
20110706,4.04,4.04,4.04,4.04,370,0
20110707,4.1,4.41,4.1,4.4,6165,0
20110708,4.09,4.1,4.06,4.07,7000,0
20110711,4,4,3.9,3.92,1895,0
20110712,3.88,3.88,3.74,3.74,2685,0
20110713,3.64,3.64,3.64,3.64,100,0
20110714,3.6,3.69,3.55,3.67,3067,0
20110715,3.56,3.64,3.56,3.64,205,0
20110718,3.62,3.89,3.62,3.85,4785,0
20110719,3.87,3.87,3.74,3.84,1262,0
20110720,3.84,3.84,3.81,3.81,212,0
20110722,3.77,3.81,3.77,3.81,550,0
20110725,3.64,3.75,3.51,3.75,8678,0
20110726,3.7,3.7,3.44,3.5,7376,0
20110727,3.48,3.5,3.16,3.28,6987,0
20110728,3.24,3.33,3.24,3.33,3066,0
20110729,3.14,3.29,3.14,3.29,1399,0
20110801,3.18,3.29,2.8,2.94,26802,0
20110802,2.94,3.26,2.72,3.26,9145,0
20110803,3.25,3.25,2.95,3.1,1978,0
20110804,3.1,3.1,2.94,2.94,845,0
20110805,2.72,3.02,2.72,2.99,1344,0
20110808,3,3,2.9,2.9,1164,0
20110809,2.61,2.8,2.61,2.8,224,0
20110810,2.89,2.89,2.85,2.85,4788,0
20110811,2.85,2.85,2.73,2.76,304,0
20110812,2.76,3,2.76,2.99,5875,0
20110816,3,3.15,3,3.15,2960,0
20110817,3.19,3.4,3.19,3.4,3621,0
20110818,3.5,3.5,3.2,3.2,5181,0
20110819,3.19,3.19,2.88,3.18,148,0
20110822,3.17,3.26,3.17,3.26,978,0
20110823,3.2,3.25,3.2,3.22,3703,0
20110824,3.07,3.07,3.07,3.07,2700,0
20110825,3.02,3.02,3.02,3.02,600,0
20110826,3.04,3.04,2.72,2.99,176,0
20110829,2.97,2.97,2.83,2.85,3750,0
20110830,2.87,2.9,2.58,2.58,4595,0
20110831,2.6,2.6,2.55,2.59,3850,0
20110901,2.65,2.7,2.6,2.69,1455,0
20110908,2.6,2.69,2.6,2.69,700,0
20110912,2.52,2.52,2.45,2.45,1200,0
20110913,2.11,2.12,2.1,2.11,4816,0
20110914,2.12,2.18,1.96,1.96,2000,0
20110915,1.97,1.97,1.52,1.65,68904,0
20110916,1.65,1.65,1.54,1.6,8615,0
20110920,1.58,1.6,1.58,1.6,2500,0
20110921,1.55,1.55,1.5,1.5,1650,0
20110922,1.59,1.59,1.59,1.59,238,0
20110923,1.5,1.59,1.5,1.59,1200,0
20110926,1.41,1.5,1.4,1.43,12360,0
20110927,1.5,1.5,1.35,1.5,3,0
20110928,1.57,1.57,1.43,1.5,2393,0
20110929,1.4,1.4,1.26,1.35,7263,0
20110930,1.35,1.35,1.35,1.35,8324,0
20111003,1.39,1.4,1.38,1.4,7100,0
20111004,1.4,1.4,1.4,1.4,50,0
20111005,1.26,1.36,1.26,1.27,250,0
20111006,1.36,1.37,1.32,1.32,3030,0
20111007,1.29,1.29,1.15,1.25,31610,0
20111010,1.27,1.27,1.25,1.25,3800,0
20111011,1.25,1.3,1.25,1.3,3288,0
20111012,1.3,1.31,1.3,1.3,3182,0
20111013,1.3,1.3,1.3,1.3,900,0
20111014,1.32,1.4,1.21,1.23,20570,0
20111017,1.24,1.24,1.2,1.2,26206,0
20111018,1.2,1.2,1.2,1.2,6000,0
20111019,1.22,1.23,1.21,1.21,4634,0
20111021,1.18,1.18,1.18,1.18,650,0
20111024,1.12,1.23,1.12,1.23,967,0
20111025,1.25,1.26,1.2,1.26,26366,0
20111026,1.25,1.26,1.25,1.26,1250,0
20111027,1.26,1.26,1.25,1.25,1525,0
20111031,1.27,1.37,1.22,1.29,131027,0
20111102,1.28,1.28,1.16,1.24,92072,0
20111103,1.24,1.34,1.24,1.3,151569,0
20111104,1.43,1.78,1.41,1.69,602170,0
20111107,1.68,2.12,1.45,2.12,581877,0
20111108,2.38,2.45,1.93,2,581797,0
20111109,2,2,1.71,1.72,220277,0
20111110,1.69,2.03,1.69,1.8,251889,0
20111114,1.92,1.97,1.81,1.87,45921,0
20111115,1.86,1.87,1.74,1.81,62369,0
20111116,1.74,1.83,1.7,1.78,58459,0
20111117,1.79,1.79,1.62,1.66,45903,0
20111118,1.63,1.64,1.51,1.57,58377,0
20111121,1.56,1.56,1.44,1.44,47818,0
20111122,1.44,1.55,1.37,1.46,51028,0
20111123,1.37,1.67,1.35,1.53,184228,0
20111124,1.45,1.66,1.45,1.45,76380,0
20111125,1.47,1.55,1.45,1.53,25639,0
20111128,1.5,1.63,1.46,1.5,50633,0
20111129,1.49,1.51,1.46,1.46,26393,0
20111130,1.45,1.5,1.44,1.5,8365,0
20111201,1.46,1.5,1.45,1.48,8081,0
20111202,1.48,1.48,1.34,1.43,29906,0
20111205,1.37,1.43,1.36,1.42,7443,0
20111206,1.35,1.39,1.3,1.37,24412,0
20111207,1.32,1.38,1.32,1.38,30605,0
20111208,1.33,1.33,1.29,1.29,61840,0
20111209,1.29,1.34,1.21,1.34,4768,0
20111212,1.3,1.3,1.29,1.3,4791,0
20111213,1.24,1.3,1.22,1.3,31128,0
20111214,1.25,1.3,1.25,1.3,3377,0
20111215,1.25,1.26,1.18,1.21,37332,0
20111216,1.21,1.21,1.18,1.18,5183,0
20111219,1.18,1.21,1.08,1.14,7737,0
20111220,1.12,1.15,1.12,1.15,3033,0
20111221,1.15,1.23,1.15,1.19,12516,0
20111222,1.17,1.17,1.11,1.15,6178,0
20111223,1.15,1.22,1.15,1.22,19109,0
20111227,1.17,1.21,1.16,1.17,27178,0
20111228,1.16,1.2,1.16,1.2,29012,0
20111229,1.21,1.32,1.2,1.32,29460,0
20111230,1.25,1.34,1.25,1.34,4466,0
20120102,1.3,1.3,1.22,1.26,18492,0
20120103,1.26,1.28,1.23,1.23,23036,0
20120104,1.23,1.36,1.23,1.36,113447,0
20120105,1.41,1.46,1.33,1.34,41125,0
20120109,1.34,1.34,1.25,1.3,48804,0
20120110,1.26,1.32,1.26,1.29,12405,0
20120111,1.37,1.37,1.29,1.36,2483,0
20120112,1.33,1.54,1.3,1.54,185415,0
20120113,1.54,1.55,1.4,1.45,75211,0
20120116,1.41,1.44,1.35,1.43,38519,0
20120117,1.48,1.56,1.41,1.46,52351,0
20120118,1.46,1.5,1.45,1.45,2610,0
20120119,1.45,1.49,1.35,1.48,29218,0
20120120,1.5,1.64,1.5,1.58,117924,0
20120123,1.58,1.61,1.51,1.52,44572,0
20120124,1.52,1.59,1.51,1.59,6790,0
20120125,1.62,1.62,1.5,1.5,63320,0
20120126,1.51,1.59,1.48,1.52,77089,0
20120127,1.52,1.52,1.49,1.52,5741,0
20120130,1.55,1.55,1.49,1.54,19608,0
20120131,1.5,1.71,1.5,1.68,82043,0
20120201,1.7,1.75,1.65,1.72,76159,0
20120202,1.69,1.89,1.62,1.89,161543,0
20120203,1.94,1.94,1.79,1.79,134773,0
20120206,1.84,2.04,1.79,1.93,75197,0
20120207,1.92,1.99,1.91,1.94,72916,0
20120208,2.03,2.04,1.93,1.93,31731,0
20120209,2.04,2.04,1.91,1.91,27110,0
20120210,1.9,1.9,1.72,1.76,45057,0
20120213,1.73,1.9,1.73,1.88,52650,0
20120214,1.88,1.88,1.82,1.87,17403,0
20120215,1.84,2.01,1.84,1.92,45977,0
20120216,2.01,2.01,1.95,1.99,63944,0
20120217,2,2.15,1.96,2.05,221951,0
20120220,2.06,2.09,1.96,2.04,44623,0
20120221,2.04,2.04,2,2.04,15437,0
20120222,2.04,2.04,1.95,1.95,59824,0
20120223,1.95,1.99,1.95,1.95,10039,0
20120224,1.94,2.01,1.8,2,49217,0
20120227,2.02,2.02,1.87,1.93,12929,0
20120228,1.9,1.91,1.7,1.77,93029,0
20120229,1.76,1.79,1.75,1.79,5304,0
20120301,1.79,1.93,1.75,1.93,43541,0
20120302,1.88,2.09,1.88,2.09,87716,0
20120305,2.08,2.08,1.95,2.01,14140,0
20120306,2.01,2.01,1.75,1.94,84750,0
20120307,1.92,2,1.89,1.95,74675,0
20120308,1.95,1.98,1.94,1.98,29992,0
20120312,1.92,1.98,1.92,1.97,17767,0
20120313,1.99,2,1.99,2,1500,0
20120314,2.02,2.02,1.92,1.96,46162,0
20120315,1.95,1.98,1.95,1.95,58887,0
20120316,1.94,1.94,1.9,1.93,20228,0
20120319,1.74,1.96,1.74,1.94,45434,0
20120320,1.94,1.97,1.93,1.96,43291,0
20120321,1.98,1.98,1.92,1.92,34483,0
20120322,1.95,1.98,1.92,1.95,70738,0
20120323,1.91,1.95,1.9,1.92,31919,0
20120326,1.95,1.95,1.92,1.94,22137,0
20120327,1.93,1.95,1.92,1.92,7864,0
20120328,1.82,1.94,1.82,1.93,7269,0
20120329,1.93,1.93,1.87,1.93,12187,0
20120330,1.95,1.95,1.9,1.93,24419,0
20120402,1.93,2.56,1.93,2.5,226246,0
20120403,2.3,2.38,2.06,2.06,130706,0
20120404,2.14,2.23,2.08,2.17,23730,0
20120405,2.17,2.19,2.1,2.18,18342,0
20120410,2.15,2.17,2.08,2.08,31601,0
20120411,2.1,2.17,2.01,2.07,27160,0
20120412,2.1,2.17,2.1,2.1,7396,0
20120413,2.17,2.19,2.1,2.1,2562,0
20120416,2.1,2.18,2.1,2.17,3344,0
20120417,2.11,2.38,2.11,2.38,29883,0
20120418,2.45,2.45,2.3,2.37,7137,0
20120419,2.29,2.4,2.11,2.19,28426,0
20120420,2.19,2.19,2.12,2.18,13224,0
20120423,2.12,2.18,2.05,2.05,17665,0
20120424,2.03,2.09,2.01,2.09,36541,0
20120425,2.11,2.14,2.09,2.1,16153,0
20120426,2.12,2.2,2.12,2.2,8940,0
20120427,2.24,2.39,2.2,2.2,45009,0
20120430,2.32,2.32,2.28,2.28,14141,0
20120502,2.3,2.3,2.28,2.29,6920,0
20120504,2.21,2.32,2.21,2.25,20284,0
20120507,2.25,2.32,2.25,2.25,558,0
20120508,2.21,2.22,2.2,2.22,6386,0
20120509,2.2,2.2,2.2,2.2,5585,0
20120510,2.2,2.22,2.2,2.2,9263,0
20120511,2.2,2.2,2.18,2.2,4566,0
20120514,2.15,2.15,2.02,2.12,9908,0
20120515,2.05,2.11,2.05,2.11,2634,0
20120516,2.05,2.11,2.01,2.11,9521,0
20120517,2.03,2.03,1.95,1.95,25464,0
20120518,1.89,1.99,1.72,1.99,33602,0
20120521,1.99,2.04,1.95,2.04,11028,0
20120522,2.04,2.07,1.98,2.07,5006,0
20120523,1.98,1.99,1.9,1.99,18666,0
20120524,1.9,1.99,1.9,1.9,7521,0
20120525,1.9,1.99,1.85,1.85,13019,0
20120528,1.83,1.93,1.8,1.85,16699,0
20120529,1.84,1.99,1.84,1.92,6071,0
20120530,1.91,1.92,1.9,1.92,3290,0
20120531,1.82,2,1.82,2,6630,0
20120601,1.83,2,1.83,1.92,18973,0
20120604,1.92,1.98,1.92,1.97,3493,0
20120605,1.92,1.98,1.92,1.98,501,0
20120606,1.98,1.98,1.88,1.98,8205,0
20120608,1.97,1.97,1.97,1.97,5100,0
20120611,1.9,1.92,1.84,1.84,11430,0
20120612,1.9,1.9,1.83,1.9,7317,0
20120613,1.89,1.96,1.89,1.96,1356,0
20120614,1.97,1.97,1.89,1.89,2004,0
20120615,1.89,1.96,1.78,1.84,11099,0
20120618,1.96,1.96,1.75,1.8,21314,0
20120619,1.7,1.8,1.7,1.8,6736,0
20120620,1.95,1.95,1.81,1.81,1120,0
20120621,1.81,1.81,1.71,1.8,20703,0
20120622,1.72,1.75,1.72,1.75,2960,0
20120625,1.71,1.79,1.71,1.79,5000,0
20120626,1.78,1.78,1.75,1.75,1915,0
20120627,1.79,1.79,1.76,1.76,2200,0
20120628,1.79,1.81,1.76,1.76,4955,0
20120629,1.76,1.79,1.76,1.79,1305,0
20120702,1.76,1.78,1.75,1.78,5575,0
20120703,1.72,1.78,1.72,1.78,8801,0
20120704,1.73,1.73,1.47,1.47,27655,0
20120705,1.42,1.45,1.31,1.44,41189,0
20120706,1.35,1.58,1.35,1.57,13437,0
20120709,1.55,1.62,1.5,1.62,10503,0
20120710,1.61,1.78,1.61,1.78,14899,0
20120711,1.78,1.78,1.58,1.59,7120,0
20120712,1.52,1.72,1.52,1.72,7700,0
20120713,1.67,1.67,1.51,1.51,20,0
20120716,1.56,1.65,1.56,1.65,31,0
20120718,1.65,1.65,1.56,1.65,620,0
20120719,1.56,1.56,1.56,1.56,2910,0
20120720,1.52,1.52,1.52,1.52,1000,0
20120723,1.59,1.66,1.55,1.55,4995,0
20120724,1.55,1.55,1.5,1.5,59050,0
20120726,1.55,1.55,1.46,1.46,3000,0
20120727,1.53,1.67,1.53,1.6,32484,0
20120730,1.57,1.57,1.57,1.57,3761,0
20120801,1.5,1.5,1.48,1.48,2000,0
20120802,1.45,1.45,1.45,1.45,634,0
20120803,1.5,1.5,1.5,1.5,5000,0
20120808,1.41,1.41,1.41,1.41,50,0
20120809,1.41,1.41,1.41,1.41,5500,0
20120813,1.37,1.38,1.3,1.33,19209,0
20120816,1.33,1.45,1.33,1.45,23404,0
20120817,1.46,1.46,1.46,1.46,400,0
20120820,1.4,1.4,1.4,1.4,6000,0
20120821,1.4,1.4,1.36,1.36,530,0
20120822,1.42,1.42,1.42,1.42,6000,0
20120824,1.5,1.5,1.5,1.5,5000,0
20120827,1.57,1.57,1.56,1.56,10820,0
20120828,1.53,1.53,1.53,1.53,289,0
20120830,1.51,1.51,1.51,1.51,999,0
20120831,1.51,1.51,1.51,1.51,1459,0
20120905,1.51,1.65,1.51,1.65,15795,0
20120906,1.67,1.8,1.67,1.8,18596,0
20120907,1.89,1.98,1.89,1.89,11092,0
20120910,1.89,1.89,1.8,1.8,10702,0
20120911,1.77,1.77,1.77,1.77,722,0
20120912,1.76,1.76,1.7,1.7,8452,0
20120914,1.77,1.87,1.7,1.79,409080,0
20120917,1.67,1.79,1.67,1.79,200,0
20120919,1.62,1.74,1.62,1.74,8562,0
20120920,1.79,1.79,1.79,1.79,100,0
20120925,1.65,1.73,1.65,1.73,1217,0
20120927,1.73,1.73,1.73,1.73,1000,0
20120928,1.73,1.74,1.73,1.74,1725,0
20121001,1.74,1.82,1.67,1.77,17428,0
20121002,1.76,1.76,1.76,1.76,4980,0
20121004,1.67,1.69,1.62,1.69,6323,0
20121005,1.68,1.68,1.68,1.68,200,0
20121008,1.63,1.68,1.63,1.67,6179,0
20121009,1.69,1.77,1.69,1.77,4723,0
20121010,1.78,1.78,1.78,1.78,50,0
20121011,1.78,1.78,1.71,1.73,4001,0
20121012,1.73,1.74,1.7,1.74,5336,0
20121015,1.68,1.75,1.68,1.75,1960,0
20121016,1.7,1.76,1.7,1.76,1539,0
20121017,1.76,1.76,1.76,1.76,1000,0
20121018,1.75,1.75,1.75,1.75,1000,0
20121022,1.76,1.76,1.76,1.76,50,0
20121023,1.77,1.77,1.77,1.77,50,0
20121026,1.68,1.68,1.65,1.68,9630,0
20121029,1.63,1.67,1.6,1.67,6381,0
20121030,1.54,1.54,1.54,1.54,400,0
20121031,1.53,1.54,1.48,1.48,7625,0
20121102,1.48,1.48,1.45,1.45,3410,0
20121105,1.45,1.45,1.39,1.39,5300,0
20121106,1.45,1.45,1.4,1.4,3742,0
20121107,1.4,1.43,1.4,1.43,4359,0
20121108,1.4,1.4,1.4,1.4,2196,0
20121113,1.39,1.39,1.38,1.38,2578,0
20121114,1.44,1.44,1.36,1.36,9733,0
20121115,1.28,1.28,1.18,1.19,81707,0
20121116,1.24,1.24,1.05,1.14,42660,0
20121119,1.06,1.13,1.06,1.11,111074,0
20121120,1.08,1.13,1.08,1.1,11465,0
20121121,1.09,1.1,1.08,1.08,140658,0
20121122,1.08,1.13,1.08,1.09,25170,0
20121123,1.11,1.11,1.11,1.11,1962,0
20121126,1.1,1.11,1.1,1.11,2048,0
20121127,1.08,1.11,1.07,1.11,2101,0
20121128,1.08,1.08,1.03,1.03,11401,0
20121129,1.01,1.13,1.01,1.13,16521,0
20121130,1.14,1.14,1.14,1.14,2000,0
20121203,1.13,1.2,1.13,1.19,13946,0
20121204,1.2,1.2,1.17,1.19,18797,0
20121205,1.17,1.17,1.14,1.17,2089,0
20121206,1.17,1.17,1.12,1.16,1057,0
20121207,1.12,1.16,1.12,1.13,7313,0
20121210,1.05,1.1,0.97,1.07,80253,0
20121211,1.01,1.05,1.01,1.05,1100,0
20121212,1.01,1.07,0.99,1,22019,0
20121213,0.98,0.99,0.88,0.92,188377,0
20121214,0.9,0.98,0.9,0.97,47059,0
20121217,0.97,0.97,0.97,0.97,4080,0
20121218,0.96,1,0.96,0.99,6499,0
20121219,0.96,0.99,0.96,0.99,601,0
20121220,0.97,1,0.97,1,3799,0
20121221,1,1.05,1,1.05,26591,0
20121227,1.05,1.06,1.05,1.06,4950,0
20121228,1.05,1.19,1.05,1.16,71325,0
20130102,1.15,1.21,1.06,1.06,37372,0
20130103,1.03,1.03,1.02,1.02,1500,0
20130104,1.02,1.08,1.02,1.08,4500,0
20130107,1.09,1.09,1.07,1.08,4450,0
20130108,1.07,1.07,1.05,1.05,2000,0
20130110,1.08,1.08,1.08,1.08,492,0
20130114,1.01,1.01,1.01,1.01,1,0
20130115,1.01,1.03,1.01,1.03,10068,0
20130116,1.09,1.09,1.09,1.09,10,0
20130117,1.09,1.13,1.07,1.13,8150,0
20130118,1.13,1.17,1.1,1.15,52198,0
20130121,1.15,1.26,1.15,1.26,37493,0
20130122,1.3,1.31,1.24,1.24,13630,0
20130123,1.28,1.28,1.22,1.22,12400,0
20130124,1.16,1.17,1.16,1.16,2930,0
20130125,1.14,1.22,1.14,1.22,1577,0
20130129,1.15,1.2,1.15,1.2,1150,0
20130130,1.15,1.16,1.15,1.15,5505,0
20130201,1.15,1.21,1.14,1.21,2530,0
20130204,1.14,1.14,1.13,1.13,2500,0
20130205,1.13,1.13,1.13,1.13,150,0
20130206,1.17,1.17,1.12,1.12,8351,0
20130207,1.08,1.08,1.05,1.05,1078,0
20130211,1.05,1.05,1.04,1.04,5530,0
20130212,1.04,1.04,0.95,1,6066,0
20130213,1,1,0.97,0.97,805,0
20130214,0.97,0.97,0.97,0.97,935,0
20130215,1.03,1.03,1.03,1.03,777,0
20130220,1.03,1.05,1.03,1.05,756,0
20130221,0.97,1.04,0.97,1.04,1533,0
20130222,1,1,1,1,1800,0
20130226,0.96,0.96,0.96,0.96,1500,0
20130227,0.95,0.96,0.92,0.93,17206,0
20130228,0.94,0.95,0.94,0.95,2747,0
20130301,0.95,0.95,0.91,0.94,1020,0
20130305,0.91,0.94,0.91,0.92,2437,0
20130306,0.92,0.92,0.92,0.92,151,0
20130307,0.88,0.88,0.86,0.86,1270,0
20130308,0.9,0.93,0.9,0.93,3554,0
20130311,0.87,0.95,0.87,0.95,770,0
20130313,0.95,0.95,0.91,0.91,3202,0
20130314,0.88,0.9,0.88,0.9,2060,0
20130315,0.9,0.9,0.9,0.9,1289,0
20130318,0.88,0.88,0.86,0.86,4500,0
20130319,0.86,0.92,0.86,0.92,1201,0
20130320,0.86,0.86,0.86,0.86,501,0
20130321,0.89,1.06,0.89,1.06,137859,0
20130322,1.13,1.13,0.95,0.99,40859,0
20130325,0.95,0.99,0.9,0.99,46194,0
20130326,0.99,1,0.99,1,6000,0
20130327,1,1.04,0.94,0.94,18793,0
20130328,0.97,1.02,0.86,0.95,25530,0
20130402,0.9,0.95,0.9,0.95,2162,0
20130403,0.95,0.96,0.91,0.96,16979,0
20130404,0.92,0.95,0.92,0.95,1500,0
20130405,0.96,0.96,0.96,0.96,100,0
20130409,0.88,0.92,0.88,0.92,375,0
20130410,0.88,0.92,0.88,0.88,7541,0
20130411,0.88,0.88,0.81,0.84,6510,0
20130412,0.83,0.83,0.81,0.83,5133,0
20130415,0.83,0.87,0.8,0.84,17774,0
20130418,0.8,0.87,0.8,0.87,14311,0
20130419,0.82,0.82,0.82,0.82,4,0
20130422,0.83,0.87,0.83,0.87,9501,0
20130423,0.83,0.87,0.82,0.82,3130,0
20130424,0.82,0.95,0.82,0.92,26435,0
20130425,0.89,0.89,0.89,0.89,999,0
20130426,0.97,0.97,0.97,0.97,300,0
20130429,0.97,0.97,0.95,0.95,375,0
20130502,0.9,0.9,0.9,0.9,2,0
20130507,0.95,0.95,0.95,0.95,5310,0
20130508,0.89,0.94,0.89,0.93,5200,0
20130510,0.97,1,0.97,1,18767,0
20130513,0.99,0.99,0.99,0.99,600,0
20130514,0.95,0.95,0.95,0.95,6840,0
20130515,0.95,0.95,0.95,0.95,2300,0
20130516,0.9,0.9,0.88,0.88,8005,0
20130517,0.83,0.83,0.83,0.83,1,0
20130521,0.85,0.9,0.85,0.9,9292,0
20130522,0.9,0.9,0.83,0.9,113,0
20130524,0.9,0.9,0.9,0.9,12602,0
20130527,0.98,1.2,0.98,1.2,86628,0
20130528,1.3,1.34,1.2,1.22,116407,0
20130529,1.43,1.57,1.27,1.31,321569,0
20130531,1.28,1.3,1.22,1.3,34155,0
20130603,1.3,1.3,1.22,1.27,11247,0
20130604,1.23,1.27,1.23,1.27,10240,0
20130605,1.27,1.39,1.24,1.31,35172,0
20130606,1.32,1.33,1.32,1.33,99,0
20130607,1.31,1.31,1.25,1.3,6336,0
20130610,1.3,1.3,1.25,1.29,15420,0
20130611,1.25,1.29,1.2,1.25,21324,0
20130612,1.2,1.25,1.17,1.18,55285,0
20130613,1.17,1.19,1.15,1.19,18705,0
20130614,1.2,1.2,1.17,1.17,2296,0
20130617,1.19,1.29,1.18,1.2,75626,0
20130618,1.21,1.21,1.17,1.19,13966,0
20130619,1.21,1.21,1.16,1.19,406,0
20130620,1.18,1.18,1.15,1.18,14950,0
20130621,1.16,1.19,1.16,1.19,6506,0
20130624,1.09,1.18,1.09,1.17,11002,0
20130625,1.19,1.19,1.19,1.19,2,0
20130701,1.12,1.18,1.12,1.14,2002,0
20130702,1.18,1.18,1.14,1.14,502,0
20130703,0.88,0.92,0.85,0.85,75415,0
20130704,0.84,0.87,0.84,0.87,11843,0
20130705,0.85,0.89,0.8,0.85,17224,0
20130708,0.84,0.84,0.79,0.79,14542,0
20130709,0.72,0.72,0.69,0.7,37247,0
20130710,0.71,0.71,0.65,0.71,8157,0
20130711,0.72,0.72,0.66,0.66,5091,0
20130712,0.66,0.68,0.66,0.68,7200,0
20130715,0.7,0.7,0.66,0.68,19997,0
20130716,0.67,0.74,0.61,0.73,33000,0
20130717,0.39,0.4,0.25,0.25,233918,0
20130718,0.31,0.34,0.3,0.34,148489,0
20130719,0.32,0.41,0.32,0.32,349656,0
20130722,0.31,0.34,0.28,0.32,37181,0
20130723,0.29,0.29,0.26,0.26,97380,0
20130724,0.28,0.28,0.24,0.27,72406,0
20130725,0.27,0.27,0.26,0.26,9410,0
20130726,0.26,0.29,0.26,0.29,51344,0
20130729,0.3,0.3,0.28,0.28,5449,0
20130730,0.28,0.29,0.27,0.29,26749,0
20130731,0.29,0.3,0.29,0.29,13111,0
20130801,0.29,0.37,0.29,0.37,61347,0
20130802,0.37,0.44,0.37,0.42,174094,0
20130805,0.4,0.44,0.39,0.42,64366,0
20130806,0.41,0.44,0.34,0.42,245549,0
20130807,0.38,0.38,0.36,0.36,116120,0
20130808,0.36,0.41,0.35,0.41,91143,0
20130809,0.4,0.4,0.38,0.4,156533,0
20130812,0.41,0.43,0.41,0.41,12343,0
20130813,0.41,0.41,0.37,0.39,184768,0
20130814,0.38,0.38,0.37,0.37,19207,0
20130816,0.37,0.39,0.36,0.36,29170,0
20130819,0.36,0.39,0.36,0.38,55732,0
20130820,0.38,0.39,0.38,0.39,300,0
20130821,0.36,0.36,0.35,0.35,9620,0
20130822,0.37,0.41,0.37,0.41,108206,0
20130823,0.41,0.41,0.37,0.41,28628,0
20130826,0.38,0.41,0.38,0.39,4111,0
20130827,0.39,0.39,0.38,0.38,8492,0
20130828,0.39,0.41,0.39,0.41,43691,0
20130829,0.41,0.46,0.4,0.45,133439,0
20130830,0.46,0.51,0.45,0.51,242044,0
20130902,0.54,0.57,0.51,0.54,199074,0
20130903,0.52,0.54,0.43,0.43,66514,0
20130904,0.42,0.44,0.38,0.4,178946,0
20130905,0.38,0.4,0.36,0.4,54725,0
20130906,0.38,0.4,0.36,0.4,142801,0
20130909,0.4,0.4,0.4,0.4,18300,0
20130910,0.4,0.4,0.4,0.4,500,0
20130911,0.41,0.45,0.4,0.42,191616,0
20130912,0.44,0.46,0.42,0.44,81821,0
20130913,0.45,0.45,0.4,0.43,42272,0
20130916,0.4,0.41,0.38,0.41,22599,0
20130917,0.43,0.56,0.41,0.56,536149,0
20130918,1,1.1,0.97,1.1,1802953,0
20130919,1.35,1.62,1.3,1.42,2318980,0
20130920,1.4,1.47,1.21,1.24,1085619,0
20130923,1.2,1.3,1.17,1.18,387882,0
20130924,1.19,1.19,0.97,0.97,816706,0
20130925,0.95,1.14,0.94,1.06,1265997,0
20130926,1.09,1.1,1,1.02,507860,0
20130927,1.02,1.07,1,1.03,177757,0
20130930,1.03,1.06,1.01,1.03,78299,0
20131001,1.02,1.19,1.01,1.07,739332,0
20131002,1.09,1.1,1.04,1.04,220002,0
20131003,1.07,1.14,1.05,1.05,347841,0
20131004,1.08,1.13,1.05,1.08,181580,0
20131007,1.11,1.11,1.06,1.09,84457,0
20131008,1.11,1.11,1.05,1.06,110288,0
20131009,1.08,1.11,1.03,1.06,213768,0
20131010,1.11,1.11,1.07,1.07,59554,0
20131011,1.09,1.09,1.05,1.05,84700,0
20131014,1.07,1.07,1.04,1.04,63994,0
20131015,1.03,1.06,1,1.01,175099,0
20131016,1,1.04,0.97,1.01,194425,0
20131017,1.04,1.04,1.01,1.02,21804,0
20131018,1.02,1.03,0.99,0.99,85515,0
20131021,1,1.02,0.96,0.99,94478,0
20131022,0.98,1,0.95,0.98,51098,0
20131023,0.99,0.99,0.95,0.99,32996,0
20131024,0.99,0.99,0.91,0.93,100460,0
20131025,0.93,0.93,0.87,0.89,160318,0
20131028,0.88,1.03,0.88,1.03,572371,0
20131029,1.03,1.03,0.95,0.99,174745,0
20131030,0.96,0.98,0.9,0.91,169436,0
20131031,0.92,0.95,0.89,0.91,190407,0
20131104,0.92,0.96,0.91,0.93,60543,0
20131105,0.93,0.96,0.93,0.95,31002,0
20131106,0.95,0.96,0.92,0.96,31568,0
20131107,0.93,0.95,0.92,0.93,22278,0
20131108,0.93,0.95,0.92,0.95,12906,0
20131112,0.95,0.95,0.92,0.94,18219,0
20131113,0.94,0.95,0.92,0.92,5000,0
20131114,0.94,0.95,0.92,0.92,35140,0
20131115,0.93,1.02,0.92,0.96,181095,0
20131118,0.98,0.99,0.96,0.96,21704,0
20131119,0.98,0.99,0.94,0.96,24204,0
20131120,0.98,0.99,0.94,0.99,11635,0
20131121,0.95,0.96,0.91,0.94,112561,0
20131122,0.94,0.94,0.92,0.94,10313,0
20131125,0.94,0.94,0.92,0.93,4715,0
20131126,0.92,0.93,0.9,0.91,46439,0
20131127,0.91,0.91,0.88,0.9,24075,0
20131128,0.92,0.92,0.85,0.89,5169,0
20131129,0.9,0.9,0.87,0.9,8900,0
20131202,0.9,0.9,0.83,0.83,22062,0
20131203,0.83,0.88,0.83,0.86,17350,0
20131204,0.86,0.86,0.78,0.79,58634,0
20131205,0.92,0.96,0.83,0.83,532798,0
20131206,0.86,0.86,0.78,0.81,108321,0
20131209,0.82,0.82,0.79,0.81,28932,0
20131210,0.82,0.82,0.78,0.8,13676,0
20131211,0.78,0.79,0.78,0.79,17638,0
20131212,0.78,0.78,0.75,0.76,18807,0
20131213,0.77,0.77,0.76,0.77,5626,0
20131216,0.75,0.75,0.72,0.74,24052,0
20131217,0.74,0.75,0.73,0.73,24600,0
20131218,0.74,0.75,0.71,0.75,8041,0
20131219,0.75,0.78,0.7,0.75,84276,0
20131220,0.75,0.75,0.68,0.7,53626,0
20131223,0.71,0.74,0.7,0.74,8857,0
20131227,0.75,0.77,0.74,0.77,9357,0
20131230,0.79,0.79,0.76,0.78,11632,0
20140102,0.79,0.79,0.75,0.77,29963,0
20140103,0.78,0.8,0.75,0.8,22928,0
20140107,0.8,0.85,0.8,0.83,42192,0
20140108,0.84,0.84,0.77,0.79,46202,0
20140109,0.77,0.79,0.77,0.79,3302,0
20140110,0.77,0.78,0.76,0.77,8621,0
20140113,0.77,0.77,0.74,0.76,52919,0
20140114,0.76,0.76,0.74,0.74,19710,0
20140115,0.76,0.76,0.72,0.75,26906,0
20140116,0.75,0.75,0.69,0.69,63153,0
20140117,0.72,0.76,0.7,0.76,62774,0
20140120,0.74,0.77,0.74,0.77,6380,0
20140121,0.74,0.77,0.73,0.75,21773,0
20140122,0.75,0.78,0.74,0.74,35618,0
20140123,0.74,0.78,0.74,0.78,52370,0
20140124,0.77,0.77,0.76,0.76,8750,0
20140127,0.75,0.77,0.71,0.75,5241,0
20140128,0.77,0.77,0.75,0.75,20111,0
20140129,0.77,0.77,0.74,0.76,12037,0
20140130,0.77,0.77,0.74,0.75,825,0
20140131,0.75,0.79,0.75,0.78,26983,0
20140203,0.76,0.79,0.76,0.79,6376,0
20140204,0.76,0.78,0.76,0.77,3468,0
20140205,0.79,0.79,0.79,0.79,256,0
20140206,0.77,0.78,0.76,0.78,4951,0
20140207,0.79,0.79,0.75,0.77,34709,0
20140210,0.79,0.79,0.76,0.78,8127,0
20140211,0.78,0.78,0.74,0.77,32432,0
20140212,0.77,0.77,0.75,0.77,8529,0
20140213,0.76,0.81,0.75,0.81,172734,0
20140214,0.83,0.88,0.8,0.82,188262,0
20140217,0.84,0.85,0.79,0.85,93353,0
20140218,0.85,0.85,0.81,0.82,20598,0
20140219,0.82,0.83,0.81,0.81,10992,0
20140220,0.8,0.82,0.78,0.8,13114,0
20140221,0.82,0.82,0.78,0.8,6555,0
20140224,0.78,0.8,0.77,0.8,27916,0
20140225,0.8,0.8,0.77,0.79,45199,0
20140226,0.8,0.8,0.76,0.78,15267,0
20140227,0.75,0.78,0.75,0.77,3417,0
20140228,0.78,0.78,0.73,0.77,20373,0
20140303,0.72,0.74,0.66,0.71,134762,0
20140304,0.74,0.77,0.72,0.77,35217,0
20140305,0.74,0.75,0.72,0.74,19916,0
20140306,0.76,0.76,0.72,0.74,37708,0
20140307,0.74,0.74,0.71,0.73,23054,0
20140310,0.73,0.75,0.72,0.73,28215,0
20140311,0.75,0.75,0.72,0.74,9897,0
20140312,0.74,0.74,0.71,0.74,17544,0
20140313,0.74,0.74,0.71,0.74,2230,0
20140314,0.68,0.71,0.68,0.7,19940,0
20140317,0.7,0.76,0.7,0.75,68969,0
20140318,0.73,0.76,0.72,0.76,14826,0
20140319,0.76,0.76,0.72,0.74,44468,0
20140320,0.72,0.76,0.72,0.76,10107,0
20140321,0.74,0.76,0.74,0.76,6784,0
20140324,0.76,0.76,0.76,0.76,2,0
20140325,0.73,0.74,0.72,0.74,30400,0
20140326,0.72,0.76,0.72,0.76,17572,0
20140327,0.76,0.76,0.73,0.75,69320,0
20140328,0.76,0.76,0.74,0.76,3920,0
20140331,0.76,0.78,0.76,0.77,16006,0
20140401,0.76,0.78,0.74,0.76,103920,0
20140402,0.75,0.76,0.75,0.76,2000,0
20140403,0.75,0.77,0.75,0.77,3294,0
20140404,0.75,0.77,0.75,0.77,1003,0
20140407,0.75,0.77,0.74,0.77,1604,0
20140409,0.76,0.77,0.69,0.73,240580,0
20140410,0.73,0.73,0.72,0.73,7400,0
20140411,0.71,0.73,0.71,0.73,200,0
20140414,0.71,0.72,0.7,0.72,8646,0
20140415,0.7,0.71,0.68,0.71,18361,0
20140416,0.71,0.71,0.71,0.71,253,0
20140417,0.72,0.73,0.7,0.71,15168,0
20140422,0.7,0.72,0.7,0.72,4065,0
20140423,0.71,0.71,0.69,0.71,5176,0
20140425,0.72,0.72,0.7,0.71,1702,0
20140428,0.7,0.71,0.7,0.71,1000,0
20140429,0.72,0.72,0.71,0.72,702,0
20140430,0.69,0.72,0.69,0.71,13549,0
20140502,0.71,0.71,0.7,0.71,5011,0
20140505,0.72,0.72,0.7,0.7,5986,0
20140506,0.68,0.7,0.67,0.7,41211,0
20140507,0.7,0.71,0.69,0.71,8571,0
20140508,0.7,0.71,0.7,0.71,2901,0
20140509,0.68,0.7,0.68,0.7,30089,0
20140512,0.7,0.81,0.7,0.79,141710,0
20140513,0.8,0.8,0.76,0.79,29870,0
20140514,0.8,0.8,0.77,0.77,22843,0
20140515,0.79,0.8,0.78,0.8,2503,0
20140516,0.8,0.8,0.72,0.73,52304,0
20140519,0.72,0.78,0.72,0.78,100475,0
20140520,0.79,0.79,0.77,0.79,2101,0
20140521,0.79,0.79,0.76,0.77,28184,0
20140522,0.79,0.79,0.73,0.77,39010,0
20140523,0.77,0.77,0.75,0.76,32002,0
20140526,0.74,0.78,0.74,0.78,26739,0
20140527,0.77,0.78,0.75,0.78,10481,0
20140528,0.77,0.78,0.77,0.78,1000,0
20140529,0.78,0.78,0.75,0.78,13598,0
20140530,0.78,0.78,0.75,0.75,53775,0
20140602,0.76,0.77,0.74,0.75,44566,0
20140603,0.75,0.77,0.75,0.76,92637,0
20140604,0.79,0.79,0.77,0.78,32501,0
20140605,0.78,0.79,0.75,0.75,48143,0
20140606,0.77,0.77,0.75,0.75,24522,0
20140609,0.77,0.77,0.74,0.76,4512,0
20140610,0.77,0.77,0.73,0.75,26501,0
20140611,0.75,0.75,0.7,0.73,81851,0
20140612,0.74,0.74,0.73,0.74,7802,0
20140613,0.74,0.74,0.71,0.72,10501,0
