Date,Open,High,Low,Close,Volume,OpenInt
20061103,8.5,11.9,8.5,10,706757,0
20061106,10.39,10.44,9.61,9.91,162424,0
20061107,9.8,9.91,9.5,9.65,54608,0
20061108,9.78,9.78,9.5,9.69,29214,0
20061109,9.5,9.65,9.12,9.13,48291,0
20061110,9.15,9.15,8.69,8.8,33125,0
20061113,8.7,8.71,8.28,8.28,18652,0
20061114,8.19,8.4,7.99,8.3,43793,0
20061115,8.2,8.4,8.01,8.19,16314,0
20061116,8.2,8.3,8.01,8.03,8849,0
20061117,8,8.19,8,8.14,4649,0
20061120,8.11,8.11,7.41,7.49,44666,0
20061121,7.5,7.85,7.49,7.85,53069,0
20061122,7.87,8.25,7.6,8.25,19585,0
20061123,8.8,9.96,8.8,9.45,171809,0
20061124,9.45,9.57,9,9.43,27214,0
20061127,9.5,9.5,9.35,9.45,21022,0
20061128,9.4,9.49,9.11,9.44,11855,0
20061129,9.44,9.48,9.43,9.43,6560,0
20061130,9.5,9.5,9.4,9.45,7888,0
20061201,9.75,9.85,9.51,9.74,21351,0
20061204,9.8,9.8,9.5,9.77,8791,0
20061205,9.81,9.83,9.6,9.6,9000,0
20061206,9.6,9.7,9.6,9.6,10771,0
20061207,9.8,9.9,9.6,9.71,28773,0
20061208,9.7,9.7,9.32,9.39,13349,0
20061211,9.39,9.54,9.3,9.5,3667,0
20061212,9.3,9.57,8.92,9.19,25958,0
20061213,9.01,9.17,8.93,9.17,6801,0
20061214,9.17,9.17,9,9.1,7106,0
20061215,9,9,7.8,8.7,16684,0
20061218,8.59,8.69,8.59,8.69,550,0
20061219,8.69,8.7,8.29,8.66,1520,0
20061220,8.67,8.67,8.29,8.5,10327,0
20061221,8.4,8.6,8.25,8.54,4341,0
20061222,8.59,8.9,8.59,8.88,8064,0
20061227,9,9.36,8.88,9.36,2093,0
20061228,9.39,9.55,9.36,9.4,12881,0
20061229,9.4,9.4,9,9.29,5902,0
20070102,9.29,9.55,9,9.5,6650,0
20070103,9.5,9.5,9.31,9.31,2934,0
20070104,9.31,9.49,9,9.25,7980,0
20070105,9,9.24,9,9.24,860,0
20070108,9.24,9.24,8.75,8.81,3724,0
20070109,8.8,8.8,8.53,8.8,3820,0
20070110,8.8,8.8,8.43,8.69,4431,0
20070111,8.65,8.65,8.3,8.4,12124,0
20070112,8.62,8.62,8.4,8.59,1278,0
20070115,8.65,9.48,8.65,9.2,12459,0
20070116,9.01,9.26,8.7,9,5637,0
20070117,9.05,9.05,8.67,8.69,5421,0
20070118,8.69,8.95,8.69,8.88,1922,0
20070119,8.99,8.99,8.88,8.88,2716,0
20070122,9,9,8.71,8.72,3184,0
20070123,9.15,10.38,8.99,10.19,164143,0
20070124,10.19,10.5,9.75,10.27,39995,0
20070125,10.27,10.27,9.82,10.1,12879,0
20070126,9.95,10.2,9.72,10.2,13597,0
20070129,10.05,10.76,10.05,10.76,44088,0
20070130,10.79,10.85,10.46,10.85,15354,0
20070131,10.79,11.6,10.45,11.38,38318,0
20070201,11.03,11.39,10.86,10.89,17307,0
20070202,10.95,11,10.68,10.8,8767,0
20070205,10.75,11,10.5,10.93,7091,0
20070206,11,13.1,11,12.7,120344,0
20070207,13,13,11.45,11.64,97359,0
20070208,11.65,11.65,10.8,10.8,41290,0
20070209,10.7,11.39,10.7,11.39,13600,0
20070212,11.3,11.3,10.7,10.96,10217,0
20070213,10.75,11.13,10.72,11.1,4860,0
20070214,10.77,11.05,10.77,10.99,11337,0
20070215,11.55,11.55,10.8,11,9519,0
20070216,10.8,11,10.78,10.9,2489,0
20070219,10.77,10.89,10.56,10.8,5437,0
20070220,10.5,10.5,10.11,10.3,20846,0
20070221,10.35,10.35,10.1,10.3,20022,0
20070222,10.3,10.3,9.9,10.03,17956,0
20070223,9.9,10.03,9.81,9.9,12821,0
20070226,9.99,10.38,9.94,10.15,5234,0
20070227,10.27,10.27,9.5,9.51,11420,0
20070228,9.52,9.52,9,9.5,5915,0
20070301,9.55,9.75,9.01,9.2,6299,0
20070302,9.2,9.5,8.92,9.5,13925,0
20070305,9.2,9.2,8.52,8.98,16041,0
20070306,8.98,9.3,8.9,9.15,7233,0
20070307,9.2,9.43,8.91,9.1,5456,0
20070308,9.2,9.24,9,9.22,8530,0
20070309,9.23,10.19,9.21,9.99,48603,0
20070312,10.1,10.1,9.5,9.8,8362,0
20070313,9.8,9.8,9.48,9.63,8295,0
20070314,9,9.5,9,9.4,7292,0
20070315,9.45,9.68,9.15,9.2,9403,0
20070316,9.2,9.22,9,9.2,10164,0
20070319,9.35,9.5,9.2,9.5,8678,0
20070320,9.6,9.64,9.52,9.6,5633,0
20070321,9.55,9.6,9.5,9.6,4823,0
20070322,9.8,9.87,9.71,9.87,12052,0
20070323,11.7,12.4,10.8,10.91,251445,0
20070326,11.1,11.24,10.41,10.5,62129,0
20070327,10.45,10.85,10.4,10.43,13417,0
20070328,10.4,10.4,10.05,10.39,17448,0
20070329,10.16,10.48,10,10.43,27227,0
20070330,10.49,10.49,10.2,10.23,6085,0
20070402,10.2,10.2,9.81,9.91,17287,0
20070403,9.95,10.39,9.85,10.15,19537,0
20070404,10.21,10.33,10,10.05,13492,0
20070405,10,10.33,9.8,9.95,17821,0
20070410,10.1,10.1,9.9,10.08,12499,0
20070411,10.2,10.2,9.92,9.95,7976,0
20070412,9.8,9.94,9.63,9.9,3648,0
20070413,10.45,10.7,10.31,10.55,54263,0
20070416,10.32,10.48,10.2,10.23,13121,0
20070417,10.15,10.65,10.03,10.2,9632,0
20070418,10.16,10.16,10,10,14814,0
20070419,10,10,9.8,9.85,5232,0
20070420,9.85,9.9,9.82,9.9,5599,0
20070423,10,10,9.72,9.86,12684,0
20070424,9.55,9.86,9.51,9.86,5398,0
20070425,9.86,9.86,9.56,9.7,1096,0
20070426,9.7,9.95,9.65,9.95,5730,0
20070427,10,10,9.65,9.84,6450,0
20070430,9.83,9.83,9.6,9.75,5736,0
20070502,9.7,9.85,9.6,9.8,9705,0
20070504,9.8,9.86,9.76,9.82,17351,0
20070507,9.67,10.49,9.61,9.98,46919,0
20070508,10.12,10.15,9.66,9.75,17540,0
20070509,9.9,9.9,9.5,9.69,10061,0
20070510,9.8,9.9,9.3,9.4,6738,0
20070511,9.3,9.3,8.78,9.13,10822,0
20070514,9.35,9.35,9.2,9.2,4576,0
20070515,9.2,9.2,9.1,9.15,1511,0
20070516,9.1,9.29,8.93,9.29,1285,0
20070517,9,9.05,9,9.05,1441,0
20070518,9.15,9.25,9.15,9.25,102,0
20070521,9.25,9.25,8.87,9.2,3727,0
20070522,9,9.15,8.8,8.95,8617,0
20070523,8.8,9.27,8.7,9.25,6202,0
20070524,9.25,9.25,8.89,9.24,2860,0
20070525,9.03,9.19,9,9.1,2205,0
20070528,9.1,9.1,9,9.08,2942,0
20070529,9.1,9.1,8.8,8.93,2780,0
20070530,9,9,8.95,8.97,1073,0
20070531,9.1,9.1,8.95,9.1,5293,0
20070601,9.14,9.14,8.9,9.09,3913,0
20070604,9.05,9.15,8.62,9.15,7225,0
20070605,8.9,9.14,8.81,9.14,969,0
20070606,9,9.13,8.89,9.09,6429,0
20070608,8.81,9.04,8.81,8.85,2428,0
20070611,9,9,9,9,23,0
20070612,9,9.14,9,9.13,1874,0
20070613,9.01,9.13,8.91,9.05,3595,0
20070614,9.13,9.13,9,9,3881,0
20070615,9.12,9.12,9,9,8453,0
20070618,9.02,9.02,8.85,8.85,1094,0
20070619,8.85,9.05,8.85,9.05,1050,0
20070620,9,9.2,8.86,9,7463,0
20070621,8.95,8.95,8.86,8.9,706,0
20070622,9,9.09,8.95,9.09,2085,0
20070625,8.9,9.16,8.9,9.15,11441,0
20070626,9.18,9.5,9.18,9.45,14011,0
20070627,9.4,9.4,9.2,9.39,8832,0
20070628,9.35,9.39,9.05,9.05,7193,0
20070629,9.05,9.05,8.9,9,5188,0
20070702,8.63,9.05,8.62,8.89,6040,0
20070703,9,9,8.8,9,3062,0
20070704,8.91,8.98,8.8,8.91,4840,0
20070705,8.8,9.2,8.8,9.09,4539,0
20070706,9.2,9.29,9.01,9.29,4714,0
20070709,9.29,9.29,8.95,9,4152,0
20070710,9.18,9.18,8.86,8.9,5180,0
20070711,8.62,8.95,8.62,8.95,3446,0
20070712,8.95,8.95,8.81,8.95,1026,0
20070713,8.95,8.95,8.8,8.8,239,0
20070716,8.95,8.95,8.54,8.54,2602,0
20070717,8.6,8.78,8.54,8.78,2100,0
20070718,8.8,8.93,8.8,8.93,751,0
20070719,9.15,9.4,9.1,9.4,22024,0
20070720,9.4,9.4,9.05,9.3,1860,0
20070723,9.1,9.1,9.1,9.1,45,0
20070724,8.85,9,8.85,9,101,0
20070725,8.9,9,8.6,9,6290,0
20070726,8.99,8.99,8.4,8.8,1807,0
20070727,8.74,8.74,8.15,8.15,5511,0
20070730,8.4,8.49,8.12,8.49,1857,0
20070731,8.5,8.82,8.5,8.82,1979,0
20070801,8.82,8.9,8.29,8.9,12485,0
20070802,8.01,8.3,8.01,8.3,15128,0
20070803,8.39,8.39,8.15,8.15,6766,0
20070806,8.2,8.2,7.8,7.8,5563,0
20070807,7.62,8.05,7.59,8,5669,0
20070808,8.1,8.2,8.1,8.1,2350,0
20070809,8.22,8.22,8.1,8.1,6549,0
20070810,8.1,8.1,6.8,7.5,8587,0
20070813,7,7.6,7,7.6,4129,0
20070814,7.5,7.55,7.5,7.5,7058,0
20070816,7.43,7.43,6.67,7.14,15217,0
20070817,7.29,7.29,6.79,7.05,13806,0
20070820,7.2,7.25,7.05,7.25,1543,0
20070821,6.91,6.91,6.91,6.91,100,0
20070822,6.91,7,6.85,6.85,3238,0
20070823,6.95,7.19,6.9,6.95,9769,0
20070824,7.05,7.05,6.9,6.92,4393,0
20070827,7.18,7.19,7,7,5610,0
20070828,7,7.1,7,7.01,10897,0
20070829,7,7.2,6.99,7,7726,0
20070830,7.2,7.45,7.2,7.45,21428,0
20070831,7.56,7.92,7.56,7.92,4016,0
20070903,7.92,7.99,7.5,7.99,3735,0
20070904,7.65,7.99,7.65,7.99,4416,0
20070905,7.69,7.7,7.65,7.7,1310,0
20070906,7.85,7.9,7.8,7.9,5952,0
20070907,7.99,8.19,7.67,7.9,16832,0
20070910,7.7,8.15,7.7,7.92,7144,0
20070911,8.05,8.24,8.01,8.19,4899,0
20070912,8.25,8.4,8.19,8.4,8920,0
20070913,8.45,8.87,8.4,8.6,40199,0
20070914,8.69,8.69,8.47,8.52,10090,0
20070917,8.52,8.6,8.3,8.45,28246,0
20070918,8.25,8.57,8.25,8.57,1386,0
20070919,8.57,8.6,8.32,8.5,7970,0
20070920,8.2,8.44,8.2,8.4,4373,0
20070921,8.4,8.4,8.4,8.4,5,0
20070924,8.3,8.5,8.3,8.4,5300,0
20070925,8.4,8.4,8.2,8.2,32210,0
20070926,8.2,8.3,8,8,3235,0
20070927,8.24,8.24,8.24,8.24,2761,0
20070928,8.1,8.45,8.1,8.45,4289,0
20071001,8,8.1,8,8.1,7056,0
20071002,8.1,8.1,8,8,1340,0
20071003,7.64,8.15,7.64,8.15,2211,0
20071004,8.15,8.15,8.05,8.15,10459,0
20071005,8,8.2,8,8,4249,0
20071008,8.3,8.3,8.3,8.3,4778,0
20071009,8.35,8.7,8.35,8.7,39951,0
20071010,8.7,9.09,8.7,9.09,8047,0
20071011,9,9.21,9,9.21,30301,0
20071012,9.2,9.24,9.1,9.2,12390,0
20071015,9.21,9.3,9.21,9.3,4955,0
20071016,9.38,9.46,9.03,9.03,113773,0
20071017,9.45,9.45,9.08,9.35,1871,0
20071018,9.2,9.2,9.05,9.05,3676,0
20071019,9.05,9.3,9,9,14182,0
20071022,9.25,9.25,9,9.25,2980,0
20071023,9.25,9.3,9,9.2,13409,0
20071024,9.25,9.3,9.07,9.25,10233,0
20071026,9.4,9.4,9.05,9.2,1827,0
20071029,9,9.2,9,9.2,573,0
20071030,9,9.2,8.77,8.77,1210,0
20071031,8.77,8.9,8.51,8.9,9714,0
20071102,8.9,8.9,8.9,8.9,250,0
20071105,8.51,9.15,8.51,9.15,17354,0
20071106,9.16,9.16,9.14,9.15,10643,0
20071107,9.25,9.5,9,9.15,15345,0
20071108,8.9,9.15,8.5,9.14,20433,0
20071109,9.1,9.1,8.7,8.7,3540,0
20071112,8.7,8.85,8.7,8.8,5140,0
20071113,8.8,8.9,8.8,8.9,799,0
20071114,9,9,8.95,8.95,332,0
20071115,9.09,9.09,8.8,8.8,5720,0
20071116,8.8,8.9,8.7,8.9,8180,0
20071119,8.7,9.16,8.7,9.16,4054,0
20071120,8.78,9.1,8.78,9.1,2704,0
20071121,9.13,9.13,9,9,403,0
20071122,8.73,8.73,8.7,8.72,3331,0
20071123,8.99,8.99,8.75,8.94,590,0
20071126,8.75,8.75,8.62,8.62,3370,0
20071127,8.61,8.62,8.23,8.62,3554,0
20071128,8.64,8.64,8.58,8.58,981,0
20071129,8.56,8.71,8.3,8.3,2309,0
20071130,8.31,8.31,8.3,8.31,3458,0
20071203,8.3,8.3,8.29,8.29,1800,0
20071204,8.31,8.89,8.1,8.89,4643,0
20071205,8.99,9,8.75,9,1107,0
20071206,9,9,8.29,8.7,3869,0
20071207,8.7,8.7,8.5,8.5,2000,0
20071210,8.55,8.55,8.39,8.39,1130,0
20071211,8.45,8.45,8.45,8.45,460,0
20071212,8.45,8.45,8.45,8.45,753,0
20071213,8.45,8.45,8.1,8.31,6818,0
20071214,8.35,8.5,8.16,8.21,62728,0
20071217,8.2,8.35,8,8.06,24079,0
20071218,8,8,7.95,8,5590,0
20071219,7.7,7.94,7.7,7.94,1241,0
20071220,7.7,7.75,7.7,7.75,6072,0
20071221,7.71,7.94,7.6,7.6,4221,0
20071227,8,8.4,7.9,8.4,2181,0
20071228,8,9,8,9,8320,0
20080102,9,9,8.3,8.7,6002,0
20080103,8.39,8.39,8,8.39,9136,0
20080104,8.3,8.4,8.25,8.25,1420,0
20080107,8.3,8.3,8.3,8.3,1287,0
20080108,8.3,8.3,8.3,8.3,1013,0
20080109,8.25,8.25,7.94,7.94,1767,0
20080110,8,8,7.62,7.63,782,0
20080111,8,8.1,8,8.1,1030,0
20080114,7.81,7.85,7.74,7.85,4075,0
20080115,7.65,7.65,7.61,7.61,2500,0
20080116,7.25,7.25,6.95,7,7804,0
20080117,7.35,8,7.35,8,3978,0
20080118,7.7,7.71,7.5,7.5,2190,0
20080121,7.5,7.5,7.25,7.25,5849,0
20080122,7.1,7.15,7.1,7.15,990,0
20080123,7.45,7.45,7.1,7.1,4025,0
20080124,7.15,7.15,7.1,7.1,604,0
20080125,7.45,7.45,7.18,7.4,1572,0
20080129,7.37,7.86,7.37,7.86,1203,0
20080130,7.85,7.86,7.5,7.5,1802,0
20080131,7.3,7.3,7.3,7.3,110,0
20080201,7.4,7.9,7.4,7.9,1577,0
20080204,7.9,7.9,7.62,7.62,785,0
20080205,7.58,7.62,7.55,7.55,929,0
20080206,7.22,7.8,7.22,7.78,1300,0
20080207,7.5,7.78,7.3,7.78,2354,0
20080211,7.78,7.78,7.78,7.78,107,0
20080213,7.43,7.43,7.43,7.43,100,0
20080214,7.77,7.77,7.5,7.77,111,0
20080215,7.77,7.77,7.77,7.77,169,0
20080218,7.5,7.77,7.43,7.77,778,0
20080219,7.52,7.8,7.45,7.6,54198,0
20080220,7.8,7.8,7.79,7.79,2,0
20080221,7.45,7.8,7.45,7.8,16,0
20080222,7.6,7.71,7.6,7.71,16,0
20080226,7.52,7.78,7.52,7.78,16,0
20080227,7.77,7.77,7.43,7.43,1738,0
20080228,7.5,7.65,7.35,7.35,312,0
20080229,7.65,7.7,6.64,7.3,6718,0
20080303,7.3,7.3,7,7.3,181,0
20080305,7.29,7.5,7.29,7.5,1453,0
20080307,7.5,7.68,7.15,7.68,2288,0
20080310,7.75,8,7.75,8,5668,0
20080311,8.05,8.26,8.05,8.05,2211,0
20080312,8.06,8.2,8.06,8.2,1000,0
20080313,8.06,8.06,8.06,8.06,2,0
20080314,8.4,8.58,8.15,8.58,7173,0
20080317,8.51,8.82,8.5,8.82,4500,0
20080318,8.6,8.85,8.5,8.85,2720,0
20080319,8.8,8.8,8.8,8.8,80,0
20080320,8.56,8.9,8.55,8.9,4154,0
20080325,8.75,9,8.75,9,941,0
20080326,9,9.16,9,9.16,3662,0
20080327,9.14,9.15,9.05,9.05,1390,0
20080328,9.1,9.2,9,9.2,3158,0
20080331,9.2,9.5,9.15,9.5,3679,0
20080401,9.88,10.29,9.88,10.29,10725,0
20080402,10.29,10.47,10.2,10.47,10982,0
20080403,10.32,10.34,10.32,10.32,7578,0
20080404,10.26,10.27,10.26,10.27,6132,0
20080407,10.28,10.38,10.26,10.26,8730,0
20080408,10.21,10.25,9.56,10.25,12070,0
20080409,10.25,11.87,10.25,11.04,132941,0
20080410,11,11.8,11,11.3,29939,0
20080411,11.3,11.7,11.3,11.7,13794,0
20080414,11.15,11.3,11.15,11.18,5071,0
20080415,10.82,10.9,10.51,10.53,33019,0
20080416,10.53,10.53,10.13,10.42,8809,0
20080417,10.34,10.54,10.34,10.5,2346,0
20080418,10.5,10.5,10.2,10.22,6580,0
20080421,10.35,10.48,10.19,10.48,5441,0
20080422,10.49,10.49,10.18,10.18,7360,0
20080423,10.15,10.18,10.15,10.15,2326,0
20080424,10.25,10.25,10,10.25,4709,0
20080425,10.2,10.45,10.2,10.45,877,0
20080428,10.4,10.68,10.38,10.68,1910,0
20080429,10.68,10.68,10.5,10.5,382,0
20080430,10.63,10.79,10.5,10.7,4181,0
20080505,10.69,11.28,10.69,11.28,6713,0
20080506,11.22,11.29,10.95,11.15,4511,0
20080507,11.25,11.29,11.15,11.29,3066,0
20080508,11.29,11.29,11.15,11.15,766,0
20080509,11.01,11.15,11.01,11.15,473,0
20080512,11.2,11.39,11.2,11.39,7136,0
20080513,11.4,11.91,11.4,11.9,12641,0
20080514,12.06,13.52,12.06,12.99,41776,0
20080515,12.55,13.15,12.29,12.29,10885,0
20080516,12.12,12.18,11.44,12.08,11020,0
20080519,12.12,12.4,12.02,12.38,1782,0
20080520,12.48,12.57,12.07,12.15,1748,0
20080521,12.38,12.38,12.05,12.34,1373,0
20080523,12.4,12.4,12.37,12.37,284,0
20080526,12.39,12.39,12.15,12.15,972,0
20080527,12.3,12.47,12.28,12.47,1546,0
20080528,12.47,12.47,12.28,12.28,404,0
20080529,12.43,12.45,12.15,12.15,3147,0
20080530,12.11,12.11,12,12.05,19433,0
20080602,11.71,12.09,11.71,12.05,1236,0
20080603,12.15,12.15,11.95,11.95,2608,0
20080604,11.9,11.92,11.86,11.9,4408,0
20080605,11.85,11.85,11.75,11.75,1284,0
20080606,11.75,11.75,11.75,11.75,1100,0
20080609,11.99,12.05,11.71,12.05,855,0
20080610,12.05,12.05,11.71,11.99,2697,0
20080611,11.99,11.99,11.99,11.99,92,0
20080612,11.5,11.6,11.5,11.6,1545,0
20080613,11.99,11.99,11.6,11.6,1513,0
20080616,11.85,11.85,11.85,11.85,3,0
20080617,11.55,11.55,11.5,11.5,1973,0
20080618,11.5,12.06,11.5,12.06,33524,0
20080619,11.95,11.95,11.95,11.95,2,0
20080620,11.94,11.94,11.5,11.5,4012,0
20080623,11.5,11.5,11.33,11.33,879,0
20080624,11.45,11.45,11.19,11.38,304,0
20080625,11.4,11.4,10.95,11.34,3655,0
20080626,11.3,11.3,11.3,11.3,5,0
20080627,10.82,11.29,10.82,11.29,3345,0
20080630,11.29,11.29,11.29,11.29,5,0
20080701,11.28,11.34,11.28,11.34,2964,0
20080702,11.3,11.45,11.28,11.3,4115,0
20080703,11.44,11.44,11.31,11.43,372,0
20080704,11.68,11.8,11.3,11.54,2936,0
20080707,11.4,11.4,11.37,11.37,1162,0
20080708,11.22,11.22,11,11.15,1418,0
20080709,11.1,11.2,11.1,11.2,74733,0
20080710,11,11.05,10.95,11,937,0
20080711,11,11.15,11,11,2875,0
20080714,10.95,11,10.92,11,140,0
20080715,10.94,10.94,10.4,10.5,5312,0
20080716,10.28,10.54,10.25,10.5,1481,0
20080717,10.58,10.6,10.31,10.31,3600,0
20080718,10.31,10.31,10.25,10.31,543,0
20080721,10.3,10.38,10.3,10.37,1650,0
20080722,10.1,10.45,10.05,10.45,1001,0
20080723,10.21,10.57,10.21,10.56,12416,0
20080724,10.54,10.58,10.54,10.58,1002,0
20080725,10.58,10.58,10.58,10.58,1,0
20080728,10.31,10.5,10,10.5,3955,0
20080729,10.8,11.1,10.69,10.7,12604,0
20080730,10.61,10.94,10.6,10.94,4006,0
20080731,10.9,10.9,10.6,10.87,640,0
20080801,10.87,10.87,10.65,10.65,2419,0
20080804,10.8,10.8,10.8,10.8,95,0
20080805,10.5,10.76,10.5,10.76,879,0
20080806,10.76,10.76,10.46,10.46,600,0
20080807,10.4,10.4,10.33,10.33,700,0
20080808,10.6,10.6,10.25,10.25,1491,0
20080811,10.25,10.4,10.25,10.4,941,0
20080812,10.26,10.4,10.26,10.4,510,0
20080813,10.27,10.5,10.27,10.5,101,0
20080814,10.27,10.28,10.26,10.26,507,0
20080818,10.27,10.46,10.27,10.46,310,0
20080819,10.46,10.46,10.25,10.3,1390,0
20080820,10.25,10.46,10.25,10.46,398,0
20080821,10.48,10.48,10.3,10.48,834,0
20080822,10.49,10.64,10.4,10.64,4128,0
20080825,10.35,10.35,10.33,10.33,4350,0
20080826,10.64,10.64,10.5,10.5,400,0
20080827,10.4,10.7,10.4,10.42,949,0
20080828,10.6,10.6,10.41,10.41,308,0
20080829,10.55,10.64,10.45,10.45,1546,0
20080901,10.41,10.41,10.35,10.35,1931,0
20080902,10.35,10.65,10.33,10.4,2801,0
20080903,10.35,10.6,10.35,10.44,3922,0
20080904,10.7,10.7,10.7,10.7,61,0
20080905,10.34,10.5,10.33,10.5,1559,0
20080908,10.32,10.64,10.32,10.64,201,0
20080909,10.64,10.64,10.31,10.62,515,0
20080910,10.5,10.55,10.5,10.5,536,0
20080911,10.6,10.6,10.4,10.42,6863,0
20080912,10.5,10.5,10.4,10.4,1401,0
20080915,10.4,10.4,10.33,10.33,1878,0
20080916,10.22,10.49,10.2,10.42,2525,0
20080917,10.2,10.38,10.11,10.38,3520,0
20080918,10.15,10.37,10.06,10.1,1712,0
20080919,10.1,10.35,10,10.1,4809,0
20080922,10.1,10.1,9.95,10,832,0
20080923,9.9,9.9,9.86,9.86,760,0
20080924,9.56,9.89,9.56,9.6,2101,0
20080925,9.89,10.15,9.75,10.15,3585,0
20080926,10.15,10.15,10.15,10.15,40,0
20080929,10.1,10.14,10.1,10.14,377,0
20080930,9.6,10.17,9.6,10.17,3711,0
20081001,10.17,10.17,10.17,10.17,200,0
20081002,9.86,10.15,9.86,10.15,111,0
20081006,9.76,10,9.67,10,441,0
20081007,9.61,9.75,9.29,9.29,2650,0
20081008,8.8,9.5,8.72,8.87,3491,0
20081009,9.15,9.15,9.15,9.15,2,0
20081010,8.34,8.65,8.24,8.5,1977,0
20081013,8.5,8.5,8.5,8.5,100,0
20081014,8.6,9.45,8.6,9,15721,0
20081015,8.8,8.8,8.8,8.8,5,0
20081016,8.61,8.61,8.6,8.6,1133,0
20081017,8.5,8.7,8.31,8.45,3461,0
20081020,8.29,8.3,8.29,8.3,200,0
20081021,8.3,8.3,8.29,8.29,974,0
20081022,8.27,8.29,7.81,7.81,2640,0
20081023,7.75,7.75,7.24,7.55,7675,0
20081024,7.18,7.19,7.01,7.19,1266,0
20081027,6.9,7.9,6.9,7.78,37994,0
20081028,7.5,9.23,7.5,7.8,9157,0
20081029,7.99,8.58,7.8,8.57,3625,0
20081030,8.69,8.98,8.6,8.98,390,0
20081031,10.27,10.27,9.34,9.69,4166,0
20081103,9.6,9.6,9.6,9.6,56,0
20081104,9.59,9.7,9.55,9.55,1776,0
20081105,9.36,9.6,9.36,9.6,150,0
20081106,9.26,9.35,8.93,8.93,433,0
20081107,9.36,9.36,8.6,8.66,3616,0
20081110,8.61,8.7,8.45,8.45,830,0
20081112,8.54,8.54,8.16,8.54,123,0
20081113,8.54,8.54,8.54,8.54,20,0
20081114,8.53,8.53,8.4,8.53,50012,0
20081117,8.69,8.69,8.12,8.4,52692,0
20081118,8.42,8.42,8.42,8.42,15,0
20081119,8.42,8.42,8.42,8.42,20,0
20081120,8.38,8.38,8.01,8.01,958,0
20081121,7.66,8.38,7.3,8.38,4431,0
20081124,8.45,8.55,8.45,8.55,120,0
20081125,8.54,8.54,8.54,8.54,15,0
20081126,8.05,8.45,8.05,8.44,17603,0
20081127,8.26,8.45,8.2,8.2,189,0
20081128,8.25,8.55,8.25,8.55,1109,0
20081201,8.3,8.5,7.6,7.6,154340,0
20081202,7.6,7.9,7.6,7.9,125,0
20081203,7.91,7.91,7.91,7.91,220,0
20081204,7.9,7.91,7.9,7.91,4975,0
20081205,7.91,7.91,7.91,7.91,1,0
20081208,8.09,8.09,8.09,8.09,10,0
20081209,8.05,8.05,8.05,8.05,190,0
20081210,7.77,7.77,7.77,7.77,100,0
20081211,8.05,8.05,8.05,8.05,122,0
20081212,8.09,8.55,7.79,8.17,7020,0
20081215,7.9,8.17,7.8,7.8,4520,0
20081216,7.79,7.9,7.75,7.9,1375,0
20081217,7.71,7.72,7.4,7.5,4398,0
20081218,7.4,7.4,7.31,7.4,4980,0
20081219,7.5,7.61,7.5,7.61,809,0
20081222,7.6,7.6,7.45,7.6,766,0
20081223,7.45,7.45,7.42,7.42,3596,0
20081229,7.32,7.32,6.7,6.95,16683,0
20081230,6.95,7.03,6.71,7.03,12578,0
20081231,6.9,7.1,6.7,6.8,14690,0
20090105,6.94,6.94,6.75,6.75,1109,0
20090106,6.97,6.97,6.8,6.81,1040,0
20090107,6.81,6.81,6.81,6.81,123,0
20090108,6.96,6.96,6.96,6.96,500,0
20090109,6.75,6.75,6.7,6.7,6335,0
20090112,6.69,6.69,6.61,6.68,1845,0
20090113,6.65,6.65,6.65,6.65,1,0
20090114,6.6,6.6,6,6.15,14300,0
20090115,6.03,6.16,6.03,6.16,6255,0
20090116,6.29,6.29,6.28,6.28,4980,0
20090119,6.29,6.29,6.15,6.29,2010,0
20090120,6.27,6.35,6.15,6.35,593,0
20090121,6.3,6.32,6.3,6.32,1849,0
20090122,6.1,6.32,6.1,6.32,410,0
20090123,6.07,6.1,6.02,6.02,29130,0
20090126,6.17,6.17,6.17,6.17,10,0
20090127,6.17,6.17,5.95,5.95,6425,0
20090128,6,6,6,6,240,0
20090129,6,6,6,6,6190,0
20090130,5.96,6,5.95,6,3000,0
20090202,5.95,6.23,5.95,6.23,300,0
20090204,6.05,6.05,6,6,9765,0
20090205,6.05,6.05,5.8,5.8,11610,0
20090206,5.75,5.8,5.72,5.8,4211,0
20090209,5.98,6,5.98,6,1810,0
20090210,6,6.42,5.85,6.1,13508,0
20090212,6,6,5.91,5.91,539,0
20090213,6,6,6,6,2100,0
20090216,6.05,6.1,6,6.1,17580,0
20090218,5.9,5.9,5.9,5.9,5000,0
20090219,6,6,6,6,1,0
20090220,6.13,6.13,6.13,6.13,1,0
20090223,5.85,6.09,5.85,6.09,177,0
20090224,6,6,5.72,5.9,1927,0
20090225,5.65,6.49,5.65,6,1756,0
20090226,6.15,7.26,6.1,6.2,6754,0
20090227,6.19,6.19,5.96,6.12,2325,0
20090302,6.2,7.4,6.2,7.4,1967,0
20090303,7.19,7.39,6.9,7.38,2155,0
20090304,6.91,7.11,6.91,7.11,22,0
20090305,6.9,6.9,6.75,6.75,1099,0
20090310,6.5,6.5,6.4,6.49,1825,0
20090311,6.49,6.49,6.32,6.32,215,0
20090312,6.32,6.44,6.19,6.19,1067,0
20090313,6.24,6.24,6.19,6.2,1479,0
20090316,6.24,6.33,6.22,6.22,1634,0
20090318,6.02,6.02,5.77,6.02,2752,0
20090320,5.77,6.03,5.77,6.03,50085,0
20090323,6.03,6.35,6.03,6.35,1587,0
20090324,6.35,6.37,6.15,6.35,5569,0
20090325,6.35,6.35,6.33,6.33,7822,0
20090326,6.4,6.49,6.12,6.43,15590,0
20090327,6.35,6.35,6.25,6.35,7340,0
20090330,6.18,6.2,6.07,6.2,16280,0
20090331,6.16,6.17,6.16,6.16,151082,0
20090401,6.17,6.17,5.98,5.98,3356,0
20090402,5.98,6.14,5.95,6.11,162086,0
20090403,6,6.11,6,6.08,12337,0
20090406,6,6.08,5.91,5.91,1880,0
20090407,6.08,6.08,5.9,6.08,8588,0
20090408,5.9,6.18,5.9,6.1,71306,0
20090409,6.3,6.3,6.2,6.2,8055,0
20090414,6.29,6.3,6.18,6.2,6344,0
20090415,6.2,6.2,6,6.15,4637,0
20090416,6.05,6.1,5.95,6.1,9200,0
20090417,5.98,6.1,5.91,6.04,21851,0
20090420,6,6,6,6,326,0
20090421,6,6.05,5.91,6,2354,0
20090422,6,6,5.95,6,7486,0
20090423,6.18,6.18,5.9,5.95,5602,0
20090424,5.95,5.96,5.85,5.96,1476,0
20090427,5.91,6.05,5.83,5.84,2560,0
20090428,5.84,5.84,5.84,5.84,470,0
20090429,5.88,5.9,5.81,5.84,3282,0
20090430,5.91,5.91,5.77,5.82,1605,0
20090504,5.86,6,5.8,6,2593,0
20090505,5.9,5.99,5.78,5.99,4401,0
20090506,5.9,5.9,5.85,5.85,1832,0
20090507,5.81,5.9,5.8,5.85,9239,0
20090508,5.9,5.9,5.77,5.89,4954,0
20090511,5.89,5.9,5.89,5.89,1313,0
20090512,5.9,5.99,5.89,5.89,2515,0
20090513,5.98,5.98,5.98,5.98,1000,0
20090514,5.95,5.95,5.88,5.95,1144,0
20090515,5.99,5.99,5.99,5.99,390,0
20090518,6.03,6.21,5.98,6.21,9539,0
20090519,6.29,6.8,6.27,6.5,11330,0
20090520,6.45,6.45,6.2,6.3,5928,0
20090521,6.15,6.15,6.08,6.15,5844,0
20090522,6.2,6.2,6.2,6.2,4000,0
20090525,6.05,6.05,5.91,6,7197,0
20090526,6,6,5.92,5.99,2149,0
20090527,5.86,5.97,5.85,5.97,1045,0
20090528,5.87,5.99,5.86,5.9,6581,0
20090529,5.85,5.9,5.81,5.9,2140,0
20090601,5.99,6.09,5.99,6.08,1334,0
20090602,6.07,6.07,6,6.07,10818,0
20090603,6.1,6.11,6.02,6.05,4538,0
20090604,6.11,6.12,6.11,6.12,684,0
20090605,6.12,6.22,6.08,6.18,12718,0
20090608,6.12,6.12,5.92,5.92,8629,0
20090609,5.96,6.13,5.95,6.13,2901,0
20090610,6.1,6.13,6.04,6.1,15777,0
20090612,6.13,6.15,6.06,6.15,1702,0
20090615,6.1,6.14,6.01,6.14,30644,0
20090616,6.02,6.1,6.01,6.01,8697,0
20090617,5.98,6.16,5.96,6.16,664,0
20090618,6.1,6.16,6.1,6.16,1889,0
20090619,6.16,6.45,6.05,6.45,8042,0
20090622,6.35,6.35,6.1,6.34,7568,0
20090623,6,6,6,6,2750,0
20090624,6.22,6.58,6.22,6.58,6436,0
20090625,6.44,6.58,6.44,6.58,3219,0
20090626,6.6,6.75,6.6,6.75,2810,0
20090629,6.6,6.87,6.6,6.87,8857,0
20090630,6.89,7.19,6.72,7.19,25407,0
20090701,6.95,7.1,6.88,7.1,16436,0
20090702,6.88,7.09,6.8,7.09,12474,0
20090703,7.09,7.09,6.8,7.06,3723,0
20090706,6.88,7.24,6.8,6.81,11545,0
20090707,6.91,6.91,6.59,6.8,4124,0
20090708,6.74,6.78,6.74,6.78,430,0
20090709,6.6,6.8,6.6,6.8,4049,0
20090710,6.8,6.8,6.4,6.57,19339,0
20090713,6.43,6.45,6.4,6.45,4907,0
20090714,6.4,6.87,6.4,6.87,1588,0
20090715,6.46,6.65,6.46,6.65,13747,0
20090716,6.74,6.74,6.32,6.58,5021,0
20090717,6.4,6.6,6.4,6.6,3378,0
20090720,6.59,6.59,6.45,6.57,670,0
20090721,6.57,6.59,6.47,6.58,3450,0
20090722,6.58,6.58,6.44,6.49,1320,0
20090723,6.49,6.58,6.44,6.5,1227,0
20090724,6.49,6.72,6.49,6.72,6384,0
20090727,6.7,6.8,6.6,6.8,9799,0
20090728,6.75,6.75,6.67,6.7,56225,0
20090729,6.75,6.75,6.6,6.75,13656,0
20090730,6.76,6.76,6.58,6.7,8560,0
20090731,6.8,7.17,6.7,7.1,19395,0
20090803,7.14,7.65,6.95,7.11,19726,0
20090804,7.18,7.2,7,7.2,9103,0
20090805,7.2,7.25,6.94,7.2,7118,0
20090806,7.2,7.35,7,7.35,7105,0
20090807,7.15,7.4,7.1,7.4,3749,0
20090810,7.4,7.57,7.3,7.41,27465,0
20090811,7.5,7.7,7.2,7.47,40885,0
20090812,7.11,7.5,7.11,7.5,3550,0
20090813,7.49,7.85,7.49,7.85,14732,0
20090814,7.84,7.85,7.82,7.84,6192,0
20090817,7.84,7.84,7.3,7.4,12747,0
20090818,7.4,7.4,7.23,7.23,518,0
20090819,7.24,7.3,7.24,7.3,3362,0
20090820,7.32,7.45,7.32,7.4,4985,0
20090821,7.4,7.6,7.14,7.6,22320,0
20090824,7.69,7.69,7.16,7.37,3971,0
20090825,7.16,7.8,7.16,7.8,9713,0
20090826,7.49,7.49,7.25,7.3,10800,0
20090827,7.3,7.35,7.22,7.25,3410,0
20090828,7.2,7.38,7.15,7.38,5344,0
20090831,7.38,7.38,7.25,7.25,1100,0
20090901,7.38,7.8,7.38,7.5,22199,0
20090902,7.59,7.59,7.12,7.3,6791,0
20090903,7.3,7.3,7.12,7.28,1364,0
20090904,7.32,7.44,7.3,7.4,6862,0
20090907,7.32,7.32,7.11,7.28,104044,0
20090908,7.17,7.17,6.97,7.1,14565,0
20090909,7.15,7.19,6.96,7.19,4206,0
20090910,7.19,7.19,7,7.14,1270,0
20090914,6.96,7.14,6.8,7.05,23156,0
20090915,6.85,6.85,6.51,6.66,8725,0
20090916,6.7,6.7,6.33,6.46,14255,0
20090917,6.4,6.4,6.25,6.32,4862,0
20090918,6.22,6.4,6.01,6.4,60240,0
20090921,6.49,6.49,6.2,6.43,30678,0
20090922,6.25,6.3,6.07,6.2,16262,0
20090923,6.45,6.45,6.26,6.27,14654,0
20090924,6.28,6.46,6.28,6.46,925,0
20090925,6.46,6.66,6.25,6.65,4547,0
20090928,6.71,6.71,6.36,6.51,11592,0
20090929,6.45,6.47,6.31,6.47,12384,0
20090930,6.27,6.27,6.27,6.27,500,0
20091001,6.4,6.4,6.4,6.4,4190,0
20091005,6.52,6.52,6.52,6.52,141,0
20091006,6.6,6.61,6.45,6.6,6118,0
20091007,6.52,6.52,6.44,6.44,670,0
20091008,6.41,6.42,6.41,6.42,5037,0
20091009,6.34,6.64,6.34,6.64,3552,0
20091012,6.6,6.6,6.23,6.4,8661,0
20091013,6.23,6.29,6.11,6.29,26615,0
20091014,6.28,6.28,6.15,6.24,6280,0
20091015,6.24,6.24,6.07,6.24,44765,0
20091016,6.15,6.24,6.15,6.2,3237,0
20091019,6.13,6.3,6.13,6.3,8053,0
20091020,6.24,6.5,6.24,6.45,114171,0
20091021,6.45,6.45,6.22,6.22,1410,0
20091022,6.4,6.4,6.3,6.35,58313,0
20091023,6.42,6.52,6.35,6.52,77583,0
20091026,6.37,6.52,6.37,6.43,7658,0
20091027,6.45,6.45,6.3,6.44,4040,0
20091028,6.45,6.45,6.22,6.29,16585,0
20091029,6.29,6.31,6.2,6.31,50497,0
20091030,6.32,6.5,6.3,6.5,8030,0
20091102,6.48,6.49,6.48,6.49,1305,0
20091103,6.49,6.49,6.36,6.36,332,0
20091104,6.22,6.4,6.22,6.4,440,0
20091105,6.3,6.3,6.19,6.3,6927,0
20091106,6.38,6.49,6.38,6.49,7130,0
20091109,6.49,6.49,6.48,6.48,660,0
20091110,6.42,6.7,6.4,6.7,5881,0
20091112,6.6,6.82,6.6,6.82,2618,0
20091113,6.88,7.31,6.88,6.91,21443,0
20091116,6.95,7,6.8,6.95,7254,0
20091117,6.95,7.15,6.95,7.08,46932,0
20091118,7.04,7.15,7,7,23145,0
20091119,7,7.05,6.99,7.05,18604,0
20091120,7,7.3,7,7.3,10313,0
20091123,7.28,7.28,7.23,7.27,1300,0
20091124,7.29,7.31,7.24,7.24,1349,0
20091125,7.29,7.3,6.91,7.06,49007,0
20091126,7.03,7.1,7.03,7.1,1750,0
20091127,7.1,7.1,7,7.1,401,0
20091130,7.01,7.18,7,7.18,1183,0
20091201,6.95,7.15,6.95,7.05,3603,0
20091202,7.05,7.05,6.95,7.05,10909,0
20091203,7.04,7.05,7,7,5361,0
20091204,7,7.05,7,7.05,3850,0
20091207,7.05,7.05,7.05,7.05,1,0
20091208,6.85,7.05,6.85,7,1630,0
20091209,6.85,7,6.8,7,9260,0
20091210,7.04,7.04,6.77,6.95,2999,0
20091211,7,7,6.75,6.8,4601,0
20091214,6.64,6.84,6.64,6.8,469,0
20091215,6.8,6.8,6.64,6.8,2380,0
20091216,6.56,6.85,6.51,6.56,22580,0
20091217,6.56,6.56,6.41,6.46,31744,0
20091218,6.4,6.46,6.4,6.46,550,0
20091221,6.41,6.49,6.32,6.49,1906,0
20091222,6.55,6.55,6.4,6.5,6435,0
20091223,6.3,6.4,6.25,6.4,10668,0
20091228,6.4,6.5,6.35,6.4,59937,0
20091229,6.5,6.95,6.46,6.48,105156,0
20091230,6.5,6.5,6.4,6.48,9182,0
20091231,6.49,6.85,6.37,6.7,19810,0
20100104,6.7,6.79,6.65,6.75,3254,0
20100105,6.78,7,6.75,7,7108,0
20100106,6.9,7.03,6.83,6.93,59340,0
20100107,6.93,7.11,6.88,7,6702,0
20100108,7,7,6.8,6.89,18579,0
20100111,6.98,6.98,6.61,6.88,4351,0
20100112,6.82,6.82,6.65,6.75,260,0
20100113,6.67,7,6.6,7,14994,0
20100114,6.87,7.5,6.87,7.38,20550,0
20100115,7.37,7.8,7.31,7.8,24455,0
20100118,7.67,8.2,7.4,7.99,13941,0
20100119,7.97,7.97,7.77,7.84,10465,0
20100120,7.96,7.98,7.53,7.6,26330,0
20100121,7.51,7.51,7.3,7.42,8305,0
20100122,7.41,7.41,7.27,7.35,1087,0
20100125,7.2,7.2,7,7.14,11450,0
20100126,7.17,7.17,6.88,7.15,16448,0
20100127,7.08,7.15,7.08,7.15,214,0
20100128,7.15,7.45,7.15,7.15,27000,0
20100129,7.11,7.15,7.01,7.1,8739,0
20100201,7.15,7.15,7.12,7.12,4386,0
20100202,7.15,7.15,7.1,7.1,2160,0
20100203,7.13,7.13,7,7,3273,0
20100204,7.05,7.05,6.93,7,3814,0
20100205,6.86,6.86,6.4,6.72,16229,0
20100208,6.8,7,6.7,6.98,97271,0
20100209,6.8,6.98,6.72,6.98,1756,0
20100210,7.01,7.01,6.9,6.9,446,0
20100211,7.13,7.13,6.64,6.8,8350,0
20100212,6.82,6.82,6.7,6.7,3255,0
20100215,6.78,6.78,6.78,6.78,99,0
20100216,6.6,6.89,6.6,6.89,20653,0
20100217,6.89,6.96,6.89,6.96,2059,0
20100218,6.96,6.96,6.96,6.96,926,0
20100219,6.98,7,6.98,6.99,875,0
20100222,6.99,6.99,6.83,6.98,2045,0
20100223,6.98,6.98,6.83,6.97,521,0
20100224,6.96,6.96,6.81,6.82,2940,0
20100225,6.82,6.94,6.81,6.82,780,0
20100226,6.82,7.06,6.82,7,33125,0
20100301,7.02,7.07,6.98,7.07,33198,0
20100302,7.19,7.27,7.07,7.27,6274,0
20100303,7.45,7.48,7.41,7.45,32061,0
20100304,7.45,7.49,7.4,7.4,16239,0
20100305,7.49,7.59,7.45,7.45,24638,0
20100308,7.45,7.64,7.45,7.64,10632,0
20100309,7.65,7.77,7.6,7.6,4519,0
20100310,7.65,7.85,7.5,7.8,26718,0
20100311,7.77,7.81,7.6,7.8,6754,0
20100312,7.8,8.42,7.8,8.22,44477,0
20100315,8.18,8.18,8.05,8.14,3208,0
20100316,8.05,8.06,8.05,8.06,3508,0
20100317,8.06,8.14,7.9,7.9,7706,0
20100318,7.9,7.9,7.7,7.9,4237,0
20100319,7.9,7.9,7.75,7.75,995,0
20100322,7.71,8.03,7.71,8.03,535,0
20100323,7.67,8.03,7.67,7.81,22149,0
20100324,7.8,8,7.8,8,3881,0
20100325,8.02,8.05,7.85,8.05,9090,0
20100326,8,8.05,7.92,8.05,4231,0
20100329,8.06,8.06,8,8,4222,0
20100330,7.96,8,7.96,7.96,6632,0
20100331,7.96,8.4,7.76,7.9,52031,0
20100401,8.05,8.17,8.05,8.16,7765,0
20100406,8.16,8.32,8.06,8.21,69131,0
20100407,8.26,8.42,8.23,8.42,8017,0
20100408,8.21,8.45,8.21,8.45,3491,0
20100409,8.42,8.58,8.42,8.58,9117,0
20100412,8.6,8.6,8.31,8.55,6145,0
20100413,8.5,8.55,8.45,8.5,18420,0
20100414,8.5,8.6,8.5,8.6,12071,0
20100415,8.5,8.5,8.4,8.5,3151,0
20100416,8.42,8.49,8.36,8.49,2817,0
20100419,8.34,8.34,8.1,8.11,13276,0
20100420,8.2,8.29,8.1,8.25,7477,0
20100421,8.1,8.5,8.1,8.23,56876,0
20100422,8.23,8.47,8.23,8.26,10706,0
20100423,8.27,8.48,8.27,8.4,1074,0
20100426,8.5,8.5,8.31,8.48,18719,0
20100427,8.48,8.48,8.48,8.48,715,0
20100428,8.2,8.45,8.2,8.45,101319,0
20100429,8.47,8.48,8.46,8.46,10586,0
20100430,8.46,8.49,8.46,8.49,39471,0
20100504,8.4,8.4,8.36,8.36,670,0
20100505,8.16,8.18,8.16,8.18,275,0
20100506,8.16,8.18,8,8.1,3679,0
20100507,8.05,8.1,7.65,8,11210,0
20100510,7.82,8.43,7.82,8.43,3060,0
20100511,8.29,8.43,8.29,8.29,4154,0
20100512,8.38,8.48,8.3,8.48,15726,0
20100513,8.48,8.48,8.48,8.48,4501,0
20100514,8.48,8.48,8.4,8.4,2110,0
20100517,8.35,8.35,8.35,8.35,2980,0
20100518,8.4,8.4,8.25,8.25,3018,0
20100519,8.23,8.4,8,8.26,6734,0
20100520,8,8,7.81,7.81,9569,0
20100521,8.15,8.15,7.76,8.1,3305,0
20100524,8.19,8.19,8.19,8.19,357,0
20100525,7.85,8.05,7.75,8.05,2500,0
20100526,8.05,8.05,8.05,8.05,238,0
20100527,8.13,8.14,8.05,8.05,824,0
20100528,8.05,8.18,8.05,8.18,2424,0
20100601,7.96,8.1,7.95,8.05,57035,0
20100602,8.09,8.1,8.09,8.09,1125,0
20100604,7.9,8.1,7.9,8.1,210,0
20100608,7.86,8.21,7.85,8.21,6209,0
20100611,7.85,8.1,7.85,8.1,133,0
20100614,7.85,8,7.85,8,5285,0
20100615,8,8,7.97,7.97,1250,0
20100616,7.85,8,7.85,8,12616,0
20100617,8,8.15,7.9,8.15,4798,0
20100618,8.13,8.15,8.05,8.15,774,0
20100622,7.92,8.14,7.92,8.14,50,0
20100623,8.1,8.1,7.92,8.09,847,0
20100624,7.9,7.9,7.9,7.9,808,0
20100625,7.75,8.05,7.75,8.05,137,0
20100628,7.76,8.05,7.75,8.05,3412,0
20100629,8.05,8.05,7.76,7.76,1463,0
20100630,7.75,8.05,7.75,7.76,3299,0
20100701,8.04,8.04,8.04,8.04,23,0
20100702,7.75,7.95,7.7,7.95,2948,0
20100705,7.67,7.94,7.67,7.94,948,0
20100707,7.94,7.94,7.94,7.94,310,0
20100708,7.95,8,7.94,7.94,3014,0
20100709,7.94,7.94,7.8,7.8,5061,0
20100712,7.8,7.8,7.8,7.8,750,0
20100713,7.81,7.81,7.81,7.81,7,0
20100714,7.81,8,7.8,8,38274,0
20100715,8,8,7.9,7.9,1174,0
20100716,7.9,7.9,7.9,7.9,3500,0
20100719,7.9,7.9,7.84,7.84,435,0
20100720,7.84,7.9,7.8,7.8,629,0
20100721,7.8,7.8,7.8,7.8,550,0
20100722,7.89,7.98,7.89,7.98,5000,0
20100723,7.98,7.98,7.98,7.98,1,0
20100726,7.83,7.83,7.83,7.83,290,0
20100727,7.81,7.96,7.8,7.96,80455,0
20100728,7.8,7.99,7.8,7.99,10500,0
20100729,7.81,7.81,7.81,7.81,15,0
20100730,7.82,8,7.82,8,1260,0
20100802,8,8.07,7.81,8.07,2142,0
20100803,8.06,8.12,8.06,8.12,1252,0
20100804,8.12,8.12,8.12,8.12,257,0
20100805,8.1,8.1,8.1,8.1,851,0
20100806,8.12,8.12,8.1,8.1,1698,0
20100809,8.1,8.1,8.1,8.1,460,0
20100810,8.1,8.1,7.83,8.06,8187,0
20100811,8,8.1,8,8,7565,0
20100812,8,8.05,7.85,8.05,250375,0
20100813,8.05,8.05,8,8,4136,0
20100817,7.86,7.99,7.86,7.99,464,0
20100818,7.9,7.9,7.9,7.9,12,0
20100819,8.04,8.04,7.85,7.85,483,0
20100820,7.85,7.85,7.65,7.84,2345,0
20100823,7.64,7.88,7.64,7.88,120,0
20100824,7.7,7.83,7.64,7.64,601,0
20100825,7.89,7.89,7.54,7.54,1144,0
20100826,7.6,7.86,7.6,7.86,2731,0
20100827,7.9,7.9,7.9,7.9,244,0
20100830,7.9,7.9,7.9,7.9,300,0
20100831,7.8,8,7.8,7.99,6890,0
20100901,7.98,7.98,7.8,7.8,840,0
20100902,7.73,7.73,7.73,7.73,900,0
20100903,7.84,7.84,7.84,7.84,904,0
20100906,7.84,7.9,7.84,7.9,2825,0
20100907,7.84,7.85,7.84,7.85,308,0
20100908,7.85,7.85,7.85,7.85,895,0
20100909,7.9,7.9,7.85,7.9,2917,0
20100910,7.85,7.85,7.75,7.75,7008,0
20100913,7.76,7.9,7.76,7.8,1020,0
20100914,7.88,7.88,7.88,7.88,1,0
20100915,7.83,7.83,7.8,7.8,4700,0
20100916,7.8,7.8,7.75,7.75,278,0
20100917,7.6,7.75,7.56,7.75,14376,0
20100920,7.75,7.75,7.75,7.75,441,0
20100921,7.7,7.75,7.7,7.75,775,0
20100922,7.85,7.85,7.85,7.85,1000,0
20100924,7.56,7.9,7.56,7.9,1570,0
20100928,7.78,7.78,7.66,7.66,497,0
20100929,7.66,7.66,7.66,7.66,105,0
20100930,7.53,7.64,7.53,7.64,2000,0
20101001,7.64,7.8,7.64,7.8,1239,0
20101004,7.5,7.5,7.19,7.45,12901,0
20101005,7.47,7.47,7.45,7.45,3709,0
20101006,7.25,7.45,7.22,7.45,1222,0
20101007,7.5,7.5,7.5,7.5,2000,0
20101008,7.19,7.3,7.15,7.3,257335,0
20101012,7.1,7.81,7.1,7.8,265518,0
20101013,7.83,8,7.83,7.9,7814,0
20101014,7.95,7.98,7.9,7.9,1322,0
20101015,7.81,7.95,7.8,7.9,6393,0
20101018,7.8,7.8,7.75,7.75,2000,0
20101019,7.8,7.8,7.6,7.75,33429,0
20101020,7.75,7.97,7.7,7.9,18701,0
20101021,7.98,7.98,7.8,7.98,5540,0
20101022,7.76,7.99,7.76,7.93,2874,0
20101025,7.95,8,7.93,8,12692,0
20101026,8.05,8.65,8.05,8.6,34981,0
20101027,8.6,8.6,8.11,8.2,45923,0
20101028,8.2,8.48,8.18,8.4,8289,0
20101029,8.22,8.45,7.7,8.45,16973,0
20101102,8.4,8.4,8.11,8.19,4623,0
20101103,8.4,8.4,7.7,8.16,13514,0
20101104,8.38,8.38,8.15,8.16,17294,0
20101105,8.29,8.7,8.29,8.7,48225,0
20101108,8.79,8.79,8.46,8.66,8834,0
20101109,8.65,8.75,8.65,8.75,3838,0
20101110,8.75,8.9,8.41,8.7,22363,0
20101112,8.49,8.89,8.35,8.68,23076,0
20101115,8.81,8.89,8.7,8.89,7031,0
20101116,8.64,8.68,8.49,8.6,40463,0
20101117,8.65,8.66,8.41,8.65,163531,0
20101118,8.6,8.79,8.6,8.74,5753,0
20101119,8.75,8.75,8.52,8.65,194458,0
20101122,8.78,8.78,8.65,8.75,7501,0
20101123,8.83,8.83,8.53,8.71,14784,0
20101124,8.6,8.67,8.5,8.67,19845,0
20101125,8.69,8.7,8.43,8.43,26157,0
20101126,8.64,8.69,8.43,8.5,1408,0
20101129,8.5,8.59,8.5,8.59,2516,0
20101130,8.59,8.59,8.45,8.5,21397,0
20101201,8.5,8.74,8.43,8.6,42968,0
20101202,8.69,8.73,8.6,8.68,11264,0
20101203,8.68,8.68,8.44,8.52,7816,0
20101206,8.58,8.58,8.47,8.5,5030,0
20101207,8.5,8.5,8.14,8.5,18837,0
20101208,8.41,8.49,8.4,8.49,7525,0
20101209,8.53,8.53,8.22,8.44,4381,0
20101210,8.31,8.38,8.25,8.38,1555,0
20101213,8.3,8.52,8.18,8.52,10364,0
20101214,8.4,8.5,8.4,8.5,3530,0
20101215,8.4,8.49,8.4,8.49,4343,0
20101216,8.4,8.69,8.31,8.69,9076,0
20101217,8.69,8.69,8.52,8.69,3930,0
20101220,8.6,8.69,8.5,8.67,257796,0
20101221,8.5,8.77,8.5,8.77,4550,0
20101222,8.62,8.75,8.34,8.35,15863,0
20101223,8.49,8.49,8.01,8.25,7170,0
20101227,8.06,8.29,7.88,7.88,12494,0
20101228,7.88,7.96,7.26,7.48,18769,0
20101229,7.58,7.58,7.32,7.5,8734,0
20101230,7.48,7.5,7.4,7.4,28996,0
20101231,7.5,7.5,7.4,7.4,3081,0
20110103,7.4,7.43,7.35,7.35,9317,0
20110104,7.45,7.48,7.25,7.39,9119,0
20110105,7.4,7.76,7.28,7.68,29981,0
20110107,7.77,7.98,7.77,7.98,7612,0
20110110,7.98,7.98,7.67,7.67,6276,0
20110111,7.79,7.99,7.7,7.96,3514,0
20110112,7.85,8.1,7.85,8.1,5941,0
20110113,8,8.2,8,8.15,6559,0
20110114,8.07,8.1,8,8.1,1786,0
20110117,8.1,8.1,8,8.1,43038,0
20110118,8,8.01,8,8,3845,0
20110119,8.01,8.09,7.96,7.96,66999,0
20110120,8.1,8.1,7.66,7.9,6151,0
20110121,7.73,7.85,7.73,7.85,538,0
20110124,7.8,7.81,7.8,7.8,1135,0
20110125,7.8,7.8,7.8,7.8,85,0
20110126,7.78,8.05,7.75,8,5894,0
20110127,8,8.2,8,8.2,6911,0
20110128,8.2,8.32,8,8.32,11097,0
20110131,8.3,8.3,8.01,8.24,3769,0
20110201,8.23,8.3,8.11,8.3,8877,0
20110202,8.3,8.3,8.26,8.3,2162,0
20110203,8.3,8.3,8.26,8.3,2220,0
20110204,8.3,8.37,8.26,8.37,3166,0
20110207,8.4,8.48,8.3,8.48,2461,0
20110208,8.48,8.48,8.48,8.48,866,0
20110209,8.4,8.4,8.36,8.36,2011,0
20110210,8.36,8.36,8.31,8.33,1730,0
20110211,8.48,8.48,8.33,8.33,601,0
20110214,8.4,8.4,8.21,8.34,2550,0
20110215,8.34,8.35,8.34,8.35,700,0
20110216,8.47,8.47,8.14,8.47,102,0
20110217,8.3,8.5,8.12,8.12,8153,0
20110218,8.13,8.13,8.07,8.07,400,0
20110221,8.19,8.22,7.9,8.22,120443,0
20110222,8.22,8.22,8.2,8.2,2890,0
20110223,8.17,8.17,7.84,8.17,4211,0
20110224,8.17,8.17,8.17,8.17,627,0
20110225,8.17,8.17,8,8.17,161,0
20110228,8.17,8.17,7.86,8.17,342,0
20110301,8.15,8.15,8.01,8.01,143,0
20110302,8,8.16,8,8.16,123064,0
20110303,8.3,8.47,8.25,8.3,3100,0
20110304,8.47,8.47,8.4,8.4,1001,0
20110307,8.47,8.48,8.4,8.4,3265,0
20110308,8.4,8.4,8.12,8.4,1214,0
20110309,8.4,8.4,8.25,8.25,2095,0
20110310,8.11,8.31,8.11,8.31,644,0
20110311,8.21,8.35,8.1,8.35,6266,0
20110314,8.35,8.35,8.35,8.35,101,0
20110315,7.89,8.25,7.86,8.25,1994,0
20110316,8.02,8.19,8.02,8.19,1240,0
20110317,8.2,8.2,8.2,8.2,1,0
20110318,8.2,8.2,8.07,8.1,102,0
20110321,8.05,8.05,7.93,7.99,735,0
20110322,7.93,7.93,7.86,7.9,2121,0
20110323,7.9,7.9,7.67,7.9,2171,0
20110324,7.8,7.9,7.8,7.9,760,0
20110325,7.89,7.9,7.89,7.9,13620,0
20110328,7.86,7.9,7.85,7.9,1331,0
20110329,7.9,7.9,7.81,7.81,1051,0
20110330,7.9,7.9,7.81,7.81,1533,0
20110331,7.89,7.89,7.89,7.89,1,0
20110401,7.77,7.8,7.77,7.8,469,0
20110404,7.88,7.88,7.66,7.66,1480,0
20110405,7.88,7.88,7.88,7.88,1,0
20110406,7.88,7.88,7.67,7.8,1358,0
20110407,7.69,7.85,7.43,7.43,34460,0
20110408,7.5,7.5,7.48,7.49,5227,0
20110411,7.49,7.49,7.3,7.35,24094,0
20110412,7.32,7.35,7.3,7.35,25766,0
20110413,7.35,7.35,7.3,7.35,4406,0
20110414,7.3,7.4,7.3,7.35,36786,0
20110415,7.35,7.35,7.3,7.35,46539,0
20110418,7.35,7.5,7.28,7.5,28536,0
20110419,7.35,7.48,7.3,7.32,44647,0
20110420,7.35,7.35,7.3,7.3,6269,0
20110421,7.35,7.35,7.3,7.34,1100,0
20110426,7.35,7.35,7.31,7.35,6900,0
20110427,7.35,7.35,7.29,7.3,5350,0
20110428,7.3,7.3,7.29,7.3,1176,0
20110429,7.35,7.35,7.29,7.35,4059,0
20110502,7.4,7.44,7.27,7.4,1641,0
20110504,7.44,7.44,7.4,7.4,1347,0
20110505,7.4,7.4,7.29,7.4,4207,0
20110506,7.4,7.4,7.4,7.4,911,0
20110509,7.4,7.4,6.85,7.2,2848,0
20110510,7.33,7.33,7.2,7.2,802,0
20110511,7.29,7.29,7,7.28,7494,0
20110512,7.28,7.28,6.99,7.06,15522,0
20110513,7.06,7.08,6.66,7.05,9040,0
20110516,6.8,7.1,6.8,7.1,5610,0
20110517,7.14,7.28,6.94,7.15,5728,0
20110518,7.28,7.28,7.28,7.28,1,0
20110519,7.26,7.26,7.2,7.2,1434,0
20110520,7.15,7.2,7.15,7.2,1060,0
20110523,7.16,7.16,7.16,7.16,287,0
20110524,7.16,7.16,7.07,7.16,371,0
20110525,7.26,7.26,7.26,7.26,151,0
20110526,7.26,7.27,7,7.27,1901,0
20110527,7.25,7.25,7.05,7.1,30300,0
20110530,7.2,7.2,7.07,7.07,1640,0
20110531,7.27,7.27,7,7.2,2666,0
20110601,7.2,7.2,7.2,7.2,1,0
20110602,7.19,7.19,7.19,7.19,1,0
20110603,7.19,7.19,7.1,7.1,189,0
20110606,7.19,7.27,7.19,7.27,1824,0
20110607,7.25,7.25,6.77,6.77,2460,0
20110608,6.85,7.5,6.85,7.26,26059,0
20110609,7.35,7.35,7.05,7.2,1650,0
20110610,7.05,7.05,7,7,1000,0
20110613,7.19,7.19,7.19,7.19,471,0
20110614,7.19,7.77,6.86,7.25,35374,0
20110615,7.55,7.55,7.2,7.2,1057,0
20110616,7.24,7.24,7.12,7.12,1061,0
20110617,7.1,7.1,7.1,7.1,192,0
20110620,7.1,7.1,7.1,7.1,851,0
20110621,7.12,7.25,7.1,7.25,4295,0
20110622,7.25,7.25,7.25,7.25,101,0
20110624,7.15,7.15,6.71,6.89,7304,0
20110627,6.72,6.8,6.69,6.69,7269,0
20110628,6.85,6.85,6.33,6.78,14134,0
20110629,6.78,6.78,6.6,6.6,501,0
20110630,6.7,7,6.6,7,7996,0
20110701,6.99,6.99,6.8,6.8,395,0
20110704,7,7,6.47,7,7404,0
20110705,6.99,7,6.99,7,1701,0
20110706,7,7,6.8,6.8,1772,0
20110707,7,7,6.8,6.8,501,0
20110708,6.99,6.99,6.99,6.99,272,0
20110711,6.99,6.99,6.71,6.95,3053,0
20110712,6.95,6.95,6.65,6.9,620,0
20110713,6.9,6.9,6.63,6.63,1441,0
20110714,6.82,6.82,6.5,6.5,5466,0
20110715,6.63,6.63,6.33,6.33,2292,0
20110718,6.16,6.17,5.55,5.55,16020,0
20110719,5.7,5.96,5.62,5.9,4173,0
20110720,5.96,6,5.96,6,1656,0
20110721,5.95,6.11,5.95,6.11,1681,0
20110722,5.91,6.11,5.91,6.11,1431,0
20110725,6.11,6.11,6,6,1127,0
20110726,6.1,6.1,6,6,160,0
20110727,6.09,6.09,5.91,5.91,400,0
20110728,6,6.1,6,6.1,4992,0
20110729,6.09,6.77,6.09,6.77,12450,0
20110801,6.22,6.8,6.22,6.51,2710,0
20110802,6.5,6.5,6.36,6.36,3590,0
20110803,6.26,6.26,5.74,5.8,6854,0
20110804,5.9,5.9,5.2,5.45,8244,0
20110805,5.2,5.3,5.2,5.2,3545,0
20110808,5.1,5.17,4.94,4.94,26373,0
20110809,4.7,4.85,4.01,4.42,8252,0
20110810,4.83,4.83,4.2,4.2,5612,0
20110811,4.26,4.5,4.26,4.4,8471,0
20110812,4.57,5.2,4.57,5.2,5152,0
20110816,5.94,5.94,5.3,5.3,3489,0
20110817,5.3,5.3,5.1,5.15,2329,0
20110818,5.01,5.05,4.64,5.02,1210,0
20110819,4.7,5,4.54,4.54,6823,0
20110822,4.6,4.6,4.56,4.56,501,0
20110823,4.65,4.7,4.64,4.7,800,0
20110824,4.65,4.71,4.51,4.51,11518,0
20110825,4.67,4.67,4.3,4.3,2381,0
20110826,4.35,4.35,4.14,4.34,1301,0
20110829,4.32,4.77,4.32,4.77,256476,0
20110830,4.99,5,4.99,4.99,34500,0
20110831,5,5.26,4.55,5.23,9023,0
20110901,5.21,5.3,4.78,5.3,7185,0
20110902,5.31,5.4,5,5,36421,0
20110905,5,5,4.6,4.65,6636,0
20110906,4.77,4.77,4.77,4.77,71,0
20110907,4.74,4.74,4.7,4.7,1390,0
20110908,4.89,4.89,4.55,4.55,1880,0
20110909,4.7,4.7,4.38,4.38,200,0
20110912,4.38,4.38,4.06,4.2,5162,0
20110913,4.09,4.28,4.09,4.27,1836,0
20110914,4.32,4.32,4.22,4.22,527,0
20110915,4.32,4.32,4.31,4.32,1443,0
20110916,4.5,4.5,4.21,4.21,203,0
20110919,4.5,4.5,4.11,4.11,2003,0
20110920,4.12,4.31,4.11,4.15,1738,0
20110921,4.15,4.15,4.1,4.11,3490,0
20110922,4.1,4.1,4.06,4.07,2502,0
20110923,4.05,4.05,3.85,3.85,8300,0
20110926,3.87,3.87,3.65,3.7,10289,0
20110927,3.76,3.77,3.69,3.77,12557,0
20110928,3.75,3.88,3.59,3.59,4257,0
20110929,3.52,3.65,3.52,3.65,2057,0
20110930,3.6,3.6,3.6,3.6,30000,0
20111004,3.56,3.56,3.52,3.52,3980,0
20111005,3.59,3.6,3.59,3.6,2670,0
20111006,3.85,3.85,3.85,3.85,500,0
20111007,3.94,3.95,3.81,3.95,16,0
20111010,3.95,3.95,3.76,3.76,4574,0
20111011,3.97,3.97,3.81,3.81,2206,0
20111012,3.75,3.9,3.75,3.9,252,0
20111013,3.9,3.95,3.9,3.95,2265,0
20111014,3.98,3.98,3.84,3.98,1617,0
20111017,3.98,4.02,3.86,4.02,883,0
20111018,4,4.02,4,4,2051,0
20111019,4,4,3.98,3.98,1650,0
20111020,3.98,3.98,3.82,3.88,6933,0
20111021,3.88,3.88,3.88,3.88,5,0
20111024,3.87,3.88,3.87,3.88,794,0
20111025,4.01,4.01,3.72,3.88,108890,0
20111026,3.98,3.98,3.81,3.98,211,0
20111027,3.99,4,3.95,3.95,8189,0
20111028,3.98,4.04,3.89,3.89,7869,0
20111031,3.9,3.9,3.85,3.85,2400,0
20111102,3.85,3.85,3.8,3.8,1230,0
20111103,3.89,3.89,3.75,3.89,776,0
20111104,3.89,3.89,3.8,3.8,7475,0
20111107,3.89,3.89,3.8,3.8,2005,0
20111108,3.8,3.85,3.8,3.85,5138,0
20111109,3.85,3.9,3.81,3.81,1995,0
20111110,3.82,3.82,3.82,3.82,210,0
20111114,3.92,3.92,3.85,3.85,2939,0
20111115,3.9,3.9,3.77,3.9,1025,0
20111116,3.9,3.9,3.77,3.89,5827,0
20111117,3.89,3.89,3.89,3.89,5,0
20111118,3.89,3.89,3.77,3.77,570,0
20111121,3.8,3.8,3.77,3.77,1005,0
20111122,3.8,3.85,3.8,3.8,1415,0
20111123,3.68,3.85,3.68,3.85,651,0
20111124,3.84,3.84,3.68,3.8,33,0
20111125,3.85,3.85,3.84,3.84,305,0
20111128,3.84,3.86,3.75,3.86,3385,0
20111129,3.9,3.9,3.72,3.72,3200,0
20111130,3.83,3.83,3.8,3.8,64,0
20111201,3.85,3.85,3.76,3.83,1649,0
20111202,3.84,3.84,3.8,3.8,364,0
20111205,3.72,3.72,3.72,3.72,2075,0
20111206,3.64,3.79,3.5,3.5,18034,0
20111207,3.75,3.75,3.5,3.51,7705,0
20111208,3.49,3.49,3.49,3.49,249,0
20111209,3.59,3.59,3.59,3.59,2,0
20111212,3.59,3.59,3.51,3.51,61,0
20111213,3.59,3.89,3.59,3.89,4372,0
20111214,3.89,3.9,3.89,3.89,3830,0
20111215,3.8,3.8,3.7,3.8,411,0
20111216,3.85,3.85,3.7,3.7,1217,0
20111219,3.79,3.79,3.63,3.63,6339,0
20111220,3.52,3.79,3.52,3.79,972,0
20111221,3.53,3.68,3.49,3.53,37532,0
20111222,3.55,3.61,3.55,3.55,683,0
20111223,3.6,3.61,3.6,3.6,1330,0
20111227,3.47,3.6,3.47,3.58,2337,0
20111228,3.7,3.7,3.7,3.7,3,0
20111229,3.7,3.7,3.6,3.7,253,0
20111230,3.7,3.7,3.6,3.7,374,0
20120102,3.65,3.88,3.65,3.88,4341,0
20120103,3.88,3.9,3.88,3.9,525,0
20120104,3.95,3.95,3.92,3.92,153,0
20120105,3.86,3.86,3.86,3.86,171,0
20120109,3.92,3.92,3.92,3.92,1,0
20120110,3.9,3.9,3.77,3.9,330,0
20120111,3.77,3.77,3.77,3.77,189,0
20120112,3.89,3.89,3.77,3.77,2001,0
20120113,3.85,3.86,3.85,3.86,801,0
20120116,3.83,3.83,3.83,3.83,5,0
20120117,3.84,3.85,3.75,3.85,3916,0
20120118,3.86,3.86,3.76,3.86,3056,0
20120119,3.89,4.05,3.89,4.05,6778,0
20120120,4.3,4.7,4.24,4.25,6424,0
20120123,4.24,4.45,4.24,4.45,3078,0
20120124,4.45,4.58,4.45,4.58,3121,0
20120125,4.59,4.59,4.57,4.57,807,0
20120126,4.57,4.69,4.57,4.6,4349,0
20120127,4.7,4.7,4.5,4.5,50794,0
20120130,4.49,4.59,4.49,4.59,2434,0
20120131,4.8,4.8,4.4,4.79,3165,0
20120201,4.71,4.79,4.6,4.79,7440,0
20120202,4.78,4.78,4.39,4.74,2425,0
20120203,4.71,4.71,4.7,4.71,203,0
20120206,4.71,4.71,4.55,4.68,358,0
20120207,4.71,4.71,4.53,4.69,380,0
20120208,4.64,4.68,4.5,4.68,53468,0
20120209,4.7,4.74,4.7,4.74,3691,0
20120210,4.7,4.7,4.7,4.7,2139,0
20120213,4.73,4.73,4.73,4.73,5,0
20120214,4.54,4.65,4.53,4.57,2244,0
20120215,4.65,4.65,4.53,4.65,963,0
20120216,4.65,4.65,4.6,4.65,34030,0
20120217,4.56,4.68,4.56,4.65,2436,0
20120220,4.65,4.65,4.53,4.65,2339,0
20120221,4.67,4.67,4.52,4.52,354,0
20120222,4.52,4.63,4.51,4.6,13982,0
20120223,4.65,4.65,4.65,4.65,1,0
20120224,4.48,4.56,4.48,4.55,1197,0
20120227,4.6,4.6,4.6,4.6,269,0
20120228,4.46,4.6,4.46,4.6,5276,0
20120229,4.67,4.69,4.66,4.69,5002,0
20120301,4.74,4.85,4.74,4.85,66955,0
20120302,4.85,4.9,4.82,4.9,11609,0
20120305,4.95,5.01,4.8,4.8,1972,0
20120306,4.8,4.8,4.77,4.77,9318,0
20120307,4.77,4.95,4.7,4.95,8638,0
20120308,4.7,4.7,4.51,4.65,10059,0
20120309,4.95,4.95,4.95,4.95,5,0
20120312,4.79,4.8,4.79,4.8,2099,0
20120313,4.8,4.8,4.7,4.75,3919,0
20120314,4.8,4.96,4.8,4.96,5118,0
20120315,4.97,4.97,4.55,4.87,11428,0
20120316,4.98,4.98,4.96,4.98,12389,0
20120319,4.9,4.95,4.75,4.76,6347,0
20120320,4.76,4.86,4.76,4.86,87526,0
20120321,4.93,4.93,4.78,4.85,1910,0
20120322,4.76,4.85,4.65,4.85,410,0
20120323,4.8,4.8,4.8,4.8,1,0
20120326,4.75,4.89,4.65,4.89,31706,0
20120327,4.89,4.93,4.89,4.9,5120,0
20120328,4.92,4.92,4.8,4.8,13289,0
20120329,4.8,4.8,4.72,4.8,8322,0
20120330,4.8,4.8,4.72,4.8,418,0
20120402,4.7,4.79,4.7,4.79,2001,0
20120403,4.85,4.89,4.68,4.83,3582,0
20120404,4.83,4.83,4.67,4.8,1280,0
20120405,4.68,4.68,4.66,4.66,3693,0
20120410,4.8,4.8,4.66,4.74,1501,0
20120411,4.45,4.55,4.43,4.55,18302,0
20120412,4.5,4.6,4.46,4.55,5511,0
20120413,4.59,4.59,4.44,4.46,6403,0
20120416,4.48,4.48,4.4,4.47,1226,0
20120417,4.46,4.46,4.4,4.42,1905,0
20120418,4.31,4.37,4.05,4.37,9757,0
20120419,4.39,4.4,4.18,4.4,12701,0
20120420,4.45,4.45,4.45,4.45,7,0
20120423,4.45,4.45,4.04,4.44,6272,0
20120424,4.12,4.33,4.12,4.2,3066,0
20120425,4.26,4.26,4.2,4.2,400,0
20120426,4.25,4.25,4.1,4.2,482,0
20120427,4.1,4.27,4.1,4.27,72630,0
20120430,4.39,4.4,4.2,4.4,103891,0
20120502,4.22,4.44,4.2,4.25,9849,0
20120504,4.26,4.26,4.26,4.26,7,0
20120507,4.2,4.26,4.1,4.26,337,0
20120508,4.07,4.26,4.07,4.26,872,0
20120509,4.26,4.26,4.26,4.26,3,0
20120510,4.2,4.2,3.97,4.2,2235,0
20120511,4.12,4.12,4.11,4.12,282,0
20120514,4.12,4.12,3.92,4.12,100,0
20120515,4.11,4.11,3.8,3.85,5017,0
20120516,3.76,3.8,3.63,3.8,2989,0
20120517,3.8,3.8,3.62,3.79,5121,0
20120518,3.65,3.65,3.65,3.65,5,0
20120521,3.65,3.65,3.62,3.63,1927,0
20120522,3.65,3.7,3.52,3.7,5003,0
20120523,3.7,3.72,3.7,3.72,401,0
20120524,3.71,3.71,3.54,3.71,146,0
20120525,3.7,3.7,3.7,3.7,5,0
20120528,3.65,3.65,3.65,3.65,3,0
20120529,3.71,3.8,3.65,3.8,4722,0
20120530,3.79,3.9,3.76,3.8,12387,0
20120531,3.9,4,3.65,4,18146,0
20120601,3.99,4.12,3.82,4,19303,0
20120604,4.12,4.3,4.1,4.1,3951,0
20120605,4.1,4.1,4.1,4.1,1,0
20120606,4,4.23,4,4.23,20219,0
20120608,4.24,4.24,4.04,4.11,11262,0
20120611,4.12,4.3,3.93,3.93,3749,0
20120612,4,4.15,3.95,4.14,3137,0
20120613,4.14,4.15,4.06,4.06,983,0
20120614,4.15,4.15,4.01,4.01,401,0
20120615,4.15,4.16,3.97,3.97,5607,0
20120618,4.16,4.25,3.97,3.97,5640,0
20120619,4.11,4.11,4.04,4.04,110,0
20120620,4.19,4.19,4.04,4.04,153,0
20120621,4.02,4.11,4.02,4.04,1285,0
20120622,3.99,4.11,3.98,3.98,4430,0
20120625,4.18,4.18,4.18,4.18,2,0
20120626,4.16,4.19,4,4.09,10361,0
20120627,4.24,4.24,3.98,3.98,2262,0
20120628,4.05,4.3,4.05,4.26,4975,0
20120629,4.26,4.5,4.26,4.5,3725,0
20120702,4.4,4.4,4.12,4.12,6726,0
20120703,4.25,4.25,4.1,4.1,248,0
20120704,4.1,4.17,3.87,3.87,4831,0
20120705,3.92,4.24,3.92,4,17481,0
20120706,4,4,3.91,3.91,1908,0
20120709,4.1,4.1,3.91,4.1,202,0
20120710,4.2,4.2,3.91,3.91,632,0
20120711,4.2,4.2,3.9,3.9,1003,0
20120712,3.91,3.91,3.68,3.68,2970,0
20120713,3.73,3.73,3.6,3.7,26390,0
20120716,3.77,3.77,3.63,3.63,4917,0
20120717,3.63,3.64,3.63,3.64,850,0
20120718,3.64,3.64,3.63,3.63,690,0
20120719,3.7,3.7,3.7,3.7,3000,0
20120720,3.7,3.7,3.7,3.7,600,0
20120723,3.8,3.8,3.63,3.63,2593,0
20120724,3.8,3.8,3.63,3.65,16524,0
20120725,3.65,3.65,3.55,3.65,11423,0
20120726,3.5,3.69,3.5,3.69,17544,0
20120727,3.68,3.68,3.68,3.68,5501,0
20120730,3.65,3.71,3.65,3.71,505,0
20120731,3.71,3.74,3.66,3.73,12126,0
20120801,3.75,3.75,3.75,3.75,3,0
20120802,3.75,3.75,3.74,3.75,803,0
20120803,3.75,3.86,3.74,3.74,6375,0
20120806,3.85,3.85,3.85,3.85,5,0
20120807,3.85,3.85,3.85,3.85,1116,0
20120808,3.71,3.87,3.71,3.87,6,0
20120809,3.71,4.02,3.71,4.02,1061,0
20120810,4.02,4.02,3.84,4.01,380,0
20120813,4.01,4.01,4.01,4.01,1,0
20120814,4.01,4.01,3.84,3.84,4355,0
20120816,4,4.01,3.82,3.91,9978,0
20120817,3.91,3.91,3.75,3.91,2125,0
20120820,3.91,3.91,3.79,3.87,1251,0
20120821,3.84,3.92,3.84,3.92,1789,0
20120823,4.01,4.01,4.01,4.01,2,0
20120824,4.01,4.1,3.77,4.1,1015,0
20120827,4.1,4.1,3.86,3.89,416,0
20120828,4.05,4.05,3.98,3.98,2331,0
20120830,4.04,4.04,4.04,4.04,8,0
20120831,4,4.05,4,4.05,194,0
20120903,3.95,4.04,3.95,4.04,1690,0
20120904,3.99,3.99,3.99,3.99,5,0
20120905,3.99,3.99,3.93,3.93,35167,0
20120906,3.95,3.95,3.85,3.95,13871,0
20120907,4,4,4,4,5,0
20120911,4,4,4,4,5,0
20120912,4,4,4,4,5,0
20120913,4,4,4,4,3,0
20120914,4,4,3.82,3.97,3836,0
20120917,3.98,3.98,3.96,3.96,14,0
20120919,3.99,3.99,3.99,3.99,3,0
20120920,3.99,3.99,3.99,3.99,3,0
20120921,3.99,3.99,3.83,3.86,4204,0
20120924,3.85,3.85,3.85,3.85,11080,0
20120925,3.87,3.88,3.87,3.88,2355,0
20120926,3.95,3.95,3.85,3.85,2103,0
20120927,3.86,4.1,3.85,4.1,6887,0
20120928,4,4.17,4,4.17,4770,0
20121001,3.99,4,3.98,4,4565,0
20121002,4,4.1,3.9,4.1,8815,0
20121003,3.91,3.95,3.9,3.95,6600,0
20121004,3.95,3.95,3.95,3.95,5,0
20121005,3.95,3.95,3.95,3.95,5,0
20121008,3.9,3.9,3.9,3.9,5,0
20121009,3.88,3.88,3.88,3.88,1112,0
20121010,3.95,3.95,3.95,3.95,7,0
20121011,3.95,3.95,3.66,3.89,12208,0
20121012,3.9,3.95,3.84,3.95,4940,0
20121015,4,4,4,4,5,0
20121016,3.99,3.99,3.99,3.99,5,0
20121017,4,4,4,4,553,0
20121018,3.9,3.9,3.84,3.84,1864,0
20121019,3.85,3.85,3.85,3.85,5,0
20121022,3.81,3.9,3.75,3.9,9819,0
20121023,3.94,3.94,3.94,3.94,3,0
20121024,3.95,3.95,3.95,3.95,15,0
20121025,4,4,4,4,5,0
20121026,4,4,4,4,5,0
20121029,4,4,4,4,5,0
20121030,4,4,3.9,3.9,168,0
20121031,4,4,3.72,3.86,15012,0
20121102,4,4,3.81,3.89,10562,0
20121105,4,4,4,4,5,0
20121106,4,4,4,4,5,0
20121107,4,4,3.82,3.84,7539,0
20121108,3.93,3.93,3.82,3.85,4025,0
20121109,3.93,3.93,3.93,3.93,3,0
20121112,3.93,3.93,3.93,3.93,5,0
20121113,3.94,3.94,3.64,3.88,6003,0
20121114,3.91,3.91,3.91,3.91,5,0
20121115,3.74,3.89,3.74,3.89,752,0
20121116,3.88,3.88,3.88,3.88,1305,0
20121119,3.89,3.89,3.89,3.89,5,0
20121120,3.8,3.8,3.8,3.8,2630,0
20121121,3.84,3.84,3.58,3.8,8372,0
20121122,3.84,3.84,3.84,3.84,3,0
20121123,3.84,3.84,3.84,3.84,3,0
20121126,3.78,3.85,3.78,3.85,4518,0
20121127,3.86,3.86,3.86,3.86,3,0
20121128,3.87,3.88,3.71,3.88,2396,0
20121129,4,4,4,4,3,0
20121130,3.96,4.04,3.96,4.04,4207,0
20121203,3.87,4.02,3.86,4.02,2900,0
20121204,4.04,4.04,4,4.02,1043,0
20121205,4.04,4.04,4.04,4.04,300,0
20121206,4.04,4.05,4.04,4.05,2410,0
20121207,4.04,4.04,4.04,4.04,4,0
20121210,4,4,4,4,3,0
20121211,4,4,3.86,4,583,0
20121212,4,4,4,4,3,0
20121213,3.86,3.99,3.86,3.99,229,0
20121214,3.87,3.98,3.87,3.98,654,0
20121217,3.98,3.98,3.86,3.9,2801,0
20121218,3.88,3.88,3.87,3.87,184774,0
20121219,3.87,4,3.87,4,9289,0
20121220,4,4,3.89,3.89,1998,0
20121221,4.03,4.03,4.03,4.03,3,0
20121227,4.02,4.13,3.98,4.13,2790,0
20121228,4.13,4.3,4.13,4.3,8271,0
20130102,4.3,4.3,4.11,4.24,1316,0
20130103,4.24,4.24,4.02,4.22,4842,0
20130104,4.05,4.05,4.02,4.02,3300,0
20130107,4.02,4.02,4.02,4.02,600,0
20130108,4.02,4.02,4.02,4.02,295,0
20130109,4.02,4.02,3.97,3.97,463,0
20130110,4,4,4,4,3,0
20130111,4,4,3.91,3.99,343,0
20130114,3.99,3.99,3.99,3.99,3,0
20130115,3.99,3.99,3.99,3.99,1,0
20130116,3.99,3.99,3.99,3.99,3,0
20130117,3.99,3.99,3.9,3.9,1953,0
20130118,3.81,3.98,3.8,3.95,639,0
20130121,3.95,3.95,3.95,3.95,3,0
20130122,3.93,3.93,3.86,3.9,80796,0
20130123,3.9,3.9,3.9,3.9,600,0
20130124,3.9,3.9,3.9,3.9,1705,0
20130125,3.9,4.02,3.9,4.02,14294,0
20130128,4,4,4,4,5,0
20130129,4.01,4.02,4,4.02,10622,0
20130130,4.02,4.18,4.02,4.17,37826,0
20130131,4.16,4.16,4.16,4.16,3,0
20130201,4.15,4.15,4.04,4.04,505,0
20130204,4.15,4.15,3.98,3.98,3197,0
20130205,3.98,3.98,3.98,3.98,4000,0
20130206,3.94,3.94,3.94,3.94,5,0
20130207,3.94,3.94,3.94,3.94,178,0
20130208,3.9,3.9,3.89,3.89,105,0
20130211,3.81,3.9,3.81,3.81,251,0
20130212,3.81,3.81,3.81,3.81,1750,0
20130213,3.75,3.75,3.66,3.75,747,0
20130214,3.75,3.75,3.75,3.75,374,0
20130215,3.75,3.75,3.7,3.7,571,0
20130218,3.7,3.99,3.66,3.78,5147,0
20130219,3.66,3.79,3.66,3.72,842,0
20130220,3.72,3.72,3.62,3.64,5634,0
20130221,3.64,3.64,3.53,3.53,1123,0
20130222,3.64,3.65,3.64,3.65,102,0
20130226,3.72,3.72,3.48,3.57,3600,0
20130227,3.64,3.64,3.28,3.4,11774,0
20130228,3.3,3.43,3.3,3.43,3040,0
20130301,3.34,3.43,3.33,3.4,2791,0
20130304,3.42,3.42,3.11,3.19,10886,0
20130305,3.1,3.25,3.1,3.23,6600,0
20130306,3.18,3.26,3.18,3.26,30430,0
20130307,3.23,3.23,3.15,3.15,9017,0
20130308,3.14,3.14,3.03,3.1,8648,0
20130311,2.97,3.02,2.91,3,13869,0
20130312,3,3.05,3,3.05,1010,0
20130313,3,3,3,3,600,0
20130314,3,3,3,3,3183,0
20130315,2.95,3.21,2.94,3.16,29362,0
20130318,3.1,3.1,3.01,3.1,3260,0
20130319,3.16,3.16,3.16,3.16,10,0
20130320,3.15,3.15,3.15,3.15,1,0
20130321,3.15,3.15,3.01,3.15,52,0
20130322,3.14,3.14,3,3.14,6242,0
20130325,3.14,3.14,2.89,3.13,3459,0
20130326,3.09,3.09,2.97,3.09,928,0
20130327,3.07,3.07,3.07,3.07,1,0
20130328,3.08,3.08,3.08,3.08,2,0
20130402,3.11,3.11,3.11,3.11,3,0
20130403,3.1,3.1,3.1,3.1,1,0
20130404,3.1,3.1,2.93,3.07,514,0
20130405,2.93,2.98,2.93,2.98,2560,0
20130408,2.85,2.95,2.83,2.83,5650,0
20130409,2.86,2.9,2.67,2.9,9451,0
20130410,2.8,2.8,2.63,2.63,5911,0
20130411,2.63,2.7,2.51,2.67,13536,0
20130412,2.74,2.74,2.74,2.74,1,0
20130415,2.83,2.83,2.83,2.83,100,0
20130417,2.63,2.76,2.51,2.54,11424,0
20130418,2.5,2.65,2.48,2.5,10306,0
20130419,2.54,2.54,2.44,2.5,402,0
20130422,2.54,2.54,2.5,2.5,25,0
20130423,2.53,2.53,2.43,2.43,3458,0
20130424,2.4,2.4,2.2,2.3,12202,0
20130425,2.4,2.4,2.3,2.3,82,0
20130426,2.3,2.3,2.15,2.2,7914,0
20130429,2.1,2.2,2,2.1,10995,0
20130430,2.1,2.11,2.1,2.11,15767,0
20130502,2.1,2.31,2.1,2.24,6382,0
20130506,2.24,2.33,2.24,2.33,6890,0
20130507,2.36,2.47,2.3,2.4,13158,0
20130508,2.4,2.53,2.4,2.53,22055,0
20130509,2.53,2.53,2.53,2.53,6423,0
20130510,2.53,2.53,2.42,2.42,58,0
20130513,2.53,2.53,2.42,2.53,403,0
20130514,2.53,2.53,2.53,2.53,115,0
20130515,2.55,2.55,2.54,2.54,401,0
20130516,2.55,2.55,2.55,2.55,3,0
20130517,2.42,2.54,2.42,2.54,1542,0
20130520,2.53,2.53,2.53,2.53,10,0
20130521,2.5,2.53,2.5,2.5,619,0
20130522,2.53,2.54,2.53,2.54,2899,0
20130523,2.54,2.55,2.5,2.55,2569,0
20130524,2.55,2.69,2.55,2.67,3680,0
20130527,2.66,2.67,2.66,2.67,300,0
20130528,2.6,2.85,2.6,2.85,6328,0
20130529,2.91,3.02,2.91,3.02,2601,0
20130531,3,3,3,3,274,0
20130603,2.98,2.99,2.97,2.99,431,0
20130604,3.01,3.13,3.01,3.13,2626,0
20130605,3.13,3.28,3.1,3.28,4242,0
20130606,3.27,3.27,3.27,3.27,1,0
20130607,3.27,3.27,3.27,3.27,830,0
20130610,3.16,3.3,3.16,3.27,1467,0
20130611,3.3,3.39,3.3,3.39,3026,0
20130612,3.37,3.37,3.25,3.25,8633,0
20130613,3.28,3.28,3.25,3.25,118,0
20130614,3.28,3.28,3.28,3.28,2,0
20130617,3.28,3.28,3.08,3.2,9893,0
20130619,3.2,3.23,3.2,3.23,6,0
20130620,2.93,3.2,2.93,2.95,495,0
20130621,2.95,2.95,2.93,2.93,1106,0
20130624,2.85,2.95,2.72,2.76,15390,0
20130626,2.64,2.64,2.55,2.55,20240,0
20130627,2.62,2.68,2.43,2.43,28136,0
20130628,2.49,2.49,2.37,2.4,19805,0
20130701,2.44,2.44,2.44,2.44,1,0
20130703,2.44,2.44,2.44,2.44,400,0
20130704,2.43,2.43,2.43,2.43,2,0
20130705,2.43,2.43,2.43,2.43,500,0
20130708,2.43,2.43,2.43,2.43,2,0
20130709,2.43,2.43,2.43,2.43,6,0
20130710,2.4,2.4,2.4,2.4,38,0
20130711,2.43,2.43,2.43,2.43,5,0
20130712,2.43,2.44,2.43,2.44,58,0
20130715,2.44,2.44,2.4,2.44,103,0
20130716,2.4,2.44,2.33,2.44,591,0
20130717,2.43,2.43,2.43,2.43,60,0
20130719,2.43,2.44,2.32,2.44,711,0
20130723,2.56,2.56,2.56,2.56,1,0
20130725,2.44,2.44,2.32,2.44,1011,0
20130731,2.32,2.44,2.32,2.44,3241,0
20130801,2.35,2.35,2.35,2.35,55,0
20130806,2.38,2.41,2.3,2.41,5588,0
20130807,2.3,2.37,2.3,2.37,3001,0
20130808,2.37,2.37,2.37,2.37,20,0
20130809,2.37,2.37,2.28,2.3,13250,0
20130812,2.35,2.35,2.28,2.34,6666,0
20130813,2.35,2.35,2.35,2.35,5,0
20130814,2.33,2.33,2.3,2.3,326,0
20130816,2.33,2.38,2.33,2.38,11,0
20130819,2.39,2.4,2.39,2.39,11140,0
20130820,2.37,2.59,2.36,2.47,36367,0
20130821,2.52,2.75,2.49,2.69,28682,0
20130822,2.6,2.89,2.51,2.89,33863,0
20130823,2.9,3.09,2.9,3.04,28178,0
20130826,3.12,3.12,2.91,2.99,5715,0
20130827,2.99,2.99,2.89,2.97,1567,0
20130828,2.95,2.95,2.85,2.85,5439,0
20130829,2.85,2.9,2.82,2.9,4710,0
20130902,3.08,3.31,3.08,3.3,190607,0
20130903,3.39,3.56,3.35,3.52,38099,0
20130904,3.51,3.6,3.4,3.59,70889,0
20130905,3.52,3.55,3.24,3.4,14420,0
20130906,3.4,3.4,3.27,3.27,10150,0
20130909,3.3,3.33,3.18,3.18,5173,0
20130910,3.3,3.3,3.3,3.3,305,0
20130911,3.3,3.37,3.3,3.3,7170,0
20130912,3.3,3.3,3.3,3.3,2000,0
20130913,3.25,3.25,3.25,3.25,695,0
20130916,3.26,3.39,3.26,3.39,2010,0
20130917,3.48,3.48,3.48,3.48,305,0
20130919,3.45,3.45,3.45,3.45,1163,0
20130920,3.45,3.45,3.45,3.45,425,0
20130923,3.32,3.32,3.17,3.3,5294,0
20130924,3.29,3.33,3.29,3.33,2340,0
20130925,3.25,3.3,3.18,3.3,13664,0
20130926,3.32,3.48,3.32,3.46,9121,0
20130927,3.34,3.44,3.34,3.44,17000,0
20130930,3.48,3.6,3.48,3.6,19043,0
20131001,3.52,3.61,3.52,3.61,7654,0
20131002,3.74,3.74,3.7,3.7,2805,0
20131003,3.72,3.72,3.72,3.72,5,0
20131004,3.58,3.58,3.47,3.47,2785,0
20131007,3.47,3.47,3.39,3.4,6450,0
20131008,3.39,3.39,3.39,3.39,2679,0
20131009,3.38,3.4,3.38,3.4,2632,0
20131010,3.41,3.45,3.38,3.38,8976,0
20131011,3.34,3.49,3.34,3.38,23267,0
20131015,3.39,3.49,3.34,3.49,25825,0
20131016,3.37,3.37,3.2,3.3,6939,0
20131017,3.25,3.36,3.1,3.36,18464,0
20131018,3.15,3.42,3.15,3.36,357972,0
20131021,3.24,3.38,3.24,3.38,1560,0
20131022,3.31,3.31,3.31,3.31,780,0
20131023,3.32,3.32,3.31,3.31,19749,0
20131024,3.24,3.31,3.24,3.3,2226,0
20131025,3.28,3.37,3.28,3.37,1065,0
20131028,3.38,3.69,3.38,3.55,14693,0
20131029,3.67,3.67,3.6,3.66,13573,0
20131030,3.66,3.7,3.6,3.6,4171,0
20131031,3.61,3.78,3.58,3.78,7382,0
20131104,3.77,3.77,3.65,3.65,2558,0
20131105,3.65,3.65,3.48,3.48,5360,0
20131106,3.54,3.54,3.54,3.54,10,0
20131107,3.54,3.6,3.43,3.54,107923,0
20131108,3.47,3.47,3.33,3.4,2630,0
20131112,3.33,3.33,3.33,3.33,1056,0
20131113,3.33,3.33,3.32,3.33,5750,0
20131115,3.28,3.46,3.22,3.45,7547,0
20131118,3.45,3.45,3.45,3.45,55,0
20131119,3.16,3.45,3.16,3.4,6286,0
20131120,3.34,3.45,3.34,3.45,6943,0
20131122,3.35,3.36,3.35,3.36,1500,0
20131125,3.49,3.49,3.49,3.49,5,0
20131126,3.35,3.35,3.35,3.35,196,0
20131127,3.4,3.4,3.4,3.4,500,0
20131128,3.35,3.35,3.34,3.34,450,0
20131129,3.34,3.7,3.34,3.7,7953,0
20131202,3.65,3.65,3.65,3.65,10,0
20131203,3.55,3.55,3.55,3.55,1874,0
20131204,3.46,3.46,3.45,3.45,124,0
20131205,3.6,3.62,3.45,3.61,334324,0
20131206,3.61,3.61,3.61,3.61,103500,0
20131209,3.71,3.71,3.62,3.62,3810,0
20131210,3.65,3.65,3.65,3.65,2615,0
20131211,3.65,3.72,3.65,3.65,9468,0
20131212,3.6,3.6,3.57,3.57,45000,0
20131213,3.43,3.74,3.43,3.74,4146,0
20131216,3.7,3.7,3.7,3.7,3000,0
20131217,3.72,3.72,3.53,3.63,14446,0
20131218,3.45,3.45,3.44,3.44,1200,0
20131219,3.45,3.62,3.32,3.56,9300,0
20131220,3.32,3.53,3.32,3.53,2320,0
20131223,3.5,3.64,3.5,3.64,4335,0
20131227,3.6,3.63,3.36,3.63,7561,0
20131230,3.72,3.72,3.72,3.72,4,0
20140102,3.69,3.69,3.69,3.69,27,0
20140103,3.55,3.63,3.53,3.63,2750,0
20140107,3.6,3.6,3.53,3.53,55,0
20140108,3.53,3.53,3.53,3.53,3580,0
20140109,3.5,3.5,3.5,3.5,3,0
20140110,3.4,3.4,3.39,3.39,720,0
20140113,3.4,3.41,3.39,3.39,3597,0
20140114,3.39,3.39,3.39,3.39,1940,0
20140115,3.42,3.67,3.42,3.67,7195,0
20140116,3.42,3.44,3.33,3.33,17267,0
20140117,3.28,3.35,3.28,3.32,1644,0
20140120,3.32,3.33,3.25,3.25,17693,0
20140121,3.31,3.31,3.25,3.27,3730,0
20140122,3.27,3.3,3.27,3.3,3800,0
20140123,3.25,3.25,3.23,3.23,4219,0
20140127,3.2,3.23,3.2,3.23,89,0
20140128,3.23,3.38,3.23,3.38,258,0
20140129,3.38,3.38,3.38,3.38,1,0
20140130,3.37,3.37,3.2,3.37,751,0
20140131,3.25,3.36,3.24,3.36,54911,0
20140203,3.37,3.37,3.37,3.37,5,0
20140205,3.39,3.39,3.39,3.39,10,0
20140206,3.38,3.38,3.38,3.38,152,0
20140207,3.38,3.38,3.38,3.38,10,0
20140210,3.18,3.24,3.16,3.16,1246,0
20140211,3.15,3.18,3.03,3.11,3881,0
20140212,3.14,3.14,3.12,3.12,3558,0
20140213,3.24,3.24,3.12,3.12,990,0
20140214,3.24,3.24,3.09,3.14,3810,0
20140217,3.12,3.13,3.08,3.08,105,0
20140219,3.14,3.14,3.14,3.14,100,0
20140220,3.01,3.05,3,3.05,3380,0
20140221,3.01,3.1,2.99,3.1,4379,0
20140224,3,3.15,2.86,3.15,11303,0
20140225,3.07,3.2,3.07,3.2,9500,0
20140226,3.05,3.19,3.01,3.01,6900,0
20140227,3.19,3.35,3.18,3.35,21494,0
20140228,3.3,3.3,3.16,3.3,24810,0
20140303,3.2,3.24,3.06,3.24,3517,0
20140305,3.09,3.1,3.05,3.07,8868,0
20140306,3.01,3.07,2.95,3.04,3401,0
20140307,3.07,3.07,2.96,2.96,5343,0
20140310,2.94,2.94,2.9,2.9,23100,0
20140311,2.9,2.9,2.9,2.9,569,0
20140312,2.8,2.9,2.8,2.83,185324,0
20140313,3.03,3.07,3,3,44072,0
20140314,3,3,2.81,2.81,5704,0
20140317,2.84,3,2.84,3,31376,0
20140318,3.02,3.07,3,3.07,78675,0
20140319,3.09,3.15,3.07,3.15,93205,0
20140320,3.1,3.15,3.1,3.15,31276,0
20140321,3.18,3.25,3.18,3.25,3700,0
20140324,3.14,3.45,3.14,3.45,6840,0
20140325,3.38,3.38,3.38,3.38,1100,0
20140326,3.47,3.6,3.38,3.55,368426,0
20140327,3.55,3.6,3.55,3.6,115,0
20140328,3.6,3.6,3.4,3.56,17616,0
20140331,3.38,3.38,3.38,3.38,1125,0
20140401,3.42,3.42,3.38,3.42,35505,0
20140402,3.42,3.55,3.42,3.54,3097,0
20140404,3.4,3.53,3.38,3.49,2866,0
20140407,3.49,3.49,3.49,3.49,5,0
20140409,3.38,3.49,3.38,3.49,2520,0
20140411,3.38,3.38,3.38,3.38,4176,0
20140414,3.38,3.39,3.38,3.38,77168,0
20140416,3.3,3.3,3.3,3.3,2300,0
20140417,3.3,3.3,3.3,3.3,500,0
20140423,3.25,3.25,3.25,3.25,1001,0
20140424,3.38,3.38,3.25,3.37,5676,0
20140425,3.39,3.39,3.39,3.39,39,0
20140430,3.3,3.39,3.3,3.39,408,0
20140502,3.25,3.39,3.25,3.39,60,0
20140505,3.25,3.37,3.25,3.35,3155,0
20140506,3.25,3.35,3.25,3.35,1013,0
20140508,3.35,3.35,3.35,3.35,3,0
20140509,3.25,3.25,3.24,3.24,63750,0
20140512,3.35,3.35,3.23,3.23,16653,0
20140513,3.2,3.2,3.2,3.2,1000,0
20140514,3.26,3.26,3.18,3.21,6699,0
20140516,3.26,3.37,3.26,3.37,4973,0
20140519,3.33,3.36,3.33,3.36,600,0
20140520,3.27,3.28,3.27,3.28,1800,0
20140521,3.25,3.25,3.25,3.25,2320,0
20140522,3.29,3.29,3.26,3.26,16026,0
20140523,3.23,3.26,3.2,3.26,6000,0
20140526,3.23,3.26,3.23,3.23,5900,0
20140527,3.25,3.36,3.16,3.16,9280,0
20140528,3.25,3.25,3.25,3.25,7,0
20140529,3.25,3.36,3.25,3.36,5544,0
20140530,3.36,3.36,3.27,3.27,204,0
20140602,3.27,3.36,3.27,3.34,1810,0
20140603,3.3,3.37,3.3,3.33,4240,0
20140604,3.3,3.3,3.26,3.26,20,0
20140605,3.25,3.37,3.22,3.37,8420,0
20140606,3.37,3.37,3.27,3.27,10,0
20140609,3.37,3.37,3.13,3.27,86,0
20140610,3.27,3.27,3.27,3.27,5,0
20140611,3.2,3.2,3.12,3.2,3399,0
20140612,3.04,3.04,3.02,3.03,3490,0
20140613,3.1,3.1,3.05,3.07,6034,0
