Date,Open,High,Low,Close,Volume,OpenInt
20060822,26.9,30,14.35,15.5,1795550,0
20060823,15.5,15.5,14,14,393948,0
20060824,13.1,14.5,12.75,14.2,242626,0
20060825,14.2,14.2,13.5,13.5,53965,0
20060828,13.6,13.9,13.15,13.15,51541,0
20060829,13.4,13.6,13.3,13.5,42689,0
20060830,13.6,14.4,13.6,14.1,49750,0
20060831,14.2,14.3,13.9,14.1,26408,0
20060901,14.49,14.49,13.9,14.1,27580,0
20060904,14.1,14.1,13.72,13.85,20499,0
20060905,13.85,13.85,13.53,13.8,19467,0
20060906,13.75,13.79,13.4,13.5,9291,0
20060907,13.42,13.5,13.11,13.33,10281,0
20060908,13.45,13.5,13.32,13.32,18785,0
20060911,13.5,13.5,13.07,13.15,16037,0
20060912,13.05,13.1,12.9,13,25214,0
20060913,13.3,13.3,13.02,13.18,10704,0
20060914,12.81,13.05,12.81,13.05,12800,0
20060915,13,13.1,12.84,12.84,15529,0
20060918,13.19,13.19,12.87,13.14,3165,0
20060919,13.02,13.06,12.84,13,14534,0
20060920,12.86,12.86,12.5,12.6,15112,0
20060921,12.61,13.18,12.5,13,12239,0
20060922,12.78,13.2,12.78,13.2,8506,0
20060925,13.1,13.3,12.92,13.25,10032,0
20060926,13.35,13.98,13.35,13.8,34189,0
20060927,13.7,13.7,12.91,13.41,19446,0
20060928,13.59,13.59,13.08,13.47,7311,0
20060929,13.49,13.5,13.2,13.4,4589,0
20061002,13.22,13.5,12.8,13.5,2957,0
20061003,13.45,13.45,13.01,13.2,5429,0
20061004,13.21,13.3,13,13.15,2563,0
20061005,13.15,13.9,13.14,13.5,12204,0
20061006,13.22,13.3,13.14,13.25,6780,0
20061009,13.26,13.4,13.25,13.35,2018,0
20061010,13.4,13.4,13.2,13.25,2698,0
20061011,13.8,13.8,13.31,13.4,19503,0
20061012,13.6,13.7,13.4,13.7,5992,0
20061013,13.7,13.75,13.3,13.5,7364,0
20061016,13.5,13.5,13.2,13.4,8167,0
20061017,13.4,13.4,13.13,13.4,4089,0
20061018,13.4,13.5,13.28,13.34,13234,0
20061019,13.31,13.4,13.14,13.25,5858,0
20061020,13.3,13.67,13.25,13.67,22094,0
20061023,13.69,13.89,13.55,13.8,13012,0
20061024,13.84,15.3,13.8,14.75,106459,0
20061025,15,15.2,14.1,14.33,18312,0
20061026,14.7,14.7,14.35,14.45,12625,0
20061027,14.4,14.5,14.2,14.5,11604,0
20061030,14.78,15.2,14.2,14.98,30678,0
20061031,14.99,15.15,14.6,14.99,37928,0
20061102,15,15.15,14.75,14.95,18341,0
20061103,14.95,15,14.5,14.94,16013,0
20061106,14.71,14.95,14.6,14.7,12283,0
20061107,14.7,14.99,14.6,14.66,15588,0
20061108,14.9,15,14.6,14.64,18268,0
20061109,14.93,14.93,14.5,14.65,6208,0
20061110,14.79,14.79,14.45,14.45,8613,0
20061113,14.2,14.37,13.85,14.1,7298,0
20061114,13.95,14.1,13.8,14.1,4259,0
20061115,13.6,13.65,13.11,13.23,14478,0
20061116,13.1,13.64,13.02,13.2,10277,0
20061117,13.39,13.65,13.35,13.4,10456,0
20061120,13.65,13.65,13.22,13.22,6089,0
20061121,13.23,13.49,13.23,13.44,5317,0
20061122,13.55,13.55,13.02,13.4,16790,0
20061123,13.4,13.41,13.12,13.36,16435,0
20061124,13.2,13.34,13.1,13.3,11620,0
20061127,13.43,13.43,13.12,13.35,8708,0
20061128,13.45,14.45,13.3,13.98,34891,0
20061129,14,14.6,13.8,14.6,23176,0
20061130,14.6,14.8,14.32,14.59,7993,0
20061201,14.5,14.79,14.4,14.79,9326,0
20061204,14.73,14.74,14.31,14.4,11831,0
20061205,14.35,14.6,14.31,14.49,11743,0
20061206,14.35,14.35,13.55,13.63,7502,0
20061207,13.75,13.95,13.65,13.95,4194,0
20061208,13.7,14.3,13.65,14.21,5131,0
20061211,14.2,14.4,13.9,14.4,14026,0
20061212,14.1,14.25,14.07,14.09,7311,0
20061213,13.9,14.09,13.9,14.09,6849,0
20061214,14.12,14.12,13.8,13.8,1955,0
20061215,13.7,13.7,12.8,13.25,14658,0
20061218,13.4,13.5,13.27,13.4,2321,0
20061219,13.5,13.5,12.95,12.95,5754,0
20061220,13,13.4,12.5,12.5,11713,0
20061221,12.45,13.1,12.3,13.1,36866,0
20061222,13,13.11,12.6,13.11,23418,0
20061227,13.11,13.4,13.11,13.2,2104,0
20061228,13.28,13.28,12.53,13.06,4198,0
20061229,13.3,14,13,13.99,187794,0
20070102,14.3,14.5,13.9,13.9,4099,0
20070103,14,14,13.25,13.6,7041,0
20070104,13.3,13.3,12.7,13.24,6840,0
20070105,13.4,13.4,13,13.19,4143,0
20070108,13,13.25,12.72,13.25,6774,0
20070109,12.86,13.7,12.86,13.64,20592,0
20070110,13.68,13.68,13.04,13.38,5363,0
20070111,13.45,13.51,13.18,13.3,2578,0
20070112,13.55,13.55,13.3,13.3,4202,0
20070115,13.3,13.45,13.25,13.4,9774,0
20070116,13.44,13.44,13.1,13.4,6388,0
20070117,13.31,13.4,13.2,13.35,7148,0
20070118,13.2,13.25,13.15,13.2,9020,0
20070119,13.21,13.21,13,13.2,10061,0
20070122,13.28,13.6,13.1,13.2,9991,0
20070123,13.3,13.45,13.2,13.45,5138,0
20070124,13.44,13.77,13.22,13.7,15059,0
20070125,13.32,13.73,13.32,13.73,7363,0
20070126,13.5,13.59,13.3,13.5,8289,0
20070129,13.5,13.5,13.25,13.25,3520,0
20070130,13.25,13.31,13.02,13.3,5956,0
20070131,13.3,13.6,13.3,13.6,37060,0
20070201,13.6,13.72,13.52,13.65,40682,0
20070202,13.75,14.6,13.75,14.2,46260,0
20070205,14.35,14.35,13.9,13.95,9373,0
20070206,14,14.05,13.85,14.02,13429,0
20070207,13.99,14.04,13.9,14,13609,0
20070208,13.92,13.95,13.1,13.1,10058,0
20070209,13.05,13.69,12.89,13.4,23754,0
20070212,13.4,13.4,13.1,13.38,5575,0
20070213,13.7,15.2,13.7,15.2,219922,0
20070214,15.8,16.27,15.2,15.4,173046,0
20070215,15.5,15.5,14.63,14.75,36298,0
20070216,14.61,14.8,14.52,14.7,18001,0
20070219,15,15.06,14.6,15.03,22864,0
20070220,15.13,15.31,15.11,15.25,22862,0
20070221,15.5,15.5,15.05,15.1,10945,0
20070222,15.11,15.24,14.9,15,13948,0
20070223,15,15,14.74,14.79,9188,0
20070226,14.71,15.24,14.7,15,26421,0
20070227,14.92,14.92,13.8,13.85,33741,0
20070228,13,13.95,13,13.95,18280,0
20070301,13.95,14.4,13.38,13.7,27818,0
20070302,13.94,13.94,13.7,13.84,11199,0
20070305,13.12,13.69,13.12,13.4,9521,0
20070306,13.79,13.79,13.5,13.61,5522,0
20070307,13.89,14,13.53,13.65,9543,0
20070308,13.9,14.25,13.82,14.06,3356,0
20070309,14.14,14.2,14,14.05,5739,0
20070312,13.84,14.15,13.8,14.15,11616,0
20070313,14.2,14.2,13.85,14,7861,0
20070314,13.55,14,13.55,13.95,8630,0
20070315,13.98,14.5,13.98,14.2,13443,0
20070316,14.04,14.48,13.55,14.46,6749,0
20070319,14.45,14.59,14.39,14.46,5871,0
20070320,14.5,14.69,14.2,14.69,21174,0
20070321,14.75,14.8,14.5,14.71,14600,0
20070322,16.9,17.3,15.8,15.8,225991,0
20070323,16,16,15.35,15.75,29095,0
20070326,15.94,15.95,15.3,15.39,20946,0
20070327,15.95,15.95,15.4,15.4,12078,0
20070328,15.79,15.79,15.2,15.4,25948,0
20070329,15.21,16.15,15.21,16.02,35782,0
20070330,16.3,16.3,15.7,15.99,17375,0
20070402,15.9,16,15.6,15.85,13751,0
20070403,15.69,16.97,15.45,16.54,53408,0
20070404,16.77,16.77,15.95,16.15,46861,0
20070405,16.01,16.29,15.9,16.29,13452,0
20070410,16.3,16.65,16,16.28,23183,0
20070411,16.58,16.58,16.26,16.52,28081,0
20070412,16.24,16.44,15.5,15.84,18917,0
20070413,16.05,16.09,15.6,16,13056,0
20070416,16.12,16.45,15.8,16.08,40279,0
20070417,16.11,16.25,16.1,16.1,30540,0
20070418,16.1,16.19,15.71,15.71,19012,0
20070419,15.65,15.71,15.25,15.55,9010,0
20070420,15.6,15.9,15.6,15.63,26396,0
20070423,15.75,15.76,15.23,15.5,15262,0
20070424,15.21,15.45,15.21,15.24,11379,0
20070425,15.23,15.4,15,15.23,5947,0
20070426,15.2,15.44,15,15.29,5660,0
20070427,15.3,15.7,15.03,15.46,4884,0
20070430,15.05,15.3,14.95,15.22,5002,0
20070502,15.2,15.35,15.05,15.35,5226,0
20070504,15.21,16,15.21,15.98,17369,0
20070507,16,16,15.55,15.99,10238,0
20070508,16.3,16.97,16.3,16.32,65858,0
20070509,16.5,16.97,16.5,16.97,21624,0
20070510,16.97,16.97,16.03,16.03,22058,0
20070511,15.99,16.44,15.05,16.14,21157,0
20070514,16.2,16.97,16,16.97,43424,0
20070515,16.97,16.97,16.14,16.4,3622,0
20070516,16.01,16.01,15.1,15.7,20059,0
20070517,16.1,16.1,15.1,15.49,18183,0
20070518,15.12,15.46,15.02,15.12,8696,0
20070521,15.26,16,15.1,15.8,13947,0
20070522,16.49,16.5,16,16.39,20770,0
20070523,16.37,16.37,15.45,15.9,11025,0
20070524,15.8,15.85,15.5,15.7,10939,0
20070525,15.7,16.25,15.5,15.66,18419,0
20070528,15.45,15.94,15.3,15.5,10903,0
20070529,15.5,15.93,15.4,15.9,5585,0
20070530,15.89,15.89,15.5,15.5,3301,0
20070531,15.74,16,15.53,15.8,7620,0
20070601,16,16.25,15.8,15.8,17590,0
20070604,15.83,15.83,15.01,15.7,5778,0
20070605,15.79,15.9,15.56,15.6,5689,0
20070606,15.33,15.9,15.33,15.7,2692,0
20070608,15.45,15.6,15.3,15.32,6275,0
20070611,15.59,15.75,15.36,15.51,7769,0
20070612,15.52,15.7,15.52,15.65,2948,0
20070613,15.5,15.78,15.2,15.5,3417,0
20070614,15.71,16.23,15.71,16.1,42621,0
20070615,16.25,16.5,15.76,15.8,25921,0
20070618,16.05,16.05,15.66,15.66,17328,0
20070619,15.68,15.94,15.65,15.81,11272,0
20070620,15.9,15.9,15.78,15.89,7079,0
20070621,15.65,15.88,15.43,15.7,5178,0
20070622,15.8,15.83,15.43,15.6,13742,0
20070625,15.45,15.7,15.27,15.65,8104,0
20070626,15.41,15.8,15.21,15.8,4730,0
20070627,15.79,15.79,15.31,15.45,5949,0
20070628,15.67,15.67,15.31,15.49,3083,0
20070629,15.32,15.44,15.19,15.4,8637,0
20070702,15.21,15.38,14.86,15.34,8005,0
20070703,15.01,15.28,14.87,15.25,7013,0
20070704,15.25,15.25,14.95,15.07,4792,0
20070705,15.01,15.1,14.97,15.1,6166,0
20070706,15.11,15.11,14.85,15.07,6065,0
20070709,15.03,15.05,14.81,14.81,6193,0
20070710,14.8,14.8,13.9,14.3,21530,0
20070711,13.96,14.5,13.95,14.32,3373,0
20070712,14.3,14.3,13.91,14.05,7513,0
20070713,14,14.15,13.9,14,4818,0
20070716,14,14,13.23,13.54,4951,0
20070717,13.21,13.52,13.14,13.5,2394,0
20070718,13.45,13.99,13.35,13.57,6398,0
20070719,13.99,14,13.71,14,3387,0
20070720,14.02,14.15,13.51,14.09,4017,0
20070723,13.37,14.09,13.37,13.85,2395,0
20070724,13.85,13.87,13.53,13.53,2309,0
20070725,13.31,13.4,13.19,13.4,2712,0
20070726,13.6,13.78,13.01,13.01,3931,0
20070727,13.01,13.01,12,12.5,16013,0
20070730,12.4,12.99,12.05,12.68,6866,0
20070731,12.8,12.8,12.5,12.8,3499,0
20070801,12.47,12.5,12.3,12.34,2170,0
20070802,12.94,12.94,12.4,12.85,2851,0
20070803,12.8,12.8,12.42,12.5,4741,0
20070806,12.26,12.45,12.01,12.2,4502,0
20070807,12.21,12.5,12.21,12.45,4042,0
20070808,12.7,12.85,12.03,12.44,3214,0
20070809,12.11,12.23,11.8,11.85,5165,0
20070810,11.5,11.5,10.35,10.6,11990,0
20070813,10.42,11.45,10.42,11,3896,0
20070814,11.19,11.19,10.05,10.23,7983,0
20070816,8.7,9,7.83,7.83,26737,0
20070817,7.8,8.4,7,8.4,34580,0
20070820,8.6,8.9,7.9,8.03,20630,0
20070821,8.38,8.38,7,7.36,49317,0
20070822,7.46,8.48,7.46,8,55681,0
20070823,8.65,8.65,7.8,7.8,34134,0
20070824,8.1,8.2,7.8,8.08,29862,0
20070827,8.3,9.5,8.2,8.69,60223,0
20070828,9,9,8.5,8.53,26343,0
20070829,8.31,8.48,7.81,8.3,20127,0
20070830,8.56,8.8,8.3,8.3,21916,0
20070831,8.74,8.88,8.55,8.8,8068,0
20070903,8.98,9.35,8.8,9.17,6830,0
20070904,9.33,9.79,9.02,9.7,9674,0
20070905,10,10.85,9.72,9.81,32966,0
20070906,9.81,10.36,9.31,9.9,23257,0
20070907,10.32,10.32,9.55,9.6,11368,0
20070910,9.1,9.59,8.8,9.15,34501,0
20070911,9.2,9.5,9.15,9.25,7372,0
20070912,9.41,9.41,9.18,9.3,3658,0
20070913,9.4,9.4,9.02,9.3,4936,0
20070914,9.35,9.35,9.05,9.2,6555,0
20070917,9.06,9.4,9.01,9.08,2432,0
20070918,9.14,9.28,9.1,9.28,10605,0
20070919,9.33,9.65,9.33,9.45,9260,0
20070920,9.65,9.65,9.3,9.5,9940,0
20070921,9.55,9.55,9.3,9.47,3573,0
20070924,9.46,9.5,9.4,9.4,2552,0
20070925,9.87,9.87,9.39,9.4,4898,0
20070926,9.4,9.55,9.4,9.45,2740,0
20070927,9.76,9.76,9.35,9.4,5851,0
20070928,9.44,9.44,9.01,9.01,7129,0
20071001,9.1,9.1,9,9,6875,0
20071002,8.95,9.1,8.62,8.72,1951,0
20071003,8.6,8.6,8.15,8.35,12010,0
20071004,8.2,8.58,8.02,8.52,3969,0
20071005,8.55,8.75,8.25,8.4,8964,0
20071008,8.5,8.5,8.4,8.5,3010,0
20071009,8.5,9.13,8.5,9,10565,0
20071010,9,9.1,8.41,8.71,3769,0
20071011,8.7,9.02,8.7,9,3819,0
20071012,8.9,8.97,8.65,8.97,10064,0
20071015,8.9,8.97,8.72,8.73,4032,0
20071016,8.73,8.82,8.3,8.82,3086,0
20071017,8.56,8.9,8.56,8.6,1316,0
20071018,8.6,8.6,8.48,8.6,2211,0
20071019,8.45,8.6,8.45,8.6,998,0
20071022,8.45,8.6,8.45,8.6,3109,0
20071023,8.74,8.74,8.5,8.55,6612,0
20071024,8.75,8.75,8.46,8.57,2110,0
20071025,8.5,8.69,8.46,8.69,2001,0
20071026,8.59,8.6,8.47,8.6,761,0
20071029,8.6,9.15,8.56,9,16010,0
20071030,9.1,9.1,8.59,8.9,8852,0
20071031,8.5,9.03,8.5,9,6202,0
20071102,8.6,8.7,8.6,8.7,4100,0
20071105,8.98,8.98,8.6,8.7,3762,0
20071106,8.6,8.65,8.6,8.61,2895,0
20071107,8.6,9.19,8.04,8.25,21633,0
20071108,8.19,8.19,7.4,7.74,18092,0
20071109,7.95,8.19,7.5,7.8,14629,0
20071112,7.8,7.92,7.65,7.9,3130,0
20071113,7.75,7.9,7.75,7.9,3275,0
20071114,7.9,8,7.85,7.85,3437,0
20071115,7,7.45,6.7,6.7,17154,0
20071116,6.82,7,6.1,7,17115,0
20071119,7,7,6.55,6.61,7329,0
20071120,6.5,6.5,6.05,6.08,8040,0
20071121,6.11,6.11,5.7,5.8,14879,0
20071122,5.65,6.3,5.5,6.29,60049,0
20071123,6.47,6.47,6,6.15,30992,0
20071126,6.26,6.37,6.1,6.24,10356,0
20071127,6.01,6.01,5.8,6,7444,0
20071128,6,6,5.8,5.99,42361,0
20071129,6.49,6.49,6.11,6.11,28869,0
20071130,6.28,6.39,6.15,6.39,6932,0
20071203,6.38,6.38,6.21,6.21,1000,0
20071204,6.2,6.35,6.2,6.35,1201,0
20071205,6.36,6.69,6.21,6.68,55057,0
20071206,6.89,6.9,6.68,6.8,15229,0
20071207,6.87,6.87,6.61,6.85,4896,0
20071210,6.99,6.99,6.7,6.8,10697,0
20071211,6.67,6.7,6.37,6.49,4347,0
20071212,6.39,6.47,6.25,6.47,5265,0
20071213,6.25,6.42,6.24,6.42,4985,0
20071214,6.22,6.39,6.22,6.39,1306,0
20071217,6.21,6.21,5.81,5.86,4851,0
20071218,6,6,5.5,5.62,17534,0
20071219,5.64,5.9,5.36,5.36,12556,0
20071220,5.36,5.36,4.88,5.04,50747,0
20071221,5,5.5,5,5.5,70070,0
20071227,5.6,5.94,5.6,5.8,7190,0
20071228,6.1,6.1,5.25,5.25,65216,0
20080102,5.28,5.7,5.27,5.67,10271,0
20080103,5.69,5.69,5.42,5.65,58007,0
20080104,5.8,5.89,5.66,5.67,23952,0
20080107,5.5,5.8,5.41,5.51,3040,0
20080108,5.52,5.52,5.36,5.36,4168,0
20080109,5.21,5.48,5,5.39,11116,0
20080110,5.1,5.1,5.02,5.02,12891,0
20080111,5.1,5.3,5,5,27214,0
20080114,5.13,5.13,4.62,4.8,11942,0
20080115,5.25,5.25,4.52,4.68,9420,0
20080116,4.53,4.53,3.99,3.99,47827,0
20080117,4.5,4.5,4.1,4.31,23035,0
20080118,4.3,4.5,4.24,4.41,16868,0
20080121,4.4,4.4,4.2,4.2,4975,0
20080122,3.9,4.14,3.9,4.1,7178,0
20080123,4.5,4.5,4.01,4.15,7726,0
20080124,4.15,4.39,4.15,4.39,41462,0
20080125,4.55,4.76,4.42,4.73,48832,0
20080128,4.53,4.68,4.45,4.62,9018,0
20080129,4.64,4.95,4.64,4.9,10261,0
20080130,5.02,5.02,4.76,4.98,8455,0
20080131,5.02,5.02,4.66,4.66,10260,0
20080201,4.98,4.98,4.69,4.8,5950,0
20080204,4.95,4.95,4.69,4.69,5905,0
20080205,4.66,4.66,4.45,4.45,6332,0
20080206,4.2,4.4,4.2,4.39,15265,0
20080207,4.5,4.5,4.2,4.3,4505,0
20080208,4.45,4.45,4.2,4.43,2068,0
20080211,4.48,4.48,4.4,4.4,2010,0
20080212,4.4,4.5,4.4,4.4,3894,0
20080213,4.42,4.92,4.42,4.7,24617,0
20080214,4.71,5.05,4.71,4.95,19566,0
20080215,4.9,4.93,4.8,4.93,7154,0
20080218,4.8,4.92,4.8,4.9,775,0
20080219,4.93,4.93,4.82,4.93,1230,0
20080220,4.82,4.82,4.8,4.8,1896,0
20080221,4.92,4.95,4.9,4.94,1900,0
20080222,4.9,5.25,4.9,5.08,37545,0
20080225,5.19,5.51,5.19,5.37,40113,0
20080226,5.48,5.48,5.24,5.24,3569,0
20080227,5.36,5.37,5.19,5.32,7983,0
20080228,5.23,5.25,5.05,5.12,4034,0
20080229,5.12,5.3,5.07,5.28,5614,0
20080303,5.06,5.2,4.91,4.99,6074,0
20080304,4.8,5.18,4.8,4.89,24458,0
20080305,4.92,5.03,4.69,4.78,10836,0
20080306,4.8,4.94,4.7,4.7,3451,0
20080307,4.7,4.7,4.55,4.6,6192,0
20080310,4.8,4.8,4.8,4.8,1694,0
20080311,4.72,5,4.72,5,20965,0
20080312,5.04,5.4,5.04,5.38,44302,0
20080313,5.3,5.3,5,5.28,15889,0
20080314,5.25,5.35,5.12,5.29,4261,0
20080317,5.14,5.14,4.8,4.8,16343,0
20080318,5.19,5.19,4.81,4.81,3767,0
20080319,5.05,5.05,4.9,4.98,11108,0
20080320,5.1,5.15,5.02,5.15,15851,0
20080325,5.3,5.4,5.26,5.4,15969,0
20080326,5.44,5.79,5.35,5.64,44647,0
20080327,5.61,5.88,5.46,5.46,35322,0
20080328,5.66,5.79,5.5,5.79,18822,0
20080331,5.65,5.95,5.65,5.95,12080,0
20080401,6.05,6.59,6.05,6.48,44172,0
20080402,6.5,6.75,6.3,6.43,25432,0
20080403,6.26,6.3,6.02,6.11,13088,0
20080404,5.98,6.29,5.98,6.28,6573,0
20080407,6.43,6.43,6,6.16,12676,0
20080408,6,6.03,5.71,5.89,17257,0
20080409,5.81,5.81,5.76,5.8,1616,0
20080410,5.77,5.8,5.52,5.55,4253,0
20080411,5.48,5.79,5.48,5.64,8185,0
20080414,5.59,5.59,5.5,5.59,1888,0
20080415,5.52,5.64,5.52,5.64,186,0
20080416,5.5,5.77,5.5,5.64,2843,0
20080417,5.79,5.79,5.19,5.35,4446,0
20080418,5.35,5.5,4.85,5.17,21665,0
20080421,5.15,5.3,5.05,5.11,8885,0
20080422,5.09,5.09,4.81,4.99,5665,0
20080423,4.99,4.99,4.57,4.66,16134,0
20080424,4.77,4.8,4.48,4.5,38091,0
20080425,4.48,4.69,4.48,4.64,13629,0
20080428,4.65,4.8,4.65,4.75,21452,0
20080429,4.8,4.85,4.7,4.7,13958,0
20080430,4.72,4.75,4.67,4.7,13974,0
20080505,4.7,4.99,4.7,4.99,4383,0
20080506,4.99,4.99,4.87,4.97,2860,0
20080507,4.88,5.2,4.88,5.06,28325,0
20080508,5,5.14,5,5.14,14517,0
20080509,5.17,5.17,4.89,4.89,14064,0
20080512,4.86,4.88,4.55,4.68,14148,0
20080513,4.74,4.79,4.7,4.77,4334,0
20080514,4.77,4.87,4.71,4.87,3989,0
20080515,4.79,4.79,4.7,4.75,5816,0
20080516,4.68,4.68,4.4,4.6,19194,0
20080519,4.65,4.65,4.41,4.55,5218,0
20080520,4.5,4.5,4.2,4.23,15612,0
20080521,4.13,4.23,4.06,4.17,26882,0
20080523,4.3,4.3,4.05,4.24,1705,0
20080526,4.29,4.3,4.09,4.09,6228,0
20080527,4.15,4.21,4.07,4.07,24921,0
20080528,4.19,4.29,4.07,4.19,42117,0
20080529,4.22,4.25,4.18,4.18,10368,0
20080530,4.2,4.38,4.14,4.38,9333,0
20080602,4.33,4.37,4.19,4.37,7166,0
20080603,4.3,4.38,4.22,4.31,6346,0
20080604,4.23,4.37,4.2,4.23,14741,0
20080605,4.25,4.33,4.22,4.22,5543,0
20080606,4.3,4.31,4.23,4.31,6366,0
20080609,4.2,4.3,4.03,4.3,30631,0
20080610,4.05,4.19,4.05,4.19,9041,0
20080611,4.03,4.03,3.81,3.98,7800,0
20080612,4.16,4.16,3.9,4.1,5713,0
20080613,4.07,4.07,4,4.07,1300,0
20080616,4.1,4.1,3.91,3.91,4445,0
20080617,3.77,3.99,3.77,3.95,5732,0
20080618,3.88,3.95,3.88,3.88,4400,0
20080619,3.8,3.8,3.63,3.68,11986,0
20080620,3.98,3.98,3.75,3.75,5809,0
20080623,4,4,3.7,3.75,493,0
20080624,3.8,3.8,3.52,3.7,2525,0
20080625,3.7,3.76,3.7,3.76,8326,0
20080626,3.6,3.9,3.6,3.76,8133,0
20080627,3.52,3.86,3.52,3.86,3467,0
20080630,3.58,3.8,3.52,3.8,5915,0
20080701,3.8,3.9,3.79,3.9,7778,0
20080702,3.86,4.09,3.75,4.09,3109,0
20080703,3.8,4.05,3.8,4.05,495,0
20080704,3.95,4.04,3.95,4.04,351,0
20080707,3.85,3.85,3.65,3.85,5035,0
20080708,3.81,3.85,3.81,3.85,4093,0
20080709,3.95,4.2,3.9,4.13,28042,0
20080710,4.2,4.22,4.1,4.14,3795,0
20080711,4.18,4.22,3.9,4.2,9608,0
20080714,4.4,4.4,4.26,4.35,12187,0
20080715,4.5,4.5,4.06,4.2,5404,0
20080716,4.19,4.29,4.16,4.16,4850,0
20080717,4.29,4.39,4.16,4.25,8280,0
20080718,4.29,4.29,4.28,4.28,453,0
20080721,4.17,4.28,4.17,4.2,1500,0
20080722,4.14,4.22,4.14,4.18,2593,0
20080723,4.18,4.22,4.18,4.22,2180,0
20080724,4.2,4.29,4.06,4.24,3499,0
20080725,4.12,4.2,4.11,4.14,8799,0
20080728,4.2,4.3,4.16,4.2,10031,0
20080729,4.16,4.19,4.07,4.19,3307,0
20080730,4.15,4.28,4.15,4.28,9114,0
20080731,4.2,4.28,4.2,4.28,5700,0
20080801,4.3,4.3,4.3,4.3,100,0
20080804,4.3,4.36,4.22,4.22,2480,0
20080805,4.31,4.31,4.22,4.22,241,0
20080806,4.32,4.32,4.22,4.22,721,0
20080807,4.24,4.24,4.15,4.24,12259,0
20080808,4.23,4.31,4.23,4.31,9375,0
20080811,4.29,4.39,4.28,4.28,4863,0
20080812,4.36,4.46,4.26,4.46,6367,0
20080813,4.29,4.45,4.2,4.25,5485,0
20080814,4.25,4.25,4.25,4.25,179,0
20080818,4.25,4.25,4.18,4.18,3554,0
20080819,4.23,4.32,3.88,3.89,5897,0
20080820,4.04,4.09,3.7,3.7,11511,0
20080821,3.84,4.1,3.8,4.05,13833,0
20080822,4.18,4.8,4.18,4.51,25338,0
20080825,4.72,4.72,4.46,4.54,8204,0
20080826,4.5,4.5,4.39,4.5,1832,0
20080827,4.39,4.46,4.35,4.46,6496,0
20080828,4.5,4.5,4.36,4.36,5395,0
20080829,4.37,4.62,4.37,4.45,5063,0
20080901,4.61,4.66,4.52,4.54,8162,0
20080902,4.62,4.62,4.37,4.49,23368,0
20080903,4.49,4.49,4.42,4.45,858,0
20080904,4.45,4.45,4.28,4.3,3579,0
20080905,4.28,4.28,4.14,4.2,9447,0
20080908,4.21,4.25,4.17,4.25,4698,0
20080909,4.18,4.31,4.18,4.31,6846,0
20080910,4.35,4.39,4.21,4.39,5982,0
20080911,4.21,4.22,4.21,4.21,2386,0
20080912,4.2,4.35,4.2,4.35,328,0
20080915,4.2,4.2,4.12,4.2,7097,0
20080916,4.2,4.2,4.05,4.14,10474,0
20080917,4.14,4.32,4.14,4.27,4902,0
20080918,4.07,4.22,4.07,4.22,11214,0
20080919,4.22,4.47,4.22,4.43,7415,0
20080922,4.43,4.47,4.32,4.46,3295,0
20080923,4.3,4.3,4.2,4.23,9420,0
20080924,4.23,4.3,4.2,4.29,11268,0
20080925,4.21,4.4,4.21,4.4,6704,0
20080926,4.23,4.5,4.23,4.5,3046,0
20080929,4.22,4.44,4.22,4.4,11468,0
20080930,4.16,4.37,4.13,4.37,3783,0
20081001,4.3,4.36,3.86,3.9,231002,0
20081002,3.96,4.03,3.4,3.4,139054,0
20081003,3.5,3.56,3.42,3.44,18679,0
20081006,3.44,3.45,3.21,3.21,27671,0
20081007,3.3,3.3,3.11,3.19,14130,0
20081008,3,3.03,2.8,3,16714,0
20081009,3.02,3.25,3.02,3.22,1932,0
20081010,3.02,3.2,3,3.02,25150,0
20081013,3.22,3.22,3.1,3.1,1695,0
20081014,3.3,3.3,3.15,3.3,5215,0
20081015,3.38,3.5,3.23,3.5,21923,0
20081016,3.18,3.58,3.18,3.47,10605,0
20081017,3.57,3.76,3.36,3.57,28298,0
20081020,3.41,3.72,3.3,3.68,36272,0
20081021,3.51,3.7,3.21,3.47,63383,0
20081022,3.45,3.56,3.02,3.02,37524,0
20081023,3.08,3.08,2.52,2.98,60189,0
20081024,3,3,2.2,2.43,180706,0
20081027,2.25,2.62,2.18,2.38,115924,0
20081028,2.53,2.68,2.37,2.41,40720,0
20081029,2.49,2.64,2.49,2.6,8318,0
20081030,2.68,2.84,2.51,2.55,17632,0
20081031,2.55,2.7,2.44,2.7,2069,0
20081103,2.58,2.8,2.58,2.78,12515,0
20081104,2.75,2.84,2.69,2.81,27340,0
20081105,2.88,2.88,2.6,2.75,10093,0
20081106,2.68,2.68,2.5,2.57,4932,0
20081107,2.55,2.8,2.46,2.57,42081,0
20081110,2.75,2.75,2.55,2.7,13419,0
20081112,2.69,2.69,2.69,2.69,380,0
20081113,2.69,2.72,2.59,2.65,833,0
20081114,2.72,2.79,2.64,2.79,6192,0
20081117,2.77,2.77,2.58,2.72,5066,0
20081118,2.68,2.7,2.6,2.7,7963,0
20081119,2.7,2.72,2.66,2.7,7756,0
20081120,2.6,2.7,2.5,2.67,11044,0
20081121,2.68,2.72,2.5,2.7,11462,0
20081124,2.7,2.8,2.64,2.8,10367,0
20081125,2.77,2.8,2.67,2.69,4505,0
20081126,2.79,2.88,2.7,2.85,20697,0
20081127,2.88,2.94,2.74,2.9,11340,0
20081128,2.85,2.92,2.8,2.8,6928,0
20081201,2.8,2.96,2.8,2.81,26094,0
20081202,2.75,2.93,2.73,2.91,29780,0
20081203,2.91,2.91,2.8,2.8,2720,0
20081204,2.9,2.91,2.81,2.81,9809,0
20081205,2.91,2.91,2.78,2.8,2007,0
20081208,2.83,2.92,2.81,2.9,112837,0
20081209,2.92,3.08,2.92,2.93,5876,0
20081210,2.94,3,2.94,2.96,3060,0
20081211,3.03,3.24,2.9,3,46880,0
20081212,2.9,3.01,2.86,3.01,39449,0
20081215,3.1,3.1,2.97,3.01,4500,0
20081216,3.01,3.01,2.9,3,8978,0
20081217,2.9,2.94,2.9,2.94,4232,0
20081218,2.91,3,2.91,2.93,76640,0
20081219,2.91,2.93,2.91,2.93,59914,0
20081222,2.81,2.84,2.7,2.72,57283,0
20081223,2.72,2.93,2.45,2.45,103393,0
20081229,2.63,2.63,2.46,2.55,27438,0
20081230,2.63,2.73,2.53,2.73,1184,0
20081231,2.69,2.69,2.69,2.69,50,0
20090105,2.81,2.81,2.55,2.8,16241,0
20090106,2.57,2.84,2.57,2.63,16005,0
20090107,2.66,2.83,2.65,2.79,23746,0
20090108,2.66,2.81,2.6,2.7,15942,0
20090109,2.74,2.74,2.6,2.74,2898,0
20090112,2.56,2.57,2.53,2.53,763,0
20090113,2.71,2.71,2.48,2.69,1703,0
20090115,2.5,2.58,2.5,2.55,1435,0
20090116,2.55,2.55,2.55,2.55,2289,0
20090119,2.52,2.68,2.52,2.68,6914,0
20090120,2.62,2.66,2.5,2.66,3551,0
20090121,2.5,2.62,2.5,2.62,1251,0
20090122,2.5,2.5,2.5,2.5,50,0
20090123,2.49,2.58,2.49,2.58,9010,0
20090126,2.35,2.4,2.35,2.4,1831,0
20090127,2.44,2.5,2.44,2.47,1169,0
20090128,2.47,2.47,2.25,2.28,4232,0
20090129,2.26,2.26,2.2,2.2,8472,0
20090130,2.2,2.27,1.97,2.04,18653,0
20090202,2,2,1.95,1.95,1715,0
20090203,1.94,1.94,1.77,1.91,1873,0
20090204,1.92,1.93,1.85,1.92,4022,0
20090205,1.92,2.14,1.91,2.02,93944,0
20090206,2.14,2.2,2.1,2.19,18319,0
20090209,2.22,2.22,2.18,2.19,558,0
20090210,2.22,2.23,2.11,2.23,3859,0
20090211,2.19,2.19,2.19,2.19,19,0
20090212,2.12,2.39,2.12,2.35,1329,0
20090216,2.26,2.4,2.12,2.39,15001,0
20090217,2.25,2.36,2.1,2.1,2521,0
20090218,2.4,2.4,2.07,2.12,2740,0
20090219,2.34,2.34,2.34,2.34,15,0
20090220,2.05,2.31,2.05,2.09,906,0
20090223,2.06,2.12,2.06,2.12,257,0
20090224,2.06,2.27,2.05,2.27,9262,0
20090225,2.05,2.2,2.05,2.2,1010,0
20090226,2.03,2.3,2.02,2.3,11511,0
20090227,2.08,2.29,2.08,2.25,11729,0
20090302,2.3,2.3,2.08,2.21,15315,0
20090304,2.2,2.2,2.08,2.19,4525,0
20090305,2.2,2.2,2.08,2.19,2500,0
20090306,2.08,2.17,2.08,2.17,115,0
20090309,2.15,2.5,2.1,2.45,7657,0
20090310,2.48,2.48,2.32,2.48,3360,0
20090311,2.47,2.48,2.32,2.48,5220,0
20090312,2.45,2.45,2.31,2.45,2235,0
20090313,2.28,2.4,2.22,2.22,23561,0
20090316,2.36,2.42,2.3,2.38,8796,0
20090317,2.26,2.39,2.24,2.39,7192,0
20090318,2.38,2.4,2.29,2.4,7552,0
20090319,2.3,2.43,2.28,2.29,4692,0
20090320,2.31,2.39,2.23,2.38,23753,0
20090323,2.37,2.37,2.3,2.37,3507,0
20090324,2.37,2.41,2.32,2.36,11264,0
20090325,2.34,2.4,2.34,2.4,16036,0
20090326,2.39,2.47,2.39,2.4,11076,0
20090327,2.4,2.6,2.4,2.55,61977,0
20090330,2.55,2.66,2.49,2.49,3786,0
20090331,2.43,2.55,2.34,2.47,3769,0
20090401,2.38,2.5,2.35,2.35,12890,0
20090402,2.5,2.5,2.44,2.44,2099,0
20090403,2.55,2.55,2.38,2.38,9539,0
20090406,2.44,2.44,2.36,2.4,11321,0
20090407,2.36,2.43,2.35,2.43,1513,0
20090408,2.38,2.47,2.38,2.47,11608,0
20090409,2.47,2.49,2.4,2.4,27810,0
20090414,2.48,2.55,2.43,2.55,22300,0
20090415,2.55,2.55,2.46,2.55,3422,0
20090416,2.51,2.55,2.49,2.55,6930,0
20090417,2.5,2.68,2.31,2.45,33592,0
20090420,2.35,2.48,2.25,2.25,7189,0
20090421,2.34,2.34,2.25,2.29,7767,0
20090422,2.31,2.45,2.3,2.38,11251,0
20090423,2.3,2.38,2.29,2.3,11820,0
20090424,2.3,2.37,2.27,2.35,87555,0
20090427,2.34,2.34,2.3,2.3,3953,0
20090428,2.3,2.36,2.29,2.35,8537,0
20090429,2.38,2.4,2.32,2.4,6971,0
20090430,2.37,2.48,2.34,2.48,16693,0
20090504,2.49,2.5,2.4,2.5,21844,0
20090505,2.38,2.52,2.38,2.52,22287,0
20090506,2.45,2.76,2.45,2.73,45351,0
20090507,2.72,2.72,2.47,2.65,20742,0
20090508,2.7,2.73,2.66,2.73,7914,0
20090511,2.76,2.83,2.66,2.83,35234,0
20090512,2.75,2.83,2.73,2.83,20367,0
20090513,2.84,2.86,2.72,2.86,23787,0
20090514,2.84,3.2,2.84,3.02,132785,0
20090515,3.03,3.09,2.9,3.04,64849,0
20090518,3,3.08,2.95,3.03,31419,0
20090519,3.1,3.12,2.93,3.12,29090,0
20090520,3.17,3.17,2.99,3,36632,0
20090521,3,3.1,2.85,3.07,16897,0
20090522,3.05,3.18,2.89,3.05,14191,0
20090525,3.08,3.13,2.89,3.02,13205,0
20090526,2.96,3.05,2.87,3.05,3936,0
20090527,3,3,3,3,5307,0
20090528,3,3.15,2.93,2.99,39037,0
20090529,3,3.06,3,3.06,43452,0
20090601,3.06,3.27,3.01,3.27,81626,0
20090602,3.27,3.4,3.27,3.35,24935,0
20090603,3.34,3.65,3.2,3.6,37309,0
20090604,3.7,3.95,3.64,3.95,40733,0
20090605,3.93,4.23,3.76,4.13,61683,0
20090608,4.1,4.1,3.83,4.01,4745,0
20090609,4.01,4.1,3.8,3.98,15359,0
20090610,4.1,4.14,3.9,4.03,13553,0
20090612,3.9,4.05,3.88,3.96,24145,0
20090615,3.96,4.03,3.87,4.02,4248,0
20090616,3.99,4.02,3.89,4.02,5687,0
20090617,3.9,3.97,3.82,3.82,4638,0
20090618,3.88,3.88,3.64,3.8,15173,0
20090619,3.69,4.16,3.69,4.01,36765,0
20090622,4.08,4.13,3.83,3.83,8289,0
20090623,3.81,3.88,3.8,3.88,7358,0
20090624,3.88,3.95,3.82,3.95,1365,0
20090625,3.82,3.9,3.82,3.85,9317,0
20090626,3.8,4.2,3.77,4.18,44701,0
20090629,4.22,4.39,4.17,4.18,48563,0
20090630,4.27,4.31,4.03,4.24,95054,0
20090701,4.04,4.22,4.04,4.22,51521,0
20090702,4.08,4.34,4.04,4.34,71795,0
20090703,4.18,4.77,4.15,4.76,110491,0
20090706,4.7,5.12,4.59,5.02,63207,0
20090707,4.71,5.39,4.71,5.25,23888,0
20090708,5.2,5.6,5.02,5.59,44249,0
20090709,5.6,6.05,5.6,5.99,51394,0
20090710,6,6,5.56,5.87,29509,0
20090713,5.83,6.29,5.61,6.17,42468,0
20090714,6.27,6.45,5.7,5.7,31481,0
20090715,5.7,5.7,4.95,4.99,78060,0
20090716,5.01,5.17,4.95,4.95,25790,0
20090717,4.82,4.88,4.51,4.52,37230,0
20090720,4.54,4.84,4.27,4.3,45458,0
20090721,4.43,4.75,4.31,4.69,30091,0
20090722,4.71,5.09,4.67,4.92,41125,0
20090723,5,5.1,4.9,4.95,21334,0
20090724,4.83,5.3,4.72,5.25,45386,0
20090727,5.19,5.19,4.92,5.09,25184,0
20090728,4.94,5.11,4.92,5,6712,0
20090729,4.82,5,4.82,4.93,14026,0
20090730,4.83,4.96,4.6,4.96,18671,0
20090731,4.95,5,4.8,4.81,12467,0
20090803,4.95,4.95,4.66,4.84,7460,0
20090804,4.86,4.88,4.71,4.71,2125,0
20090805,4.68,4.93,4.51,4.92,25247,0
20090806,4.82,5,4.82,5,17766,0
20090807,5,5,4.97,4.97,4432,0
20090810,4.95,4.95,4.66,4.8,8686,0
20090811,4.75,4.8,4.72,4.8,3454,0
20090812,4.78,4.78,4.78,4.78,118,0
20090813,4.75,4.99,4.72,4.72,3584,0
20090814,4.93,4.95,4.83,4.94,7258,0
20090817,4.94,4.95,4.71,4.72,8001,0
20090818,4.89,4.9,4.62,4.83,24269,0
20090819,4.8,4.86,4.68,4.75,14244,0
20090820,4.7,4.74,4.66,4.7,4615,0
20090821,4.75,4.75,4.61,4.7,7819,0
20090824,4.65,4.75,4.6,4.7,5408,0
20090825,4.65,4.75,4.56,4.59,28588,0
20090826,4.46,4.59,4.44,4.45,10520,0
20090827,4.41,4.6,4.41,4.6,13786,0
20090828,4.6,4.6,4.58,4.58,345,0
20090831,4.59,4.68,4.45,4.67,4996,0
20090901,4.4,4.4,4.14,4.21,18196,0
20090902,4.2,4.25,3.91,4.25,38601,0
20090903,4.21,4.35,4.21,4.3,8682,0
20090904,4.25,4.83,4.25,4.8,17124,0
20090907,4.79,4.88,4.65,4.8,4182,0
20090908,4.87,4.94,4.71,4.94,19965,0
20090909,4.9,5,4.85,4.92,19195,0
20090910,4.88,5.14,4.88,5.13,24072,0
20090911,5.02,5.48,5.02,5.4,36598,0
20090914,5.4,5.4,5.14,5.4,9256,0
20090915,5.43,5.6,5.28,5.59,20494,0
20090916,5.6,5.69,5.45,5.61,12920,0
20090917,5.68,5.8,5.47,5.68,25081,0
20090918,5.59,5.99,5.46,5.99,32297,0
20090921,5.89,6.12,5.77,6.06,36861,0
20090922,6,6.2,5.88,6.17,34512,0
20090923,6.19,6.45,6.02,6.3,44025,0
20090924,6.16,6.53,6,6.44,48111,0
20090925,6.5,6.71,6.35,6.69,43707,0
20090928,6.3,6.68,6.13,6.27,9620,0
20090929,6.1,6.24,5.85,6.11,11869,0
20090930,6.19,6.28,5.82,6.1,14797,0
20091001,6.2,6.2,6,6.15,6463,0
20091002,6.02,6.19,5.99,6.17,20809,0
20091005,6.16,7.3,6.1,6.7,53957,0
20091006,6.7,7.03,6.62,6.92,20253,0
20091007,6.96,7.5,6.8,7.15,32841,0
20091008,7.18,7.59,7.18,7.45,29959,0
20091009,7.2,7.79,6.84,7.64,123025,0
20091012,7.98,8,7.35,7.85,77241,0
20091013,8,8.1,7.23,8.05,76608,0
20091014,8.05,8.7,8,8.69,20115,0
20091015,8.79,9.2,8.71,9.1,34870,0
20091016,9.11,9.16,8.3,8.99,73614,0
20091019,9,9,8.3,8.3,27698,0
20091020,8.25,8.25,7.6,8.1,24432,0
20091021,7.78,8.34,7.78,8.3,36504,0
20091022,8.36,9.43,8.36,9,138396,0
20091023,9.18,9.25,8.6,8.8,52854,0
20091026,8.9,8.98,8.61,8.82,13528,0
20091027,8.5,9.15,8.5,8.97,19100,0
20091028,8.67,8.98,8.61,8.78,14251,0
20091029,8.78,8.78,8.05,8.4,15265,0
20091030,8.5,8.58,7.66,8.58,49387,0
20091102,8.15,8.65,7.8,8.5,17090,0
20091103,8.78,9.1,8.5,9,45250,0
20091104,9,9,8.25,8.35,36240,0
20091105,8.55,8.8,7.7,8.1,124865,0
20091106,8.1,8.21,7.7,8.09,23033,0
20091109,8.1,8.35,7.87,8.13,10810,0
20091110,8,8.26,8,8.1,6869,0
20091112,8.03,8.03,7.71,7.95,8774,0
20091113,7.73,7.97,7.71,7.89,3701,0
20091116,7.9,8,7.2,7.32,40314,0
20091117,7.32,7.87,6.8,7.64,49007,0
20091118,7.64,7.93,7.39,7.49,15559,0
20091119,7.21,7.6,7.21,7.58,5361,0
20091120,7.49,7.5,7.31,7.5,5437,0
20091123,7.7,7.75,7.02,7.18,27170,0
20091124,7.16,7.5,7.16,7.3,13797,0
20091125,7.3,7.4,7,7.4,14660,0
20091126,7.39,7.39,7,7,8043,0
20091127,6.91,6.99,6.6,6.7,20516,0
20091130,6.72,7.11,6.72,6.85,5386,0
20091201,6.89,6.9,6.59,6.59,10900,0
20091202,6.59,6.78,6.43,6.69,12774,0
20091203,6.72,6.89,6.5,6.67,7004,0
20091204,6.51,6.63,6.43,6.62,4706,0
20091207,6.6,6.65,6.36,6.43,14191,0
20091208,6.32,6.44,6,6.11,27057,0
20091209,6.02,6.04,5.55,5.55,30568,0
20091210,5.55,5.8,5.25,5.72,20130,0
20091211,5.55,6.03,5.55,6.03,7119,0
20091214,6.09,6.44,6.09,6.39,24711,0
20091215,6.5,6.77,6.33,6.77,32065,0
20091216,6.88,7.33,6.8,7.14,25283,0
20091217,7.27,7.31,6.75,6.75,18568,0
20091218,6.42,7.1,6.35,7.1,16046,0
20091221,7.22,7.23,6.61,7.17,24811,0
20091222,7.2,7.2,6.72,6.75,27755,0
20091223,7.08,7.3,6.85,7.3,37851,0
20091228,7.35,7.5,7.13,7.3,13569,0
20091229,7.15,7.3,7.06,7.28,11044,0
20091230,7.02,7.3,7,7.2,8342,0
20091231,7.01,7.05,6.95,7.05,3090,0
20100104,6.91,7.3,6.91,7.19,5844,0
20100105,7.02,7.18,6.58,6.69,19726,0
20100106,6.71,6.95,6.71,6.91,5198,0
20100107,6.89,7.2,6.63,6.91,20300,0
20100108,6.81,7.1,6.8,6.92,5215,0
20100111,6.76,7.31,6.76,7.3,45362,0
20100112,7.2,7.31,7.1,7.19,22732,0
20100113,6.86,7.2,6.86,7.2,10345,0
20100114,7.19,7.19,6.77,6.98,15026,0
20100115,6.97,7.31,6.28,7.24,259696,0
20100118,7.23,7.23,6.77,6.8,48085,0
20100119,6.92,6.94,6.69,6.85,30140,0
20100120,6.7,6.89,6.31,6.4,86208,0
20100121,6.3,6.7,6.21,6.7,40950,0
20100122,6.57,6.75,6.48,6.74,13162,0
20100125,6.55,6.71,6.55,6.71,325,0
20100126,6.7,6.75,6.45,6.66,30568,0
20100127,6.7,6.79,6.51,6.79,13602,0
20100128,6.79,6.95,6.75,6.93,21980,0
20100129,6.58,7.07,6.58,7.07,9793,0
20100201,6.77,7.19,6.77,7.15,10443,0
20100202,7.15,7.15,6.95,7.14,4147,0
20100203,6.96,7.12,6.91,7.12,4853,0
20100204,6.91,7.09,6.85,7.09,14238,0
20100205,6.8,7.05,6.77,7,2904,0
20100208,6.74,7,6.74,7,820,0
20100209,6.72,6.97,6.68,6.68,4996,0
20100210,6.68,6.9,6.57,6.9,4628,0
20100211,6.9,6.98,6.67,6.72,3140,0
20100212,6.94,7,6.69,6.94,13747,0
20100215,6.94,6.99,6.75,6.95,2772,0
20100216,6.99,7.15,6.8,7,12477,0
20100217,7,7.14,6.8,7,14768,0
20100218,6.9,7,6.82,7,5329,0
20100219,7,7.05,6.77,6.77,13422,0
20100222,7,7.03,6.6,6.8,11520,0
20100223,6.58,6.99,6.58,6.97,16877,0
20100224,6.99,7.05,6.83,7.05,34206,0
20100225,7,7.09,6.9,7.05,25980,0
20100226,7,7.05,6.95,7.05,3265,0
20100301,6.92,7.09,6.92,7.09,7445,0
20100302,7.08,7.08,6.81,7,10713,0
20100303,6.82,7.15,6.8,7,26395,0
20100304,7,7,6.83,7,10551,0
20100305,7.05,7.08,7,7.02,7034,0
20100308,7.05,7.05,6.91,7.02,3949,0
20100309,6.91,7,6.89,6.98,1663,0
20100310,7.03,7.15,6.9,7.02,20904,0
20100311,7.02,7.72,7.02,7.54,155197,0
20100312,7.72,8.28,7.72,8.16,82847,0
20100315,8.17,8.5,7.9,8.35,32624,0
20100316,8.34,8.73,8.07,8.2,22535,0
20100317,8.2,8.68,8.2,8.62,29639,0
20100318,8.63,8.95,8.41,8.95,37186,0
20100319,8.97,9.15,8.81,9.15,28448,0
20100322,9.2,9.48,8.92,9.2,25351,0
20100323,8.92,9.2,8.5,8.66,12012,0
20100324,8.65,8.65,8.05,8.5,24366,0
20100325,8.5,9.1,8.5,9.07,27048,0
20100326,9.1,9.3,9.09,9.23,19534,0
20100329,9.3,9.3,8.61,8.85,7175,0
20100330,9,9,8.8,8.9,43189,0
20100331,8.99,9.2,8.71,8.97,35687,0
20100401,9.1,9.55,8.9,9.24,27482,0
20100406,9.05,9.5,9.05,9.44,7389,0
20100407,9.35,9.4,9.05,9.2,5119,0
20100408,9.02,9.02,8.4,8.77,53375,0
20100409,8.47,9.39,8.47,9.38,75605,0
20100412,9.2,9.6,9.2,9.5,48371,0
20100413,9.7,9.75,9.38,9.5,14401,0
20100414,9.55,9.65,9.35,9.6,12567,0
20100415,9.68,9.68,9.12,9.5,8906,0
20100416,9.17,9.5,9.17,9.48,12145,0
20100419,9.2,9.4,8.9,9.34,24640,0
20100420,9.34,9.34,8.68,8.7,55128,0
20100421,8.97,8.97,8.2,8.32,71219,0
20100422,8.48,8.6,8.03,8.5,60967,0
20100423,8.5,9.3,8.35,9.28,31074,0
20100426,9.02,9.88,9.01,9.5,15677,0
20100427,9.42,9.84,9.42,9.78,19162,0
20100428,9.6,9.78,9.5,9.7,8291,0
20100429,9.77,10.2,9.28,10.09,49987,0
20100430,10.2,10.59,9.71,10.19,16320,0
20100504,10.2,10.33,9.7,9.7,15312,0
20100505,9.7,10.3,9.1,10.2,26195,0
20100506,10.2,10.21,9.91,10.14,20327,0
20100507,9.85,10.05,9.3,9.5,31908,0
20100510,9.59,10.79,9.59,10.44,50018,0
20100511,10.15,10.4,10,10.3,44235,0
20100512,10.3,10.3,10.14,10.14,7786,0
20100513,10.15,10.24,10.15,10.24,2825,0
20100514,10.3,10.69,10,10.53,16975,0
20100517,10.5,10.5,9.92,10.17,17513,0
20100518,9.95,10.16,9.95,10.16,110,0
20100519,9.91,9.91,9.2,9.69,9538,0
20100520,9.89,9.89,9.25,9.25,4217,0
20100521,9.25,9.8,9.2,9.69,18116,0
20100524,9.69,10.6,9.69,10.3,36624,0
20100525,10.29,10.78,10.21,10.7,13733,0
20100526,10.7,11.29,10.7,11.15,32434,0
20100527,11.18,11.18,10.57,10.75,27417,0
20100528,10.75,10.92,10.45,10.73,17888,0
20100531,10.5,10.97,10.4,10.73,13698,0
20100601,10.41,10.69,10.28,10.59,32392,0
20100602,10.49,10.49,10.29,10.29,1493,0
20100604,10.31,10.64,10.12,10.37,18115,0
20100607,10.56,10.56,9.9,10.07,16888,0
20100608,10.2,10.37,9.26,10.37,102370,0
20100609,10.21,10.6,9.6,10.4,27659,0
20100610,10.15,10.15,9.99,10,7084,0
20100611,10.1,10.1,9.35,9.56,21079,0
20100614,9.72,10.08,9.56,10.06,15369,0
20100615,10.08,10.2,10,10,16328,0
20100616,9.76,10.28,9.76,10.14,25966,0
20100617,10.13,10.13,9.86,10.13,162,0
20100618,10.15,10.15,9.61,9.64,3984,0
20100621,10.15,10.15,9.65,9.99,7163,0
20100622,9.68,9.88,9.4,9.5,12674,0
20100623,9.32,9.75,9.29,9.32,6000,0
20100624,9.51,9.65,9.23,9.49,1315,0
20100625,9.5,9.64,8.56,9,27174,0
20100628,9.45,9.45,9,9.21,1955,0
20100629,9.2,9.56,8.8,9,8025,0
20100630,8.85,9.28,8.75,9.1,8907,0
20100701,8.95,8.95,8.66,8.95,3891,0
20100702,9.05,9.92,8.8,9.85,4282,0
20100705,9.9,10.25,9.35,10.1,14687,0
20100706,9.91,10.07,9.77,9.89,9878,0
20100707,9.88,9.99,9.68,9.84,1816,0
20100708,9.99,10.08,9.72,9.96,6939,0
20100709,9.9,10.05,9.76,9.89,1499,0
20100712,9.76,10,9.76,10,4001,0
20100713,9.8,10.1,9.7,9.94,27823,0
20100714,9.98,10,9.7,9.7,7833,0
20100715,9.97,9.97,9.5,9.55,5971,0
20100716,9.5,9.99,9.35,9.9,7352,0
20100719,9.8,9.95,9.45,9.45,11540,0
20100720,9.5,9.74,9.38,9.45,2384,0
20100721,9.6,9.77,9.4,9.4,3639,0
20100722,9.64,9.64,9.25,9.25,13653,0
20100723,9.24,9.44,9,9.29,15198,0
20100726,9.35,9.47,9.16,9.33,6983,0
20100727,9.34,9.34,8.99,8.99,23126,0
20100728,9.12,9.33,9.04,9.14,13888,0
20100729,9.05,9.14,8.93,9.08,13377,0
20100730,8.98,9.05,8.9,9.05,12523,0
20100802,9.02,9.05,8.94,9.05,6094,0
20100803,9.05,9.05,8.76,9,1296,0
20100804,8.99,9.27,8.99,9.1,7025,0
20100805,9.17,9.3,9,9.03,8604,0
20100806,9.01,9.04,8.9,9.01,12061,0
20100809,9.01,9.14,8.95,9.08,2065,0
20100810,9.05,9.05,8.39,8.4,25780,0
20100811,8.5,8.68,8.25,8.28,13176,0
20100812,8.28,8.52,8.28,8.43,6538,0
20100813,8.43,8.85,8.43,8.47,7699,0
20100816,8.49,8.75,8.4,8.64,2965,0
20100817,8.7,8.73,8.3,8.45,5559,0
20100818,8.66,8.67,8.3,8.55,7826,0
20100819,8.5,8.5,8.1,8.28,19074,0
20100820,8.1,8.1,7.9,8.07,16223,0
20100823,8.07,8.3,8.07,8.3,12361,0
20100824,8.1,8.5,8.1,8.37,91498,0
20100825,8.21,8.45,8.2,8.2,11200,0
20100826,8.39,8.39,7.98,8.06,5121,0
20100827,8.2,8.2,7.5,7.5,41246,0
20100830,7.76,8.05,7.75,8,46938,0
20100831,8.14,8.15,7.7,7.85,36464,0
20100901,7.88,7.88,7.35,7.5,33478,0
20100902,7.55,7.58,7.43,7.57,3842,0
20100903,7.6,7.66,7.4,7.55,10436,0
20100906,7.46,7.58,7.43,7.43,66165,0
20100907,7.5,7.5,6.69,7.01,73247,0
20100908,7.19,7.47,7.01,7.2,28895,0
20100909,7.47,7.8,7.26,7.75,85626,0
20100910,7.75,8.08,7.75,7.96,20517,0
20100913,8,8.1,7.58,8,20787,0
20100914,8,8,7.6,7.69,5645,0
20100915,7.68,7.7,7.35,7.7,5454,0
20100916,7.59,7.89,7.42,7.85,4382,0
20100917,7.7,7.89,7.68,7.88,3186,0
20100920,7.89,7.89,7.68,7.75,8113,0
20100921,7.51,7.65,7.45,7.65,10626,0
20100922,7.51,7.61,7.47,7.61,6038,0
20100923,7.46,7.64,7.44,7.64,3843,0
20100924,7.62,8.05,7.55,7.9,10023,0
20100927,7.94,7.95,7.77,7.91,12077,0
20100928,7.93,7.94,7.76,7.91,5198,0
20100929,7.76,7.93,7.76,7.92,4643,0
20100930,7.76,7.94,7.72,7.72,3932,0
20101001,7.72,7.72,7.55,7.63,11342,0
20101004,7.69,7.79,7.64,7.79,2179,0
20101005,7.78,7.78,7.7,7.75,373,0
20101006,7.79,7.89,7.68,7.8,2969,0
20101007,7.75,7.78,7.43,7.7,2590,0
20101008,7.6,7.63,7.46,7.49,6041,0
20101011,7.35,7.5,7.3,7.5,25562,0
20101012,7.57,7.64,7.44,7.58,18412,0
20101013,7.54,7.64,7.48,7.64,16914,0
20101014,7.56,7.58,7.41,7.41,7134,0
20101015,7.41,7.5,7.41,7.47,2965,0
20101018,7.48,7.54,7.37,7.49,3395,0
20101019,7.37,7.54,7.36,7.36,5249,0
20101020,7.35,7.47,7.25,7.45,7013,0
20101021,7.26,7.65,7.26,7.65,11590,0
20101022,7.6,7.6,7.36,7.48,4096,0
20101025,7.46,7.5,7.4,7.49,11370,0
20101026,7.49,7.49,7.38,7.45,849,0
20101027,7.45,7.47,7.37,7.47,762,0
20101028,7.47,7.5,7.36,7.5,12239,0
20101029,7.58,7.58,7.27,7.38,10387,0
20101102,7.3,7.38,7.27,7.36,3710,0
20101103,7.31,7.35,7.2,7.2,8331,0
20101104,7.34,7.34,7.15,7.23,11613,0
20101105,7.28,7.34,7.15,7.34,7134,0
20101108,7.34,7.65,7.34,7.65,19848,0
20101109,7.65,7.91,7.53,7.91,8530,0
20101110,7.93,7.94,7.66,7.75,8085,0
20101112,7.88,7.88,7.57,7.81,11139,0
20101115,7.9,7.9,7.5,7.84,9315,0
20101116,7.46,7.7,6.9,7.37,96684,0
20101117,7.3,7.3,6.98,6.98,27886,0
20101118,7.25,7.25,6.92,6.99,31392,0
20101119,7.1,7.1,6.9,6.98,3888,0
20101122,6.97,6.97,6.37,6.4,106928,0
20101123,6.6,6.65,6.3,6.45,44243,0
20101124,6.47,6.49,6.32,6.4,6067,0
20101125,6.22,6.45,6.22,6.39,7809,0
20101126,6.44,6.5,6.26,6.34,12227,0
20101129,6.17,6.47,6.17,6.37,18628,0
20101130,6.4,6.44,6.05,6.28,7515,0
20101201,6.28,6.43,5.82,6.27,29412,0
20101202,6.26,6.28,5.95,6.04,45378,0
20101203,6,6.18,5.78,5.8,44583,0
20101206,5.93,6.1,5.34,5.48,97450,0
20101207,5.48,5.99,5.31,5.93,141346,0
20101208,6,6.61,5.85,6.61,81533,0
20101209,6.8,7.04,6.7,6.93,81571,0
20101210,6.94,6.94,6.4,6.5,41620,0
20101213,6.53,6.6,6.02,6.26,87683,0
20101214,6.19,6.26,6,6.11,35902,0
20101215,6.11,6.11,5.55,5.78,146735,0
20101216,5.7,5.96,5.58,5.77,33268,0
20101217,5.77,5.77,5.56,5.57,14140,0
20101220,5.6,5.6,5.04,5.1,185774,0
20101221,5.09,5.44,4.91,5.3,52664,0
20101222,5.34,5.6,5.34,5.53,69327,0
20101223,5.58,5.65,5.38,5.38,18921,0
20101227,5.38,5.59,5.33,5.48,19703,0
20101228,5.48,5.48,5.05,5.27,72797,0
20101229,5.3,5.44,5.28,5.39,5890,0
20101230,5.4,5.58,5.33,5.55,30962,0
20101231,5.58,5.75,5.55,5.72,53150,0
20110103,5.75,5.81,5.7,5.75,12681,0
20110104,5.78,5.85,5.64,5.68,17304,0
20110105,5.55,5.55,5.32,5.35,57110,0
20110107,5.37,5.6,5.37,5.55,24235,0
20110110,5.54,5.54,5.25,5.45,64767,0
20110111,5.39,5.58,5.35,5.58,17242,0
20110112,5.6,5.6,5.51,5.53,2251,0
20110113,5.58,5.73,5.35,5.55,18962,0
20110114,5.56,5.64,5.35,5.6,8164,0
20110117,5.47,5.56,5.35,5.52,20497,0
20110118,5.4,5.59,5.33,5.43,12019,0
20110119,5.35,5.96,5.35,5.91,122528,0
20110120,6.07,6.26,5.86,5.99,69620,0
20110121,5.93,5.96,5.77,5.86,13264,0
20110124,5.81,5.88,5.61,5.7,12431,0
20110125,5.74,5.74,5.25,5.62,60260,0
20110126,5.56,5.64,5.38,5.45,58881,0
20110127,5.38,5.54,5.3,5.45,67075,0
20110128,5.36,5.63,5.36,5.6,28084,0
20110131,5.47,5.52,5.4,5.49,23724,0
20110201,5.49,5.6,5.44,5.53,7604,0
20110202,5.4,5.45,5.3,5.39,28208,0
20110203,5.35,5.7,5.33,5.7,60880,0
20110204,5.6,5.97,5.6,5.97,35424,0
20110207,5.97,6.16,5.94,6.09,32613,0
20110208,6.15,6.15,5.91,6.02,12048,0
20110209,6,6,5.72,5.92,23134,0
20110210,6.09,6.1,5.93,6.09,22071,0
20110211,6.09,6.4,6.09,6.3,41078,0
20110214,6.33,6.59,6.3,6.59,30767,0
20110215,6.68,6.96,6.68,6.95,48723,0
20110216,7,7,6.57,6.89,25837,0
20110217,6.89,6.89,6.31,6.62,23862,0
20110218,6.4,6.5,6.13,6.48,38903,0
20110221,6.45,6.98,6.44,6.9,27025,0
20110222,6.92,6.92,6.57,6.88,14374,0
20110223,6.6,6.85,6.6,6.8,4222,0
20110224,6.8,6.85,6.72,6.85,3874,0
20110225,6.98,7.29,6.98,7.06,62815,0
20110228,7.15,7.15,7.06,7.13,14130,0
20110301,7.13,7.13,6.72,6.98,12093,0
20110302,6.65,6.67,6.33,6.4,135220,0
20110303,6.23,6.49,6.23,6.34,13475,0
20110304,6.05,6.27,5.87,5.95,102967,0
20110307,6.03,6.03,5.6,5.64,43513,0
20110308,5.72,5.72,5.66,5.68,11904,0
20110309,5.57,5.65,5.26,5.28,158956,0
20110310,5.28,5.42,5.26,5.39,25737,0
20110311,5.35,5.5,5.35,5.39,11773,0
20110314,5.4,5.5,5.39,5.5,8153,0
20110315,5.44,5.55,4.95,5.24,45994,0
20110316,5.25,5.34,5,5.04,77451,0
20110317,5.19,5.19,4.95,5.04,39689,0
20110318,5.01,5.24,5.01,5.1,65466,0
20110321,5.12,5.22,5.08,5.17,33787,0
20110322,5.15,5.15,5,5.06,20918,0
20110323,4.95,5.1,4.86,5,48097,0
20110324,4.98,4.98,4.54,4.54,131881,0
20110325,4.6,4.88,4.6,4.69,72236,0
20110328,4.69,4.74,4.6,4.61,21944,0
20110329,4.62,4.65,4.3,4.63,233697,0
20110330,4.7,5.58,4.7,5.45,312103,0
20110331,5.43,5.44,5.17,5.39,80749,0
20110401,5.41,5.41,5.24,5.33,19970,0
20110404,5.25,5.44,5.12,5.43,34618,0
20110405,5.45,5.77,5.4,5.77,57793,0
20110406,5.84,5.95,5.69,5.82,68227,0
20110407,5.76,5.76,5.45,5.67,35025,0
20110408,5.59,5.62,5.33,5.41,39289,0
20110411,5.27,5.63,5.15,5.56,47962,0
20110412,5.5,5.79,5.36,5.6,51837,0
20110413,5.69,5.82,5.66,5.8,45365,0
20110414,5.7,5.8,5.7,5.75,5836,0
20110415,5.6,5.75,5.42,5.68,55649,0
20110418,5.52,5.75,5.52,5.62,10435,0
20110419,5.61,5.73,5.45,5.7,18740,0
20110420,5.68,5.68,5.44,5.58,26347,0
20110421,5.52,5.52,5.25,5.45,90906,0
20110426,5.31,5.35,4.96,5.33,129386,0
20110427,5.34,5.35,5.2,5.35,35563,0
20110428,5.34,5.39,5.25,5.35,13093,0
20110429,5.35,5.4,4.96,5.4,22591,0
20110502,5.41,5.41,5.21,5.21,6568,0
20110504,5.21,5.3,5.14,5.3,20101,0
20110505,5.21,5.29,5.18,5.29,1760,0
20110506,5.28,5.29,5.27,5.27,411,0
20110510,5.2,5.3,5.15,5.3,15761,0
20110511,5.25,5.3,5.17,5.17,964,0
20110512,5.18,5.2,5.05,5.2,5104,0
20110513,5.2,5.3,4.68,5.23,17259,0
20110516,4.97,5.21,4.97,5.04,1884,0
20110517,4.95,5.05,4.72,5.04,5250,0
20110519,5.17,5.17,4.98,5.04,1102,0
20110520,4.83,5.03,4.83,4.9,1005,0
20110523,5,5,4.99,4.99,300,0
20110524,4.89,4.96,4.72,4.76,7060,0
20110525,4.75,4.88,4.75,4.84,1155,0
20110526,4.84,4.85,4.73,4.85,5193,0
20110527,4.8,4.9,4.8,4.88,4087,0
20110530,4.81,4.85,4.8,4.85,2981,0
20110531,4.84,4.85,4.75,4.76,3399,0
20110601,4.76,4.89,4.5,4.89,9288,0
20110602,4.8,4.95,4.8,4.94,4706,0
20110603,4.94,5.28,4.94,5.18,30443,0
20110606,5.15,5.15,4.88,5.14,10680,0
20110607,5.14,5.14,5.14,5.14,378,0
20110608,5.06,5.2,4.95,5.14,2370,0
20110609,5.01,5.14,5.01,5.05,2079,0
20110610,5.01,5.1,5.01,5.1,2582,0
20110613,5.02,5.09,4.88,5.09,3828,0
20110614,5.04,5.06,5.04,5.06,651,0
20110615,5.05,5.05,4.6,4.8,36090,0
20110616,4.62,4.87,4.6,4.8,1112,0
20110617,4.64,4.69,4.38,4.53,15049,0
20110620,4.53,4.8,4.53,4.8,17214,0
20110621,4.84,4.99,4.64,4.99,8627,0
20110622,4.99,5,4.99,5,4980,0
20110624,5.03,5.03,4.96,4.96,7000,0
20110627,4.72,4.96,4.57,4.9,1121,0
20110628,4.8,4.88,4.63,4.81,821,0
20110629,4.54,4.8,4.54,4.8,191,0
20110630,4.79,4.96,4.79,4.96,1159,0
20110701,4.72,4.79,4.65,4.65,2719,0
20110704,4.78,4.78,4.53,4.7,1270,0
20110705,4.7,4.7,4.55,4.55,2329,0
20110706,4.55,4.66,4.55,4.66,1240,0
20110707,4.66,4.67,4.41,4.67,5061,0
20110708,4.68,4.68,4.68,4.68,1,0
20110711,4.41,4.64,4.3,4.46,9547,0
20110712,4.34,4.64,4.34,4.64,3000,0
20110713,4.45,4.5,4.45,4.5,1178,0
20110714,4.64,4.64,4.64,4.64,5,0
20110715,4.64,4.75,4.64,4.75,1162,0
20110719,4.34,4.5,4.34,4.4,4068,0
20110720,4.31,4.6,4.04,4.59,16419,0
20110721,4.56,4.56,4.26,4.49,2726,0
20110722,4.49,4.5,4.22,4.5,1629,0
20110725,4.26,4.5,4.26,4.5,1490,0
20110726,4.19,4.45,4.19,4.45,170,0
20110727,4.45,4.45,4.45,4.45,150,0
20110728,4.44,4.44,4.11,4.44,22706,0
20110729,4.16,4.4,4.16,4.23,110,0
20110801,4.11,4.34,4.1,4.33,1955,0
20110802,4.38,4.38,4.1,4.27,2941,0
20110803,4.06,4.27,3.86,4.2,14113,0
20110805,3.66,3.9,3.6,3.86,8471,0
20110808,3.65,3.65,3.32,3.32,9669,0
20110809,3.13,3.39,2.9,2.97,20584,0
20110810,3.27,3.38,3.01,3.01,11681,0
20110811,2.85,3.12,2.85,3.12,7142,0
20110812,3.14,3.3,3.01,3.27,8680,0
20110816,3.29,3.38,3.12,3.25,6188,0
20110817,3.25,3.25,3.13,3.24,5632,0
20110818,3.29,3.29,3.05,3.1,3522,0
20110819,3,3.09,3,3.09,4602,0
20110823,3,3.25,3,3.25,11400,0
20110824,3.07,3.55,3.07,3.5,17355,0
20110825,3.5,3.68,3.36,3.68,6528,0
20110826,3.38,3.69,3.38,3.69,1491,0
20110829,3.36,3.7,3.36,3.7,2990,0
20110830,3.65,3.74,3.65,3.74,2671,0
20110831,3.86,4.09,3.86,4.09,8389,0
20110901,4.05,4.05,3.75,3.99,2011,0
20110902,3.71,4.2,3.71,4.2,9457,0
20110905,4.19,4.19,4.19,4.19,20,0
20110906,4,4,3.8,3.8,1110,0
20110907,3.8,3.8,3.8,3.8,1000,0
20110908,4.04,4.06,3.85,3.95,7397,0
20110912,3.81,3.85,3.61,3.85,2235,0
20110913,3.51,3.55,3.44,3.44,15542,0
20110914,3.3,3.3,3.1,3.29,18098,0
20110915,3.19,3.32,3.04,3.04,12592,0
20110916,3.02,3.09,3,3,10154,0
20110921,2.98,2.99,2.98,2.99,245,0
20110922,2.98,2.98,2.98,2.98,500,0
20110923,2.96,2.96,2.63,2.8,8766,0
20110926,2.8,2.95,2.8,2.95,1801,0
20110927,3,3.05,3,3,8860,0
20110930,2.8,3,2.8,3,8279,0
20111003,2.71,3,2.71,3,710,0
20111006,2.8,3,2.8,3,4021,0
20111007,2.82,2.95,2.82,2.95,1280,0
20111010,2.91,2.91,2.81,2.82,1143,0
20111012,2.9,3,2.7,3,1752,0
20111013,2.73,2.91,2.72,2.91,3685,0
20111014,2.9,2.91,2.9,2.91,1090,0
20111017,3,3,2.79,2.95,3748,0
20111018,2.96,2.96,2.71,2.71,4320,0
20111019,2.73,2.76,2.65,2.76,13877,0
20111020,2.52,2.69,2.5,2.52,20050,0
20111021,2.71,2.74,2.55,2.72,776,0
20111024,2.74,2.77,2.74,2.77,650,0
20111025,2.78,2.78,2.57,2.71,1581,0
20111026,2.58,2.74,2.58,2.61,3040,0
20111027,2.69,2.69,2.49,2.55,7477,0
20111028,2.59,2.6,2.46,2.55,13050,0
20111031,2.48,2.51,2.45,2.51,29413,0
20111102,2.56,2.56,2.33,2.33,5001,0
20111103,2.33,2.35,2.2,2.25,7266,0
20111104,2.45,2.45,2.27,2.4,1200,0
20111107,2.4,2.4,2.26,2.35,4151,0
20111108,2.4,2.54,2.32,2.54,4830,0
20111109,2.42,2.52,2.4,2.5,2313,0
20111110,2.49,2.49,2.28,2.42,2843,0
20111114,2.42,2.42,2.42,2.42,325,0
20111115,2.31,2.44,2.26,2.44,2201,0
20111118,2.39,2.39,2.39,2.39,120,0
20111121,2.26,2.36,2.16,2.3,5931,0
20111122,2.42,2.42,2.19,2.19,125,0
20111123,2.38,2.38,2.16,2.36,6613,0
20111124,2.36,2.36,2.2,2.35,32,0
20111125,2.2,2.34,2.2,2.34,2641,0
20111129,2.18,2.32,2.16,2.32,5502,0
20111130,2.18,2.34,2.18,2.34,5607,0
20111201,2.23,2.36,2.23,2.36,4000,0
20111202,2.39,2.39,2.22,2.35,6696,0
20111205,2.35,2.35,2.3,2.35,9601,0
20111206,2.29,2.29,2.29,2.29,7050,0
20111207,2.29,2.38,2.29,2.29,3825,0
20111208,2.38,2.38,2.38,2.38,1,0
20111209,2.18,2.29,2.18,2.29,4501,0
20111212,2.25,2.29,2.25,2.29,700,0
20111213,2.19,2.3,2.19,2.3,1216,0
20111214,2.3,2.37,2.18,2.33,3844,0
20111219,2.15,2.27,2.1,2.26,10822,0
20111221,2.1,2.27,2.1,2.27,6540,0
20111222,2.25,2.3,2.16,2.3,15000,0
20111223,2.35,2.35,2.2,2.34,16703,0
20111227,2.21,2.34,2.19,2.34,5568,0
20111228,2.23,2.31,2.22,2.31,5500,0
20111229,2.21,2.33,2.21,2.33,14722,0
20111230,2.33,2.33,2.2,2.2,11839,0
20120102,2.28,2.28,2.15,2.25,1963,0
20120103,2.33,2.33,2.18,2.18,1502,0
20120104,2.04,2.23,2.04,2.23,10069,0
20120105,2.23,2.23,2.13,2.19,1263,0
20120109,2.17,2.17,2.08,2.17,2100,0
20120110,2.14,2.15,2.08,2.08,1629,0
20120111,2.11,2.11,2.11,2.11,2,0
20120112,2.11,2.19,2.11,2.19,609,0
20120113,2.18,2.18,2.15,2.15,1750,0
20120116,2.17,2.23,2.17,2.23,1395,0
20120117,2.23,2.35,2.22,2.35,19166,0
20120118,2.33,2.33,2.3,2.3,1001,0
20120119,2.33,2.5,2.31,2.39,24575,0
20120120,2.42,2.42,2.3,2.37,4146,0
20120123,2.38,2.4,2.38,2.4,176,0
20120124,2.42,2.42,2.42,2.42,3,0
20120125,2.42,2.42,2.35,2.39,1011,0
20120126,2.35,2.48,2.3,2.42,21409,0
20120127,2.42,2.43,2.42,2.43,2456,0
20120130,2.42,2.65,2.42,2.65,26947,0
20120131,2.7,3.12,2.7,3.07,63369,0
20120201,3.15,3.46,3.14,3.36,55935,0
20120202,3.22,3.28,3.15,3.26,14714,0
20120203,3.3,3.3,3.07,3.07,5641,0
20120206,3,3,2.86,2.88,20728,0
20120207,2.89,3,2.89,2.89,25928,0
20120208,3.03,3.03,2.79,2.84,26028,0
20120209,2.84,2.86,2.7,2.7,26755,0
20120210,2.77,2.77,2.5,2.54,27009,0
20120213,2.54,2.68,2.52,2.59,47648,0
20120214,2.61,2.65,2.54,2.58,11452,0
20120215,2.58,2.73,2.5,2.73,107181,0
20120216,2.75,2.83,2.6,2.68,26492,0
20120217,2.68,2.82,2.68,2.8,36807,0
20120220,2.84,2.84,2.7,2.79,15979,0
20120221,2.75,2.75,2.67,2.75,6482,0
20120222,2.73,2.73,2.5,2.55,18947,0
20120223,2.6,2.6,2.34,2.43,50042,0
20120224,2.42,2.49,2.37,2.49,6414,0
20120227,2.46,2.53,2.45,2.53,3315,0
20120228,2.53,2.6,2.45,2.57,3460,0
20120229,2.58,2.58,2.36,2.43,15469,0
20120301,2.45,2.51,2.4,2.47,14860,0
20120302,2.48,2.48,2.41,2.48,6718,0
20120305,2.48,2.48,2.39,2.42,2455,0
20120306,2.44,2.44,2.21,2.38,21521,0
20120307,2.41,2.56,2.38,2.38,33709,0
20120308,2.4,2.54,2.39,2.44,15170,0
20120309,2.4,2.45,2.4,2.44,3098,0
20120312,2.46,2.46,2.4,2.4,4282,0
20120313,2.4,2.45,2.38,2.41,9208,0
20120314,2.41,2.42,2.38,2.42,3987,0
20120315,2.45,2.45,2.31,2.34,5910,0
20120316,2.27,2.58,2.27,2.38,128819,0
20120319,2.4,2.67,2.4,2.67,99783,0
20120320,2.74,2.76,2.51,2.52,53011,0
20120321,2.3,2.39,2.3,2.35,47038,0
20120322,2.39,2.39,2.1,2.2,48251,0
20120323,2.2,2.21,2.16,2.2,4361,0
20120326,2.3,2.31,2.15,2.29,25204,0
20120327,2.28,2.28,2.06,2.07,46717,0
20120328,2.12,2.2,1.8,1.85,91299,0
20120329,1.85,1.85,1.7,1.7,59692,0
20120330,1.7,1.79,1.53,1.53,75165,0
20120402,1.51,1.81,1.51,1.75,157364,0
20120403,1.78,1.78,1.55,1.7,40000,0
20120404,1.57,1.78,1.55,1.71,28338,0
20120405,1.74,1.74,1.57,1.59,28399,0
20120410,1.57,1.57,1.35,1.38,81334,0
20120411,1.38,1.38,1.25,1.36,54100,0
20120412,1.4,1.4,1.27,1.3,49405,0
20120413,1.3,1.3,1.2,1.2,103799,0
20120416,1.2,1.2,1.08,1.11,111705,0
20120417,1.08,1.22,1.06,1.19,54856,0
20120418,1.2,1.27,1.12,1.27,81515,0
20120419,1.29,1.34,1.24,1.24,62113,0
20120420,1.31,1.31,1.17,1.17,33050,0
20120423,1.24,1.24,0.99,1,80429,0
20120424,1,1.15,0.96,1.06,166549,0
20120425,1.06,1.34,1.06,1.29,128858,0
20120426,1.31,1.43,1.18,1.19,145470,0
20120427,1.26,1.3,1.22,1.27,29009,0
20120430,1.28,1.36,1.15,1.36,133443,0
20120502,1.36,1.46,1.33,1.4,52839,0
20120504,1.43,1.43,1.31,1.41,20146,0
20120507,1.4,1.4,1.3,1.34,13019,0
20120508,1.26,1.34,1.22,1.27,29717,0
20120509,1.22,1.29,1.18,1.27,20980,0
20120510,1.26,1.28,1.18,1.2,27539,0
20120511,1.22,1.23,1.08,1.15,46235,0
20120514,1.09,1.13,1.04,1.05,39519,0
20120515,1.01,1.06,1,1.06,47782,0
20120516,1,1.06,0.97,1.03,55191,0
20120517,0.99,1.02,0.89,0.9,35738,0
20120518,0.87,0.9,0.8,0.9,145664,0
20120521,0.85,0.85,0.81,0.82,107810,0
20120522,0.85,0.86,0.82,0.86,41186,0
20120523,0.84,0.84,0.77,0.77,51362,0
20120524,0.76,0.77,0.68,0.68,93697,0
20120525,0.68,0.68,0.58,0.62,380624,0
20120528,0.61,0.61,0.49,0.49,580360,0
20120529,0.51,0.62,0.51,0.61,727675,0
20120530,0.68,0.7,0.54,0.57,476218,0
20120531,0.58,0.6,0.54,0.58,200129,0
20120601,0.56,0.59,0.55,0.59,83374,0
20120604,0.58,0.58,0.55,0.56,64616,0
20120605,0.54,0.54,0.45,0.54,138869,0
20120606,0.52,0.57,0.51,0.57,99162,0
20120608,0.57,0.57,0.53,0.57,22381,0
20120611,0.57,0.57,0.49,0.53,108865,0
20120612,0.53,0.53,0.5,0.5,46461,0
20120613,0.5,0.5,0.47,0.47,102706,0
20120614,0.47,0.49,0.45,0.47,80952,0
20120615,0.47,0.47,0.44,0.47,48953,0
20120618,0.45,0.49,0.44,0.47,50816,0
20120619,0.47,0.48,0.46,0.48,10272,0
20120620,0.49,0.49,0.45,0.47,8402,0
20120621,0.47,0.48,0.45,0.47,24313,0
20120622,0.46,0.47,0.45,0.45,47247,0
20120625,0.47,0.47,0.43,0.44,21988,0
20120626,0.46,0.46,0.38,0.4,136527,0
20120627,0.4,0.4,0.38,0.39,87990,0
20120628,0.39,0.39,0.35,0.36,99049,0
20120629,0.38,0.4,0.37,0.4,49654,0
20120702,0.4,0.48,0.39,0.46,277724,0
20120703,0.47,0.47,0.39,0.4,156526,0
20120704,0.42,0.42,0.38,0.4,76508,0
20120705,0.4,0.4,0.38,0.39,68698,0
20120706,0.39,0.39,0.37,0.39,42793,0
20120709,0.39,0.39,0.36,0.38,33696,0
20120710,0.37,0.37,0.35,0.36,47351,0
20120711,0.37,0.37,0.37,0.37,9260,0
20120712,0.37,0.38,0.36,0.36,15320,0
20120713,0.36,0.37,0.35,0.36,16522,0
20120716,0.37,0.37,0.32,0.33,100135,0
20120717,0.34,0.34,0.33,0.33,23854,0
20120718,0.34,0.34,0.29,0.33,38513,0
20120719,0.32,0.32,0.29,0.31,51947,0
20120720,0.31,0.31,0.28,0.3,128683,0
20120723,0.29,0.29,0.27,0.29,30893,0
20120724,0.29,0.29,0.28,0.29,4002,0
20120725,0.27,0.28,0.26,0.28,11580,0
20120726,0.26,0.28,0.25,0.28,47955,0
20120727,0.28,0.28,0.26,0.27,2827,0
20120730,0.26,0.27,0.25,0.26,34176,0
20120731,0.26,0.26,0.24,0.24,149185,0
20120801,0.24,0.24,0.21,0.21,107024,0
20120802,0.22,0.26,0.22,0.25,166768,0
20120803,0.27,0.27,0.26,0.26,66540,0
20120806,0.25,0.27,0.25,0.27,17794,0
20120807,0.25,0.27,0.25,0.27,4870,0
20120808,0.26,0.27,0.26,0.27,5500,0
20120810,0.26,0.26,0.25,0.25,111,0
20120813,0.26,0.26,0.23,0.24,30902,0
20120814,0.23,0.26,0.23,0.26,5800,0
20120816,0.25,0.26,0.25,0.26,2000,0
20120817,0.25,0.27,0.25,0.27,23900,0
20120820,0.24,0.3,0.24,0.29,62256,0
20120821,0.28,0.31,0.27,0.27,51557,0
20120822,0.27,0.29,0.25,0.29,16103,0
20120823,0.27,0.32,0.27,0.32,76260,0
20120824,0.32,0.37,0.32,0.35,88906,0
20120827,0.35,0.38,0.35,0.38,62002,0
20120828,0.36,0.42,0.34,0.4,190920,0
20120829,0.35,0.39,0.33,0.39,210002,0
20120830,0.38,0.41,0.38,0.41,44211,0
20120831,0.38,0.41,0.38,0.4,8444,0
20120903,0.39,0.39,0.37,0.39,8098,0
20120904,0.35,0.35,0.31,0.34,73194,0
20120905,0.34,0.37,0.34,0.37,12406,0
20120906,0.34,0.36,0.34,0.36,49900,0
20120907,0.36,0.36,0.32,0.34,69730,0
20120912,0.31,0.34,0.3,0.34,8715,0
20120913,0.31,0.34,0.31,0.33,6472,0
20120914,0.33,0.33,0.3,0.32,37378,0
20120917,0.3,0.3,0.27,0.29,73937,0
20120918,0.29,0.31,0.27,0.31,41800,0
20120919,0.28,0.28,0.26,0.27,34172,0
20120920,0.3,0.31,0.3,0.31,22942,0
20120921,0.29,0.31,0.29,0.31,19228,0
20120924,0.28,0.32,0.28,0.32,24735,0
20120926,0.31,0.31,0.3,0.31,4100,0
20120927,0.32,0.32,0.32,0.32,2856,0
20120928,0.31,0.32,0.31,0.31,7000,0
20121001,0.3,0.3,0.28,0.3,21996,0
20121002,0.28,0.31,0.28,0.31,11298,0
20121003,0.29,0.32,0.29,0.32,39759,0
20121004,0.32,0.33,0.3,0.33,55473,0
20121005,0.32,0.33,0.3,0.33,32100,0
20121008,0.33,0.33,0.3,0.31,150287,0
20121009,0.32,0.32,0.3,0.3,52066,0
20121010,0.29,0.29,0.28,0.28,70087,0
20121011,0.29,0.31,0.29,0.3,17258,0
20121015,0.29,0.29,0.28,0.29,40770,0
20121016,0.28,0.3,0.28,0.3,6140,0
20121017,0.29,0.3,0.28,0.3,43273,0
20121018,0.29,0.3,0.29,0.3,5000,0
20121019,0.29,0.29,0.27,0.27,78405,0
20121022,0.27,0.27,0.25,0.26,200836,0
20121023,0.26,0.26,0.25,0.25,26103,0
20121024,0.25,0.26,0.23,0.25,70199,0
20121025,0.25,0.25,0.23,0.25,55250,0
20121026,0.24,0.25,0.23,0.25,30875,0
20121029,0.25,0.27,0.25,0.27,43680,0
20121030,0.25,0.26,0.25,0.25,21057,0
20121031,0.26,0.27,0.26,0.27,11510,0
20121102,0.26,0.26,0.25,0.26,26200,0
20121105,0.25,0.25,0.25,0.25,2640,0
20121106,0.25,0.25,0.25,0.25,3560,0
20121107,0.24,0.25,0.24,0.25,10010,0
20121108,0.25,0.25,0.25,0.25,100,0
20121109,0.24,0.25,0.24,0.25,55126,0
20121112,0.25,0.26,0.24,0.24,49403,0
20121113,0.24,0.24,0.24,0.24,23773,0
20121114,0.24,0.26,0.24,0.25,37464,0
20121115,0.25,0.25,0.25,0.25,10,0
20121116,0.24,0.26,0.24,0.26,15560,0
20121119,0.23,0.25,0.23,0.24,5800,0
20121120,0.24,0.25,0.24,0.25,1999,0
20121121,0.24,0.24,0.24,0.24,9047,0
20121122,0.23,0.24,0.23,0.24,22724,0
20121123,0.24,0.24,0.24,0.24,995,0
20121126,0.22,0.24,0.22,0.23,31215,0
20121127,0.24,0.25,0.24,0.25,680,0
20121128,0.23,0.25,0.23,0.23,24080,0
20121129,0.22,0.24,0.22,0.22,11101,0
20121130,0.22,0.22,0.2,0.2,142673,0
20121203,0.2,0.21,0.2,0.21,17200,0
20121204,0.21,0.21,0.2,0.2,25600,0
20121205,0.21,0.21,0.19,0.19,46745,0
20121206,0.19,0.2,0.18,0.19,47465,0
20121207,0.2,0.2,0.2,0.2,2200,0
20121210,0.19,0.19,0.19,0.19,3000,0
20121211,0.19,0.19,0.19,0.19,20800,0
20121212,0.19,0.19,0.19,0.19,2000,0
20121213,0.19,0.19,0.19,0.19,8170,0
20121214,0.18,0.18,0.18,0.18,8300,0
20121217,0.17,0.17,0.16,0.16,20430,0
20121218,0.16,0.17,0.15,0.15,70603,0
20121219,0.16,0.18,0.16,0.16,31670,0
20121220,0.17,0.17,0.15,0.15,152808,0
20121221,0.16,0.16,0.15,0.15,3264,0
20121227,0.16,0.16,0.14,0.14,101331,0
20121228,0.14,0.15,0.14,0.14,37909,0
20130102,0.15,0.17,0.15,0.17,169034,0
20130103,0.17,0.2,0.17,0.2,316183,0
20130104,0.2,0.25,0.19,0.25,777596,0
20130107,0.26,0.33,0.26,0.33,364322,0
20130108,0.35,0.42,0.35,0.42,1057905,0
20130109,0.44,0.55,0.44,0.55,373175,0
20130110,0.59,0.68,0.4,0.5,2963904,0
20130111,0.5,0.55,0.46,0.49,893729,0
20130114,0.47,0.51,0.45,0.47,319771,0
20130115,0.45,0.48,0.43,0.44,274231,0
20130116,0.43,0.43,0.36,0.36,515179,0
20130117,0.36,0.37,0.33,0.33,264384,0
20130118,0.33,0.45,0.33,0.45,986742,0
20130121,0.5,0.55,0.46,0.49,1840731,0
20130122,0.49,0.51,0.42,0.49,1220665,0
20130123,0.48,0.48,0.45,0.45,400223,0
20130124,0.45,0.47,0.44,0.47,162842,0
20130125,0.47,0.47,0.45,0.47,83954,0
20130128,0.47,0.47,0.44,0.44,48713,0
20130129,0.43,0.45,0.42,0.45,89893,0
20130130,0.45,0.45,0.42,0.43,31102,0
20130131,0.44,0.44,0.4,0.4,89612,0
20130201,0.42,0.43,0.4,0.41,19683,0
20130204,0.42,0.42,0.38,0.4,135487,0
20130205,0.4,0.4,0.37,0.38,44568,0
20130206,0.38,0.38,0.36,0.38,114950,0
20130207,0.38,0.4,0.36,0.4,95941,0
20130208,0.41,0.41,0.39,0.39,57999,0
20130211,0.4,0.41,0.39,0.4,77521,0
20130212,0.41,0.41,0.39,0.41,69886,0
20130213,0.39,0.4,0.38,0.4,14850,0
20130214,0.4,0.4,0.38,0.4,55555,0
20130215,0.39,0.4,0.38,0.4,16000,0
20130218,0.4,0.4,0.39,0.4,38348,0
20130219,0.4,0.4,0.38,0.39,29439,0
20130220,0.39,0.39,0.37,0.39,31991,0
20130221,0.39,0.39,0.38,0.38,12050,0
20130222,0.38,0.39,0.36,0.37,34894,0
20130225,0.37,0.38,0.36,0.37,64859,0
20130226,0.36,0.36,0.35,0.36,25709,0
20130227,0.36,0.43,0.35,0.43,548857,0
20130228,0.44,0.44,0.41,0.41,165885,0
20130301,0.42,0.42,0.39,0.4,40106,0
20130304,0.4,0.4,0.37,0.39,41125,0
20130305,0.39,0.44,0.39,0.41,256320,0
20130306,0.41,0.41,0.39,0.39,48723,0
20130307,0.41,0.42,0.39,0.4,89992,0
20130308,0.4,0.47,0.39,0.43,468541,0
20130311,0.45,0.45,0.39,0.42,303285,0
20130312,0.41,0.41,0.4,0.41,176548,0
20130313,0.41,0.43,0.41,0.43,124826,0
20130314,0.43,0.43,0.4,0.42,89818,0
20130315,0.42,0.42,0.41,0.42,31167,0
20130318,0.42,0.42,0.39,0.41,24211,0
20130319,0.41,0.41,0.4,0.4,22950,0
20130320,0.4,0.4,0.37,0.38,81525,0
20130321,0.38,0.38,0.37,0.38,13822,0
20130322,0.37,0.37,0.35,0.37,88422,0
20130325,0.37,0.37,0.35,0.36,65864,0
20130326,0.36,0.36,0.34,0.35,48555,0
20130327,0.35,0.35,0.34,0.34,2446,0
20130328,0.36,0.36,0.34,0.35,5962,0
20130402,0.36,0.36,0.35,0.35,10822,0
20130403,0.36,0.36,0.35,0.35,1491,0
20130404,0.36,0.36,0.34,0.34,11554,0
20130405,0.35,0.35,0.34,0.34,18762,0
20130408,0.35,0.35,0.33,0.33,20310,0
20130409,0.35,0.35,0.33,0.33,23100,0
20130410,0.34,0.34,0.3,0.3,17326,0
20130411,0.31,0.31,0.3,0.3,7100,0
20130412,0.3,0.3,0.3,0.3,10805,0
20130415,0.32,0.32,0.3,0.3,26700,0
20130417,0.3,0.3,0.3,0.3,6047,0
20130418,0.3,0.3,0.27,0.3,85,0
20130419,0.3,0.3,0.24,0.28,3065,0
20130422,0.28,0.28,0.27,0.27,410,0
20130423,0.26,0.26,0.2,0.2,28909,0
20130424,0.22,0.24,0.2,0.22,27341,0
20130425,0.21,0.21,0.19,0.21,21264,0
20130426,0.2,0.26,0.2,0.26,64178,0
20130429,0.26,0.28,0.24,0.25,72370,0
20130430,0.25,0.26,0.24,0.26,25588,0
20130502,0.25,0.26,0.23,0.26,14259,0
20130506,0.25,0.25,0.22,0.24,67660,0
20130507,0.24,0.24,0.22,0.23,10438,0
20130508,0.23,0.23,0.23,0.23,100,0
20130509,0.22,0.22,0.22,0.22,7141,0
20130510,0.23,0.26,0.22,0.26,187804,0
20130513,0.28,0.31,0.28,0.31,126695,0
20130514,0.32,0.35,0.3,0.33,247657,0
20130515,0.34,0.35,0.32,0.33,131453,0
20130516,0.32,0.32,0.31,0.31,18540,0
20130517,0.33,0.33,0.31,0.33,3210,0
20130520,0.3,0.32,0.3,0.32,41729,0
20130521,0.32,0.32,0.29,0.31,19502,0
20130522,0.3,0.31,0.27,0.29,42804,0
20130523,0.3,0.3,0.27,0.29,26712,0
20130524,0.31,0.31,0.28,0.31,17181,0
20130527,0.31,0.31,0.28,0.3,42831,0
20130528,0.3,0.3,0.27,0.29,36611,0
20130529,0.29,0.29,0.26,0.26,6063,0
20130531,0.28,0.28,0.28,0.28,3001,0
20130603,0.28,0.28,0.28,0.28,1,0
20130604,0.26,0.28,0.26,0.27,9060,0
20130605,0.28,0.28,0.26,0.27,19189,0
20130606,0.28,0.29,0.27,0.29,37628,0
20130607,0.29,0.29,0.29,0.29,1,0
20130610,0.29,0.29,0.28,0.28,6692,0
20130611,0.28,0.28,0.25,0.27,64974,0
20130612,0.27,0.27,0.25,0.26,29747,0
20130613,0.27,0.27,0.27,0.27,919,0
20130614,0.27,0.27,0.25,0.25,34354,0
20130617,0.27,0.27,0.25,0.26,19552,0
20130618,0.26,0.26,0.25,0.25,6886,0
20130619,0.26,0.26,0.25,0.25,4812,0
20130620,0.24,0.25,0.24,0.25,19427,0
20130621,0.26,0.26,0.24,0.26,4244,0
20130624,0.25,0.25,0.23,0.24,12896,0
20130625,0.25,0.25,0.23,0.23,31304,0
20130626,0.23,0.24,0.22,0.23,23102,0
20130627,0.23,0.23,0.22,0.23,5229,0
20130628,0.23,0.23,0.21,0.23,13404,0
20130701,0.23,0.23,0.21,0.22,20125,0
20130702,0.21,0.23,0.21,0.23,11522,0
20130703,0.23,0.25,0.23,0.23,22598,0
20130704,0.24,0.25,0.24,0.25,2501,0
20130705,0.25,0.25,0.25,0.25,3904,0
20130708,0.26,0.26,0.23,0.24,2244,0
20130709,0.23,0.24,0.23,0.24,8369,0
20130710,0.23,0.24,0.23,0.24,1713,0
20130711,0.24,0.24,0.24,0.24,2000,0
20130712,0.24,0.24,0.21,0.21,340,0
20130715,0.24,0.24,0.24,0.24,14005,0
20130716,0.23,0.23,0.21,0.21,17516,0
20130717,0.23,0.23,0.22,0.23,6690,0
20130718,0.23,0.23,0.23,0.23,200,0
20130719,0.23,0.23,0.22,0.23,2086,0
20130722,0.23,0.23,0.2,0.22,48823,0
20130723,0.21,0.22,0.21,0.22,6465,0
20130724,0.22,0.22,0.21,0.21,3000,0
20130725,0.22,0.22,0.2,0.2,7307,0
20130726,0.21,0.21,0.21,0.21,100,0
20130729,0.21,0.21,0.2,0.2,8120,0
20130730,0.21,0.21,0.18,0.18,104076,0
20130731,0.18,0.19,0.18,0.19,13525,0
20130801,0.2,0.2,0.19,0.19,5001,0
20130802,0.2,0.2,0.18,0.19,14105,0
20130805,0.19,0.19,0.19,0.19,19501,0
20130806,0.19,0.19,0.18,0.19,26350,0
20130807,0.19,0.24,0.19,0.21,837249,0
20130808,0.21,0.27,0.2,0.27,1138754,0
20130809,0.29,0.32,0.26,0.27,1561473,0
20130812,0.27,0.28,0.24,0.25,461219,0
20130813,0.25,0.26,0.24,0.25,97034,0
20130814,0.26,0.26,0.24,0.24,23830,0
20130816,0.24,0.25,0.24,0.24,60473,0
20130819,0.25,0.25,0.24,0.24,15875,0
20130820,0.25,0.25,0.24,0.24,10875,0
20130821,0.25,0.25,0.23,0.24,13135,0
20130822,0.25,0.25,0.23,0.24,38073,0
20130823,0.24,0.24,0.21,0.22,41908,0
20130826,0.22,0.23,0.21,0.21,9055,0
20130827,0.22,0.22,0.21,0.21,53698,0
20130828,0.21,0.21,0.21,0.21,8668,0
20130829,0.23,0.23,0.2,0.22,15127,0
20130830,0.22,0.22,0.21,0.21,5020,0
20130902,0.21,0.22,0.2,0.22,20872,0
20130903,0.22,0.22,0.2,0.22,1011,0
20130904,0.21,0.22,0.21,0.21,15723,0
20130905,0.2,0.22,0.2,0.21,28550,0
20130906,0.2,0.2,0.2,0.2,100,0
20130909,0.21,0.22,0.21,0.22,8512,0
20130910,0.22,0.22,0.21,0.22,8900,0
20130911,0.21,0.21,0.21,0.21,2200,0
20130912,0.21,0.22,0.21,0.22,5188,0
20130913,0.21,0.21,0.21,0.21,20,0
20130916,0.21,0.21,0.19,0.21,44820,0
20130917,0.21,0.21,0.2,0.21,38912,0
20130918,0.22,0.26,0.21,0.26,308285,0
20130919,0.26,0.27,0.23,0.24,225685,0
20130920,0.24,0.27,0.22,0.27,651618,0
20130923,0.27,0.27,0.24,0.26,58811,0
20130924,0.25,0.26,0.24,0.26,36418,0
20130925,0.24,0.25,0.24,0.25,11139,0
20130926,0.25,0.26,0.23,0.25,106519,0
20130927,0.25,0.25,0.23,0.23,73649,0
20130930,0.23,0.25,0.23,0.23,58898,0
20131001,0.24,0.24,0.23,0.24,14144,0
20131002,0.23,0.24,0.23,0.24,200,0
20131003,0.24,0.24,0.22,0.24,27087,0
20131004,0.24,0.27,0.23,0.25,573476,0
20131007,0.25,0.28,0.23,0.23,598144,0
20131008,0.23,0.25,0.23,0.24,76692,0
20131009,0.25,0.25,0.23,0.25,4098,0
20131010,0.25,0.26,0.24,0.25,60109,0
20131011,0.25,0.25,0.24,0.25,41141,0
20131014,0.25,0.26,0.24,0.26,29114,0
20131015,0.26,0.29,0.26,0.28,686196,0
20131016,0.3,0.32,0.29,0.31,455033,0
20131017,0.31,0.4,0.31,0.38,525188,0
20131018,0.35,0.38,0.28,0.28,839434,0
20131021,0.28,0.3,0.27,0.28,269034,0
20131022,0.28,0.28,0.25,0.28,538229,0
20131023,0.27,0.28,0.26,0.27,143648,0
20131024,0.26,0.29,0.26,0.28,200535,0
20131025,0.28,0.28,0.26,0.26,285727,0
20131028,0.26,0.26,0.24,0.26,343660,0
20131029,0.26,0.29,0.25,0.28,689181,0
20131030,0.28,0.28,0.26,0.27,111709,0
20131031,0.28,0.28,0.26,0.27,41846,0
20131104,0.28,0.28,0.25,0.25,252926,0
20131105,0.24,0.26,0.24,0.25,293174,0
20131106,0.25,0.25,0.24,0.25,144901,0
20131107,0.25,0.26,0.24,0.24,66500,0
20131108,0.25,0.26,0.24,0.26,28152,0
20131112,0.26,0.26,0.25,0.26,13955,0
20131113,0.26,0.26,0.24,0.24,16520,0
20131114,0.24,0.25,0.23,0.25,59417,0
20131115,0.25,0.25,0.24,0.24,23114,0
20131118,0.24,0.25,0.23,0.24,96029,0
20131119,0.25,0.25,0.23,0.25,32787,0
20131120,0.25,0.25,0.24,0.25,5070,0
20131121,0.25,0.25,0.24,0.24,5740,0
20131122,0.25,0.25,0.24,0.24,3020,0
20131125,0.24,0.25,0.23,0.24,12632,0
20131126,0.24,0.24,0.23,0.24,10192,0
20131127,0.23,0.24,0.23,0.24,600,0
20131128,0.23,0.23,0.21,0.22,120370,0
20131129,0.23,0.23,0.22,0.22,15718,0
20131202,0.23,0.24,0.23,0.23,43988,0
20131203,0.24,0.24,0.24,0.24,100,0
20131204,0.23,0.24,0.22,0.24,18813,0
20131205,0.24,0.24,0.24,0.24,144,0
20131206,0.24,0.24,0.24,0.24,1005,0
20131209,0.24,0.24,0.23,0.23,3520,0
20131210,0.23,0.24,0.22,0.24,12600,0
20131211,0.23,0.23,0.23,0.23,5190,0
20131212,0.23,0.24,0.22,0.22,14628,0
20131213,0.23,0.23,0.22,0.22,3079,0
20131216,0.22,0.23,0.22,0.23,15694,0
20131217,0.23,0.23,0.2,0.22,98111,0
20131218,0.22,0.22,0.21,0.22,14072,0
20131219,0.22,0.22,0.21,0.21,6031,0
20131220,0.21,0.22,0.2,0.2,53998,0
20131223,0.2,0.21,0.18,0.2,60131,0
20131227,0.2,0.22,0.2,0.2,49803,0
20131230,0.2,0.21,0.2,0.2,8104,0
20140102,0.22,0.24,0.21,0.23,202972,0
20140103,0.23,0.25,0.23,0.24,78324,0
20140107,0.24,0.25,0.22,0.23,118354,0
20140108,0.23,0.23,0.21,0.22,79473,0
20140109,0.22,0.22,0.22,0.22,4500,0
20140110,0.21,0.23,0.21,0.23,29407,0
20140113,0.22,0.25,0.22,0.25,578892,0
20140114,0.24,0.24,0.22,0.23,105737,0
20140115,0.23,0.24,0.23,0.23,210233,0
20140116,0.23,0.24,0.23,0.24,88200,0
20140117,0.24,0.24,0.22,0.22,126772,0
20140120,0.22,0.22,0.22,0.22,52335,0
20140121,0.22,0.23,0.22,0.22,5051,0
20140122,0.22,0.23,0.22,0.23,45391,0
20140123,0.22,0.22,0.22,0.22,109063,0
20140124,0.23,0.23,0.22,0.22,6010,0
20140127,0.22,0.22,0.22,0.22,5000,0
20140128,0.22,0.23,0.22,0.22,5003,0
20140129,0.22,0.22,0.22,0.22,7640,0
20140130,0.23,0.29,0.23,0.27,1310013,0
20140131,0.27,0.28,0.24,0.24,366321,0
20140203,0.25,0.28,0.24,0.28,334982,0
20140204,0.28,0.28,0.26,0.27,64488,0
20140205,0.28,0.28,0.26,0.28,40588,0
20140206,0.28,0.31,0.26,0.3,1334368,0
20140207,0.3,0.31,0.27,0.27,381453,0
20140210,0.28,0.28,0.26,0.26,190085,0
20140211,0.27,0.34,0.27,0.34,814420,0
20140212,0.37,0.42,0.35,0.35,1734154,0
20140213,0.37,0.37,0.32,0.34,439594,0
20140214,0.33,0.35,0.32,0.32,364700,0
20140217,0.33,0.38,0.31,0.37,822294,0
20140218,0.36,0.36,0.34,0.35,253671,0
20140219,0.36,0.36,0.33,0.33,144598,0
20140220,0.33,0.34,0.32,0.33,165474,0
20140221,0.33,0.34,0.32,0.33,92609,0
20140224,0.32,0.33,0.32,0.33,30834,0
20140225,0.33,0.36,0.32,0.34,818502,0
20140226,0.34,0.35,0.32,0.32,165328,0
20140227,0.32,0.34,0.31,0.33,37624,0
20140228,0.32,0.34,0.32,0.34,49437,0
20140303,0.32,0.32,0.29,0.3,208334,0
20140304,0.3,0.33,0.3,0.31,133624,0
20140305,0.31,0.32,0.29,0.29,100048,0
20140306,0.3,0.31,0.29,0.3,58026,0
20140307,0.31,0.31,0.31,0.31,10,0
20140310,0.29,0.29,0.28,0.29,44121,0
20140311,0.29,0.32,0.26,0.29,553063,0
20140312,0.29,0.29,0.28,0.28,24796,0
20140313,0.29,0.29,0.27,0.27,54195,0
20140314,0.26,0.28,0.24,0.25,171527,0
20140317,0.26,0.27,0.26,0.27,32900,0
20140318,0.27,0.27,0.26,0.27,32019,0
20140319,0.27,0.29,0.27,0.27,79431,0
20140320,0.28,0.28,0.26,0.28,112,0
20140321,0.28,0.28,0.28,0.28,11010,0
20140324,0.28,0.28,0.25,0.26,182467,0
20140325,0.27,0.29,0.26,0.29,85209,0
20140326,0.28,0.29,0.27,0.29,33266,0
20140327,0.29,0.3,0.27,0.28,46548,0
20140328,0.28,0.28,0.27,0.28,50118,0
20140331,0.27,0.28,0.26,0.27,38259,0
20140401,0.27,0.27,0.27,0.27,3800,0
20140402,0.27,0.27,0.27,0.27,2100,0
20140403,0.27,0.27,0.27,0.27,8280,0
20140404,0.27,0.27,0.26,0.26,30370,0
20140407,0.26,0.26,0.25,0.25,40500,0
20140408,0.26,0.26,0.25,0.25,5500,0
20140409,0.25,0.25,0.25,0.25,25626,0
20140410,0.25,0.25,0.25,0.25,29358,0
20140411,0.25,0.25,0.25,0.25,500,0
20140414,0.24,0.24,0.24,0.24,7297,0
20140415,0.24,0.24,0.24,0.24,300,0
20140416,0.22,0.25,0.22,0.25,1057,0
20140417,0.25,0.25,0.25,0.25,6,0
20140422,0.25,0.25,0.24,0.24,205,0
20140423,0.24,0.24,0.24,0.24,2800,0
20140424,0.25,0.25,0.25,0.25,1600,0
20140428,0.24,0.25,0.24,0.25,3779,0
20140430,0.24,0.25,0.24,0.25,2618,0
20140502,0.25,0.25,0.25,0.25,5,0
20140506,0.24,0.24,0.24,0.24,1000,0
20140507,0.24,0.24,0.24,0.24,3546,0
20140508,0.23,0.23,0.23,0.23,1000,0
20140509,0.22,0.22,0.22,0.22,11536,0
20140512,0.2,0.2,0.2,0.2,8189,0
20140513,0.22,0.22,0.22,0.22,4315,0
20140514,0.22,0.22,0.22,0.22,757,0
20140515,0.24,0.24,0.24,0.24,2000,0
20140516,0.24,0.24,0.24,0.24,7002,0
20140519,0.21,0.21,0.21,0.21,22170,0
20140520,0.21,0.21,0.21,0.21,1950,0
20140521,0.21,0.22,0.21,0.22,3217,0
20140522,0.21,0.21,0.21,0.21,5007,0
20140523,0.2,0.2,0.2,0.2,18456,0
20140526,0.21,0.21,0.21,0.21,3500,0
20140527,0.2,0.2,0.2,0.2,40000,0
20140529,0.21,0.21,0.21,0.21,1000,0
20140602,0.21,0.21,0.21,0.21,11,0
20140604,0.2,0.2,0.2,0.2,10000,0
20140606,0.2,0.2,0.2,0.2,12900,0
20140609,0.2,0.21,0.2,0.21,2391,0
20140610,0.21,0.21,0.21,0.21,370,0
20140612,0.2,0.2,0.2,0.2,77,0
