Date,Open,High,Low,Close,Volume,OpenInt
20100929,17.9,17.9,14.41,14.49,25312,0
20100930,14.49,14.98,14.3,14.4,45997,0
20101001,14.38,14.5,14.35,14.39,4386,0
20101004,14.35,14.35,14.31,14.35,1600,0
20101005,14.39,14.39,14.3,14.37,1139,0
20101006,14.38,14.5,14.3,14.4,1722,0
20101007,14.45,14.45,14.38,14.4,780,0
20101008,14.6,14.6,14.58,14.58,391,0
20101011,14.57,14.57,14.45,14.5,5999,0
20101014,14.47,14.47,14.31,14.31,413,0
20101015,14.31,14.31,14.31,14.31,4172,0
20101018,14.3,14.3,14.12,14.3,1327,0
20101019,14.3,14.35,14.3,14.35,21429,0
20101020,14.35,14.35,14.3,14.3,1144,0
20101021,14.3,14.35,14.3,14.35,7490,0
20101022,14.4,14.4,14.4,14.4,30,0
20101025,14.35,14.35,14.3,14.3,260,0
20101026,14.35,14.39,14.35,14.35,435,0
20101027,14.4,14.95,14.39,14.95,47914,0
20101028,15.15,16.1,15.15,15.65,46409,0
20101029,15.62,15.84,15.53,15.84,22324,0
20101102,15.95,16.65,15.95,16.47,46399,0
20101103,16.88,16.88,16.26,16.48,40603,0
20101104,16.5,16.65,16.1,16.45,21264,0
20101105,16.5,16.5,15.66,15.95,15490,0
20101108,16.4,16.4,15.45,15.47,25674,0
20101109,15.45,15.95,15,15.66,25976,0
20101110,15.71,15.75,15.5,15.57,15309,0
20101112,15.5,15.57,15.4,15.57,11554,0
20101115,15.8,15.8,15.66,15.66,5776,0
20101116,15.83,15.83,15.62,15.66,22567,0
20101117,15.68,15.68,15.6,15.63,5577,0
20101118,15.7,16,15.64,16,9858,0
20101119,16,16,15.75,15.76,7034,0
20101122,15.76,16,15.7,15.89,2147,0
20101123,15.7,15.75,15.65,15.65,4201,0
20101124,15.61,15.84,15.61,15.84,7187,0
20101125,15.76,15.84,15.65,15.68,3696,0
20101126,15.7,15.8,15.63,15.63,4376,0
20101129,15.6,15.76,15.6,15.6,2710,0
20101130,15.77,15.77,15.67,15.76,2890,0
20101201,15.7,15.76,15.6,15.74,17018,0
20101202,15.74,16,15.74,15.91,9786,0
20101203,16,16.33,16,16.28,21883,0
20101206,16.36,16.64,15.89,16.3,31077,0
20101207,16.25,16.44,16.11,16.43,3340,0
20101208,16.4,16.4,16.16,16.38,233,0
20101209,16.38,16.38,16.15,16.38,3229,0
20101210,16.35,16.35,16.01,16.22,2165,0
20101213,16.1,16.27,15.8,16.27,2742,0
20101214,15.77,16.2,15.77,16.2,3050,0
20101215,15.8,16.14,15.8,16.14,2245,0
20101216,16,16.1,15.85,15.95,2153,0
20101217,15.8,16,15.7,16,3429,0
20101220,15.9,15.97,15.9,15.97,3467,0
20101221,15.8,15.98,15.65,15.98,6659,0
20101222,16,16.17,15.75,16.07,1380,0
20101223,16,16,15.92,15.92,776,0
20101227,15.9,15.9,15.77,15.88,1933,0
20101228,15.71,15.9,15.68,15.9,5865,0
20101229,16,16,15.8,15.8,223,0
20101230,15.77,15.8,15.57,15.77,1335,0
20101231,15.7,16,15.61,15.98,19356,0
20110103,15.61,16,15.61,15.7,2726,0
20110104,15.7,15.7,15.05,15.16,4236,0
20110105,15.12,15.38,15.09,15.1,15232,0
20110107,15.1,15.39,15.09,15.39,1184,0
20110110,15.39,15.4,15.01,15.01,2730,0
20110111,15.05,15.12,15.05,15.12,1723,0
20110112,15.05,15.2,15,15.1,9560,0
20110113,15.11,15.2,15.1,15.19,1880,0
20110114,15.05,15.15,15.05,15.07,1119,0
20110117,14.89,15.27,14.7,14.77,11373,0
20110118,14.77,14.95,14.02,14.89,16114,0
20110119,14.88,14.89,14.6,14.78,1875,0
20110120,14.51,14.82,14.5,14.81,1077,0
20110121,14.8,14.8,14.62,14.8,1157,0
20110124,14.8,14.8,14.5,14.6,2678,0
20110125,14.75,14.75,14.5,14.74,25903,0
20110126,14.7,14.7,14.58,14.6,5071,0
20110127,14.59,14.64,14.51,14.6,3833,0
20110128,14.63,14.63,14.45,14.59,4192,0
20110131,14.55,14.56,14.43,14.49,2266,0
20110201,14.45,14.45,14.07,14.18,7573,0
20110202,14.2,14.2,14.06,14.08,6608,0
20110203,14.15,14.17,14.03,14.17,4068,0
20110204,14.04,14.25,14.04,14.25,1839,0
20110207,14.08,14.39,14.08,14.35,1478,0
20110208,14.58,14.58,14.2,14.49,6184,0
20110209,14.47,14.47,14.27,14.45,1130,0
20110210,14.3,14.43,14.2,14.2,1025,0
20110211,14.35,14.35,14,14.35,4633,0
20110214,14.25,14.35,14.2,14.35,186,0
20110215,14.3,14.47,14.15,14.47,37443,0
20110216,14.3,14.43,14.15,14.39,3161,0
20110217,14.3,14.4,14.17,14.17,1623,0
20110218,14.2,14.29,14,14.29,4865,0
20110221,14.28,14.28,14.1,14.1,1667,0
20110222,14,14,13.52,13.66,7136,0
20110223,13.69,13.7,13.61,13.66,2310,0
20110224,13.61,13.95,13.55,13.8,69002,0
20110225,13.98,14.28,13.98,14.25,2556,0
20110228,14.4,14.95,14.2,14.95,61167,0
20110301,14.95,14.95,14.35,14.35,3713,0
20110302,14.35,14.5,14.3,14.49,830,0
20110303,14.2,14.48,14.15,14.2,2397,0
20110304,14.2,14.25,13.8,14.1,4131,0
20110307,14.2,14.44,13.4,14.1,2523,0
20110308,14.3,14.3,13.85,14.3,313,0
20110309,14.1,14.1,13.95,14,2680,0
20110310,14.1,14.1,14,14.09,294,0
20110311,14,14,13.7,13.98,1622,0
20110314,14,14.27,14,14.27,942,0
20110315,14.18,14.2,13.8,14.2,8664,0
20110316,14,14.25,14,14.22,1718,0
20110317,13.93,14.39,13.9,14.39,1969,0
20110318,13.7,14,13.05,13.86,11254,0
20110321,13.86,13.95,13.8,13.84,3625,0
20110322,13.74,13.9,13.74,13.78,3738,0
20110323,13.76,13.76,13.4,13.41,1529,0
20110324,13.5,13.84,13.5,13.7,2650,0
20110325,13.83,13.83,13.8,13.8,112,0
20110328,13.8,13.83,13.66,13.67,4552,0
20110329,13.67,13.67,13.55,13.58,1775,0
20110330,13.55,13.56,13.51,13.51,1206,0
20110331,13.45,13.5,13.44,13.5,2874,0
20110401,13.48,13.51,13.4,13.4,4933,0
20110404,13.4,13.4,13.05,13.3,10405,0
20110405,13.15,13.25,13.15,13.16,2262,0
20110406,13.1,13.14,12.75,12.8,12049,0
20110407,12.77,12.87,12.77,12.8,6159,0
20110408,12.88,12.88,12.79,12.79,7308,0
20110411,12.8,12.95,12.78,12.78,6303,0
20110412,12.79,12.79,12.6,12.7,3964,0
20110413,12.7,12.7,12.32,12.4,6616,0
20110414,12.3,12.4,12.15,12.15,4550,0
20110415,12.1,12.79,12,12.79,6984,0
20110418,12.75,12.79,12.69,12.79,3986,0
20110419,12.79,12.8,12.25,12.39,2030,0
20110420,12.4,12.4,12.4,12.4,264,0
20110421,12.4,12.4,12.35,12.39,1721,0
20110426,12.25,12.25,12.25,12.25,673,0
20110427,12.21,12.21,12,12.15,6396,0
20110428,12.2,12.35,11.93,12.34,8363,0
20110429,12.12,12.45,12.12,12.45,2150,0
20110504,12.45,12.45,12.06,12.2,2979,0
20110505,12.2,12.49,12.2,12.48,1345,0
20110506,12.48,12.48,11.97,12.4,24581,0
20110509,12.3,12.35,12.2,12.35,2059,0
20110510,12.3,12.55,12.01,12.55,2690,0
20110511,12.56,12.56,12.15,12.2,854,0
20110512,11.99,12,11.49,11.97,8631,0
20110513,11.57,11.75,11.56,11.7,2786,0
20110516,11.56,11.7,11.5,11.5,6298,0
20110517,11.5,11.8,11.5,11.8,1303,0
20110518,11.5,11.8,11.5,11.5,866,0
20110519,11.5,11.79,11.5,11.6,493,0
20110520,11.75,11.75,11.51,11.51,1131,0
20110523,11.5,11.5,11.2,11.25,1501,0
20110524,11.24,11.25,11.2,11.21,3128,0
20110525,11.5,11.5,11.12,11.44,1198,0
20110526,11.13,11.3,11.13,11.3,811,0
20110527,11.35,11.4,11.21,11.3,1327,0
20110530,11.26,11.36,11.26,11.36,830,0
20110531,11.49,12.99,11.36,12.99,46670,0
20110601,12.9,12.9,12.45,12.8,5129,0
20110602,12.25,12.7,12.21,12.7,1620,0
20110603,12.8,12.9,12.5,12.7,1322,0
20110606,12.79,12.79,12.72,12.72,298,0
20110607,12.77,12.77,12.3,12.3,844,0
20110608,12.3,12.3,12.14,12.15,2358,0
20110609,12,12,11.94,12,1351,0
20110610,12,12.1,12,12.1,294,0
20110613,12.1,12.1,12,12,387,0
20110614,11.89,12.39,11.1,12.39,1455,0
20110615,12,12.37,11.75,12.37,413,0
20110616,11.9,11.9,11.65,11.65,740,0
20110617,11.65,11.65,11.63,11.63,299,0
20110620,11.8,11.8,11.61,11.63,512,0
20110621,11.31,11.6,11.11,11.11,5578,0
20110622,11,11.5,10.55,11.01,2303,0
20110624,11,11.13,10.95,11.13,1106,0
20110627,11,11.38,10.65,11.38,2956,0
20110628,11.38,11.38,10.86,10.86,768,0
20110629,11.34,11.34,11.3,11.3,250,0
20110630,11.1,12,11.01,12,30447,0
20110701,12.1,12.1,11.6,11.9,648,0
20110704,12.2,12.2,12,12,636,0
20110705,11.79,11.79,11.7,11.7,966,0
20110706,11.65,11.7,11.65,11.65,550,0
20110707,11.83,11.93,11.71,11.71,521,0
20110708,11.92,11.92,11.73,11.85,580,0
20110711,11.65,11.79,11.5,11.79,793,0
20110712,11,11.69,11,11.69,4940,0
20110713,11.65,12,11.65,12,2100,0
20110714,11.2,11.9,11.2,11.3,112,0
20110715,11.4,11.8,11.4,11.8,2287,0
20110718,11.8,11.8,11.12,11.79,1195,0
20110719,11.56,11.65,11.21,11.65,1483,0
20110720,11.55,11.79,11.5,11.79,1717,0
20110721,11.24,11.8,11.24,11.8,3957,0
20110722,11.43,11.51,11.43,11.51,280,0
20110725,11.5,11.74,11.5,11.5,500,0
20110726,11.31,11.31,11.31,11.31,170,0
20110727,11.55,11.55,11.55,11.55,20,0
20110728,11.49,12,11.11,12,5366,0
20110729,11.31,11.9,11.31,11.85,3100,0
20110801,12,12,12,12,15,0
20110802,11.4,11.4,11.33,11.33,250,0
20110803,11.19,11.19,10.2,10.5,7644,0
20110804,10.44,11,9.7,11,7280,0
20110805,9.71,11,9.71,11,6697,0
20110808,10,10.49,9.72,9.72,5750,0
20110809,9.2,10,8.51,9.1,12504,0
20110810,9.5,9.9,8.9,8.9,2582,0
20110811,8.3,9.35,8.3,8.9,11318,0
20110812,9.96,9.96,9.21,9.5,2656,0
20110816,9.7,10,9.55,9.55,2368,0
20110817,9.99,9.99,9.8,9.8,2267,0
20110818,9.55,9.55,8.9,9,4531,0
20110819,8.9,8.9,8.8,8.8,2800,0
20110822,9,9.6,8.55,9,4279,0
20110823,8.5,9.45,8.5,9.2,1580,0
20110824,9.2,9.2,8.62,8.8,3541,0
20110825,8.35,9,8.35,8.6,5218,0
20110826,8.4,8.4,8,8,17588,0
20110829,7.99,8.45,7.7,7.85,8433,0
20110830,7.9,8,7.8,7.82,8962,0
20110831,7.77,7.78,7.6,7.69,6909,0
20110901,7.33,7.85,7,7.47,5217,0
20110902,7.49,7.49,6.8,6.88,3873,0
20110905,6.8,6.8,6.52,6.6,5673,0
20110906,6.8,6.8,6.65,6.65,2930,0
20110907,6.8,6.85,6.8,6.85,4582,0
20110908,6.85,6.85,6.83,6.85,1740,0
20110909,6.82,6.82,6.5,6.6,2557,0
20110912,6,6.59,6,6.02,3165,0
20110913,6.18,6.19,6.01,6.18,1876,0
20110914,6.15,6.27,6.15,6.27,1603,0
20110915,6.27,6.3,6.02,6.19,2435,0
20110916,6.19,6.2,6.19,6.2,8491,0
20110919,6.01,6.2,5.98,6.1,4498,0
20110920,6.1,6.52,6.1,6.52,2594,0
20110921,6.3,6.52,6.25,6.52,385,0
20110922,6.52,6.52,6.25,6.5,1501,0
20110923,6.25,6.3,6.25,6.3,1820,0
20110926,6.25,6.9,6.25,6.58,1678,0
20110927,6.82,6.82,5.95,5.99,23824,0
20110928,6.01,6.01,5.5,5.84,14363,0
20110929,5.56,5.95,5.56,5.95,277,0
20110930,5.9,5.9,5.8,5.89,3085,0
20111003,5.4,5.8,5.4,5.75,1039,0
20111004,5.69,5.69,5.39,5.44,3527,0
20111005,5.45,5.69,5.45,5.69,732,0
20111006,5.8,5.8,5.6,5.8,617,0
20111007,5.79,5.79,5.79,5.79,970,0
20111010,5.6,5.7,5.59,5.7,6750,0
20111011,5.96,5.96,5.65,5.65,3016,0
20111012,5.88,5.9,5.65,5.65,33215,0
20111013,5.88,5.99,5.8,5.8,3315,0
20111014,6,6,5.79,5.79,6811,0
20111017,5.8,6.09,5.8,5.89,26860,0
20111018,5.82,5.82,5.8,5.8,2035,0
20111019,5.78,5.98,5.78,5.98,4490,0
20111020,5.78,5.8,5.71,5.8,12036,0
20111021,5.78,5.98,5.78,5.8,12095,0
20111024,5.9,5.9,5.24,5.75,6959,0
20111025,5.82,5.82,5.7,5.7,1600,0
20111026,5.89,5.89,5.6,5.6,940,0
20111027,5.89,5.89,5.67,5.71,13197,0
20111028,5.9,5.9,5.73,5.84,14855,0
20111031,5.92,6.1,5.72,6.05,6870,0
20111102,5.82,6.05,5.7,6,7090,0
20111103,6,6.09,6,6.05,5740,0
20111104,6.09,6.09,6.01,6.01,4173,0
20111107,6.05,6.5,6.02,6.3,6713,0
20111108,6.5,7.2,6.5,6.89,18201,0
20111109,6.93,7.19,6.3,6.7,14948,0
20111110,6.45,6.56,6.2,6.3,9977,0
20111114,6.5,6.65,6.01,6.03,4701,0
20111115,6,6.57,5.9,6.57,8198,0
20111116,6.57,6.6,6.5,6.5,3997,0
20111117,6.4,6.5,6.4,6.42,2865,0
20111118,6.21,6.39,6.08,6.39,455,0
20111121,6.1,6.1,6,6,1389,0
20111122,6.15,6.15,5.9,5.91,1786,0
20111123,6.05,6.15,6,6.13,2308,0
20111124,6,6.05,6,6.04,785,0
20111125,6.01,6.19,6.01,6.19,110101,0
20111128,6.3,6.51,6.3,6.4,3611,0
20111129,6.4,7,6.4,7,6839,0
20111130,6.95,7.77,6.95,7.77,11389,0
20111201,7.22,7.4,7.2,7.21,1940,0
20111202,7.35,7.35,7.15,7.15,2260,0
20111205,7,7.21,7,7,2446,0
20111207,7,7,6.8,7,3010,0
20111208,6.71,6.71,6.59,6.59,1440,0
20111209,6.4,6.45,6.3,6.45,309042,0
20111212,6.6,6.6,6.45,6.45,1060,0
20111213,6.45,6.45,6.26,6.26,151430,0
20111214,6.6,6.6,6.25,6.25,207,0
20111215,6.22,6.3,6.22,6.23,915,0
20111216,6.23,6.5,6.05,6.3,8310,0
20111219,6.2,6.3,6.1,6.25,885,0
20111220,6.25,6.3,6.22,6.3,7798,0
20111221,6.3,6.38,6.3,6.35,2043,0
20111222,6.21,6.36,6,6.01,58367,0
20111223,6,6,5.8,5.9,3974,0
20111227,5.86,5.99,5.84,5.84,4248,0
20111228,5.99,6,5.9,5.9,1138,0
20111229,5.9,5.9,5.83,5.83,142,0
20111230,5.83,5.85,5.7,5.71,5028,0
20120102,5.7,5.97,5.7,5.97,2982,0
20120103,6.01,6.29,6.01,6.29,1508,0
20120104,6.29,6.29,6.22,6.22,250,0
20120105,6.22,6.22,6.22,6.22,70,0
20120109,6.22,6.22,6.2,6.2,921,0
20120110,6.1,6.6,6,6.4,7957,0
20120111,6.4,6.6,6.4,6.5,1018,0
20120112,6.32,6.4,6.23,6.4,510,0
20120113,6.45,6.45,6.36,6.36,134317,0
20120116,6.4,6.6,6.4,6.6,187933,0
20120117,6.7,7.3,6.7,7.3,20429,0
20120118,7.3,7.49,7.08,7.29,5016,0
20120119,7.25,7.29,7.1,7.1,7997,0
20120120,7.2,7.2,6.9,7,7396,0
20120123,7.02,7.61,7.02,7.52,3515,0
20120124,7.28,7.3,7.27,7.3,765,0
20120125,7.54,7.6,7.4,7.6,5361,0
20120126,7.6,8.35,7.6,8.15,17997,0
20120127,8,8.37,8,8.15,3686,0
20120131,8,8.74,8,8.35,11768,0
20120201,8.55,8.71,8.43,8.71,4750,0
20120202,8.75,9.5,8.75,9.19,6337,0
20120203,9.25,9.35,8.8,9,18710,0
20120206,9,9,8.82,8.9,36211,0
20120207,8.85,9.15,8.8,9.15,2784,0
20120208,9.15,9.25,9,9.21,1360,0
20120209,9.3,9.3,9.04,9.04,3468,0
20120210,9.19,9.19,8.8,9,1315,0
20120213,8.82,9.05,8.81,8.98,2595,0
20120214,8.81,9,8.81,9,6731,0
20120215,8.9,9,8.85,8.97,558,0
20120216,8.86,8.98,8.84,8.98,978,0
20120217,9.59,10.5,9.59,9.66,47936,0
20120220,10.28,10.28,9.3,9.5,8628,0
20120221,9.5,9.64,9.05,9.5,2199,0
20120222,9.2,9.65,9.1,9.65,4052,0
20120223,9.63,9.89,9.26,9.7,4579,0
20120224,9.5,9.86,9.5,9.86,1560,0
20120227,9.85,9.86,9.5,9.8,6163,0
20120228,9.78,9.8,9.55,9.8,7574,0
20120229,9.8,9.8,9.55,9.8,5187,0
20120301,9.79,9.79,9.5,9.52,11197,0
20120302,9.5,9.66,9.4,9.66,1980,0
20120305,9.65,9.65,9.12,9.5,2431,0
20120306,9.16,9.56,8.91,9.56,7987,0
20120307,9.49,9.59,9.39,9.59,1698,0
20120308,9.41,9.6,9.3,9.6,3584,0
20120309,9.58,9.6,9.5,9.6,1527,0
20120312,9.22,9.44,9.22,9.44,1616,0
20120313,8.6,9.5,8.6,9.5,6632,0
20120314,9.5,9.59,9.5,9.59,120,0
20120315,9.33,9.33,9.33,9.33,843,0
20120316,9.52,9.52,9.18,9.45,3016,0
20120319,9.39,9.39,9.11,9.11,197,0
20120320,9.2,9.7,9.11,9.7,6208,0
20120321,9.6,9.69,9.6,9.64,3791,0
20120322,9.5,9.5,9.32,9.48,2410,0
20120323,9.5,9.6,9.5,9.6,2924,0
20120326,9.57,9.57,9.5,9.55,2230,0
20120327,9.6,9.7,9.6,9.6,9535,0
20120328,9.78,9.78,9.55,9.75,261,0
20120330,9.6,9.89,9.6,9.89,55397,0
20120402,9.89,9.89,9.7,9.8,11688,0
20120403,9.88,9.89,9.85,9.85,935,0
20120404,9.8,9.8,9.7,9.77,466,0
20120405,9.79,9.79,9.51,9.76,655,0
20120410,9.2,9.39,9,9.05,3840,0
20120411,9.05,9.4,9,9.4,2132,0
20120412,9.21,9.66,9.21,9.66,3532,0
20120413,9.34,9.53,9.34,9.53,691,0
20120416,9.26,9.6,9.2,9.6,915,0
20120417,9.2,9.65,9.2,9.65,2363,0
20120418,9.32,9.6,9.32,9.6,1115,0
20120419,9.64,9.65,9.52,9.52,2265,0
20120420,9.5,9.6,9.5,9.6,1664,0
20120423,9.26,9.6,9.19,9.59,16779,0
20120424,9.26,9.59,9.26,9.59,510,0
20120425,9.36,9.69,9.32,9.32,41250,0
20120426,9.31,9.35,9.25,9.35,30274,0
20120427,9.26,9.86,9.26,9.85,4441,0
20120430,9.87,10.39,9.87,10.37,7676,0
20120502,10.35,10.36,10.35,10.36,1049,0
20120504,10.39,10.39,9.95,10.35,2257,0
20120507,10.15,10.37,10.15,10.37,654,0
20120509,10.36,10.36,10.15,10.3,282,0
20120511,10.29,10.29,10.29,10.29,300,0
20120514,10.15,10.15,9.5,10,1184,0
20120515,9.51,10,9.51,10,2056,0
20120516,9.9,10.1,9.9,10,11525,0
20120517,9.62,10,9.62,10,8475,0
20120518,9.3,10,9.3,10,5190,0
20120521,9.9,10,9.9,10,5300,0
20120522,10,10,10,10,25052,0
20120523,10,10,10,10,5200,0
20120524,9.55,10,9.55,9.96,6420,0
20120525,9.5,9.52,9.4,9.5,106808,0
20120528,9.98,9.98,9.31,9.5,60329,0
20120529,9.5,9.5,9.25,9.5,162744,0
20120530,9.27,9.5,9.27,9.5,103220,0
20120531,9.5,9.79,9.5,9.79,1330,0
20120601,9.4,9.89,9.4,9.5,438,0
20120604,9.4,9.5,9.35,9.5,620,0
20120605,9.26,9.7,9,9.7,15850,0
20120606,9.49,9.5,9.2,9.5,150281,0
20120608,9.23,9.5,9.23,9.5,10666,0
20120611,9.26,9.5,9.26,9.5,10327,0
20120612,9.5,9.5,9.49,9.5,5101,0
20120613,9.5,9.5,9.3,9.5,10095,0
20120614,9.5,9.5,9.41,9.5,10000,0
20120615,9.5,9.5,9.37,9.5,10325,0
20120618,9.5,9.5,9.5,9.5,10240,0
20120619,9.5,9.5,9.43,9.5,18500,0
20120620,9.5,9.5,9.4,9.4,1850,0
20120625,9.27,10,9.27,9.5,109068,0
20120626,9.32,9.8,9.32,9.8,1086,0
20120627,9.89,10.05,9.56,10.05,7030,0
20120628,10.1,10.5,10.1,10.5,53154,0
20120629,10.7,10.99,10.7,10.8,58309,0
20120702,11,11,10.38,10.38,3052,0
20120703,10.5,10.75,10.4,10.4,597,0
20120704,10.07,10.25,10.07,10.25,1607,0
20120705,10.08,10.75,10.08,10.5,11362,0
20120706,10.5,10.73,10.5,10.5,5131,0
20120709,10.5,10.64,10.5,10.64,1840,0
20120710,10.55,10.63,10.5,10.6,6581,0
20120711,10.5,10.7,10.5,10.65,6286,0
20120712,10.5,10.64,10.5,10.64,398,0
20120713,10.5,10.65,10.5,10.51,1201,0
20120716,10.65,10.65,10.08,10.65,1689,0
20120717,10.64,10.7,10.64,10.7,10000,0
20120718,10.7,10.7,10.53,10.7,3549,0
20120719,10.42,10.7,10.42,10.7,3646,0
20120720,10.8,10.8,10.8,10.8,5000,0
20120723,10.8,10.85,10.8,10.8,6820,0
20120724,10.7,10.83,10.7,10.83,1361,0
20120725,10.83,10.83,10.51,10.73,1053,0
20120726,10.9,10.9,10.71,10.71,1590,0
20120727,10.74,10.74,10.65,10.65,8792,0
20120730,10.25,10.8,10.25,10.8,3497,0
20120731,10.56,10.96,10.56,10.9,8148,0
20120801,10.57,10.94,10.57,10.8,12435,0
20120802,10.8,10.8,10.72,10.8,10460,0
20120803,10.8,10.8,10.7,10.8,10478,0
20120806,10.77,10.8,10.77,10.8,11409,0
20120807,10.3,10.85,10.3,10.8,11543,0
20120808,10.77,10.77,10.61,10.61,52126,0
20120809,10.6,10.78,10.47,10.7,10738,0
20120810,10.33,10.7,10.29,10.7,10058,0
20120813,10.7,10.7,10.66,10.7,10000,0
20120814,10.7,10.7,10.67,10.7,10280,0
20120816,10.7,10.73,10.69,10.73,10645,0
20120817,10.7,10.7,10.51,10.7,12150,0
20120820,10.7,10.7,10.55,10.7,10382,0
20120821,10.6,10.62,10.4,10.6,11463,0
20120822,10.7,10.7,10.5,10.5,7911,0
20120823,10.34,10.5,10.34,10.5,10000,0
20120824,10.35,10.35,9.51,10,53518,0
20120827,9.5,10.1,9.5,10.1,3410,0
20120828,10.1,10.1,9.75,10.1,3326,0
20120829,10.14,10.5,10.02,10.12,4820,0
20120830,10.37,10.37,9.75,10.21,12212,0
20120831,9.9,10.21,9.82,10.08,11491,0
20120903,10.5,10.5,10.05,10.34,11467,0
20120904,10.25,10.34,10.05,10.05,1951,0
20120905,10,10.39,10,10.39,945,0
20120906,10.45,10.45,10.09,10.09,1681,0
20120907,10.19,10.19,10.19,10.19,151,0
20120910,10.26,10.26,10.16,10.16,402,0
20120912,10.01,10.05,9.92,9.92,1602,0
20120913,10.09,10.5,9.93,10.5,5695,0
20120914,10.5,10.5,10.11,10.11,7954,0
20120917,10.5,10.5,10.45,10.5,6423,0
20120918,10.5,10.5,10.22,10.5,5545,0
20120919,10.5,10.5,10.2,10.28,14345,0
20120920,10.47,10.47,10,10.17,9325,0
20120921,9.7,10.26,9.7,10.23,5960,0
20120924,10.48,10.48,10,10.24,9012,0
20120925,10.24,10.24,9.86,9.96,17526,0
20120926,10.5,10.5,9.78,9.9,13764,0
20120927,9.98,9.98,9.7,9.77,9663,0
20120928,9.99,9.99,9.62,9.7,7571,0
20121001,9.8,9.95,9.8,9.95,110,0
20121002,9.99,9.99,9.73,9.99,2070,0
20121003,9.8,9.98,9.8,9.9,204,0
20121004,9.95,9.97,9.76,9.97,372,0
20121005,9.75,9.93,9.75,9.93,405,0
20121008,9.9,9.9,9.69,9.69,1836,0
20121009,9.95,9.95,9.65,9.65,143,0
20121010,9.94,9.94,9.31,9.38,1270,0
20121011,9.31,9.95,9.25,9.35,3515,0
20121012,9.47,9.95,9.47,9.75,3312,0
20121015,9.74,9.9,9.74,9.9,1083,0
20121016,9.93,10.75,9.93,10.74,6995,0
20121017,10.73,10.73,10.25,10.25,911,0
20121018,10.23,10.54,10.23,10.54,675,0
20121019,10.3,10.3,10.1,10.1,1454,0
20121022,10.2,10.2,10.15,10.15,959,0
20121023,10.37,10.4,9.8,9.8,2812,0
20121024,9.6,9.8,9.6,9.6,1194,0
20121025,9.61,9.61,9.61,9.61,71,0
20121029,9.69,10.2,9.69,10.2,244,0
20121030,10.15,10.15,10.15,10.15,298,0
20121031,10.1,10.2,10.09,10.19,1550,0
20121102,10.15,10.5,10.15,10.5,1178,0
20121105,10.45,10.45,10.16,10.16,1129,0
20121106,10.15,10.15,9.9,9.9,150,0
20121107,10.05,10.05,10.05,10.05,50,0
20121108,9.95,9.95,9.83,9.83,468,0
20121113,9.83,10,9.51,9.52,1802,0
20121115,9.82,9.82,9.82,9.82,30,0
20121116,10,10,9.83,9.83,236,0
20121119,10.01,10.3,10.01,10.3,1710,0
20121120,10.15,10.2,9.97,10.2,161,0
20121121,10,10.48,10,10.2,370,0
20121123,9.9,10.29,9.9,10.15,262,0
20121126,10.15,10.29,10.15,10.29,770,0
20121127,10.2,10.2,10.2,10.2,118,0
20121128,10.15,10.15,10,10,10500,0
20121129,10,10,10,10,25000,0
20121130,10.05,10.05,10,10,26237,0
20121203,10.28,10.28,10.15,10.15,3195,0
20121204,10.15,10.15,10.01,10.01,168,0
20121205,10.1,10.1,10.1,10.1,50,0
20121206,10.2,10.29,10.2,10.29,850,0
20121207,10.28,10.29,10.18,10.18,760,0
20121211,10.29,10.4,10.25,10.26,209,0
20121212,10.3,10.3,10.2,10.2,324,0
20121213,10.2,10.26,10.2,10.26,220,0
20121214,10.15,10.15,10.1,10.1,953,0
20121217,10.2,10.2,10,10,3362,0
20121218,10,10,10,10,2488,0
20121219,10,10.1,9.9,10.1,2260,0
20121220,10.11,10.5,10.11,10.35,7011,0
20121221,10.48,10.8,10.45,10.7,7583,0
20121227,10.85,10.85,10.71,10.8,1816,0
20121228,10.79,10.87,10.56,10.7,5965,0
20130102,10.7,10.99,10.7,10.92,6909,0
20130103,11.19,11.36,10.99,11,13290,0
20130104,10.95,11.29,10.95,11.2,4277,0
20130107,11.2,11.87,11.2,11.87,8031,0
20130108,11.9,12.2,11.9,12.2,8830,0
20130109,12.2,12.2,11.36,11.9,8241,0
20130110,11.81,12.04,11.57,12.04,4655,0
20130111,12.04,12.04,11.8,12,1411,0
20130114,12,12,11.85,11.86,2178,0
20130115,11.94,11.95,11.86,11.9,1061,0
20130116,11.9,11.9,11.32,11.75,5224,0
20130117,11.6,11.65,11.5,11.6,2990,0
20130118,11.56,11.66,11.56,11.65,1064,0
20130121,11.7,11.8,11.67,11.8,2149,0
20130122,11.85,12.3,11.85,12.3,5936,0
20130123,12.3,12.6,12.3,12.5,4289,0
20130124,12.58,12.69,12.57,12.61,1641,0
20130125,12.62,12.62,12.45,12.45,3535,0
20130128,12.45,12.8,12.45,12.7,3089,0
20130129,12.75,13.19,12.7,12.9,7592,0
20130130,13,13.15,13,13,3725,0
20130131,13,13,12.78,12.9,1387,0
20130201,12.9,12.9,12.68,12.68,963,0
20130204,12.5,13.46,12.46,13.33,22812,0
20130205,13.5,13.7,13.33,13.5,27483,0
20130206,13.53,13.63,13.43,13.58,8385,0
20130207,13.58,13.91,13.55,13.91,6485,0
20130208,14,14.48,14,14.42,22375,0
20130211,14.48,14.48,14.05,14.23,7229,0
20130212,14.1,14.1,13.71,13.72,7923,0
20130213,13.66,13.72,13.5,13.54,5550,0
20130214,13.42,13.44,13.4,13.4,2677,0
20130215,13.45,13.63,13.45,13.63,3911,0
20130218,13.45,13.66,13.41,13.41,2151,0
20130219,13.42,13.44,13.32,13.4,3046,0
20130220,13.4,13.46,13.4,13.44,513,0
20130221,13.32,13.5,12.4,12.86,9770,0
20130222,12.87,12.9,12.72,12.82,2679,0
20130225,12.75,12.82,12.41,12.63,3285,0
20130226,12.48,12.49,12.16,12.49,5064,0
20130227,12.65,13.35,12.65,13.1,5897,0
20130228,13.2,13.47,13.2,13.2,1158,0
20130301,13.29,13.3,13,13.28,2580,0
20130304,13.26,13.26,13.2,13.2,991,0
20130305,13.2,13.37,13.2,13.37,3154,0
20130306,13.38,13.65,13.38,13.6,2684,0
20130307,13.83,13.83,13.72,13.82,1104,0
20130308,13.82,13.82,13.7,13.71,1504,0
20130311,13.7,13.7,13.33,13.35,1470,0
20130312,13.36,13.52,13.35,13.36,855,0
20130313,13.33,13.47,13.22,13.45,503,0
20130314,13.25,13.44,13.25,13.43,1239,0
20130315,13.41,13.41,13.23,13.25,481,0
20130318,13.23,13.27,13.1,13.2,1779,0
20130319,13.2,13.2,12.35,12.9,2927,0
20130320,12.7,12.89,12.7,12.89,1253,0
20130321,12.89,12.89,12.04,12.5,2428,0
20130322,11.98,11.98,11.35,11.8,5557,0
20130325,11.88,11.88,11.46,11.8,2314,0
20130326,11.8,11.8,11.8,11.8,10,0
20130327,11.5,11.5,11.05,11.36,3008,0
20130328,11.36,11.36,11.12,11.3,4112,0
20130402,11.12,11.3,11.01,11.2,3119,0
20130403,11.06,11.3,11.06,11.26,346,0
20130404,11.26,11.26,11.13,11.13,387,0
20130405,11.15,11.26,11.15,11.2,821,0
20130408,11.2,11.21,11.15,11.15,442,0
20130409,11.14,11.14,11,11,1213,0
20130410,11.02,11.14,11.02,11.1,3673,0
20130411,11.13,11.25,11.11,11.2,2414,0
20130412,11.2,11.25,11.07,11.07,1682,0
20130415,11.1,11.1,10.87,11,4116,0
20130417,11,11.05,10.7,10.7,3702,0
20130418,10.5,10.6,10.01,10.6,2474,0
20130419,10.61,10.74,10.6,10.74,974,0
20130422,10.9,10.9,10.6,10.65,1375,0
20130423,10.65,10.7,10.18,10.4,2757,0
20130424,10.3,10.45,10.2,10.45,2078,0
20130425,10.5,10.5,10.2,10.45,1060,0
20130426,10.5,10.65,10.5,10.65,691,0
20130429,10.65,10.9,10.65,10.9,838,0
20130430,10.9,11.29,10.9,11.29,2322,0
20130502,11,11.1,10.7,10.98,6966,0
20130506,10.88,10.88,10.85,10.85,610,0
20130507,10.85,10.85,10.6,10.75,2492,0
20130508,10.75,10.75,10.39,10.65,1354,0
20130509,10.7,11.05,10.7,10.7,3833,0
20130510,10.68,10.7,10.5,10.69,1741,0
20130513,10.6,10.6,10.6,10.6,500,0
20130514,10.61,10.75,10.51,10.6,10806,0
20130515,10.51,10.51,9.52,9.56,66555,0
20130516,9.35,9.35,9,9.17,5484,0
20130517,9.16,9.29,9.16,9.2,3316,0
20130520,9.2,9.3,9.02,9.12,2539,0
20130521,9.1,9.19,9.05,9.05,12091,0
20130522,9.07,9.18,9.05,9.07,40443,0
20130523,9.18,9.33,9.05,9.1,3163,0
20130524,9.1,9.26,9.1,9.26,665,0
20130527,9.26,9.26,9.12,9.15,19546,0
20130528,9.2,9.4,9.17,9.31,32162,0
20130529,9.35,9.42,9.35,9.38,3063,0
20130531,9.4,9.47,9.4,9.45,6575,0
20130603,9.45,9.55,9.45,9.54,2573,0
20130604,9.51,9.9,9.5,9.83,116615,0
20130605,9.85,10.07,9.81,9.91,15797,0
20130606,9.95,10.18,9.92,10.02,52103,0
20130607,10.05,10.05,10,10.05,11691,0
20130610,9.9,10.48,9.9,10.39,19004,0
20130611,10.38,10.38,10.2,10.38,1311,0
20130612,10.5,10.55,10.44,10.5,2114,0
20130613,10.6,10.6,10.4,10.45,6039,0
20130614,10.49,10.49,10.3,10.41,586,0
20130617,10.45,10.5,10.45,10.46,92586,0
20130618,10.49,10.49,10.41,10.45,17243,0
20130619,10.46,10.5,10.46,10.47,3765,0
20130620,10.46,10.46,10.2,10.2,47203,0
20130621,9.9,10,9.9,10,2636,0
20130624,9.95,9.95,9.8,9.95,4445,0
20130625,10.05,10.05,9.8,9.8,1600,0
20130626,9.98,9.98,9.66,9.97,1284,0
20130627,9.97,9.97,9.7,9.7,302,0
20130628,9.65,9.65,9.61,9.61,1120,0
20130701,9.65,9.65,9.51,9.55,2283,0
20130702,9.55,9.57,9.55,9.57,799,0
20130703,9.57,9.7,9.57,9.7,300,0
20130704,9.74,10,9.74,10,1415,0
20130705,10.01,10.05,9.75,9.75,933,0
20130708,9.75,9.75,9.65,9.7,100909,0
20130709,9.7,9.7,9.65,9.65,199,0
20130710,9.56,9.6,9.55,9.6,276,0
20130711,9.6,9.75,9.54,9.54,1074,0
20130712,9.56,9.56,9.35,9.55,5014,0
20130715,9.55,9.55,9.45,9.45,540,0
20130716,9.45,9.5,9.45,9.5,279,0
20130717,9.5,9.5,9.45,9.45,385,0
20130718,9.45,9.45,9.12,9.17,2460,0
20130719,9.3,9.3,8.51,8.8,6332,0
20130722,8.94,8.95,8.5,8.5,5976,0
20130723,8.55,8.6,8.44,8.55,2873,0
20130724,8.58,8.65,8.58,8.65,972,0
20130725,8.62,8.81,8.62,8.81,1673,0
20130726,8.82,8.95,8.82,8.9,3198,0
20130729,8.95,8.95,8.88,8.9,4320,0
20130730,8.9,8.95,8.9,8.9,460,0
20130731,8.9,8.93,8.9,8.91,1665,0
20130801,8.92,8.92,8.8,8.88,930,0
20130802,8.88,8.88,8.8,8.85,1880,0
20130805,8.81,8.85,8.73,8.75,1129,0
20130806,8.73,8.73,8.61,8.7,1827,0
20130807,8.7,9.09,8.7,9.09,4089,0
20130808,9.25,9.49,9.25,9.4,3437,0
20130809,9.48,9.55,9.4,9.55,3061,0
20130812,9.55,9.55,9.41,9.41,2192,0
20130813,9.4,9.4,9.25,9.38,868,0
20130814,9.3,9.32,9.3,9.3,717,0
20130816,9.32,9.33,9.3,9.3,305,0
20130819,9.47,9.47,9.1,9.18,1909,0
20130820,9.2,9.4,9.05,9.07,780,0
20130821,9.2,9.59,9.2,9.59,1912,0
20130822,9.6,9.76,9.6,9.76,1087,0
20130823,9.7,9.86,9.7,9.86,1431,0
20130826,9.7,9.7,9.4,9.51,2665,0
20130827,9.5,9.5,9.27,9.4,1301,0
20130828,9.4,9.4,9.4,9.4,50,0
20130829,9.38,9.4,9.25,9.25,3011,0
20130830,9.25,9.3,9.25,9.25,4300,0
20130902,9.25,9.25,9.1,9.1,2312,0
20130903,9.1,9.1,8.8,8.8,13235,0
20130904,8.8,8.81,8.76,8.8,10995,0
20130905,8.9,8.9,8.61,8.76,7715,0
20130906,8.8,9.03,8.8,9.03,661,0
20130909,9,9,8.7,9,1043,0
20130910,8.9,9.1,8.8,9.1,3004,0
20130911,9.1,9.1,9.01,9.01,240,0
20130912,9.05,9.05,9,9,340,0
20130913,9,9.09,9,9.09,828,0
20130916,8.91,9,8.9,8.9,347,0
20130917,8.95,9.08,8.95,9.08,878,0
20130918,9.05,9.2,9,9.2,1061,0
20130919,9.01,9.25,9.01,9.25,1461,0
20130920,9.3,9.5,9.3,9.5,332,0
20130923,9.35,9.5,9.35,9.5,1871,0
20130924,9.58,9.6,9.35,9.35,2245,0
20130925,9.35,9.35,9.2,9.35,350,0
20130926,9.3,9.38,9.3,9.38,1145,0
20130927,9.38,9.38,9.32,9.32,1105,0
20131001,9,9.15,9,9.06,2869,0
20131002,9.07,9.2,9.07,9.2,1307,0
20131003,9.25,9.25,9.21,9.21,898,0
20131004,9.21,9.21,9.16,9.17,1153,0
20131008,9.16,9.16,9.12,9.16,490,0
20131009,9.1,9.1,9.01,9.01,200,0
20131010,8.95,9,8.63,9,4368,0
20131011,9,9.18,9,9.1,620,0
20131014,9.1,9.1,9,9,600,0
20131015,9.05,9.25,9,9.25,4684,0
20131016,9.24,9.24,9.1,9.1,729,0
20131017,9.11,9.35,9,9.28,9115,0
20131018,9.23,9.34,9.18,9.32,1880,0
20131021,9.33,9.9,9.33,9.88,12522,0
20131022,9.9,10,9.66,9.88,4364,0
20131023,9.99,10.57,9.94,10.45,21320,0
20131024,10.4,10.93,10.4,10.78,13366,0
20131025,10.8,10.8,10.17,10.45,6743,0
20131028,10.45,10.74,10.36,10.4,4345,0
20131029,10.35,10.35,10.02,10.25,2220,0
20131030,10.2,10.2,10.06,10.2,1783,0
20131031,9.96,10,9.9,9.95,2117,0
20131104,9.91,10.48,9.91,10.21,2612,0
20131105,10.45,10.45,10.2,10.2,2940,0
20131106,10.21,10.28,10,10.15,691,0
20131107,10.12,10.13,9.93,10.02,648,0
20131108,10,10,10,10,100,0
20131112,10,10,9.71,9.8,9814,0
20131113,9.7,9.8,9.52,9.6,19099,0
20131114,9.95,10.3,9.9,10.15,10937,0
20131115,10.22,10.36,10.15,10.29,28389,0
20131118,10.35,10.35,10.2,10.28,14648,0
20131119,10.35,10.35,10.21,10.3,2012,0
20131120,10.25,10.3,10.24,10.3,2650,0
20131121,10.3,10.38,10.2,10.38,70197,0
20131122,10.5,10.95,10.47,10.61,26061,0
20131125,10.87,10.89,10.41,10.41,2388,0
20131126,10.39,10.55,10.2,10.4,3232,0
20131127,10.35,10.39,10.22,10.38,7631,0
20131128,10.39,10.68,10.24,10.41,6628,0
20131129,10.41,10.95,10.3,10.65,80184,0
20131202,10.7,10.7,10.5,10.65,22190,0
20131203,10.27,10.45,10,10.25,8911,0
20131204,10.25,10.25,10,10.2,2332,0
20131205,10,10.19,10,10.19,1194,0
20131206,10.19,10.2,10.05,10.1,2543,0
20131209,10.15,10.2,10.01,10.04,8060,0
20131210,10.12,10.25,10.04,10.25,1841,0
20131211,10.25,10.26,10.04,10.26,963,0
20131212,10.04,10.07,10,10,4045,0
20131213,10.15,10.16,10,10.1,328,0
20131216,10.15,10.15,9.86,9.95,115337,0
20131217,9.94,9.94,9.65,9.65,12900,0
20131218,9.65,9.91,9.65,9.71,4123,0
20131219,9.76,9.9,9.76,9.8,1363,0
20131220,9.79,9.79,9.6,9.69,4105,0
20131223,9.5,9.91,9.41,9.91,3130,0
20131227,9.91,10.15,9.76,9.78,134933,0
20131230,9.82,9.83,9.75,9.76,35402,0
20140102,9.79,9.9,9.76,9.76,3517,0
20140103,9.76,9.76,9.7,9.7,4859,0
20140107,9.7,9.7,9.61,9.62,1770,0
20140108,9.62,9.63,9.6,9.6,1652,0
20140109,9.78,9.78,9.58,9.6,2390,0
20140110,9.59,9.6,9.44,9.44,2861,0
20140113,9.44,9.79,9.44,9.79,3755,0
20140114,9.79,9.79,9.53,9.55,748,0
20140115,9.56,9.65,9.56,9.64,1081,0
20140116,9.65,9.65,9.6,9.62,108700,0
20140117,9.62,9.65,9.6,9.65,2079,0
20140120,9.65,9.65,9.45,9.45,108799,0
20140121,9.5,9.6,9.45,9.59,9689,0
20140122,9.45,9.56,9.45,9.46,24193,0
20140123,9.5,9.5,9.3,9.31,3518,0
20140124,9.27,9.3,9.2,9.3,1545,0
20140127,9.29,9.29,9.1,9.1,653,0
20140128,9.02,9.5,9.01,9.41,2342,0
20140129,9.49,9.49,9.41,9.41,272,0
20140130,9.48,9.5,9.39,9.39,4088,0
20140131,9.38,9.38,9.19,9.19,3350,0
20140203,9.3,9.45,9.3,9.4,3370,0
20140204,9.4,9.45,9.4,9.44,47468,0
20140205,9.41,9.44,9.4,9.44,655,0
20140206,9.44,9.44,9.42,9.42,1402,0
20140207,9.49,9.49,9.45,9.45,79,0
20140210,9.19,9.32,9.19,9.21,4002,0
20140211,9.2,9.44,9.2,9.24,1920,0
20140212,9.11,9.25,9.11,9.2,2100,0
20140213,9.16,9.3,9.16,9.3,1300,0
20140214,9.35,9.4,9.35,9.4,1210,0
20140217,9.4,9.5,9.4,9.4,2556,0
20140218,9.4,9.46,9.2,9.3,2878,0
20140219,9.3,9.4,9.3,9.3,1252,0
20140220,9.3,9.3,9.22,9.22,1267,0
20140221,9.22,9.35,9.22,9.35,1670,0
20140224,9.22,9.38,9.22,9.38,900,0
20140225,9.31,9.39,9.2,9.2,1415,0
20140226,9.25,9.25,9.11,9.12,4932,0
20140227,9.12,9.26,9.12,9.26,729,0
20140228,9.3,9.38,9.29,9.38,817,0
20140303,9.22,9.22,8.55,8.89,14277,0
20140304,8.5,9.03,8.4,8.95,4184,0
20140305,8.96,9,8.9,8.9,4189,0
20140306,8.92,9,8.9,8.9,1452,0
20140307,8.8,9.1,8.8,9.1,110,0
20140310,8.98,8.98,8.79,8.79,1251,0
20140311,8.8,8.8,8.7,8.8,780,0
20140312,8.76,8.89,8.65,8.69,2201,0
20140313,8.54,8.58,8.52,8.52,557,0
20140314,8.53,8.53,7.99,8.35,7800,0
20140317,8.35,8.44,7.76,7.76,9046,0
20140318,7.81,8,7.76,7.96,4921,0
20140319,7.96,7.98,7.91,7.98,2732,0
20140320,7.99,8,7.98,8,770,0
20140321,8,8,7.99,7.99,765,0
20140324,7.71,7.8,7.54,7.54,10494,0
20140325,7.51,7.78,7.51,7.78,2297,0
20140326,7.78,7.93,7.75,7.9,5671,0
20140327,7.92,7.93,7.87,7.87,809,0
20140328,7.93,7.93,7.75,7.9,151,0
20140331,8.09,8.09,8.07,8.07,2439,0
20140401,8.1,8.1,8,8.1,1277,0
20140402,8,8,7.9,8,1107,0
20140403,8,8.5,8,8.25,2488,0
20140404,8.39,8.39,8.2,8.2,754,0
20140407,8.21,8.21,8.1,8.1,313,0
20140408,8,8.02,7.87,7.87,2030,0
20140409,7.9,7.9,7.81,7.85,1982,0
20140410,8.06,8.15,7.98,8.15,2300,0
20140411,8,8.14,7.88,7.88,1506,0
20140414,7.9,7.95,7.6,7.95,2813,0
20140415,7.95,7.95,7.95,7.95,20,0
20140416,7.98,7.98,7.8,7.8,11252,0
20140417,7.8,7.8,7.65,7.72,1301,0
20140422,7.72,7.75,7.5,7.75,2320,0
20140423,7.8,7.89,7.7,7.7,632,0
20140424,7.72,7.72,7.67,7.68,1072,0
20140425,7.68,7.68,7.68,7.68,181,0
20140428,7.68,7.87,7.52,7.8,6412,0
20140429,7.8,7.8,7.79,7.79,101,0
20140430,7.8,7.8,7.75,7.79,965,0
20140502,7.8,7.8,7.7,7.7,79,0
20140505,7.79,7.79,7.35,7.4,2995,0
20140506,7.23,7.4,7.13,7.4,2944,0
20140507,7.3,7.38,7.2,7.31,988,0
20140508,7.37,7.37,7.12,7.12,13540,0
20140509,7.13,7.2,7.13,7.2,31,0
20140512,7.02,7.05,6.9,7,4375,0
20140513,6.91,7.2,6.91,7.2,1392,0
20140514,7.8,8.3,7.76,8.15,59336,0
20140515,8.35,8.5,8.15,8.29,21189,0
20140516,8.1,8.55,8.1,8.39,2661,0
20140519,8.25,8.25,8.16,8.16,4196,0
20140520,8.25,8.25,8.05,8.16,1536,0
20140521,8.23,8.3,8.06,8.3,2025,0
20140522,8.3,8.95,8.3,8.71,27244,0
20140523,8.79,9,8.71,8.85,32106,0
20140526,9.1,9.16,9.09,9.1,8766,0
20140527,9.05,9.06,8.95,8.99,3315,0
20140528,8.99,8.99,8.75,8.76,2814,0
20140529,8.87,9.16,8.76,9.13,12318,0
20140530,9.05,9.13,8.9,9,6946,0
20140602,9.18,9.59,9.16,9.57,18846,0
20140603,9.5,9.9,9.5,9.9,14431,0
20140604,9.98,9.98,9.91,9.93,14691,0
20140605,9.93,9.93,9.71,9.73,3251,0
20140606,9.84,9.88,9.75,9.75,4946,0
20140609,9.75,9.75,9.5,9.5,8743,0
20140610,9.4,9.43,9.3,9.36,3895,0
20140611,9.3,9.34,9.25,9.26,7672,0
20140612,9.3,9.3,9.26,9.26,1323,0
20140613,9.3,9.3,9.26,9.29,829,0
