Date,Open,High,Low,Close,Volume,OpenInt
20091109,2.46,2.67,2.35,2.45,1877056,0
20091110,2.45,2.45,2.31,2.4,235139,0
20091112,2.4,2.5,2.3,2.4,133509,0
20091113,2.38,2.44,2.35,2.41,86198,0
20091116,2.4,2.47,2.35,2.46,181340,0
20091117,2.45,2.45,2.37,2.4,29179,0
20091118,2.38,2.44,2.35,2.39,77415,0
20091119,2.36,2.37,2.35,2.37,38992,0
20091120,2.37,2.43,2.32,2.43,91845,0
20091123,2.38,2.42,2.38,2.38,6870,0
20091124,2.38,2.4,2.32,2.4,28476,0
20091125,2.35,2.4,2.32,2.4,23000,0
20091126,2.33,2.35,2.32,2.32,16231,0
20091127,2.32,2.35,2.28,2.35,76267,0
20091130,2.38,2.38,2.3,2.35,2665,0
20091201,2.3,2.32,2.28,2.29,8993,0
20091202,2.28,2.32,2.28,2.32,901,0
20091203,2.28,2.32,2.28,2.32,8795,0
20091204,2.3,2.3,2.28,2.29,4731,0
20091207,2.32,2.32,2.27,2.3,10302,0
20091208,2.31,2.31,2.25,2.25,30351,0
20091209,2.31,2.31,2.24,2.3,8860,0
20091210,2.24,2.27,2.24,2.27,9036,0
20091211,2.22,2.32,2.22,2.32,10292,0
20091214,2.25,2.38,2.24,2.35,12214,0
20091215,2.25,2.33,2.25,2.33,3003,0
20091216,2.33,2.4,2.32,2.4,8213,0
20091217,2.44,2.5,2.38,2.38,34300,0
20091218,2.41,2.41,2.38,2.38,322,0
20091221,2.38,2.51,2.38,2.47,18698,0
20091222,2.46,2.48,2.38,2.48,22686,0
20091223,2.49,2.49,2.35,2.47,8505,0
20091228,2.42,2.51,2.38,2.49,108761,0
20091229,2.49,2.49,2.41,2.48,8553,0
20091230,2.42,2.48,2.32,2.48,14144,0
20091231,2.37,2.48,2.37,2.37,25132,0
20100104,2.38,2.38,2.37,2.37,2400,0
20100105,2.37,2.37,2.37,2.37,1000,0
20100107,2.41,2.45,2.41,2.45,952,0
20100108,2.34,2.46,2.34,2.44,2917,0
20100111,2.37,2.51,2.37,2.5,21679,0
20100112,2.4,2.49,2.39,2.49,3205,0
20100113,2.36,2.48,2.33,2.36,11033,0
20100114,2.36,2.49,2.36,2.49,20323,0
20100115,2.47,2.47,2.46,2.46,10409,0
20100118,2.42,2.45,2.42,2.42,2341,0
20100119,2.41,2.45,2.41,2.45,6862,0
20100120,2.46,2.46,2.41,2.46,9909,0
20100121,2.46,2.48,2.46,2.48,52731,0
20100122,2.48,3.22,2.48,3.22,219815,0
20100125,3.4,3.7,3.07,3.07,410370,0
20100126,3.15,3.15,2.84,2.91,94871,0
20100127,2.85,3.29,2.79,3.1,74586,0
20100128,3.12,3.16,2.99,3,33725,0
20100129,2.91,3.12,2.91,3,18599,0
20100201,3,3,2.84,2.9,15300,0
20100202,2.93,2.98,2.81,2.9,21449,0
20100203,2.91,2.95,2.82,2.84,26684,0
20100204,2.83,2.88,2.81,2.81,20545,0
20100205,2.8,2.9,2.73,2.8,18292,0
20100208,2.9,2.9,2.76,2.77,46288,0
20100209,2.95,2.95,2.8,2.87,9244,0
20100210,2.88,2.94,2.8,2.8,21120,0
20100211,2.81,2.88,2.61,2.8,21903,0
20100212,2.79,2.9,2.79,2.85,10129,0
20100215,2.76,2.89,2.72,2.84,11079,0
20100216,2.84,2.87,2.77,2.87,14896,0
20100217,2.88,2.9,2.81,2.9,15680,0
20100218,2.92,2.93,2.84,2.93,17764,0
20100219,2.76,2.93,2.76,2.9,12993,0
20100222,2.9,3.09,2.89,3.02,64367,0
20100223,3.06,3.3,2.98,3.21,47881,0
20100224,3.22,3.28,3.01,3.01,38794,0
20100225,3.01,3.19,2.97,3.02,35624,0
20100226,3.12,3.13,3.03,3.1,6920,0
20100301,3.13,3.3,3.13,3.24,6976,0
20100302,3.24,3.46,3.24,3.44,16977,0
20100303,3.5,3.57,3.25,3.5,72038,0
20100304,3.48,3.5,3.35,3.5,33404,0
20100305,3.58,3.6,3.42,3.42,30436,0
20100308,3.59,3.59,3.3,3.36,69613,0
20100309,3.35,3.43,3.2,3.34,45837,0
20100310,3.43,3.44,3.21,3.35,38608,0
20100311,3.38,3.42,3.27,3.39,21072,0
20100312,3.42,3.43,3.31,3.35,11176,0
20100315,3.37,3.37,3.21,3.3,35494,0
20100316,3.3,3.34,3.25,3.29,28611,0
20100317,3.31,3.31,3.16,3.23,31147,0
20100318,3.22,3.3,3.22,3.3,60104,0
20100319,3.29,3.35,3.29,3.35,25111,0
20100322,3.39,3.4,3.25,3.4,35757,0
20100323,3.7,3.74,3.5,3.6,71602,0
20100324,3.6,3.61,3.47,3.49,38914,0
20100325,3.55,3.55,3.4,3.51,20395,0
20100326,3.5,3.5,3.4,3.49,25649,0
20100329,3.53,3.68,3.49,3.5,78733,0
20100330,3.62,3.62,3.46,3.5,21906,0
20100331,3.5,3.5,3.46,3.5,12482,0
20100401,3.54,3.55,3.4,3.48,16116,0
20100406,3.48,3.52,3.46,3.48,8517,0
20100407,3.46,3.53,3.45,3.48,16072,0
20100408,3.53,3.53,3.4,3.47,12473,0
20100409,3.5,3.51,3.28,3.51,28051,0
20100412,3.53,3.53,3.31,3.49,7435,0
20100413,3.44,3.49,3.41,3.49,2739,0
20100414,3.49,3.49,3.4,3.45,16689,0
20100415,3.44,3.44,3.35,3.43,7153,0
20100416,3.48,3.48,3.35,3.45,8496,0
20100419,3.47,3.47,3.26,3.27,14820,0
20100420,3.34,3.34,3.29,3.34,11445,0
20100421,3.34,3.44,3.27,3.43,22813,0
20100422,3.32,3.44,3.32,3.39,18020,0
20100423,3.39,3.44,3.31,3.31,8078,0
20100426,3.41,3.59,3.26,3.52,25204,0
20100427,3.6,3.66,3.5,3.54,48810,0
20100428,3.45,3.5,3.35,3.4,69217,0
20100429,3.47,3.47,3.35,3.43,28684,0
20100430,3.47,3.63,3.38,3.45,34029,0
20100504,3.63,3.63,3.45,3.5,46821,0
20100505,3.56,3.56,3.45,3.48,24343,0
20100506,3.5,3.53,3.46,3.5,6863,0
20100507,3.45,3.45,3.35,3.38,28900,0
20100510,3.38,3.45,3.37,3.37,13820,0
20100511,3.39,3.49,3.18,3.37,35464,0
20100512,3.36,3.4,3.36,3.4,5790,0
20100513,3.4,3.52,3.39,3.4,31931,0
20100514,3.4,3.4,3.33,3.4,2333,0
20100517,3.4,3.4,3.21,3.38,11481,0
20100518,3.4,3.52,3.25,3.4,29266,0
20100519,3.4,3.4,3.25,3.35,33312,0
20100520,3.4,3.4,3.25,3.3,10058,0
20100521,3.21,3.39,3.2,3.35,18544,0
20100524,3.35,3.36,3.22,3.36,3488,0
20100525,3.26,3.35,3.23,3.3,5024,0
20100526,3.24,3.38,3.24,3.3,7423,0
20100527,3.25,3.3,3.23,3.3,15984,0
20100528,3.27,3.3,3.21,3.28,15693,0
20100531,3.29,3.29,2.98,3.01,306704,0
20100601,3.09,3.09,2.8,2.97,76952,0
20100602,2.93,3,2.9,2.98,18874,0
20100604,2.99,3.09,2.93,2.94,40626,0
20100607,2.95,3.01,2.92,3,39676,0
20100608,3.03,3.03,2.99,3,26664,0
20100609,3.03,3.09,3,3,29841,0
20100610,2.99,3,2.97,3,4380,0
20100611,3,3,2.83,2.95,22809,0
20100614,3,3,2.83,2.98,3584,0
20100615,2.97,2.97,2.86,2.91,6555,0
20100616,2.91,2.91,2.76,2.88,16354,0
20100617,2.87,2.89,2.79,2.86,17682,0
20100618,2.8,2.88,2.72,2.79,16016,0
20100621,2.85,2.85,2.75,2.8,14337,0
20100622,2.85,2.85,2.71,2.83,5733,0
20100623,2.83,2.83,2.63,2.75,12314,0
20100624,2.73,2.74,2.53,2.74,21727,0
20100625,2.74,2.98,2.74,2.97,20044,0
20100628,2.98,3.05,2.97,3.05,17619,0
20100629,3.04,3.07,2.9,2.9,16181,0
20100630,2.99,2.99,2.86,2.99,6576,0
20100701,2.99,2.99,2.85,2.99,4931,0
20100702,2.99,2.99,2.85,2.92,10182,0
20100705,2.99,2.99,2.84,2.84,7684,0
20100706,2.85,2.97,2.8,2.89,9308,0
20100707,2.77,2.95,2.7,2.77,15951,0
20100708,2.89,2.93,2.8,2.91,3117,0
20100709,2.91,2.92,2.85,2.9,1467,0
20100712,2.9,2.9,2.83,2.9,2370,0
20100713,2.92,2.97,2.84,2.97,8579,0
20100714,2.97,3.04,2.91,3.04,16154,0
20100715,3.04,3.11,2.98,3.05,15706,0
20100716,3.1,3.1,2.94,3.04,6109,0
20100719,3.05,3.05,2.94,3.03,7333,0
20100720,3.04,3.04,2.94,3.03,11631,0
20100721,3.03,3.03,2.91,2.91,17444,0
20100722,2.99,2.99,2.92,2.92,15639,0
20100723,2.99,2.99,2.86,2.94,7036,0
20100726,2.98,2.98,2.9,2.94,1803,0
20100727,2.86,2.94,2.85,2.85,13408,0
20100728,2.92,2.92,2.86,2.9,509,0
20100729,2.91,2.91,2.83,2.9,610,0
20100730,2.84,2.9,2.8,2.9,5803,0
20100802,2.81,2.97,2.8,2.97,15561,0
20100803,2.94,2.97,2.87,2.95,6347,0
20100804,2.9,2.96,2.87,2.95,15997,0
20100805,2.94,2.95,2.94,2.94,1072,0
20100806,2.84,2.92,2.8,2.92,7944,0
20100809,2.96,2.96,2.73,2.88,9295,0
20100810,2.75,2.89,2.71,2.88,7806,0
20100811,2.77,2.88,2.73,2.88,4512,0
20100812,2.81,2.87,2.81,2.87,3552,0
20100813,2.9,2.9,2.78,2.86,747,0
20100816,2.9,2.9,2.76,2.8,912,0
20100817,2.8,2.86,2.76,2.76,983,0
20100818,2.85,2.85,2.76,2.82,9208,0
20100819,2.84,2.85,2.8,2.85,2683,0
20100820,2.86,2.89,2.86,2.89,2603,0
20100823,2.89,2.9,2.88,2.9,6188,0
20100824,2.79,2.89,2.79,2.89,3301,0
20100825,2.89,2.89,2.77,2.88,880,0
20100826,2.85,2.85,2.75,2.76,20782,0
20100827,2.82,2.83,2.75,2.81,2875,0
20100830,2.86,2.86,2.75,2.8,1788,0
20100831,2.8,2.8,2.72,2.79,755,0
20100901,2.78,2.78,2.72,2.72,4757,0
20100902,2.72,2.79,2.71,2.75,14342,0
20100903,2.78,2.78,2.62,2.7,1664,0
20100906,2.75,2.79,2.67,2.77,4814,0
20100907,2.71,2.77,2.7,2.75,3370,0
20100908,2.72,2.8,2.72,2.76,8359,0
20100909,2.81,2.82,2.71,2.81,5234,0
20100910,2.78,2.89,2.78,2.83,15228,0
20100913,2.84,2.84,2.78,2.83,1821,0
20100914,2.83,2.83,2.75,2.82,6398,0
20100915,2.83,2.83,2.74,2.8,7130,0
20100916,2.8,2.8,2.76,2.78,7074,0
20100917,2.8,2.89,2.75,2.88,59303,0
20100920,2.85,3.15,2.83,2.95,300418,0
20100921,2.98,2.98,2.75,2.91,107493,0
20100922,2.86,2.89,2.7,2.77,73144,0
20100923,2.84,2.88,2.73,2.8,28735,0
20100924,2.85,2.85,2.77,2.85,49824,0
20100927,2.8,2.85,2.68,2.8,35544,0
20100928,2.82,2.82,2.73,2.79,6390,0
20100929,2.74,2.76,2.7,2.71,18835,0
20100930,2.77,2.9,2.68,2.86,154176,0
20101001,2.87,2.88,2.76,2.76,10558,0
20101004,2.79,2.84,2.77,2.84,17954,0
20101005,2.85,2.9,2.79,2.9,217849,0
20101006,2.94,2.97,2.86,2.86,29029,0
20101007,2.88,2.94,2.79,2.9,5668,0
20101008,2.9,2.91,2.76,2.81,6551,0
20101011,2.77,2.85,2.77,2.84,15053,0
20101012,2.86,2.9,2.77,2.8,11606,0
20101013,2.88,2.89,2.78,2.84,7379,0
20101014,2.87,2.87,2.78,2.78,5318,0
20101015,2.78,2.8,2.7,2.77,57177,0
20101018,2.72,2.77,2.71,2.76,8635,0
20101019,2.77,2.78,2.72,2.75,4735,0
20101020,2.71,2.8,2.7,2.78,27532,0
20101021,2.7,2.78,2.68,2.68,20679,0
20101022,2.69,2.76,2.68,2.7,12425,0
20101025,2.66,2.7,2.65,2.69,20018,0
20101026,2.69,2.74,2.66,2.74,6417,0
20101027,2.73,2.73,2.64,2.69,7060,0
20101028,2.74,2.74,2.68,2.73,6835,0
20101029,2.69,2.73,2.69,2.69,4334,0
20101102,2.71,2.73,2.67,2.71,7796,0
20101103,2.72,2.72,2.66,2.72,6070,0
20101104,2.7,2.73,2.66,2.73,5754,0
20101105,2.67,2.73,2.66,2.73,6180,0
20101108,2.73,2.73,2.66,2.69,46937,0
20101109,2.73,2.73,2.67,2.68,318253,0
20101110,2.69,2.7,2.64,2.68,51185,0
20101112,2.68,2.71,2.67,2.67,16330,0
20101115,2.71,2.71,2.66,2.7,23157,0
20101116,2.7,2.72,2.68,2.72,28273,0
20101117,2.69,2.72,2.68,2.72,48918,0
20101118,2.74,2.76,2.68,2.7,14947,0
20101119,2.74,2.74,2.65,2.7,9399,0
20101122,2.67,2.8,2.67,2.75,51610,0
20101123,2.78,2.78,2.67,2.78,12614,0
20101124,2.78,2.8,2.71,2.8,3163,0
20101125,2.8,2.83,2.73,2.79,11577,0
20101126,2.78,2.8,2.73,2.79,12945,0
20101129,2.78,2.78,2.75,2.75,4614,0
20101130,2.77,2.77,2.71,2.74,3573,0
20101201,2.74,2.8,2.74,2.8,6069,0
20101202,2.8,2.94,2.75,2.85,34867,0
20101203,2.91,2.91,2.83,2.83,4248,0
20101206,2.89,2.89,2.76,2.83,18785,0
20101207,2.75,2.82,2.75,2.77,13291,0
20101208,2.82,2.82,2.75,2.8,5024,0
20101209,2.79,2.85,2.79,2.84,27933,0
20101210,2.84,2.84,2.75,2.84,360,0
20101213,2.84,2.84,2.79,2.83,6714,0
20101214,2.83,2.84,2.8,2.84,15093,0
20101215,2.84,2.9,2.78,2.81,5465,0
20101216,2.78,2.85,2.78,2.84,3410,0
20101217,2.84,2.84,2.66,2.74,1542,0
20101220,2.85,2.85,2.74,2.77,6295,0
20101221,2.75,2.77,2.75,2.77,1550,0
20101222,2.76,2.76,2.72,2.76,2760,0
20101223,2.77,2.83,2.77,2.78,15459,0
20101227,2.78,2.82,2.78,2.78,6709,0
20101228,2.78,2.78,2.74,2.75,33838,0
20101229,2.81,2.81,2.79,2.8,5877,0
20101230,2.81,2.85,2.8,2.85,16154,0
20101231,2.84,2.89,2.82,2.89,10061,0
20110103,2.9,2.94,2.87,2.94,48552,0
20110104,2.93,2.93,2.84,2.9,25924,0
20110105,2.91,2.91,2.85,2.85,21174,0
20110107,2.9,2.9,2.86,2.9,18704,0
20110110,2.9,2.9,2.85,2.89,7291,0
20110111,2.9,2.9,2.85,2.87,6450,0
20110112,2.9,2.9,2.87,2.9,11023,0
20110113,2.85,2.89,2.81,2.89,5846,0
20110114,2.89,2.9,2.86,2.87,12571,0
20110117,2.87,2.88,2.82,2.88,16837,0
20110118,2.85,2.85,2.79,2.84,50158,0
20110119,2.78,2.86,2.77,2.77,10240,0
20110120,2.84,2.89,2.76,2.84,14778,0
20110121,2.85,2.88,2.77,2.79,39448,0
20110124,2.8,2.8,2.73,2.75,30866,0
20110125,2.79,2.8,2.77,2.8,8451,0
20110126,2.79,2.85,2.79,2.85,46897,0
20110127,2.85,2.85,2.8,2.85,7578,0
20110128,2.85,2.85,2.78,2.82,16869,0
20110131,2.85,2.85,2.78,2.82,11344,0
20110201,2.77,2.87,2.75,2.87,90485,0
20110202,2.87,2.9,2.8,2.88,33192,0
20110203,2.8,3.15,2.8,3.05,65093,0
20110204,3.11,3.12,2.96,3.03,50211,0
20110207,2.97,3.12,2.97,3.07,10772,0
20110208,3.08,3.15,2.98,3.12,43008,0
20110209,3.17,3.4,3.17,3.39,106437,0
20110210,3.4,3.5,3.2,3.25,29422,0
20110211,3.11,3.31,3.04,3.29,77356,0
20110214,3.3,3.45,3.11,3.34,7061,0
20110215,3.34,3.37,3.25,3.37,7682,0
20110216,3.37,3.37,3.28,3.36,9641,0
20110217,3.34,3.36,3.2,3.36,11053,0
20110218,3.3,3.41,3.25,3.41,25916,0
20110221,3.44,3.5,3.35,3.47,9329,0
20110222,3.48,3.48,3.26,3.39,4254,0
20110223,3.29,3.39,3.25,3.38,7318,0
20110224,3.46,3.46,3.3,3.43,6027,0
20110225,3.4,3.55,3.36,3.49,134362,0
20110228,3.55,3.58,3.4,3.49,11934,0
20110301,3.4,3.51,3.33,3.49,23485,0
20110302,3.45,3.45,3.33,3.33,19535,0
20110303,3.35,3.4,3.32,3.39,5127,0
20110304,3.49,3.49,3.3,3.39,29216,0
20110307,3.35,3.45,3.16,3.25,4952,0
20110308,3.16,3.25,3.1,3.12,52935,0
20110309,3.22,3.22,2.91,3.2,21268,0
20110310,3.15,3.21,3.01,3.2,7848,0
20110311,3.04,3.2,3.04,3.17,2358,0
20110314,3.29,3.29,3.15,3.15,599,0
20110315,3.06,3.1,2.95,3.09,11462,0
20110316,3.14,3.15,2.99,3.13,5377,0
20110317,3.07,3.15,3.05,3.15,28720,0
20110318,3.28,3.28,3.08,3.17,3229,0
20110321,3.18,3.29,3,3.13,8319,0
20110322,3.03,3.03,2.81,2.92,55416,0
20110323,2.99,3.04,2.95,3.02,1928,0
20110324,2.97,3.01,2.9,3,14901,0
20110325,2.99,3,2.9,2.9,9378,0
20110328,2.93,3.2,2.93,2.98,40610,0
20110329,2.99,2.99,2.96,2.99,3969,0
20110330,3,3.09,2.9,2.94,19666,0
20110331,2.88,2.94,2.86,2.92,6971,0
20110401,2.85,2.93,2.82,2.93,3724,0
20110404,2.87,3.05,2.86,3.05,25692,0
20110405,3.1,3.1,2.93,3.04,16683,0
20110406,3.04,3.04,3.02,3.03,3734,0
20110407,3.03,3.04,2.94,2.97,5649,0
20110408,2.98,3.15,2.96,3.05,25320,0
20110411,3.05,3.06,2.94,3.05,8292,0
20110412,3.06,3.06,2.91,3.04,12319,0
20110413,2.97,3.06,2.97,3.06,3050,0
20110414,3.05,3.05,2.88,2.99,11834,0
20110415,2.91,2.98,2.87,2.87,13404,0
20110418,2.88,2.95,2.88,2.94,3422,0
20110419,2.9,3,2.9,3,6455,0
20110420,3,3,2.92,2.98,655,0
20110421,2.87,2.97,2.87,2.94,986,0
20110426,2.92,2.94,2.87,2.94,2947,0
20110427,2.86,2.91,2.82,2.9,4956,0
20110428,2.86,2.92,2.75,2.9,14735,0
20110429,2.8,2.9,2.79,2.9,1002,0
20110502,2.89,2.95,2.89,2.94,2403,0
20110504,2.99,2.99,2.85,2.98,7574,0
20110505,2.98,3,2.97,3,10623,0
20110506,3,3,2.87,3,702,0
20110509,2.89,2.98,2.86,2.86,7606,0
20110510,2.9,2.93,2.85,2.93,1020,0
20110511,2.86,2.86,2.8,2.85,4810,0
20110512,2.83,2.85,2.8,2.8,5691,0
20110513,2.8,2.92,2.76,2.85,3927,0
20110516,2.85,2.89,2.7,2.7,6467,0
20110517,2.7,2.78,2.66,2.75,10794,0
20110518,2.87,2.87,2.6,2.79,12341,0
20110519,2.86,2.86,2.61,2.79,22,0
20110520,2.76,2.79,2.76,2.79,945,0
20110523,2.66,2.77,2.66,2.77,3,0
20110524,2.79,2.79,2.66,2.79,258,0
20110525,2.63,2.75,2.63,2.73,29359,0
20110526,2.75,2.75,2.6,2.7,25364,0
20110527,2.75,2.75,2.68,2.74,39056,0
20110530,2.79,2.79,2.69,2.75,3341,0
20110531,2.67,2.72,2.6,2.69,8919,0
20110601,2.64,2.75,2.64,2.73,6581,0
20110602,2.74,2.74,2.66,2.73,1002,0
20110603,2.74,2.74,2.66,2.73,7514,0
20110606,2.71,2.79,2.67,2.79,9203,0
20110607,2.75,2.81,2.67,2.81,10359,0
20110608,2.81,2.85,2.75,2.81,4400,0
20110609,2.81,2.84,2.68,2.68,7969,0
20110610,2.7,2.7,2.68,2.68,6566,0
20110613,2.73,2.73,2.7,2.73,7139,0
20110614,2.7,2.71,2.69,2.7,4350,0
20110615,2.7,2.7,2.66,2.66,7767,0
20110616,2.7,2.7,2.63,2.69,4638,0
20110617,2.7,2.7,2.7,2.7,1002,0
20110620,2.7,2.74,2.7,2.7,4404,0
20110621,2.65,2.7,2.6,2.61,6427,0
20110622,2.6,2.68,2.59,2.64,9475,0
20110624,2.44,2.56,2.44,2.56,6511,0
20110627,2.56,2.57,2.56,2.57,448,0
20110628,2.53,2.56,2.5,2.56,1330,0
20110629,2.59,2.6,2.52,2.6,3767,0
20110630,2.56,2.6,2.56,2.6,1005,0
20110701,2.56,2.6,2.56,2.6,3602,0
20110704,2.6,2.63,2.56,2.61,1536,0
20110705,2.6,2.6,2.5,2.59,2530,0
20110706,2.6,2.6,2.52,2.59,1078,0
20110707,2.59,2.59,2.5,2.54,5160,0
20110708,2.5,2.54,2.5,2.54,699,0
20110711,2.51,2.55,2.5,2.51,4950,0
20110712,2.45,2.49,2.31,2.45,5375,0
20110713,2.49,2.49,2.33,2.44,4551,0
20110714,2.4,2.5,2.4,2.44,6832,0
20110715,2.5,2.5,2.44,2.5,8663,0
20110718,2.5,2.5,2.42,2.44,4090,0
20110719,2.47,2.47,2.29,2.43,9140,0
20110720,2.32,2.44,2.32,2.43,5043,0
20110721,2.43,2.44,2.43,2.44,2155,0
20110722,2.49,2.6,2.49,2.58,20922,0
20110725,2.6,2.6,2.55,2.6,16611,0
20110726,2.6,2.75,2.47,2.69,41011,0
20110727,2.69,2.7,2.51,2.56,7955,0
20110728,2.55,2.55,2.33,2.48,21651,0
20110729,2.48,2.53,2.35,2.45,5093,0
20110801,2.45,2.45,2.3,2.45,6807,0
20110802,2.43,2.45,2.43,2.45,3661,0
20110803,2.37,2.45,2.28,2.4,11313,0
20110804,2.28,2.36,2.17,2.36,7225,0
20110805,2.19,2.25,2.17,2.25,8163,0
20110808,2.15,2.15,1.95,2.1,19747,0
20110809,2,2,1.99,2,30297,0
20110810,2,2.3,1.97,2.1,5075,0
20110811,1.99,2.08,1.97,2.07,6851,0
20110812,2.09,2.3,2.09,2.24,3633,0
20110816,2.32,2.39,2.28,2.39,2355,0
20110817,2.39,2.54,2.39,2.53,4005,0
20110818,2.48,2.48,2.1,2.16,17080,0
20110819,2.34,2.34,1.97,2.02,27227,0
20110822,2.09,2.13,2,2.12,6046,0
20110823,2.22,2.22,1.96,2.05,12348,0
20110824,2.05,2.05,2.05,2.05,555,0
20110825,2.05,2.16,2,2.08,6317,0
20110826,2.07,2.07,1.97,1.97,3711,0
20110829,1.91,2.04,1.91,2.04,12327,0
20110830,2.05,2.08,2,2.08,6025,0
20110831,2,2.08,2,2.08,3234,0
20110901,2.1,2.1,2.03,2.08,3007,0
20110902,2.07,2.08,2,2.05,4794,0
20110905,2.04,2.05,1.95,1.95,16037,0
20110906,1.85,2,1.85,1.98,15378,0
20110907,1.95,1.96,1.89,1.9,8508,0
20110908,1.95,2,1.9,2,27568,0
20110909,1.9,2.01,1.88,1.88,3700,0
20110912,2,2,1.85,1.9,15004,0
20110913,1.85,1.9,1.85,1.9,4771,0
20110914,1.92,1.92,1.8,1.8,14863,0
20110915,1.85,1.87,1.84,1.87,1680,0
20110916,1.74,1.87,1.74,1.87,2288,0
20110919,1.81,1.92,1.8,1.85,2975,0
20110920,1.8,1.8,1.8,1.8,975,0
20110921,1.8,1.83,1.8,1.83,4000,0
20110922,1.81,1.92,1.81,1.92,1055,0
20110923,1.76,1.84,1.72,1.72,8122,0
20110926,1.78,1.84,1.7,1.76,9331,0
20110927,1.75,1.76,1.7,1.71,14043,0
20110928,1.71,1.72,1.69,1.7,5453,0
20110929,1.7,1.79,1.6,1.79,6357,0
20110930,1.79,1.82,1.71,1.78,1850,0
20111003,1.73,1.75,1.73,1.75,182,0
20111004,1.58,1.73,1.58,1.69,3640,0
20111005,1.69,1.9,1.69,1.9,5846,0
20111006,1.89,1.89,1.89,1.89,292,0
20111010,1.87,1.95,1.73,1.88,9015,0
20111011,1.82,1.87,1.77,1.87,698,0
20111012,1.89,1.89,1.77,1.89,509,0
20111013,1.79,1.99,1.72,1.93,17883,0
20111014,1.93,1.93,1.88,1.91,2320,0
20111017,1.9,1.9,1.88,1.9,1895,0
20111018,1.89,2,1.8,2,9163,0
20111019,2,2.1,1.83,1.91,30063,0
20111020,1.86,1.93,1.84,1.9,2057,0
20111021,1.96,1.98,1.84,1.84,18567,0
20111024,1.92,2.02,1.92,2.02,25428,0
20111025,2.06,2.06,1.9,1.9,1471,0
20111026,2,2,1.98,1.98,2005,0
20111027,1.98,2.04,1.9,2.01,75577,0
20111028,2.02,2.02,1.91,2.01,27725,0
20111031,2.02,2.05,1.89,1.89,12585,0
20111102,1.88,2,1.88,1.94,5206,0
20111103,1.95,1.95,1.95,1.95,200,0
20111104,1.95,2.05,1.9,1.9,6501,0
20111107,1.88,2,1.85,2,2964,0
20111108,1.97,1.97,1.97,1.97,713,0
20111109,1.85,1.98,1.85,1.98,10051,0
20111110,1.96,1.96,1.9,1.95,837,0
20111114,1.82,1.97,1.82,1.97,1649,0
20111115,1.95,1.95,1.9,1.94,2010,0
20111116,1.83,1.9,1.76,1.88,3588,0
20111117,1.88,1.94,1.88,1.9,3889,0
20111118,1.82,1.9,1.8,1.87,9035,0
20111121,1.84,1.84,1.78,1.81,2940,0
20111122,1.83,1.94,1.83,1.85,7397,0
20111123,1.94,1.94,1.86,1.9,6205,0
20111124,1.9,1.94,1.82,1.94,11398,0
20111125,1.94,2,1.94,2,8039,0
20111128,1.99,2.06,1.99,2.04,12173,0
20111129,2.05,2.05,2.05,2.05,650,0
20111130,2.05,2.09,2.04,2.09,8581,0
20111201,2.1,2.1,2.01,2.08,1205,0
20111202,2.1,2.1,2.1,2.1,2,0
20111205,2.03,2.05,1.97,1.97,1512,0
20111206,2.08,2.08,2.08,2.08,10,0
20111208,2.05,2.06,2.05,2.06,1050,0
20111209,1.94,2.06,1.94,2.04,1517,0
20111212,2.04,2.07,2.04,2.05,1503,0
20111213,2.04,2.05,2,2,3375,0
20111214,2.06,2.09,2.06,2.09,2517,0
20111215,2.07,2.1,1.89,1.99,8058,0
20111216,1.95,2.04,1.89,2.04,6308,0
20111219,2.04,2.04,2.04,2.04,500,0
20111221,1.9,2.02,1.87,2.02,5588,0
20111222,1.88,2.02,1.82,2,13904,0
20111223,1.82,1.97,1.81,1.82,17891,0
20111227,1.82,1.82,1.67,1.76,6111,0
20111228,1.77,1.77,1.62,1.73,13365,0
20111229,1.63,1.77,1.63,1.77,2225,0
20111230,1.86,1.86,1.86,1.86,5,0
20120102,1.86,1.94,1.86,1.94,1802,0
20120103,1.93,1.93,1.93,1.93,100,0
20120104,1.74,1.93,1.74,1.93,428,0
20120110,1.92,1.92,1.92,1.92,400,0
20120111,1.92,1.92,1.92,1.92,523,0
20120112,1.9,1.9,1.89,1.89,6150,0
20120113,1.92,1.92,1.84,1.9,900,0
20120116,1.82,1.9,1.8,1.89,2190,0
20120118,1.88,1.88,1.82,1.82,2427,0
20120119,1.88,1.88,1.82,1.87,1648,0
20120120,1.81,1.87,1.81,1.82,1152,0
20120123,1.83,1.86,1.83,1.86,54,0
20120124,1.83,1.86,1.83,1.86,965,0
20120125,1.86,1.92,1.86,1.92,17036,0
20120126,1.91,1.99,1.86,1.9,15175,0
20120127,1.87,1.96,1.87,1.96,2056,0
20120130,1.98,1.98,1.93,1.98,1525,0
20120131,1.91,1.96,1.9,1.96,4105,0
20120201,1.9,1.98,1.9,1.98,9993,0
20120202,1.96,1.96,1.96,1.96,5000,0
20120203,2.07,2.14,2.06,2.12,33494,0
20120206,2.2,2.29,2.14,2.24,17689,0
20120207,2.28,2.28,2.19,2.19,3834,0
20120208,2.19,2.19,2.07,2.19,8650,0
20120209,2.1,2.18,2.1,2.17,1868,0
20120210,2.17,2.17,2.1,2.15,5080,0
20120213,2.07,2.13,2.02,2.02,6972,0
20120214,2.08,2.18,2.08,2.15,5546,0
20120215,2.17,2.17,2,2.15,4655,0
20120216,2.14,2.14,2.01,2.13,7042,0
20120217,2.04,2.2,2.02,2.15,13121,0
20120220,2.24,2.25,2.24,2.25,1592,0
20120221,2.21,2.23,2.21,2.22,4062,0
20120222,2.17,2.17,2.08,2.15,6496,0
20120223,2.15,2.15,2.15,2.15,25,0
20120224,2.14,2.15,2.14,2.15,1439,0
20120227,2.16,2.19,2.16,2.19,495,0
20120228,2.15,2.18,2.04,2.18,156,0
20120229,2.03,2.17,1.98,1.98,11503,0
20120301,2,2.14,2,2.14,2635,0
20120302,2.04,2.11,1.94,2.07,4066,0
20120305,2.05,2.09,1.99,2,4676,0
20120306,2,2.04,1.93,2.04,4947,0
20120307,2.08,2.08,2.08,2.08,4,0
20120308,2.07,2.07,2.07,2.07,1000,0
20120309,2.12,2.12,1.96,1.96,5002,0
20120312,2.04,2.05,1.93,1.99,16317,0
20120313,2.03,2.03,1.92,2.03,2013,0
20120314,2.01,2.02,1.88,1.89,16281,0
20120315,1.95,1.95,1.9,1.95,6090,0
20120316,1.95,2.12,1.95,2.09,24201,0
20120319,2.1,2.14,1.97,1.97,1340,0
20120320,2.09,2.09,2,2.09,2316,0
20120321,2.05,2.23,1.95,2.23,37004,0
20120322,2.24,2.25,2.19,2.22,19072,0
20120323,2.12,2.25,2.12,2.25,5850,0
20120326,2.22,2.22,2.04,2.1,10512,0
20120327,2.06,2.16,2.04,2.04,4482,0
20120328,2.04,2.17,2,2.08,12409,0
20120329,2.13,2.18,2,2.08,2267,0
20120330,2,2.17,2,2.17,5116,0
20120402,2.19,2.19,2.03,2.12,4589,0
20120403,2.04,2.18,1.93,2,6207,0
20120404,2.18,2.18,2.05,2.15,2008,0
20120405,2.14,2.18,2.01,2.18,7574,0
20120410,2.18,2.22,2.11,2.21,6487,0
20120411,2.21,2.21,2,2.01,24896,0
20120412,2.03,2.09,2.03,2.09,1170,0
20120413,2.04,2.1,2.04,2.1,3795,0
20120416,2.1,2.17,2.1,2.16,1945,0
20120417,2.04,2.16,2.04,2.13,5241,0
20120418,2.13,2.13,2.05,2.12,2256,0
20120419,2.05,2.05,2,2,14285,0
20120420,2.01,2.05,1.94,2.04,15020,0
20120423,1.95,2.02,1.9,2,9660,0
20120424,1.95,2.01,1.9,2.01,1660,0
20120425,1.99,2.03,1.93,2.03,3850,0
20120426,1.94,2,1.92,2,5932,0
20120427,1.96,2,1.96,2,2002,0
20120430,1.9,2,1.9,2,1263,0
20120502,1.9,1.97,1.86,1.97,214,0
20120504,1.85,1.95,1.85,1.95,3901,0
20120507,1.83,1.9,1.83,1.9,1479,0
20120508,1.86,1.96,1.86,1.96,2386,0
20120509,1.9,1.98,1.87,1.97,2453,0
20120510,1.97,1.97,1.97,1.97,912,0
20120511,1.86,1.95,1.86,1.95,5050,0
20120514,1.99,1.99,1.99,1.99,5,0
20120515,1.83,1.85,1.8,1.84,5180,0
20120516,1.82,1.82,1.73,1.75,9973,0
20120517,1.82,1.85,1.71,1.71,1002,0
20120518,1.71,1.8,1.71,1.8,4628,0
20120521,1.82,1.98,1.8,1.98,1773,0
20120524,1.8,1.9,1.8,1.9,864,0
20120525,1.73,1.81,1.73,1.81,2800,0
20120528,1.8,1.8,1.68,1.7,18474,0
20120529,1.87,1.87,1.67,1.7,4752,0
20120530,1.7,1.8,1.69,1.78,7067,0
20120531,1.65,1.78,1.61,1.74,7575,0
20120601,1.8,1.85,1.62,1.69,17581,0
20120604,1.69,1.72,1.61,1.72,407,0
20120605,1.61,1.67,1.55,1.66,8373,0
20120606,1.66,1.73,1.5,1.68,5945,0
20120608,1.68,1.7,1.68,1.7,438,0
20120611,1.53,1.69,1.53,1.69,2321,0
20120612,1.58,1.63,1.53,1.6,12419,0
20120614,1.63,1.67,1.63,1.63,116,0
20120615,1.77,1.77,1.73,1.74,6643,0
20120618,1.74,1.74,1.74,1.74,284,0
20120619,1.58,1.71,1.58,1.66,11394,0
20120620,1.67,1.67,1.57,1.67,2931,0
20120621,1.58,1.65,1.58,1.65,3012,0
20120622,1.57,1.65,1.56,1.6,12094,0
20120625,1.54,1.66,1.54,1.55,14747,0
20120626,1.55,1.58,1.54,1.58,10952,0
20120628,1.55,1.61,1.55,1.55,4719,0
20120629,1.55,1.59,1.54,1.54,2423,0
20120702,1.54,1.59,1.53,1.59,7753,0
20120703,1.59,1.59,1.59,1.59,1953,0
20120704,1.58,1.58,1.51,1.57,12679,0
20120705,1.51,1.56,1.48,1.54,9710,0
20120706,1.48,1.52,1.47,1.52,1355,0
20120709,1.52,1.52,1.48,1.5,6675,0
20120710,1.53,1.55,1.5,1.5,4293,0
20120711,1.52,1.52,1.5,1.5,1331,0
20120712,1.47,1.48,1.45,1.48,12942,0
20120713,1.48,1.56,1.45,1.56,30295,0
20120716,1.56,1.56,1.56,1.56,101370,0
20120717,1.5,1.5,1.42,1.43,15871,0
20120718,1.4,1.47,1.4,1.47,948,0
20120720,1.47,1.5,1.4,1.4,13026,0
20120723,1.4,1.4,1.4,1.4,2000,0
20120724,1.37,1.47,1.28,1.47,4380,0
20120725,1.4,1.4,1.34,1.36,55521,0
20120726,1.37,1.39,1.37,1.39,10170,0
20120730,1.39,1.39,1.29,1.34,8925,0
20120731,1.34,1.35,1.29,1.3,21226,0
20120801,1.29,1.29,1.25,1.27,5705,0
20120802,1.25,1.31,1.25,1.31,3647,0
20120803,1.32,1.32,1.32,1.32,304,0
20120806,1.28,1.34,1.28,1.34,4000,0
20120808,1.27,1.31,1.26,1.3,13719,0
20120809,1.3,1.3,1.3,1.3,100,0
20120810,1.3,1.3,1.25,1.25,32001,0
20120813,1.23,1.23,1.2,1.2,12495,0
20120814,1.2,1.2,1.13,1.2,37110,0
20120816,1.22,1.22,1.22,1.22,2320,0
20120817,1.22,1.22,1.14,1.14,1800,0
20120820,1.16,1.18,1.16,1.18,4738,0
20120821,1.18,1.23,1.18,1.23,7332,0
20120822,1.23,1.23,1.23,1.23,1271,0
20120823,1.16,1.2,1.14,1.2,4048,0
20120824,1.22,1.23,1.15,1.17,3880,0
20120827,1.23,1.28,1.23,1.28,10101,0
20120828,1.28,1.35,1.28,1.35,9553,0
20120829,1.32,1.32,1.29,1.29,11093,0
20120830,1.23,1.26,1.23,1.26,10800,0
20120831,1.26,1.26,1.26,1.26,3854,0
20120903,1.26,1.33,1.26,1.32,26929,0
20120904,1.32,1.32,1.21,1.28,11804,0
20120905,1.27,1.27,1.27,1.27,20,0
20120906,1.28,1.28,1.24,1.25,5544,0
20120907,1.23,1.28,1.2,1.28,18766,0
20120910,1.23,1.28,1.22,1.27,14271,0
20120911,1.27,1.27,1.22,1.22,8038,0
20120912,1.22,1.24,1.2,1.24,6392,0
20120913,1.2,1.22,1.2,1.2,2768,0
20120914,1.23,1.25,1.2,1.2,6400,0
20120917,1.25,1.25,1.2,1.25,5450,0
20120918,1.25,1.25,1.23,1.25,1985,0
20120919,1.27,1.47,1.27,1.45,161875,0
20120920,1.47,1.47,1.4,1.45,54390,0
20120921,1.47,1.57,1.4,1.56,46425,0
20120924,1.66,1.66,1.47,1.55,17189,0
20120925,1.48,1.55,1.47,1.55,2680,0
20120926,1.52,1.54,1.52,1.52,4688,0
20120927,1.5,1.5,1.47,1.47,81500,0
20120928,1.5,1.5,1.5,1.5,1377,0
20121001,1.49,1.51,1.49,1.5,5454,0
20121002,1.5,1.64,1.5,1.64,18195,0
20121003,1.64,1.64,1.53,1.62,5434,0
20121004,1.62,1.73,1.62,1.73,14561,0
20121005,1.73,1.73,1.64,1.73,4941,0
20121008,1.73,1.73,1.7,1.7,1329,0
20121009,1.7,1.7,1.59,1.59,15672,0
20121010,1.6,1.69,1.6,1.61,2122,0
20121011,1.68,1.68,1.6,1.63,2261,0
20121012,1.69,1.69,1.56,1.65,2388,0
20121015,1.65,1.65,1.57,1.57,1387,0
20121016,1.57,1.67,1.5,1.63,1554,0
20121017,1.67,1.69,1.65,1.69,2568,0
20121018,1.69,1.69,1.65,1.69,5337,0
20121019,1.69,1.78,1.68,1.77,11117,0
20121022,1.78,1.78,1.7,1.77,3422,0
20121023,1.77,1.77,1.69,1.77,805,0
20121024,1.78,1.78,1.78,1.78,1012,0
20121025,1.78,1.78,1.78,1.78,1615,0
20121026,1.78,1.99,1.78,1.97,37215,0
20121029,1.97,1.99,1.9,1.99,24011,0
20121030,2,2.01,1.81,1.96,13754,0
20121031,1.97,2.06,1.97,2.06,5719,0
20121102,2.1,2.23,2,2.12,20135,0
20121105,2.11,2.11,2.06,2.09,10820,0
20121106,2.08,2.12,2.07,2.12,39529,0
20121107,2.12,2.12,2,2.01,18675,0
20121108,1.99,2.08,1.99,2.07,2857,0
20121109,2.01,2.1,2.01,2.1,31567,0
20121112,2.05,2.09,2.05,2.05,9172,0
20121113,2.07,2.07,2.07,2.07,1713,0
20121114,2.06,2.06,2.02,2.06,6551,0
20121115,2.1,2.1,1.9,1.9,95974,0
20121116,1.89,1.89,1.73,1.81,39939,0
20121119,1.81,2.06,1.75,1.99,54037,0
20121120,1.95,2,1.91,1.98,18670,0
20121121,1.98,1.98,1.92,1.97,1415,0
20121122,1.91,1.91,1.85,1.9,13089,0
20121123,1.86,1.92,1.85,1.9,2653,0
20121126,1.85,1.85,1.8,1.82,13572,0
20121127,1.79,1.8,1.75,1.8,2641,0
20121128,1.84,1.86,1.8,1.8,2509,0
20121129,1.85,1.85,1.8,1.85,3555,0
20121203,1.84,1.84,1.84,1.84,2625,0
20121204,1.8,1.85,1.8,1.85,3108,0
20121205,1.84,1.85,1.84,1.85,2171,0
20121206,1.78,1.96,1.78,1.95,17215,0
20121207,1.97,2,1.97,1.99,10578,0
20121210,2,2,1.91,1.91,554,0
20121211,2,2,1.91,1.93,20491,0
20121212,1.94,1.94,1.94,1.94,35,0
20121213,1.86,2,1.85,2,8900,0
20121214,2,2,1.94,1.97,20452,0
20121217,1.91,1.98,1.9,1.98,3082,0
20121218,1.91,1.98,1.9,1.95,4282,0
20121219,1.91,1.93,1.85,1.92,19928,0
20121220,1.85,1.91,1.85,1.9,65803,0
20121221,1.89,1.93,1.85,1.93,8173,0
20121227,1.86,1.98,1.85,1.97,18557,0
20121228,1.97,1.98,1.88,1.91,18315,0
20130102,1.88,1.96,1.87,1.87,22196,0
20130103,1.84,1.89,1.72,1.85,38626,0
20130104,1.79,1.85,1.77,1.82,15629,0
20130107,1.78,1.81,1.72,1.81,644,0
20130108,1.73,1.81,1.73,1.8,1280,0
20130109,1.8,1.8,1.74,1.8,3636,0
20130110,1.78,1.8,1.75,1.8,6560,0
20130111,1.8,1.8,1.75,1.8,37004,0
20130114,1.8,1.8,1.71,1.76,12795,0
20130115,1.8,1.8,1.79,1.8,2000,0
20130116,1.8,1.8,1.8,1.8,5545,0
20130117,1.8,1.8,1.76,1.8,57985,0
20130118,1.76,1.8,1.76,1.8,6197,0
20130121,1.8,1.8,1.74,1.77,45912,0
20130122,1.77,1.8,1.75,1.76,22368,0
20130123,1.77,1.8,1.76,1.79,12164,0
20130124,1.8,1.8,1.77,1.78,15718,0
20130125,1.78,1.85,1.78,1.8,188890,0
20130128,1.8,1.8,1.76,1.79,24952,0
20130129,1.79,1.8,1.78,1.8,9489,0
20130130,1.8,1.8,1.75,1.79,8469,0
20130131,1.74,1.78,1.71,1.78,12572,0
20130201,1.75,1.75,1.74,1.75,68573,0
20130204,1.74,1.74,1.71,1.72,6625,0
20130205,1.71,1.72,1.66,1.72,8290,0
20130206,1.72,1.82,1.68,1.81,102957,0
20130207,1.83,1.92,1.8,1.81,83829,0
20130208,1.84,1.84,1.78,1.81,12095,0
20130211,1.8,1.8,1.77,1.79,21102,0
20130212,1.8,1.8,1.74,1.78,120050,0
20130213,1.76,1.76,1.71,1.75,11195,0
20130214,1.75,1.75,1.73,1.75,23326,0
20130215,1.74,1.75,1.72,1.75,10457,0
20130218,1.73,1.78,1.73,1.78,12452,0
20130219,1.78,1.83,1.78,1.79,55280,0
20130220,1.76,1.78,1.74,1.76,13486,0
20130221,1.74,1.76,1.74,1.76,1484,0
20130222,1.75,1.8,1.75,1.76,2599,0
20130225,1.8,1.8,1.75,1.79,7630,0
20130226,1.79,1.79,1.79,1.79,2843,0
20130227,1.76,1.8,1.75,1.8,8033,0
20130228,1.8,1.84,1.78,1.81,37768,0
20130301,1.82,1.82,1.77,1.81,7094,0
20130304,1.82,1.82,1.75,1.8,11197,0
20130305,1.8,1.8,1.77,1.8,7165,0
20130306,1.76,1.8,1.76,1.8,6683,0
20130307,1.77,1.82,1.77,1.78,26164,0
20130308,1.8,1.82,1.79,1.82,19721,0
20130311,1.81,1.81,1.75,1.8,14025,0
20130312,1.78,1.82,1.77,1.79,33362,0
20130313,1.8,1.8,1.78,1.8,5469,0
20130314,1.8,1.8,1.75,1.79,28491,0
20130315,1.79,1.81,1.79,1.8,30947,0
20130318,1.79,1.8,1.79,1.8,4276,0
20130319,1.8,1.83,1.8,1.83,33852,0
20130320,1.84,1.97,1.84,1.96,101890,0
20130321,2.01,2.2,1.98,2.05,336354,0
20130322,2.06,2.06,1.91,1.98,47275,0
20130325,2.03,2.23,1.96,2.2,545825,0
20130326,2.25,2.42,2.18,2.18,378144,0
20130327,2.18,2.35,2.18,2.29,66390,0
20130328,2.3,2.32,2.17,2.17,54423,0
20130402,2.19,2.23,2.05,2.06,49165,0
20130403,2.06,2.11,2,2.04,34251,0
20130404,2.02,2.06,1.97,2,15646,0
20130405,2,2.04,1.93,1.98,18079,0
20130408,1.99,2.15,1.95,2.04,38990,0
20130409,2.01,2.08,1.98,2.03,16105,0
20130410,2.07,2.07,1.99,2,9682,0
20130411,2.02,2.08,2,2.03,16271,0
20130412,2.03,2.08,1.96,2,16249,0
20130415,1.97,1.97,1.81,1.91,5664,0
20130417,1.85,1.93,1.78,1.85,16759,0
20130418,1.81,1.85,1.66,1.74,45167,0
20130419,1.74,1.85,1.66,1.8,47206,0
20130422,1.8,1.85,1.7,1.76,8821,0
20130423,1.73,1.8,1.69,1.8,8260,0
20130424,1.75,1.75,1.55,1.55,45405,0
20130425,1.59,1.68,1.56,1.65,42783,0
20130426,1.69,1.7,1.61,1.69,43821,0
20130429,1.69,1.78,1.68,1.77,22961,0
20130430,1.83,1.89,1.76,1.85,86636,0
20130502,1.9,1.98,1.85,1.92,32024,0
20130506,1.97,1.97,1.8,1.8,45518,0
20130507,1.8,1.91,1.8,1.88,25053,0
20130508,1.88,1.93,1.86,1.93,21505,0
20130509,1.91,1.91,1.82,1.84,9717,0
20130510,1.84,1.89,1.84,1.89,12732,0
20130513,1.89,1.92,1.89,1.92,13805,0
20130514,1.92,1.94,1.86,1.94,22517,0
20130515,1.95,2.1,1.95,2.05,66771,0
20130516,2.04,2.08,2,2.08,33851,0
20130517,2.12,2.18,2.08,2.15,66903,0
20130520,2.19,2.19,2.13,2.18,46914,0
20130521,2.14,2.25,2.14,2.23,75306,0
20130522,2.18,2.23,2.08,2.2,84458,0
20130523,2.18,2.23,2.08,2.23,22208,0
20130524,2.2,2.28,2.18,2.24,10506,0
20130527,2.24,2.24,2.12,2.15,10356,0
20130528,2.12,2.16,1.94,2.05,50225,0
20130529,2,2.07,1.97,2.07,25816,0
20130531,2.03,2.11,2,2.04,13173,0
20130603,2.01,2.05,1.99,2,10345,0
20130604,2,2,1.87,1.93,67988,0
20130605,1.92,2,1.9,2,27091,0
20130606,2.01,2.08,2.01,2.03,16960,0
20130607,2.05,2.07,2,2.05,19658,0
20130610,2.05,2.07,1.97,2,25155,0
20130611,2.04,2.07,1.95,2,14533,0
20130612,1.96,2.02,1.96,2.02,6021,0
20130613,1.99,2.01,1.98,2.01,2554,0
20130614,1.94,2,1.92,1.98,21416,0
20130617,1.94,2.04,1.94,2.04,17016,0
20130618,2.03,2.16,1.98,2.12,67712,0
20130619,2.1,2.15,2.09,2.09,10958,0
20130620,2.09,2.09,1.93,1.99,21735,0
20130621,1.94,1.97,1.93,1.95,4744,0
20130624,2.04,2.04,1.96,2,401,0
20130625,1.99,1.99,1.95,1.98,4084,0
20130626,1.94,1.97,1.9,1.9,11042,0
20130627,1.9,1.94,1.81,1.92,14703,0
20130628,1.94,1.94,1.89,1.92,3800,0
20130701,1.9,1.92,1.87,1.87,4145,0
20130702,1.87,1.93,1.86,1.9,5229,0
20130703,1.9,1.91,1.87,1.9,4212,0
20130704,1.9,1.9,1.82,1.83,27081,0
20130705,1.82,1.88,1.82,1.87,4052,0
20130708,1.88,1.88,1.88,1.88,1,0
20130709,1.88,1.89,1.82,1.88,3556,0
20130710,1.83,1.93,1.83,1.9,14763,0
20130711,1.93,1.96,1.9,1.95,13141,0
20130712,1.88,1.94,1.88,1.88,15535,0
20130715,1.91,1.92,1.83,1.87,15774,0
20130716,1.86,1.87,1.81,1.83,26082,0
20130717,1.91,1.91,1.82,1.82,7702,0
20130718,1.83,1.85,1.82,1.85,3920,0
20130719,1.87,1.87,1.87,1.87,7,0
20130722,1.87,1.87,1.85,1.85,11870,0
20130723,1.85,2,1.85,1.94,14379,0
20130724,1.94,1.94,1.89,1.94,4550,0
20130725,1.94,1.99,1.92,1.96,17418,0
20130726,1.97,2,1.94,1.95,8800,0
20130729,2,2,1.95,1.95,7197,0
20130730,1.95,2,1.94,1.94,4880,0
20130731,1.97,1.98,1.97,1.98,3500,0
20130801,1.98,1.98,1.83,1.94,18392,0
20130802,1.91,2.04,1.9,2.04,37827,0
20130805,2.06,2.24,2.06,2.24,107410,0
20130806,2.24,2.24,2.14,2.24,39145,0
20130807,2.22,2.22,2.14,2.22,19977,0
20130808,2.28,2.45,2.22,2.45,110395,0
20130809,2.45,2.68,2.45,2.68,65588,0
20130812,2.57,2.7,2.57,2.68,17484,0
20130813,2.7,2.7,2.65,2.66,23403,0
20130814,2.66,2.66,2.59,2.63,27637,0
20130816,2.58,2.6,2.45,2.51,5438,0
20130819,2.46,2.65,2.37,2.6,121802,0
20130820,2.6,2.64,2.6,2.64,2380,0
20130821,2.64,2.76,2.59,2.76,22536,0
20130822,2.75,2.83,2.7,2.82,17886,0
20130823,2.82,2.85,2.74,2.8,22788,0
20130826,2.72,2.84,2.7,2.75,8571,0
20130827,2.8,2.8,2.56,2.66,30422,0
20130828,2.66,2.8,2.4,2.74,60628,0
20130829,2.7,2.74,2.5,2.5,38445,0
20130830,2.5,2.5,2.27,2.45,70747,0
20130902,2.45,2.5,2.4,2.45,11488,0
20130903,2.4,2.49,2.3,2.41,19018,0
20130904,2.41,2.41,2.33,2.38,15702,0
20130905,2.33,2.37,2.13,2.35,82116,0
20130906,2.23,2.46,2.23,2.34,17289,0
20130909,2.34,2.34,2.24,2.3,18705,0
20130910,2.35,2.4,2.3,2.3,56879,0
20130911,2.3,2.32,2.27,2.3,25073,0
20130912,2.33,2.34,2.26,2.3,26068,0
20130913,2.34,2.45,2.29,2.45,123735,0
20130916,2.53,2.55,2.37,2.39,34419,0
20130917,2.38,2.38,2.28,2.3,35441,0
20130918,2.29,2.38,2.29,2.37,4174,0
20130919,2.39,2.46,2.38,2.46,24310,0
20130920,2.5,2.51,2.46,2.51,4642,0
20130923,2.5,2.5,2.43,2.5,6539,0
20130924,2.51,2.51,2.45,2.5,7147,0
20130925,2.46,2.49,2.44,2.48,4973,0
20130926,2.48,2.59,2.48,2.58,16748,0
20130927,2.59,2.84,2.59,2.78,97587,0
20130930,2.78,2.79,2.62,2.76,28477,0
20131001,2.7,2.7,2.6,2.65,15413,0
20131002,2.65,2.65,2.5,2.52,52107,0
20131003,2.5,2.58,2.48,2.57,34823,0
20131004,2.56,2.76,2.54,2.72,17718,0
20131007,2.72,2.72,2.66,2.71,8545,0
20131008,2.66,2.71,2.64,2.71,3503,0
20131009,2.69,2.75,2.66,2.69,9820,0
20131010,2.65,2.75,2.65,2.7,16402,0
20131011,2.7,2.7,2.62,2.67,27533,0
20131014,2.67,2.72,2.63,2.65,16983,0
20131015,2.66,2.76,2.62,2.65,48282,0
20131016,2.65,2.89,2.61,2.68,167260,0
20131017,2.74,2.8,2.68,2.8,50934,0
20131018,2.72,2.91,2.72,2.9,68738,0
20131021,2.94,2.98,2.85,2.95,26436,0
20131022,2.92,2.95,2.86,2.93,35529,0
20131023,2.93,2.93,2.87,2.92,11316,0
20131024,2.89,2.91,2.84,2.91,18723,0
20131025,2.88,2.93,2.83,2.89,18395,0
20131028,2.9,2.93,2.85,2.92,24559,0
20131029,2.91,2.92,2.85,2.9,18483,0
20131030,2.94,2.94,2.85,2.91,8810,0
20131031,2.86,2.89,2.61,2.74,51613,0
20131104,2.74,2.83,2.69,2.82,26233,0
20131105,2.82,2.83,2.68,2.76,36528,0
20131106,2.74,2.76,2.7,2.76,28443,0
20131107,2.75,2.75,2.52,2.59,100089,0
20131108,2.59,2.59,2.4,2.46,89125,0
20131112,2.45,2.64,2.43,2.64,36065,0
20131113,2.6,2.61,2.57,2.59,17698,0
20131114,2.59,2.65,2.53,2.65,19401,0
20131115,2.58,2.67,2.58,2.64,10318,0
20131118,2.6,2.64,2.6,2.6,26195,0
20131119,2.55,2.55,2.44,2.48,44973,0
20131120,2.48,2.48,2.45,2.48,18744,0
20131121,2.54,2.54,2.49,2.54,12391,0
20131122,2.5,2.52,2.45,2.5,10029,0
20131125,2.51,2.51,2.36,2.4,42971,0
20131126,2.39,2.41,2.31,2.36,16743,0
20131127,2.33,2.37,2.29,2.37,7955,0
20131128,2.37,2.37,2.21,2.21,65724,0
20131129,2.33,2.33,2.23,2.31,11569,0
20131202,2.32,2.33,2.29,2.33,10204,0
20131203,2.3,2.34,2.23,2.34,28260,0
20131204,2.33,2.35,2.27,2.32,27043,0
20131205,2.27,2.35,2.27,2.35,14649,0
20131206,2.39,2.42,2.38,2.42,9930,0
20131209,2.42,2.5,2.42,2.45,13972,0
20131210,2.45,2.49,2.34,2.38,20860,0
20131211,2.35,2.39,2.35,2.39,402,0
20131212,2.36,2.37,2.27,2.3,11036,0
20131213,2.3,2.34,2.22,2.26,16787,0
20131216,2.22,2.68,2.15,2.68,132128,0
20131217,2.51,2.62,2.51,2.57,7494,0
20131218,2.49,2.56,2.48,2.55,4067,0
20131219,2.5,2.56,2.48,2.53,3513,0
20131220,2.48,2.48,2.39,2.46,9089,0
20131223,2.45,2.49,2.4,2.49,3902,0
20131227,2.51,2.51,2.5,2.5,175,0
20131230,2.5,2.5,2.43,2.46,3232,0
20140102,2.49,2.49,2.33,2.33,15743,0
20140103,2.38,2.4,2.38,2.4,3511,0
20140107,2.4,2.4,2.34,2.4,1822,0
20140108,2.34,2.38,2.27,2.32,9991,0
20140109,2.3,2.35,2.3,2.35,10307,0
20140110,2.29,2.34,2.28,2.33,2116,0
20140113,2.34,2.44,2.34,2.44,9147,0
20140114,2.4,2.44,2.35,2.42,3971,0
20140115,2.42,2.47,2.38,2.45,11575,0
20140116,2.43,2.44,2.38,2.38,7032,0
20140117,2.39,2.43,2.38,2.43,3630,0
20140120,2.42,2.42,2.35,2.35,3954,0
20140121,2.31,2.38,2.3,2.37,4904,0
20140122,2.37,2.37,2.3,2.35,3097,0
20140124,2.28,2.31,2.2,2.31,17518,0
20140127,2.25,2.37,2.25,2.37,2412,0
20140128,2.32,2.32,2.31,2.31,520,0
20140129,2.24,2.32,2.23,2.31,802,0
20140130,2.31,2.31,2.31,2.31,2756,0
20140203,2.3,2.35,2.24,2.33,2962,0
20140205,2.26,2.32,2.14,2.16,18795,0
20140206,2.2,2.27,2.17,2.26,9794,0
20140207,2.24,2.26,2.17,2.24,1999,0
20140210,2.15,2.23,2.15,2.2,11003,0
20140211,2.2,2.25,2.16,2.25,4778,0
20140212,2.25,2.27,2.17,2.25,8368,0
20140213,2.21,2.26,2.21,2.25,2727,0
20140214,2.29,2.3,2.25,2.29,5444,0
20140217,2.29,2.33,2.25,2.3,9706,0
20140218,2.29,2.41,2.28,2.41,37508,0
20140219,2.32,2.55,2.26,2.55,87033,0
20140220,2.53,2.54,2.36,2.49,13680,0
20140221,2.45,2.52,2.45,2.5,4002,0
20140224,2.49,2.49,2.36,2.49,8797,0
20140225,2.41,2.64,2.41,2.46,59917,0
20140226,2.46,2.52,2.42,2.49,4901,0
20140227,2.42,2.48,2.38,2.45,7917,0
20140228,2.38,2.39,2.3,2.32,19100,0
20140303,2.41,2.41,2.18,2.29,29361,0
20140304,2.25,2.4,2.16,2.4,51402,0
20140305,2.4,2.48,2.32,2.33,8640,0
20140306,2.38,2.38,2.29,2.37,3896,0
20140307,2.32,2.35,2.26,2.29,17309,0
20140310,2.21,2.3,2.21,2.27,160,0
20140311,2.27,2.29,2.14,2.26,53090,0
20140312,2.2,2.22,2.16,2.22,9737,0
20140313,2.22,2.25,2.19,2.24,5841,0
20140314,2.18,2.21,2.11,2.18,27520,0
20140317,2.12,2.23,2.12,2.21,24515,0
20140318,2.2,2.24,2.18,2.24,2965,0
20140319,2.2,2.24,2.2,2.24,22730,0
20140320,2.2,2.23,2.19,2.23,11580,0
20140321,2.23,2.23,2.23,2.23,1040,0
20140324,2.08,2.08,1.93,1.95,114510,0
20140325,1.97,1.98,1.88,1.95,39815,0
20140326,1.93,1.99,1.9,1.99,23834,0
20140327,1.99,1.99,1.93,1.94,16495,0
20140328,1.93,1.96,1.91,1.95,7827,0
20140331,1.91,1.94,1.9,1.93,5262,0
20140401,1.91,1.95,1.91,1.92,13783,0
20140402,1.94,1.94,1.87,1.9,13724,0
20140403,1.9,1.9,1.87,1.89,11789,0
20140404,1.9,1.9,1.88,1.89,7962,0
20140407,1.88,1.88,1.84,1.85,20861,0
20140408,1.84,1.87,1.78,1.84,14011,0
20140409,1.82,1.83,1.76,1.78,31983,0
20140410,1.8,1.8,1.74,1.74,69541,0
20140411,1.73,1.77,1.73,1.77,16620,0
20140414,1.79,1.79,1.74,1.79,2594,0
20140415,1.78,1.78,1.75,1.78,7495,0
20140416,1.75,1.78,1.72,1.78,4347,0
20140417,1.78,1.81,1.78,1.81,9711,0
20140422,1.82,1.85,1.76,1.8,19854,0
20140423,1.8,1.86,1.8,1.85,10563,0
20140424,1.85,1.85,1.85,1.85,600,0
20140425,1.84,1.86,1.79,1.79,25020,0
20140428,1.81,1.82,1.75,1.8,5861,0
20140429,1.78,1.81,1.7,1.76,24364,0
20140430,1.75,1.75,1.72,1.75,1340,0
20140505,1.75,1.75,1.71,1.75,2641,0
20140506,1.71,1.71,1.69,1.69,2400,0
20140507,1.72,1.74,1.58,1.67,39137,0
20140508,1.67,1.67,1.66,1.66,1651,0
20140509,1.65,1.65,1.52,1.57,30634,0
20140512,1.52,1.55,1.4,1.45,138326,0
20140513,1.4,1.5,1.38,1.42,20549,0
20140514,1.5,1.5,1.43,1.44,26078,0
20140515,1.48,1.48,1.34,1.36,54793,0
20140516,1.35,1.35,1.28,1.34,46865,0
20140519,1.32,1.39,1.32,1.39,9765,0
20140520,1.4,1.48,1.4,1.48,23873,0
20140521,1.49,1.52,1.49,1.52,16405,0
20140522,1.52,1.52,1.4,1.46,12699,0
20140523,1.46,1.5,1.46,1.47,9461,0
20140526,1.47,1.53,1.46,1.53,6841,0
20140527,1.54,1.56,1.47,1.54,22011,0
20140528,1.55,1.55,1.53,1.53,9217,0
20140529,1.53,1.54,1.53,1.53,3706,0
20140530,1.51,1.53,1.5,1.53,6036,0
20140602,1.5,1.51,1.49,1.51,7577,0
20140603,1.47,1.59,1.47,1.51,51634,0
20140604,1.52,1.52,1.49,1.49,12775,0
20140605,1.48,1.5,1.45,1.45,7054,0
20140606,1.47,1.5,1.47,1.49,9136,0
20140609,1.51,1.52,1.5,1.52,4714,0
20140610,1.52,1.52,1.5,1.52,10760,0
20140611,1.5,1.51,1.49,1.51,21251,0
20140612,1.46,1.51,1.46,1.51,12708,0
20140613,1.5,1.5,1.48,1.48,1784,0
