Date,Open,High,Low,Close,Volume,OpenInt
20131009,17.255,21.339,16.884,19.799,213080,0
20131010,20.667,24.995,20.277,24.859,189669,0
20131011,26.711,27.773,24.04,24.04,99402,0
20131014,22.714,23.757,21.642,23.357,36996,0
20131015,23.357,23.357,22.032,23.338,12037,0
20131016,22.811,22.909,20.667,21.144,29408,0
20131017,21.154,22.227,19.516,21.856,45595,0
20131018,21.905,22.899,21.213,22.246,13211,0
20131021,22.373,22.616,21.057,21.739,17734,0
20131022,21.905,21.905,20.764,21.417,9255,0
20131023,20.813,21.388,20.774,21.154,4259,0
20131024,21.154,22.909,21.154,22.412,17224,0
20131025,22.422,22.422,21.739,22.266,6544,0
20131028,22.714,22.909,22.324,22.792,11165,0
20131029,22.772,24.332,22.733,24.244,21391,0
20131030,24.274,26.028,24.274,25.151,43064,0
20131031,24.469,25.346,23.894,24.176,17621,0
20131104,25.346,25.346,23.884,24.176,14676,0
20131105,24.371,24.761,23.396,23.786,10521,0
20131106,24.371,24.371,21.934,23.143,28096,0
20131107,22.909,24.293,22.909,24.079,2696,0
20131108,24.079,24.264,23.455,23.601,2349,0
20131112,23.981,24.322,23.611,23.689,3198,0
20131113,23.689,24.157,23.591,24.157,3418,0
20131114,23.689,24.556,23.689,24.342,6658,0
20131115,24.361,24.517,24.089,24.469,7515,0
20131118,25.346,25.346,24.371,24.615,32189,0
20131119,23.903,25.336,23.396,24.868,39435,0
20131120,24.966,26.808,24.956,25.931,75686,0
20131121,25.892,25.98,25.346,25.931,10555,0
20131122,25.834,26.321,24.859,25.239,20920,0
20131125,25.2,25.444,24.371,24.469,14942,0
20131126,24.42,24.956,23.455,23.874,11255,0
20131127,23.689,23.884,23.367,23.591,5315,0
20131128,23.786,24.371,23.201,23.874,3723,0
20131129,23.406,24.03,23.406,23.972,2462,0
20131202,23.494,23.972,23.494,23.591,5060,0
20131203,23.435,23.484,22.997,22.997,2989,0
20131204,22.977,22.977,21.164,21.934,16221,0
20131205,21.924,21.934,21.3,21.788,3166,0
20131206,21.827,21.827,21.252,21.544,1676,0
20131209,21.739,22.607,21.544,22.607,5494,0
20131210,22.422,22.568,21.7,22.363,3106,0
20131211,21.544,22.558,21.544,22.558,2415,0
20131212,21.885,22.422,21.447,21.447,23633,0
20131213,21.505,22.071,21.447,21.447,9350,0
20131216,21.261,21.934,21.252,21.739,822,0
20131217,21.739,21.876,21.369,21.778,5731,0
20131218,21.369,21.759,21.261,21.349,2469,0
20131219,21.349,21.447,20.667,20.813,8582,0
20131220,20.569,21.057,20.082,20.092,24606,0
20131223,20.092,20.93,20.092,20.296,2699,0
20131227,20.764,20.764,20.345,20.764,1181,0
20131230,20.667,20.862,20.472,20.472,633,0
20140102,20.764,21.69,20.764,21.69,4395,0
20140103,21.661,21.661,20.959,20.959,1552,0
20140107,21.008,21.008,20.686,20.95,306,0
20140108,20.335,20.852,20.335,20.852,15977,0
20140109,20.842,20.842,20.491,20.491,188,0
20140110,20.306,20.306,18.717,19.38,8644,0
20140113,18.922,19.497,17.888,19.497,8630,0
20140114,19.497,20.472,19.058,20.15,12145,0
20140115,20.472,21.398,20.179,20.842,9818,0
20140116,20.842,21.144,20.842,21.144,14568,0
20140117,21.447,21.447,19.936,20.657,8550,0
20140120,20.277,20.472,20.082,20.472,1088,0
20140121,19.984,20.852,19.984,20.306,1258,0
20140122,20.277,20.813,19.838,19.838,4023,0
20140123,19.692,19.692,19.205,19.205,5019,0
20140124,18.824,19.117,18.542,18.6,3130,0
20140127,18.62,19.01,18.532,18.668,12733,0
20140128,18.717,19.487,18.717,19.185,5179,0
20140129,19.351,20.082,19.351,19.351,3333,0
20140130,19.721,19.789,19.497,19.497,2164,0
20140131,19.497,20.082,19.156,20.082,4133,0
20140203,20.374,20.852,20.374,20.667,2091,0
20140204,20.647,20.667,20.647,20.667,455,0
20140206,20.092,20.842,20.092,20.842,5150,0
20140207,20.189,20.189,20.179,20.179,1785,0
20140210,20.092,20.638,20.082,20.179,784,0
20140211,20.082,20.374,20.082,20.277,2257,0
20140212,19.799,20.277,19.741,19.984,2041,0
20140213,19.975,20.072,19.692,19.692,3952,0
20140217,19.507,19.965,19.117,19.965,2929,0
20140218,19.01,19.497,19.01,19.399,1859,0
20140219,19.302,19.702,18.912,19.497,6372,0
20140220,19.136,19.205,19.136,19.205,1066,0
20140221,19.477,19.477,19.01,19.273,4080,0
20140224,19.302,19.877,19.302,19.789,6369,0
20140225,19.838,21.183,19.399,20.901,7152,0
20140226,20.959,21.642,20.677,21.349,47989,0
20140227,20.969,21.632,20.472,21.154,4446,0
20140228,20.862,21.447,20.862,21.447,3936,0
20140303,20.911,21.242,19.283,19.312,6489,0
20140304,19.887,20.267,19.302,19.984,8931,0
20140305,20.092,20.17,19.867,20.17,11486,0
20140306,21.135,21.135,20.17,20.277,2310,0
20140307,19.838,20.813,19.838,19.897,3609,0
20140310,20.092,20.101,20.092,20.101,1077,0
20140311,20.472,21.632,20.472,21.291,12487,0
20140312,20.979,20.979,20.462,20.472,5617,0
20140313,20.238,20.55,19.516,19.702,4758,0
20140314,19.702,19.702,18.522,19.127,6389,0
20140317,19.448,19.448,19.136,19.302,2617,0
20140318,19.448,19.78,19.166,19.331,2409,0
20140319,19.156,19.399,19.156,19.39,2318,0
20140320,19.487,19.487,19.487,19.487,462,0
20140321,19.487,19.487,19.253,19.253,206,0
20140324,19.127,19.516,19.127,19.136,3782,0
20140325,19.438,19.468,19.224,19.224,1980,0
20140326,19.302,19.448,19.224,19.234,3945,0
20140327,19.234,19.234,18.717,19.175,4321,0
20140328,18.698,19.088,18.698,19.088,3026,0
20140331,19.399,20.179,19.185,20.179,4879,0
20140401,19.692,19.887,19.341,19.341,2630,0
20140402,19.302,19.546,19.166,19.497,821,0
20140403,19.507,19.507,19.399,19.497,568,0
20140404,19.838,20.482,19.838,19.984,3857,0
20140407,20.179,20.179,19.253,19.721,1874,0
20140408,19.721,19.721,19.302,19.302,561,0
20140409,19.312,19.887,19.302,19.887,1477,0
20140410,19.429,19.78,19.419,19.78,937,0
20140411,19.546,19.546,19.253,19.546,641,0
20140414,18.727,19.399,18.727,18.941,1175,0
20140415,19.633,19.633,19.633,19.633,1,0
20140416,19.302,19.302,19.185,19.185,4806,0
20140417,19.146,19.146,19.01,19.01,2976,0
20140422,19.497,19.497,19.497,19.497,1,0
20140423,18.961,19.672,18.951,19.594,1288,0
20140424,19.019,19.068,19.019,19.068,721,0
20140425,19.575,19.575,19.127,19.127,197,0
20140428,19.029,19.468,19.029,19.468,534,0
20140429,19.253,19.497,19.01,19.448,1513,0
20140430,19.39,19.39,19.205,19.38,206,0
20140502,17.82,19.6,17.82,19.6,442,0
20140505,19.61,19.61,19.31,19.31,406,0
20140506,19,19,19,19,298,0
20140507,19.01,19.01,18,19,2625,0
20140508,19.26,19.26,18.66,18.81,181,0
20140509,18.31,18.45,18.01,18.01,1004,0
20140512,18.88,18.88,18.88,18.88,20,0
20140513,18.87,19,17.88,18.66,3914,0
20140515,18.5,18.62,18.06,18.06,4045,0
20140516,18.64,18.8,18,18.14,2683,0
20140519,18.3,18.9,17.52,17.8,4240,0
20140520,17.89,18,17.37,17.37,6971,0
20140521,17.52,17.69,17.51,17.69,1068,0
20140522,17.2,17.69,17.2,17.27,901,0
20140523,17.3,18,17.3,17.61,1931,0
20140526,18.14,18.25,17.17,17.17,4559,0
20140527,17.67,17.67,17.07,17.07,2485,0
20140528,17.08,17.08,16.5,16.85,3800,0
20140529,17.1,17.1,17.1,17.1,55,0
20140530,17.2,17.49,17.2,17.26,1566,0
20140602,17.39,17.4,17.01,17.01,650,0
20140603,16.86,16.99,16.85,16.85,937,0
20140604,16.78,17.3,16.78,17.3,158,0
20140605,17.55,17.55,17.25,17.45,534,0
20140606,17.4,17.5,17.4,17.46,2146,0
20140609,17.5,17.5,17.5,17.5,750,0
20140610,17,17.5,17,17.3,553,0
20140611,17.78,17.78,17.7,17.75,4033,0
20140612,18.12,18.12,17.7,17.99,31765,0
20140613,17.75,17.98,17.4,17.4,1319,0
