Date,Open,High,Low,Close,Volume,OpenInt
20061221,73.175,75.287,71.772,72.474,52261,0
20061222,72.401,72.401,71.071,72.192,708,0
20061227,72.336,73.11,70.015,72.828,5248,0
20061228,73.175,73.175,71.772,72.828,569,0
20061229,70.644,70.644,70.644,70.644,14,0
20070102,72.474,74.513,72.474,74.513,10602,0
20070103,74.513,75.641,73.53,73.884,1689,0
20070104,73.248,75.005,73.175,73.175,2900,0
20070105,74.585,74.94,74.585,74.94,2554,0
20070108,74.448,74.94,74.231,74.94,1684,0
20070110,74.867,74.867,73.949,73.949,1217,0
20070115,72.828,74.94,72.828,74.303,2078,0
20070116,74.585,75.996,74.585,75.996,3571,0
20070117,75.851,75.996,74.795,75.287,426,0
20070118,75.287,75.287,74.585,75.287,1293,0
20070123,74.585,74.585,74.585,74.585,42,0
20070124,74.376,74.376,74.376,74.376,4,0
20070129,72.966,73.175,72.336,73.175,391,0
20070130,72.474,72.474,72.474,72.474,6,0
20070131,72.474,73.884,72.401,73.884,2810,0
20070201,72.828,72.828,72.828,72.828,26,0
20070202,71.845,71.845,71.772,71.772,94,0
20070205,71.772,71.772,69.661,70.362,75366,0
20070206,68.533,70.362,68.533,70.362,56919,0
20070207,70.717,71.772,70.362,70.362,14269,0
20070208,70.362,70.362,69.798,69.798,14819,0
20070209,70.189,70.189,70.189,70.189,42634,0
20070212,71.628,71.628,71.628,71.628,14,0
20070213,71.071,71.071,71.071,71.071,42,0
20070219,64.035,70.362,64.035,68.959,14381,0
20070220,68.251,68.251,68.251,68.251,26,0
20070221,67.549,67.549,67.549,67.549,106,0
20070223,67.621,67.621,67.621,67.621,26,0
20070226,67.549,67.549,67.549,67.549,64,0
20070227,67.549,67.549,67.549,67.549,254,0
20070228,64.035,66.848,64.035,66.848,14499,0
20070302,66.848,73.457,66.848,68.959,543,0
20070305,73.457,73.457,67.621,68.959,330,0
20070306,69.661,69.661,69.661,69.661,140,0
20070307,71.772,71.772,70.362,70.362,176,0
20070308,73.602,73.602,70.789,73.038,113,0
20070309,72.474,72.474,72.474,72.474,21,0
20070312,70.507,70.507,70.362,70.362,59,0
20070313,70.362,70.362,70.362,70.362,7,0
20070314,68.959,68.959,68.959,68.959,86,0
20070315,69.024,69.024,68.959,68.959,71,0
20070316,69.024,71.071,68.959,71.071,72,0
20070319,71.071,73.884,71.071,73.11,474,0
20070320,71.772,71.772,71.208,71.208,149,0
20070321,71.418,71.418,70.507,70.507,350,0
20070322,73.11,73.175,71.136,71.136,1053,0
20070323,71.071,71.071,70.362,70.362,97,0
20070326,70.362,70.362,70.362,70.362,345,0
20070327,72.474,72.474,70.435,70.435,47,0
20070328,70.362,70.362,70.362,70.362,47,0
20070329,70.326,70.326,69.661,69.661,151,0
20070330,69.733,69.769,69.733,69.769,58,0
20070402,68.496,68.496,68.468,68.496,334,0
20070405,68.468,68.468,66.913,66.913,104,0
20070410,71.7,71.772,67.687,67.687,211,0
20070411,71.7,75.287,71.7,74.231,181686,0
20070412,75.996,75.996,73.884,75.287,1188,0
20070413,73.674,75.923,73.674,75.287,38263,0
20070416,73.884,73.884,72.474,73.884,246,0
20070417,73.884,74.303,73.884,73.949,32579,0
20070418,74.94,80.92,73.949,75.996,13263,0
20070419,74.231,74.94,73.884,74.585,79559,0
20070420,75.996,77.399,74.585,75.287,86442,0
20070423,75.287,81.484,74.021,75.641,116169,0
20070424,78.526,80.211,74.94,75.569,80002,0
20070425,75.149,76.979,75.149,76.979,183292,0
20070426,77.399,80.211,77.399,78.809,236240,0
20070427,80.493,81.267,78.107,78.107,109196,0
20070430,78.809,78.809,76.697,78.599,67210,0
20070502,78.382,79.51,75.287,78.736,178869,0
20070504,79.51,80.92,75.287,75.996,74082,0
20070507,76.625,76.907,73.949,75.641,4685,0
20070508,76.205,76.205,72.192,72.192,2740,0
20070509,73.739,75.287,71.071,74.585,23069,0
20070510,75.923,75.996,72.966,75.359,1327,0
20070511,72.828,75.287,71.071,74.94,1805,0
20070514,78.809,79.51,75.287,76.278,44616,0
20070515,75.287,75.287,72.119,74.94,14926,0
20070516,72.474,78.107,72.474,76.697,9901,0
20070517,76.552,77.399,75.641,77.399,5862,0
20070518,75.996,78.382,74.303,78.382,8356,0
20070521,78.035,78.107,76.343,77.399,63106,0
20070522,77.471,78.317,76.907,77.399,11867,0
20070523,77.051,78.454,76.697,77.399,6036,0
20070524,76.552,78.107,75.713,75.713,8620,0
20070525,75.432,77.753,74.094,77.399,4833,0
20070528,76.697,80.211,75.569,80.211,7233,0
20070529,78.809,78.809,75.287,76.625,35247,0
20070530,74.94,76.343,74.094,74.094,4525,0
20070531,74.585,77.399,74.585,76.907,17024,0
20070601,77.189,77.333,75.077,77.051,6612,0
20070604,76.979,78.107,75.149,78.107,3501,0
20070605,76.697,78.107,75.996,78.035,5775,0
20070606,76.552,78.035,75.996,78.035,1995,0
20070608,75.504,77.399,75.149,77.399,5604,0
20070611,77.399,77.399,75.641,77.261,7426,0
20070612,75.996,75.996,74.94,75.287,6675,0
20070613,75.287,75.287,73.884,75.222,5786,0
20070614,75.287,77.399,74.585,76.834,3278,0
20070615,76.205,76.625,74.94,76.625,7541,0
20070618,76.205,76.205,73.884,73.884,5764,0
20070619,73.884,75.996,73.884,74.585,2845,0
20070620,73.884,75.222,73.038,74.513,5368,0
20070621,72.966,74.585,71.49,74.585,9458,0
20070622,73.884,74.585,72.474,73.884,3788,0
20070625,71.91,77.189,71.91,74.94,6718,0
20070626,74.513,78.107,73.175,77.399,27520,0
20070627,77.333,83.032,75.504,77.399,116505,0
20070628,77.261,78.107,76.343,77.116,11619,0
20070629,75.996,77.399,75.287,77.399,21595,0
20070702,77.189,77.333,75.996,77.333,7584,0
20070703,77.68,78.035,77.189,77.399,38486,0
20070704,78.809,78.809,74.795,77.051,38112,0
20070705,77.051,77.051,76.343,77.051,1409,0
20070706,76.343,78.809,76.343,76.979,4120,0
20070709,77.261,77.261,74.795,75.996,53006,0
20070710,74.021,75.287,73.32,75.287,4276,0
20070711,74.94,78.382,72.119,76.278,5920451,0
20070712,76.697,77.399,74.73,75.569,82661,0
20070713,76.415,77.399,75.713,76.133,63522,0
20070716,76.769,77.825,75.996,77.051,84114,0
20070717,77.051,77.333,76.343,76.907,7479,0
20070718,77.261,77.261,75.287,75.287,68728,0
20070719,75.996,76.343,75.569,76.343,212772,0
20070720,76.343,76.343,75.779,75.996,3781,0
20070723,75.996,75.996,73.884,75.996,12008,0
20070724,75.923,75.923,74.021,75.222,31171,0
20070725,74.021,74.585,73.53,74.585,24608,0
20070726,74.231,74.94,73.884,74.448,12931,0
20070727,73.812,73.812,72.336,73.175,65221,0
20070730,72.474,75.222,72.474,72.546,16452,0
20070731,72.264,73.175,70.362,72.474,74810,0
20070801,71.418,73.812,71.071,73.175,191419,0
20070802,73.392,75.287,73.175,73.175,4627,0
20070803,73.175,73.175,72.474,72.474,863,0
20070806,72.474,72.474,69.661,71.772,57851,0
20070807,72.192,72.546,71.418,72.054,63884,0
20070808,73.175,73.175,72.474,72.474,112467,0
20070809,73.175,73.175,72.119,72.119,24493,0
20070810,71.418,71.418,69.306,71.071,25786,0
20070813,71.071,71.772,70.015,70.015,4328,0
20070814,70.015,71.281,70.015,71.071,1324,0
20070816,69.661,70.717,66.848,68.959,71831,0
20070817,68.251,68.959,66.848,68.251,69021,0
20070820,68.959,70.362,68.251,69.306,35116,0
20070821,68.959,70.29,66.848,67.477,103378,0
20070822,68.887,70.29,68.887,69.943,5954,0
20070823,70.015,71.7,70.015,70.189,4525,0
20070824,71.628,71.772,70.189,70.362,3347,0
20070827,71.628,71.628,70.362,70.572,1981,0
20070828,70.362,73.038,70.362,71.772,3600,0
20070829,70.362,72.119,70.362,70.362,1223,0
20070830,70.999,71.772,70.015,70.015,4346,0
20070831,70.435,72.119,69.024,72.119,17023,0
20070903,72.474,74.513,72.474,74.513,25048,0
20070904,74.448,74.585,73.175,74.585,2240,0
20070905,73.949,75.569,73.884,74.513,1100,0
20070906,73.53,73.884,73.53,73.884,3565,0
20070907,74.231,74.73,72.474,73.175,25286,0
20070910,71.772,73.53,71.772,72.119,2261,0
20070911,73.884,73.884,71.91,73.884,534,0
20070912,72.474,73.739,72.474,73.739,156,0
20070913,73.884,77.399,73.884,77.399,1732,0
20070914,76.979,76.979,75.222,75.996,4093,0
20070917,75.851,75.851,74.94,75.641,585,0
20070918,77.16,77.16,77.087,77.087,368,0
20070919,78.751,78.751,76.653,77.666,601,0
20070920,76.653,78.028,76.653,78.028,843,0
20070921,76.653,78.1,74.557,76.653,11781,0
20070924,76.653,76.653,73.038,74.34,74320,0
20070925,73.182,73.399,72.315,72.315,49059,0
20070926,73.761,74.123,73.038,73.038,11144,0
20070927,73.399,76.509,72.387,73.11,22535,0
20070928,73.038,75.93,72.387,75.93,1451,0
20071001,75.569,75.569,72.387,74.846,5301,0
20071002,73.761,75.063,73.399,73.472,1327,0
20071003,73.399,73.399,72.387,72.676,1791,0
20071004,73.472,75.207,73.472,75.207,416,0
20071005,73.833,78.823,73.544,78.823,5005,0
20071008,77.377,79.329,75.93,78.028,34395,0
20071009,76.653,76.653,75.497,76.509,7585,0
20071010,75.641,75.93,75.352,75.858,1657,0
20071011,75.424,75.858,75.352,75.858,1505,0
20071012,75.352,77.304,74.484,75.207,16079,0
20071015,74.846,76.653,73.761,73.761,3759,0
20071016,73.906,74.34,73.544,73.544,24496,0
20071017,73.472,73.761,73.255,73.761,998,0
20071018,74.34,74.34,72.821,73.616,1705,0
20071019,72.748,73.327,72.315,73.327,1639,0
20071022,72.315,73.255,70.941,72.676,2547,0
20071023,72.676,73.761,72.676,73.761,745,0
20071024,73.038,75.713,72.387,75.713,70298,0
20071025,73.906,75.858,73.833,75.858,1506,0
20071026,73.833,75.063,73.833,75.063,4322,0
20071029,73.906,75.93,73.906,75.497,1899,0
20071030,75.207,75.207,74.412,75.063,3391,0
20071031,74.846,75.135,73.761,74.701,2287,0
20071102,73.761,74.629,73.11,74.484,857,0
20071105,74.484,75.497,73.399,75.497,3104,0
20071106,73.906,75.424,73.038,75.063,8547,0
20071107,74.123,74.123,72.459,73.906,3151,0
20071108,72.315,74.195,71.592,74.195,2254,0
20071109,73.761,73.978,72.315,73.978,1441,0
20071112,73.11,74.123,72.604,74.123,2779,0
20071113,74.123,74.484,73.327,73.761,418,0
20071114,73.327,74.484,72.459,73.761,1136,0
20071115,73.327,74.484,71.592,74.05,6112,0
20071116,74.05,74.05,72.315,73.761,3424,0
20071119,73.038,73.689,73.038,73.327,1021,0
20071120,73.038,73.689,72.315,72.966,230,0
20071121,71.664,72.893,71.23,72.315,616,0
20071122,71.23,73.399,69.422,70.868,6870,0
20071123,71.23,71.23,71.23,71.23,359,0
20071126,70.868,71.592,70.001,71.447,1426,0
20071127,70.145,70.145,69.856,70.145,622,0
20071128,71.447,73.038,70.868,71.592,2184,0
20071129,71.592,73.038,70.507,72.315,3290,0
20071130,71.736,75.569,70.941,75.569,30793,0
20071203,74.484,74.484,72.459,74.484,4633,0
20071204,73.689,75.424,70.868,73.761,29453,0
20071205,72.966,74.484,70.941,74.484,16758,0
20071206,74.267,74.267,72.315,73.544,5114,0
20071207,72.748,73.689,72.134,73.689,5980,0
20071210,73.399,73.399,72.098,72.098,3820,0
20071211,71.953,73.038,71.7,73.038,3549,0
20071212,71.302,73.038,71.302,72.242,1693,0
20071213,71.302,71.736,69.784,71.736,9239,0
20071214,71.049,71.23,70.941,71.23,2233,0
20071217,70.941,70.941,68.988,70.868,7890,0
20071218,68.88,70.796,68.627,70.796,2600,0
20071219,70.145,70.724,70.145,70.724,11213,0
20071220,68.988,73.761,68.988,73.761,12820,0
20071221,73.761,74.34,71.664,74.34,7305,0
20071227,74.195,74.195,73.761,74.05,136,0
20071228,72.748,74.412,72.315,74.412,5021,0
20080102,72.459,74.34,72.315,74.34,894,0
20080103,73.689,73.689,73.544,73.544,166,0
20080104,73.038,73.038,72.098,72.966,5238,0
20080107,71.953,72.242,69.458,71.592,2730,0
20080108,71.592,71.592,71.592,71.592,1522,0
20080109,69.567,70.471,69.422,70.471,2206,0
20080110,69.494,70.471,67.614,69.422,5421,0
20080111,68.554,69.422,67.397,69.06,1524,0
20080114,67.614,69.35,65.806,69.35,5005,0
20080115,69.422,69.422,68.048,69.278,613,0
20080116,67.253,69.241,65.734,67.904,757,0
20080117,70.868,70.868,67.18,67.976,865,0
20080118,66.674,70.073,66.566,70.073,896,0
20080121,70.145,71.158,70.145,70.579,276,0
20080122,67.976,71.158,67.253,69.856,1479,0
20080123,69.856,71.158,67.253,68.301,4913,0
20080124,69.278,70.435,69.278,69.784,424,0
20080125,70.579,70.579,70.579,70.579,42,0
20080130,68.048,69.928,68.048,69.784,1860,0
20080131,68.699,69.711,68.048,69.711,3347,0
20080201,69.06,69.639,67.723,69.639,1500,0
20080204,68.916,69.422,68.048,69.422,504,0
20080205,68.12,68.12,66.746,66.746,65330,0
20080206,66.385,67.795,66.385,67.795,1427,0
20080207,67.687,68.157,66.132,67.976,490,0
20080208,66.674,67.94,65.806,66.457,15699,0
20080211,66.023,66.746,66.023,66.023,171,0
20080212,66.529,67.904,66.529,67.831,5254,0
20080213,67.253,67.253,67.253,67.253,38750,0
20080214,67.831,68.844,67.253,67.253,638,0
20080215,67.759,67.759,67.253,67.253,3375,0
20080218,67.831,68.699,67.759,67.976,296,0
20080219,67.687,67.687,67.687,67.687,21,0
20080220,68.229,68.229,66.963,67.976,395,0
20080221,68.627,69.06,67.614,69.06,3348,0
20080222,67.614,67.614,67.614,67.614,15210,0
20080225,68.41,68.41,68.41,68.41,16,0
20080226,71.23,71.23,71.23,71.23,691,0
20080227,69.133,69.133,67.723,68.41,1606,0
20080228,67.433,70.145,66.927,70.145,2105,0
20080229,67.253,67.904,66.891,67.904,3566,0
20080303,66.313,66.313,65.156,65.156,204,0
20080304,65.264,67.108,65.264,67.108,262,0
20080307,65.083,67.036,64.432,67.036,802,0
20080310,63.999,65.083,61.106,65.083,8325,0
20080311,61.865,62.914,60.744,62.914,8172,0
20080312,61.648,63.42,60.961,62.914,5604,0
20080313,61.54,61.54,60.455,60.744,5977,0
20080314,59.66,60.744,59.515,59.515,14189,0
20080317,59.298,59.298,56.478,56.478,9560,0
20080318,56.116,58.539,56.116,57.852,925,0
20080319,56.008,57.743,56.008,57.743,998,0
20080320,56.044,56.044,53.73,53.73,2460,0
20080325,57.129,58.43,55.068,55.068,3495,0
20080326,54.959,56.622,54.381,56.044,5929,0
20080327,54.887,58.575,54.453,58.213,8819,0
20080328,55.827,57.129,54.634,56.405,5879,0
20080331,55.827,57.996,55.718,57.996,5627,0
20080401,56.55,57.599,56.478,57.599,1011,0
20080402,57.346,57.346,56.405,57.056,58923,0
20080403,57.056,57.129,55.682,55.682,886,0
20080404,55.682,57.707,55.031,57.129,2031,0
20080407,55.755,56.225,54.525,54.525,4757,0
20080408,55.248,55.248,54.67,54.67,20,0
20080409,54.489,54.959,54.453,54.959,64,0
20080410,54.598,55.538,53.947,55.538,421,0
20080411,54.128,54.128,52.103,53.079,6705,0
20080414,51.958,52.067,50.223,51.958,1007,0
20080415,51.416,51.886,50.186,51.886,6597,0
20080416,50.693,51.488,49.933,51.488,540,0
20080417,50.62,50.91,47.149,47.8,9172,0
20080418,47.8,48.451,47.728,47.728,3777,0
20080421,49.102,49.102,47.041,47.728,5562,0
20080422,48.162,48.162,46.751,47.005,3388,0
20080423,47.005,48.342,45.414,46.932,29627,0
20080424,45.992,47.619,45.992,46.643,7381,0
20080425,47.728,47.728,46.426,47.005,33775,0
20080428,47.945,48.595,46.354,48.595,852,0
20080429,47.294,47.294,45.92,47.005,2026,0
20080430,46.498,47.077,45.992,47.077,1013,0
20080505,47.149,49.897,47.149,49.897,5919,0
20080506,49.536,51.633,49.536,50.584,1083,0
20080507,49.174,51.488,49.174,51.488,1411,0
20080508,51.994,51.994,51.994,51.994,22,0
20080509,49.897,52.79,49.753,52.79,3571,0
20080512,49.68,50.62,48.234,49.102,5945,0
20080513,47.8,48.415,47.511,48.306,2330,0
20080514,47.728,48.451,47.583,48.451,2740,0
20080515,47.185,49.029,47.185,49.029,289,0
20080516,49.029,49.102,47.655,47.728,7139,0
20080519,47.005,47.691,46.788,47.691,7565,0
20080521,47.8,48.198,46.824,48.089,3697,0
20080523,49.102,49.102,49.102,49.102,42,0
20080526,47.294,47.294,45.631,47.005,660,0
20080527,47.005,47.185,46.715,46.715,9680,0
20080528,48.849,48.849,47.185,47.366,30654,0
20080529,47.728,47.728,47.005,47.005,57,0
20080530,47.005,47.005,46.137,46.968,178,0
20080602,46.354,47.294,46.354,47.294,143,0
20080603,46.137,47.655,46.137,47.655,172,0
20080604,47.655,47.655,43.967,46.281,3252,0
20080605,45.558,46.281,44.184,46.281,511,0
20080606,44.835,46.209,44.112,44.112,2554,0
20080609,43.57,43.606,43.244,43.389,1566,0
20080610,43.389,44.835,43.389,43.967,2033,0
20080611,44.401,44.763,44.112,44.763,242,0
20080612,43.461,48.089,42.593,42.593,5108,0
20080613,43.027,44.04,42.883,44.04,722,0
20080616,44.04,45.558,42.774,45.558,2528,0
20080617,43.389,45.486,43.316,45.486,7016,0
20080618,43.967,43.967,42.304,42.304,1878,0
20080619,42.557,42.666,40.966,41.726,1015,0
20080620,40.858,41.075,39.412,39.773,899,0
20080623,39.05,39.05,36.157,36.88,9427,0
20080624,35.658,37.604,35.145,37.604,3533,0
20080625,35.015,36.157,34.35,35.434,9683,0
20080626,33.995,36.157,33.988,36.157,3417,0
20080627,35.449,36.88,35.08,36.88,5954,0
20080630,36.41,38.327,36.41,38.327,1466,0
20080701,37.965,37.965,35.868,35.868,1044,0
20080702,36.664,37.604,36.664,37.604,775,0
20080703,35.572,37.459,34.935,37.242,15882,0
20080704,35.832,36.15,33.916,33.916,13868,0
20080707,33.265,34.509,33.084,33.265,1590,0
20080708,33.482,34.104,33.482,33.626,727,0
20080709,34.501,35.362,33.988,34.024,3013,0
20080710,33.988,34.458,33.626,33.952,2213,0
20080711,34.277,34.277,32.462,32.469,10040,0
20080714,31.818,33.757,31.818,33.757,122,0
20080716,31.818,33.265,31.262,33.265,2088,0
20080717,33.916,34.458,33.916,34.458,209,0
20080718,34.494,35.362,33.467,35.29,558,0
20080721,35.434,35.832,35.434,35.796,271,0
20080722,34.639,35.073,32.975,34.711,5817,0
20080723,34.067,36.085,34.067,36.085,1445,0
20080724,34.834,35.29,34.718,35.29,845,0
20080725,33.626,34.639,33.525,34.639,858,0
20080728,33.344,35,33.344,35,337,0
20080729,33.822,35.145,33.822,34.82,988,0
20080730,34.552,35.073,33.981,35.073,2766,0
20080731,34.347,36.882,34.347,36.882,2412,0
20080801,33.952,34.82,33.706,34.82,5680,0
20080804,34.711,35.976,34.06,35.651,742,0
20080805,34.776,36.736,34.776,36.013,4939,0
20080806,35.94,37.242,34.711,36.519,24671,0
20080807,35.073,36.736,34.877,35.217,61085,0
20080808,35.109,36.157,35.073,36.157,15978,0
20080811,36.056,36.41,36.056,36.41,2872,0
20080812,36.157,36.772,36.157,36.772,276,0
20080813,36.772,38.616,36.772,38.616,467,0
20080814,36.88,38.327,36.844,38.327,1600,0
20080818,37.712,38.182,37.423,37.604,1234,0
20080819,37.025,38.11,36.844,37.821,1484,0
20080820,36.953,37.025,36.844,37.025,719,0
20080821,36.519,37.025,36.519,37.025,91,0
20080822,36.772,37.242,36.772,37.242,346,0
20080825,36.519,36.953,36.157,36.953,208,0
20080827,37.17,37.676,36.953,37.604,865,0
20080828,37.604,38.616,36.953,38.616,31074,0
20080829,39.267,39.773,38.363,38.363,118,0
20080901,41.219,41.219,39.484,39.484,58,0
20080902,40.641,40.641,40.171,40.496,219,0
20080903,40.496,40.496,39.629,39.665,2582,0
20080904,40.641,40.641,38.942,39.412,2117,0
20080905,39.339,39.339,37.64,38.761,1894,0
20080908,39.046,39.046,37.822,37.822,1089,0
20080909,38.253,38.468,38.076,38.468,168,0
20080910,38.399,38.399,36.735,38.399,876,0
20080911,38.184,38.184,35.503,36.843,4436,0
20080912,36.843,36.882,36.088,36.882,2649,0
20080915,37.459,37.459,34.709,35.865,3312,0
20080916,36.088,36.088,33.754,33.916,3993,0
20080917,34.671,34.671,32.314,34.124,2745,0
20080918,34.702,34.702,30.342,33.908,10855,0
20080919,36.111,36.589,35.518,36.127,521,0
20080922,36.127,36.127,36.127,36.127,215,0
20080923,36.127,36.127,35.048,36.127,1426,0
20080924,36.127,36.974,35.287,36.974,1005,0
20080925,38.284,38.284,35.819,37.744,8691,0
20080926,38.284,38.284,36.104,37.744,6301,0
20080929,38.438,38.438,33.893,35.434,11058,0
20080930,32.352,35.819,31.852,35.819,16214,0
20081001,34.663,34.91,33.731,34.579,10427,0
20081002,34.147,34.509,33.893,33.893,43,0
20081003,32.907,34.24,32.738,32.738,1765,0
20081006,30.82,33.1,30.82,30.82,565,0
20081007,32.198,32.198,26.814,28.501,5323,0
20081008,26.19,26.675,24.726,26.575,5024,0
20081009,27.731,27.731,25.805,26.806,2767,0
20081010,27.577,27.577,22.385,23.764,3241,0
20081013,23.879,25.035,23.764,23.956,3503,0
20081014,25.035,27.345,25.035,26.036,4082,0
20081015,26.96,26.96,24.649,24.996,11436,0
20081016,24.958,25.035,23.586,24.072,3738,0
20081017,25.805,25.805,23.494,23.872,7253,0
20081020,24.226,24.226,23.494,23.494,9304,0
20081021,24.881,24.881,23.702,24.033,59822,0
20081022,24.788,24.788,24.788,24.788,1,0
20081023,24.495,24.495,23.494,23.872,13364,0
20081024,22.924,23.71,21.491,21.491,38336,0
20081027,20.513,21.645,20.42,20.721,7511,0
20081028,20.798,21.183,20.798,21.183,355,0
20081029,22.539,22.624,19.373,20.521,4665,0
20081030,20.528,20.952,20.274,20.944,4544,0
20081031,20.721,21.414,20.413,20.413,39806,0
20081103,20.798,21.799,20.682,20.682,32125,0
20081104,21.183,21.568,21.145,21.491,42219,0
20081105,21.183,21.26,20.829,21.26,6530,0
20081106,20.413,20.952,19.974,20.952,82649,0
20081107,21.491,22.955,20.952,22.885,21283,0
20081110,22.955,24.264,22.955,24.264,13669,0
20081112,24.264,26.575,22.339,25.874,10496,0
20081113,23.887,24.881,23.887,24.549,12339,0
20081114,25.05,25.135,24.264,24.264,7071,0
20081117,24.187,24.341,24.187,24.341,6491,0
20081118,25.751,25.751,24.634,24.634,4255,0
20081120,23.679,23.679,22.878,22.878,162,0
20081121,23.494,24.649,23.363,24.649,1455,0
20081124,24.649,26.883,24.649,26.883,3540,0
20081125,27.731,28.609,26.575,28.609,455,0
20081126,26.652,26.714,26.575,26.575,455,0
20081127,26.922,29.271,26.922,28.493,1262,0
20081128,26.652,28.901,26.267,27.731,624,0
20081201,27.731,27.731,27.345,27.345,11124,0
20081202,26.359,28.501,25.843,28.501,33189,0
20081203,27.368,28.262,27.037,27.084,998,0
20081204,27.723,27.723,25.89,25.89,55128,0
20081205,25.112,26.691,23.887,25.435,65838,0
20081208,26.498,27.345,26.074,26.544,2057,0
20081209,27.654,28.008,27.191,28.008,22845,0
20081210,27.692,27.692,27.692,27.692,8,0
20081211,27.461,27.461,27.376,27.376,143,0
20081212,27.345,28.193,26.575,27.931,13284,0
20081215,26.729,27.854,26.729,27.731,7908,0
20081216,26.575,27.114,26.575,27.114,11788,0
20081217,27.731,28.039,26.822,26.845,49382,0
20081218,27.731,27.731,26.198,27.731,208,0
20081219,26.86,26.86,26.305,26.305,262,0
20081222,26.806,27.084,26.806,27.084,230,0
20081229,27.037,27.037,26.275,26.783,496,0
20081230,26.783,27.731,26.783,26.96,1017,0
20081231,26.498,26.96,26.498,26.96,228,0
20090105,27.345,28.116,27.345,27.677,20810,0
20090106,28.27,29.194,27.954,28.378,43029,0
20090107,28.216,28.301,27.345,27.345,337,0
20090108,28.809,29.887,28.809,29.887,78500,0
20090109,28.809,28.809,28.809,28.809,12983,0
20090112,29.294,29.294,27.846,27.846,135,0
20090113,28.809,28.809,28.424,28.501,14305,0
20090114,28.039,28.046,28.039,28.039,294,0
20090116,27.992,27.992,27.191,27.191,78,0
20090119,28.64,29.271,27.114,27.114,42907,0
20090120,26.305,28.817,26.305,28.778,427,0
20090121,27.515,27.607,27.515,27.607,570,0
20090122,28.116,28.116,28.116,28.116,116,0
20090123,27.9,27.9,27.9,27.9,260,0
20090126,27.761,27.777,27.761,27.777,335,0
20090127,28.678,28.809,28.678,28.809,97,0
20090128,28.878,29.271,28.878,29.271,150,0
20090129,28.963,28.963,28.963,28.963,64,0
20090202,28.925,28.925,28.925,28.925,78,0
20090203,28.732,28.909,28.732,28.909,134,0
20090204,28.909,28.909,28.909,28.909,1299,0
20090205,29.525,30.273,29.525,30.273,413,0
20090206,30.273,30.273,30.273,30.273,72,0
20090209,29.348,30.273,29.348,30.273,42,0
20090210,30.334,30.334,29.348,30.334,218,0
20090212,30.196,30.943,30.196,30.943,548,0
20090213,31.582,32.352,30.812,32.352,884,0
20090216,32.352,32.352,32.352,32.352,21,0
20090217,31.197,31.582,31.197,31.582,52,0
20090218,31.582,31.582,30.665,30.665,2312,0
20090219,32.352,32.352,32.352,32.352,1,0
20090220,32.383,32.537,32.383,32.537,61,0
20090224,30.365,30.365,29.941,29.941,52,0
20090225,30.943,30.997,30.935,30.935,60,0
20090226,30.873,31.212,30.873,31.212,104,0
20090227,31.467,31.467,31.467,31.467,150,0
20090302,30.696,31.582,30.696,31.582,131,0
20090305,31.89,31.89,31.89,31.89,64,0
20090310,31.582,31.582,31.582,31.582,39,0
20090311,31.659,31.659,30.349,30.696,223,0
20090312,30.642,30.642,29.841,30.319,1133,0
20090316,30.812,31.52,30.812,31.52,110,0
20090317,31.027,31.112,31.02,31.112,521,0
20090319,30.411,30.411,30.411,30.411,325,0
20090320,30.427,30.427,29.502,29.502,521,0
20090323,30.041,30.041,30.041,30.041,131,0
20090324,30.804,30.812,28.878,28.886,287,0
20090325,28.239,28.493,28.239,28.493,218,0
20090326,28.501,30.781,28.501,30.781,883,0
20090327,29.911,29.964,29.911,29.964,100,0
20090330,30.812,30.812,30.812,30.812,13,0
20090331,30.812,32.553,30.812,31.297,1268,0
20090401,30.627,30.627,30.434,30.434,1233,0
20090402,30.434,30.434,30.434,30.434,13,0
20090403,31.736,32.46,31.736,32.399,11232,0
20090406,32.399,33.739,32.399,33.508,9499,0
20090407,33.331,34.278,33.23,34.278,3498,0
20090408,33.893,34.663,33.469,34.663,3951,0
20090409,34.663,34.663,34.471,34.471,2734,0
20090414,34.663,35.048,34.663,35.048,663,0
20090415,35.048,35.048,33.893,35.048,381,0
20090416,33.731,33.731,33.123,33.123,131,0
20090417,35.048,35.048,35.033,35.048,137,0
20090420,35.048,36.204,34.81,34.81,558,0
20090421,34.386,34.386,34.386,34.386,648,0
20090423,35.048,37.744,34.979,37.744,8676,0
20090424,39.285,39.285,38.669,39.285,96,0
20090427,40.094,40.094,40.055,40.055,208,0
20090428,45.37,45.37,42.482,42.944,1093,0
20090429,44.677,44.677,43.291,43.291,951,0
20090430,41.75,41.827,41.75,41.827,1064,0
20090504,43.907,43.907,43.907,43.907,52,0
20090505,42.366,43.753,41.596,43.753,428,0
20090506,42.905,43.907,42.905,43.907,798,0
20090507,44.292,44.292,43.56,43.907,134,0
20090511,42.058,42.058,41.288,41.288,1766,0
20090512,43.059,43.059,43.059,43.059,26,0
20090513,40.055,42.944,40.055,42.944,113,0
20090515,41.557,41.596,41.557,41.596,53,0
20090518,41.596,42.366,41.596,42.366,596,0
20090519,42.366,42.983,41.288,41.288,369,0
20090520,41.288,41.288,41.288,41.288,25,0
20090521,39.324,41.519,37.359,41.403,2100,0
20090522,40.171,42.52,40.171,42.52,1337,0
20090525,42.251,42.713,42.174,42.713,172,0
20090526,42.713,42.79,41.48,41.48,1313,0
20090527,42.366,42.983,42.366,42.983,116,0
20090528,43.368,47.45,43.368,46.795,1464,0
20090529,46.137,50.072,46.065,46.065,1644,0
20090602,47.412,49.453,47.335,49.299,115,0
20090603,49.684,49.684,48.182,48.182,36,0
20090604,46.988,46.988,46.988,46.988,19,0
20090605,46.988,46.988,45.948,46.218,328,0
20090608,46.218,46.218,45.833,45.833,84,0
20090609,46.603,47.874,46.603,46.603,251,0
20090610,47.103,47.103,46.834,46.834,25964,0
20090612,48.143,49.299,48.143,49.299,19777,0
20090615,50.069,50.069,49.299,49.645,317,0
20090616,46.218,48.721,46.218,48.721,3310,0
20090617,48.528,49.299,47.065,49.299,272,0
20090622,49.491,49.53,48.528,49.299,14681,0
20090623,49.299,49.299,47.758,47.989,353,0
20090624,47.142,47.142,47.065,47.065,75,0
20090625,45.833,46.218,45.833,45.833,136,0
20090626,46.911,46.911,46.911,46.911,116,0
20090630,47.296,47.296,47.258,47.258,37,0
20090701,48.49,48.49,46.564,46.603,217,0
20090702,46.487,46.487,44.292,46.141,3513,0
20090703,46.449,46.449,44.369,44.639,31926,0
20090706,44.407,44.407,44.407,44.407,195,0
20090707,45.447,47.758,43.907,43.907,1869,0
20090708,43.368,44.639,43.368,44.639,459,0
20090709,43.907,44.485,43.907,44.485,769,0
20090710,44.099,44.562,43.907,43.907,91,0
20090713,43.907,45.332,43.907,43.907,223,0
20090714,45.178,45.216,43.907,43.907,166,0
20090715,45.756,45.756,45.601,45.601,277,0
20090716,44.754,46.949,44.754,46.949,1982,0
20090717,46.988,47.373,44.87,44.87,154,0
20090720,45.679,45.679,44.831,44.831,268,0
20090721,45.833,46.372,45.833,46.372,258,0
20090723,47.142,47.566,47.142,47.566,695,0
20090724,46.988,47.758,46.988,47.758,296,0
20090727,47.373,50.262,47.373,50.262,4271,0
20090728,48.528,48.528,47.45,47.45,92,0
20090729,47.566,47.566,47.026,47.026,564,0
20090730,46.872,46.911,46.872,46.911,234,0
20090803,46.911,48.451,46.911,48.451,42,0
20090804,47.181,47.181,46.218,46.218,181,0
20090805,47.797,48.683,47.797,48.683,187,0
20090806,49.299,49.299,47.758,47.758,46,0
20090807,47.761,47.834,47.761,47.834,96,0
20090811,49.992,51.302,49.723,49.761,1468,0
20090812,49.761,51.61,48.606,49.26,659,0
20090817,49.106,49.106,47.912,47.912,37,0
20090818,48.914,50.608,48.914,50.608,367,0
20090819,49.992,52.38,49.992,52.38,111,0
20090820,52.765,53.921,52.765,53.69,388,0
20090821,53.189,53.921,53.189,53.921,116,0
20090824,53.921,56.232,52.996,56.232,351,0
20090826,56.228,56.656,56.074,56.462,714,0
20090827,57.156,58.196,57.002,57.002,26617,0
20090828,55.538,55.538,55.538,55.538,208,0
20090831,58.199,58.199,56.543,56.615,21061,0
20090901,55.46,55.46,54.846,55,178,0
20090902,55.072,55.113,54.386,54.386,9146,0
20090903,52.804,52.804,52.804,52.804,73,0
20090904,52.842,54.267,52.842,54.267,464,0
20090907,54.383,56.501,54.383,55.153,215,0
20090908,55.769,56.154,55.769,56.154,624,0
20090909,56.154,58.388,56.154,58.119,1294,0
20090910,58.078,60.857,58.078,60.776,1164,0
20090911,61.543,61.543,60.081,61.043,736,0
20090914,60.469,60.469,60.469,60.469,131,0
20090915,58.926,59.273,58.926,59.273,71,0
20090917,61.277,61.277,61.277,61.277,52,0
20090918,61.6,61.721,61.6,61.721,86,0
20090921,61.681,61.721,61.681,61.721,179,0
20090922,63.66,63.66,63.539,63.539,43,0
20090923,63.418,63.418,63.418,63.418,2,0
20090924,60.59,60.59,60.59,60.59,14,0
20090925,61.762,62.731,59.782,59.782,6254,0
20090928,62.731,62.731,60.59,60.59,145,0
20090929,62.125,62.731,62.004,62.731,1342,0
20090930,62.771,62.771,62.771,62.771,61,0
20091001,58.611,63.458,58.611,63.458,65,0
20091002,63.458,63.458,63.458,63.458,61,0
20091005,62.529,62.529,62.529,62.529,2,0
20091006,60.59,60.752,60.59,60.752,16666,0
20091007,63.337,63.337,61.035,61.035,118,0
20091008,62.57,62.57,60.913,60.913,1365,0
20091009,62.57,62.57,60.913,61.035,2599,0
20091012,62.529,62.529,58.974,58.974,10840,0
20091013,62.044,62.044,62.044,62.044,14,0
20091014,62.57,63.135,62.57,63.135,50,0
20091015,63.054,63.054,60.267,60.267,333,0
20091016,61.358,61.358,60.348,60.348,73,0
20091019,60.954,60.954,58.611,58.611,179,0
20091020,60.55,60.55,55.985,56.147,609,0
20091021,59.984,59.984,56.551,57.884,293,0
20091022,59.136,59.136,54.127,55.743,1194,0
20091023,56.672,56.672,54.572,54.572,97,0
20091026,57.278,57.278,57.278,57.278,66,0
20091027,56.753,56.753,54.612,55.985,11485,0
20091028,55.985,55.985,55.985,55.985,16,0
20091029,55.379,55.379,54.046,54.046,24881,0
20091030,55.258,56.107,55.258,56.107,12516,0
20091102,56.511,56.511,55.703,55.743,133,0
20091103,54.531,54.531,54.531,54.531,74,0
20091104,54.531,54.531,54.531,54.531,122,0
20091105,53.804,54.37,53.804,54.37,31112,0
20091106,54.935,54.935,54.935,54.935,12224,0
20091109,54.895,54.935,54.895,54.935,28,0
20091110,53.804,53.804,53.804,53.804,24,0
20091112,50.169,54.248,50.169,54.087,230,0
20091113,54.006,54.006,54.006,54.006,15,0
20091118,53.4,54.531,53.4,54.531,81,0
20091119,54.935,56.066,54.935,56.066,62,0
20091120,55.016,55.016,55.016,55.016,170,0
20091124,54.935,54.935,54.935,54.935,38,0
20091125,54.127,55.824,54.127,55.824,140,0
20091126,55.339,55.743,53.562,54.37,139,0
20091127,53.764,53.764,53.764,53.764,24,0
20091201,55.339,55.743,55.339,55.743,42,0
20091202,54.45,55.662,54.45,55.097,13616,0
20091203,55.743,55.743,55.743,55.743,38,0
20091208,54.612,54.612,54.612,54.612,38,0
20091210,54.248,54.248,54.248,54.248,322,0
20091211,54.612,54.612,54.612,54.612,43,0
20091214,54.491,55.985,54.491,55.985,1470,0
20091215,56.591,56.591,55.177,55.581,125,0
20091216,56.591,56.591,54.41,54.41,12764,0
20091217,56.591,56.874,55.743,56.834,10060,0
20091218,57.844,57.844,56.026,56.955,13632,0
20091221,56.995,57.52,55.46,57.52,6205,0
20091222,58.086,58.086,56.389,57.157,6174,0
20091223,56.43,57.763,54.168,54.168,7064,0
20091228,54.693,56.551,54.127,54.127,215,0
20091229,54.168,56.874,54.168,55.339,172,0
20091230,56.874,57.561,55.056,57.561,217,0
20091231,55.056,58.167,55.056,58.167,41,0
20100104,54.127,56.632,54.127,56.632,1887,0
20100105,55.743,56.187,54.774,56.187,2880,0
20100106,54.895,55.258,54.895,55.258,160,0
20100107,54.774,56.551,54.774,56.551,234,0
20100108,54.41,57.763,52.916,54.612,1757,0
20100111,53.481,55.097,53.481,54.612,289,0
20100112,54.572,58.086,54.572,55.743,282,0
20100113,55.137,55.137,54.733,54.733,22,0
20100114,54.733,55.703,54.733,55.703,490,0
20100115,54.814,54.814,54.814,54.814,16,0
20100118,53.885,56.147,53.885,56.066,1334,0
20100119,55.743,55.743,53.966,53.966,100,0
20100120,54.127,55.097,54.127,54.976,202,0
20100121,55.299,55.299,55.299,55.299,81,0
20100122,54.693,56.389,54.693,55.864,150,0
20100125,54.127,56.309,54.087,56.309,201,0
20100126,54.572,56.268,54.531,56.268,65,0
20100127,55.258,55.258,55.218,55.258,350,0
20100128,55.097,55.097,54.45,54.45,22,0
20100129,55.137,55.3,54.25,55.3,24896,0
20100201,55.258,55.501,55.177,55.177,3218,0
20100202,56.309,56.389,55.783,56.309,158,0
20100204,56.349,56.349,56.268,56.268,61,0
20100205,55.541,55.541,54.774,54.774,36,0
20100208,54.774,54.774,54.248,54.248,25,0
20100222,54.814,54.814,54.814,54.814,1237,0
20100226,52.673,52.673,52.673,52.673,38,0
20100303,51.865,51.865,51.784,51.784,36,0
20100309,52.269,53.037,52.269,53.037,2112,0
20100310,53.319,54.37,53.319,53.885,156,0
20100312,54.289,54.531,54.289,54.45,1907,0
20100315,54.531,54.854,54.531,54.854,1192,0
20100317,53.925,54.935,53.925,54.046,63,0
20100318,55.258,55.42,54.289,54.289,741,0
20100319,55.42,55.743,55.339,55.743,1967,0
20100324,54.774,54.774,54.774,54.774,74,0
20100325,53.966,53.966,53.966,53.966,31,0
20100326,55.743,55.743,55.743,55.743,19,0
20100329,53.764,54.976,53.764,54.976,61909,0
20100330,54.208,54.208,54.208,54.208,620,0
20100401,54.45,54.531,54.208,54.531,143,0
20100406,54.935,55.056,54.774,55.056,2510,0
20100407,55.177,55.703,54.491,55.703,2290,0
20100408,55.703,56.107,55.703,56.107,7117,0
20100409,55.743,57.359,55.743,57.359,5018,0
20100412,57.359,57.359,57.359,57.359,21,0
20100414,56.551,56.551,56.551,56.551,109,0
20100415,56.551,57.359,56.43,57.359,50,0
20100416,56.511,56.511,56.511,56.511,42,0
20100419,56.147,56.147,56.147,56.147,2019,0
20100420,56.349,56.349,56.147,56.147,73,0
20100421,58.005,58.974,58.005,58.974,1305,0
20100422,58.247,58.772,58.167,58.167,199,0
20100423,57.117,57.117,57.117,57.117,54,0
20100426,57.359,57.359,57.359,57.359,19,0
20100427,57.682,57.682,57.359,57.359,22,0
20100505,55.137,55.137,55.137,55.137,38,0
20100506,54.572,55.339,54.329,55.339,207,0
20100507,55.339,55.339,55.339,55.339,14,0
20100510,56.955,56.955,54.935,54.935,65,0
20100512,56.551,56.551,56.551,56.551,5,0
20100518,56.955,57.52,56.632,57.52,37366,0
20100519,56.228,56.228,56.228,56.228,16,0
20100520,56.914,57.238,56.551,57.238,14885,0
20100521,55.097,56.187,55.097,56.187,118,0
20100525,54.208,54.208,54.208,54.208,1,0
20100527,53.804,53.804,53.804,53.804,38,0
20100528,54.774,56.228,53.804,55.985,455,0
20100531,56.835,57.399,56.835,57.322,32880,0
20100601,57.278,57.278,56.834,56.834,1654,0
20100602,56.874,57.359,56.874,57.359,18,0
20100607,57.359,57.359,57.359,57.359,5,0
20100618,56.147,56.147,55.258,55.46,57,0
20100621,54.854,54.854,54.854,54.854,91,0
20100623,54.935,54.935,54.935,54.935,104,0
20100624,54.491,54.733,54.491,54.733,95,0
20100625,53.804,53.804,53.804,53.804,27,0
20100628,55.339,55.339,53.804,54.935,60,0
20100629,54.168,54.168,54.168,54.168,2,0
20100630,54.207,54.207,54.207,54.207,93,0
20100706,52.956,52.956,52.956,52.956,7,0
20100707,54.814,54.814,54.652,54.652,71,0
20100708,54.693,54.693,54.491,54.491,81,0
20100713,55.016,57.197,55.016,57.076,6528,0
20100714,57.076,57.884,56.551,56.551,5172,0
20100716,56.591,56.591,55.258,55.258,20,0
20100719,55.258,55.258,55.258,55.258,67,0
20100720,56.551,56.551,56.551,56.551,16,0
20100804,57.682,57.965,57.682,57.924,125,0
20100805,57.278,57.278,57.278,57.278,6190,0
20100809,58.167,58.167,58.126,58.126,15,0
20100812,58.086,58.086,58.086,58.086,71,0
20100817,56.834,56.834,56.591,56.672,141,0
20100818,56.147,56.147,54.854,54.854,310,0
20100819,56.672,56.672,56.47,56.47,66,0
20100826,57.48,57.48,57.44,57.44,36,0
20100831,56.392,56.468,56.144,56.144,166,0
20100901,55.743,56.147,55.743,56.147,36,0
20100902,56.147,56.955,56.147,56.955,5264,0
20100903,56.753,56.753,56.753,56.753,16,0
20100909,55.743,55.945,55.743,55.945,81,0
20100910,56.026,56.026,56.026,56.026,22,0
20100913,56.955,56.955,56.955,56.955,61913,0
20100914,56.955,57.157,56.955,57.157,3591,0
20100915,56.43,56.43,55.42,55.42,174,0
20100916,56.511,56.955,55.419,55.419,121,0
20100917,57.359,57.359,55.783,55.783,266,0
20100920,55.985,57.52,55.945,57.52,123,0
20100921,57.359,57.359,57.359,57.359,74,0
20100923,56.874,57.359,56.874,57.359,152,0
20100924,57.359,57.359,56.43,56.47,260,0
20100927,57.359,57.763,57.359,57.763,7869,0
20100928,58.005,59.782,58.005,59.782,2502,0
20100929,58.329,58.329,58.329,58.329,24,0
20100930,59.216,59.216,59.216,59.216,4,0
20101001,57.962,58.004,57.962,58.004,280,0
20101004,58.005,58.005,58.005,58.005,61,0
20101005,58.004,58.004,58.004,58.004,50,0
20101006,58.005,58.167,58.005,58.167,46,0
20101007,58.047,58.047,58.047,58.047,14,0
20101008,58.166,58.533,58.166,58.533,27,0
20101014,58.047,58.047,57.032,57.032,729,0
20101015,56.955,56.955,56.955,56.955,248,0
20101018,56.955,56.955,56.955,56.955,41,0
20101019,56.955,57.518,56.955,56.955,988,0
20101020,56.742,56.742,56.315,56.315,46,0
20101021,56.827,56.827,56.827,56.827,13,0
20101027,57.125,58.917,56.997,56.997,573,0
20101029,59.301,59.301,59.301,59.301,235,0
20101102,59.301,59.301,57.381,57.595,257,0
20101103,57.467,57.467,57.467,57.467,23,0
20101104,59.728,59.728,59.728,59.728,82,0
20101105,59.344,59.344,59.344,59.344,4,0
20101108,58.405,58.405,58.405,58.405,22,0
20101109,58.021,58.021,57.637,57.637,114,0
20101110,57.595,57.595,57.509,57.509,470,0
20101115,58.021,58.021,57.381,57.381,192,0
20101116,57.381,58.021,57.381,58.021,81,0
20101117,58.021,58.448,58.021,58.448,82,0
20101118,58.448,58.448,58.192,58.192,87,0
20101119,58.107,58.192,58.107,58.192,60,0
20101122,56.869,58.235,56.827,56.827,86,0
20101123,56.827,56.827,56.827,56.827,64,0
20101125,58.448,58.448,58.448,58.448,222,0
20101126,58.448,58.448,58.064,58.064,1198,0
20101129,58.448,59.045,58.448,59.045,188,0
20101202,59.728,59.728,59.728,59.728,857,0
20101203,59.643,59.643,59.6,59.6,150,0
20101206,59.771,59.771,59.771,59.771,59,0
20101207,60.197,60.197,59.813,59.813,391,0
20101208,60.069,60.581,58.021,58.021,501,0
20101209,60.752,61.69,60.752,61.69,451,0
20101210,61.904,62.032,61.904,62.032,40,0
20101213,62.288,62.97,62.288,62.97,32,0
20101214,62.032,62.032,62.032,62.032,33,0
20101215,61.861,61.861,61.861,61.861,6,0
20101216,60.667,60.667,60.667,60.667,279,0
20101217,60.667,60.667,60.283,60.283,15,0
20101221,60.283,61.605,59.6,61.605,1427,0
20101222,62.117,62.117,62.074,62.117,173,0
20101223,61.008,61.008,61.008,61.008,35,0
20101227,61.008,61.008,61.008,61.008,74,0
20101228,62.288,62.33,62.288,62.33,1426,0
20101229,61.051,62.202,61.051,62.202,44,0
20101230,62.288,62.288,62.288,62.288,40,0
20101231,61.004,63.138,61.004,62.966,1432,0
20110103,62.8,62.8,62.8,62.8,78,0
20110105,62.117,62.117,62.117,62.117,193,0
20110107,62.117,62.117,62.117,62.117,23,0
20110110,61.434,61.434,61.434,61.434,60,0
20110111,61.434,61.434,61.434,61.434,130,0
20110114,63.141,63.866,63.141,63.568,357,0
20110117,63.866,63.866,63.866,63.866,16,0
20110118,62.714,62.714,62.714,62.714,17,0
20110120,62.373,62.373,62.373,62.373,28,0
20110121,62.458,62.544,62.458,62.544,14,0
20110124,62.544,62.544,62.544,62.544,2,0
20110125,60.667,60.667,60.667,60.667,28,0
20110128,60.581,60.581,60.581,60.581,8,0
20110131,60.579,60.579,60.579,60.579,16,0
20110201,60.709,60.709,60.709,60.709,38,0
20110203,61.178,61.178,61.178,61.178,125,0
20110214,61.221,61.221,61.221,61.221,16,0
20110215,61.434,61.434,60.922,60.922,46,0
20110221,61.008,61.008,61.008,61.008,204,0
20110223,61.008,61.008,61.008,61.008,17,0
20110225,61.008,61.008,61.008,61.008,40,0
20110301,60.411,60.411,60.411,60.411,117,0
20110302,60.24,60.24,60.24,60.24,207,0
20110303,60.453,61.093,60.453,60.581,4819,0
20110304,60.581,60.581,60.581,60.581,2355,0
20110307,59.685,61.818,59.685,60.581,967,0
20110310,59.515,59.515,59.515,59.515,15,0
20110311,59.515,59.515,59.515,59.515,3,0
20110314,59.728,61.008,59.728,61.008,43,0
20110315,60.325,60.411,60.325,60.411,249,0
20110316,60.411,60.411,60.411,60.411,28,0
20110317,60.922,60.922,60.112,60.581,3515,0
20110322,61.008,61.008,61.008,61.008,234,0
20110328,61.008,61.008,61.008,61.008,19,0
20110329,61.733,61.733,61.733,61.733,22,0
20110401,62.501,62.544,62.501,62.544,131,0
20110404,62.416,63.312,62.33,63.312,243,0
20110407,62.544,62.629,62.544,62.629,21,0
20110408,63.866,63.866,63.013,63.013,743,0
20110413,63.013,63.141,63.013,63.013,221,0
20110415,60.24,60.24,60.24,60.24,3,0
20110418,63.994,63.994,60.88,60.88,36,0
20110419,63.184,63.184,63.184,63.184,5,0
20110420,62.672,62.672,62.672,62.672,117,0
20110421,62.714,63.994,62.714,63.994,8,0
20110428,63.994,63.994,63.952,63.952,46,0
20110504,61.69,61.69,61.69,61.69,19,0
20110505,61.818,61.818,61.818,61.818,94,0
20110509,61.861,61.861,61.861,61.861,211,0
20110512,61.434,61.434,61.434,61.434,63,0
20110517,60.581,60.581,60.581,60.581,7,0
20110518,60.581,60.667,60.581,60.667,63,0
20110524,60.581,60.794,60.581,60.794,63,0
20110525,60.496,60.837,60.496,60.837,207,0
20110526,60.667,60.837,60.667,60.837,66,0
20110530,61.093,61.093,61.093,61.093,84,0
20110531,61.393,61.393,61.393,61.393,117,0
20110601,61.392,61.434,61.392,61.434,153,0
20110607,62.074,62.245,62.074,62.245,130,0
20110608,63.056,63.056,63.056,63.056,23,0
20110609,63.013,63.013,62.928,62.928,172,0
20110610,63.568,63.568,63.568,63.568,117,0
20110613,63.994,63.994,63.482,63.482,62,0
20110614,63.354,63.994,63.354,63.994,714,0
20110616,64.549,64.847,64.549,64.847,144,0
20110617,65.274,65.274,65.274,65.274,73,0
20110622,65.146,65.146,65.018,65.018,61,0
20110624,64.037,64.421,60.069,60.069,43,0
20110628,63.568,63.568,63.568,63.568,26,0
20110629,64.464,65.061,64.464,65.061,38,0
20110630,64.63,64.63,64.63,64.63,4,0
20110701,63.568,63.568,63.568,63.568,2,0
20110705,59.984,59.984,59.984,59.984,2,0
20110706,59.984,59.984,54.864,59.984,1236,0
20110707,63.824,64.336,63.738,64.336,1814,0
20110708,64.506,64.506,64.506,64.506,117,0
20110711,63.44,63.568,63.44,63.568,96,0
20110712,64.933,66.127,64.506,66.127,1547,0
20110713,65.701,65.701,65.701,65.701,24,0
20110714,64.293,64.378,64.293,64.378,2344,0
20110718,63.61,63.696,63.61,63.696,1172,0
20110719,63.141,63.141,62.97,62.97,1055,0
20110720,65.53,65.53,65.53,65.53,70,0
20110721,63.269,63.269,63.269,63.269,5,0
20110725,64.122,64.421,64.037,64.421,411,0
20110726,65.274,65.274,65.274,65.274,14,0
20110727,64.634,64.805,64.634,64.805,1172,0
20110729,65.272,65.272,65.019,65.019,329,0
20110802,64.762,65.018,64.762,64.762,1253,0
20110803,63.781,63.866,63.781,63.866,86,0
20110804,65.018,65.018,62.885,62.885,607,0
20110805,63.141,63.141,62.416,62.885,776,0
20110808,60.581,60.581,60.581,60.581,13,0
20110809,57.168,61.008,57.168,61.008,90,0
20110810,61.306,62.117,57.168,57.168,180,0
20110811,51.707,51.707,51.707,51.707,16,0
20110812,59.856,62.714,59.856,62.714,1571,0
20110816,62.288,62.288,62.032,62.032,1232,0
20110818,62.672,63.738,62.629,63.397,6094,0
20110819,63.141,63.141,61.349,61.349,23,0
20110822,61.349,61.904,61.349,61.904,475,0
20110823,61.861,63.61,61.861,62.074,502,0
20110824,62.074,62.586,62.074,62.544,234,0
20110825,63.525,63.525,63.525,63.525,20,0
20110826,63.738,63.909,63.738,63.909,586,0
20110829,63.909,63.909,63.909,63.909,5,0
20110830,63.909,65.317,63.909,65.317,2265,0
20110831,66.258,66.384,66.258,66.384,58,0
20110902,65.869,65.869,65.869,65.869,232,0
20110905,65.871,65.871,65.871,65.871,59,0
20110906,66.213,66.213,66.213,66.213,19,0
20110907,65.697,65.697,65.697,65.697,82,0
20110908,66.127,67.023,66.127,67.023,849,0
20110909,67.493,67.834,66.981,67.834,195,0
20110912,65.359,65.359,65.274,65.274,61,0
20110913,64.847,65.189,60.624,60.624,119,0
20110915,66.042,67.834,66.042,67.834,27,0
20110926,63.568,65.914,60.624,65.914,62,0
20110927,66.127,66.127,66.127,66.127,114,0
20110929,66.554,66.554,66.554,66.554,13,0
20110930,65.697,65.697,62.288,62.288,60,0
20111005,64.078,64.25,64.078,64.25,32,0
20111012,65.833,65.833,64.25,64.25,260,0
20111024,67.822,67.822,67.822,67.822,199,0
20111104,65.923,65.923,65.923,65.923,14,0
20111107,68.365,70.264,68.365,70.264,16,0
20111109,65.109,65.109,65.109,65.109,17,0
20111116,66.013,66.013,65.2,65.2,1106,0
20111118,65.607,65.607,65.607,65.607,470,0
20111121,66.149,66.149,66.149,66.149,30,0
20111122,66.737,66.737,66.737,66.737,12,0
20111123,67.506,67.506,67.506,67.506,24,0
20111124,66.918,66.918,66.556,66.556,44,0
20111125,67.822,67.822,67.822,67.822,12,0
20111129,70.264,71.394,70.264,71.394,74,0
20111130,71.304,71.711,71.304,71.711,251,0
20111201,71.711,71.711,71.485,71.485,99,0
20111202,71.485,71.485,71.485,71.485,18,0
20111205,71.485,71.485,71.485,71.485,22,0
20111207,71.846,71.891,71.846,71.891,421,0
20111209,72.389,72.796,72.389,72.796,46,0
20111212,71.575,71.575,70.625,70.625,12,0
20111213,70.806,71.394,70.806,71.394,305,0
20111215,71.982,71.982,71.982,71.982,30,0
20111220,70.806,70.806,70.806,70.806,4,0
20111222,70.716,70.716,70.716,70.716,393,0
20111230,70.035,70.035,70.035,70.035,69,0
20120103,71.349,71.349,71.349,71.349,221,0
20120120,68.952,69.676,68.952,69.676,2,0
20120125,68.636,68.681,68.636,68.681,85,0
20120126,68.636,68.636,68.636,68.636,5,0
20120201,67.822,68.003,67.144,67.144,33,0
20120206,68.184,68.184,68.184,68.184,343,0
20120207,67.099,67.099,67.099,67.099,12,0
20120210,67.551,67.551,67.551,67.551,7,0
20120216,67.551,67.551,67.551,67.551,7,0
20120221,68.817,68.817,68.817,68.817,15,0
20120222,69.631,69.631,69.631,69.631,81,0
20120302,67.37,67.37,66.013,66.013,4,0
20120305,67.777,67.777,67.777,67.777,40,0
20120306,66.918,66.918,66.918,66.918,48,0
20120313,66.013,66.013,66.013,66.013,257,0
20120315,64.702,64.702,64.702,64.702,17,0
20120316,64.657,64.657,64.205,64.205,65,0
20120320,64.205,64.205,64.024,64.024,4,0
20120321,64.024,64.024,64.024,64.024,3,0
20120328,64.205,64.205,64.205,64.205,17,0
20120329,65.923,66.013,65.923,66.013,33,0
20120402,64.476,64.476,64.476,64.476,5,0
20120411,64.567,64.567,64.205,64.205,33,0
20120412,64.205,64.567,64.024,64.024,55,0
20120416,65.109,65.109,65.109,65.109,10,0
20120419,64.567,64.567,64.024,64.024,19,0
20120423,64.567,64.567,64.567,64.567,5,0
20120426,64.567,65.516,64.567,65.516,757,0
20120510,62.396,62.396,62.396,62.396,5,0
20120511,63.301,63.301,63.301,63.301,343,0
20120525,57.242,57.242,57.242,57.242,33,0
20120620,57.423,57.423,57.423,57.423,28,0
20120702,58.327,58.327,58.327,58.327,8,0
20120718,56.338,56.971,56.338,56.971,64,0
20120723,58.146,58.146,58.146,58.146,32,0
20120801,65.516,65.516,65.516,65.516,65,0
20120809,69.631,69.631,59.05,59.05,2,0
20120904,63.301,63.301,63.301,63.301,59,0
20120907,69.631,69.631,69.631,69.631,59,0
20120911,69.631,69.631,69.631,69.631,33,0
20120914,62.668,62.668,62.668,62.668,33,0
20120918,67.777,68.726,67.777,68.726,938,0
20120920,67.822,77.769,67.822,77.769,115,0
20120924,72.344,72.344,72.344,72.344,55315,0
20120925,72.344,72.344,72.344,72.344,22,0
20120926,66.012,77.68,66.012,77.68,119,0
20120927,72.52,77.68,72.52,77.68,8857,0
20120928,73.695,77.68,73.476,73.476,5584,0
20121001,77.679,77.769,71.982,72.344,8766,0
20121002,72.52,72.931,72.071,72.071,9322,0
20121003,72.616,72.702,72.071,72.702,2543,0
20121004,72.348,72.348,71.077,71.077,7234,0
20121005,71.392,76.868,71.392,75.693,736,0
20121008,75.731,75.731,70.666,70.991,866,0
20121009,72.434,72.434,70.991,71.44,190,0
20121010,72.348,72.845,72.348,72.434,59,0
20121011,72.845,72.845,71.985,71.985,183,0
20121012,72.348,72.386,72.348,72.386,133,0
20121015,72.434,72.482,72.434,72.434,100,0
20121016,72.434,72.434,72.434,72.434,296,0
20121017,74.536,74.536,73.676,73.676,71,0
20121018,73.581,73.581,73.581,73.581,7,0
20121019,73.103,73.581,68.898,72.147,82,0
20121022,72.052,72.625,72.052,72.53,350,0
20121102,72.052,72.052,72.052,72.052,95,0
20121109,64.98,71.908,64.98,71.861,2359,0
20121112,72.052,72.052,72.052,72.052,166,0
20121114,73.581,73.676,70.236,70.236,63,0
20121116,68.325,68.468,68.325,68.468,51,0
20121127,63.786,63.786,63.786,63.786,2,0
20121130,65.458,71.192,65.458,71.192,286,0
20121212,71.67,71.67,71.67,71.67,3,0
20121217,72.625,72.625,72.625,72.625,52,0
20121221,74.536,74.536,74.536,74.536,268,0
20121228,73.581,73.581,73.581,73.581,30,0
20130111,74.345,74.345,74.345,74.345,5,0
20130115,75.444,76.925,75.444,76.925,427,0
20130116,76.925,77.212,72.673,72.673,83,0
20130117,76.925,77.116,76.925,77.116,16,0
20130121,77.212,78.359,77.212,78.359,179,0
20130123,71.765,71.765,71.765,71.765,25,0
20130124,77.785,78.263,77.785,78.263,548,0
20130125,78.359,78.359,78.359,78.359,91,0
20130129,78.359,78.836,78.359,78.836,3669,0
20130130,79.697,81.512,79.697,81.512,3257,0
20130131,82.372,83.137,82.372,82.468,5243,0
20130205,81.225,81.225,81.225,81.225,8,0
20130206,81.225,82.277,81.225,82.277,803,0
20130208,81.225,82.181,81.225,82.181,47,0
20130305,77.785,77.785,77.785,77.785,1,0
20130312,80.843,80.843,80.843,80.843,8372,0
20130314,81.703,85.048,81.703,81.703,171,0
20130318,84.952,84.952,77.785,77.785,65,0
20130322,85.048,85.048,85.048,85.048,62,0
20130326,78.454,78.454,78.454,78.454,90,0
20130411,77.785,77.785,77.069,77.069,5,0
20130422,80.652,80.652,80.461,80.461,17,0
20130426,78.464,78.464,78.464,78.464,12,0
20130429,77.804,77.833,77.804,77.833,36,0
20130430,77.9,77.9,77.9,77.9,26,0
20130506,78.397,78.397,78.397,78.397,2,0
20130509,80.748,80.748,80.748,80.748,13,0
20130510,78.215,78.215,78.215,78.215,52,0
20130513,78.464,78.464,78.464,78.464,61,0
20130516,78.359,81.225,78.359,81.225,316,0
20130521,82.038,82.754,82.038,82.754,18036,0
20130522,82.754,82.754,82.754,82.754,11511,0
20130523,84.57,84.57,84.57,84.57,7289,0
20130524,86.003,86.003,82.946,82.946,379,0
20130527,83.184,83.184,83.184,83.184,12,0
20130604,86.003,94.508,86.003,94.508,837,0
20130605,87.896,87.896,83.328,83.328,209,0
20130607,86.042,86.042,86.042,86.042,16,0
20130614,81.359,81.359,81.359,81.359,47,0
20130617,83.614,84.092,83.614,84.092,4186,0
20130619,86.644,86.978,86.644,86.978,230,0
20130620,87.055,87.055,87.055,87.055,136,0
20130624,85.43,85.43,85.239,85.239,133,0
20130702,83.739,83.739,81.512,81.512,427,0
20130709,82.172,82.248,82.172,82.248,20,0
20130715,83.71,83.71,83.71,83.71,2,0
20130717,86.003,86.003,86.003,86.003,83,0
20130718,85.851,85.851,85.851,85.851,6,0
20130722,86.825,86.825,86.825,86.825,2,0
20130723,88.392,88.392,88.392,88.392,27,0
20130731,88.507,88.507,88.507,88.507,182,0
20130812,91.345,92.119,91.345,92.119,65,0
20130814,90.514,90.629,90.514,90.629,136,0
20130816,89.491,89.491,85.994,85.994,8,0
20130820,86.959,86.959,86.959,86.959,3,0
20130823,88.641,88.641,88.373,88.373,393,0
20130904,89.83,89.83,88.92,89.07,26,0
20130906,91.737,92.693,91.737,92.693,10,0
20130910,92.444,92.444,92.444,92.444,13,0
20130916,89.31,89.31,88.717,88.717,3876,0
20130917,88.717,88.717,88.717,88.717,84,0
20130919,89.826,89.826,89.348,89.348,23,0
20130920,88.87,88.87,88.87,88.87,165,0
20130927,88.11,88.11,88.11,88.11,31,0
20131007,89.434,89.434,89.434,89.434,23,0
20131008,91.546,91.546,91.546,91.546,16,0
20131009,93.648,94.241,93.648,94.241,592,0
20131010,94.499,94.499,94.499,94.499,105,0
20131011,94.145,94.145,94.145,94.145,126,0
20131015,94.47,94.47,94.47,94.47,7,0
20131016,93.65,94.3,93.65,94.3,69,0
20131017,94.3,94.3,94.3,94.3,70,0
20131018,94.4,94.4,94.4,94.4,31,0
20131021,94.4,94.4,94.4,94.4,40,0
20131022,94.4,95.51,94.4,95.51,49,0
20131023,94.75,94.75,94.75,94.75,694,0
20131029,94.75,94.75,94.75,94.75,7,0
20131107,94.75,94.75,94.38,94.38,4780,0
20131112,94.7,94.7,94.7,94.7,23,0
20131121,87.46,87.74,87.46,87.74,176,0
20131122,87.65,88,87.08,87.08,8630,0
20131125,87.64,87.64,86.1,86.1,26868,0
20131126,84.79,88.2,84.79,88.2,312,0
20131128,88,88,83.5,83.5,48,0
20131202,88.02,88.71,88.02,88.71,47,0
20131210,88.71,88.71,88.48,88.48,16,0
20131213,87.72,87.72,87.72,87.72,15,0
20131220,87.71,87.71,87.71,87.71,18,0
20140102,90.4,90.4,90.4,90.4,1000,0
20140103,90.43,90.75,90.43,90.75,1500,0
20140110,90.75,91.09,90.75,91.09,29,0
20140124,90.82,90.82,90.82,90.82,24,0
20140131,90.36,90.36,90.04,90.06,889,0
20140211,91.15,91.15,91.15,91.15,48,0
20140218,92,92.15,92,92.15,966,0
20140219,83,83,83,83,350,0
20140220,88.89,90.66,88.89,90.66,359,0
20140221,90.7,90.7,90.7,90.7,60,0
20140303,90.49,90.49,90.49,90.49,15,0
20140307,92.11,94.94,92.11,94.94,61,0
20140310,94.45,94.45,94.45,94.45,200,0
20140312,90,90,90,90,16,0
20140313,89.1,89.1,89.1,89.1,3,0
20140319,89.02,89.02,89.02,89.02,5,0
20140321,88.14,88.14,88.14,88.14,10,0
20140326,90.96,90.96,90.96,90.96,10,0
20140327,90.36,90.51,90.36,90.51,320,0
20140403,89.97,89.97,89.97,89.97,30,0
20140423,89.89,96.69,89.63,96.69,186,0
20140428,90,96.69,90,96.69,29,0
20140502,96.69,98.33,96.69,98.33,7,0
20140514,89.53,89.53,89.41,89.41,100,0
20140515,90.5,90.5,90.5,90.5,21,0
20140523,91.74,91.74,91.74,91.74,21,0
20140529,100.9,100.9,92.46,92.46,512,0
20140602,91.5,91.5,91.5,91.5,80,0
20140604,88.97,88.97,88.97,88.97,20,0
20140612,89.11,89.11,89.11,89.11,13,0
20140613,89.23,89.23,89.23,89.23,450,0
