Date,Open,High,Low,Close,Volume,OpenInt
20041209,23.7,23.7,22,22.1,268172,0
20041210,22.1,22.1,20.7,21.4,95527,0
20041213,21,22.6,21,22.2,59427,0
20041214,22.5,22.6,21.8,22.1,34003,0
20041215,22.1,22.1,21.5,21.6,35814,0
20041216,21.6,21.6,21.2,21.5,38906,0
20041217,21.5,21.9,21.3,21.5,47818,0
20041220,21.6,21.6,21.2,21.5,26412,0
20041221,21.5,21.5,21.2,21.4,14953,0
20041222,21.2,21.2,21,21.2,24902,0
20041223,21.2,21.6,21,21.6,35443,0
20041224,21.6,21.8,21.5,21.8,45206,0
20041227,21.7,21.7,21.5,21.6,27937,0
20041228,21.8,21.8,21.1,21.4,32053,0
20041229,21.4,21.6,21.1,21.6,14760,0
20041230,21.6,21.6,21.4,21.5,17156,0
20041231,21.6,21.6,21.4,21.4,2698,0
20050103,21.5,21.8,21.4,21.5,12885,0
20050104,21.5,21.5,21.4,21.5,122354,0
20050105,21.5,21.5,21.2,21.4,7162,0
20050106,21.4,21.4,21.2,21.4,8144,0
20050107,21.2,21.3,21.2,21.3,7312,0
20050110,21.2,21.2,20.7,20.8,16465,0
20050111,20.8,20.8,19.7,20.2,32579,0
20050112,20.1,20.4,19.9,20.1,16897,0
20050113,20.1,20.5,20,20.3,64829,0
20050114,20.4,20.6,20.1,20.2,10779,0
20050117,20.4,20.7,20.2,20.3,19448,0
20050118,20.1,20.1,19.6,19.7,9337,0
20050119,19.5,19.6,19.3,19.5,99267,0
20050120,19.3,19.3,18.5,18.5,43198,0
20050121,18.2,18.4,16.5,18.3,186058,0
20050124,18.1,18.2,17.7,17.8,7469,0
20050125,17.8,18.2,17.6,18.1,18950,0
20050126,18.2,19.1,18.1,19,25629,0
20050127,19.2,19.2,18.5,18.7,15971,0
20050128,18.9,18.9,18.5,18.6,5114,0
20050131,18.5,18.6,18.2,18.4,4145,0
20050201,18.4,19,18.4,18.4,16214,0
20050202,18.5,18.5,18.2,18.4,13090,0
20050203,18.4,18.8,18.1,18.6,92834,0
20050204,18.5,18.5,18.3,18.5,17436,0
20050207,18.9,19.2,18.8,19,31887,0
20050208,19,19,18.6,18.6,8772,0
20050209,18.9,18.9,18.5,18.5,29488,0
20050210,18.4,18.5,18.1,18.4,14338,0
20050211,18.5,18.7,18.3,18.5,19300,0
20050214,18.5,18.7,18.1,18.1,14950,0
20050215,18.2,18.2,17.7,17.9,24947,0
20050216,17.9,18.1,17.5,17.8,24764,0
20050217,17.7,17.7,17.1,17.2,38534,0
20050218,17.1,17.3,17.1,17.1,18119,0
20050221,17.5,17.5,17.1,17.2,19418,0
20050222,17.2,17.2,17.1,17.2,7501,0
20050223,17.1,17.8,17.1,17.7,11745,0
20050224,17.7,18.4,17.6,18.1,46458,0
20050225,18.2,18.2,17.6,17.8,30036,0
20050228,17.8,17.8,17.2,17.3,7395,0
20050301,17.2,17.6,17.2,17.5,6017,0
20050302,17.2,17.5,17.1,17.5,13751,0
20050303,17.2,17.4,17.1,17.2,11084,0
20050304,17.2,17.8,17.1,17.6,56031,0
20050307,17.6,17.7,17.5,17.5,21481,0
20050308,17.5,17.7,17.3,17.4,7739,0
20050309,17.4,17.4,17.1,17.4,15089,0
20050310,17.4,17.4,17.2,17.2,5343,0
20050311,17.2,17.3,17.1,17.1,8235,0
20050314,17.1,17.1,16,16,56022,0
20050315,15.7,15.9,15.1,15.6,80493,0
20050316,15.5,15.5,14.8,15,48490,0
20050317,15,15,14.6,14.9,39495,0
20050318,15,15.3,15,15.1,13867,0
20050321,15.2,15.2,14.8,14.9,6202,0
20050322,14.7,15.6,14.7,15.6,21820,0
20050323,15.1,16.3,15.1,16.1,53243,0
20050324,16.3,16.8,15.9,16.8,41410,0
20050329,16.6,16.9,16.5,16.8,15856,0
20050330,16.8,16.9,16.6,16.9,13971,0
20050331,16.8,17.1,16.7,17.1,25820,0
20050401,17.1,17.1,16.9,17,18930,0
20050404,17,17,16.5,16.9,9731,0
20050405,16.8,16.8,16.6,16.6,4516,0
20050406,16.6,16.8,16.6,16.6,7628,0
20050407,16.6,16.6,16.5,16.6,13499,0
20050411,16.6,16.6,16,16.1,9884,0
20050412,15.8,16,15.8,16,8292,0
20050413,16,16.2,15.8,15.9,5342,0
20050414,15.9,15.9,15.6,15.8,12332,0
20050415,15.8,16.5,15.6,16.2,8153,0
20050418,16,16.3,15.8,15.8,32778,0
20050419,15.6,15.8,15.4,15.4,1567,0
20050420,15.8,15.8,15.2,15.4,8216,0
20050421,15.6,15.6,15,15.3,6720,0
20050422,15.4,15.8,15.3,15.6,18810,0
20050425,15.8,16.1,15.8,15.8,59690,0
20050426,16,16,15.4,15.7,2928,0
20050427,15.4,16,15.4,15.8,2126,0
20050428,16,16,15.6,15.7,3004,0
20050429,15.8,16,15.6,15.8,3815,0
20050502,15.9,15.9,15.6,15.8,824,0
20050504,15.9,15.9,15.3,15.7,2099,0
20050505,15.2,15.7,15.2,15.7,4247,0
20050506,15.7,15.8,15.2,15.2,8557,0
20050509,15.4,15.4,15,15,2131,0
20050510,15.2,15.2,14.1,14.3,15579,0
20050511,14.1,14.6,14.1,14.6,1963,0
20050512,14.7,14.8,14.2,14.5,4985,0
20050513,14.2,15.4,14.2,14.7,9544,0
20050516,14.9,14.9,14.3,14.8,1504,0
20050517,14.7,14.7,14.3,14.6,3146,0
20050518,14.4,14.4,14.1,14.4,7549,0
20050519,14.4,15.2,14.3,15.2,34771,0
20050520,15.2,15.8,15.2,15.8,26564,0
20050523,15.9,16.5,15.7,16.5,33197,0
20050524,16.3,16.9,16.3,16.4,22126,0
20050525,16.6,16.6,16.1,16.3,7478,0
20050527,16.3,16.8,16.3,16.8,8367,0
20050530,16.6,16.6,16.2,16.3,6284,0
20050531,16.3,16.3,15.9,16.2,18121,0
20050601,16.2,16.2,16,16,90654,0
20050602,16.2,16.7,16,16,81198,0
20050603,16,16,15.7,16,10847,0
20050606,16,16,15.9,16,1594,0
20050607,15.9,16,15.8,15.9,5314,0
20050608,15.8,15.9,15.1,15.3,16148,0
20050609,15.3,15.5,15,15.2,12815,0
20050610,15.1,16,15.1,16,16176,0
20050613,16,16.2,15.6,15.9,5559,0
20050614,15.9,16,15.7,15.8,15642,0
20050615,16,16.9,15.8,16.2,57238,0
20050616,16.3,16.4,16.1,16.2,7124,0
20050617,16.1,16.1,15.9,15.9,13426,0
20050620,15.6,15.9,15.6,15.9,4229,0
20050621,15.8,16.1,15.6,15.9,5961,0
20050622,15.7,15.9,15.7,15.8,10371,0
20050623,15.9,15.9,15.7,15.9,5565,0
20050624,15.8,15.8,15.6,15.8,6111,0
20050627,15.8,16.1,15.8,15.8,13697,0
20050628,15.9,16,15.8,16,5975,0
20050629,16,16.5,16,16,56058,0
20050630,16,16,15.8,16,7038,0
20050701,16.2,16.2,15.8,16.2,3693,0
20050704,16.2,16.3,15.8,16,10458,0
20050705,16.3,16.3,15.9,16.2,1024,0
20050706,16,16.2,15.9,16.1,2214,0
20050707,15.9,15.9,15.2,15.4,28970,0
20050708,15.5,15.6,15.2,15.6,14369,0
20050711,15.7,15.7,15.4,15.6,949,0
20050712,15.7,15.7,15.4,15.6,7782,0
20050713,15.6,15.6,15.4,15.5,10017,0
20050714,15.4,15.6,15.2,15.5,9316,0
20050715,15.3,15.5,15.3,15.5,3669,0
20050718,15.5,15.5,15.3,15.4,3004,0
20050719,15.3,15.4,15.1,15.3,11021,0
20050720,15.2,15.4,15,15.4,15363,0
20050721,15.2,15.3,15.1,15.3,6232,0
20050722,15.1,15.4,15.1,15.4,3787,0
20050725,15.1,15.1,15.1,15.1,6859,0
20050726,15.1,15.3,15,15.2,5896,0
20050727,15.1,15.8,15.1,15.4,32022,0
20050728,15.4,16,15.4,15.9,33527,0
20050729,15.8,16,15.8,15.9,5540,0
20050801,15.6,16,15.4,16,16827,0
20050802,16,16.3,15.8,16.1,20941,0
20050803,16.2,16.2,15.9,16,11680,0
20050804,16.2,16.3,15.9,16.2,10584,0
20050805,16.2,16.2,15.6,15.7,42860,0
20050808,15.7,15.8,15.2,15.4,17305,0
20050809,15.4,15.4,14.7,14.8,43764,0
20050810,14.7,14.7,14.3,14.5,46462,0
20050811,14.4,14.4,14.1,14.3,51915,0
20050812,14.3,14.3,13.9,13.9,19929,0
20050816,13.7,14,13.1,13.1,47475,0
20050817,13.1,13.2,12.9,13.1,47627,0
20050818,13.1,13.1,12.5,12.6,50348,0
20050819,12.5,13.5,12.5,13.1,199761,0
20050822,13.2,13.6,13.1,13.4,62262,0
20050823,13.3,13.4,13.2,13.4,13228,0
20050824,13.5,13.8,13.4,13.5,19872,0
20050825,13.5,13.5,13.1,13.2,11558,0
20050826,13.3,13.3,13.1,13.2,6505,0
20050829,13.1,13.1,12.7,13.1,14109,0
20050830,12.8,13.2,12.8,13.1,7952,0
20050831,13.2,13.2,13.1,13.1,8423,0
20050901,13.1,13.2,12.9,13.2,22122,0
20050902,13,13.1,12.6,12.7,34693,0
20050905,12.8,12.8,12.5,12.8,13419,0
20050906,12.7,13.1,12.7,13,10040,0
20050907,12.8,13.3,12.8,13.2,19753,0
20050908,13.2,13.2,12.9,13.1,6234,0
20050909,13.2,13.2,12.9,13.1,2437,0
20050912,13.1,13.1,12.6,12.9,6435,0
20050913,12.7,13.1,12.4,13.1,19143,0
20050914,13.1,13.1,12.8,13,3434,0
20050915,13.1,13.8,13.1,13.8,77505,0
20050916,13.9,13.9,13.3,13.6,17537,0
20050919,13.8,13.8,13.6,13.8,13455,0
20050920,13.5,13.5,13.3,13.5,10143,0
20050921,13.2,13.3,13.1,13.2,11122,0
20050922,13.1,13.2,12.9,13,6043,0
20050923,12.9,13.1,12.8,12.9,5196,0
20050926,12.9,12.9,12.7,12.9,4926,0
20050927,12.8,13.1,12.8,12.8,13282,0
20050928,12.8,12.8,12.7,12.7,10304,0
20050929,12.7,12.9,12.6,12.9,12717,0
20050930,12.8,13,12.8,13,4014,0
20051003,12.9,12.9,12.8,12.8,8535,0
20051004,12.9,12.9,12.7,12.8,1555,0
20051005,12.8,12.9,12.7,12.8,6071,0
20051006,12.8,12.8,12.6,12.8,2968,0
20051007,12.6,12.8,12.4,12.5,11471,0
20051010,12.5,12.8,12.5,12.5,5366,0
20051011,12.5,12.7,12.4,12.7,7188,0
20051012,12.7,13.3,12.7,13.1,37662,0
20051013,13.3,13.3,12.8,12.9,13620,0
20051014,12.9,12.9,12.7,12.8,3275,0
20051017,13,13.1,12.8,12.8,5960,0
20051018,12.8,12.8,12.7,12.8,5815,0
20051019,12.7,12.7,12.5,12.6,6827,0
20051020,12.6,12.7,12.5,12.7,8330,0
20051021,12.7,12.7,12.6,12.7,4759,0
20051024,12.7,12.7,12.5,12.7,5186,0
20051025,12.5,13.3,12.5,13.1,101684,0
20051026,13.2,13.2,12.7,13.1,18898,0
20051027,12.8,13.3,12.7,13.2,23665,0
20051028,13.3,13.8,13.3,13.7,49696,0
20051031,13.7,13.7,13.4,13.6,5415,0
20051102,13.6,13.9,13.6,13.8,8821,0
20051103,13.5,13.7,13.3,13.5,10254,0
20051104,13.7,13.7,13.4,13.6,1582,0
20051107,13.4,14.4,13.3,13.9,50907,0
20051108,13.7,13.8,13.6,13.8,2968,0
20051109,13.8,13.8,13.6,13.7,14332,0
20051110,13.6,13.6,13.1,13.4,96529,0
20051114,13.3,13.3,12.9,13.2,9215,0
20051115,13.1,13.2,12.8,13.2,10813,0
20051116,13.1,13.1,12.8,13,3179,0
20051117,13.1,13.1,12.9,13.1,7500,0
20051118,13.1,13.1,12.7,13.1,13584,0
20051121,13.1,13.2,12.9,13.2,7134,0
20051122,13.3,13.3,12.9,13,7420,0
20051123,13,13,12.8,13,12526,0
20051124,13,13.1,12.8,13,14660,0
20051125,13.8,14.3,13.5,13.6,205721,0
20051128,13.9,14.1,13.6,13.8,79444,0
20051129,13.8,13.8,13.6,13.8,34793,0
20051130,13.8,13.9,13.4,13.6,45104,0
20051201,13.5,13.5,13.3,13.5,9859,0
20051202,13.3,13.4,13.1,13.4,14111,0
20051205,13.3,13.3,12.9,13.1,17248,0
20051206,13.2,13.3,13.1,13.2,16169,0
20051207,13.3,13.8,13.2,13.8,36294,0
20051208,13.8,13.8,13.5,13.7,9491,0
20051209,13.7,13.7,13.4,13.7,7378,0
20051212,13.7,13.7,13.3,13.6,27991,0
20051213,13.5,13.6,13.5,13.5,24253,0
20051214,13.5,13.6,13.3,13.5,54598,0
20051215,13.7,14,13.3,13.4,64680,0
20051216,13.5,13.9,13.5,13.7,35974,0
20051219,13.9,14,13.7,13.9,22153,0
20051220,13.9,14,13.7,13.8,44973,0
20051221,13.8,13.8,13.6,13.8,29684,0
20051222,13.8,14.7,13.6,14.2,1333279,0
20051223,14.5,14.8,14,14.1,371565,0
20051227,14.1,14.2,13.5,13.6,187167,0
20051228,13.7,13.9,13.6,13.6,11527,0
20051229,13.8,13.8,13.6,13.7,19569,0
20051230,13.7,13.8,13.5,13.7,17225,0
20060102,13.7,13.8,13.6,13.8,8591,0
20060103,13.6,13.9,13.6,13.8,31986,0
20060104,13.9,13.9,13.5,13.7,41829,0
20060105,13.8,13.8,13.5,13.7,64584,0
20060106,13.7,14,13.5,13.8,211928,0
20060109,14.1,14.3,13.8,13.8,154425,0
20060110,13.9,13.9,13.6,13.6,30934,0
20060111,13.7,14.4,13.7,14,134917,0
20060112,14.3,14.6,14.2,14.4,115285,0
20060113,14.5,15.2,14.4,15.2,154467,0
20060116,15.2,15.9,14.8,15.6,140527,0
20060117,15.5,15.7,15.1,15.1,50126,0
20060118,14.7,15.3,14.6,15,36267,0
20060119,15.1,15.2,14.8,14.8,14932,0
20060120,14.8,15,14.5,14.8,27360,0
20060123,14.5,15,14.4,14.9,12474,0
20060124,14.9,15.1,14.8,15.1,15212,0
20060125,15.2,15.3,15,15,25272,0
20060126,15,15.2,14.3,14.3,36810,0
20060127,14.6,14.6,14.2,14.4,35113,0
20060130,14.5,14.5,14.3,14.5,10408,0
20060131,14.5,14.5,14.1,14.1,26474,0
20060201,13.9,14.1,13.8,14.1,9527,0
20060202,14.1,14.5,14.1,14.4,23440,0
20060203,14.3,14.5,14,14.1,23867,0
20060206,14,14.4,14,14.4,9381,0
20060207,14.4,14.5,14.1,14.4,9259,0
20060208,14.4,15,14.1,14.7,48412,0
20060209,15,15.1,14.7,15,35569,0
20060210,15,15.8,14.8,15.3,118680,0
20060213,15.5,15.7,15.2,15.2,39861,0
20060214,15.5,15.6,15.1,15.2,19813,0
20060215,15.3,15.4,15.1,15.2,10876,0
20060216,15.2,15.3,14.9,15.3,61730,0
20060217,15.4,15.7,15.1,15.7,23035,0
20060220,15.7,15.7,15.4,15.6,7641,0
20060221,15.4,15.6,15.2,15.4,4374,0
20060222,15.7,16.3,15.7,16,94204,0
20060223,16.2,16.4,16.1,16.2,86582,0
20060224,16.3,16.6,15.9,16,74191,0
20060227,16.2,16.2,15.3,15.6,38234,0
20060228,15.8,16,14.9,15.3,29032,0
20060301,15.3,15.4,15,15.3,8885,0
20060302,15.2,15.5,15,15.1,32023,0
20060303,15.2,15.3,15,15.2,6779,0
20060306,15.2,15.3,15.1,15.3,8650,0
20060307,15.1,15.1,14.7,15.1,13513,0
20060308,15.1,15.1,14.5,14.7,34623,0
20060309,14.7,14.9,14.7,14.9,7315,0
20060310,14.8,15,14.6,15,12441,0
20060313,14.8,15,14.7,15,5551,0
20060314,15,15,14.8,15,3750,0
20060315,15,15.1,14.8,15.1,5777,0
20060316,15.2,15.3,14.9,15.2,8303,0
20060317,15.1,15.1,14.9,15.1,7757,0
20060320,14.8,14.8,14.7,14.8,17058,0
20060321,14.7,14.8,14.6,14.8,6272,0
20060322,14.7,14.7,14.5,14.7,29536,0
20060323,14.6,14.8,14.6,14.7,9045,0
20060324,14.7,14.8,14.6,14.7,14195,0
20060327,14.8,15.1,14.7,14.9,15387,0
20060328,14.9,15,14.7,15,13166,0
20060329,15,15.2,14.7,15.2,15365,0
20060330,15.2,15.8,15.2,15.7,192725,0
20060331,15.7,15.7,15.4,15.6,121342,0
20060403,15.6,16.1,15.3,16.1,30316,0
20060404,15.8,16.5,15.8,16.4,288505,0
20060405,16.6,17.2,16.6,16.9,148068,0
20060406,16.9,16.9,16.4,16.6,95413,0
20060407,16.5,16.8,16.4,16.7,39994,0
20060410,16.5,16.8,16.4,16.5,26262,0
20060411,16.3,16.6,15.7,16.2,21685,0
20060412,15.6,16.3,15.6,16.3,16444,0
20060413,16.4,16.8,16.3,16.5,27171,0
20060418,16.6,16.8,16.3,16.6,18159,0
20060419,16.6,16.8,16.5,16.7,26199,0
20060420,16.8,17.6,16.8,17.6,53277,0
20060421,17.6,17.6,17.1,17.4,96724,0
20060424,17.2,17.6,17.2,17.4,38212,0
20060425,17.4,17.5,17.1,17.4,12144,0
20060426,17.4,17.4,17,17.2,16351,0
20060427,17,17.3,17,17.1,45026,0
20060428,17.1,17.2,16.6,17.2,11708,0
20060502,17.3,17.5,17.3,17.4,8180,0
20060504,17.5,18.2,17.5,18.2,27598,0
20060505,18.2,18.8,18.2,18.5,26661,0
20060508,18.5,18.5,18.2,18.5,19431,0
20060509,18.3,18.3,18,18.3,22531,0
20060510,18.3,18.4,18,18.4,20449,0
20060511,18.4,18.4,18.1,18.3,27714,0
20060512,17.9,18.1,17.8,17.8,14895,0
20060515,17.6,17.6,16.6,17.1,12449,0
20060516,16.8,17.1,16.4,17.1,7451,0
20060517,16.9,17.1,16.5,16.7,24621,0
20060518,16.4,16.8,16.4,16.7,16057,0
20060519,16.7,16.7,16.4,16.7,3541,0
20060522,16.4,16.4,15.6,16,17973,0
20060523,15.4,15.9,14.2,15.9,22183,0
20060524,15.3,15.8,15,15.2,4108,0
20060525,14.8,15.2,14.4,15.2,19565,0
20060526,15.2,15.2,15,15.2,8827,0
20060529,15.3,15.7,15.2,15.6,7822,0
20060530,15.6,15.6,15.1,15.4,13254,0
20060531,15.3,15.3,14.9,15.3,9408,0
20060601,15.3,15.5,15.1,15.3,14827,0
20060602,15.6,15.9,15.4,15.7,15103,0
20060605,15.8,16.2,15.7,16.2,25330,0
20060606,16.2,16.2,15.8,15.9,17144,0
20060607,16.1,16.2,15.9,16.2,5756,0
20060608,16.2,16.2,15.6,15.9,4000,0
20060609,15.6,15.9,15.5,15.8,3727,0
20060612,15.8,15.8,14.7,15.5,7702,0
20060613,14.6,15.2,14,15.2,33073,0
20060614,14.5,15.1,14.4,15.1,6288,0
20060616,15.2,15.2,14.5,14.6,10503,0
20060619,15.1,15.1,14.1,14.9,19291,0
20060620,14.6,14.9,14.6,14.9,6418,0
20060621,15,15.1,14.6,15,7420,0
20060622,14.8,14.9,14.6,14.7,19375,0
20060623,14.6,14.9,14.3,14.9,2592,0
20060626,14.7,14.7,14.4,14.7,7302,0
20060627,14.7,14.7,14.5,14.7,8946,0
20060628,14.5,14.7,14.4,14.7,4695,0
20060629,14.7,14.7,14.6,14.7,2070,0
20060630,14.7,14.7,14.4,14.7,10960,0
20060703,14.8,14.8,14.6,14.7,10510,0
20060704,14.7,14.7,14.6,14.7,11793,0
20060705,14.6,14.7,14.6,14.7,1350,0
20060706,14.7,14.8,14.6,14.7,10119,0
20060707,14.7,15.5,14.7,15.2,223897,0
20060710,15.2,15.7,15.2,15.5,11649,0
20060711,15.6,15.6,15.2,15.3,8706,0
20060712,15.4,15.4,15.2,15.3,7670,0
20060713,15.6,15.6,15.2,15.4,5160,0
20060714,15.3,15.4,15.2,15.4,23590,0
20060717,15.4,15.4,15.1,15.3,99753,0
20060718,15.3,15.4,15.2,15.3,82420,0
20060719,15.3,15.5,15.3,15.4,2249,0
20060720,15.4,15.6,15.3,15.6,39227,0
20060721,15.6,15.6,15.4,15.5,10872,0
20060724,15.6,15.8,15.6,15.7,11025,0
20060725,15.6,15.7,15.5,15.7,2624,0
20060726,15.5,15.7,15.4,15.7,18969,0
20060727,15.8,16.1,15.6,15.9,38346,0
20060728,15.9,15.9,15.6,15.7,17719,0
20060731,15.9,16.1,15.9,16.1,5558,0
20060801,16.1,16.1,15.7,16.1,3187,0
20060802,16,16,15.4,15.9,2584,0
20060803,15.8,15.8,15.4,15.7,6297,0
20060804,15.4,15.7,15.4,15.7,2024,0
20060807,15.6,15.7,15.3,15.6,2920,0
20060808,15.5,15.7,15.5,15.7,573,0
20060809,15.7,15.8,15.4,15.8,7292,0
20060810,15.8,15.8,15.5,15.7,2794,0
20060811,15.6,15.7,15.4,15.7,2384,0
20060814,15.3,15.3,14.8,15,2884,0
20060816,14.9,14.9,13.8,14.3,18647,0
20060817,14.5,14.5,13.8,14.3,5529,0
20060818,14.2,14.3,14.2,14.3,3581,0
20060821,14.3,14.3,14.2,14.3,3791,0
20060822,14.5,14.6,14.2,14.6,2876,0
20060823,14.4,14.4,14.1,14.3,5210,0
20060824,14.2,14.2,14,14.1,5398,0
20060825,14.1,14.1,13.7,13.8,6551,0
20060828,13.8,13.9,13.7,13.8,2938,0
20060829,13.8,14.1,13.7,13.8,14225,0
20060830,14,14.1,13.9,14,8495,0
20060831,14,14,13.7,13.8,20627,0
20060901,14,14,13.6,13.8,5939,0
20060904,13.8,14,13.6,14,11240,0
20060905,14.1,14.2,14,14.1,9099,0
20060906,13.8,14.1,13.8,14.1,7953,0
20060907,13.8,14.1,13.7,13.8,10780,0
20060908,13.8,14.1,13.7,14.1,14832,0
20060911,14,14.3,13.8,14.1,32356,0
20060912,14.1,15.2,14.1,15.2,174468,0
20060913,15,15.4,14.7,14.8,17067,0
20060914,14.7,14.9,14,14.6,79882,0
20060915,14.7,14.9,14.6,14.7,4605,0
20060918,14.7,15.1,14.7,14.9,35971,0
20060919,15,15,14.5,14.7,103301,0
20060920,14.7,14.7,14.1,14.3,19978,0
20060921,14.2,14.3,14.1,14.1,7047,0
20060922,14.1,14.1,13.8,13.9,112566,0
20060925,14,14.5,13.7,14.5,13141,0
20060926,14.6,14.7,14.4,14.4,8080,0
20060927,14.5,14.5,14.1,14.2,6234,0
20060928,14.2,14.6,14.1,14.5,3392,0
20060929,14.5,14.5,14.1,14.3,6491,0
20061002,14.5,14.5,14.1,14.2,3065,0
20061003,14.6,14.8,14.3,14.5,11549,0
20061004,14.5,14.6,14.3,14.5,5555,0
20061005,14.6,14.7,14.3,14.7,10976,0
20061006,14.6,14.7,14.5,14.6,10293,0
20061009,14.7,14.9,14.7,14.8,8647,0
20061010,14.7,14.9,14.6,14.8,22079,0
20061011,14.7,14.8,14.5,14.6,16897,0
20061012,14.7,14.7,14.2,14.5,23286,0
20061013,14.5,14.5,14.3,14.5,29446,0
20061016,14.2,14.3,14.1,14.1,35743,0
20061017,14,14.2,14,14.2,6212,0
20061018,14.1,14.2,14,14.1,31617,0
20061019,14.2,14.5,14.1,14.3,13121,0
20061020,14.3,14.3,14.1,14.2,9172,0
20061023,14.2,14.3,14.1,14.3,5022,0
20061024,14.3,14.5,14.1,14.3,43749,0
20061025,14.3,14.6,14,14.4,18225,0
20061026,14.5,14.5,14.1,14.1,33141,0
20061027,14.2,14.2,13.9,14,19704,0
20061030,14.2,14.2,13.8,13.8,22854,0
20061031,13.8,14.1,13.7,14.1,16138,0
20061102,14.2,14.2,13.2,13.5,45883,0
20061103,13.4,13.4,12.9,13,43886,0
20061106,12.7,13,12.4,12.6,63545,0
20061107,12.7,12.7,12.2,12.3,75638,0
20061108,12.4,12.4,12.1,12.1,46409,0
20061109,12.2,12.4,12,12.1,72053,0
20061110,12.2,12.8,12.2,12.5,59195,0
20061113,12.6,12.6,12.1,12.1,44558,0
20061114,12.3,12.4,12.1,12.2,15766,0
20061115,12.2,12.3,12.1,12.1,16974,0
20061116,12.2,12.2,12.1,12.1,54829,0
20061117,12.2,12.2,12.1,12.1,18243,0
20061120,12.2,12.2,12,12.1,14456,0
20061121,12.1,12.1,12,12.1,21280,0
20061122,12.1,12.2,12,12.2,46479,0
20061123,12.3,12.5,12.3,12.3,39448,0
20061124,12.5,12.6,12.2,12.6,29714,0
20061127,12.6,12.7,12.4,12.5,28940,0
20061128,12.4,12.7,12.4,12.7,24135,0
20061129,12.5,12.7,12.5,12.6,19714,0
20061130,12.6,12.6,12.4,12.4,18703,0
20061201,12.5,12.7,12.3,12.4,29367,0
20061204,12.5,12.7,12.5,12.6,27258,0
20061205,12.6,12.6,12.3,12.4,28520,0
20061206,12.4,12.4,12.2,12.4,25615,0
20061207,12.3,13.2,12.2,13,149662,0
20061208,13.1,13.1,12.6,12.6,53514,0
20061211,12.9,12.9,12.6,12.7,34931,0
20061212,12.8,12.8,12.6,12.7,22918,0
20061213,12.7,12.7,12.5,12.7,20191,0
20061214,12.6,12.6,12.2,12.5,31919,0
20061215,12.5,12.5,11.4,12.2,38983,0
20061218,12.2,12.3,12.1,12.2,10333,0
20061219,12.1,12.2,11.8,12,25697,0
20061220,12,12,11.6,11.8,24493,0
20061221,11.6,11.8,11.5,11.8,33068,0
20061222,11.6,11.8,11.6,11.6,54138,0
20061227,11.6,12.1,11.6,12,20264,0
20061228,12,12,11.9,12,10090,0
20061229,12.1,12.1,11.9,12,7854,0
20070102,12.1,12.7,12.1,12.7,42085,0
20070103,12.7,12.7,12.5,12.6,14015,0
20070104,12.5,12.5,12,12.4,35650,0
20070105,12.2,12.4,12.1,12.4,22834,0
20070108,12.3,12.4,12.1,12.1,27925,0
20070109,12.4,12.5,12.3,12.4,31361,0
20070110,12.4,13.1,12.4,12.5,46886,0
20070111,12.7,13,12.6,12.7,45771,0
20070112,12.9,13.5,12.7,13.2,170850,0
20070115,13.5,13.8,13.2,13.6,149653,0
20070116,13.7,13.7,12.9,13.2,59347,0
20070117,13.2,13.3,12.9,13.3,41588,0
20070118,13.3,13.4,13.1,13.1,33038,0
20070119,13.2,13.3,12.8,13.1,41716,0
20070122,13,13,12.3,12.3,63416,0
20070123,12.3,13,12.1,12.9,115178,0
20070124,13.1,13.4,13.1,13.2,75359,0
20070125,13.3,13.3,13,13,21010,0
20070126,12.9,13.1,12.6,12.8,54469,0
20070129,12.7,13.2,12.7,13.1,40985,0
20070130,13.2,14.6,13.2,14,257284,0
20070131,14.2,14.6,14,14.2,170536,0
20070201,14.2,14.3,13.6,13.7,49408,0
20070202,13.8,13.8,13.4,13.5,35911,0
20070205,13.8,13.9,13.4,13.5,89954,0
20070206,13.5,13.6,13.2,13.6,48567,0
20070207,13.6,13.6,13.2,13.5,23855,0
20070208,13.3,13.5,13,13.1,51927,0
20070209,12.9,13.2,12.9,13.2,20744,0
20070212,13,13.7,12.9,13.3,38373,0
20070213,13.6,13.6,12.7,13.3,28450,0
20070214,13.3,13.5,13.1,13.2,25821,0
20070215,13.1,13.2,12.9,13,29877,0
20070216,13.2,13.2,12.6,12.6,38980,0
20070219,12.9,12.9,12.5,12.6,50990,0
20070220,12.6,12.7,12.4,12.6,34856,0
20070221,12.6,13.3,12.6,12.9,117237,0
20070222,13.1,13.4,13,13.2,44800,0
20070223,13.3,13.4,13,13.1,38904,0
20070226,13.2,13.4,13,13,30739,0
20070227,13,13,12.1,12.3,53718,0
20070228,11.6,12.1,11.4,11.6,105154,0
20070301,11.8,12,11.4,11.7,92369,0
20070302,11.7,11.8,11.5,11.7,17607,0
20070305,11.4,11.8,11.1,11.6,75087,0
20070306,11.9,12.1,11.8,11.8,59469,0
20070307,11.9,11.9,11.6,11.7,14887,0
20070308,12,12,11.5,11.7,76170,0
20070309,11.7,12.1,11.6,11.7,105680,0
20070312,12,12,11.6,11.8,39126,0
20070313,11.8,11.8,11.5,11.6,74595,0
20070314,11.5,11.5,11.2,11.5,110593,0
20070315,11.8,12.1,11.8,11.8,132072,0
20070316,12,12.7,12,12.5,322621,0
20070319,12.6,13,12.4,12.7,231373,0
20070320,12.6,12.8,12.4,12.6,106387,0
20070321,12.8,13.2,12.3,12.6,350391,0
20070322,12.9,13.4,12.6,13,498037,0
20070323,13.2,13.2,12.8,12.9,90701,0
20070326,12.9,13,12.7,12.9,116703,0
20070327,12.9,13.2,12.5,12.7,331435,0
20070328,12.9,13.6,12.8,13.4,533919,0
20070329,13.8,14.2,13.6,13.7,555625,0
20070330,13.5,13.6,13,13.2,184658,0
20070402,13.2,13.2,12.7,12.9,102234,0
20070403,13.2,13.2,13,13.1,103714,0
20070404,13.1,13.9,13.1,13.7,332400,0
20070405,14.1,15.4,13.8,15.3,791663,0
20070410,15.4,15.8,15,15.3,386738,0
20070411,15.2,15.2,14.7,14.7,189169,0
20070412,14.6,14.7,13.4,14,184685,0
20070413,14.1,14.8,14,14.6,159441,0
20070416,14.8,15,14.5,14.6,72521,0
20070417,14.5,14.8,14.3,14.6,48796,0
20070418,14.6,14.8,13.8,14.5,127514,0
20070419,14.1,14.5,14,14.4,101081,0
20070420,14.3,15.1,14.3,14.8,124960,0
20070423,15,15.1,14.2,14.3,59138,0
20070424,14.3,14.3,13.8,14.1,55194,0
20070425,14,14.2,13.9,14.1,29386,0
20070426,14.7,15.2,14.5,14.6,184973,0
20070427,15,18.1,15,17.3,1927862,0
20070430,17.6,18.3,16.7,17.1,416148,0
20070502,17.5,17.9,17.2,17.7,150975,0
20070504,18,20.1,18,19.8,865368,0
20070507,19.9,20.4,18.8,19.4,307822,0
20070508,19.4,19.4,17.2,17.2,417542,0
20070509,17.7,18.2,16.8,17,326118,0
20070510,17.4,17.7,15.7,15.8,313655,0
20070511,15.6,15.6,14.1,15.3,517528,0
20070514,15.3,16.1,14.6,15.6,313084,0
20070515,15.6,16.4,15.1,15.5,169940,0
20070516,15.4,15.5,14.9,15.1,82919,0
20070517,15.2,15.8,14.7,15,114669,0
20070518,15,15.3,14.8,15.1,45053,0
20070521,15.4,15.6,15,15.3,76701,0
20070522,15.4,15.9,15.1,15.7,55737,0
20070523,15.7,15.7,15.3,15.6,35859,0
20070524,15.8,16.2,15.4,16,158691,0
20070525,16,16.1,15.7,15.9,67111,0
20070528,16,16.1,15.7,15.8,47173,0
20070529,16.1,17.5,15.9,17,338977,0
20070530,17,17.3,16.2,16.7,117333,0
20070531,17.1,17.3,16.8,17,85309,0
20070601,17.2,17.9,17.1,17.2,112742,0
20070604,17.7,17.7,16.6,16.6,91764,0
20070605,16.6,16.7,15.9,15.9,87602,0
20070606,16.1,16.1,15.4,15.6,61794,0
20070608,15.4,16.5,15.3,16.5,62169,0
20070611,16.8,17.2,16.5,16.5,92167,0
20070612,16.6,16.6,16.1,16.1,55384,0
20070613,16.2,16.2,15.7,15.9,56803,0
20070614,16,16.4,16,16.2,58193,0
20070615,16.3,16.3,15.7,15.7,82139,0
20070618,15.9,15.9,15.3,15.6,53241,0
20070619,15.4,15.6,15,15.6,62067,0
20070620,15.4,15.9,15.2,15.3,91172,0
20070621,15.3,15.7,15.3,15.5,56566,0
20070622,15.4,15.9,15.4,15.6,44589,0
20070625,15.9,16.8,15.4,16.2,134419,0
20070626,16.5,17.1,16.4,16.8,170113,0
20070627,16.8,16.8,15.9,15.9,80190,0
20070628,16,16.3,15.8,15.9,34001,0
20070629,15.9,16.1,15.7,15.8,32725,0
20070702,15.6,15.7,15.2,15.5,38072,0
20070703,15.8,16,15.4,15.6,81125,0
20070704,15.8,16.3,15.4,16,69542,0
20070705,16,16.1,15.7,15.9,31693,0
20070706,16.1,16.9,16.1,16.4,179133,0
20070709,16.7,16.8,16.1,16.1,63089,0
20070710,16.6,17,16.4,16.4,172218,0
20070711,16.6,16.9,16.4,16.5,55411,0
20070712,16.8,16.9,16,16.2,73743,0
20070713,16.6,16.7,16.1,16.1,57567,0
20070716,16.1,16.3,15.2,15.4,57855,0
20070717,15.3,15.7,15.1,15.7,24622,0
20070718,16,16,15.7,16,19102,0
20070719,16,16,15.7,16,11913,0
20070720,16.1,16.1,15.7,15.7,5874,0
20070723,15.7,15.7,15.4,15.6,17240,0
20070724,15.6,15.7,15.2,15.3,15186,0
20070725,15.2,15.2,14.3,15.2,35668,0
20070726,15.1,15.4,14.5,14.5,18929,0
20070727,14.1,14.3,13.8,14.2,40055,0
20070730,14.1,14.3,13.8,14.3,43565,0
20070731,15.2,15.7,14.9,15.1,81928,0
20070801,14.3,14.8,13.8,14,100403,0
20070802,14.2,14.2,13.8,13.8,43755,0
20070803,13.8,13.9,12.9,12.9,79944,0
20070806,12.9,13.4,12.7,13.2,32280,0
20070807,13.4,13.6,13,13.1,30981,0
20070808,13.3,13.3,13,13.3,10728,0
20070809,13.4,13.5,13,13,18169,0
20070810,12.7,12.7,11.5,11.6,103959,0
20070813,11.8,11.9,11.3,11.6,49880,0
20070814,11.6,11.7,11.1,11.4,34195,0
20070816,10.7,10.7,9.5,9.5,124799,0
20070817,9.1,10.5,9,10.1,70767,0
20070820,10.3,10.7,10.2,10.3,47155,0
20070821,10.3,10.3,9.8,9.9,34945,0
20070822,10.2,10.3,9.9,10.2,56471,0
20070823,10.3,10.6,10.3,10.4,54135,0
20070824,10.4,11,10.2,11,48709,0
20070827,11.2,11.6,11.1,11.5,57102,0
20070828,11.4,11.4,10.6,10.8,77798,0
20070829,10.6,11.3,10.4,11.3,79139,0
20070830,11.4,11.7,10.5,11,69999,0
20070831,11.3,11.5,11.1,11.4,27786,0
20070903,11.5,11.8,11.4,11.5,36671,0
20070904,11.4,13,11.4,12.6,180256,0
20070905,12.9,13.5,12.6,12.7,249787,0
20070906,12.9,13,12.1,12.7,46737,0
20070907,13.1,13.6,12.1,12.6,160555,0
20070910,12.5,12.5,12,12.2,71918,0
20070911,12.4,12.7,12.1,12.6,29588,0
20070912,12.5,12.7,12,12.1,32892,0
20070913,12.2,12.4,12.2,12.4,10671,0
20070914,12.5,12.5,11.6,12,27226,0
20070917,12,12,11.6,12,18570,0
20070918,12,12.3,11.9,12.1,18794,0
20070919,12.5,12.7,12.2,12.3,48768,0
20070920,12.4,13.1,12.4,12.7,73436,0
20070921,12.7,12.7,12.4,12.4,39750,0
20070924,12.6,12.6,12.3,12.5,20948,0
20070925,12.4,12.5,12.1,12.1,20546,0
20070926,12.1,12.4,12.1,12.2,12385,0
20070927,12.2,12.3,12.1,12.1,6453,0
20070928,12.2,12.2,11.6,11.8,22916,0
20071001,11.7,11.9,11.4,11.5,23102,0
20071002,11.6,11.9,11.6,11.8,12252,0
20071003,11.6,12.1,11.5,11.9,52794,0
20071004,11.9,12.1,11.6,12.1,11425,0
20071005,12.3,12.5,12.1,12.4,33444,0
20071008,12.5,12.7,12.4,12.6,42347,0
20071009,12.4,12.7,12.4,12.5,8085,0
20071010,12.6,12.7,12.4,12.5,11155,0
20071011,12.6,13.5,12.6,13,55460,0
20071012,12.9,13,12.6,12.9,24281,0
20071015,12.9,13.2,12.8,13.1,23054,0
20071016,13.1,13.2,12.7,13,28606,0
20071017,13,13.1,13,13.1,13112,0
20071018,13.2,13.8,13,13.2,80678,0
20071019,13.3,13.6,13.2,13.2,30163,0
20071022,13,13.1,12.5,12.9,39052,0
20071023,13,13.4,12.9,13.2,24369,0
20071024,13.4,14.1,13.3,13.7,102533,0
20071025,13.9,14.1,13.3,13.8,83778,0
20071026,13.8,14,13.5,13.7,58441,0
20071029,13.8,13.8,13.5,13.7,17350,0
20071030,13.8,13.8,13.4,13.5,19478,0
20071031,13.6,13.6,13.4,13.6,12272,0
20071102,13.3,13.6,13,13.6,26528,0
20071105,13.4,13.7,13.2,13.4,31345,0
20071106,13.5,13.7,13.3,13.6,43694,0
20071107,13.8,14,12.4,12.6,120722,0
20071108,12.1,12.6,11.7,12,83427,0
20071109,12.3,12.5,11.1,11.2,121610,0
20071112,11.2,12.3,11.2,11.7,133409,0
20071113,11.8,11.9,11.4,11.7,37336,0
20071114,11.9,11.9,10.9,10.9,39023,0
20071115,10.9,10.9,9.9,10,85465,0
20071116,9.8,9.9,9.3,9.9,30911,0
20071119,9.9,10.2,9.6,9.6,12842,0
20071120,9.5,9.5,8.6,8.9,46781,0
20071121,8.8,8.8,7.9,8.3,66803,0
20071122,8.1,9,7.9,9,48457,0
20071123,9.3,9.7,9.1,9.4,44103,0
20071126,9.8,9.8,9.1,9.4,28158,0
20071127,9,9.4,8.9,8.9,30820,0
20071128,9.2,9.4,8.9,9.4,21626,0
20071129,9.6,9.7,9.4,9.4,27890,0
20071130,9.5,10,9.5,9.9,67595,0
20071203,10,10.8,9.9,10.4,39813,0
20071204,10.5,10.5,10,10.1,46004,0
20071205,10.3,10.6,10.1,10.5,23396,0
20071206,10.7,10.7,10.3,10.5,36316,0
20071207,10.5,11.2,10.5,10.9,36234,0
20071210,11,11,10,10.3,58585,0
20071211,10.5,10.5,9.9,10,39967,0
20071212,9.8,10,9.7,10,35919,0
20071213,9.9,9.9,9.6,9.6,38661,0
20071214,9.7,9.7,9.2,9.6,52911,0
20071217,9.2,9.3,9,9.2,33204,0
20071218,9.1,9.3,9,9.2,72544,0
20071219,9.3,9.4,9,9.2,128842,0
20071220,9,9.2,8.8,8.9,40044,0
20071221,8.9,9.1,8.8,9.1,109077,0
20071227,9.3,9.4,9.1,9.1,16018,0
20071228,9.1,9.3,9,9.3,10463,0
20080102,9.2,9.5,9.1,9.3,16259,0
20080103,9.1,9.3,9.1,9.2,8508,0
20080104,9.3,9.4,8.9,9.1,181114,0
20080107,8.9,9.2,8.7,9.2,30582,0
20080108,9.2,9.3,9.1,9.2,38145,0
20080109,9,9,8.8,9,10811,0
20080110,9.1,9.1,8.6,8.8,11188,0
20080111,8.7,8.9,8.7,8.8,10076,0
20080114,8.7,8.7,8.4,8.6,26342,0
20080115,8.7,8.7,8.3,8.3,11963,0
20080116,8,8.2,7.7,8.1,34970,0
20080117,8.2,8.2,8,8.2,9329,0
20080118,8,8.4,7.9,8.3,34938,0
20080121,8.2,8.2,7.8,7.9,12627,0
20080122,7.5,7.9,7.4,7.9,14706,0
20080123,7.9,8.4,7.8,8.1,13758,0
20080124,8.3,8.5,8.3,8.5,17840,0
20080125,8.6,8.8,8.4,8.6,21099,0
20080128,8.5,8.5,8,8,29188,0
20080129,8.3,8.3,8,8.1,26034,0
20080130,8.2,8.2,8,8.1,9341,0
20080131,8.2,8.2,8,8,10522,0
20080201,8.2,8.3,8.1,8.2,34920,0
20080204,8.4,8.4,8.2,8.2,21903,0
20080205,8.1,8.2,7.8,8,19181,0
20080206,7.7,7.9,7.7,7.9,28316,0
20080207,8,8.1,7.9,8.1,35117,0
20080208,8.2,8.2,7.9,8,15410,0
20080211,8.1,8.4,8,8.1,33766,0
20080212,8.2,8.4,8.1,8.1,11776,0
20080213,8.2,8.2,7.9,8,20596,0
20080214,8.1,8.2,8,8,14047,0
20080215,8.1,8.1,7.9,8,15321,0
20080218,8,8.1,7.9,8,4612,0
20080219,8.1,8.1,8,8,4408,0
20080220,7.9,8,7.8,7.9,5813,0
20080221,8.2,8.2,7.9,8,15314,0
20080222,8,8.1,7.9,8,4319,0
20080225,8,8,7.8,7.8,26339,0
20080226,7.9,8.3,7.8,8,20388,0
20080227,7.9,7.9,7.4,7.6,57288,0
20080228,7.6,7.6,6.9,7,73317,0
20080229,7,7.2,6.9,7.1,25463,0
20080303,6.9,6.9,6.7,6.7,13248,0
20080304,6.8,6.9,6.7,6.9,7171,0
20080305,7,7,6.8,6.9,7964,0
20080306,6.9,7,6.8,6.8,8064,0
20080307,6.8,6.8,6.6,6.7,10317,0
20080310,6.7,6.7,6.6,6.7,2754,0
20080311,6.6,6.7,6.4,6.6,24908,0
20080312,6.7,6.7,6.6,6.7,8632,0
20080313,6.6,6.6,6.4,6.6,68432,0
20080314,6.6,6.8,6.3,6.6,42248,0
20080317,6.5,6.5,6.3,6.5,12097,0
20080318,6.5,6.8,6.5,6.8,70769,0
20080319,6.8,6.8,6.7,6.7,2678,0
20080320,6.6,6.9,6.6,6.7,24837,0
20080325,6.8,6.9,6.7,6.7,5943,0
20080326,6.7,6.8,6.7,6.8,1657,0
20080327,6.8,7.1,6.8,6.8,30528,0
20080328,6.7,6.9,6.6,6.7,12904,0
20080331,6.7,6.7,6.5,6.6,122910,0
20080401,6.6,6.8,6.5,6.7,123883,0
20080402,6.9,7,6.7,6.8,31919,0
20080403,6.8,6.9,6.7,6.8,9049,0
20080404,6.9,7.2,6.8,6.9,70661,0
20080407,6.9,6.9,6.8,6.9,3518,0
20080408,6.8,6.9,6.7,6.7,3862,0
20080409,6.9,6.9,6.6,6.6,19825,0
20080410,6.6,6.6,6.3,6.4,39938,0
20080411,6.5,6.5,6.3,6.3,16638,0
20080414,6.3,6.3,5.7,5.9,34523,0
20080415,5.9,5.9,5.7,5.8,17622,0
20080416,5.8,5.9,5.6,5.9,20799,0
20080417,5.7,6.2,5.7,6,27566,0
20080418,5.9,6.2,5.9,6,34019,0
20080421,6,6,5.7,5.9,19302,0
20080422,6,6,5.5,5.7,23295,0
20080423,5.7,5.9,5.5,5.7,10414,0
20080424,5.7,5.8,5.6,5.8,5114,0
20080425,5.9,5.9,5.6,5.8,13593,0
20080428,5.9,6,5.9,5.9,9407,0
20080429,5.9,6,5.8,5.9,12904,0
20080430,5.9,6.1,5.9,6,3925,0
20080505,6.3,6.7,6.3,6.6,55895,0
20080506,6.4,6.6,6.4,6.5,15382,0
20080507,6.4,6.6,6.3,6.4,22127,0
20080508,6.4,6.5,6.3,6.4,4763,0
20080509,6.4,6.4,6.1,6.3,23201,0
20080512,6.3,6.3,6.1,6.1,3837,0
20080513,6.1,6.3,6.1,6.2,5745,0
20080514,6.2,6.2,6.1,6.1,9755,0
20080515,6.1,6.4,6.1,6.3,15902,0
20080516,6.2,6.3,6.1,6.1,6993,0
20080519,6.2,6.2,6,6.1,10616,0
20080520,6,6.1,5.9,5.9,8590,0
20080521,5.9,6,5.8,6,3928,0
20080523,5.9,6,5.8,6,2462,0
20080526,6.1,6.1,5.8,5.9,13105,0
20080527,5.9,6,5.8,5.9,6216,0
20080528,5.9,6,5.9,5.9,2212,0
20080529,6,6.1,5.9,5.9,9481,0
20080530,5.9,5.9,5.7,5.8,21149,0
20080602,5.8,5.8,5.7,5.8,25639,0
20080603,5.8,5.8,5.6,5.8,18265,0
20080604,5.8,5.8,5.6,5.7,2068,0
20080605,5.6,5.8,5.6,5.8,13909,0
20080606,5.8,5.8,5.7,5.8,48200,0
20080609,5.7,5.8,5.6,5.8,16531,0
20080610,5.7,5.7,5.5,5.5,30277,0
20080611,5.4,5.4,5.1,5.4,39749,0
20080612,5.3,5.3,5.2,5.2,3936,0
20080613,5.3,5.3,5.2,5.2,1006,0
20080616,5.3,5.4,5.1,5.2,7748,0
20080617,5.2,5.3,5.2,5.3,4237,0
20080618,5.3,5.3,5.1,5.3,3557,0
20080619,5.2,5.4,5.1,5.4,13679,0
20080620,5.4,5.4,5.2,5.3,18724,0
20080623,5.2,5.2,5.1,5.1,2291,0
20080624,5.1,5.2,4.9,5.1,10796,0
20080625,5.1,5.1,4.9,4.9,5708,0
20080626,4.9,5,4.9,5,1927,0
20080627,5,5,4.8,4.9,6602,0
20080630,4.8,4.9,4.8,4.8,2571,0
20080701,4.9,4.9,4.5,4.6,10125,0
20080702,4.7,4.7,4.4,4.4,2478,0
20080703,4.2,4.3,3.9,4.1,17661,0
20080704,4,4.1,4,4,12181,0
20080707,4,4.2,3.9,4.2,13725,0
20080708,4,4,3.9,4,9673,0
20080709,3.9,4,3.8,4,8966,0
20080710,3.9,3.9,3.7,3.8,4774,0
20080711,3.8,3.9,3.7,3.9,6494,0
20080714,3.7,3.7,3.6,3.7,21182,0
20080715,3.6,3.8,3.4,3.6,28278,0
20080716,3.5,3.6,3.5,3.6,10741,0
20080717,3.6,3.8,3.6,3.7,4469,0
20080718,3.8,3.8,3.5,3.6,13956,0
20080721,3.6,3.7,3.5,3.6,30652,0
20080722,3.4,3.5,3.1,3.3,105312,0
20080723,3.2,3.4,3.2,3.4,39192,0
20080724,3.4,3.4,3.2,3.3,35342,0
20080725,3.1,3.2,3.1,3.2,33053,0
20080728,3.2,3.3,3.2,3.2,20592,0
20080729,3.1,3.2,3,3.2,23087,0
20080730,3.2,3.3,3,3.1,39579,0
20080731,3.2,3.4,3.2,3.3,130901,0
20080801,3.3,3.4,3.2,3.4,33225,0
20080804,3.5,3.5,3.3,3.3,25754,0
20080805,3.3,3.4,3.2,3.3,25215,0
20080806,3.3,3.5,3.2,3.4,49803,0
20080807,3.2,3.3,3.1,3.2,56733,0
20080808,3.2,3.3,3.2,3.2,3109,0
20080811,3.2,3.3,3.1,3.3,15672,0
20080812,3.2,3.3,3.2,3.3,3305,0
20080813,3.2,3.3,3.2,3.2,2765,0
20080814,3.2,3.3,3.2,3.2,1487,0
20080818,3.2,3.2,3.2,3.2,3810,0
20080819,3.1,3.3,3.1,3.3,4140,0
20080820,3.3,3.3,3.2,3.3,13475,0
20080821,3.3,3.3,3.2,3.3,1524,0
20080822,3.2,3.2,3,3,74682,0
20080825,3,3.3,2.9,3.2,20875,0
20080826,3.2,3.3,3.1,3.3,15313,0
20080827,3.2,3.3,3.1,3.2,3660,0
20080828,3.1,3.3,3.1,3.1,3606,0
20080829,3.2,3.6,3.2,3.5,59511,0
20080901,3.5,3.6,3.4,3.6,32461,0
20080902,3.6,3.8,3.4,3.6,48774,0
20080903,3.6,3.7,3.6,3.6,7469,0
20080904,3.6,3.6,3.5,3.6,20359,0
20080905,3.5,3.5,3.3,3.4,21203,0
20080908,3.4,3.5,3.4,3.4,10611,0
20080909,3.5,3.5,3.3,3.3,9076,0
20080910,3.3,3.4,3.2,3.2,10384,0
20080911,3.3,3.3,3.2,3.2,2597,0
20080912,3.2,3.2,3.1,3.1,9420,0
20080915,3.1,3.1,3,3.1,18653,0
20080916,3.1,3.1,3,3,20398,0
20080917,3,3.1,3,3.1,11774,0
20080918,3,3,2.9,3,26780,0
20080919,3.1,3.2,3,3,14039,0
20080922,3.2,3.2,3,3.1,6110,0
20080923,3,3.2,3,3.2,4903,0
20080924,3.1,3.2,3,3.2,6620,0
20080925,3.1,3.2,3,3.2,11968,0
20080926,3.2,3.2,3.1,3.2,22156,0
20080929,3.2,3.3,3.1,3.2,13340,0
20080930,3,3.1,3,3.1,76832,0
20081001,3.1,3.2,3,3.1,13912,0
20081002,3,3.1,3,3.1,9438,0
20081003,3,3.1,2.9,3.1,6602,0
20081006,3,3,2.9,3,9174,0
20081007,2.9,2.9,2.8,2.9,8780,0
20081008,2.8,2.8,2.6,2.8,14011,0
20081009,2.9,3,2.9,3,8450,0
20081010,2.8,3,2.7,3,69889,0
20081013,2.8,3,2.8,3,15408,0
20081014,2.9,2.9,2.6,2.8,167774,0
20081015,2.8,2.8,2.6,2.6,53417,0
20081016,2.5,2.5,2.4,2.4,13214,0
20081017,2.5,2.5,2.3,2.4,15613,0
20081020,2.3,2.4,2.2,2.2,7943,0
20081021,2.2,2.4,2.2,2.2,2011,0
20081022,2.2,2.3,2,2.1,15981,0
20081023,2.1,2.1,2,2.1,11038,0
20081024,1.9,2,1.9,2,9496,0
20081027,2,2.1,1.9,2.1,22685,0
20081028,2.2,2.3,2.2,2.2,8395,0
20081029,2.3,2.3,2.2,2.3,7183,0
20081030,2.4,2.5,2.2,2.2,28468,0
20081031,2.3,2.3,2.1,2.2,9295,0
20081103,2.2,2.2,2.1,2.2,11500,0
20081104,2.2,2.3,2.2,2.3,13117,0
20081105,2.3,2.3,2.2,2.3,20195,0
20081106,2.2,2.3,2.2,2.3,4110,0
20081107,2.3,2.3,2.2,2.2,5946,0
20081110,2.3,2.3,2.2,2.2,13846,0
20081112,2.2,2.2,2.1,2.2,1710,0
20081113,2.1,2.1,2.1,2.1,8248,0
20081114,2.2,2.2,2.1,2.2,4043,0
20081117,2.1,2.1,2.1,2.1,10102,0
20081118,2.1,2.2,2.1,2.2,6565,0
20081119,2.2,2.2,2.1,2.1,3575,0
20081120,2.1,2.1,2,2.1,4666,0
20081121,2,2.1,2,2.1,1566,0
20081124,2.2,2.2,2,2.2,4028,0
20081125,2.1,2.2,2,2.1,8717,0
20081126,2.1,2.1,2,2,5550,0
20081127,2,2.1,2,2.1,2671,0
20081201,2,2,2,2,15561,0
20081202,2.1,2.1,1.9,2,5134,0
20081203,2,2,1.9,2,8483,0
20081204,2,2,2,2,4112,0
20081205,2,2,1.8,1.8,33281,0
20081208,1.9,2,1.6,1.6,70734,0
20081209,1.6,1.9,1.6,1.8,21196,0
20081210,1.7,1.9,1.7,1.9,3091,0
20081211,1.8,1.9,1.7,1.8,7989,0
20081212,1.8,1.8,1.8,1.8,2556,0
20081215,1.9,1.9,1.7,1.7,29612,0
20081216,1.7,1.8,1.7,1.7,7587,0
20081217,1.7,1.8,1.6,1.6,43770,0
20081218,1.6,1.6,1.5,1.6,15427,0
20081219,1.5,1.6,1.5,1.6,15161,0
20081222,1.6,1.6,1.3,1.3,82723,0
20081223,1.3,1.4,1.2,1.3,113228,0
20081229,1.3,1.4,1.2,1.4,19619,0
20081230,1.4,1.5,1.3,1.3,14224,0
20081231,1.4,1.6,1.4,1.5,18982,0
20090105,1.6,1.6,1.6,1.6,2000,0
20090106,1.6,1.6,1.5,1.6,13173,0
20090107,1.6,1.6,1.5,1.6,7253,0
20090108,1.5,1.6,1.4,1.4,8016,0
20090109,1.5,1.8,1.5,1.7,117601,0
20090112,1.8,1.8,1.7,1.8,31123,0
20090113,1.7,1.8,1.6,1.8,34974,0
20090114,1.8,1.9,1.8,1.8,24921,0
20090115,1.7,1.8,1.7,1.8,15994,0
20090116,1.8,1.8,1.7,1.8,36804,0
20090119,1.8,1.8,1.6,1.7,10747,0
20090120,1.7,1.7,1.6,1.6,7273,0
20090121,1.6,1.6,1.5,1.6,20344,0
20090122,1.6,1.6,1.6,1.6,611,0
20090123,1.5,1.5,1.4,1.5,5038,0
20090126,1.5,1.6,1.5,1.6,10710,0
20090127,1.7,1.7,1.6,1.6,7449,0
20090128,1.6,1.6,1.5,1.6,1047,0
20090129,1.6,1.6,1.5,1.6,5826,0
20090130,1.5,1.6,1.5,1.6,4012,0
20090202,1.5,1.5,1.4,1.5,26034,0
20090203,1.6,1.6,1.5,1.5,11890,0
20090204,1.5,1.6,1.5,1.6,2597,0
20090205,1.6,1.6,1.6,1.6,7937,0
20090206,1.7,1.7,1.6,1.6,1616,0
20090209,1.6,1.6,1.6,1.6,768,0
20090210,1.6,1.7,1.6,1.7,3164,0
20090211,1.7,1.7,1.6,1.6,5179,0
20090212,1.6,1.6,1.6,1.6,9376,0
20090213,1.6,1.6,1.6,1.6,3077,0
20090216,1.6,1.6,1.5,1.5,3400,0
20090217,1.5,1.6,1.5,1.6,11235,0
20090218,1.5,1.5,1.4,1.5,9238,0
20090219,1.5,1.6,1.5,1.5,2320,0
20090220,1.5,1.5,1.5,1.5,8192,0
20090223,1.6,1.6,1.5,1.5,1459,0
20090224,1.5,1.7,1.5,1.6,19108,0
20090225,1.6,1.7,1.5,1.5,2633,0
20090226,1.7,1.7,1.6,1.6,4238,0
20090227,1.5,1.7,1.5,1.7,4066,0
20090302,1.6,1.6,1.6,1.6,890,0
20090303,1.6,1.7,1.5,1.7,705,0
20090304,1.6,1.7,1.5,1.6,6149,0
20090305,1.6,1.6,1.5,1.6,3022,0
20090306,1.5,1.6,1.5,1.5,2890,0
20090309,1.5,1.6,1.5,1.6,2848,0
20090310,1.6,1.7,1.5,1.7,5201,0
20090311,1.7,1.7,1.6,1.6,2100,0
20090312,1.6,1.6,1.6,1.6,15,0
20090313,1.7,1.7,1.6,1.6,4302,0
20090316,1.7,1.7,1.6,1.6,2265,0
20090317,1.6,1.6,1.6,1.6,1400,0
20090318,1.6,1.7,1.6,1.6,3810,0
20090320,1.7,1.7,1.7,1.7,21418,0
20090323,1.7,1.9,1.7,1.9,79357,0
20090324,2,2,1.9,2,62139,0
20090325,2,2.2,2,2.1,91357,0
20090326,2.2,2.2,2.1,2.1,35476,0
20090327,2.1,2.1,1.9,2,24127,0
20090330,2,2,1.9,2,14860,0
20090331,2,2,1.9,2,6974,0
20090401,2.1,2.1,1.9,2,5111,0
20090402,2,2.1,2,2,9721,0
20090403,2,2.2,2,2.1,26925,0
20090406,2.1,2.2,2,2,16430,0
20090407,2,2.7,2,2.7,124247,0
20090408,2.7,2.7,2.5,2.6,57851,0
20090409,2.6,2.7,2.6,2.7,29110,0
20090414,2.7,2.9,2.6,2.7,28740,0
20090415,2.7,2.7,2.6,2.7,13175,0
20090416,2.6,2.7,2.6,2.7,15849,0
20090417,2.7,2.7,2.6,2.6,22472,0
20090420,2.6,2.6,2.4,2.4,20258,0
20090421,2.4,2.5,2.4,2.5,9605,0
20090422,2.5,2.6,2.5,2.6,5540,0
20090423,2.6,2.6,2.4,2.4,4200,0
20090424,2.5,2.6,2.4,2.5,10956,0
20090427,2.6,2.6,2.4,2.5,7027,0
20090428,2.4,2.5,2.4,2.5,3333,0
20090429,2.5,2.5,2.4,2.5,12956,0
20090430,2.5,2.6,2.4,2.4,14185,0
20090504,2.5,2.5,2.4,2.4,26942,0
20090505,2.5,2.6,2.4,2.6,20077,0
20090506,2.6,2.6,2.5,2.6,50214,0
20090507,2.7,3.4,2.7,3.1,261711,0
20090508,3.2,3.9,3,3.9,187736,0
20090511,4,4.8,3.7,4.7,390086,0
20090512,4.5,5.2,4.2,4.4,371817,0
20090513,4.4,4.5,3.9,3.9,135964,0
20090514,4,4,3.6,3.9,61285,0
20090515,3.9,4.1,3.9,4,26375,0
20090518,3.9,4.6,3.7,4.4,97652,0
20090519,4.5,4.5,4.2,4.4,50982,0
20090520,4.3,4.3,4.1,4.2,42107,0
20090521,4,4.1,4,4,9096,0
20090522,4,4,3.8,3.9,15324,0
20090525,3.9,4,3.8,3.8,11823,0
20090526,3.7,3.8,3.7,3.8,11753,0
20090527,3.9,3.9,3.8,3.9,19153,0
20090528,3.8,4,3.8,4,6697,0
20090529,4,4,3.8,3.8,9538,0
20090601,3.8,3.9,3.8,3.8,12132,0
20090602,3.9,4.4,3.8,4.3,91907,0
20090603,4.3,4.3,4.1,4.2,19130,0
20090604,4.1,4.2,3.9,4.1,17853,0
20090605,4.1,4.1,3.9,4,18951,0
20090608,3.9,3.9,3.7,3.9,31542,0
20090609,3.8,3.9,3.7,3.9,20488,0
20090610,3.9,4,3.8,3.9,7092,0
20090612,4,4,3.8,3.9,8845,0
20090615,3.9,3.9,3.8,3.8,10505,0
20090616,3.9,3.9,3.7,3.8,6218,0
20090617,3.8,3.9,3.7,3.8,5578,0
20090618,3.9,3.9,3.7,3.8,4309,0
20090619,3.9,4,3.8,3.9,35453,0
20090622,4,4,3.5,3.5,22407,0
20090623,3.4,3.6,3.4,3.5,16851,0
20090624,3.5,3.8,3.5,3.8,21398,0
20090625,3.7,3.7,3.6,3.6,5626,0
20090626,3.7,3.8,3.6,3.8,3564,0
20090629,3.8,3.8,3.7,3.7,2502,0
20090630,3.8,3.9,3.7,3.7,10718,0
20090701,3.7,3.7,3.6,3.7,10467,0
20090702,3.7,3.7,3.6,3.7,8924,0
20090703,3.7,3.7,3.5,3.7,10212,0
20090706,3.6,3.7,3.6,3.6,7668,0
20090707,3.7,3.7,3.6,3.6,6675,0
20090708,3.6,3.6,3.5,3.5,13496,0
20090709,3.5,3.7,3.4,3.7,10319,0
20090710,3.6,3.6,3.5,3.5,3422,0
20090713,3.6,4.8,3.6,4.8,239885,0
20090714,4.7,4.8,4.4,4.5,151155,0
20090715,4.5,4.7,4.4,4.5,34637,0
20090716,4.4,4.5,4.3,4.4,13965,0
20090717,4.5,4.9,4.4,4.7,86832,0
20090720,4.6,5.7,4.6,5.6,185090,0
20090721,5.6,6.4,5.5,5.8,239606,0
20090722,5.8,6.1,5.4,5.5,70675,0
20090723,5.6,5.8,5.2,5.4,44971,0
20090724,5.5,5.5,5.3,5.4,43439,0
20090727,5.5,5.5,5,5.1,86427,0
20090728,5.2,5.3,5,5.1,27055,0
20090729,5.2,5.7,5.1,5.4,76166,0
20090730,5.5,5.7,5.3,5.4,50536,0
20090731,5.5,5.5,5.3,5.4,18667,0
20090803,5.4,5.5,5.2,5.4,23380,0
20090804,5.4,5.4,5.2,5.4,10603,0
20090805,5.4,5.4,5.2,5.3,33363,0
20090806,5.2,5.3,5.1,5.3,15422,0
20090807,5.3,5.3,5.2,5.3,19291,0
20090810,5.3,5.3,5.1,5.2,19868,0
20090811,5.2,5.3,5.1,5.3,30816,0
20090812,5.3,5.3,5.1,5.1,23238,0
20090813,5.2,5.3,5.1,5.1,36210,0
20090814,5.3,5.3,5.1,5.1,31364,0
20090817,5.1,5.3,5,5.3,21104,0
20090818,5.2,5.3,5.1,5.2,19169,0
20090819,5.2,5.2,5.1,5.1,13835,0
20090820,5.1,5.3,5,5.3,106200,0
20090821,5.2,5.5,5.2,5.2,112958,0
20090824,5.3,5.4,5.1,5.2,33434,0
20090825,5.3,5.4,5.2,5.4,33635,0
20090826,5.4,6.4,5.3,6.2,293668,0
20090827,6.1,6.3,5.7,5.8,133047,0
20090828,5.7,6,5.6,5.7,97376,0
20090831,5.6,6,5.6,5.8,28132,0
20090901,5.8,5.8,4.8,5.2,228737,0
20090902,5,5.1,4.5,4.6,151704,0
20090903,4.7,4.9,4.6,4.8,80565,0
20090904,4.9,4.9,4.7,4.8,29710,0
20090907,4.7,5,4.7,4.8,29805,0
20090908,4.9,5,4.7,4.8,30229,0
20090909,4.8,4.8,4.6,4.7,14832,0
20090910,4.7,4.8,4.6,4.6,9065,0
20090911,4.6,4.7,4.6,4.7,8392,0
20090914,4.6,4.7,4.4,4.4,13521,0
20090915,4.5,4.7,4.4,4.6,16099,0
20090916,4.6,4.7,4.6,4.7,13001,0
20090917,4.7,5,4.7,4.8,33790,0
20090918,4.8,4.9,4.7,4.9,16916,0
20090921,4.8,4.8,4.6,4.6,12400,0
20090922,4.6,4.9,4.6,4.7,35304,0
20090923,4.8,4.9,4.8,4.9,39233,0
20090924,4.7,4.8,4.7,4.7,14712,0
20090925,4.7,4.8,4.6,4.7,7735,0
20090928,4.6,4.7,4.6,4.6,10958,0
20090929,4.6,4.7,4.6,4.7,6712,0
20090930,4.7,4.7,4.5,4.5,12373,0
20091001,4.5,4.8,4.5,4.6,20885,0
20091002,4.7,4.7,4.5,4.6,11428,0
20091005,4.6,4.8,4.6,4.7,16851,0
20091006,4.7,4.8,4.6,4.8,7262,0
20091007,4.8,4.8,4.6,4.6,21375,0
20091008,4.7,4.7,4.5,4.5,13899,0
20091009,4.6,4.6,4.5,4.6,3363,0
20091012,4.6,4.6,4.5,4.5,9070,0
20091013,4.6,4.6,4.5,4.6,19039,0
20091014,4.6,4.8,4.6,4.8,21317,0
20091015,4.7,5.7,4.7,5.7,317067,0
20091016,5.8,6.3,5.3,5.3,476995,0
20091019,5.4,5.6,5.1,5.3,86400,0
20091020,5.4,5.6,5.2,5.4,46627,0
20091021,5.3,5.4,5.1,5.2,13434,0
20091022,5.3,5.5,4.9,5.4,100034,0
20091023,5.3,5.4,5.1,5.1,52050,0
20091026,5,5.1,4.8,5,30089,0
20091027,4.9,5,4.8,4.9,30079,0
20091028,4.9,5.1,4.8,5,35950,0
20091029,4.9,5,4.7,4.9,45803,0
20091030,4.9,5,4.8,4.8,18696,0
20091102,4.9,5.4,4.9,5.4,119616,0
20091103,5.4,5.5,5.1,5.2,41690,0
20091104,5.3,5.5,5.2,5.4,75759,0
20091105,5.4,5.4,5.1,5.1,44937,0
20091106,5.1,5.1,4.9,5.1,34101,0
20091109,5,5.2,5,5.2,22248,0
20091110,5.2,5.2,4.9,5.1,34251,0
20091112,5,5.4,5,5.1,110102,0
20091113,5.2,5.2,5,5.2,22938,0
20091116,5.1,5.2,5,5.2,12952,0
20091117,5.2,5.2,5,5.2,20543,0
20091118,5.1,5.2,4.9,5,29812,0
20091119,4.9,5,4.9,5,38617,0
20091120,4.9,5.1,4.9,5.1,12586,0
20091123,5,5.1,5,5.1,8212,0
20091124,5,5,4.9,4.9,11580,0
20091125,4.9,5,4.9,5,17445,0
20091126,4.9,5,4.8,4.9,4058,0
20091127,4.8,4.9,4.7,4.8,43413,0
20091130,4.8,4.8,4.7,4.8,8252,0
20091201,4.8,4.8,4.7,4.8,8098,0
20091202,4.8,5,4.8,4.9,26320,0
20091203,5,5,4.8,5,3159,0
20091204,5,5,4.8,5,8547,0
20091207,4.8,5,4.8,4.9,12240,0
20091208,4.9,4.9,4.8,4.9,16669,0
20091209,4.8,4.9,4.8,4.8,4350,0
20091210,4.7,4.8,4.7,4.8,16149,0
20091211,4.7,4.8,4.7,4.8,7720,0
20091214,4.7,4.8,4.7,4.8,2288,0
20091215,4.8,4.8,4.7,4.8,2815,0
20091216,4.7,4.8,4.7,4.7,8607,0
20091217,4.8,4.8,4.7,4.8,3585,0
20091218,4.7,4.8,4.7,4.7,6383,0
20091221,4.7,4.8,4.6,4.6,11216,0
20091222,4.6,4.6,4.4,4.5,29401,0
20091223,4.5,4.5,4.2,4.4,42250,0
20091228,4.4,4.5,4.1,4.2,35714,0
20091229,4.2,4.5,4.2,4.5,31055,0
20091230,4.4,4.6,4.4,4.5,6188,0
20091231,4.7,4.8,4.6,4.6,39610,0
20100104,4.7,4.9,4.7,4.9,16092,0
20100105,4.9,4.9,4.6,4.8,24490,0
20100106,4.7,4.7,4.6,4.6,8061,0
20100107,4.6,4.6,4.6,4.6,11444,0
20100108,4.6,4.8,4.5,4.8,14450,0
20100111,4.8,4.8,4.7,4.7,2324,0
20100112,4.6,4.8,4.6,4.8,2062,0
20100113,4.6,4.7,4.6,4.7,9982,0
20100114,4.7,4.8,4.6,4.6,13150,0
20100115,4.7,4.7,4.6,4.7,1791,0
20100118,4.6,4.7,4.6,4.7,3262,0
20100119,4.5,4.7,4.5,4.5,19824,0
20100120,4.6,4.6,4.5,4.6,10283,0
20100121,4.5,4.6,4.5,4.6,12961,0
20100122,4.5,4.5,4.4,4.5,12623,0
20100125,4.4,4.7,4.4,4.5,25475,0
20100126,4.6,4.6,4.3,4.5,13300,0
20100127,4.4,4.5,4.3,4.3,3913,0
20100128,4.4,4.6,4.4,4.4,26618,0
20100129,4.4,4.5,4.4,4.5,7477,0
20100201,4.4,4.5,4.3,4.5,1033,0
20100202,4.4,4.5,4.4,4.4,4374,0
20100203,4.3,4.5,4.3,4.5,2600,0
20100204,4.3,4.5,4.3,4.3,1624,0
20100205,4.3,4.3,4,4.2,39570,0
20100208,4.1,4.2,4,4.1,18368,0
20100209,4,4.1,4,4.1,8115,0
20100210,4,4.2,4,4.2,20420,0
20100211,4.1,4.2,4,4,6664,0
20100212,4,4.3,4,4.2,29267,0
20100215,4.1,4.2,4.1,4.2,1093,0
20100216,4.2,4.3,4.1,4.2,17775,0
20100217,4.2,4.3,4.1,4.2,7356,0
20100218,4.2,4.3,4.1,4.2,4434,0
20100219,4.1,4.3,4.1,4.2,9941,0
20100222,4.1,4.2,4.1,4.2,2854,0
20100223,4.1,4.1,4,4,9263,0
20100224,4.1,4.2,4,4.2,4558,0
20100225,4,4.2,4,4,5398,0
20100226,4,4.4,4,4.4,44847,0
20100301,4.4,4.7,4.3,4.7,39609,0
20100302,4.7,4.7,4.4,4.5,21724,0
20100303,4.4,4.7,4.4,4.6,12279,0
20100304,4.5,4.5,4.3,4.3,40803,0
20100305,4.3,4.4,4.3,4.4,6240,0
20100308,4.3,4.5,4.3,4.4,7166,0
20100309,4.4,4.5,4.4,4.5,1859,0
20100310,4.4,4.6,4.4,4.6,12935,0
20100311,4.5,4.6,4.4,4.5,9947,0
20100312,4.6,4.6,4.3,4.4,34870,0
20100315,4.4,4.5,4.3,4.5,41947,0
20100316,4.5,4.6,4.5,4.6,22907,0
20100317,4.6,4.7,4.5,4.7,28879,0
20100318,4.7,4.7,4.6,4.6,19153,0
20100319,4.7,4.7,4.5,4.6,7270,0
20100322,4.6,4.7,4.5,4.5,31768,0
20100323,4.5,4.5,4.4,4.5,8259,0
20100324,4.6,4.6,4.4,4.5,24224,0
20100325,4.5,4.6,4.5,4.6,4869,0
20100326,4.5,4.5,4.4,4.5,23379,0
20100329,4.5,4.5,4.4,4.5,12747,0
20100330,4.5,4.6,4.5,4.5,3634,0
20100331,4.4,4.6,4.4,4.6,4831,0
20100401,4.5,4.6,4.5,4.5,4325,0
20100406,4.5,4.6,4.4,4.6,14643,0
20100407,4.6,4.6,4.4,4.6,48448,0
20100408,4.6,4.6,4.5,4.5,10327,0
20100409,4.5,4.5,4.5,4.5,42585,0
20100412,4.5,4.6,4.5,4.5,10840,0
20100413,4.5,5.2,4.5,5.1,227787,0
20100414,5.1,5.2,5,5.1,34961,0
20100415,5.1,5.1,4.9,5.1,31314,0
20100416,5.1,5.1,4.9,5,58369,0
20100419,4.8,5,4.6,4.7,72953,0
20100420,4.7,4.8,4.6,4.7,24156,0
20100421,4.8,4.8,4.7,4.8,10007,0
20100422,4.7,4.7,4.6,4.6,36720,0
20100423,4.7,4.8,4.7,4.7,20864,0
20100426,4.8,5,4.7,4.9,60383,0
20100427,4.8,4.9,4.8,4.8,12794,0
20100428,4.8,4.8,4.7,4.8,19298,0
20100429,4.8,4.9,4.8,4.8,13989,0
20100430,4.8,4.9,4.7,4.8,16838,0
20100504,4.8,4.9,4.7,4.9,9014,0
20100505,4.8,4.9,4.5,4.6,33309,0
20100506,4.3,4.4,4.2,4.4,86811,0
20100507,4.1,4.3,4.1,4.2,52941,0
20100510,4.2,4.4,4.2,4.3,16850,0
20100511,4.4,4.4,4.2,4.2,13670,0
20100512,4.2,4.4,4.2,4.3,6473,0
20100513,4.3,4.4,4.2,4.4,16235,0
20100514,4.2,4.3,4.2,4.2,31710,0
20100517,4.1,4.2,4,4.1,32071,0
20100518,4.1,4.2,4,4.1,45848,0
20100519,4,4,3.9,3.9,21201,0
20100520,4,4.1,3.8,3.8,22992,0
20100521,3.8,3.9,3.7,3.8,29366,0
20100524,3.8,3.9,3.8,3.8,4710,0
20100525,3.9,3.9,3.7,3.7,22749,0
20100526,3.7,3.9,3.7,3.9,25512,0
20100527,3.9,4,3.7,3.9,45494,0
20100528,3.9,3.9,3.8,3.9,15152,0
20100531,3.8,3.9,3.8,3.9,6060,0
20100601,3.8,3.9,3.7,3.9,39440,0
20100602,3.8,3.8,3.6,3.8,82512,0
20100604,3.8,3.8,3.7,3.7,42604,0
20100607,3.6,3.7,3.6,3.7,38875,0
20100608,3.6,3.7,3.6,3.7,20135,0
20100609,3.6,3.7,3.6,3.6,24558,0
20100610,3.6,3.7,3.5,3.6,40935,0
20100611,3.7,3.7,3.5,3.7,37046,0
20100614,3.7,3.7,3.5,3.7,10929,0
20100615,3.5,3.7,3.5,3.6,16339,0
20100616,3.6,3.9,3.5,3.8,150480,0
20100617,3.7,3.8,3.6,3.7,27555,0
20100618,3.8,3.8,3.6,3.7,41291,0
20100621,3.7,3.8,3.7,3.8,23305,0
20100622,3.7,3.8,3.5,3.7,40684,0
20100623,3.6,3.7,3.5,3.6,18890,0
20100624,3.6,3.6,3.4,3.5,31252,0
20100625,3.5,3.6,3.4,3.6,6798,0
20100628,3.5,3.6,3.5,3.6,14968,0
20100629,3.6,3.6,3.5,3.5,19581,0
20100630,3.5,3.6,3.4,3.5,8196,0
20100701,3.4,3.6,3.4,3.5,6305,0
20100702,3.5,3.6,3.5,3.5,13282,0
20100705,3.5,4,3.5,3.8,301091,0
20100706,3.8,3.8,3.6,3.7,49060,0
20100707,3.7,3.7,3.6,3.7,10619,0
20100708,3.7,3.8,3.6,3.6,27592,0
20100709,3.7,3.7,3.6,3.6,7603,0
20100712,3.6,3.8,3.6,3.7,10542,0
20100713,3.8,3.8,3.7,3.7,30128,0
20100714,3.7,3.9,3.7,3.9,20900,0
20100715,3.9,4.4,3.9,4.2,430649,0
20100716,4.2,4.3,4,4.2,64828,0
20100719,4.2,4.2,4,4,42287,0
20100720,4,4.1,3.9,4,43125,0
20100721,4,4.1,4,4,23202,0
20100722,4.1,4.3,3.9,4.2,107159,0
20100723,4.2,4.3,4.1,4.3,28740,0
20100726,4.3,4.4,4.1,4.3,57648,0
20100727,4.2,4.3,4.1,4.1,17392,0
20100728,4.2,4.2,4.1,4.1,8696,0
20100729,4.2,4.4,4.2,4.2,77666,0
20100730,4.3,4.3,4.2,4.3,5743,0
20100802,4.3,4.4,4.3,4.3,23061,0
20100803,4.3,4.4,4.2,4.2,29393,0
20100804,4.3,4.3,4.2,4.2,6510,0
20100805,4.2,4.2,4.1,4.2,11500,0
20100806,4.2,4.3,4.1,4.2,6247,0
20100809,4.2,4.2,4,4.1,40527,0
20100810,4.2,4.4,4.1,4.3,116831,0
20100811,4.3,4.4,4.2,4.3,17040,0
20100812,4.2,4.3,4.2,4.2,23165,0
20100813,4.2,4.4,4.1,4.3,36319,0
20100816,4.2,4.3,4.1,4.2,19067,0
20100817,4.3,4.3,4.2,4.3,830,0
20100818,4.3,4.9,4.3,4.7,323688,0
20100819,4.7,4.8,4.5,4.6,62341,0
20100820,4.6,4.7,4.6,4.6,22416,0
20100823,4.6,4.8,4.5,4.8,70933,0
20100824,4.7,4.7,4.5,4.5,50745,0
20100825,4.5,4.6,4.5,4.5,45706,0
20100826,4.6,4.8,4.6,4.7,65551,0
20100827,4.7,4.7,4.6,4.7,6075,0
20100830,4.3,4.3,4.1,4.1,230553,0
20100831,4.2,4.2,4.1,4.2,49947,0
20100901,4.1,4.2,4,4,75215,0
20100902,4.1,4.2,4,4.2,32251,0
20100903,4.1,4.2,4,4.2,12143,0
20100906,4.1,4.2,4,4.1,44865,0
20100907,4,4.1,4,4,45761,0
20100908,4,4,3.9,4,17896,0
20100909,4,4.1,4,4.1,27050,0
20100910,4.1,4.1,3.9,4.1,33628,0
20100913,4.1,4.1,4,4.1,20325,0
20100914,4,4.1,4,4,22565,0
20100915,4,4,3.9,4,17442,0
20100916,3.9,4.1,3.9,4.1,11030,0
20100917,4.1,4.1,4,4.1,9062,0
20100920,4.1,4.1,4,4.1,9852,0
20100921,4.1,4.1,4,4.1,14914,0
20100922,4,4.1,4,4.1,4784,0
20100923,4.1,4.1,4,4.1,1601,0
20100924,4,4.1,4,4.1,12457,0
20100927,4.1,4.1,4,4.1,12348,0
20100928,4,4.1,3.9,4,7682,0
20100929,4,4.1,4,4.1,3044,0
20100930,4.1,4.1,3.9,4.1,5224,0
20101001,4,4.1,4,4.1,1086,0
20101004,4,4.1,3.9,4.1,7906,0
20101005,4.1,4.1,3.9,4.1,6675,0
20101006,4,4.1,3.9,4,6952,0
20101007,4,4,3.9,4,3347,0
20101008,3.9,4,3.8,4,29078,0
20101011,3.9,4,3.9,4,2522,0
20101012,3.9,4,3.9,4,2887,0
20101013,3.9,4,3.9,4,17694,0
20101014,4,4,3.9,4,8429,0
20101015,4,4,3.9,4,13498,0
20101018,4,4,3.8,3.9,8576,0
20101019,3.9,3.9,3.7,3.8,13656,0
20101020,3.8,3.9,3.7,3.9,9804,0
20101021,3.8,3.9,3.8,3.9,8828,0
20101022,3.8,3.9,3.8,3.9,10924,0
20101025,3.8,3.9,3.7,3.9,3825,0
20101026,3.9,3.9,3.8,3.9,1428,0
20101027,3.8,3.9,3.8,3.9,13365,0
20101028,3.8,3.9,3.8,3.9,17526,0
20101029,3.8,3.9,3.8,3.9,2350,0
20101102,3.8,3.9,3.8,3.9,3568,0
20101103,3.8,3.9,3.8,3.9,2056,0
20101104,3.9,3.9,3.8,3.9,16283,0
20101105,3.9,3.9,3.8,3.8,24148,0
20101108,3.6,3.7,3.5,3.6,56360,0
20101109,3.7,3.8,3.6,3.7,20422,0
20101110,3.8,3.8,3.6,3.6,10863,0
20101112,3.6,3.8,3.6,3.7,22612,0
20101115,3.8,3.8,3.7,3.7,8980,0
20101116,3.7,3.8,3.7,3.8,13216,0
20101117,3.8,3.8,3.6,3.8,2516,0
20101118,3.7,3.7,3.6,3.7,4276,0
20101119,3.6,3.7,3.5,3.6,32598,0
20101122,3.6,3.6,3.5,3.6,17316,0
20101123,3.5,3.6,3.5,3.6,7099,0
20101124,3.5,3.6,3.4,3.6,18478,0
20101125,3.5,3.6,3.5,3.6,2125,0
20101126,3.5,3.6,3.5,3.5,2173,0
20101129,3.4,3.6,3.4,3.5,8588,0
20101130,3.5,3.6,3.4,3.6,8897,0
20101201,3.5,3.6,3.4,3.6,5082,0
20101202,3.6,3.6,3.5,3.6,12837,0
20101203,3.6,3.6,3.4,3.6,10107,0
20101206,3.5,3.6,3.5,3.6,1808,0
20101207,3.5,3.6,3.5,3.6,5404,0
20101208,3.5,3.6,3.5,3.6,5264,0
20101209,3.5,3.6,3.5,3.6,2436,0
20101210,3.6,3.6,3.4,3.5,9374,0
20101213,3.5,3.5,3.4,3.5,13913,0
20101214,3.5,3.6,3.4,3.5,10795,0
20101215,3.4,3.5,3.4,3.5,3856,0
20101216,3.4,3.5,3.4,3.5,2177,0
20101217,3.4,3.5,3.4,3.5,12151,0
20101220,3.4,3.5,3.4,3.5,30138,0
20101221,3.4,3.5,3.3,3.4,23022,0
20101222,3.3,3.5,3.3,3.5,22384,0
20101223,3.5,3.5,3.2,3.4,30710,0
20101227,3.3,3.4,3.1,3.2,64533,0
20101228,3.2,3.3,3.1,3.2,49185,0
20101229,3.2,3.3,3.1,3.3,5760,0
20101230,3.3,3.4,3.3,3.4,12606,0
20101231,3.3,3.4,3.2,3.4,1210,0
20110103,3.4,3.4,3.2,3.4,5776,0
20110104,3.3,3.4,3.3,3.4,11926,0
20110105,3.3,3.4,3.3,3.4,8602,0
20110107,3.2,3.4,3.2,3.4,7690,0
20110110,3.3,3.3,3.2,3.3,4338,0
20110111,3.3,3.3,3.2,3.3,8705,0
20110112,3.2,3.7,3.2,3.6,76441,0
20110113,3.6,3.7,3.5,3.7,22719,0
20110114,3.6,3.7,3.5,3.5,4273,0
20110117,3.6,3.7,3.5,3.5,890,0
20110118,3.6,3.7,3.5,3.5,14468,0
20110119,3.6,3.6,3.4,3.5,5728,0
20110120,3.4,3.5,3.4,3.5,930,0
20110121,3.5,3.5,3.4,3.5,1662,0
20110124,3.4,3.4,3.4,3.4,3605,0
20110125,3.4,3.5,3.3,3.5,1674,0
20110126,3.5,3.5,3.5,3.5,48,0
20110127,3.5,3.5,3.3,3.4,620,0
20110128,3.4,3.4,3.3,3.4,1600,0
20110131,3.3,3.4,3.2,3.4,8392,0
20110201,3.3,3.4,3.3,3.4,1369,0
20110202,3.3,3.3,3.2,3.3,13309,0
20110203,3.3,3.3,3.2,3.3,3341,0
20110204,3.3,3.3,3.2,3.3,14944,0
20110207,3.3,3.3,3.2,3.3,5183,0
20110208,3.2,3.3,3.2,3.3,3418,0
20110209,3.2,3.3,3.1,3.3,12218,0
20110210,3.2,3.2,3.1,3.2,5383,0
20110211,3.2,3.3,3.2,3.3,1095,0
20110214,3.3,3.3,3.3,3.3,8871,0
20110215,3.2,3.3,3.2,3.2,4430,0
20110216,3.2,3.3,3.2,3.2,1960,0
20110217,3.2,3.2,3.1,3.2,10731,0
20110218,3.2,3.2,3.1,3.2,13066,0
20110221,3.1,3.1,3.1,3.1,792,0
20110222,3.2,3.3,3.1,3.3,24922,0
20110223,3.3,3.3,3.1,3.3,5494,0
20110224,3.3,3.3,3.2,3.3,1667,0
20110225,3.2,3.3,3.2,3.3,2311,0
20110228,3.3,3.3,3.2,3.3,8984,0
20110301,3.2,3.3,3.2,3.2,1702,0
20110302,3.3,3.3,3.2,3.3,2862,0
20110303,3.2,3.3,3.1,3.3,22182,0
20110304,3.3,3.3,3.2,3.2,1496,0
20110307,3.2,3.3,3.2,3.3,6923,0
20110308,3.2,3.3,3.2,3.3,4304,0
20110309,3.2,3.2,3.2,3.2,4799,0
20110310,3.2,3.2,3.1,3.2,4149,0
20110311,3.1,3.2,3.1,3.1,15070,0
20110314,3.1,3.2,3.1,3.1,2346,0
20110315,3.1,3.1,2.9,3,35802,0
20110316,3,3.1,3,3.1,4141,0
20110317,3.1,3.1,2.9,3,11800,0
20110318,3,3.1,2.9,3.1,7162,0
20110321,3,3,2.8,2.9,91258,0
20110322,2.8,2.9,2.8,2.8,29886,0
20110323,2.9,2.9,2.7,2.9,9513,0
20110324,2.8,2.9,2.8,2.9,14306,0
20110325,2.8,2.9,2.8,2.9,7634,0
20110328,2.8,2.8,2.7,2.8,4971,0
20110329,2.8,2.9,2.8,2.9,4236,0
20110330,2.9,2.9,2.8,2.8,93512,0
20110331,2.8,2.9,2.8,2.8,10578,0
20110401,2.9,2.9,2.8,2.9,1640,0
20110404,2.9,2.9,2.8,2.9,12352,0
20110405,2.8,2.9,2.8,2.9,4000,0
20110406,2.8,2.9,2.8,2.9,9482,0
20110407,2.8,2.9,2.8,2.9,6774,0
20110408,2.9,3.4,2.9,3.3,419033,0
20110411,3.3,3.3,3.1,3.3,46565,0
20110412,3.3,3.3,3.2,3.2,27319,0
20110413,3.2,3.3,3.1,3.2,15126,0
20110414,3.1,3.4,3.1,3.3,40004,0
20110415,3.2,3.3,3.2,3.3,25514,0
20110418,3.2,3.4,3.2,3.2,25891,0
20110419,3.2,3.3,3.2,3.2,10371,0
20110420,3.2,3.3,3.2,3.3,22692,0
20110421,3.2,3.3,3.2,3.3,5124,0
20110426,3.3,3.3,3.1,3.3,10139,0
20110427,3.3,3.3,3.1,3.2,10627,0
20110428,3.3,3.3,3.2,3.2,3046,0
20110429,3.2,3.2,3.2,3.2,1170,0
20110502,3.3,3.6,3.3,3.6,182667,0
20110504,3.7,3.9,3.6,3.7,142981,0
20110505,3.6,3.7,3.4,3.6,45396,0
20110506,3.5,3.6,3.5,3.6,7542,0
20110509,3.6,3.7,3.5,3.6,15931,0
20110510,3.6,3.6,3.4,3.4,30976,0
20110511,3.5,3.5,3.4,3.5,4365,0
20110512,3.4,3.5,3.3,3.5,4565,0
20110513,3.4,3.5,3.3,3.5,4250,0
20110516,3.3,3.4,3.2,3.3,34303,0
20110517,3.2,3.3,3.1,3.1,20814,0
20110518,3.2,3.2,3.1,3.2,16283,0
20110519,3.2,3.3,3.2,3.3,4021,0
20110520,3.3,3.3,3.1,3.3,5293,0
20110523,3.2,3.3,3.2,3.3,11899,0
20110524,3.3,3.4,3.2,3.3,5400,0
20110525,3.2,3.3,3.1,3.2,13529,0
20110526,3.2,3.2,3.2,3.2,2105,0
20110527,3.2,3.3,3.2,3.3,1500,0
20110530,3.2,3.4,3.2,3.4,21496,0
20110531,3.5,3.7,3.4,3.5,92580,0
20110601,3.5,3.5,3.4,3.4,36491,0
20110602,3.4,3.6,3.4,3.6,11620,0
20110603,3.5,3.5,3.4,3.5,23306,0
20110606,3.4,3.4,3.3,3.4,18984,0
20110607,3.4,3.4,3.4,3.4,2977,0
20110608,3.3,3.4,3.3,3.4,4309,0
20110609,3.3,3.4,3.2,3.4,19404,0
20110610,3.3,3.4,3.3,3.4,7092,0
20110613,3.3,3.4,3.2,3.3,4268,0
20110614,3.2,3.2,3.2,3.2,16696,0
20110615,3.2,3.3,3.2,3.3,9738,0
20110616,3.2,3.3,3.2,3.3,4155,0
20110617,3.2,3.3,3.2,3.3,1515,0
20110620,3.2,3.2,3.1,3.2,10343,0
20110621,3.2,3.3,3.1,3.2,4514,0
20110622,3.1,3.2,3.1,3.2,588,0
20110624,3.1,3.1,3.1,3.1,200,0
20110627,3.1,3.1,2.9,3,26153,0
20110628,3,3,3,3,1990,0
20110629,3,3.1,2.9,3.1,6437,0
20110630,3,3,3,3,7963,0
20110701,2.9,3,2.9,3,14235,0
20110704,3,3.1,2.9,3,4034,0
20110705,2.9,3,2.9,3,3790,0
20110706,2.9,2.9,2.8,2.9,28622,0
20110707,2.8,2.9,2.7,2.9,20242,0
20110708,2.8,2.9,2.8,2.9,7475,0
20110711,2.8,2.9,2.7,2.9,1390,0
20110712,2.8,2.9,2.7,2.9,9295,0
20110713,2.8,2.8,2.8,2.8,500,0
20110714,2.8,2.9,2.8,2.9,1117,0
20110715,2.8,2.9,2.8,2.9,207,0
20110718,2.9,2.9,2.9,2.9,250,0
20110719,2.8,2.8,2.6,2.7,14529,0
20110720,2.7,2.8,2.7,2.7,2623,0
20110721,2.7,2.8,2.7,2.8,2377,0
20110722,2.7,2.8,2.7,2.8,6045,0
20110725,2.8,2.8,2.7,2.7,3387,0
20110726,2.8,2.9,2.8,2.9,4576,0
20110727,2.9,2.9,2.7,2.8,5646,0
20110728,2.8,2.9,2.7,2.8,7128,0
20110729,2.8,2.8,2.7,2.8,559,0
20110801,2.7,2.8,2.7,2.8,2013,0
20110802,2.7,2.8,2.7,2.8,1354,0
20110803,2.7,2.8,2.6,2.7,5180,0
20110804,2.5,2.7,2,2.2,38380,0
20110805,2.1,2.2,2,2.1,17873,0
20110808,2,2,1.8,2,12266,0
20110809,1.9,2,1.8,1.9,18389,0
20110810,1.9,2,1.9,1.9,10942,0
20110811,1.9,2,1.9,2,1160,0
20110812,2,2.2,2,2.2,16396,0
20110816,2.1,2.3,2.1,2.3,13532,0
20110817,2.2,2.5,2.2,2.4,17139,0
20110818,2.3,2.3,2.2,2.3,21859,0
20110819,2.1,2.4,2.1,2.4,7487,0
20110822,2.3,2.4,2.3,2.3,2823,0
20110823,2.3,2.3,2.2,2.2,3330,0
20110824,2.1,2.3,2.1,2.2,5564,0
20110825,2.2,2.3,2.2,2.2,7050,0
20110826,2.2,2.2,2.1,2.2,9956,0
20110829,2.2,2.3,2.1,2.2,2442,0
20110830,2.3,2.3,2.2,2.3,2014,0
20110831,2.2,2.3,2.1,2.3,18225,0
20110901,2.3,2.3,2.1,2.1,5755,0
20110902,2.1,2.2,2,2.1,2475,0
20110905,2,2.1,2,2.1,8130,0
20110906,2.1,2.1,2,2.1,13589,0
20110907,2.2,2.2,2.2,2.2,1800,0
20110908,2.1,2.1,2.1,2.1,4255,0
20110909,2,2.2,2,2.2,610,0
20110912,2,2.1,2,2.1,2464,0
20110913,2,2.1,2,2.1,212,0
20110914,2.1,2.1,1.9,2,13239,0
20110915,2,2,1.9,2,7570,0
20110916,2,2,2,2,8,0
20110919,2,2,1.9,2,1321,0
20110920,2,2.1,2,2.1,1001,0
20110921,2.1,2.1,1.9,2.1,5816,0
20110922,1.9,2.1,1.9,2,1766,0
20110923,2,2,1.9,2,5906,0
20110926,1.9,2.1,1.9,2,3100,0
20110927,1.9,2,1.9,2,280,0
20110928,1.9,2.1,1.9,2.1,632,0
20110929,2,2,1.9,2,410,0
20110930,1.9,2.1,1.9,2,11043,0
20111003,2,2.1,2,2.1,443,0
20111004,2,2,1.9,2,6353,0
20111005,2,2,2,2,8110,0
20111006,2,2.1,2,2,880,0
20111007,2,2.1,2,2,1127,0
20111010,2,2.1,2,2.1,2805,0
20111011,2,2.1,2,2.1,3147,0
20111012,2,2.1,2,2.1,8111,0
20111013,2.1,2.1,1.9,2,11229,0
20111014,2,2.1,2,2.1,1271,0
20111017,2.1,2.1,2,2.1,1115,0
20111018,2,2.1,2,2.1,510,0
20111019,2.1,2.1,2,2,738,0
20111020,2,2.1,1.9,2.1,3404,0
20111021,1.9,2,1.9,2,2595,0
20111024,2,2.1,2,2.1,5928,0
20111025,2,2,2,2,6699,0
20111026,2,2,1.9,2,9505,0
20111027,2,2,2,2,1053,0
20111028,2,2,2,2,10,0
20111031,2,2,2,2,2000,0
20111102,1.9,2,1.9,2,6470,0
20111103,1.9,2,1.9,2,7985,0
20111104,2,2.4,2,2.2,150482,0
20111107,2.1,2.2,2,2,86834,0
20111108,2.1,2.2,2,2.2,23957,0
20111109,2.2,2.2,2,2,12226,0
20111110,2,2,1.9,2,16357,0
20111114,2.1,2.1,2,2.1,4444,0
20111115,2,2.1,1.9,2.1,7760,0
20111116,2,2.1,2,2.1,4750,0
20111117,2,2.1,2,2.1,2010,0
20111118,2,2.1,2,2.1,3900,0
20111121,2,2,1.9,1.9,4654,0
20111122,2,2,1.9,2,1358,0
20111123,1.9,2,1.9,2,5112,0
20111124,1.9,1.9,1.9,1.9,6020,0
20111125,1.9,2,1.9,2,5956,0
20111128,2,2,1.9,2,2548,0
20111129,2,2,1.9,2,65,0
20111130,1.9,2,1.9,2,302,0
20111201,2,2,1.8,2,2063,0
20111202,1.9,2,1.8,2,2176,0
20111206,1.9,2,1.8,2,2925,0
20111207,1.9,2,1.8,1.9,1281,0
20111208,1.8,1.9,1.8,1.8,5538,0
20111209,1.8,1.9,1.7,1.8,9906,0
20111212,1.8,1.9,1.8,1.9,985,0
20111213,1.8,1.8,1.8,1.8,10927,0
20111214,1.7,1.8,1.7,1.8,7410,0
20111215,1.7,1.8,1.7,1.8,7067,0
20111216,1.7,1.8,1.7,1.8,3864,0
20111219,1.7,1.8,1.6,1.6,13264,0
20111220,1.6,1.7,1.6,1.7,850,0
20111221,1.6,1.7,1.6,1.7,14892,0
20111222,1.6,1.7,1.6,1.6,16180,0
20111223,1.6,1.7,1.5,1.6,10749,0
20111227,1.6,1.6,1.5,1.5,15584,0
20111228,1.5,1.7,1.5,1.7,14228,0
20111229,1.6,1.6,1.6,1.6,4400,0
20111230,1.7,1.7,1.6,1.7,2898,0
20120102,1.6,1.8,1.6,1.8,20870,0
20120103,1.7,1.8,1.7,1.8,8385,0
20120104,1.7,1.8,1.7,1.8,1328,0
20120105,1.7,1.8,1.7,1.8,3250,0
20120109,1.7,1.8,1.6,1.8,1278,0
20120110,1.7,1.8,1.7,1.8,2345,0
20120111,1.7,1.8,1.7,1.8,739,0
20120112,1.7,1.7,1.7,1.7,2586,0
20120113,1.7,1.7,1.7,1.7,2396,0
20120116,1.6,1.8,1.6,1.7,469,0
20120117,1.7,1.9,1.7,1.9,31580,0
20120118,1.9,1.9,1.9,1.9,2000,0
20120119,1.9,1.9,1.9,1.9,16066,0
20120120,1.9,2,1.9,1.9,2364,0
20120123,1.9,1.9,1.8,1.9,2148,0
20120124,1.8,1.9,1.8,1.9,14859,0
20120125,1.9,2,1.9,2,5191,0
20120126,2,2.1,1.9,2,68156,0
20120127,1.9,2,1.9,2,3361,0
20120130,1.9,2,1.8,1.9,32253,0
20120131,1.9,1.9,1.8,1.9,3550,0
20120201,1.8,2,1.8,2,18039,0
20120202,2,2,1.9,2,1250,0
20120203,1.9,2,1.9,2,2577,0
20120206,2,2,1.9,1.9,500,0
20120207,1.9,2,1.8,1.8,21301,0
20120208,1.8,2,1.8,2,7882,0
20120209,2,2.1,1.9,1.9,77128,0
20120210,2,2,1.9,2,3680,0
20120213,1.9,1.9,1.9,1.9,8390,0
20120214,1.9,2,1.9,2,1374,0
20120215,1.9,2,1.9,2,4343,0
20120216,1.9,2,1.9,2,10785,0
20120217,2,2.4,2,2.4,410790,0
20120220,2.3,2.4,2.1,2.1,89745,0
20120221,2.2,2.3,2.2,2.2,32824,0
20120222,2.2,2.2,2.1,2.2,8330,0
20120223,2.2,2.2,2.1,2.1,4664,0
20120224,2.1,2.2,2,2,47720,0
20120227,2.1,2.1,2,2.1,6264,0
20120228,2,2.1,2,2.1,5316,0
20120229,2,2.1,2,2.1,5669,0
20120301,2,2.1,2,2,3068,0
20120302,2,2,2,2,8000,0
20120305,2,2,2,2,550,0
20120306,1.9,2.1,1.9,2,1361,0
20120307,2,2.1,1.9,2.1,2505,0
20120308,1.9,2.1,1.9,2.1,16,0
20120309,2.1,2.1,1.9,2.1,5210,0
20120312,2,2.1,1.9,2.1,1020,0
20120313,2,2.1,2,2.1,1708,0
20120314,2,2.1,2,2.1,561,0
20120315,1.9,2,1.8,1.9,81833,0
20120316,1.9,2,1.9,1.9,6972,0
20120319,1.9,2,1.9,1.9,7629,0
20120320,1.9,1.9,1.9,1.9,550,0
20120321,1.9,1.9,1.8,1.8,6729,0
20120322,1.8,1.9,1.8,1.9,3464,0
20120323,1.9,1.9,1.8,1.9,4217,0
20120326,1.9,2,1.8,1.8,10570,0
20120327,1.9,1.9,1.9,1.9,4000,0
20120328,1.8,2,1.8,2,70,0
20120329,1.9,1.9,1.8,1.9,351,0
20120330,1.8,1.9,1.8,1.9,215,0
20120403,1.8,1.9,1.8,1.9,60,0
20120404,1.8,1.9,1.8,1.9,6207,0
20120410,1.7,1.9,1.7,1.9,2019,0
20120411,1.7,1.8,1.7,1.8,9342,0
20120412,1.8,1.9,1.8,1.9,7894,0
20120413,1.9,1.9,1.8,1.9,781,0
20120416,1.8,1.9,1.8,1.9,2440,0
20120417,1.8,1.9,1.8,1.9,2173,0
20120418,1.8,1.8,1.8,1.8,3504,0
20120419,1.8,1.8,1.7,1.7,2350,0
20120420,1.8,1.8,1.7,1.7,977,0
20120423,1.7,1.7,1.7,1.7,3929,0
20120424,1.6,1.7,1.6,1.7,2230,0
20120425,1.7,1.7,1.6,1.6,4823,0
20120426,1.7,1.8,1.7,1.8,4448,0
20120427,1.8,1.8,1.7,1.7,5656,0
20120502,1.8,1.8,1.7,1.7,901,0
20120504,1.8,1.8,1.8,1.8,2240,0
20120510,1.8,1.8,1.7,1.7,304,0
20120511,1.7,1.8,1.7,1.8,3412,0
20120514,1.7,1.7,1.7,1.7,542,0
20120515,1.7,1.7,1.7,1.7,600,0
20120516,1.7,1.7,1.6,1.7,336,0
20120517,1.6,1.6,1.5,1.6,15065,0
20120518,1.6,1.6,1.5,1.5,4274,0
20120521,1.5,1.6,1.5,1.6,5253,0
20120522,1.5,1.6,1.5,1.6,660,0
20120524,1.5,1.5,1.4,1.4,10646,0
20120528,1.4,1.4,1.3,1.4,13579,0
20120529,1.4,1.4,1.3,1.3,3085,0
20120530,1.4,1.4,1.4,1.4,1546,0
20120531,1.4,1.5,1.4,1.4,5343,0
20120601,1.4,1.5,1.4,1.5,3104,0
20120604,1.4,1.4,1.4,1.4,344,0
20120605,1.4,1.4,1.3,1.3,4182,0
20120606,1.3,1.4,1.3,1.4,6293,0
20120608,1.4,1.4,1.3,1.3,6309,0
20120611,1.4,1.5,1.4,1.5,8229,0
20120612,1.5,1.5,1.4,1.4,2060,0
20120613,1.4,1.5,1.4,1.5,1060,0
20120614,1.4,1.4,1.4,1.4,4155,0
20120615,1.3,1.4,1.3,1.4,6904,0
20120618,1.3,1.4,1.3,1.4,1400,0
20120619,1.5,1.5,1.4,1.4,1210,0
20120620,1.4,1.4,1.3,1.4,1180,0
20120621,1.5,1.5,1.3,1.5,580,0
20120625,1.5,1.5,1.5,1.5,80,0
20120626,1.4,1.5,1.4,1.5,1242,0
20120627,1.3,1.3,1.3,1.3,1000,0
20120628,1.4,1.4,1.4,1.4,31,0
20120629,1.4,1.4,1.4,1.4,358,0
20120702,1.2,1.2,1.2,1.2,2000,0
20120703,1.2,1.2,1.2,1.2,5488,0
20120704,1.3,1.3,1.3,1.3,725,0
20120705,1.2,1.3,1.2,1.3,3075,0
20120710,1.2,1.2,1.2,1.2,400,0
20120711,1.2,1.3,1.2,1.3,410,0
20120712,1.2,1.2,1.2,1.2,4323,0
20120713,1.2,1.3,1.2,1.3,2510,0
20120717,1.3,1.3,1.3,1.3,500,0
20120718,1.3,1.3,1.3,1.3,1000,0
20120719,1.3,1.3,1.3,1.3,708,0
20120720,1.3,1.4,1.3,1.4,4487,0
20120723,1.4,1.4,1.4,1.4,216,0
20120725,1.4,1.4,1.4,1.4,655,0
20120730,1.2,1.2,1.2,1.2,200,0
20120731,1.2,1.2,1.2,1.2,105,0
20120801,1.2,1.2,1.2,1.2,799,0
20120802,1.2,1.2,1.2,1.2,2000,0
20120803,1.2,1.4,1.2,1.4,4394,0
20120806,1.3,1.3,1.2,1.2,8060,0
20120807,1.2,1.2,1.1,1.1,8390,0
20120808,1.2,1.2,1.2,1.2,2105,0
20120809,1.1,1.1,1.1,1.1,18435,0
20120810,1.2,1.2,1.1,1.1,390,0
20120813,1.1,1.2,1.1,1.2,107,0
20120814,1.2,1.2,1.1,1.1,516,0
20120816,1.1,1.1,1.1,1.1,525,0
20120817,1.1,1.2,1.1,1.2,331,0
20120820,1.1,1.1,1.1,1.1,1062,0
20120821,1.2,1.2,1.1,1.1,1510,0
20120822,1.1,1.1,1.1,1.1,458,0
20120823,1,1,1,1,1000,0
20120824,1.1,1.1,1.1,1.1,250,0
20120828,1,1,1,1,4451,0
20120829,1,1,1,1,1000,0
20120830,1,1,1,1,3809,0
20120831,1,1,1,1,522,0
20120903,1,1,1,1,3680,0
20120904,1,1,0.9,0.9,3281,0
20120905,0.9,0.9,0.8,0.8,2030,0
20120906,0.9,0.9,0.9,0.9,21,0
20120907,0.9,1,0.9,1,1327,0
20120910,0.9,0.9,0.9,0.9,2950,0
20120911,0.9,0.9,0.9,0.9,1000,0
20120912,0.9,0.9,0.9,0.9,2100,0
20120913,0.9,0.9,0.8,0.8,700,0
20120914,0.8,0.9,0.8,0.9,4360,0
20120917,0.9,0.9,0.9,0.9,1020,0
20120918,0.9,0.9,0.9,0.9,1223,0
20120919,0.9,0.9,0.9,0.9,224,0
20120920,0.9,1,0.9,1,110,0
20120921,0.9,0.9,0.9,0.9,40034,0
20120924,1,1,1,1,15,0
20120925,0.9,0.9,0.9,0.9,200,0
20120926,1,1,1,1,18983,0
20120927,1,1,1,1,3650,0
20120928,1.1,1.1,1.1,1.1,10,0
20121001,1,1,1,1,3394,0
20121002,1,1.1,1,1.1,2416,0
20121005,1.1,1.1,1.1,1.1,1000,0
20121008,1,1,1,1,911,0
20121009,1.1,1.1,1.1,1.1,4454,0
20121010,1.1,1.1,1.1,1.1,546,0
20121012,1.1,1.2,1.1,1.2,3052,0
20121015,1.1,1.2,1.1,1.2,5564,0
20121016,1.1,1.1,1.1,1.1,2360,0
20121017,1.1,1.1,1.1,1.1,5500,0
20121022,1,1,1,1,13222,0
20121023,0.9,1,0.9,1,35,0
20121024,0.9,0.9,0.9,0.9,365,0
20121025,1,1,1,1,2665,0
20121026,0.9,1,0.9,1,3800,0
20121029,1,1,1,1,500,0
20121030,1,1,1,1,840,0
20121102,1,1,1,1,200,0
20121105,1,1,1,1,3750,0
20121106,1,1,1,1,750,0
20121107,1,1,1,1,500,0
20121108,0.9,0.9,0.9,0.9,283,0
20121109,0.9,1,0.9,1,18670,0
20121112,1,1,1,1,3225,0
20121113,1,1,1,1,1927,0
20121114,0.9,1,0.9,1,316,0
20121115,0.9,0.9,0.9,0.9,750,0
20121116,1,1,1,1,2271,0
20121119,1,1,0.9,0.9,14598,0
20121120,0.9,0.9,0.8,0.8,3538,0
20121121,0.9,0.9,0.9,0.9,4076,0
20121122,0.9,0.9,0.9,0.9,3943,0
20121123,0.9,0.9,0.9,0.9,1695,0
20121126,0.9,0.9,0.9,0.9,151,0
20121127,0.9,0.9,0.9,0.9,3430,0
20121128,0.9,0.9,0.9,0.9,3145,0
20121129,0.9,1,0.9,1,4775,0
20121130,0.9,0.9,0.9,0.9,3418,0
20121203,0.9,0.9,0.9,0.9,1800,0
20121204,0.8,0.9,0.8,0.9,218,0
20121205,0.8,0.8,0.8,0.8,612,0
20121206,0.8,0.9,0.8,0.9,2762,0
20121207,0.9,0.9,0.9,0.9,1079,0
20121210,0.8,0.8,0.8,0.8,2153,0
20121211,0.8,0.8,0.8,0.8,7463,0
20121212,0.8,0.9,0.8,0.9,8207,0
20121213,0.8,0.8,0.8,0.8,13625,0
20121214,0.8,0.8,0.8,0.8,8973,0
20121217,0.9,0.9,0.8,0.8,800,0
20121218,0.8,0.8,0.8,0.8,1261,0
20121219,0.8,0.8,0.8,0.8,4431,0
20121220,0.8,0.8,0.8,0.8,3182,0
20121221,0.8,0.9,0.8,0.9,2199,0
20121228,0.8,0.8,0.8,0.8,289,0
20130102,0.9,0.9,0.9,0.9,1699,0
20130103,0.9,0.9,0.9,0.9,627,0
20130104,0.9,0.9,0.9,0.9,17192,0
20130107,0.9,0.9,0.9,0.9,1963,0
20130108,0.9,0.9,0.9,0.9,740,0
20130109,0.9,0.9,0.9,0.9,2660,0
20130110,1,1,1,1,2038,0
20130111,1,1,1,1,4590,0
20130114,1,1,1,1,396,0
20130117,0.9,1,0.9,1,8526,0
20130118,0.9,1,0.9,1,5423,0
20130121,0.9,0.9,0.9,0.9,30,0
20130122,0.9,0.9,0.9,0.9,12335,0
20130123,0.9,0.9,0.9,0.9,800,0
20130124,0.9,0.9,0.9,0.9,619,0
20130125,0.9,0.9,0.9,0.9,1068,0
20130128,0.9,0.9,0.9,0.9,5112,0
20130129,0.9,0.9,0.9,0.9,1570,0
20130201,0.9,0.9,0.8,0.8,3564,0
20130204,0.9,0.9,0.9,0.9,10,0
20130205,0.9,0.9,0.9,0.9,2600,0
20130206,0.8,0.8,0.8,0.8,534,0
20130213,0.9,0.9,0.9,0.9,970,0
20130214,0.9,0.9,0.9,0.9,1000,0
20130215,0.9,0.9,0.9,0.9,2552,0
20130219,0.9,0.9,0.9,0.9,1777,0
20130220,1,1,1,1,70,0
20130221,0.9,0.9,0.9,0.9,60,0
20130222,1,1,1,1,297,0
20130227,0.9,0.9,0.9,0.9,8283,0
20130228,0.9,0.9,0.9,0.9,1097,0
20130301,0.9,0.9,0.9,0.9,1772,0
20130304,0.9,0.9,0.9,0.9,1000,0
20130305,0.9,0.9,0.9,0.9,1100,0
20130307,0.9,0.9,0.9,0.9,50,0
20130308,0.9,0.9,0.9,0.9,1250,0
20130311,0.9,0.9,0.8,0.8,5150,0
20130312,0.8,0.8,0.8,0.8,45,0
20130313,0.9,0.9,0.9,0.9,42,0
20130314,0.9,0.9,0.9,0.9,4950,0
20130315,0.9,0.9,0.9,0.9,1600,0
20130325,0.8,0.8,0.8,0.8,1000,0
20130327,0.9,0.9,0.9,0.9,1000,0
20130328,0.8,0.9,0.8,0.9,1190,0
20130403,0.8,0.8,0.8,0.8,13130,0
20130404,0.8,0.8,0.8,0.8,3559,0
20130405,0.7,0.8,0.7,0.8,7909,0
20130408,0.8,0.8,0.8,0.8,1000,0
20130410,0.8,0.8,0.7,0.7,865,0
20130411,0.8,0.8,0.8,0.8,30,0
20130412,0.7,0.7,0.7,0.7,1750,0
20130415,0.8,0.8,0.8,0.8,2463,0
20130417,0.8,0.8,0.7,0.7,7464,0
20130418,0.7,0.8,0.7,0.8,633,0
20130422,0.8,0.8,0.8,0.8,1000,0
20130423,0.8,0.8,0.8,0.8,2000,0
20130424,0.7,0.7,0.7,0.7,115,0
20130425,0.7,0.7,0.7,0.7,370,0
20130426,0.7,0.8,0.7,0.8,1003,0
20130430,0.8,0.8,0.8,0.8,1000,0
20130502,0.7,0.7,0.7,0.7,200,0
20130506,0.7,0.7,0.7,0.7,1155,0
20130507,0.7,0.7,0.7,0.7,588,0
20130508,0.7,0.7,0.7,0.7,959,0
20130509,0.8,0.8,0.8,0.8,5,0
20130510,0.7,0.7,0.7,0.7,500,0
20130513,0.7,0.7,0.7,0.7,481,0
20130514,0.8,0.8,0.8,0.8,250,0
20130515,0.7,0.7,0.7,0.7,338,0
20130516,0.8,0.8,0.8,0.8,67,0
20130520,0.7,0.7,0.7,0.7,49,0
20130521,0.8,0.8,0.7,0.7,325,0
20130523,0.8,0.8,0.7,0.7,165,0
20130524,0.7,0.7,0.7,0.7,0,0
20130528,0.7,0.7,0.7,0.7,200,0
20130529,0.7,0.7,0.7,0.7,94,0
20130531,0.7,0.7,0.7,0.7,1131,0
20130604,0.7,0.8,0.7,0.8,2366,0
20130605,0.8,0.8,0.8,0.8,10196,0
20130606,0.8,0.8,0.8,0.8,8723,0
20130607,0.9,0.9,0.9,0.9,10,0
20130610,0.9,0.9,0.9,0.9,200,0
20130611,0.8,0.8,0.8,0.8,13,0
20130612,0.9,0.9,0.9,0.9,10,0
20130613,0.9,0.9,0.8,0.8,2413,0
20130614,0.9,0.9,0.9,0.9,1100,0
20130617,0.8,0.9,0.8,0.9,3180,0
20130618,0.9,0.9,0.9,0.9,1100,0
20130619,0.8,0.9,0.8,0.9,17144,0
20130620,1,1,0.9,0.9,7082,0
20130621,0.8,0.8,0.8,0.8,50,0
20130624,0.8,1,0.8,1,330,0
20130625,1,1,1,1,1000,0
20130628,0.9,0.9,0.9,0.9,967,0
20130701,1,1,1,1,1300,0
20130704,0.9,0.9,0.9,0.9,1288,0
20130705,0.9,1,0.9,1,22,0
20130708,1,1,1,1,500,0
20130709,1,1,1,1,1000,0
20130710,0.9,1,0.9,1,210,0
20130711,1,1,1,1,45,0
20130715,1,1,1,1,145,0
20130717,1,1,0.9,0.9,1400,0
20130718,1,1,1,1,10,0
20130724,0.9,1,0.9,1,1560,0
20130725,1,1,1,1,100,0
20130730,0.9,0.9,0.9,0.9,15,0
20130731,1,1,1,1,10,0
20130802,0.9,1,0.9,1,735,0
20130809,1,1,1,1,52,0
20130812,0.9,0.9,0.9,0.9,150,0
20130813,0.9,0.9,0.9,0.9,36,0
20130814,1,1,1,1,50,0
20130819,1,1,1,1,1400,0
20130820,1,1,1,1,300,0
20130821,0.9,1,0.9,1,2504,0
20130822,0.9,0.9,0.9,0.9,50,0
20130823,0.9,0.9,0.9,0.9,1168,0
20130826,0.9,0.9,0.9,0.9,0,0
20130830,0.9,0.9,0.9,0.9,529,0
20130902,0.9,0.9,0.9,0.9,8100,0
20130903,1,1,1,1,258,0
20130904,0.9,0.9,0.9,0.9,16722,0
20130905,0.9,0.9,0.9,0.9,9230,0
20130906,0.9,0.9,0.9,0.9,1100,0
20130909,0.9,0.9,0.9,0.9,4000,0
20130910,0.9,0.9,0.9,0.9,7276,0
20130911,0.9,0.9,0.9,0.9,1934,0
20130912,0.9,0.9,0.9,0.9,700,0
20130917,1,1,1,1,4025,0
20130919,0.9,0.9,0.9,0.9,3313,0
20130920,0.9,0.9,0.9,0.9,200,0
20130924,1,1,0.9,0.9,1461,0
20130925,0.9,0.9,0.9,0.9,7972,0
20130926,0.9,0.9,0.9,0.9,1700,0
20130927,0.9,0.9,0.9,0.9,2956,0
20130930,0.9,0.9,0.9,0.9,623,0
20131001,0.9,0.9,0.9,0.9,1213,0
20131003,0.9,0.9,0.9,0.9,2423,0
20131004,1,1,1,1,10,0
20131007,0.9,0.9,0.9,0.9,4796,0
20131008,0.9,0.9,0.9,0.9,3050,0
20131011,0.9,0.9,0.9,0.9,375,0
20131015,0.9,0.9,0.9,0.9,200,0
20131017,0.9,0.9,0.9,0.9,500,0
20131018,0.9,0.9,0.9,0.9,6857,0
20131021,0.9,0.9,0.9,0.9,1680,0
20131022,0.9,0.9,0.9,0.9,200,0
20131023,0.9,1,0.9,1,700,0
20131024,0.9,0.9,0.9,0.9,3000,0
20131025,1,1,1,1,100,0
20131028,1,1,1,1,250,0
20131029,0.9,0.9,0.9,0.9,560,0
20131030,0.9,0.9,0.9,0.9,540,0
20131104,1,1.1,1,1.1,25764,0
20131105,1.1,1.2,1.1,1.2,6971,0
20131106,1.1,1.2,1.1,1.2,1180,0
20131107,1.2,1.2,1.2,1.2,1478,0
20131108,1.2,1.2,1.2,1.2,11678,0
20131112,1.2,1.3,1.2,1.3,8852,0
20131113,1.3,1.4,1.3,1.4,5332,0
20131114,1.3,1.4,1.3,1.4,2600,0
20131115,1.3,1.3,1.2,1.2,10433,0
20131118,1.3,1.3,1.2,1.2,2035,0
20131119,1.2,1.2,1.2,1.2,12350,0
20131120,1.2,1.2,1.1,1.1,398,0
20131121,1.1,1.2,1.1,1.2,955,0
20131122,1.3,1.3,1.3,1.3,10,0
20131126,1.2,1.2,1.2,1.2,7083,0
20131127,1.1,1.1,1.1,1.1,496,0
20131129,1.1,1.1,1.1,1.1,530,0
20131202,1.1,1.2,1.1,1.2,1904,0
20131203,1.2,1.2,1.2,1.2,1262,0
20131204,1.3,1.3,1.1,1.1,324,0
20131205,1.1,1.1,1.1,1.1,5937,0
20131209,1.1,1.2,1.1,1.2,10549,0
20131210,1.1,1.1,1.1,1.1,318,0
20131211,1.1,1.1,1.1,1.1,70,0
20131212,1.2,1.2,1.2,1.2,1002,0
20131213,1.2,1.2,1.2,1.2,5,0
20131216,1.1,1.1,1.1,1.1,3877,0
20131217,1.1,1.1,1.1,1.1,1575,0
20131218,1.1,1.1,1.1,1.1,1457,0
20131219,1.2,1.2,1,1,1969,0
20131220,1,1,1,1,2909,0
20131223,1,1.1,1,1.1,2713,0
20131227,1.2,1.2,1.2,1.2,4207,0
20140102,1.2,1.2,1.2,1.2,598,0
20140107,1.1,1.1,1.1,1.1,166,0
20140110,1.1,1.1,1.1,1.1,60,0
20140113,1.2,1.2,1.2,1.2,100,0
20140114,1.2,1.2,1.2,1.2,1500,0
20140115,1.2,1.2,1.2,1.2,620,0
20140116,1.1,1.1,1.1,1.1,2170,0
20140121,1.1,1.1,1.1,1.1,200,0
20140122,1.1,1.1,1.1,1.1,1068,0
20140123,1.2,1.2,1.2,1.2,8839,0
20140124,1.2,1.2,1.2,1.2,14,0
20140127,1.2,1.2,1.2,1.2,504,0
20140213,1.66,1.66,1.66,1.66,67952,0
20140214,1.59,1.59,1.52,1.52,26866,0
20140217,1.41,1.41,1.4,1.4,39626,0
20140218,1.39,1.4,1.39,1.4,12363,0
20140219,1.4,1.4,1.38,1.38,3132,0
20140220,1.35,1.37,1.35,1.37,2204,0
20140221,1.3,1.35,1.3,1.35,3007,0
20140224,1.3,1.3,1.3,1.3,5435,0
20140225,1.26,1.26,1.26,1.26,5008,0
20140226,1.22,1.22,1.18,1.18,4742,0
20140227,1.15,1.15,1.15,1.15,5214,0
20140228,1.15,1.15,1.1,1.1,6790,0
20140303,1.06,1.06,1.06,1.06,5283,0
20140304,1.06,1.1,1.06,1.1,1704,0
20140305,1.1,1.1,1.1,1.1,1000,0
20140306,1.09,1.09,1.03,1.03,13496,0
20140307,0.99,0.99,0.93,0.93,10120,0
20140310,0.93,1.05,0.93,1.05,1270,0
20140311,1.03,1.03,1.03,1.03,68,0
20140312,0.86,0.86,0.86,0.86,3924,0
20140313,0.89,0.89,0.89,0.89,1291,0
20140314,0.97,0.97,0.97,0.97,650,0
20140317,1.06,1.09,1.06,1.09,9290,0
20140318,1.09,1.09,1.09,1.09,202,0
20140319,1.09,1.1,1.09,1.1,1200,0
20140320,1,1,1,1,100,0
20140321,1.1,1.16,1.1,1.16,6685,0
20140327,1.05,1.05,1,1,10888,0
20140328,1,1.05,1,1.05,2681,0
20140331,1,1,1,1,3000,0
20140401,0.99,0.99,0.99,0.99,800,0
20140402,1,1,1,1,10,0
20140403,1,1,1,1,700,0
20140404,0.93,0.93,0.93,0.93,2059,0
20140407,0.94,0.96,0.94,0.96,1590,0
20140408,0.99,0.99,0.99,0.99,200,0
20140409,1,1,1,1,790,0
20140414,1.03,1.03,1.03,1.03,1110,0
20140415,1.05,1.1,1.05,1.1,2025,0
20140417,1.05,1.05,1.05,1.05,200,0
20140422,1.1,1.1,1.1,1.1,3014,0
20140423,1.1,1.1,1.1,1.1,1293,0
20140424,1.07,1.14,1.07,1.14,931,0
20140428,1.15,1.16,1.15,1.16,2790,0
20140429,1.16,1.16,1.16,1.16,112,0
20140502,1.07,1.17,1.07,1.17,1408,0
20140505,1.08,1.13,1.08,1.13,2020,0
20140506,1.07,1.07,1.07,1.07,6289,0
20140507,1.03,1.03,1.03,1.03,942,0
20140508,1,1.01,1,1.01,2547,0
20140509,1.01,1.07,1.01,1.07,530,0
20140512,1.01,1.01,1.01,1.01,967,0
20140513,1.01,1.01,1.01,1.01,10,0
20140515,1.02,1.02,1.02,1.02,277,0
20140516,1.01,1.01,1.01,1.01,1300,0
20140519,1.01,1.01,1.01,1.01,1240,0
20140520,1,1,1,1,88,0
20140521,1,1,1,1,4674,0
20140522,1,1,1,1,1408,0
20140523,1.02,1.09,1.02,1.09,4348,0
20140526,1.01,1.01,1.01,1.01,1468,0
20140527,1.02,1.02,1.02,1.02,4020,0
20140528,1.02,1.02,1.02,1.02,382,0
20140530,1,1,1,1,830,0
20140602,1,1,0.98,0.98,2066,0
20140603,0.99,0.99,0.98,0.98,1160,0
20140604,0.98,0.98,0.98,0.98,211,0
20140605,1.02,1.02,1.02,1.02,30,0
20140609,1,1,1,1,1638,0
20140611,1,1,1,1,487,0
20140612,0.99,1,0.99,1,1201,0
20140613,1,1,1,1,743,0
