Date,Open,High,Low,Close,Volume,OpenInt
20060620,11.1,12.45,11.1,12.1,1121980,0
20060621,12.45,12.85,12,12.35,218268,0
20060622,12.3,12.35,12,12,44292,0
20060623,11.8,12,11.8,12,19490,0
20060626,12,12.25,11.8,12.25,4465,0
20060627,11.55,12.5,11.55,12.5,13421,0
20060628,11.5,12.3,11.5,12.3,2125,0
20060629,11.9,12.5,11.9,12.3,73844,0
20060630,12.7,12.7,12.25,12.65,8004,0
20060703,12.65,12.7,12.3,12.7,11389,0
20060704,12.7,13,12.55,12.65,5295,0
20060705,12.5,13.2,12.5,13.05,186307,0
20060706,13,13.1,12.8,13.1,7848,0
20060707,12.9,13.1,12.9,13.1,146,0
20060710,13,13.1,13,13.1,19663,0
20060711,13,13.1,13,13.05,1443,0
20060712,13,13.05,13,13.05,10246,0
20060713,13,13,13,13,9667,0
20060714,13,13.1,13,13,1718,0
20060718,12.9,13.05,12.9,13,898,0
20060719,12.9,12.9,12.9,12.9,30,0
20060720,13.05,13.05,13,13,5674,0
20060721,12.9,12.9,12.85,12.85,500,0
20060724,12.85,13.05,12.3,13.05,6330,0
20060725,13.2,14,13.2,13.7,9292,0
20060726,13.7,15.4,13.7,15.2,47051,0
20060727,14.9,15,13.8,14.8,22677,0
20060728,15.2,15.2,14.4,14.9,7541,0
20060731,14.4,15,14.35,15,760,0
20060801,14.5,14.5,14,14,7741,0
20060802,14.1,14.1,13.55,14,6626,0
20060803,14.3,14.3,13.2,13.5,5328,0
20060804,13.2,13.5,13.1,13.5,3953,0
20060807,14.1,14.1,13.6,13.6,3427,0
20060808,14.7,14.7,13.65,13.95,2721,0
20060809,13.65,13.9,13.35,13.9,5167,0
20060810,13.9,13.9,13.6,13.85,1449,0
20060811,13.55,14,13.55,14,1034,0
20060814,13.75,13.75,13.5,13.75,2920,0
20060816,13.95,14,13.75,13.8,7319,0
20060817,14.1,14.35,13.8,13.8,48017,0
20060818,13.5,13.8,13.5,13.5,101459,0
20060821,13.5,13.95,13.5,13.95,59829,0
20060822,13.95,13.95,13.9,13.9,586,0
20060823,13.9,13.95,13.9,13.95,44150,0
20060824,13.7,13.7,13.7,13.7,140,0
20060825,13.7,13.9,13.7,13.8,3833,0
20060828,13.7,13.7,13.7,13.7,1912,0
20060829,13.7,13.8,13.7,13.8,2634,0
20060830,13.8,13.8,13.8,13.8,2053,0
20060831,13.85,14.05,13.85,13.9,10724,0
20060901,13.9,13.9,13.65,13.9,233,0
20060904,13.9,14,13.9,14,8190,0
20060905,13.8,14,13.75,13.9,12595,0
20060906,13.9,14,13.9,14,52951,0
20060907,14,14.15,14,14.1,2692,0
20060908,14.15,14.15,13.62,13.62,53428,0
20060911,13.9,14.1,13.63,14.1,2860,0
20060912,14.1,14.1,14,14,2001,0
20060913,14.15,14.15,14.1,14.13,1650,0
20060914,14.15,14.4,14.15,14.15,2600,0
20060915,14.15,14.4,14.15,14.4,3563,0
20060918,14.3,14.3,14.3,14.3,350,0
20060919,14.11,15.68,14,14.69,322801,0
20060920,15.67,15.68,14.52,14.99,8939,0
20060921,14.7,15.1,14.7,15.1,9952,0
20060922,14.79,15.4,14.4,15.4,5923,0
20060925,15.5,16.44,15.1,15.12,11158,0
20060926,15.39,15.4,15,15.39,12986,0
20060927,15.99,15.99,15.01,15.4,10520,0
20060928,15.71,16.1,15.35,15.4,12778,0
20060929,15.71,16.01,15.1,15.79,12008,0
20061002,15.5,15.5,15.2,15.2,5209,0
20061003,15.45,15.74,15.3,15.49,10002,0
20061004,15.49,15.49,15.35,15.46,376,0
20061005,15.5,15.8,15.5,15.55,7925,0
20061006,15.8,15.95,15.6,15.6,17247,0
20061009,15.85,16.17,15.5,15.5,16310,0
20061010,15.55,15.87,15.55,15.55,7391,0
20061011,15.87,15.87,15.55,15.85,5679,0
20061012,16,16,15.7,16,31114,0
20061013,15.86,16.45,15.86,16.35,145541,0
20061016,16.51,17.2,16.51,17.2,11034,0
20061017,17.2,17.65,17.2,17.65,27053,0
20061018,17.85,17.85,17.3,17.69,6974,0
20061019,17.86,17.86,17.44,17.75,4414,0
20061020,17.8,17.86,17.75,17.8,4874,0
20061023,17.5,17.86,17.3,17.8,9717,0
20061024,17.81,17.81,17.8,17.8,1135,0
20061025,17.86,18.24,17.3,17.8,29015,0
20061026,18,18,17.6,17.8,5911,0
20061027,17.98,17.98,17.44,17.8,31224,0
20061030,17.8,18,17.8,18,22934,0
20061031,18,19.6,18,18.5,31256,0
20061102,18.5,19.9,18.2,19,11367,0
20061103,19.2,19.2,18.8,19,16278,0
20061106,19.05,19.5,19,19.03,24808,0
20061107,18.85,19.2,18.8,19.2,8344,0
20061108,19.17,19.8,19.17,19.8,6621,0
20061109,19.8,20.99,19.8,20.9,7121,0
20061110,21.32,22,21.11,21.5,22997,0
20061113,21.9,22.6,20.5,21.38,56372,0
20061114,21.1,22.34,21.1,21.3,7727,0
20061115,22.28,22.28,20,20.5,13113,0
20061116,20.91,21,20.5,21,2333,0
20061117,21.1,21.45,21.1,21.45,2508,0
20061120,21.5,21.5,21,21.39,38879,0
20061121,21.35,21.6,20.96,21.22,312672,0
20061122,21.1,22.21,21.1,22.21,9922,0
20061123,22.21,23.8,22,23,27743,0
20061124,23.46,23.46,22.8,23,6811,0
20061127,23.46,23.98,23.45,23.85,33973,0
20061128,24,24.62,23.2,23.91,7422,0
20061129,24.2,29,24.03,25.49,16760,0
20061130,27,27,26.02,26.4,72005,0
20061201,26.5,26.5,26,26.45,59082,0
20061204,26.7,27,26.4,26.7,45247,0
20061205,27,27,26.41,26.6,31269,0
20061206,27,27,24.4,26.2,57639,0
20061207,25.67,26,24.5,25.8,8079,0
20061208,25.95,27,25.6,26.5,33594,0
20061211,27.11,29,27.11,27.95,49548,0
20061212,28.51,28.51,27.12,27.24,42011,0
20061213,27.78,27.78,27.11,27.3,6760,0
20061214,27.74,27.74,25.75,26.16,6211,0
20061215,25.63,25.99,22.5,25.98,36051,0
20061218,26.15,26.15,24.5,24.5,4504,0
20061219,24.75,24.99,23.75,23.75,8483,0
20061220,23.01,23.69,22.2,23.5,14742,0
20061221,23.03,23.45,22.01,22.7,3612,0
20061222,22.6,22.7,22.36,22.7,11470,0
20061227,23.16,23.7,23,23.49,2837,0
20061228,23.74,23.74,22.8,22.8,2618,0
20061229,22.75,23,22.4,22.89,2583,0
20070102,23,23.44,22.54,23,1782,0
20070103,23.2,23.2,22.6,22.6,1969,0
20070104,22.98,22.98,21.9,21.9,6743,0
20070105,21.46,22,20.5,21.28,2925,0
20070108,20.2,21.33,20.2,20.65,3832,0
20070109,20.32,22,20.32,21.2,4965,0
20070110,21.5,21.9,21.02,21.85,4193,0
20070111,22.1,23.4,22.1,23.39,5816,0
20070112,25,25,24.01,24.99,16670,0
20070115,25,25.99,24.5,25.4,27282,0
20070116,25.68,25.68,24.9,24.9,3313,0
20070117,25.3,25.3,24.4,24.4,5396,0
20070118,24,25.1,24,24.5,26502,0
20070119,24.01,24.98,23.8,24,6362,0
20070122,24.44,24.47,22.6,22.91,5647,0
20070123,23.2,24.5,22.9,24.5,22559,0
20070124,24.5,24.98,23.9,24.2,12438,0
20070125,23.75,24.65,23.75,24.1,2791,0
20070126,23.61,24.45,23.5,24.25,37967,0
20070129,24.5,24.65,23.85,23.9,33274,0
20070130,23.9,24,23.5,23.89,1648,0
20070131,23.88,23.88,23.1,23.4,1494,0
20070201,23.4,23.46,23,23.4,2809,0
20070202,23.5,23.5,23.18,23.18,29367,0
20070205,23.65,23.88,22.81,23.1,2101,0
20070206,24,25.81,23.61,25,60335,0
20070207,25.5,25.81,24.5,24.7,10478,0
20070208,24.8,24.8,24,24,12708,0
20070209,23.52,24.45,23.04,24.45,5368,0
20070212,24.45,24.45,24.02,24.19,70175,0
20070213,23.71,24.6,23.65,24.4,27110,0
20070214,24.5,26,24.5,25,7559,0
20070215,25,25.45,24.99,25.3,66386,0
20070216,25.45,25.5,24.95,25,125557,0
20070219,25.9,25.9,25.25,25.25,150128,0
20070220,26.2,26.5,25.25,26.2,10171,0
20070221,26.45,26.7,26,26.4,65854,0
20070222,26.29,26.29,25.5,26.24,3115,0
20070223,26.23,26.23,25.8,26.08,1419,0
20070226,25.9,26.05,24.8,25.7,2963,0
20070227,25.99,26,23.5,23.5,16434,0
20070228,23,23.5,22.5,23.15,7307,0
20070301,23.38,23.84,22.13,22.3,8844,0
20070302,22.3,22.75,21.7,22.1,2950,0
20070305,21.65,21.65,20.56,20.7,5171,0
20070306,21.9,21.9,20.82,21.39,15826,0
20070307,21.5,22.9,21.5,22.3,9067,0
20070308,22.75,23.73,22.75,23.72,20445,0
20070309,24.15,24.15,22.5,23.5,11259,0
20070312,23.9,24,22.15,22.15,3085,0
20070313,22.6,22.6,22.3,22.55,4814,0
20070314,22.54,22.6,22.15,22.5,5243,0
20070315,22.55,23.41,22.45,23.41,10009,0
20070316,23,23.79,22.94,23.41,4724,0
20070319,23.5,23.9,23,23.4,2797,0
20070320,23,23.35,22.6,23.35,2364,0
20070321,23.04,23.5,21.54,23.5,23124,0
20070322,23.97,23.97,22.6,23.97,9285,0
20070323,23.96,23.96,23,23.5,2422,0
20070326,23.44,24,22.9,23.6,8493,0
20070327,23.15,24,23.15,24,19579,0
20070328,24,25.5,23.46,24.99,10580,0
20070329,24.95,24.95,24.05,24.7,1601,0
20070330,24.5,24.5,23.04,23.45,3408,0
20070402,23.45,23.45,22.65,23.33,2116,0
20070403,22.97,23.43,22.6,22.8,7958,0
20070404,22.84,23.06,22.5,22.6,12732,0
20070405,22.6,22.98,22.51,22.6,8275,0
20070410,22.6,23.35,22.6,23.35,7921,0
20070411,23.15,23.41,22.92,23.2,10657,0
20070412,23.54,23.65,22.6,22.61,4882,0
20070413,22.7,22.8,22.52,22.6,8432,0
20070416,22.71,22.8,22.6,22.6,3000,0
20070417,22.63,22.63,21.8,22.02,5070,0
20070418,22.12,22.98,21.8,21.8,9617,0
20070419,21.8,21.8,20.87,21,19476,0
20070420,21,21.5,20.7,20.9,28541,0
20070423,21.52,22.22,20.82,20.9,29572,0
20070424,21.01,21.45,20.88,21.1,12985,0
20070425,21.4,22.1,21.4,21.9,9628,0
20070426,21.99,21.99,21.45,21.45,8136,0
20070427,21.45,21.75,21,21.44,5051,0
20070430,21.45,21.45,21.05,21.34,1774,0
20070502,21.38,21.6,21.34,21.51,4552,0
20070504,21.52,21.94,21.52,21.75,6511,0
20070507,21.91,22.75,21.91,22.74,12990,0
20070508,22.75,23,22.5,22.5,12811,0
20070509,22.7,22.7,21.6,21.65,2967,0
20070510,21.6,21.66,21,21.37,2589,0
20070511,21,21,19.96,21,12835,0
20070514,21.05,21.67,21,21.6,8286,0
20070515,22.19,23.29,21.6,22.67,56120,0
20070516,22.9,23.95,22.7,23.85,31352,0
20070517,24.97,24.97,23.95,24.6,63710,0
20070518,24.05,24.5,23.51,24.5,17133,0
20070521,24.02,24.7,23.6,24.65,17171,0
20070522,24.21,24.64,24.21,24.64,9285,0
20070523,24.65,26.2,24.64,26.16,38866,0
20070524,26.15,26.15,25.46,26,58230,0
20070525,25.48,25.75,25.27,25.75,4262,0
20070528,25.8,25.9,25.5,25.9,8346,0
20070529,25.9,26,25.11,26,24365,0
20070530,26.48,26.48,24.8,25.79,8757,0
20070531,25.3,25.93,25.18,25.93,11577,0
20070601,25.99,26.8,25.67,25.83,9785,0
20070604,25,25.2,24.6,24.6,7046,0
20070605,24.35,24.6,22.33,24.1,10019,0
20070606,24.3,24.6,23.27,23.95,206477,0
20070608,24,25.99,23.95,25.99,57387,0
20070611,26.05,26.2,25.57,25.57,11184,0
20070612,25.58,25.9,25.07,25.1,3969,0
20070613,24.71,26.1,24.65,26,33067,0
20070614,26.3,26.3,25.5,25.51,6996,0
20070615,25.96,26.5,25.96,26,12719,0
20070618,26,26.5,25.5,26.3,7947,0
20070619,26.5,28.5,26.5,27.99,33096,0
20070620,28.2,28.99,27.44,27.5,43487,0
20070621,27.99,28.8,27.09,28.78,41850,0
20070622,28.99,31.67,28.99,31.51,87139,0
20070625,35.2,35.6,32,34.99,141795,0
20070626,33.29,34.99,32.5,33.49,67626,0
20070627,32.82,33.05,31.36,33,92506,0
20070628,33,33.19,31.66,32,39153,0
20070629,32,32,31,31.47,15602,0
20070702,30.4,31.4,29.51,31.4,20934,0
20070703,30.8,32.4,30.8,32.39,11114,0
20070704,32.39,32.39,31.8,32,5283,0
20070705,32.3,32.3,30.8,31.75,14583,0
20070706,31.11,31.7,29.84,31.6,9589,0
20070709,31.1,31.4,30.49,31,27611,0
20070710,30.52,31.3,30,31,15823,0
20070711,30.65,31.15,30,31,15444,0
20070712,31.6,31.6,30.12,31,70639,0
20070713,31,31.31,31,31,9470,0
20070716,31,31.1,29,29.9,19774,0
20070717,29.3,29.3,28.05,28.9,2719,0
20070718,28.5,29.3,28.5,29.27,4012,0
20070719,28.68,30.5,28.5,30.43,1865,0
20070720,29.85,29.9,28.6,29.9,5899,0
20070723,29.3,29.3,28.71,29.25,598,0
20070724,28.66,28.95,27.83,28.6,767,0
20070725,28,28.1,27.01,27.44,5027,0
20070726,27.03,28.6,27,27,5270,0
20070727,26.46,28.25,26.15,28.24,6424,0
20070730,28.4,28.4,27.35,28,1151,0
20070731,28.4,28.97,27.7,28.97,3120,0
20070801,27.5,28,27.5,28,2424,0
20070802,28.49,28.49,27.72,28.48,666,0
20070803,28.85,28.85,27.92,27.92,4408,0
20070806,28.48,28.48,25.21,26.62,1797,0
20070807,26.81,29.3,26.75,28,2977,0
20070808,28.4,29.14,27.13,28,3820,0
20070809,28.44,28.45,26.5,26.5,2301,0
20070810,26.5,26.9,24.5,25.1,15322,0
20070813,25.1,25.25,24.75,25.25,8708,0
20070814,24.74,25,23.5,24,6708,0
20070816,22.9,24,20.7,21.5,9122,0
20070817,20.7,23.6,20.7,23,4248,0
20070820,23.3,24.25,23.05,23.5,6338,0
20070821,23.95,23.95,23.2,23.5,2260,0
20070822,23.85,24.25,23.1,24,32506,0
20070823,24.48,25.08,24,25,9935,0
20070824,24.5,25.79,24.5,25.79,3721,0
20070827,25.79,26.49,25.33,26.49,5214,0
20070828,26.49,26.5,23.86,25.98,2321,0
20070829,25.46,25.9,24,25.9,2895,0
20070830,24.9,26.48,24.9,26.17,15721,0
20070831,25.64,26.6,25.15,26.6,1322,0
20070903,27.09,29,27.09,28.49,7506,0
20070904,28.49,28.49,27.11,27.95,2355,0
20070905,27.65,28,27.4,27.95,5835,0
20070906,27.4,28.3,27.4,28.3,11784,0
20070907,28.3,28.3,26.1,28.3,12064,0
20070910,26.51,27.9,26.51,27.9,1594,0
20070911,28,29,28,29,10158,0
20070912,29,29,28.9,28.95,445,0
20070913,28.9,29.5,28.3,29.5,7946,0
20070914,29.6,29.6,29,29.6,2495,0
20070917,28.6,29.71,28.6,29.7,1295,0
20070918,29.4,29.8,28.7,29.5,6785,0
20070919,29.9,29.94,28.65,29.94,8002,0
20070920,29.98,30.5,28.6,29.4,4601,0
20070921,29.4,29.5,29.4,29.4,5413,0
20070924,29.99,29.99,28.7,29.29,1463,0
20070925,28.7,28.7,27.65,28.39,383,0
20070926,28.46,29.5,27,28.89,2106,0
20070927,28.31,29,27.74,28.6,2950,0
20070928,28.32,28.4,26.91,27.2,7260,0
20071001,27.74,27.74,26.38,26.55,3437,0
20071002,26.71,28.45,26.71,26.9,2496,0
20071003,27.4,28.45,26.38,27,11138,0
20071004,26.46,26.46,26.1,26.2,5981,0
20071005,28.89,28.89,26.83,27,157547,0
20071008,27.5,27.5,26.5,27,2363,0
20071009,26.95,27.7,26.95,27.7,7880,0
20071010,28.19,28.19,26.83,27.5,27876,0
20071011,27.8,28,27,28,2236,0
20071012,27.76,28.32,27.76,28.2,825,0
20071015,27.63,28.2,27.2,28.2,1255,0
20071016,27.63,27.63,27.07,27.62,1263,0
20071017,27.01,27.3,26.6,27.1,1449,0
20071018,27,27,26.1,26.4,3452,0
20071019,25.95,27.4,25.87,26.85,974,0
20071022,26.5,26.84,26.31,26.84,1052,0
20071023,26.99,27,26.2,27,5889,0
20071024,27.48,28.4,27.48,28.1,4446,0
20071025,28.1,28.2,27.99,28,940,0
20071026,28.01,28.01,27.51,27.85,1425,0
20071029,27.85,27.9,26.85,27.49,12806,0
20071030,26.94,27.2,26.8,27.2,1751,0
20071031,27,27.68,26.3,26.3,1344,0
20071102,26.2,26.51,25.2,25.25,7607,0
20071105,25.6,25.8,25.28,25.3,2660,0
20071106,25.3,25.9,25.28,25.8,1728,0
20071107,25.3,25.3,23,25,6053,0
20071108,24.99,25.2,23.15,25.2,3723,0
20071109,25.7,25.7,24.01,24.01,1063,0
20071112,23.9,23.9,23.42,23.51,1152,0
20071113,23.9,23.9,23.24,23.7,925,0
20071114,24.18,24.67,23.3,24,2718,0
20071115,24,24,21.6,23,4202,0
20071116,22.54,23,21.5,22.85,7422,0
20071119,22.89,22.95,21.55,22.9,1347,0
20071120,23,23,21.2,22.49,2918,0
20071121,22.5,22.5,20.7,22.5,6354,0
20071122,22,22.85,21,22.85,7889,0
20071123,22.85,22.85,22.45,22.8,8756,0
20071126,23.26,23.26,22.8,22.85,1878,0
20071127,22.99,23.39,21,22.8,2039,0
20071128,22.7,24.09,22.5,24.09,2212,0
20071129,23.8,24.52,23.8,24.52,2140,0
20071130,24.64,25,23.6,25,1881,0
20071203,24.5,25.4,24.5,25.4,1541,0
20071204,24.89,25.3,24.2,25.3,1217,0
20071205,24.79,25.49,24.5,25.49,1695,0
20071206,25.5,25.9,25.1,25.75,2130,0
20071207,25.75,25.75,25.25,25.75,1142,0
20071210,25.23,25.7,24.51,25.5,5116,0
20071211,25.7,25.7,25,25,712,0
20071212,24.49,24.7,24.15,24.5,3950,0
20071213,24.25,24.25,24.25,24.25,1,0
20071214,24.19,24.4,24,24.4,944,0
20071217,24.39,24.4,22.05,23.3,1877,0
20071218,22.5,23.2,22.5,23.2,1993,0
20071219,22.75,23.2,22.75,23.09,800,0
20071220,23,23,22.2,22.2,1570,0
20071221,22.6,23,22.23,22.55,1691,0
20071227,22.55,23.89,21.03,23.1,994,0
20071228,22.63,23.4,22.6,23.4,4992,0
20080102,23,24.9,23,24.9,950,0
20080103,22.6,24.5,22.6,23.35,304,0
20080104,23.1,24.2,23.1,24.2,786,0
20080107,23.1,24,22.05,24,433,0
20080108,22.2,23.8,22.2,23.8,679,0
20080109,23,23,21.42,21.75,6425,0
20080110,21.5,21.7,20.5,21.35,2348,0
20080111,20.1,20.8,16.1,16.1,52533,0
20080114,16.49,16.49,14.5,15,41270,0
20080115,14.87,15.48,14.55,15.37,14288,0
20080116,14.98,14.98,13.6,14,27923,0
20080117,14.55,15.15,13.71,13.99,11114,0
20080118,13.7,14.4,12.6,12.76,143986,0
20080121,12.85,12.85,11.6,11.6,21041,0
20080122,10.61,11.48,10.6,11.19,32252,0
20080123,11.51,11.76,10.81,11.19,24540,0
20080124,11.76,12.09,11.6,11.95,26084,0
20080125,12.42,12.7,12.1,12.52,18028,0
20080128,12.3,12.3,12,12.06,8868,0
20080129,12.28,12.8,12.28,12.62,14506,0
20080130,12.8,13.88,12.7,13.1,54523,0
20080131,13.1,13.38,12.53,12.79,14240,0
20080201,13.65,13.75,13.2,13.75,23292,0
20080204,14,14.9,14,14.79,40113,0
20080205,14.24,14.55,13.76,14,30929,0
20080206,13.21,14,13.21,14,5613,0
20080207,14.1,14.36,13.91,13.92,5396,0
20080208,14.01,14.3,13.7,14,10913,0
20080211,14.6,14.6,14.06,14.2,84183,0
20080212,14.21,14.78,14.21,14.41,7103,0
20080213,14.63,14.85,14.41,14.8,47095,0
20080214,14.85,15.48,14.85,15.15,55938,0
20080215,15.2,15.4,15.2,15.35,8326,0
20080218,15.55,15.6,15,15.39,16578,0
20080219,15.48,15.5,14.95,15.42,10616,0
20080220,15.1,15.3,14.83,15.25,1788,0
20080221,15.22,15.4,14.6,14.6,14917,0
20080222,14.53,14.8,14.49,14.8,5912,0
20080225,15.3,15.3,14.75,14.76,32028,0
20080226,14.8,14.8,14.5,14.7,8485,0
20080227,14.7,14.7,13.5,14,3667,0
20080228,14,14,13.56,13.65,19478,0
20080229,14.21,14.21,13.3,13.3,46335,0
20080303,14.29,14.29,12.8,12.85,46977,0
20080304,13.07,13.1,12.9,12.9,8115,0
20080305,12.91,12.95,12.75,12.9,3294,0
20080306,12.9,13,12.72,13,17423,0
20080307,13,13,12.75,12.9,14709,0
20080310,12.95,12.95,12.8,12.9,1334,0
20080311,12.88,12.88,12.7,12.8,3662,0
20080312,13.1,13.1,12.82,12.85,13755,0
20080313,12.6,12.89,12.51,12.51,599,0
20080314,12.6,12.7,12.43,12.43,832,0
20080317,12.43,12.43,12.03,12.2,1023,0
20080318,12.76,12.76,12,12.74,42406,0
20080319,13.01,13.01,12.77,12.9,2026,0
20080320,13,13,12.5,12.98,1940,0
20080325,13.01,13.05,12.95,12.95,1920,0
20080326,13.04,13.04,12.95,12.95,1208,0
20080327,12.81,12.93,12.8,12.93,89090,0
20080328,12.75,12.9,12.75,12.75,2500,0
20080331,12.5,12.9,12.5,12.75,435,0
20080401,12.51,12.73,12,12.73,4094,0
20080402,12.89,13,12.75,12.75,1145,0
20080403,12.75,13,12.75,13,1590,0
20080404,12.8,12.99,12.5,12.99,6565,0
20080407,12.9,12.9,12.52,12.8,628,0
20080408,12.78,12.78,12.51,12.51,206,0
20080409,12.51,12.8,12.5,12.8,510,0
20080410,12.55,12.82,12.55,12.82,1992,0
20080411,12.51,12.51,12.51,12.51,428,0
20080414,12.8,12.8,12.51,12.51,660,0
20080416,12,12.3,12,12,2091,0
20080417,12,12,12,12,47,0
20080418,11.6,12.18,11.6,12.1,50477,0
20080421,12.1,12.1,11.2,11.55,5322,0
20080422,11.55,12,10.63,10.7,4191,0
20080423,10.7,10.7,10.41,10.7,52115,0
20080424,10.7,10.7,10.7,10.7,2746,0
20080425,10.67,10.85,10.5,10.63,2239,0
20080428,10.63,11.09,10.63,11.07,1026,0
20080429,11.15,11.2,11.07,11.15,21692,0
20080430,11.15,11.25,11.15,11.25,316,0
20080505,11.3,11.3,11.1,11.25,482,0
20080506,11.21,11.25,11,11,581,0
20080507,11.1,11.42,11.1,11.42,566,0
20080508,11.12,11.2,11.12,11.2,265,0
20080509,11.12,11.12,11.12,11.12,410,0
20080512,10.8,11,10.8,10.85,1742,0
20080513,10.5,10.9,10.5,10.9,1325,0
20080514,10.79,10.79,10,10.5,3484,0
20080515,10,10.59,10,10.48,3182,0
20080516,9.95,10,9.7,10,23732,0
20080519,9.8,9.8,9.45,9.75,2401,0
20080520,9.47,9.75,9.46,9.75,3010,0
20080521,9.94,9.94,9.94,9.94,700,0
20080523,9.94,10.47,9,9.94,1842,0
20080526,9.95,10.25,9.95,10.25,101,0
20080527,9.79,10,9.75,10,1740,0
20080528,9.5,10.24,9.02,10.23,1896,0
20080529,10,10,9.6,9.6,60,0
20080530,9.6,9.95,9.6,9.95,303,0
20080602,9.95,9.95,9.9,9.9,1300,0
20080604,9.26,9.89,9.26,9.89,242,0
20080605,9.7,9.88,9.6,9.8,1154,0
20080606,9.6,9.8,9.46,9.8,1175,0
20080609,9.12,9.24,8.97,9.24,3121,0
20080610,9.23,9.23,8.6,9.06,1159,0
20080611,8.6,8.96,8.6,8.96,380,0
20080612,8.4,8.64,8.35,8.64,1820,0
20080613,8.98,9.21,8.98,9,1626,0
20080616,8.9,8.99,8.9,8.99,340,0
20080617,8.8,9.12,8.8,9.12,1000,0
20080618,8.6,8.97,8.5,8.97,1083,0
20080619,8.21,8.3,8.21,8.3,300,0
20080620,8.54,8.68,8.54,8.68,610,0
20080623,8.6,8.66,8.6,8.66,1360,0
20080624,8.21,8.55,8.08,8.5,2289,0
20080626,7.8,8,7.7,8,1600,0
20080627,7.36,7.89,7.2,7.89,6657,0
20080630,7.18,7.78,7.18,7.78,2886,0
20080701,7.15,7.42,7.11,7.42,2501,0
20080702,7.08,7.37,7.08,7.37,211,0
20080703,7.08,7.24,7.05,7.24,960,0
20080704,7.01,7.24,6.71,7.1,834,0
20080707,6.66,7,6.6,6.8,998,0
20080708,6.31,6.79,6.3,6.45,786,0
20080709,6.78,6.79,6.38,6.53,2844,0
20080710,6.8,6.9,6.3,6.5,9420,0
20080711,6.79,6.79,6,6.2,8060,0
20080714,6.2,6.29,6.2,6.29,36369,0
20080715,5.82,6.2,5.8,6.2,1362,0
20080716,6.09,6.09,5.37,5.5,39886,0
20080717,5.5,5.5,5,5.1,89590,0
20080718,5,5.24,4.95,5.21,10868,0
20080721,5.12,5.12,4.76,4.96,27369,0
20080722,4.94,5.7,4.85,5.7,164027,0
20080723,5.95,6.05,5.51,5.8,101743,0
20080724,5.82,5.82,5.6,5.6,19238,0
20080725,5.54,5.54,5.02,5.4,6325,0
20080728,5.6,5.6,5.4,5.5,6920,0
20080729,5.49,5.5,5.38,5.45,13318,0
20080730,5.5,5.63,5.41,5.43,44546,0
20080731,5.55,5.55,5.14,5.14,37909,0
20080801,5.14,5.14,4.9,5,41681,0
20080804,5.02,5.5,5,5.3,69975,0
20080805,5.32,5.45,5.3,5.3,23117,0
20080806,5.44,6.27,5.3,5.83,88656,0
20080807,6,6.4,5.75,5.96,92154,0
20080808,5.8,5.9,5.39,5.46,53549,0
20080811,5.47,5.6,5.32,5.49,12197,0
20080812,5.34,5.49,5.31,5.35,5417,0
20080813,5.45,5.45,5.33,5.33,4002,0
20080814,5.33,5.34,5.2,5.21,2806,0
20080818,5.01,5.19,4.94,4.98,13382,0
20080819,4.95,5,4.91,4.98,5426,0
20080820,4.91,5.14,4.91,5.13,2702,0
20080821,5.05,5.15,5.05,5.1,2326,0
20080822,5.01,5.5,5.01,5.3,4655,0
20080825,5.4,5.45,5.28,5.28,2343,0
20080826,5.25,5.38,5.25,5.38,725,0
20080827,5.25,5.42,5.25,5.42,317,0
20080828,5.16,5.45,5.15,5.4,100473,0
20080829,5.32,5.5,5.32,5.5,8724,0
20080901,5.41,5.57,5.25,5.55,7825,0
20080902,5.49,5.49,5.29,5.3,5678,0
20080903,5.18,5.39,5.14,5.15,11105,0
20080904,5.15,5.17,5,5.17,14223,0
20080905,5.04,5.16,4.95,5.16,8534,0
20080908,5.1,5.43,5.1,5.16,4870,0
20080909,5.2,5.29,5.11,5.25,2296,0
20080910,5.2,5.2,5.15,5.19,2103,0
20080911,5.15,5.2,5.11,5.15,1521,0
20080912,5.13,5.15,5.13,5.15,1000,0
20080915,4.99,5.12,4.6,4.85,30261,0
20080916,4.9,4.9,4.57,4.83,12894,0
20080917,4.97,4.97,4.59,4.65,5293,0
20080918,4.56,4.6,4.37,4.4,12027,0
20080919,4.62,4.75,4.5,4.6,12321,0
20080922,4.8,4.8,4.3,4.51,50173,0
20080923,4.45,4.45,4.3,4.4,6415,0
20080924,4.4,4.5,4.25,4.3,10511,0
20080925,4.39,4.39,4.21,4.38,1966,0
20080926,4.5,4.5,4.35,4.46,8435,0
20080929,4.46,4.46,4.35,4.44,1225,0
20080930,4.35,4.35,4.15,4.2,9302,0
20081001,4.4,4.4,4.27,4.39,2363,0
20081002,4.35,4.35,4.21,4.21,209944,0
20081003,4.22,4.38,4.22,4.38,21,0
20081006,4.21,4.3,4.12,4.12,2278,0
20081007,4.02,4.22,4.02,4.22,8951,0
20081008,4.1,4.1,3.8,4.09,10615,0
20081009,3.91,4.28,3.91,4.28,808,0
20081010,4.25,4.25,3.61,3.97,10072,0
20081013,3.97,3.99,3.77,3.97,5766,0
20081014,4.11,4.11,3.85,4,2710,0
20081015,3.83,3.83,3.75,3.75,3542,0
20081016,3.88,3.88,3.53,3.75,6119,0
20081017,3.75,3.75,3.51,3.69,2665,0
20081020,3.61,3.61,3.5,3.51,2927,0
20081021,3.43,3.86,3.43,3.84,3701,0
20081022,3.58,3.59,3.45,3.45,217749,0
20081023,3.37,3.45,3.3,3.45,11399,0
20081024,3.45,3.45,3.31,3.35,4390,0
20081027,3.35,3.49,3.11,3.49,2855,0
20081028,3.6,3.6,3.41,3.51,6462,0
20081029,3.59,3.59,3.3,3.59,24386,0
20081030,3.59,3.8,3.59,3.79,19262,0
20081031,3.8,3.8,3.5,3.5,15694,0
20081103,3.5,3.5,3.45,3.49,5232,0
20081104,3.49,3.6,3.49,3.6,3203,0
20081105,3.6,3.7,3.5,3.5,8972,0
20081106,3.23,3.6,3.23,3.6,377,0
20081107,3.5,3.5,3.5,3.5,81,0
20081110,3.48,3.5,3.4,3.48,11300,0
20081112,3.1,3.43,3.1,3.43,399,0
20081113,3.35,3.35,3.27,3.34,1284,0
20081114,3.25,3.34,3.25,3.34,400,0
20081117,3.29,3.34,3.11,3.11,1902,0
20081118,3.24,3.25,3.2,3.25,6479,0
20081119,3.23,3.23,3.21,3.21,1350,0
20081120,3.02,3.2,3.02,3.1,1650,0
20081121,3.2,3.2,3.1,3.1,590,0
20081124,3.02,3.15,3.02,3.15,445,0
20081125,3.05,3.1,3.05,3.07,660,0
20081126,3.02,3.09,2.84,3.09,280,0
20081127,2.85,3.07,2.85,3.07,873,0
20081128,3.09,3.09,3,3.09,1321,0
20081201,3.1,3.19,3.1,3.19,4320,0
20081202,3,3,2.88,2.95,6242,0
20081203,2.91,3.15,2.91,3,21932,0
20081204,3,3,3,3,7284,0
20081205,3.09,3.09,3.02,3.09,1881,0
20081208,3.15,3.16,3.03,3.15,11306,0
20081209,3.15,3.15,3.05,3.05,4438,0
20081210,3.05,3.1,3.05,3.1,2524,0
20081211,3.1,3.1,3.1,3.1,20,0
20081212,3.03,3.1,2.91,3.1,3745,0
20081215,3.3,3.3,3.25,3.25,2401,0
20081216,3.29,3.29,3,3.15,345,0
20081217,3.1,3.29,3.1,3.15,348,0
20081218,3.03,3.05,2.8,3.05,5060,0
20081219,2.99,3,2.71,3,1010,0
20081222,3,3,3,3,500,0
20081223,3,3,2.77,2.99,3445,0
20081229,2.9,3.03,2.9,3.03,370,0
20081230,2.99,3.05,2.86,3.04,4400,0
20090105,3.59,3.59,2.81,2.99,1710,0
20090106,3.05,3.05,2.99,3,2007,0
20090107,3.05,3.07,3,3,2305,0
20090108,3.01,3.01,2.84,2.95,4841,0
20090109,2.85,2.89,2.8,2.8,12163,0
20090112,2.71,2.71,2.6,2.6,18824,0
20090113,2.59,2.65,2.58,2.6,2302,0
20090114,2.64,2.76,2.45,2.45,24282,0
20090115,2.49,2.49,2.43,2.43,15254,0
20090116,2.45,2.47,2.4,2.4,24049,0
20090119,2.47,2.47,2.31,2.35,19934,0
20090120,2.47,2.47,2.25,2.28,8105,0
20090121,2.21,2.21,2.2,2.21,3857,0
20090122,2.39,2.4,2.23,2.25,9568,0
20090123,2.26,2.26,2.22,2.22,1600,0
20090126,2.22,2.4,2.1,2.4,12215,0
20090127,2.3,2.3,2.2,2.2,6658,0
20090128,2.1,2.28,2.1,2.2,12554,0
20090130,2.14,2.32,1.9,1.9,52657,0
20090202,1.98,1.98,1.83,1.83,19107,0
20090203,1.91,1.91,1.86,1.9,2780,0
20090204,1.95,2.08,1.86,1.9,6950,0
20090205,1.92,2,1.85,1.85,13746,0
20090206,1.9,1.98,1.86,1.98,7100,0
20090209,1.99,2.08,1.97,2.01,41572,0
20090210,1.98,2.07,1.95,1.99,12465,0
20090211,1.86,1.88,1.83,1.85,25107,0
20090212,1.89,1.89,1.87,1.89,2624,0
20090213,1.98,1.98,1.85,1.85,9751,0
20090216,1.87,1.87,1.79,1.8,16911,0
20090217,1.76,1.8,1.56,1.6,21400,0
20090218,1.92,1.92,1.46,1.59,71660,0
20090219,1.67,1.67,1.55,1.57,7285,0
20090220,1.57,1.66,1.5,1.5,9810,0
20090223,1.6,1.6,1.55,1.57,4810,0
20090224,1.6,1.6,1.45,1.45,3770,0
20090225,1.65,1.65,1.44,1.45,19692,0
20090226,1.57,1.57,1.41,1.43,39608,0
20090227,1.5,1.5,1.31,1.34,91750,0
20090302,1.47,1.47,1.34,1.35,52742,0
20090303,1.38,1.4,1.35,1.35,44622,0
20090304,1.36,1.36,1.31,1.35,11535,0
20090305,1.39,1.41,1.34,1.34,8340,0
20090306,1.35,1.41,1.32,1.41,21705,0
20090309,1.41,1.41,1.37,1.4,9330,0
20090310,1.4,1.44,1.38,1.4,55464,0
20090311,1.46,1.54,1.37,1.41,42103,0
20090312,1.45,1.48,1.4,1.45,40981,0
20090313,1.46,1.47,1.42,1.42,75522,0
20090316,1.41,1.44,1.4,1.41,4013,0
20090317,1.44,1.52,1.42,1.45,144887,0
20090318,1.47,1.77,1.45,1.63,388238,0
20090319,1.66,1.68,1.56,1.58,117214,0
20090320,1.63,1.68,1.6,1.64,79953,0
20090323,1.68,1.75,1.64,1.74,63663,0
20090324,1.77,1.78,1.68,1.78,81980,0
20090325,1.72,2.25,1.72,2.25,176293,0
20090326,2.15,2.25,2.06,2.22,98920,0
20090327,2.24,2.38,2.23,2.35,71553,0
20090330,2.39,2.39,2.2,2.26,35596,0
20090331,2.16,2.33,2.16,2.26,13118,0
20090401,2.3,2.3,2.26,2.26,1895,0
20090402,2.3,2.6,2.3,2.4,43982,0
20090403,2.49,2.49,2.31,2.37,26327,0
20090406,2.38,2.47,2.33,2.39,30838,0
20090407,2.43,2.45,2.39,2.44,9335,0
20090408,2.39,2.47,2.39,2.47,8981,0
20090409,2.49,2.5,2.4,2.5,30559,0
20090414,2.54,2.68,2.5,2.65,18777,0
20090415,2.65,2.89,2.63,2.8,127977,0
20090416,2.96,3.33,2.8,3.27,98159,0
20090417,3.3,3.44,3.1,3.32,34970,0
20090420,3.38,3.38,3.1,3.1,34794,0
20090421,3.05,3.15,2.9,3,28607,0
20090422,3.18,3.2,3.1,3.2,28246,0
20090423,3.26,3.4,3.2,3.36,101331,0
20090424,3.4,3.5,3.21,3.5,58751,0
20090427,3.15,3.45,3.15,3.25,135363,0
20090428,3.38,3.38,3.05,3.1,22109,0
20090429,3.18,3.25,3.18,3.23,41312,0
20090430,3.22,3.25,3.18,3.23,66007,0
20090504,3.4,3.4,3.27,3.29,16670,0
20090505,3.39,3.39,3.02,3.15,20037,0
20090506,3.1,3.16,3.08,3.1,37804,0
20090507,3.12,3.15,3.08,3.12,69119,0
20090508,3.1,3.12,2.87,3.06,20026,0
20090511,2.91,2.99,2.86,2.95,56023,0
20090512,2.92,2.97,2.92,2.95,23235,0
20090513,2.96,3.1,2.94,3.06,78940,0
20090514,3.05,3.12,3.02,3.12,7500,0
20090515,3.15,3.15,2.85,3.1,22859,0
20090518,3.05,3.07,2.89,3.07,6330,0
20090519,2.96,3.06,2.96,2.98,15764,0
20090520,3.04,3.1,3,3.05,5890,0
20090521,3.04,3.05,2.98,3.05,772,0
20090522,2.9,2.94,2.88,2.94,10657,0
20090525,2.93,2.93,2.87,2.87,3300,0
20090526,2.87,2.88,2.87,2.88,4650,0
20090527,2.88,2.94,2.88,2.93,2360,0
20090528,2.95,2.95,2.95,2.95,10,0
20090529,2.96,2.96,2.95,2.96,2996,0
20090601,2.88,2.93,2.88,2.92,8054,0
20090602,2.92,2.93,2.9,2.92,7420,0
20090603,3.07,3.15,2.98,3.02,30538,0
20090604,3.05,3.13,2.99,3.13,33841,0
20090605,3.18,3.45,3.15,3.17,47890,0
20090608,3.35,3.35,3.17,3.24,18787,0
20090609,3.27,3.4,3.25,3.3,21175,0
20090610,3.63,3.85,3.63,3.73,201501,0
20090612,3.74,3.94,3.74,3.9,97688,0
20090615,3.95,4.01,3.8,3.9,57133,0
20090616,3.89,3.9,3.7,3.9,21772,0
20090617,3.91,3.98,3.71,3.8,16447,0
20090618,3.74,3.74,3.5,3.58,36049,0
20090619,3.65,3.65,3.5,3.55,3858,0
20090622,3.56,3.64,3.41,3.5,22592,0
20090623,3.37,3.45,3.25,3.44,13230,0
20090624,3.4,3.5,3.35,3.5,6722,0
20090625,3.65,3.65,3.33,3.47,4835,0
20090626,3.5,3.64,3.49,3.56,12848,0
20090629,3.51,3.56,3.5,3.5,8415,0
20090630,3.5,3.59,3.45,3.5,12933,0
20090701,3.6,3.9,3.6,3.85,34408,0
20090702,3.98,4.03,3.85,3.9,30324,0
20090703,3.89,3.89,3.85,3.88,4309,0
20090706,3.9,3.9,3.6,3.6,10602,0
20090707,3.64,3.64,3.5,3.59,10150,0
20090708,3.61,3.8,3.61,3.74,23747,0
20090709,3.82,3.82,3.66,3.72,138414,0
20090710,3.63,3.75,3.63,3.69,78678,0
20090713,3.62,3.72,3.62,3.7,31645,0
20090714,3.71,3.81,3.7,3.81,27650,0
20090715,3.87,4.09,3.87,4,65798,0
20090716,4.1,4.35,4,4,67862,0
20090717,4.05,4.1,4,4.05,48084,0
20090720,4.06,4.2,4,4.01,47419,0
20090721,4.07,4.1,4,4.06,22365,0
20090722,4.04,4.05,3.96,4.03,19192,0
20090723,4.07,4.07,3.95,4.03,20170,0
20090724,4.4,4.65,4.04,4.08,139336,0
20090727,4.08,4.14,4,4.05,36475,0
20090728,4.01,4.03,3.95,4,17877,0
20090729,4.05,4.09,3.99,4,18515,0
20090730,4,4.12,4,4.07,52037,0
20090731,4.07,4.2,4.07,4.09,102891,0
20090803,4.1,4.1,4.06,4.06,67271,0
20090804,4.05,4.19,4.03,4.1,39317,0
20090805,4.12,4.2,4.08,4.08,25495,0
20090806,4.06,4.1,3.9,3.97,46527,0
20090807,3.98,4.03,3.94,3.95,42523,0
20090810,3.98,4,3.83,3.87,51875,0
20090811,3.81,3.92,3.8,3.8,24610,0
20090812,3.8,3.99,3.7,3.99,302142,0
20090813,4,4.23,4,4.19,97531,0
20090814,4.14,4.22,4.14,4.2,20252,0
20090817,4.1,4.26,4.03,4.26,43820,0
20090818,4.15,4.43,4.15,4.43,39413,0
20090819,4.53,4.8,4.53,4.63,32781,0
20090820,4.75,4.82,4.66,4.66,17744,0
20090821,4.78,4.78,4.45,4.56,53176,0
20090824,4.68,4.68,4.52,4.63,14836,0
20090825,4.56,4.69,4.5,4.67,16497,0
20090826,4.55,4.68,4.55,4.68,12563,0
20090827,4.7,4.72,4.58,4.7,21974,0
20090828,4.7,4.99,4.61,4.93,94777,0
20090831,4.9,5,4.84,4.96,44303,0
20090901,5,5,4.57,4.8,50019,0
20090902,4.6,4.63,4.47,4.63,74683,0
20090903,4.63,4.8,4.45,4.69,27605,0
20090904,4.6,4.8,4.6,4.8,45354,0
20090907,4.85,4.95,4.8,4.85,30048,0
20090908,4.9,5.2,4.86,5,46010,0
20090909,5.06,5.5,5.02,5.5,116003,0
20090910,5.6,5.6,5.2,5.28,50209,0
20090911,5.49,5.49,5.16,5.4,55884,0
20090914,5.3,5.45,5.05,5.45,46936,0
20090915,5.45,5.79,5.41,5.79,20080,0
20090916,5.8,6.2,5.7,6,36253,0
20090917,6.05,6.08,5.9,5.92,20542,0
20090918,5.9,5.99,5.85,5.92,6362,0
20090921,5.88,5.88,5.61,5.79,23659,0
20090922,5.7,5.99,5.7,5.89,10146,0
20090923,5.92,5.95,5.82,5.87,10347,0
20090924,5.89,5.89,5.56,5.8,3759,0
20090925,5.89,5.89,5.55,5.79,9571,0
20090928,5.55,5.85,5.55,5.69,9601,0
20090929,5.75,5.75,5.5,5.5,6135,0
20090930,5.5,5.5,5.1,5.3,23700,0
20091001,5.3,5.4,5,5,18408,0
20091002,5.05,5.05,4.57,4.57,29124,0
20091005,4.57,4.98,4.57,4.68,23078,0
20091006,4.86,5.25,4.73,5.2,28237,0
20091007,5.2,5.35,5.07,5.2,8693,0
20091008,5.37,5.37,5.16,5.18,10425,0
20091009,5.06,5.37,5.01,5.21,7293,0
20091012,5.2,5.2,4.81,5.06,8087,0
20091013,5.01,5.08,4.95,5.08,12570,0
20091014,4.91,5.04,4.83,5.04,1576,0
20091015,5.06,5.06,4.96,5.05,5627,0
20091016,5.05,5.1,5,5,4033,0
20091019,4.95,5.1,4.94,5.1,5847,0
20091020,5.2,5.33,5.08,5.31,13765,0
20091021,5.32,5.32,5.1,5.2,9384,0
20091022,5.3,5.35,5.2,5.35,13389,0
20091023,5.21,5.49,5.21,5.49,19367,0
20091026,5.49,5.49,5.2,5.3,9493,0
20091027,5.48,5.48,5.25,5.3,12487,0
20091028,5.4,5.48,5.26,5.45,16698,0
20091029,5.4,5.4,5.35,5.4,14160,0
20091030,5.41,5.5,5.35,5.4,6947,0
20091102,5.48,5.57,5.25,5.5,8068,0
20091103,5.53,5.53,5.22,5.53,6370,0
20091104,5.45,5.7,5.26,5.26,69129,0
20091105,5.23,5.42,5,5.19,27010,0
20091106,4.97,5.28,4.96,5.16,26829,0
20091109,5.45,5.45,5,5,41831,0
20091110,5.19,5.28,5.01,5.19,18435,0
20091112,5.26,5.29,5.05,5.2,50845,0
20091113,5.24,5.29,5,5.05,30299,0
20091116,5,5.12,4.97,5.02,25058,0
20091117,5.05,5.14,5.05,5.14,4595,0
20091118,5.12,5.12,5.08,5.08,4473,0
20091119,5.08,5.08,5,5.07,3898,0
20091120,5.09,5.09,4.92,5.08,6036,0
20091123,5,5.07,4.99,5.07,3635,0
20091124,5.08,5.08,4.92,4.92,13490,0
20091125,4.92,4.95,4.75,4.9,29339,0
20091126,4.73,4.76,4.69,4.69,20294,0
20091127,4.45,4.82,4.4,4.82,9494,0
20091130,4.89,4.93,4.89,4.91,2558,0
20091201,4.77,5.08,4.77,5.05,19282,0
20091202,4.85,5.12,4.85,5.08,24470,0
20091203,5,5.04,5,5.04,10021,0
20091204,4.82,5.06,4.82,5,8170,0
20091207,5,5,5,5,14618,0
20091208,4.9,5,4.85,4.95,3199,0
20091209,4.76,4.95,4.74,4.89,2035,0
20091210,4.76,4.94,4.76,4.94,935,0
20091211,4.94,5,4.87,4.9,9786,0
20091214,4.77,4.89,4.77,4.89,1418,0
20091215,4.74,4.74,4.55,4.62,18826,0
20091216,4.64,4.7,4.55,4.57,19663,0
20091217,4.54,4.56,4.44,4.5,9592,0
20091218,4.41,4.5,4.4,4.45,3419,0
20091221,4.69,5.1,4.65,4.8,102518,0
20091222,4.8,4.9,4.75,4.75,40579,0
20091223,4.75,4.75,4.62,4.7,9809,0
20091228,4.55,4.65,4.5,4.65,25780,0
20091229,4.75,4.84,4.65,4.8,5312,0
20091230,4.7,4.75,4.7,4.75,1518,0
20091231,4.72,4.77,4.72,4.77,3201,0
20100104,4.91,5.03,4.82,4.99,9688,0
20100105,4.84,5.02,4.84,5,13714,0
20100106,5.01,5.02,4.99,5,8901,0
20100107,5,5.05,4.99,4.99,3541,0
20100108,5,5,4.96,4.97,9568,0
20100111,4.97,5.29,4.97,5.27,74100,0
20100112,5.28,5.28,5.18,5.18,20766,0
20100113,5.22,5.25,5.18,5.25,11295,0
20100114,5.28,5.46,5.28,5.4,21266,0
20100115,5.8,5.83,5.53,5.53,73313,0
20100118,5.53,5.53,5.34,5.45,12632,0
20100119,5.44,5.44,5.25,5.4,7104,0
20100120,5.45,5.45,5.24,5.24,17462,0
20100121,5.03,5.15,5.01,5.1,42888,0
20100122,4.95,5,4.95,4.99,22142,0
20100125,4.95,5.09,4.84,4.97,31521,0
20100126,4.97,4.99,4.86,4.98,15265,0
20100127,4.99,5.08,4.98,5.08,6770,0
20100128,5.1,5.25,5.1,5.18,24919,0
20100129,5.12,5.17,5,5,32013,0
20100201,4.9,5,4.86,4.99,13387,0
20100202,4.99,5,4.85,5,6002,0
20100203,5.12,5.12,4.95,5.09,8218,0
20100204,5.05,5.05,4.97,4.97,8431,0
20100205,4.97,4.97,4.55,4.81,44115,0
20100208,4.82,4.83,4.71,4.79,17768,0
20100209,4.75,4.8,4.75,4.8,4700,0
20100210,4.85,4.85,4.72,4.84,3100,0
20100211,4.84,4.84,4.73,4.8,5627,0
20100212,4.8,4.99,4.75,4.95,31638,0
20100215,4.95,5.12,4.95,5.05,8058,0
20100216,5.06,5.1,5.06,5.07,3990,0
20100217,5.15,5.15,4.97,5.09,35871,0
20100218,5.09,5.18,4.95,5.18,12437,0
20100219,5.1,5.19,5.01,5.19,6280,0
20100222,5.19,5.22,5.05,5.22,3623,0
20100223,5.2,5.2,5.09,5.13,15226,0
20100224,5.13,5.23,5.13,5.21,9318,0
20100225,5.15,5.15,4.9,4.96,61522,0
20100226,5.18,5.2,5.12,5.19,37957,0
20100301,5.22,5.22,4.98,5.01,31903,0
20100302,5,5.08,4.9,4.99,49597,0
20100303,4.96,5.04,4.96,5,21583,0
20100304,5,5.2,5,5.19,14625,0
20100305,5.18,5.2,5.17,5.19,5915,0
20100308,5.19,5.24,5.17,5.21,12548,0
20100309,5.18,5.23,5.18,5.21,27445,0
20100310,5.16,5.3,5.13,5.3,37305,0
20100311,5.33,5.77,5.31,5.77,65879,0
20100312,5.7,6.08,5.61,5.95,84202,0
20100315,5.95,6.04,5.76,6.04,30382,0
20100316,6,6.55,6,6.5,54290,0
20100317,6.65,7,6.61,6.9,133246,0
20100318,6.9,6.9,6.64,6.75,14347,0
20100319,7,7,6.33,6.75,43316,0
20100322,6.38,7,6.38,7,40873,0
20100323,7.16,7.4,7.16,7.21,24252,0
20100324,7.3,7.68,7.3,7.68,43469,0
20100325,7.68,8.1,7.68,7.91,27599,0
20100326,8,8.11,7.61,8.11,16677,0
20100329,8.15,8.24,7.78,7.93,25891,0
20100330,7.94,8.15,7.71,8.1,16591,0
20100331,8.09,8.09,7.75,7.9,55771,0
20100401,8.25,8.25,7.8,7.9,50418,0
20100406,7.99,7.99,7.4,7.7,27877,0
20100407,7.69,7.69,7.22,7.37,56192,0
20100408,7.4,7.4,7.12,7.23,4348,0
20100409,7.39,7.39,7.1,7.23,12453,0
20100412,7.2,7.23,6.78,6.81,39061,0
20100413,6.86,7.1,6.66,7.1,31051,0
20100414,7.18,7.4,7.18,7.4,19939,0
20100415,7.58,7.65,7.3,7.4,10631,0
20100416,7.3,7.39,7.14,7.39,6916,0
20100419,7.11,7.24,7.1,7.23,6531,0
20100420,7.22,7.23,7.02,7.11,6931,0
20100421,7,7.21,7,7.19,10937,0
20100422,7.19,7.19,6.84,7.1,7968,0
20100423,6.9,7.2,6.9,7.19,9931,0
20100426,7.21,7.46,7.21,7.37,9353,0
20100427,7.3,7.39,7.21,7.39,3546,0
20100428,7.19,7.34,6.85,7.34,4111,0
20100429,7.3,7.36,7.1,7.36,2889,0
20100430,7.39,7.4,7.22,7.22,6884,0
20100504,7.06,7.3,7.06,7.22,8163,0
20100505,7.1,7.15,6.9,7,14729,0
20100506,6.95,6.95,6.62,6.8,10053,0
20100507,6.77,6.77,6.3,6.64,47428,0
20100510,6.63,7,6.63,6.94,6277,0
20100511,6.98,6.98,6.65,6.9,16775,0
20100512,6.95,7.18,6.9,7.18,6376,0
20100513,7.18,7.18,7,7.05,1852,0
20100514,7.15,7.15,6.9,6.91,1887,0
20100517,6.91,6.91,6.52,6.88,7485,0
20100518,6.88,6.88,6.7,6.8,884,0
20100519,6.77,6.79,6.45,6.79,15450,0
20100520,6.48,6.74,6.46,6.52,12296,0
20100521,6.2,6.3,5.91,6.22,48055,0
20100524,6.4,6.4,6.22,6.22,6277,0
20100525,6.16,6.16,5.61,5.85,22581,0
20100526,5.99,6,5.92,5.95,7005,0
20100527,5.85,5.99,5.85,5.95,4470,0
20100528,6,6.31,6,6.14,17319,0
20100531,6.14,6.24,6.14,6.24,5040,0
20100601,6.16,6.3,6.15,6.15,1304,0
20100602,6.08,6.16,5.95,6.14,8232,0
20100604,6.28,6.28,5.95,5.95,6830,0
20100607,5.95,6,5.95,5.95,3706,0
20100608,6,6.28,6,6.01,1340,0
20100609,6.01,6.15,6.01,6.06,2476,0
20100610,6.01,6.01,5.91,6,2513,0
20100611,5.99,6.08,5.98,5.98,6176,0
20100614,6.06,6.06,6,6,1318,0
20100615,6,6,5.96,6,4533,0
20100616,6,6.06,5.96,5.96,1551,0
20100617,6.05,6.05,5.7,5.75,764,0
20100618,5.75,5.95,5.7,5.94,2385,0
20100621,5.91,5.91,5.91,5.91,320,0
20100622,5.91,5.91,5.91,5.91,250,0
20100623,5.91,5.91,5.51,5.65,8988,0
20100624,5.51,5.51,5.38,5.39,17076,0
20100625,5.33,5.33,5.05,5.32,10392,0
20100628,5.05,5.33,5.05,5.16,2784,0
20100629,5.25,5.26,5.14,5.2,14387,0
20100630,5.17,5.19,5.13,5.19,2584,0
20100701,5.15,5.18,4.93,5.05,4868,0
20100702,5.15,5.28,5.05,5.2,2482,0
20100705,5.28,5.28,5.1,5.21,834,0
20100706,5.28,5.28,5.1,5.19,17390,0
20100707,5.21,5.21,5.13,5.13,9481,0
20100708,5.15,5.16,5.11,5.15,10194,0
20100709,5.16,5.24,5.11,5.19,19921,0
20100712,5.2,5.59,5.13,5.59,35975,0
20100713,5.54,5.83,5.51,5.83,8997,0
20100714,5.92,5.92,5.73,5.9,15917,0
20100715,5.75,5.84,5.61,5.74,6412,0
20100716,5.85,5.85,5.74,5.74,1524,0
20100719,5.68,5.79,5.6,5.79,3515,0
20100720,5.69,5.99,5.69,5.8,8620,0
20100721,5.8,5.87,5.7,5.8,4995,0
20100722,5.8,5.8,5.73,5.8,5124,0
20100723,5.8,6.15,5.8,6,16421,0
20100726,6.17,6.17,5.95,5.95,11831,0
20100727,6.18,6.25,6.03,6.1,8819,0
20100728,6.18,6.27,5.99,6,16709,0
20100729,5.93,6.03,5.93,6,16400,0
20100730,5.85,6.02,5.82,5.91,17135,0
20100802,5.86,6.1,5.86,6,9340,0
20100803,6.03,6.15,6,6.15,1576,0
20100804,6.15,6.27,5.95,6.27,7257,0
20100805,6.15,6.35,6.15,6.31,9211,0
20100806,6.36,6.8,6.36,6.74,44796,0
20100809,6.82,6.88,6.65,6.69,20818,0
20100810,6.7,6.7,6.52,6.69,10891,0
20100811,6.57,6.57,6.23,6.55,20814,0
20100812,6.36,6.49,6.18,6.49,5393,0
20100813,6.5,6.6,6.35,6.43,3249,0
20100816,6.52,6.52,6.3,6.39,2415,0
20100817,6.3,6.31,6.2,6.3,6612,0
20100818,6.3,6.35,6.21,6.35,2293,0
20100819,6.36,6.39,6.27,6.37,2857,0
20100820,6.39,6.39,6.24,6.39,880,0
20100823,6.3,6.43,6.3,6.43,6907,0
20100824,6.4,6.41,6.31,6.41,8903,0
20100825,6.3,6.49,6.28,6.4,10173,0
20100826,6.35,6.4,6.19,6.4,7695,0
20100827,6.39,6.39,6,6.3,5200,0
20100830,6.3,6.3,6.25,6.25,1091,0
20100831,6,6.12,5.81,6.12,14115,0
20100901,5.86,6.08,5.86,6.08,6034,0
20100902,6.1,6.1,5.89,6.08,3382,0
20100903,6.08,6.08,6.06,6.08,23464,0
20100906,6.06,6.4,6.06,6.4,3233,0
20100907,6.4,6.5,6.26,6.44,15293,0
20100908,6.37,6.4,6.32,6.35,3798,0
20100909,6.32,6.49,6.32,6.48,6986,0
20100910,6.5,6.64,6.42,6.59,29392,0
20100913,6.6,6.62,6.44,6.5,4114,0
20100914,6.31,6.49,6.26,6.33,4554,0
20100915,6.35,6.35,6.27,6.28,6558,0
20100916,6.3,6.3,6.2,6.3,3339,0
20100917,6.29,6.29,6.15,6.24,8885,0
20100920,6.25,6.25,6.15,6.24,3768,0
20100921,6.24,6.33,6.15,6.33,6660,0
20100922,6.22,6.35,6.2,6.34,1558,0
20100923,6.26,6.33,6.2,6.33,4972,0
20100924,6.2,6.32,6.2,6.32,5895,0
20100927,6.07,6.18,6.07,6.15,5746,0
20100928,6.13,6.15,6,6.15,4636,0
20100929,6.15,6.15,6.02,6.14,3866,0
20100930,6.17,6.28,6.1,6.2,11594,0
20101001,6.2,6.2,6.06,6.2,12753,0
20101004,6.08,6.2,6.08,6.2,6576,0
20101005,6.11,6.2,6.1,6.2,4882,0
20101006,6.19,6.2,6.19,6.2,841,0
20101007,6.12,6.2,6.1,6.2,1923,0
20101008,6.1,6.2,6.1,6.2,347,0
20101011,6.19,6.2,6.19,6.2,1500,0
20101012,6.19,6.19,6.1,6.19,1022,0
20101013,6.08,6.18,6,6.15,9191,0
20101014,6.03,6.03,6.02,6.02,2690,0
20101015,6.01,6.08,5.91,6.08,4691,0
20101018,6.08,6.08,5.81,6.04,9128,0
20101019,5.92,6.09,5.91,6.09,4864,0
20101020,6,6.05,6,6.05,1247,0
20101021,5.85,6.09,5.85,6.06,22155,0
20101022,5.86,5.99,5.86,5.99,6411,0
20101025,5.89,5.89,5.87,5.87,5521,0
20101026,5.86,5.86,5.67,5.81,9771,0
20101027,5.83,5.9,5.76,5.81,7757,0
20101028,5.81,5.81,5.7,5.8,8478,0
20101029,5.7,5.8,5.61,5.66,5352,0
20101102,5.66,5.66,5.55,5.65,3417,0
20101103,5.65,5.65,5.55,5.55,5548,0
20101104,5.55,5.65,5.55,5.6,2868,0
20101105,5.6,5.6,5.5,5.51,13733,0
20101108,5.51,5.51,5.31,5.51,13599,0
20101109,5.6,5.7,5.6,5.7,6746,0
20101110,5.7,5.7,5.65,5.7,2591,0
20101112,5.7,5.7,5.7,5.7,7140,0
20101115,5.9,6.16,5.9,6.08,30052,0
20101116,6.02,6.15,5.72,5.75,34213,0
20101117,5.74,5.85,5.5,5.7,17047,0
20101118,5.8,5.8,5.66,5.8,3918,0
20101119,5.8,5.85,5.65,5.85,9381,0
20101122,5.65,5.85,5.65,5.84,8393,0
20101123,5.68,5.78,5.68,5.78,2986,0
20101124,5.65,5.72,5.65,5.72,3849,0
20101125,5.7,5.78,5.7,5.78,3300,0
20101126,5.7,5.79,5.69,5.71,8690,0
20101129,5.6,5.75,5.6,5.75,3267,0
20101130,5.68,5.75,5.6,5.75,2390,0
20101201,5.75,5.79,5.75,5.79,1969,0
20101202,5.76,5.79,5.76,5.79,1506,0
20101203,5.79,5.79,5.64,5.78,2585,0
20101206,5.74,5.9,5.74,5.81,16412,0
20101207,5.81,5.9,5.78,5.8,14361,0
20101208,5.85,5.89,5.79,5.89,3959,0
20101209,5.82,5.96,5.82,5.89,5791,0
20101210,5.92,5.92,5.85,5.85,2740,0
20101213,5.8,5.89,5.76,5.89,901,0
20101214,5.8,5.85,5.8,5.82,3367,0
20101215,5.72,5.77,5.66,5.69,24431,0
20101216,5.7,5.7,5.63,5.7,14110,0
20101217,5.7,5.7,5.64,5.64,17052,0
20101220,5.63,5.7,5.61,5.7,5304,0
20101221,5.7,5.79,5.61,5.7,2864,0
20101222,5.52,5.64,5.52,5.64,2008,0
20101223,5.52,5.57,5.52,5.57,1153,0
20101227,5.51,5.64,5.51,5.64,2890,0
20101228,5.7,5.7,5.5,5.69,7945,0
20101229,5.5,5.69,5.5,5.6,3873,0
20101230,5.78,5.78,5.78,5.78,6000,0
20101231,5.77,5.77,5.62,5.75,1470,0
20110103,5.57,5.77,5.57,5.77,3890,0
20110104,5.65,5.75,5.65,5.75,1500,0
20110105,5.75,5.75,5.59,5.59,1300,0
20110107,5.62,5.69,5.62,5.64,2740,0
20110110,5.62,5.69,5.58,5.69,2684,0
20110111,5.65,5.87,5.65,5.86,9779,0
20110112,5.86,5.89,5.75,5.8,10124,0
20110113,5.65,5.8,5.65,5.8,3758,0
20110114,5.79,5.8,5.7,5.72,5910,0
20110117,5.72,5.84,5.7,5.83,5576,0
20110118,5.84,6.11,5.83,5.98,40025,0
20110119,6.05,6.27,5.75,5.82,51589,0
20110120,5.85,5.91,5.76,5.89,7218,0
20110121,5.8,6.04,5.8,6.04,4803,0
20110124,5.91,6.03,5.88,5.99,2293,0
20110125,5.89,6,5.83,5.99,1063,0
20110126,5.85,6.03,5.85,5.99,12264,0
20110127,5.99,6.05,5.9,5.99,11926,0
20110128,5.87,6.04,5.87,6.02,3417,0
20110131,6.02,6.06,5.8,5.97,6270,0
20110201,5.84,5.95,5.84,5.9,5295,0
20110202,5.85,5.9,5.8,5.87,9618,0
20110203,5.83,5.85,5.66,5.85,9843,0
20110204,5.7,5.83,5.7,5.83,5675,0
20110207,5.88,5.95,5.81,5.85,7908,0
20110208,5.8,5.8,5.7,5.75,2887,0
20110209,5.75,5.8,5.62,5.76,10745,0
20110210,5.66,5.66,5.6,5.65,6544,0
20110211,5.56,5.6,5.5,5.6,14636,0
20110214,5.6,5.6,5.5,5.6,4606,0
20110215,5.52,5.84,5.52,5.6,11504,0
20110216,5.6,5.7,5.6,5.7,840,0
20110217,5.6,5.69,5.6,5.69,1077,0
20110218,5.69,5.69,5.5,5.66,3101,0
20110221,5.8,5.8,5.61,5.61,905,0
20110222,5.46,5.68,5.45,5.54,1771,0
20110223,5.48,5.74,5.46,5.74,2281,0
20110224,5.53,5.65,5.52,5.65,881,0
20110225,5.53,5.7,5.5,5.66,3830,0
20110228,5.61,5.66,5.57,5.62,2561,0
20110301,5.7,5.7,5.52,5.6,2402,0
20110302,5.52,5.56,5.52,5.56,6608,0
20110303,5.56,5.6,5.49,5.49,3059,0
20110304,5.45,5.5,5.45,5.49,7625,0
20110307,5.45,5.5,5.28,5.45,8496,0
20110308,5.41,5.41,5.38,5.4,2688,0
20110309,5.38,5.43,5.3,5.43,2385,0
20110310,5.56,5.59,5.4,5.4,8110,0
20110311,5.35,5.37,5.35,5.36,2123,0
20110314,5.36,5.43,5.21,5.36,9565,0
20110315,5.26,5.35,5.21,5.35,2631,0
20110316,5.2,5.38,5.2,5.38,2841,0
20110317,5.22,5.33,5.22,5.33,2490,0
20110318,5.24,5.25,5.23,5.25,2731,0
20110321,5.3,5.32,5.3,5.32,1689,0
20110322,5.28,5.32,5.25,5.32,2060,0
20110323,5.23,5.31,5.2,5.21,5419,0
20110324,5.21,5.3,5.21,5.29,1945,0
20110325,5.2,5.2,5.05,5.1,7997,0
20110328,5.1,5.2,5.1,5.2,8632,0
20110329,5.2,5.2,5.13,5.19,7712,0
20110330,5.11,5.27,5.11,5.2,8892,0
20110331,5.28,5.28,5.13,5.18,13633,0
20110401,5.17,5.23,5.14,5.23,3435,0
20110404,5.1,5.15,5.1,5.15,1569,0
20110405,5.14,5.19,5.1,5.19,4896,0
20110406,5.18,5.23,5.1,5.2,6607,0
20110407,5.17,5.17,5.17,5.17,508,0
20110408,5.12,5.18,5.1,5.18,2562,0
20110411,5.1,5.22,5.1,5.22,2957,0
20110412,5.2,5.47,5.2,5.4,9827,0
20110413,5.37,5.58,5.36,5.43,9882,0
20110414,5.39,5.4,5.37,5.4,3692,0
20110415,5.4,5.4,5.37,5.37,1325,0
20110418,5.32,5.32,5.32,5.32,150,0
20110419,5.32,5.44,5.27,5.27,2048,0
20110420,5.27,5.39,5.27,5.39,1958,0
20110421,5.39,5.39,5.26,5.27,2855,0
20110426,5.2,5.2,5.15,5.2,3844,0
20110427,5.15,5.15,5.15,5.15,330,0
20110428,5.15,5.15,5.15,5.15,200,0
20110429,5.15,5.28,5.15,5.2,1334,0
20110502,5.12,5.14,5.12,5.14,947,0
20110504,5.13,5.13,5.1,5.1,1350,0
20110505,5.05,5.05,4.74,5.05,8910,0
20110506,5.06,5.09,4.89,5,1725,0
20110509,5.23,5.23,4.85,4.9,3510,0
20110510,4.95,5.05,4.83,4.9,2417,0
20110511,4.84,5.05,4.84,5.05,410,0
20110512,4.89,4.89,4.89,4.89,1088,0
20110513,4.99,4.99,4.7,4.98,2703,0
20110516,4.99,4.99,4.8,4.82,3265,0
20110517,4.89,4.89,4.7,4.75,3172,0
20110518,4.75,4.8,4.75,4.8,1861,0
20110519,4.8,4.96,4.8,4.8,2945,0
20110520,4.9,4.9,4.9,4.9,1,0
20110524,4.75,4.76,4.75,4.75,870,0
20110525,4.66,4.86,4.65,4.86,3199,0
20110526,4.84,4.85,4.84,4.84,2375,0
20110527,4.84,4.95,4.84,4.95,4744,0
20110530,5,5,4.89,4.95,3102,0
20110531,4.91,4.91,4.91,4.91,348,0
20110601,4.91,5,4.9,5,1200,0
20110602,4.98,4.98,4.81,4.94,5328,0
20110603,4.94,4.99,4.94,4.99,1000,0
20110606,4.99,4.99,4.99,4.99,204,0
20110607,4.99,4.99,4.9,4.98,1830,0
20110608,4.98,4.98,4.86,4.86,1013,0
20110610,4.77,4.89,4.76,4.89,686,0
20110613,4.86,4.96,4.85,4.96,746,0
20110615,4.96,4.96,4.9,4.9,233,0
20110616,4.85,4.85,4.85,4.85,272,0
20110617,4.42,4.65,4.42,4.65,304,0
20110620,4.65,4.65,4.3,4.31,9073,0
20110621,4.3,4.49,4.3,4.47,4865,0
20110622,4.1,4.48,4.1,4.48,7150,0
20110624,4.5,4.5,4.32,4.49,660,0
20110627,4.5,4.5,4.41,4.49,6282,0
20110628,4.59,4.79,4.5,4.77,1905,0
20110630,4.84,4.84,4.78,4.84,370,0
20110701,4.5,4.83,4.5,4.83,1129,0
20110704,4.8,4.8,4.8,4.8,1,0
20110705,4.62,4.78,4.62,4.78,230,0
20110706,4.58,4.75,4.58,4.75,430,0
20110707,4.68,4.68,4.68,4.68,200,0
20110708,4.67,4.67,4.63,4.63,400,0
20110711,4.52,4.52,4.4,4.4,870,0
20110712,4.4,4.4,4.2,4.2,2589,0
20110713,4.4,4.59,4.01,4.54,4181,0
20110714,4.5,4.65,4.4,4.65,3665,0
20110715,4.6,4.83,4.6,4.83,2820,0
20110718,4.83,4.83,4.4,4.4,153731,0
20110719,4.21,4.58,4.21,4.54,662,0
20110720,4.12,4.55,4.12,4.55,879,0
20110721,4.23,4.55,4.23,4.55,1426,0
20110722,4.55,4.55,4.55,4.55,386,0
20110725,4.36,4.48,4.15,4.15,4397,0
20110726,4.15,4.3,4.14,4.3,1520,0
20110727,4.2,4.28,4,4.28,5939,0
20110728,4.1,4.16,3.94,4,4655,0
20110729,4,4.1,4,4.05,1650,0
20110801,4.04,4.26,4.04,4.12,1551,0
20110802,3.75,4.1,3.75,4.08,1150,0
20110803,3.87,3.96,3.8,3.8,7000,0
20110804,3.99,3.99,3.45,3.45,13315,0
20110805,3.2,3.99,3.19,3.99,17644,0
20110808,3.61,3.92,3.36,3.37,6081,0
20110809,3.37,3.86,3.06,3.86,7411,0
20110810,3.84,4.3,3.6,3.8,12781,0
20110811,3.85,4,3.6,3.8,12477,0
20110812,3.8,4,3.8,3.98,8225,0
20110816,4.2,4.2,4,4,3575,0
20110817,4,4.19,3.9,4.19,5618,0
20110818,4.11,4.11,3.8,4.09,5822,0
20110819,3.98,3.99,3.98,3.99,782,0
20110822,3.98,3.99,3.98,3.99,675,0
20110823,3.82,4.05,3.82,4.05,911,0
20110824,3.91,4.05,3.91,4.05,322,0
20110829,4.1,4.1,3.99,4,3080,0
20110830,4,4,3.95,3.95,1470,0
20110831,3.8,3.98,3.71,3.95,5876,0
20110902,3.9,3.9,3.47,3.47,25199,0
20110905,3.55,3.55,3.3,3.3,5725,0
20110906,3.3,3.3,2.99,3,67071,0
20110907,3.17,3.26,3.11,3.13,19851,0
20110908,3.24,3.39,3.23,3.23,2885,0
20110909,3.23,3.32,3.15,3.32,14721,0
20110912,3.35,3.35,3.15,3.25,3619,0
20110913,3.25,3.29,3.05,3.29,300,0
20110914,3.28,3.28,3,3.28,7989,0
20110916,3.2,3.25,3.17,3.25,2854,0
20110919,3.23,3.48,3,3.48,6311,0
20110920,3.49,3.49,3.4,3.4,102,0
20110921,3.48,3.48,3.48,3.48,100,0
20110922,3.06,3.43,3.05,3.05,2939,0
20110923,3.05,3.1,2.95,3.1,2811,0
20110926,3.1,3.1,2.95,3.07,4094,0
20110927,3.07,3.35,3.07,3.35,651,0
20110928,3.4,3.4,3.06,3.06,855,0
20110929,3,3.29,3,3.29,1278,0
20110930,3.16,3.28,3.16,3.28,686,0
20111003,3.28,3.28,3.28,3.28,10,0
20111004,3.03,3.03,2.96,3,3343,0
20111005,3.05,3.19,3,3.19,1193,0
20111006,3.1,3.1,3.1,3.1,1967,0
20111007,3.13,3.2,3.1,3.1,5584,0
20111010,3.01,3.1,3.01,3.1,589,0
20111011,3.01,3.1,3.01,3.01,2307,0
20111012,3.02,3.03,3,3.03,6173,0
20111013,3.03,3.1,2.97,3.04,22460,0
20111014,2.99,3,2.96,2.96,2324,0
20111017,3.07,3.07,2.96,2.96,4126,0
20111018,2.98,3.01,2.98,3.01,3200,0
20111019,2.96,3,2.96,3,3385,0
20111020,2.98,2.98,2.98,2.98,307,0
20111021,2.95,3.15,2.95,3.15,8836,0
20111024,3.15,3.35,3.15,3.25,10207,0
20111025,3.25,3.48,3.1,3.11,11447,0
20111026,3.15,3.15,3.15,3.15,620,0
20111027,3.19,3.21,3.19,3.2,2016,0
20111028,3.2,3.2,3.2,3.2,2314,0
20111031,3.11,3.19,3.1,3.19,1550,0
20111102,3.07,3.1,3,3.1,800,0
20111104,3.06,3.09,3,3.09,5545,0
20111107,3.03,3.13,3.03,3.06,4104,0
20111108,3.06,3.17,3.05,3.17,7015,0
20111109,3.08,3.17,3.05,3.15,6476,0
20111110,3.05,3.15,3.05,3.05,1797,0
20111114,3.1,3.1,3.01,3.1,1271,0
20111115,3.1,3.1,3.1,3.1,2825,0
20111116,3.01,3.05,3,3.05,3318,0
20111117,2.99,3.05,2.99,3.05,4558,0
20111118,3,3.05,3,3.04,2150,0
20111121,2.96,2.96,2.74,2.74,4694,0
20111122,2.8,2.99,2.8,2.96,805,0
20111123,2.95,2.95,2.95,2.95,100,0
20111124,2.96,2.96,2.71,2.94,193,0
20111125,2.75,2.99,2.75,2.99,1302,0
20111130,2.98,3.05,2.98,3.05,833,0
20111205,2.86,3,2.86,3,620,0
20111206,3,3,3,3,10,0
20111207,2.75,2.96,2.74,2.96,1676,0
20111208,2.78,2.82,2.76,2.78,4221,0
20111209,2.74,2.84,2.7,2.7,8855,0
20111212,2.82,2.89,2.65,2.7,1330,0
20111213,2.7,2.72,2.56,2.7,2162,0
20111214,2.63,2.63,2.6,2.6,3000,0
20111215,2.54,2.54,2.53,2.53,1064,0
20111216,2.6,2.7,2.59,2.6,8410,0
20111219,2.53,2.6,2.47,2.6,6722,0
20111220,2.48,2.6,2.45,2.6,39616,0
20111221,2.6,2.6,2.51,2.59,5008,0
20111222,2.59,2.59,2.45,2.59,6473,0
20111223,2.5,2.84,2.46,2.83,6881,0
20111227,2.83,2.85,2.83,2.83,4220,0
20111228,2.88,2.88,2.62,2.8,2401,0
20111229,2.8,2.8,2.7,2.7,510,0
20120102,2.7,2.7,2.7,2.7,500,0
20120103,2.48,2.75,2.48,2.75,2200,0
20120105,2.75,2.75,2.62,2.62,1415,0
20120109,2.62,2.79,2.6,2.79,495,0
20120110,2.79,2.8,2.73,2.8,1815,0
20120112,2.79,2.79,2.79,2.79,1680,0
20120113,2.75,2.75,2.75,2.75,1200,0
20120116,2.7,2.77,2.7,2.77,600,0
20120117,2.8,2.8,2.75,2.78,1700,0
20120118,2.8,2.8,2.8,2.8,100,0
20120119,2.7,2.8,2.7,2.72,2767,0
20120120,2.66,2.8,2.66,2.8,480,0
20120123,2.69,2.79,2.68,2.79,1110,0
20120124,2.7,2.79,2.67,2.79,4645,0
20120125,2.7,2.75,2.7,2.75,698,0
20120126,2.74,2.93,2.7,2.92,12039,0
20120127,2.9,2.93,2.9,2.92,7775,0
20120130,2.97,2.97,2.81,2.96,2248,0
20120131,2.97,3,2.86,2.97,8220,0
20120201,2.93,2.99,2.93,2.99,665,0
20120202,2.98,3.03,2.95,3.02,20694,0
20120203,3.02,3.13,3.02,3.13,1450,0
20120206,3.1,3.19,3.1,3.16,2663,0
20120207,3.2,3.25,3.16,3.16,7020,0
20120208,3.17,3.24,3.17,3.2,1364,0
20120209,3.24,3.26,3.24,3.25,12842,0
20120210,3.28,3.28,3.05,3.2,2612,0
20120213,3.04,3.14,3.04,3.14,8857,0
20120214,3.11,3.13,3.07,3.07,3097,0
20120215,3.11,3.11,3.04,3.1,4763,0
20120216,3.03,3.16,3,3.1,37044,0
20120217,3.01,3.14,3.01,3.1,3099,0
20120220,3.03,3.15,3.03,3.13,7693,0
20120221,3.13,3.13,3.04,3.13,14090,0
20120222,3.05,3.15,3.04,3.04,3526,0
20120223,3.01,3.02,3.01,3.01,2700,0
20120224,3.03,3.03,3,3,4745,0
20120228,2.96,2.96,2.95,2.95,3315,0
20120229,2.99,3.02,2.75,3.02,19266,0
20120301,2.82,2.93,2.82,2.93,805,0
20120302,2.9,2.9,2.9,2.9,300,0
20120305,2.9,2.9,2.73,2.86,2427,0
20120306,2.75,2.8,2.71,2.8,5518,0
20120307,2.64,2.81,2.64,2.75,2676,0
20120308,2.76,2.86,2.76,2.86,451,0
20120309,2.78,2.84,2.78,2.84,707,0
20120314,2.71,2.84,2.71,2.84,550,0
20120315,2.7,2.8,2.7,2.8,505,0
20120319,2.83,2.83,2.66,2.79,2855,0
20120320,2.79,2.79,2.56,2.56,4022,0
20120321,2.68,2.7,2.5,2.65,15478,0
20120322,2.65,2.65,2.5,2.5,2678,0
20120323,2.5,2.63,2.5,2.63,1874,0
20120326,2.62,2.62,2.62,2.62,2000,0
20120327,2.63,2.63,2.52,2.63,2279,0
20120328,2.55,2.63,2.52,2.63,4595,0
20120329,2.55,2.62,2.55,2.62,4250,0
20120330,2.55,2.62,2.55,2.62,3060,0
20120402,2.49,2.55,2.48,2.48,2520,0
20120403,2.5,2.57,2.48,2.57,3714,0
20120404,2.55,2.55,2.54,2.55,1376,0
20120405,2.48,2.55,2.4,2.55,7540,0
20120410,2.43,2.54,2.41,2.54,4810,0
20120411,2.4,2.5,2.4,2.5,1087,0
20120412,2.5,2.57,2.35,2.5,3470,0
20120416,2.38,2.48,2.32,2.48,2685,0
20120417,2.36,2.45,2.32,2.45,3451,0
20120418,2.25,2.32,2.22,2.25,8312,0
20120419,2.35,2.38,2.28,2.28,5011,0
20120420,2.3,2.3,2.15,2.15,6674,0
20120423,2.17,2.2,2.17,2.2,1400,0
20120424,2.22,2.33,2.09,2.33,360,0
20120425,2.2,2.33,2.2,2.33,183,0
20120426,2.33,2.33,2.33,2.33,600,0
20120504,2.13,2.28,2.13,2.28,387,0
20120508,2.22,2.22,2.22,2.22,923,0
20120509,2.1,2.1,2,2,3911,0
20120510,2.05,2.05,1.99,1.99,4515,0
20120511,2.02,2.02,2,2,3089,0
20120514,2,2,2,2,1495,0
20120516,2,2,1.85,2,600,0
20120517,1.8,1.9,1.7,1.9,9727,0
20120518,1.75,1.75,1.75,1.75,500,0
20120522,1.77,1.77,1.77,1.77,10,0
20120523,1.8,1.9,1.72,1.9,10205,0
20120525,1.9,1.9,1.9,1.9,745,0
20120529,1.99,2.1,1.99,2.02,4042,0
20120530,1.93,1.93,1.9,1.9,2200,0
20120531,1.87,1.9,1.81,1.9,3851,0
20120601,1.95,1.95,1.81,1.81,2507,0
20120608,1.94,1.94,1.94,1.94,100,0
20120612,1.8,1.8,1.8,1.8,100,0
20120613,1.81,1.81,1.8,1.8,1472,0
20120614,1.81,2,1.8,2,7870,0
20120615,1.99,1.99,1.9,1.9,1280,0
20120618,1.91,1.91,1.91,1.91,400,0
20120620,1.9,1.9,1.9,1.9,600,0
20120626,1.88,1.88,1.87,1.87,3750,0
20120627,1.84,1.84,1.84,1.84,2000,0
20120628,1.83,1.83,1.82,1.82,2900,0
20120629,1.83,1.9,1.83,1.83,2450,0
20120704,1.82,1.82,1.71,1.71,3631,0
20120705,1.75,1.75,1.75,1.75,590,0
20120706,1.97,1.97,1.97,1.97,1000,0
20120709,1.97,1.97,1.97,1.97,1,0
20120710,1.96,2.15,1.96,2.14,3894,0
20120711,2.1,2.24,2.1,2.23,2058,0
20120712,2.22,2.4,2.2,2.38,4525,0
20120713,2.59,2.59,2.3,2.4,2220,0
20120716,2.45,2.45,2.3,2.44,850,0
20120717,2.47,2.47,2.47,2.47,100,0
20120718,2.47,2.47,2.43,2.43,1100,0
20120719,2.3,2.3,2.3,2.3,12,0
20120724,2.3,2.35,2.3,2.35,1918,0
20120725,2.35,2.35,2.35,2.35,39,0
20120726,2.33,2.35,2.33,2.35,781,0
20120727,2.33,2.35,2.33,2.35,300,0
20120730,2.35,2.35,2.35,2.35,100,0
20120801,2.32,2.35,2.32,2.35,5636,0
20120802,2.4,2.45,2.4,2.4,833,0
20120803,2.4,2.45,2.4,2.45,750,0
20120806,2.53,2.69,2.53,2.69,1500,0
20120808,2.65,2.68,2.45,2.68,5390,0
20120809,2.5,2.67,2.45,2.67,3900,0
20120810,2.46,2.64,2.41,2.63,4948,0
20120813,2.4,2.6,2.4,2.58,1346,0
20120814,2.5,2.54,2.38,2.38,1600,0
20120816,2.52,2.52,2.52,2.52,40,0
20120817,2.51,2.51,2.51,2.51,25,0
20120820,2.51,2.51,2.42,2.49,4852,0
20120821,2.49,2.6,2.49,2.59,2000,0
20120823,2.44,2.55,2.42,2.52,5035,0
20120824,2.47,2.5,2.45,2.5,1600,0
20120829,2.41,2.5,2.41,2.5,22,0
20120830,2.41,2.5,2.38,2.5,485,0
20120831,2.38,2.49,2.33,2.49,11652,0
20120903,2.48,2.48,2.48,2.48,200,0
20120905,2.41,2.44,2.3,2.44,3900,0
20120907,2.44,2.45,2.44,2.44,3400,0
20120911,2.4,2.5,2.34,2.49,12347,0
20120912,2.33,2.65,2.33,2.65,8372,0
20120913,2.63,2.7,2.44,2.7,9128,0
20120914,2.6,2.7,2.6,2.69,785,0
20120918,2.6,2.64,2.6,2.64,1146,0
20120919,2.55,2.65,2.55,2.65,375,0
20120921,2.65,2.65,2.65,2.65,99,0
20120926,2.55,2.6,2.5,2.6,2260,0
20121001,2.6,2.64,2.6,2.64,5500,0
20121002,2.6,2.6,2.59,2.59,157,0
20121003,2.6,2.65,2.6,2.65,4542,0
20121004,2.65,2.65,2.65,2.65,3028,0
20121005,2.69,2.93,2.69,2.93,6718,0
20121008,2.93,2.93,2.75,2.8,2334,0
20121009,2.9,2.93,2.75,2.93,10563,0
20121010,2.8,2.9,2.75,2.9,5345,0
20121016,2.75,2.88,2.64,2.88,4813,0
20121017,2.85,2.89,2.85,2.89,2257,0
20121018,2.9,2.97,2.9,2.97,3000,0
20121019,2.9,2.99,2.9,2.99,5000,0
20121022,2.99,2.99,2.81,2.97,1991,0
20121025,2.81,2.99,2.81,2.99,4000,0
20121030,2.84,2.95,2.84,2.95,4140,0
20121031,2.95,2.95,2.95,2.95,331,0
20121102,2.9,2.9,2.9,2.9,243,0
20121106,2.7,2.88,2.7,2.88,310,0
20121108,2.85,2.9,2.85,2.9,100,0
20121113,2.95,2.95,2.95,2.95,27,0
20121119,2.66,2.9,2.66,2.9,2111,0
20121205,2.85,2.95,2.67,2.95,9295,0
20121206,2.8,2.8,2.8,2.8,245,0
20121207,2.75,2.8,2.75,2.8,936,0
20121210,2.8,2.95,2.8,2.8,5021,0
20121211,2.61,2.9,2.61,2.9,4000,0
20121212,2.8,2.8,2.8,2.8,2010,0
20121213,2.89,2.9,2.89,2.9,500,0
20121214,2.8,2.9,2.65,2.88,6900,0
20121217,2.62,2.87,2.62,2.87,4077,0
20121218,2.73,2.88,2.73,2.88,1397,0
20121219,2.8,2.88,2.7,2.88,12731,0
20121220,2.79,2.95,2.71,2.95,5280,0
20121221,2.85,2.99,2.85,2.95,2645,0
20121228,2.81,2.92,2.71,2.74,10835,0
20130103,2.74,2.74,2.74,2.74,798,0
20130104,2.8,2.8,2.8,2.8,355,0
20130107,2.92,2.92,2.92,2.92,3,0
20130108,2.92,2.92,2.9,2.92,7070,0
20130109,2.78,2.91,2.78,2.91,173,0
20130111,2.91,2.91,2.78,2.91,1045,0
20130115,2.75,2.76,2.75,2.76,1113,0
20130116,2.75,2.88,2.73,2.88,1889,0
20130117,2.75,2.84,2.75,2.84,2117,0
20130118,2.73,2.73,2.62,2.62,3536,0
20130121,2.62,2.62,2.62,2.62,121,0
20130122,2.62,2.62,2.62,2.62,1272,0
20130123,2.59,2.8,2.55,2.8,12676,0
20130124,2.83,2.85,2.75,2.75,1229,0
20130128,2.9,2.9,2.62,2.62,679,0
20130129,2.74,2.74,2.55,2.55,2150,0
20130130,2.74,2.75,2.74,2.75,1570,0
20130131,2.85,2.9,2.76,2.9,7544,0
20130204,2.87,2.88,2.84,2.88,16716,0
20130205,2.72,2.72,2.72,2.72,1000,0
20130206,2.71,2.71,2.67,2.67,3400,0
20130208,2.69,2.74,2.69,2.74,34375,0
20130211,2.71,2.74,2.71,2.74,5632,0
20130218,2.62,2.74,2.61,2.73,2575,0
20130221,2.61,2.72,2.61,2.72,345,0
20130227,2.55,2.67,2.55,2.67,410,0
20130228,2.5,2.6,2.46,2.6,1020,0
20130301,2.56,2.59,2.56,2.59,1010,0
20130306,2.49,2.59,2.49,2.59,4390,0
20130307,2.53,2.53,2.48,2.52,10130,0
20130308,2.51,2.53,2.51,2.53,7296,0
20130311,2.56,2.56,2.56,2.56,2550,0
20130312,2.57,2.57,2.47,2.51,6994,0
20130314,2.5,2.5,2.5,2.5,400,0
20130315,2.5,2.51,2.5,2.51,5980,0
20130318,2.5,2.5,2.5,2.5,400,0
20130319,2.46,2.46,2.45,2.45,1186,0
20130321,2.37,2.42,2.3,2.42,3220,0
20130325,2.35,2.38,2.25,2.35,2522,0
20130326,2.12,2.12,2.03,2.03,1700,0
20130327,2,2.01,1.95,1.95,10526,0
20130328,1.92,1.92,1.92,1.92,500,0
20130402,1.97,1.97,1.97,1.97,400,0
20130404,2.2,2.3,2.2,2.3,3101,0
20130405,2.11,2.59,2.08,2.59,1171,0
20130409,2.53,2.53,2.53,2.53,9,0
20130412,2.32,2.53,2.32,2.53,174,0
20130417,2.28,2.28,2.28,2.28,300,0
20130419,2.45,2.45,2.45,2.45,5,0
20130422,2.45,2.45,2.45,2.45,160,0
20130424,2.1,2.5,2.1,2.5,7300,0
20130506,2.53,2.53,2.53,2.53,49,0
20130509,2.52,2.52,2.5,2.5,80,0
20130510,2.52,2.52,2.52,2.52,125,0
20130513,2.52,2.55,2.52,2.55,5516,0
20130522,2.4,2.4,2.4,2.4,207,0
20130523,2.55,2.55,2.55,2.55,10,0
20130529,2.5,2.5,2.5,2.5,398,0
20130531,2.4,2.4,2.4,2.4,75,0
20130603,2.4,2.4,2.4,2.4,664,0
20130604,2.4,2.4,2.4,2.4,1800,0
20130605,2.4,2.4,2.4,2.4,5785,0
20130606,2.4,2.4,2.4,2.4,35,0
20130607,2.4,2.4,2.4,2.4,3516,0
20130610,2.45,2.45,2.45,2.45,225,0
20130612,2.45,2.45,2.45,2.45,1,0
20130614,2.39,2.39,2.39,2.39,330,0
20130619,2.38,2.44,2.38,2.44,20000,0
20130624,2.21,2.38,2.1,2.37,2877,0
20130626,2.3,2.3,2.3,2.3,50,0
20130627,2.07,2.38,2.07,2.38,167,0
20130705,2.33,2.33,2.33,2.33,100,0
20130709,2.29,2.29,2.02,2.03,7211,0
20130710,2,2.3,1.97,2.3,3198,0
20130715,1.98,1.98,1.98,1.98,20,0
20130716,1.99,1.99,1.8,1.82,4919,0
20130717,1.72,1.73,1.7,1.73,440,0
20130718,2,2,2,2,12200,0
20130722,2.2,2.2,2.2,2.2,1000,0
20130723,2.2,2.33,2.2,2.33,7553,0
20130724,2.38,2.38,2.38,2.38,150,0
20130802,2.22,2.43,2.22,2.43,53400,0
20130805,2.32,2.45,2.32,2.44,8094,0
20130806,2.43,2.56,2.43,2.56,123000,0
20130807,2.55,2.8,2.55,2.8,8107,0
20130808,2.79,2.87,2.79,2.87,234,0
20130809,2.85,2.94,2.85,2.94,7000,0
20130812,2.94,2.99,2.94,2.98,4312,0
20130814,2.97,2.97,2.97,2.97,3310,0
20130816,2.86,2.9,2.86,2.9,710,0
20130819,2.86,2.98,2.86,2.98,4203,0
20130820,2.96,2.96,2.96,2.96,520,0
20130822,2.7,2.98,2.7,2.98,8627,0
20130823,2.71,3.1,2.71,2.85,9624,0
20130826,3.1,3.1,3.1,3.1,129,0
20130828,3.05,3.2,3.05,3.2,4979,0
20130829,3.15,3.25,3.15,3.2,1131,0
20130830,3.1,3.2,3.1,3.2,2827,0
20130902,3.12,3.12,3.11,3.11,420,0
20130905,3.17,3.17,3.17,3.17,313,0
20130911,3.09,3.09,3.09,3.09,175,0
20130924,2.99,3.15,2.99,3.15,18500,0
20130925,3,3.09,3,3.09,5342,0
20131002,2.82,3.04,2.82,3.04,600,0
20131011,2.94,2.94,2.94,2.94,105,0
20131014,2.88,2.88,2.87,2.87,10,0
20131015,2.6,2.85,2.55,2.85,2310,0
20131016,2.83,3,2.83,3,10783,0
20131021,3.02,3.02,3,3,600,0
20131023,2.8,3.08,2.8,3.08,6012,0
20131024,3.02,3.08,3.02,3.06,19600,0
20131025,2.92,3.08,2.92,3.07,11323,0
20131028,3.07,3.09,3.07,3.09,5010,0
20131029,3.05,3.1,3.05,3.09,5300,0
20131031,3.01,3.09,3.01,3.09,127,0
20131106,2.85,3.13,2.85,3.13,1400,0
20131107,3.1,3.1,3.1,3.1,60,0
20131108,2.87,3.08,2.87,3.08,2250,0
20131112,2.93,2.93,2.93,2.93,199,0
20131115,2.92,2.97,2.82,2.97,4910,0
20131118,2.9,2.9,2.9,2.9,100,0
20131120,2.8,2.98,2.8,2.98,1309,0
20131125,2.9,2.98,2.9,2.98,2200,0
20131129,2.71,2.71,2.71,2.71,400,0
20131202,2.71,2.71,2.71,2.71,13,0
20131209,2.6,2.6,2.6,2.6,60,0
20131210,2.88,2.9,2.88,2.9,2806,0
20131212,2.85,2.97,2.81,2.97,23413,0
20131218,2.8,2.98,2.8,2.98,2127,0
20131219,2.83,3,2.83,3,602,0
20131230,3,3,3,3,600,0
20140102,3,3.01,3,3,4953,0
20140110,3.01,3.01,3.01,3.01,63,0
20140113,3.02,3.02,3.02,3.02,62,0
20140121,2.73,2.98,2.73,2.98,7229,0
20140122,2.98,2.98,2.98,2.98,63,0
20140123,2.75,2.77,2.75,2.75,3871,0
20140124,2.8,2.8,2.69,2.7,1073,0
20140129,2.52,2.67,2.52,2.67,1397,0
20140207,2.5,2.52,2.4,2.45,13822,0
20140210,2.35,2.35,2.35,2.35,1092,0
20140211,2.5,2.5,2.4,2.5,22022,0
20140218,2.59,2.62,2.35,2.5,81950,0
20140219,2.29,2.5,2.28,2.5,9222,0
20140221,2.5,2.51,2.5,2.51,12500,0
20140224,2.5,2.5,2.5,2.5,12369,0
20140303,2.21,2.3,2.21,2.3,877,0
20140304,2.42,2.42,2.42,2.42,690,0
20140307,2.38,2.5,2.38,2.5,260,0
20140310,2.36,2.48,2.15,2.47,18907,0
20140312,2.23,2.39,2.23,2.39,2053,0
20140313,2.21,2.34,2.2,2.32,1055,0
20140317,2.24,2.24,2.24,2.24,300,0
20140320,2.3,2.38,2.3,2.38,750,0
20140321,2.38,2.38,2.38,2.38,300,0
20140324,2.3,2.4,2.3,2.4,150,0
20140325,2.4,2.4,2.4,2.4,20,0
20140326,2.35,2.35,2.35,2.35,450,0
20140414,2.13,2.3,2.13,2.29,6860,0
20140415,2.33,2.33,2.33,2.33,10,0
20140417,2.28,2.28,2.28,2.28,362,0
20140422,2.05,2.11,2.05,2.11,374,0
20140423,2.1,2.1,2.1,2.1,150,0
20140424,2.09,2.09,2.09,2.09,360,0
20140425,2.09,2.09,2.06,2.06,800,0
20140502,2.06,2.06,2.06,2.06,323,0
20140505,2.04,2.04,2.01,2.01,1574,0
20140506,2.01,2.01,1.96,1.96,13600,0
20140507,1.96,2,1.96,2,842,0
20140508,1.98,1.98,1.98,1.98,4100,0
20140509,1.98,1.98,1.98,1.98,410,0
20140519,1.83,1.9,1.83,1.9,1776,0
20140522,2.08,2.08,2.08,2.08,1,0
20140526,1.95,2.1,1.95,2.1,2407,0
20140529,2.1,2.1,2.1,2.1,100,0
20140605,2,2.09,2,2.09,23171,0
20140609,2,2.08,2,2.08,2128,0
20140611,2,2,2,2,1797,0
