Date,Open,High,Low,Close,Volume,OpenInt
20080320,4.0335,4.2173,3.9372,3.9372,156699,0
20080325,3.771,3.9811,3.4735,3.4998,35884,0
20080326,3.4822,3.5873,3.2373,3.2899,78384,0
20080327,3.4735,3.4735,3.2986,3.3685,8729,0
20080328,3.4036,3.4036,3.2373,3.3597,8932,0
20080331,3.2373,3.3949,3.1061,3.3861,18948,0
20080401,3.3949,3.4473,3.2373,3.3073,5306,0
20080402,3.3248,3.3336,3.1674,3.2548,7917,0
20080403,3.2023,3.2023,2.9748,2.9836,19240,0
20080404,3.0011,3.0011,2.7561,2.8786,32056,0
20080407,2.8435,2.8611,2.7561,2.8435,16819,0
20080408,2.7473,3.316,2.7124,3.316,67928,0
20080409,3.3073,3.6573,3.2286,3.6573,74272,0
20080410,3.6748,3.7185,3.5523,3.6047,8884,0
20080411,3.6748,4.191,3.6748,4.1385,93087,0
20080414,3.7623,3.9985,3.7623,3.9286,4469,0
20080415,3.9372,3.9547,3.6836,3.6923,883,0
20080416,3.9286,4.0685,3.6923,3.9811,48801,0
20080417,3.9372,3.9372,3.6923,3.7011,3750,0
20080418,3.6748,3.7011,3.4648,3.7011,11682,0
20080421,3.7449,3.8322,3.7449,3.8322,2790,0
20080422,3.7449,3.8935,3.7449,3.8935,1441,0
20080423,3.9198,3.9198,3.9198,3.9198,17,0
20080424,3.6748,3.8935,3.6748,3.8935,576,0
20080425,3.6836,3.7798,3.6836,3.7798,552,0
20080428,3.8061,3.8061,3.5261,3.7273,2331,0
20080429,3.7273,3.7273,3.4998,3.4998,15758,0
20080430,3.666,3.841,3.666,3.841,19965,0
20080505,3.841,3.8935,3.6748,3.841,13250,0
20080506,4.2698,4.2698,3.8061,4.0248,1312,0
20080507,4.0948,4.0948,4.0948,4.0948,1,0
20080508,3.7185,3.7536,3.5873,3.6047,8031,0
20080509,3.6047,3.7273,3.5873,3.7273,1989,0
20080512,3.7273,3.8848,3.7273,3.8848,80,0
20080513,3.4998,3.7798,3.4911,3.7798,1457,0
20080515,3.4124,3.6748,3.4124,3.6748,9381,0
20080516,3.3336,3.4561,3.2373,3.2373,14678,0
20080519,3.3248,3.4124,3.2373,3.4124,22964,0
20080520,3.4036,3.4036,3.4036,3.4036,15,0
20080521,3.0885,3.3949,3.0885,3.3949,1102,0
20080523,3.4036,3.4998,3.4036,3.4648,1418,0
20080526,3.4735,3.4735,3.3861,3.3861,87,0
20080527,3.2373,3.4561,3.2373,3.4561,336,0
20080529,3.1935,3.4561,3.1148,3.1499,3115,0
20080530,3.2373,3.2373,2.9311,3.2286,6608,0
20080602,3.0536,3.0536,3.0536,3.0536,1142,0
20080603,3.0186,3.0186,2.8961,3.0098,2280,0
20080604,2.8435,3.0011,2.8435,2.8435,1669,0
20080605,2.9311,3.1236,2.9311,3.1236,1632,0
20080606,3.0624,3.316,3.0624,3.316,246,0
20080609,3.3861,3.3861,3.3861,3.3861,1,0
20080610,2.7124,2.7124,2.7124,2.7124,68,0
20080611,3.2373,3.2373,3.2373,3.2373,68,0
20080612,3.2286,3.3248,2.7298,3.1499,1053,0
20080613,3.1411,3.1411,3.1411,3.1411,1579,0
20080616,3.1499,3.1499,3.1499,3.1499,2,0
20080617,3.2286,3.2286,3.2286,3.2286,5,0
20080618,3.3248,3.3248,3.3248,3.3248,1,0
20080619,3.3685,3.4561,3.3685,3.4561,2,0
20080620,3.4385,3.4385,3.4385,3.4385,171,0
20080624,3.2811,3.2811,3.2286,3.2286,150,0
20080626,3.2811,3.2811,3.2811,3.2811,13,0
20080627,2.8523,3.1236,2.7124,3.0624,19706,0
20080630,3.0624,3.0624,3.0624,3.0624,422,0
20080701,2.7124,2.8435,2.6687,2.7999,3879,0
20080702,2.6248,2.7999,2.5636,2.7911,858,0
20080703,2.6248,2.7561,2.5899,2.7386,13208,0
20080707,2.7473,2.7473,2.5811,2.7124,1485,0
20080708,2.6248,2.6248,2.6248,2.6248,171,0
20080711,2.6248,2.7386,2.5811,2.7124,2368,0
20080714,2.7561,2.7561,2.7561,2.7561,57,0
20080715,2.5023,2.6074,2.3711,2.6074,2654,0
20080716,2.3711,2.5373,2.3711,2.5373,1290,0
20080717,2.5461,2.7298,2.5461,2.7298,148,0
20080718,2.7298,2.7298,2.7298,2.7298,171,0
20080723,2.6248,2.6248,2.6248,2.6248,904,0
20080729,2.5111,2.5111,2.5023,2.5023,324,0
20080730,2.4936,2.6687,2.4936,2.6687,264,0
20080805,2.6161,2.6161,2.4499,2.4499,1808,0
20080806,2.5811,2.5811,2.4936,2.4936,909,0
20080807,2.6511,2.6511,2.6511,2.6511,230,0
20080808,2.5373,2.5373,2.3624,2.5373,810,0
20080811,2.6161,2.6161,2.6161,2.6161,445,0
20080813,2.5811,2.7036,2.5811,2.7036,3426,0
20080814,2.8435,2.8435,2.3274,2.6248,1282,0
20080818,2.6774,2.6774,2.6774,2.6774,1,0
20080819,2.3624,2.6248,2.3624,2.6248,535,0
20080821,2.3886,2.5198,2.3886,2.5198,1579,0
20080822,2.5111,2.5111,2.3624,2.4061,2788,0
20080825,2.6161,2.6161,2.6161,2.6161,1,0
20080826,2.6248,2.6511,2.6248,2.6511,210,0
20080828,2.5373,2.6336,2.3011,2.6336,1430,0
20080901,2.5811,2.5811,2.3449,2.3624,5766,0
20080902,2.3624,2.4061,2.3187,2.4061,2069,0
20080904,2.3973,2.3973,2.3973,2.3973,408,0
20080908,2.3886,2.3886,2.3886,2.3886,415,0
20080909,2.3886,2.3973,2.3886,2.3973,278,0
20080910,2.3886,2.3973,2.3886,2.3973,163,0
20080916,2.3624,2.3624,1.7937,2.2662,4126,0
20080917,2.1873,2.1873,2.1873,2.1873,845,0
20080918,2.0124,2.1174,2.0124,2.1174,712,0
20080919,2.0999,2.0999,2.0999,2.0999,228,0
20080922,2.0999,2.0999,2.0999,2.0999,115,0
20080924,2.0737,2.0737,2.0561,2.0561,1145,0
20080925,2.0648,2.2574,2.0648,2.2574,129,0
20080926,2.2662,2.4061,2.1873,2.3449,6001,0
20080929,2.2399,2.3449,2.2399,2.2748,7471,0
20080930,2.1962,2.1962,2.1611,2.1873,6060,0
20081001,2.2662,2.3099,2.2662,2.3099,516,0
20081002,2.2311,2.2311,2.2311,2.2311,125,0
20081003,2.3099,2.3099,2.1611,2.2662,2060,0
20081006,2.1349,2.1437,1.9687,2.0124,5336,0
20081007,2.0212,2.0212,1.7412,1.9248,26476,0
20081008,1.8198,1.9248,1.75,1.75,20913,0
20081009,1.7761,1.7761,1.7761,1.7761,342,0
20081010,1.75,1.75,1.5749,1.5749,14319,0
20081013,1.75,1.8811,1.75,1.7937,4824,0
20081014,1.7149,1.8374,1.6624,1.8198,16243,0
20081015,1.7761,1.9248,1.7761,1.9248,10450,0
20081016,1.7761,1.7849,1.7061,1.7849,5652,0
20081017,1.7237,1.7237,1.6973,1.6973,9040,0
20081020,1.6624,1.6624,1.6624,1.6624,1142,0
20081021,1.6187,1.6536,1.6187,1.6536,3308,0
20081022,1.5749,1.5749,1.4875,1.4875,1601,0
20081023,1.4086,1.4875,1.4,1.4787,18362,0
20081024,1.3825,1.3825,1.3649,1.3649,4665,0
20081027,1.3036,1.6449,1.3036,1.6449,12435,0
20081028,1.6973,1.7325,1.6187,1.6799,5493,0
20081029,1.7061,1.7849,1.6973,1.6973,1657,0
20081030,1.7061,1.7237,1.7061,1.7061,4973,0
20081031,1.6187,1.6887,1.6187,1.6887,2957,0
20081103,1.6799,1.6799,1.6624,1.6624,5383,0
20081104,1.75,1.8024,1.75,1.8024,484,0
20081105,1.8286,1.9775,1.6624,1.9687,28483,0
20081106,1.9336,2.1261,1.9336,2.1261,28960,0
20081107,2.0036,2.0561,2.0036,2.0561,1647,0
20081110,2.0036,2.0036,1.8637,1.9336,8081,0
20081112,1.8198,1.8198,1.8198,1.8198,398,0
20081113,1.7761,1.7761,1.7325,1.7325,2,0
20081114,1.8899,1.8899,1.8111,1.8899,3680,0
20081117,1.75,1.75,1.75,1.75,57,0
20081118,1.6624,1.7149,1.6536,1.7149,7395,0
20081119,1.6275,1.6275,1.6275,1.6275,285,0
20081120,1.5399,1.6012,1.5399,1.6012,8389,0
20081121,1.6799,1.6799,1.6799,1.6799,115,0
20081124,1.6799,1.6973,1.6799,1.6973,1521,0
20081125,1.6973,2.1349,1.6973,2.1349,48802,0
20081126,2.0386,2.1611,1.9248,2.1611,8673,0
20081127,2.1786,2.3799,2.1786,2.2486,10625,0
20081128,2.2748,2.2748,2.1349,2.1349,4863,0
20081201,1.9423,2.0124,1.9423,2.0124,4125,0
20081202,1.9687,2.0648,1.8811,2.0648,5492,0
20081203,2.0561,2.0648,2.0561,2.0648,24116,0
20081204,2.1086,2.1086,2.1086,2.1086,18,0
20081205,2.0912,2.0912,1.9861,1.9861,206,0
20081208,2.0737,2.0737,2.0737,2.0737,429,0
20081210,2.0912,2.0912,2.0124,2.0124,4321,0
20081212,1.9248,1.9248,1.8724,1.8724,2271,0
20081215,1.9336,1.9336,1.9248,1.9248,4841,0
20081216,1.9687,2.0124,1.9248,2.0124,577,0
20081217,2.0212,2.0212,1.9336,2.0212,7511,0
20081218,1.9336,1.9949,1.9248,1.9949,1556,0
20081223,1.8811,1.8811,1.8811,1.8811,820,0
20081229,1.8811,1.8811,1.8811,1.8811,720,0
20081230,1.9162,1.9687,1.9162,1.9687,2309,0
20081231,1.9775,1.9775,1.9775,1.9775,3794,0
20090105,2.0299,2.0999,2.0036,2.0036,614,0
20090106,2.0912,2.2311,2.0912,2.0912,12435,0
20090107,2.205,2.6161,2.205,2.3187,18016,0
20090108,2.3187,2.3187,2.3187,2.3187,23,0
20090109,2.2311,2.2311,2.1261,2.1786,5068,0
20090113,1.9687,2.0737,1.9687,2.0737,3379,0
20090114,2.1349,2.1349,2.0212,2.0912,1053,0
20090115,2.1086,2.1437,2.1086,2.1437,725,0
20090116,2.0386,2.0386,2.0386,2.0386,2286,0
20090119,2.0912,2.0912,2.0912,2.0912,2197,0
20090120,2.0999,2.0999,1.9949,2.0036,4350,0
20090121,1.8811,2.0036,1.8811,2.0036,8002,0
20090122,1.8811,1.8811,1.8811,1.8811,3988,0
20090123,1.7761,2.0036,1.7674,1.9423,4331,0
20090126,1.9511,1.9511,1.8724,1.8724,4755,0
20090128,1.8811,1.9423,1.8724,1.8724,7475,0
20090129,1.8637,1.8637,1.8637,1.8637,343,0
20090130,1.8637,1.8724,1.8374,1.8724,1101,0
20090202,1.75,1.75,1.7325,1.7412,2842,0
20090203,1.7325,1.8374,1.7325,1.7325,5715,0
20090204,1.6973,1.6973,1.6973,1.6973,1715,0
20090205,1.6624,1.6973,1.6624,1.6973,573,0
20090206,1.6624,1.7061,1.6624,1.6799,1715,0
20090209,1.6887,1.6887,1.6887,1.6887,364,0
20090210,1.7061,1.7937,1.7061,1.7937,4717,0
20090211,1.8286,1.8286,1.7412,1.7412,7737,0
20090212,1.6362,1.75,1.6362,1.7412,11554,0
20090216,1.6449,1.6536,1.6362,1.6449,5561,0
20090217,1.4875,1.5662,1.4875,1.5137,1954,0
20090218,1.4612,1.6012,1.4612,1.6012,5017,0
20090219,1.5662,1.6012,1.4875,1.6012,6628,0
20090220,1.4612,1.4612,1.4612,1.4612,2286,0
20090223,1.5137,1.5137,1.5137,1.5137,206,0
20090224,1.4612,1.505,1.4174,1.505,1610,0
20090225,1.5399,1.5399,1.5399,1.5399,115,0
20090227,1.5399,1.5399,1.5399,1.5399,31,0
20090302,1.4437,1.4524,1.4437,1.4524,3741,0
20090304,1.4875,1.4875,1.4875,1.4875,1,0
20090306,1.3737,1.4,1.3212,1.3825,9579,0
20090309,1.3825,1.3825,1.3825,1.3825,160,0
20090310,1.4,1.5399,1.3825,1.5399,11387,0
20090311,1.61,1.61,1.3825,1.3825,18959,0
20090312,1.4612,1.4612,1.4612,1.4612,1,0
20090313,1.4698,1.4698,1.4698,1.4698,5342,0
20090316,1.5311,1.5311,1.5311,1.5311,115,0
20090318,1.5487,1.6012,1.5487,1.6012,2,0
20090320,1.4612,1.6012,1.4612,1.6012,978,0
20090324,1.5662,1.6012,1.4787,1.5399,12189,0
20090325,1.5574,1.5749,1.5574,1.5749,11126,0
20090326,1.505,1.5749,1.505,1.5749,57,0
20090327,1.4875,1.4875,1.4174,1.4875,6070,0
20090330,1.4086,1.4875,1.4086,1.4875,153,0
20090402,1.5923,1.5923,1.5923,1.5923,1,0
20090403,1.5137,1.9162,1.5137,1.6187,27624,0
20090406,1.6187,1.7674,1.6187,1.6187,5306,0
20090407,1.6887,1.6887,1.6887,1.6887,11,0
20090408,1.7237,1.7237,1.7061,1.7149,1451,0
20090409,1.7586,1.8374,1.7586,1.8374,2413,0
20090414,1.7937,1.8724,1.7849,1.7849,15953,0
20090416,1.7061,1.75,1.6449,1.75,3681,0
20090417,1.6973,1.7325,1.6362,1.7325,11442,0
20090422,1.7237,1.7849,1.6624,1.7149,13873,0
20090423,1.6187,1.6712,1.6012,1.6712,6986,0
20090424,1.6187,1.6187,1.6187,1.6187,3428,0
20090427,1.5574,1.5574,1.4524,1.5574,11100,0
20090428,1.5399,1.5399,1.5399,1.5399,1,0
20090429,1.5574,1.61,1.5574,1.61,2309,0
20090430,1.5311,1.6012,1.4875,1.5224,17551,0
20090504,1.6012,1.6012,1.505,1.5487,2956,0
20090505,1.5311,1.5487,1.5311,1.5487,7135,0
20090506,1.6012,1.6012,1.6012,1.6012,1,0
20090507,1.61,1.6275,1.5923,1.5923,17950,0
20090508,1.5923,1.75,1.5923,1.7061,20909,0
20090511,1.75,1.75,1.6799,1.6799,28757,0
20090512,1.7674,1.8111,1.7237,1.7237,10061,0
20090513,1.7061,1.7061,1.7061,1.7061,5429,0
20090514,1.6275,1.6624,1.6012,1.6624,758,0
20090515,1.6973,1.8811,1.5923,1.6624,31509,0
20090518,1.6012,1.6624,1.5749,1.6012,13159,0
20090519,1.6012,1.6362,1.5836,1.6012,18507,0
20090520,1.61,1.6187,1.61,1.6187,2286,0
20090521,1.61,1.6275,1.61,1.6275,7158,0
20090522,1.6275,2.0212,1.6275,2.0212,61341,0
20090525,2.3187,2.5461,2.3187,2.5461,161743,0
20090526,2.6423,2.8786,2.1437,2.3274,217439,0
20090527,2.3274,2.5373,2.1261,2.3624,125748,0
20090528,2.3624,2.5373,2.1962,2.4324,39051,0
20090529,2.5373,2.6161,2.3886,2.6074,29981,0
20090601,2.6161,2.6861,2.3624,2.4061,39187,0
20090602,2.3711,2.3711,2.2311,2.2574,24944,0
20090603,2.1873,2.2311,2.0473,2.1786,25488,0
20090604,2.1261,2.2399,2.0648,2.1873,20755,0
20090605,2.1698,2.1698,2.0561,2.1611,33078,0
20090608,2.0648,2.1349,2.0648,2.1261,765,0
20090609,2.1261,2.2399,2.0648,2.2399,4175,0
20090610,2.2224,3.7623,2.2136,3.6836,1087402,0
20090612,3.911,3.911,3.3248,3.3773,578023,0
20090615,3.3248,3.3248,2.9311,2.9748,198183,0
20090616,3.0186,3.4561,2.8873,3.1061,258663,0
20090617,3.1323,3.1761,2.8174,2.8698,57675,0
20090618,2.9311,3.0449,2.7736,2.8611,62216,0
20090619,2.8961,3.0449,2.8435,2.9048,32663,0
20090622,2.8961,2.8961,2.5724,2.5724,136851,0
20090623,2.3973,2.5811,2.3274,2.4499,134273,0
20090624,2.4936,2.5111,2.2662,2.3187,299993,0
20090625,2.3536,2.7999,2.2836,2.4499,486654,0
20090626,2.5286,2.7036,2.3973,2.5023,251786,0
20090629,2.5811,2.6598,2.4411,2.4849,160996,0
20090630,2.5111,2.5286,2.3711,2.4411,55723,0
20090701,2.3886,2.4499,2.3624,2.3973,54160,0
20090702,2.4411,2.4411,2.3099,2.3973,53794,0
20090703,2.3011,2.4761,2.2923,2.4236,55597,0
20090706,2.4411,2.4674,2.3011,2.3274,40523,0
20090707,2.3624,2.3624,2.2662,2.2923,41026,0
20090708,2.1962,2.2662,2.1437,2.1786,126175,0
20090709,2.1786,2.1786,2.0999,2.1261,37520,0
20090710,2.1261,2.1437,1.9336,1.9687,247267,0
20090713,1.9687,2.1611,1.9336,2.0825,141877,0
20090714,2.0737,2.0737,1.9949,2.0124,44700,0
20090715,2.0124,2.0648,1.9861,2.0473,26984,0
20090716,2.0473,2.1174,1.9861,2.0999,40478,0
20090717,2.0999,2.1611,2.0737,2.1261,53676,0
20090720,2.1086,2.1174,2.0124,2.0561,78434,0
20090721,2.0036,2.0473,1.8462,1.9336,204590,0
20090722,1.8811,2.2311,1.8811,2.0212,334423,0
20090723,2.0473,2.2224,2.0473,2.1437,165916,0
20090724,2.1437,2.1437,2.0473,2.0473,74323,0
20090727,2.0299,2.0648,1.9248,1.9949,96734,0
20090728,1.9775,1.9949,1.9423,1.9423,47327,0
20090729,1.9599,2.0825,1.9248,2.0036,93539,0
20090730,2.0212,2.2399,2.0212,2.1786,251208,0
20090731,2.1786,2.1873,2.0299,2.0299,60635,0
20090803,2.1086,2.1349,2.0737,2.1261,32529,0
20090804,2.1349,2.1349,2.0299,2.0473,51474,0
20090805,2.0473,2.0912,2.0299,2.0299,33308,0
20090806,2.0473,2.0999,2.0299,2.0648,21420,0
20090807,2.0912,2.0999,2.0473,2.0999,25740,0
20090810,2.0999,2.2311,2.0561,2.1524,115870,0
20090811,2.1524,2.1524,2.0737,2.1349,46632,0
20090812,2.0999,2.0999,2.0386,2.0561,78317,0
20090813,2.0912,2.0912,2.0648,2.0648,6939,0
20090814,2.0912,2.0912,2.0212,2.0473,19359,0
20090817,2.0473,2.0473,1.9687,2.0124,20255,0
20090818,2.0124,2.0124,1.9687,1.9775,13652,0
20090819,1.9775,2.1611,1.9687,2.1611,149900,0
20090820,2.1437,2.1524,2.0473,2.0825,85083,0
20090821,2.0912,2.1349,2.0473,2.0825,36580,0
20090824,2.0825,2.1174,2.0473,2.0737,25344,0
20090825,2.0473,2.0825,2.0299,2.0473,30545,0
20090826,2.0473,2.0561,1.9949,2.0386,48971,0
20090827,1.9861,2.0561,1.9861,2.0386,20833,0
20090828,2.0473,2.0737,2.0124,2.0561,15850,0
20090831,2.0473,2.0473,1.8811,1.9248,148759,0
20090901,1.9074,1.9074,1.7237,1.8374,113769,0
20090902,1.7937,1.7937,1.6275,1.6887,103863,0
20090903,1.7412,1.7412,1.6712,1.6799,26912,0
20090904,1.6887,1.7149,1.6624,1.6624,22442,0
20090907,1.7237,1.7761,1.6799,1.7061,14862,0
20090908,1.7325,1.7937,1.7237,1.7674,36734,0
20090909,1.8024,1.8024,1.6887,1.75,21695,0
20090910,1.7761,1.7761,1.6973,1.7149,17618,0
20090911,1.7061,1.7325,1.5923,1.6012,27958,0
20090914,1.6012,1.6012,1.5311,1.5923,27369,0
20090915,1.5923,1.6187,1.5574,1.6187,17495,0
20090916,1.6187,1.6799,1.6187,1.6624,28029,0
20090917,1.6624,1.6887,1.6449,1.6799,8229,0
20090918,1.6624,1.6712,1.6187,1.6624,12590,0
20090921,1.6624,1.7325,1.6275,1.7325,39964,0
20090922,1.7149,1.7237,1.6712,1.7061,15381,0
20090923,1.7061,1.7325,1.7061,1.7325,243,0
20090924,1.6712,1.7149,1.6712,1.7149,14662,0
20090925,1.6712,1.7061,1.6712,1.7061,6230,0
20090928,1.7061,1.7061,1.6536,1.6799,5542,0
20090929,1.6799,1.6799,1.6449,1.6536,17753,0
20090930,1.6449,1.6973,1.6362,1.6712,9886,0
20091001,1.6712,1.7061,1.6536,1.6799,10116,0
20091002,1.6536,1.6799,1.6362,1.6799,11011,0
20091005,1.6799,1.6799,1.6799,1.6799,148,0
20091006,1.6362,1.6449,1.6012,1.6449,8807,0
20091008,1.6449,1.6449,1.6187,1.6187,4085,0
20091009,1.6187,1.6187,1.5749,1.6187,9147,0
20091012,1.6275,1.6275,1.5399,1.5749,24621,0
20091013,1.5574,1.5574,1.5399,1.5574,13202,0
20091014,1.5749,1.5749,1.5311,1.5749,4181,0
20091015,1.5749,1.5749,1.5749,1.5749,3752,0
20091016,1.5574,1.5574,1.5224,1.5224,3976,0
20091019,1.5224,1.5574,1.4787,1.4787,20346,0
20091020,1.4787,1.5487,1.4787,1.5399,16705,0
20091021,1.4875,1.5224,1.4875,1.4875,6201,0
20091022,1.4875,1.4875,1.4174,1.4875,30430,0
20091023,1.4875,1.4875,1.4437,1.4437,16376,0
20091026,1.4612,1.5311,1.4612,1.5224,10818,0
20091027,1.5224,1.5224,1.505,1.505,7352,0
20091028,1.4437,1.505,1.4437,1.505,10032,0
20091029,1.4612,1.5137,1.4524,1.5137,2974,0
20091030,1.4875,1.4875,1.4612,1.4612,998,0
20091102,1.4875,1.505,1.4787,1.4787,7326,0
20091103,1.4875,1.5224,1.4698,1.4698,8347,0
20091104,1.4787,1.4787,1.3825,1.4437,30852,0
20091105,1.4612,1.4612,1.4437,1.4437,4893,0
20091106,1.4437,1.4437,1.4086,1.4086,12635,0
20091109,1.4,1.4,1.3649,1.3912,12436,0
20091110,1.3912,1.4174,1.3649,1.4174,15632,0
20091112,1.4174,1.855,1.4174,1.8198,198213,0
20091113,1.8198,1.8462,1.6449,1.6887,137558,0
20091116,1.6799,1.6799,1.5662,1.5662,27790,0
20091117,1.5574,1.5836,1.505,1.5487,40750,0
20091118,1.5749,1.6536,1.5574,1.5923,34298,0
20091119,1.6362,1.6362,1.5487,1.5923,19593,0
20091120,1.5749,1.6275,1.5749,1.61,2408,0
20091123,1.6449,1.6449,1.5749,1.6012,19111,0
20091124,1.6012,1.6362,1.5399,1.5836,25980,0
20091125,1.5836,1.5836,1.505,1.5749,7192,0
20091126,1.505,1.5923,1.505,1.5311,4046,0
20091127,1.505,1.505,1.4875,1.4875,6371,0
20091130,1.4524,1.5311,1.4524,1.4612,6032,0
20091201,1.4524,1.5137,1.4524,1.4698,1694,0
20091202,1.4698,1.5137,1.4437,1.5137,2442,0
20091203,1.5137,1.5137,1.505,1.505,12857,0
20091204,1.505,1.505,1.4612,1.4612,2432,0
20091207,1.4612,1.4612,1.4437,1.4437,6527,0
20091208,1.4437,1.4875,1.4262,1.4875,18589,0
20091209,1.4875,1.4875,1.3912,1.4698,7145,0
20091210,1.4787,1.4962,1.4174,1.4698,2057,0
20091211,1.4524,1.4524,1.4524,1.4524,422,0
20091214,1.4524,1.4875,1.4,1.4612,14888,0
20091215,1.4437,1.4437,1.4086,1.4086,10574,0
20091216,1.4437,1.4612,1.4086,1.4086,6510,0
20091217,1.4086,1.4086,1.3212,1.3825,19978,0
20091218,1.3912,1.3912,1.3825,1.3912,6033,0
20091221,1.3561,1.4,1.3212,1.4,7080,0
20091222,1.4,1.4086,1.3212,1.3474,18247,0
20091223,1.3561,1.3561,1.3124,1.3474,28578,0
20091228,1.3299,1.3737,1.3124,1.3124,72545,0
20091229,1.3474,1.4,1.3212,1.4,14141,0
20091230,1.3649,1.4262,1.3649,1.4086,8172,0
20091231,1.3825,1.4349,1.3649,1.4086,9494,0
20100104,1.4612,1.4612,1.4,1.4524,2735,0
20100105,1.4086,1.4524,1.3912,1.4437,20395,0
20100106,1.3912,1.4787,1.3912,1.4787,2777,0
20100107,1.4698,1.4698,1.3912,1.4086,33560,0
20100108,1.4262,1.6275,1.3912,1.61,144836,0
20100111,1.5749,1.6362,1.4875,1.4875,95681,0
20100112,1.4787,1.4787,1.4,1.4437,52932,0
20100113,1.4,1.4698,1.3912,1.4524,55678,0
20100114,1.4612,1.4698,1.4349,1.4698,16216,0
20100115,1.4787,1.4875,1.4349,1.4437,11094,0
20100118,1.4698,1.4698,1.4,1.4524,9754,0
20100119,1.4349,1.4698,1.3737,1.4524,33379,0
20100120,1.4875,1.4875,1.4349,1.4524,34853,0
20100121,1.4787,1.4787,1.4262,1.4437,2170,0
20100122,1.4698,1.505,1.3912,1.505,34601,0
20100125,1.505,1.5224,1.4437,1.4787,12389,0
20100126,1.4698,1.4698,1.4,1.4086,11904,0
20100127,1.3912,1.4437,1.3737,1.3825,28949,0
20100128,1.4086,1.5487,1.4,1.4612,84880,0
20100129,1.4524,1.5137,1.4437,1.4437,6969,0
20100201,1.4787,1.5399,1.4787,1.5137,31047,0
20100202,1.5137,1.5749,1.505,1.5574,33251,0
20100203,1.5574,1.7061,1.5574,1.6275,92467,0
20100204,1.6012,1.6712,1.4698,1.4787,19882,0
20100205,1.4262,1.4612,1.3649,1.4437,26710,0
20100208,1.4437,1.5137,1.4,1.4437,21171,0
20100209,1.4437,1.4787,1.4174,1.4437,17563,0
20100210,1.4262,1.505,1.4262,1.4875,20778,0
20100211,1.505,1.505,1.4437,1.4875,7481,0
20100212,1.4787,1.4787,1.4437,1.4787,458,0
20100215,1.4787,1.4787,1.4086,1.4612,16960,0
20100216,1.4524,1.4524,1.4086,1.4174,13367,0
20100217,1.4437,1.4787,1.4262,1.4698,8121,0
20100218,1.4437,1.4437,1.4349,1.4349,8498,0
20100219,1.4262,1.4524,1.4,1.4174,6088,0
20100222,1.4524,1.4612,1.4262,1.4262,4000,0
20100223,1.4524,1.4524,1.4524,1.4524,202,0
20100224,1.4524,1.4612,1.4262,1.4612,5989,0
20100225,1.4612,1.4612,1.4174,1.4262,10286,0
20100226,1.4437,1.4437,1.4262,1.4262,4051,0
20100301,1.4349,1.4437,1.4174,1.4174,8623,0
20100302,1.4349,1.4349,1.4086,1.4349,2400,0
20100303,1.4349,1.4349,1.3912,1.4,19839,0
20100304,1.4,1.4,1.3912,1.4,5072,0
20100305,1.4086,1.4086,1.3912,1.4,14021,0
20100308,1.4,1.4262,1.3825,1.4,22465,0
20100309,1.4174,1.4349,1.4086,1.4174,7452,0
20100310,1.4262,1.4437,1.4086,1.4086,11706,0
20100311,1.4174,1.4262,1.4,1.4,9560,0
20100312,1.4,1.4437,1.4,1.4349,19939,0
20100315,1.4349,1.4349,1.4,1.4349,23421,0
20100316,1.4349,1.5399,1.4349,1.5311,59516,0
20100317,1.5487,1.61,1.5137,1.5574,81303,0
20100318,1.5574,1.5574,1.4612,1.5311,45797,0
20100319,1.5574,1.5574,1.505,1.5487,22262,0
20100322,1.505,1.5399,1.4437,1.4875,18956,0
20100323,1.505,1.505,1.4524,1.4524,2549,0
20100324,1.4524,1.4524,1.4086,1.4437,22683,0
20100325,1.4524,1.4787,1.4174,1.4612,4312,0
20100326,1.4612,1.4612,1.4524,1.4524,912,0
20100329,1.4612,1.4612,1.4174,1.4174,6449,0
20100330,1.4174,1.4437,1.4174,1.4437,10977,0
20100331,1.4437,1.4524,1.4086,1.4174,7667,0
20100401,1.4349,1.4698,1.4174,1.4698,3901,0
20100406,1.4086,1.4524,1.4086,1.4524,857,0
20100407,1.4698,1.4698,1.4524,1.4524,3964,0
20100408,1.4262,1.4262,1.4262,1.4262,3301,0
20100409,1.4262,1.4698,1.4174,1.4698,15308,0
20100412,1.4262,1.4437,1.4174,1.4437,7306,0
20100413,1.4698,1.505,1.4437,1.4698,35233,0
20100414,1.505,1.505,1.4437,1.4698,6527,0
20100415,1.505,1.505,1.4437,1.4787,34105,0
20100416,1.4962,1.4962,1.4349,1.4698,11799,0
20100419,1.4349,1.4349,1.3912,1.4174,33684,0
20100420,1.4174,1.4174,1.4174,1.4174,3200,0
20100421,1.4437,1.4437,1.4,1.4349,14652,0
20100422,1.4349,1.4349,1.3912,1.3912,3634,0
20100423,1.4086,1.4086,1.3825,1.3825,9501,0
20100426,1.3912,1.4262,1.3737,1.3737,51684,0
20100427,1.3737,1.4,1.3737,1.3825,4926,0
20100428,1.3825,1.3825,1.3387,1.3474,14010,0
20100429,1.3737,1.3912,1.3561,1.3561,2878,0
20100430,1.3912,1.3912,1.3387,1.3649,18019,0
20100504,1.3649,1.3737,1.3561,1.3737,4282,0
20100505,1.3474,1.3561,1.3387,1.3387,7493,0
20100506,1.3387,1.3561,1.3299,1.3561,7959,0
20100507,1.3299,1.3299,1.3036,1.3036,6259,0
20100510,1.3124,1.3387,1.3124,1.3387,5829,0
20100511,1.3561,1.7237,1.3561,1.7237,400161,0
20100512,1.7061,1.7586,1.4875,1.4875,527011,0
20100513,1.5311,1.5749,1.4612,1.4612,143626,0
20100514,1.5224,1.5224,1.4174,1.4174,34063,0
20100517,1.4262,1.4612,1.4,1.4174,14206,0
20100518,1.4437,1.5311,1.4262,1.4437,68647,0
20100519,1.4524,1.4698,1.4,1.4524,24817,0
20100520,1.4262,1.5311,1.4262,1.4698,48343,0
20100521,1.4787,1.4875,1.4174,1.4787,9455,0
20100524,1.4787,1.4787,1.4437,1.4437,1593,0
20100525,1.4612,1.4612,1.3474,1.3561,60235,0
20100526,1.3912,1.4787,1.3912,1.4612,56087,0
20100527,1.4524,1.505,1.4262,1.4962,19537,0
20100528,1.5137,1.5137,1.4524,1.4875,19309,0
20100531,1.4787,1.4787,1.4437,1.4698,9852,0
20100601,1.4437,1.4612,1.4174,1.4612,4361,0
20100602,1.4437,1.5311,1.4437,1.505,47853,0
20100604,1.4875,1.5137,1.4698,1.4875,8978,0
20100607,1.4875,1.5137,1.4349,1.4962,20709,0
20100608,1.5224,1.5399,1.5137,1.5399,34430,0
20100609,1.5399,1.61,1.4962,1.5399,88865,0
20100610,1.5311,1.6012,1.4349,1.4698,113068,0
20100611,1.4349,1.4787,1.3912,1.4437,27613,0
20100614,1.4,1.4349,1.3649,1.3649,57559,0
20100615,1.3825,1.3912,1.3561,1.3649,20006,0
20100616,1.3737,1.4,1.3561,1.3825,26516,0
20100617,1.3825,1.3825,1.3212,1.3737,43236,0
20100618,1.3737,1.3737,1.3387,1.3387,5548,0
20100621,1.3649,1.4,1.3474,1.3825,38390,0
20100622,1.3387,1.3649,1.3299,1.3649,8261,0
20100623,1.3474,1.3561,1.3124,1.3561,9098,0
20100624,1.3124,1.3561,1.3124,1.3561,3578,0
20100625,1.3561,1.3561,1.3212,1.3474,5199,0
20100628,1.3561,1.3649,1.3561,1.3649,2038,0
20100629,1.3474,1.3561,1.3124,1.3299,14934,0
20100630,1.3474,1.3474,1.3212,1.3212,1540,0
20100701,1.3474,1.4174,1.3036,1.3649,44119,0
20100702,1.4,1.4,1.3912,1.3912,269,0
20100705,1.4,1.4,1.3561,1.4,2149,0
20100706,1.3649,1.4,1.3474,1.3825,6216,0
20100707,1.3474,1.3825,1.3299,1.3649,5742,0
20100708,1.3649,1.3649,1.3299,1.3649,5836,0
20100709,1.3737,1.3737,1.3737,1.3737,3428,0
20100712,1.3825,1.3825,1.3212,1.3212,9306,0
20100713,1.3212,1.3561,1.3212,1.3474,2119,0
20100714,1.3299,1.3737,1.3299,1.3649,5804,0
20100715,1.3561,1.3649,1.3474,1.3561,3929,0
20100716,1.3737,1.3737,1.3561,1.3561,377,0
20100719,1.3299,1.3649,1.3299,1.3561,3364,0
20100720,1.3561,1.3649,1.3387,1.3561,3371,0
20100721,1.3561,1.3649,1.3561,1.3649,2252,0
20100722,1.3561,1.3561,1.3299,1.3474,5028,0
20100723,1.3561,1.3912,1.3474,1.3825,29337,0
20100726,1.3737,1.3737,1.3299,1.3737,20522,0
20100727,1.3649,1.4524,1.3649,1.4,79083,0
20100728,1.3649,1.3649,1.3474,1.3649,25645,0
20100729,1.3649,1.3649,1.3561,1.3561,3315,0
20100730,1.3474,1.3561,1.3474,1.3561,6744,0
20100802,1.3649,1.4262,1.3561,1.3912,35820,0
20100803,1.3649,1.3912,1.3561,1.3649,10435,0
20100804,1.3649,1.3825,1.3387,1.3825,12789,0
20100805,1.3825,1.4,1.3649,1.3912,16584,0
20100806,1.3737,1.3737,1.3737,1.3737,1715,0
20100809,1.3649,1.3825,1.3561,1.3561,8723,0
20100810,1.3561,1.3825,1.3474,1.3825,4221,0
20100811,1.3387,1.3387,1.3387,1.3387,4743,0
20100812,1.3387,1.3561,1.3299,1.3561,2657,0
20100813,1.3561,1.3825,1.3299,1.3737,19987,0
20100816,1.3387,1.3825,1.3387,1.3737,20419,0
20100817,1.3387,1.3561,1.3387,1.3561,5772,0
20100818,1.3474,1.3561,1.3474,1.3561,4228,0
20100819,1.3649,1.3737,1.3387,1.3737,8095,0
20100820,1.3737,1.4174,1.3737,1.4174,32095,0
20100823,1.4437,1.4875,1.4437,1.4524,90366,0
20100824,1.4612,1.4612,1.3737,1.3737,30593,0
20100825,1.3912,1.4174,1.3912,1.3912,8835,0
20100826,1.3825,1.4086,1.3737,1.4086,6457,0
20100827,1.4,1.4,1.3649,1.4,364,0
20100830,1.3912,1.4,1.3561,1.3912,19119,0
20100831,1.3387,1.3649,1.3299,1.3649,11098,0
20100901,1.3649,1.3825,1.3299,1.3561,22241,0
20100902,1.3737,1.3737,1.3299,1.3474,24663,0
20100903,1.3212,1.3474,1.3212,1.3387,2932,0
20100906,1.3387,1.3649,1.3299,1.3649,5828,0
20100907,1.3299,1.3649,1.3212,1.3387,4605,0
20100908,1.3299,1.3649,1.3299,1.3649,4915,0
20100909,1.3387,1.3649,1.3299,1.3649,6187,0
20100910,1.3649,1.3912,1.3561,1.3912,31320,0
20100913,1.3825,1.3825,1.3387,1.3387,16916,0
20100914,1.3561,1.4086,1.3474,1.4,70622,0
20100915,1.3737,1.3912,1.3561,1.3825,4084,0
20100916,1.3561,1.3649,1.3474,1.3649,15530,0
20100917,1.3737,1.3825,1.3474,1.3825,13862,0
20100920,1.3825,1.505,1.3649,1.4787,144720,0
20100921,1.4787,1.4787,1.3912,1.4349,69204,0
20100922,1.4,1.4174,1.3649,1.4,32969,0
20100923,1.3912,1.3912,1.3474,1.3825,4685,0
20100924,1.3825,1.4,1.3825,1.3825,4115,0
20100927,1.3561,1.3912,1.3299,1.3649,50901,0
20100928,1.3649,1.3649,1.3649,1.3649,57,0
20100929,1.3299,1.3561,1.3124,1.3561,26422,0
20100930,1.3474,1.3825,1.3474,1.3737,15228,0
20101001,1.3649,1.3737,1.3474,1.3737,3713,0
20101004,1.3737,1.3737,1.3474,1.3561,2386,0
20101005,1.3649,1.3649,1.3299,1.3649,5950,0
20101006,1.3299,1.3649,1.3212,1.3212,31472,0
20101008,1.3299,1.3561,1.3212,1.3561,21944,0
20101011,1.3387,1.3561,1.3212,1.3212,2972,0
20101012,1.3212,1.3212,1.3212,1.3212,1141,0
20101013,1.3212,1.3299,1.3212,1.3299,14194,0
20101014,1.3212,1.3474,1.3124,1.3124,11952,0
20101015,1.3124,1.3212,1.3124,1.3124,19261,0
20101018,1.3124,1.3124,1.3124,1.3124,5315,0
20101019,1.3124,1.3387,1.3124,1.3387,2208,0
20101020,1.3387,1.3387,1.3387,1.3387,572,0
20101021,1.3387,1.3387,1.3036,1.3036,3086,0
20101022,1.3387,1.3387,1.3212,1.3212,4572,0
20101025,1.3212,1.3212,1.3124,1.3124,7611,0
20101026,1.3124,1.4174,1.3124,1.3387,97302,0
20101027,1.3387,1.3474,1.3212,1.3474,13512,0
20101028,1.3387,1.3474,1.3212,1.3212,21806,0
20101029,1.3124,1.3299,1.3036,1.3299,10779,0
20101102,1.3299,1.3299,1.3124,1.3299,18516,0
20101103,1.3124,1.3299,1.3124,1.3124,20332,0
20101104,1.3387,1.3387,1.3124,1.3124,1241,0
20101105,1.3124,1.3299,1.2949,1.3124,2816,0
20101108,1.3124,1.3124,1.2862,1.3036,12747,0
20101109,1.3212,1.3212,1.3212,1.3212,115,0
20101110,1.2949,1.3124,1.2862,1.2949,20218,0
20101112,1.3124,1.3387,1.3124,1.3387,1400,0
20101115,1.2949,1.3036,1.2512,1.2862,43123,0
20101116,1.2862,1.2862,1.2424,1.2424,10637,0
20101117,1.2512,1.2687,1.2337,1.2687,13146,0
20101118,1.2162,1.26,1.2162,1.26,14530,0
20101119,1.26,1.26,1.2162,1.2512,12172,0
20101122,1.2249,1.2249,1.1811,1.2162,17148,0
20101123,1.2074,1.2512,1.1987,1.2512,23700,0
20101124,1.2074,1.2249,1.2074,1.2249,8343,0
20101125,1.1899,1.2424,1.1899,1.1899,1280,0
20101126,1.1811,1.2074,1.1811,1.1899,2490,0
20101129,1.1899,1.1899,1.1375,1.1725,23616,0
20101130,1.1811,1.1811,1.1462,1.155,7119,0
20101201,1.1811,1.1811,1.1199,1.1199,15927,0
20101202,1.1199,1.1375,1.1024,1.1375,41873,0
20101203,1.155,1.1811,1.1199,1.155,17430,0
20101206,1.155,1.1725,1.1287,1.1725,6808,0
20101207,1.1725,1.1725,1.1375,1.1375,5943,0
20101208,1.1375,1.1375,1.1199,1.1375,13846,0
20101209,1.1375,1.1375,1.1199,1.1199,2513,0
20101210,1.1375,1.1462,1.1375,1.1462,2183,0
20101213,1.1462,1.1462,1.1199,1.1199,3543,0
20101214,1.1462,1.1462,1.1112,1.1112,3792,0
20101215,1.1375,1.2162,1.1375,1.1811,78674,0
20101216,1.1811,1.1811,1.1112,1.1287,9052,0
20101217,1.155,1.1987,1.1287,1.1725,34376,0
20101220,1.1462,1.1811,1.1287,1.1287,19686,0
20101221,1.1287,1.1462,1.1287,1.1375,793,0
20101222,1.1375,1.1375,1.0937,1.1024,35322,0
20101223,1.1024,1.1024,1.0062,1.0412,24772,0
20101227,1.0412,1.0762,0.9974,1.0062,43265,0
20101228,0.9974,1.0237,0.9624,0.9712,54304,0
20101229,0.9974,1.05,0.9799,1.0412,29847,0
20101230,1.05,1.05,1.0062,1.0062,6236,0
20101231,1.015,1.05,1.015,1.05,5258,0
20110103,1.0325,1.0412,0.9974,1.0325,11087,0
20110104,1.05,1.05,1.015,1.05,29121,0
20110105,1.0412,1.1024,0.9799,1.015,70776,0
20110107,1.015,1.015,0.9799,0.9799,13788,0
20110110,0.9799,0.9799,0.9799,0.9799,1715,0
20110111,0.9887,1.015,0.9887,0.9974,5258,0
20110112,0.9974,1.0237,0.9887,1.0062,7630,0
20110113,1.0062,1.0412,0.9974,0.9974,9634,0
20110114,1.0062,1.0237,0.9887,1.0237,6354,0
20110117,1.015,1.0237,1.015,1.015,3143,0
20110118,1.0062,1.0412,0.9887,1.0412,18498,0
20110119,1.0587,1.0587,1.0237,1.0412,1460,0
20110120,1.015,1.0412,1.015,1.0412,926,0
20110121,1.0412,1.0412,1.0412,1.0412,285,0
20110124,1.0325,1.0325,0.9887,1.015,13720,0
20110125,0.9887,1.015,0.9887,1.015,5396,0
20110126,1.015,1.015,0.9887,1.015,2823,0
20110127,0.9887,1.015,0.9799,0.9887,13990,0
20110128,0.9887,0.9887,0.9712,0.9887,11075,0
20110131,0.9887,0.9887,0.9537,0.9537,9330,0
20110201,0.9712,0.9887,0.9624,0.9887,15596,0
20110202,0.9887,0.9887,0.9537,0.9799,10058,0
20110203,0.9537,0.9799,0.9537,0.9799,608,0
20110204,0.9624,0.9799,0.9624,0.9799,8001,0
20110207,0.9624,0.9799,0.9537,0.9799,12951,0
20110208,0.9624,0.9799,0.9624,0.9799,3314,0
20110209,0.9624,0.9624,0.9537,0.9537,4675,0
20110210,0.945,0.9799,0.945,0.9799,11178,0
20110211,0.9624,0.9799,0.9624,0.9799,1715,0
20110214,0.9537,0.9624,0.9537,0.9537,3925,0
20110215,0.9537,0.9799,0.9187,0.9187,32089,0
20110216,0.9275,0.9362,0.9275,0.9275,5315,0
20110217,0.9275,0.945,0.9187,0.945,22134,0
20110218,0.945,0.945,0.9012,0.945,6202,0
20110221,0.9012,0.9275,0.9012,0.9275,1257,0
20110222,0.9012,0.9275,0.8749,0.91,64920,0
20110223,0.9362,0.9362,0.91,0.91,3520,0
20110224,0.91,0.9624,0.9012,0.9012,10216,0
20110225,0.945,0.945,0.91,0.91,960,0
20110228,0.9012,0.945,0.9012,0.945,3796,0
20110301,0.945,0.945,0.945,0.945,3634,0
20110302,0.945,0.9537,0.945,0.945,5714,0
20110303,0.9537,0.9799,0.9537,0.9799,26357,0
20110304,0.9887,0.9887,0.9624,0.9624,4054,0
20110307,0.9624,0.9624,0.9537,0.9537,5154,0
20110308,0.9537,0.9537,0.9537,0.9537,1142,0
20110309,0.9275,0.945,0.9275,0.945,23201,0
20110310,0.945,0.9712,0.9187,0.9712,7104,0
20110311,0.9624,0.9624,0.9624,0.9624,1142,0
20110314,0.9275,0.945,0.9275,0.9275,1599,0
20110315,0.9275,0.9275,0.9012,0.9012,4410,0
20110316,0.8925,0.9187,0.8925,0.91,4219,0
20110317,0.945,0.945,0.945,0.945,228,0
20110318,0.9275,0.945,0.8925,0.8925,5943,0
20110321,0.9012,0.9012,0.9012,0.9012,6057,0
20110322,0.9012,0.9012,0.8925,0.8925,3361,0
20110323,0.8925,0.8925,0.8837,0.8837,2734,0
20110324,0.9362,0.9362,0.9362,0.9362,228,0
20110328,0.9362,0.9362,0.9362,0.9362,228,0
20110329,0.8925,0.9362,0.8925,0.9362,685,0
20110330,0.8925,0.8925,0.8749,0.8837,3395,0
20110331,0.9362,0.9362,0.8662,0.8749,26270,0
20110401,0.8837,0.9537,0.8837,0.9362,62256,0
20110404,0.9362,0.9362,0.9275,0.9362,6561,0
20110405,0.945,0.9537,0.9362,0.945,24535,0
20110406,0.945,1.0062,0.945,0.945,66320,0
20110407,0.9537,0.9887,0.9537,0.9799,10596,0
20110408,0.9887,0.9974,0.9712,0.9974,24168,0
20110411,0.9974,0.9974,0.9624,0.9624,1486,0
20110412,0.945,0.9624,0.945,0.945,11867,0
20110413,0.945,0.945,0.9362,0.9362,4245,0
20110414,0.9624,1.0674,0.9624,1.0325,111584,0
20110415,1.015,1.0849,0.9799,1.0587,83442,0
20110418,1.0762,1.0762,1.0062,1.0062,49914,0
20110419,1.0062,1.0325,0.9974,1.0237,14911,0
20110420,0.9974,1.015,0.9887,1.015,5716,0
20110421,0.9974,0.9974,0.9887,0.9887,3634,0
20110426,0.9887,1.015,0.9887,1.0062,17473,0
20110427,1.0062,1.0237,1.0062,1.0237,10953,0
20110428,1.0237,1.0325,1.015,1.0237,7019,0
20110429,1.0237,1.0237,1.015,1.015,10150,0
20110502,1.0062,1.1024,1.0062,1.0587,112860,0
20110504,1.0412,1.0674,1.0325,1.0412,8168,0
20110505,1.05,1.05,1.015,1.015,6525,0
20110506,1.0062,1.0062,1.0062,1.0062,7162,0
20110509,1.0062,1.0062,0.9974,0.9974,6287,0
20110510,0.9974,1.05,0.9974,1.05,24002,0
20110511,1.015,1.05,1.015,1.015,15316,0
20110512,1.015,1.0412,1.015,1.015,15316,0
20110513,1.015,1.0412,0.9799,0.9799,71976,0
20110516,0.9799,1.0325,0.9712,1.0237,62545,0
20110517,0.9974,1.0325,0.9974,1.0062,24479,0
20110518,0.9974,0.9974,0.9974,0.9974,4344,0
20110519,0.9887,1.0325,0.9887,0.9974,6308,0
20110520,0.9974,0.9974,0.9974,0.9974,685,0
20110523,0.9974,1.0062,0.9887,0.9887,1400,0
20110524,0.9887,1.0062,0.9887,0.9887,6070,0
20110525,1.0062,1.0412,0.9887,1.0412,27715,0
20110526,1.0237,1.0237,1.0062,1.0237,11563,0
20110527,1.0412,1.0412,1.0412,1.0412,343,0
20110530,1.0412,1.0412,1.0412,1.0412,2254,0
20110531,1.0412,1.0412,1.0412,1.0412,285,0
20110601,1.015,1.05,1.015,1.015,1351,0
20110602,1.0412,1.0412,1.0412,1.0412,285,0
20110603,1.0325,1.0325,1.015,1.015,689,0
20110606,1.015,1.015,1.015,1.015,1229,0
20110607,1.0237,1.0237,1.015,1.015,2114,0
20110608,1.015,1.015,1.015,1.015,1040,0
20110609,1.0412,1.0412,1.015,1.015,730,0
20110610,1.0412,1.0412,1.015,1.015,973,0
20110613,1.015,1.015,0.9887,0.9887,12188,0
20110614,1.015,1.015,0.9887,0.9887,2400,0
20110615,0.9799,0.9799,0.945,0.945,13801,0
20110616,0.945,0.945,0.9187,0.9275,11406,0
20110617,0.9537,0.9537,0.9537,0.9537,285,0
20110620,0.9537,0.9537,0.9187,0.9187,1314,0
20110621,0.9187,0.9537,0.9187,0.9537,1280,0
20110622,0.9187,0.9187,0.9187,0.9187,3428,0
20110624,0.9362,0.9362,0.9012,0.9012,11754,0
20110627,0.9012,0.91,0.8837,0.8837,22208,0
20110628,0.91,0.91,0.91,0.91,115,0
20110629,0.91,0.91,0.8749,0.91,1856,0
20110630,0.91,0.91,0.8749,0.8925,1989,0
20110701,0.8925,0.945,0.8837,0.945,18762,0
20110704,0.945,0.9624,0.9362,0.9624,16082,0
20110705,0.9624,0.9624,0.9624,0.9624,2286,0
20110706,0.9712,0.9712,0.9712,0.9712,115,0
20110707,0.9275,0.9362,0.9187,0.9275,22802,0
20110708,0.945,0.945,0.945,0.945,285,0
20110711,0.9187,0.9187,0.9187,0.9187,6857,0
20110712,0.91,0.91,0.8312,0.8574,53836,0
20110713,0.8837,0.8837,0.8574,0.8837,3658,0
20110715,0.8837,0.91,0.8837,0.91,1449,0
20110718,0.8749,0.8749,0.8749,0.8749,395,0
20110719,0.91,0.91,0.8749,0.91,2629,0
20110722,0.8749,0.9275,0.8399,0.9275,12362,0
20110725,0.8749,0.91,0.8749,0.8749,2223,0
20110726,0.91,0.945,0.9012,0.9275,47964,0
20110727,0.9275,0.9362,0.8837,0.9362,2297,0
20110728,0.8837,0.9187,0.8749,0.8837,10252,0
20110729,0.8837,0.8837,0.8837,0.8837,1715,0
20110801,0.8837,0.9187,0.8837,0.9187,257,0
20110802,0.91,0.91,0.91,0.91,57,0
20110803,0.8749,0.8749,0.8749,0.8749,13267,0
20110804,0.8925,0.8925,0.8487,0.8487,4103,0
20110805,0.805,0.8225,0.7875,0.7875,12820,0
20110808,0.7524,0.7787,0.6299,0.6299,17390,0
20110809,0.6563,0.6563,0.5426,0.6124,18281,0
20110810,0.6474,0.6825,0.6474,0.6563,3771,0
20110811,0.665,0.7175,0.665,0.7175,1987,0
20110812,0.7175,0.7437,0.7175,0.7437,4647,0
20110817,0.7,0.7087,0.6737,0.7087,3143,0
20110818,0.665,0.7175,0.6563,0.7087,6556,0
20110819,0.5687,0.6737,0.5687,0.6737,13347,0
20110822,0.6124,0.665,0.6124,0.665,1798,0
20110823,0.6124,0.6737,0.6124,0.6737,3333,0
20110824,0.665,0.665,0.665,0.665,11,0
20110825,0.5862,0.5862,0.5862,0.5862,285,0
20110826,0.6124,0.6124,0.6124,0.6124,2744,0
20110829,0.6737,0.6825,0.6563,0.6563,10065,0
20110830,0.6825,0.7262,0.6825,0.6912,8285,0
20110831,0.6912,0.7349,0.6563,0.6563,20063,0
20110901,0.6563,0.6563,0.6563,0.6563,1372,0
20110902,0.7,0.7,0.6563,0.6563,57489,0
20110905,0.6563,0.6912,0.6563,0.6563,4126,0
20110906,0.6474,0.6474,0.6474,0.6474,1046,0
20110908,0.6737,0.6737,0.6737,0.6737,217,0
20110909,0.6299,0.6299,0.6299,0.6299,433,0
20110912,0.6299,0.6737,0.6299,0.6737,264,0
20110913,0.6212,0.6563,0.6212,0.6563,4920,0
20110914,0.6299,0.6474,0.6299,0.6474,1773,0
20110915,0.6563,0.6563,0.6563,0.6563,11,0
20110916,0.6474,0.6474,0.6474,0.6474,115,0
20110919,0.6124,0.6212,0.6124,0.6212,10858,0
20110920,0.5687,0.6387,0.5687,0.6387,5295,0
20110922,0.6387,0.6387,0.5775,0.6037,2647,0
20110926,0.6037,0.6299,0.6037,0.6299,2799,0
20110927,0.6299,0.6299,0.6299,0.6299,115,0
20110928,0.5775,0.6299,0.5687,0.5687,20795,0
20110929,0.595,0.595,0.56,0.595,926,0
20110930,0.56,0.595,0.56,0.595,2389,0
20111004,0.5687,0.6037,0.56,0.5687,60698,0
20111005,0.5862,0.5862,0.5512,0.5862,16152,0
20111006,0.5862,0.5862,0.5862,0.5862,685,0
20111007,0.5862,0.5862,0.5862,0.5862,572,0
20111010,0.5862,0.6387,0.5862,0.6212,25270,0
20111011,0.6825,0.6825,0.6037,0.6474,13841,0
20111012,0.6474,0.6474,0.6299,0.6299,1544,0
20111013,0.665,0.665,0.665,0.665,115,0
20111014,0.6474,0.6474,0.6474,0.6474,228,0
20111017,0.6474,0.6474,0.6474,0.6474,59,0
20111019,0.6299,0.6299,0.6299,0.6299,115,0
20111020,0.6212,0.6212,0.6212,0.6212,115,0
20111021,0.6212,0.6212,0.5862,0.5862,1193,0
20111024,0.6387,0.6387,0.6299,0.6299,16120,0
20111025,0.6299,0.6299,0.6299,0.6299,115,0
20111027,0.6299,0.6825,0.6299,0.6825,971,0
20111028,0.6737,0.6737,0.6737,0.6737,572,0
20111103,0.6737,0.6737,0.6737,0.6737,115,0
20111104,0.6212,0.6737,0.6212,0.6737,7223,0
20111107,0.6737,0.6737,0.6737,0.6737,57,0
20111108,0.665,0.665,0.665,0.665,18,0
20111109,0.6563,0.7349,0.6563,0.6737,35294,0
20111110,0.6387,0.7,0.6387,0.7,335,0
20111114,0.7,0.7,0.665,0.665,6162,0
20111115,0.665,0.665,0.6474,0.6474,2280,0
20111116,0.6387,0.6737,0.6387,0.6474,119,0
20111117,0.6912,0.6912,0.6912,0.6912,115,0
20111118,0.6825,0.7,0.6825,0.7,12572,0
20111121,0.665,0.7,0.665,0.665,8945,0
20111122,0.665,0.7,0.665,0.665,147,0
20111123,0.665,0.665,0.6212,0.6563,23498,0
20111124,0.6474,0.6474,0.6124,0.6124,12972,0
20111125,0.5775,0.6299,0.5775,0.6124,8317,0
20111128,0.6474,0.665,0.6299,0.6563,24380,0
20111129,0.6299,0.6737,0.6037,0.6563,127070,0
20111130,0.6568,0.6568,0.6106,0.6476,25881,0
20111201,0.6474,0.6737,0.6124,0.6299,29718,0
20111202,0.6737,0.6912,0.665,0.6912,24839,0
20111205,0.6912,0.7262,0.6299,0.6912,38332,0
20111206,0.6563,0.7262,0.6563,0.7,13342,0
20111207,0.7,0.7437,0.6299,0.7,187295,0
20111208,0.6825,0.7,0.6563,0.6825,8898,0
20111209,0.6737,0.805,0.6737,0.7612,44326,0
20111212,0.7787,0.8225,0.7612,0.7962,21287,0
20111213,0.7875,0.7875,0.77,0.7875,7709,0
20111214,0.7612,0.7962,0.7612,0.7962,29801,0
20111215,0.805,0.8225,0.7437,0.7437,3865,0
20111216,0.7437,0.77,0.7087,0.77,25488,0
20111219,0.77,0.77,0.7175,0.7262,10944,0
20111220,0.7175,0.7612,0.7087,0.7612,15659,0
20111221,0.7087,0.77,0.7087,0.7175,23237,0
20111222,0.77,0.77,0.7437,0.7437,438,0
20111223,0.77,0.77,0.77,0.77,6072,0
20111227,0.77,0.77,0.7437,0.7437,1038,0
20111228,0.7875,0.7875,0.7875,0.7875,572,0
20111229,0.7875,0.8399,0.7875,0.8399,23772,0
20111230,0.8326,0.8326,0.8326,0.8326,330,0
20120102,0.7612,0.8225,0.7612,0.8225,13448,0
20120103,0.7437,0.8137,0.7437,0.8137,20058,0
20120104,0.7612,0.7962,0.7612,0.7875,2618,0
20120105,0.7875,0.7962,0.7875,0.7962,8445,0
20120109,0.7962,0.7962,0.7175,0.7175,40593,0
20120110,0.7262,0.7349,0.6299,0.6299,59838,0
20120111,0.6474,0.6474,0.6124,0.6474,26918,0
20120112,0.6563,0.6563,0.6474,0.6563,19006,0
20120113,0.6563,0.6563,0.6474,0.6563,7864,0
20120116,0.6474,0.6825,0.6474,0.6825,19821,0
20120117,0.6825,0.6912,0.665,0.6737,41817,0
20120118,0.7,0.7,0.665,0.665,16704,0
20120119,0.665,0.6737,0.6124,0.6124,9773,0
20120120,0.6299,0.665,0.6299,0.6474,14572,0
20120123,0.665,0.6737,0.665,0.6737,6015,0
20120124,0.6299,0.6737,0.6299,0.6474,1777,0
20120125,0.6474,0.6737,0.6387,0.6737,2031,0
20120126,0.6474,0.665,0.6387,0.6563,4201,0
20120127,0.665,0.6912,0.665,0.6825,10914,0
20120130,0.6912,0.6912,0.6387,0.6825,14001,0
20120131,0.6846,0.6846,0.6846,0.6846,57,0
20120201,0.6825,0.6825,0.6212,0.6474,77591,0
20120202,0.6563,0.6737,0.6474,0.6737,13737,0
20120203,0.6737,0.6825,0.6299,0.6737,27421,0
20120206,0.6825,0.7437,0.6387,0.7349,128318,0
20120207,0.7349,0.7349,0.7,0.7349,21161,0
20120208,0.7524,0.7524,0.7087,0.7087,32156,0
20120209,0.7087,0.7087,0.6912,0.7,11759,0
20120210,0.6825,0.7262,0.665,0.7262,41514,0
20120213,0.7349,0.7349,0.6737,0.7349,732,0
20120214,0.7349,0.7349,0.665,0.7175,3289,0
20120215,0.7175,0.7175,0.6912,0.7175,4898,0
20120216,0.7,0.7175,0.6825,0.7175,20260,0
20120217,0.7,0.7524,0.7,0.7,93982,0
20120220,0.7087,0.7524,0.7087,0.7524,12297,0
20120221,0.7349,0.7524,0.7262,0.7262,14778,0
20120222,0.7,0.7349,0.7,0.7262,43961,0
20120223,0.7175,0.7349,0.7,0.7349,54208,0
20120224,0.7,0.7262,0.7,0.7262,11544,0
20120227,0.7262,0.7262,0.7262,0.7262,63,0
20120228,0.7262,0.7262,0.7262,0.7262,115,0
20120229,0.6939,0.7309,0.6939,0.7309,21860,0
20120301,0.6912,0.6912,0.6825,0.6912,6259,0
20120302,0.6912,0.7087,0.6912,0.7087,1372,0
20120305,0.7,0.7,0.7,0.7,14858,0
20120306,0.7087,0.7087,0.7,0.7,3669,0
20120307,0.7,0.7,0.7,0.7,1446,0
20120308,0.7262,0.7349,0.7087,0.7349,35776,0
20120309,0.7349,0.7437,0.6912,0.7437,7155,0
20120312,0.7349,0.7437,0.7349,0.7437,2943,0
20120313,0.7087,0.7787,0.7,0.7787,38370,0
20120314,0.77,0.8312,0.7262,0.8312,70098,0
20120315,0.8312,0.8574,0.7875,0.8574,74133,0
20120316,0.8487,0.9624,0.7875,0.7875,169176,0
20120319,0.8312,0.8574,0.7962,0.8574,19416,0
20120320,0.8487,0.8574,0.7962,0.8574,24926,0
20120321,0.8574,0.8574,0.8312,0.8574,18269,0
20120322,0.8137,0.8399,0.7875,0.8399,5591,0
20120323,0.7962,0.8137,0.7875,0.7962,22301,0
20120326,0.7875,0.8225,0.7349,0.77,30417,0
20120327,0.7262,0.8487,0.7262,0.7962,21944,0
20120328,0.8225,0.8225,0.7875,0.8137,9363,0
20120329,0.8225,0.8225,0.7787,0.8137,1462,0
20120330,0.8326,0.8881,0.8234,0.8881,47039,0
20120402,0.91,0.9712,0.8487,0.9712,41938,0
20120403,0.9712,1.0674,0.945,1.0587,133065,0
20120404,1.0547,1.0547,0.9899,1.0176,36357,0
20120405,1.0269,1.0454,0.9621,0.9899,14767,0
20120410,0.9712,0.9712,0.945,0.9537,10625,0
20120411,1.015,1.015,0.9537,0.9537,4693,0
20120412,0.945,1.0412,0.945,0.9712,20600,0
20120413,1.0412,1.0412,0.9887,1.0325,15047,0
20120416,1.0237,1.1199,1.0237,1.1199,31065,0
20120417,1.1195,1.3784,1.1195,1.3784,201182,0
20120418,1.3212,1.3737,1.1637,1.2337,53507,0
20120419,1.2162,1.2162,1.1112,1.1987,33591,0
20120420,1.2512,1.2687,1.1811,1.1811,7140,0
20120423,1.2424,1.2512,1.1375,1.1899,48712,0
20120424,1.2424,1.2424,1.1462,1.1462,5364,0
20120425,1.155,1.155,1.1375,1.1375,13703,0
20120426,1.1899,1.2249,1.1375,1.1987,17594,0
20120427,1.2119,1.3137,1.2119,1.3045,13155,0
20120430,1.2952,1.2952,1.2212,1.2212,4333,0
20120502,1.2074,1.2512,1.1725,1.2512,9863,0
20120504,1.1842,1.2119,1.175,1.2119,7431,0
20120507,1.1024,1.1811,1.1024,1.1811,9069,0
20120508,1.1379,1.1379,1.1379,1.1379,11430,0
20120509,1.0547,1.1379,1.0547,1.064,7122,0
20120510,1.0731,1.0731,1.0547,1.064,3159,0
20120511,1.1379,1.1379,1.1379,1.1379,31,0
20120514,1.1379,1.1379,1.064,1.1379,25453,0
20120515,1.0731,1.1287,1.0731,1.1287,17097,0
20120516,1.1287,1.1287,1.0824,1.0824,2703,0
20120517,1.1842,1.1842,1.0269,1.1472,5802,0
20120518,1.0362,1.1472,1.0362,1.0362,1491,0
20120521,1.1009,1.1379,1.1009,1.1379,8983,0
20120522,1.1472,1.1472,1.1102,1.1472,1429,0
20120523,1.0917,1.1472,1.0917,1.0917,2186,0
20120524,1.0731,1.0917,1.0547,1.0547,4158,0
20120525,1.0917,1.0917,1.0454,1.0917,7642,0
20120528,0.9899,1.0824,0.9899,1.0824,11,0
20120529,0.9992,1.0731,0.9992,0.9992,5421,0
20120530,0.9344,1.0731,0.9344,1.0731,4710,0
20120531,1.0731,1.0731,1.0269,1.0269,1082,0
20120601,1.0731,1.0731,1.0731,1.0731,585,0
20120604,1.0731,1.0824,1.0731,1.0824,9597,0
20120605,1.0176,1.1564,0.9992,1.1009,3448,0
20120606,1.064,1.1009,0.9992,1.1009,5635,0
20120608,1.1195,1.1842,1.1102,1.1842,28808,0
20120611,1.1934,1.2582,1.1934,1.2582,16344,0
20120612,1.2027,1.2582,1.2027,1.2582,1769,0
20120613,1.2582,1.2582,1.2305,1.2305,1513,0
20120614,1.2027,1.2305,1.1934,1.1934,2667,0
20120615,1.1195,1.2027,1.1195,1.1564,3979,0
20120618,1.2397,1.2397,1.2305,1.2305,598,0
20120620,1.1934,1.1934,1.1195,1.1195,131,0
20120621,1.1287,1.1287,1.1287,1.1287,540,0
20120622,1.1379,1.175,1.1379,1.175,1092,0
20120625,1.1287,1.1287,1.1195,1.1195,1148,0
20120626,1.1287,1.1657,1.1287,1.1657,2162,0
20120627,1.175,1.175,1.175,1.175,108,0
20120628,1.1657,1.175,1.1195,1.175,2856,0
20120629,1.1564,1.175,1.1564,1.175,1092,0
20120702,1.175,1.1934,1.1472,1.1934,1363,0
20120703,1.1842,1.249,1.1842,1.249,140,0
20120704,1.1379,1.2397,1.1379,1.2397,11,0
20120705,1.2212,1.2397,1.1195,1.2397,5355,0
20120706,1.1102,1.1934,1.1102,1.1934,3975,0
20120709,1.1934,1.2119,1.1934,1.1934,108,0
20120710,1.2397,1.2397,1.1657,1.2119,499,0
20120712,1.1564,1.2212,1.1564,1.2212,1028,0
20120716,1.1472,1.2027,1.1009,1.1009,11938,0
20120717,1.0824,1.1657,1.0824,1.1657,1092,0
20120718,1.0824,1.2027,1.0824,1.1842,1124,0
20120723,1.0917,1.1842,1.0917,1.1842,1183,0
20120730,1.0731,1.1842,1.0731,1.175,2700,0
20120803,1.1657,1.1657,1.1657,1.1657,1,0
20120806,1.0731,1.1564,1.0731,1.1564,5193,0
20120808,1.0731,1.1472,1.0731,1.1472,111,0
20120813,1.0731,1.1287,1.0731,1.1287,191,0
20120814,1.064,1.1009,1.064,1.064,3881,0
20120816,1.064,1.1472,1.064,1.1472,192,0
20120817,1.064,1.1195,1.064,1.1195,1102,0
20120820,1.1195,1.1195,1.1195,1.1195,5,0
20120821,1.1195,1.1195,1.1195,1.1195,5,0
20120822,1.1195,1.1195,1.1195,1.1195,5,0
20120823,1.0824,1.1195,1.0824,1.1102,4987,0
20120824,1.1102,1.1102,1.1102,1.1102,5,0
20120829,0.9992,1.064,0.9992,1.064,4416,0
20120830,1.1009,1.1009,1.1009,1.1009,10,0
20120831,0.9992,1.0917,0.9437,1.0917,10904,0
20120904,0.9899,1.1009,0.9899,1.1009,1070,0
20120907,1.0084,1.1009,1.0084,1.1009,796,0
20120910,1.1009,1.1009,1.1009,1.1009,1,0
20120911,1.1009,1.1472,1.1009,1.1472,2557,0
20120914,1.0362,1.1009,1.0362,1.0917,786,0
20120918,1.1379,1.1379,1.1379,1.1379,10,0
20120925,1.1009,1.1009,1.0731,1.1009,1265,0
20120926,1.0454,1.1009,1.0454,1.1009,1092,0
20121001,1.1009,1.1379,1.1009,1.1379,222,0
20121003,1.1009,1.1379,1.0454,1.1379,240,0
20121004,1.064,1.1379,1.0547,1.1379,6821,0
20121009,1.0824,1.1287,1.0824,1.1287,1702,0
20121010,1.0824,1.1287,1.0824,1.1287,1956,0
20121011,1.1195,1.1287,1.0454,1.1195,29231,0
20121012,1.1195,1.1287,1.0547,1.1287,32432,0
20121015,1.0731,1.1102,1.0362,1.0731,23817,0
20121016,1.0731,1.1009,1.0454,1.1009,24785,0
20121017,1.064,1.0917,1.064,1.0917,11673,0
20121019,1.0917,1.0917,1.0917,1.0917,3,0
20121022,1.064,1.0917,1.064,1.0917,900,0
20121023,1.064,1.0917,1.064,1.0917,1416,0
20121024,1.0454,1.0824,1.0454,1.0824,1248,0
20121025,1.064,1.1379,1.064,1.1379,119362,0
20121026,1.1379,1.1379,1.1379,1.1379,2470,0
20121031,1.0731,1.1379,1.0731,1.1379,1956,0
20121102,1.0731,1.0731,1.0731,1.0731,2486,0
20121105,1.0547,1.1287,1.0547,1.1287,335,0
20121106,1.064,1.064,1.0547,1.0547,1742,0
20121107,1.0547,1.0547,1.0547,1.0547,772,0
20121108,1.0547,1.0547,1.0547,1.0547,840,0
20121109,1.0547,1.1102,1.0176,1.1102,1590,0
20121114,1.0084,1.1102,1.0084,1.1102,16290,0
20121115,0.9992,1.0917,0.9992,1.0917,488,0
20121119,1.0084,1.0824,1.0084,1.0824,40,0
20121121,1.0731,1.0824,1.0731,1.0824,3565,0
20121122,1.0269,1.0269,1.0269,1.0269,1,0
20121123,1.1009,1.1009,1.0269,1.1009,492,0
20121127,1.0269,1.0269,1.0269,1.0269,1080,0
20121129,1.0547,1.0917,1.0269,1.0269,7201,0
20121130,1.0917,1.0917,1.0917,1.0917,1,0
20121203,1.0917,1.0917,1.0917,1.0917,1,0
20121204,1.0269,1.0269,1.0176,1.0176,12971,0
20121205,1.0176,1.0176,0.9992,1.0176,13511,0
20121206,0.9992,1.0731,0.9992,1.0176,2010,0
20121207,1.064,1.064,1.064,1.064,324,0
20121211,1.0084,1.1102,1.0084,1.1102,19169,0
20121212,1.1102,1.1379,1.0824,1.1287,14406,0
20121213,1.0547,1.1287,1.0547,1.1287,65392,0
20121214,1.1379,1.1379,1.1379,1.1379,3413,0
20121217,1.1102,1.1472,1.1102,1.1472,1230,0
20121218,1.1472,1.1472,1.1472,1.1472,1080,0
20121219,1.1472,1.1657,1.064,1.1472,52794,0
20121220,1.1657,1.175,1.1657,1.175,672,0
20121221,1.1657,1.1657,1.1657,1.1657,32,0
20121227,1.1102,1.1842,1.0824,1.1842,21019,0
20121228,1.175,1.2027,1.1472,1.2027,8410,0
20130102,1.1379,1.1379,1.1379,1.1379,356,0
20130103,1.1472,1.2027,1.1379,1.2027,10864,0
20130104,1.1934,1.2027,1.1564,1.2027,15324,0
20130107,1.1657,1.2397,1.1657,1.2397,6244,0
20130108,1.2397,1.2674,1.2397,1.2674,7488,0
20130109,1.2767,1.2767,1.2767,1.2767,605,0
20130110,1.2952,1.3877,1.2952,1.36,21823,0
20130111,1.3415,1.3415,1.249,1.3415,832,0
20130114,1.2119,1.3507,1.2119,1.2767,185,0
20130115,1.3045,1.3045,1.2397,1.2397,3465,0
20130117,1.2952,1.2952,1.2119,1.2952,15996,0
20130118,1.2305,1.286,1.2119,1.249,9120,0
20130121,1.2027,1.2397,1.1934,1.2397,4575,0
20130122,1.175,1.2397,1.175,1.2397,11,0
20130124,1.175,1.2397,1.1657,1.2397,12526,0
20130125,1.175,1.249,1.175,1.249,2607,0
20130128,1.1842,1.2952,1.1842,1.2952,46,0
20130129,1.2767,1.2767,1.2767,1.2767,1,0
20130130,1.1842,1.1842,1.1842,1.1842,1,0
20130131,1.2767,1.2767,1.2767,1.2767,10,0
20130204,1.1842,1.3137,1.1842,1.286,11079,0
20130205,1.2119,1.286,1.2119,1.286,114,0
20130206,1.286,1.286,1.286,1.286,124,0
20130207,1.2767,1.2767,1.2767,1.2767,433,0
20130208,1.2212,1.2767,1.2212,1.2767,3710,0
20130212,1.2119,1.2767,1.2119,1.2767,109,0
20130213,1.2119,1.2119,1.2119,1.2119,1,0
20130214,1.2119,1.2119,1.1287,1.1934,5450,0
20130215,1.1379,1.1564,1.1379,1.1564,487,0
20130218,1.1379,1.1379,1.1379,1.1379,1016,0
20130219,1.2027,1.2027,1.2027,1.2027,22,0
20130220,1.2397,1.2397,1.2397,1.2397,1,0
20130221,1.1379,1.2305,1.1379,1.2305,23,0
20130227,1.1379,1.1934,1.1102,1.1934,11360,0
20130301,1.2212,1.2212,1.2212,1.2212,1,0
20130305,1.1287,1.2119,1.1287,1.2119,2,0
20130306,1.1287,1.2027,1.1195,1.2027,2283,0
20130307,1.1195,1.1564,1.1102,1.1564,3048,0
20130308,1.2119,1.2119,1.1102,1.1102,3605,0
20130311,1.1102,1.1564,1.1102,1.1564,107,0
20130312,1.1564,1.1564,1.0917,1.0917,3596,0
20130313,1.0547,1.0731,1.0547,1.0547,13618,0
20130314,0.9529,1.1102,0.9529,1.1102,8815,0
20130315,1.0731,1.0731,0.9992,0.9992,650,0
20130319,1.0176,1.0824,1.0176,1.0824,433,0
20130320,1.0176,1.0176,1.0176,1.0176,1,0
20130321,1.0176,1.064,0.9899,1.064,18391,0
20130322,0.9807,0.9899,0.9714,0.9899,5765,0
20130325,0.9714,1.0176,0.9714,1.0176,811,0
20130326,0.9714,1.0269,0.9344,1.0269,10166,0
20130327,1.0362,1.0362,1.0362,1.0362,5,0
20130328,1.0269,1.0269,1.0269,1.0269,227,0
20130402,1.0176,1.0176,1.0176,1.0176,21618,0
20130403,0.9621,0.9807,0.9252,0.9529,7548,0
20130404,0.9344,1.0269,0.9344,1.0269,18,0
20130411,0.9529,1.0176,0.9529,1.0176,40,0
20130415,0.9529,0.9529,0.9529,0.9529,1,0
20130417,0.9762,0.9762,0.9762,0.9762,1080,0
20130418,1.0176,1.0176,0.9714,0.9714,136,0
20130419,0.9714,0.9714,0.9714,0.9714,342,0
20130422,1.0176,1.0176,1.0176,1.0176,1,0
20130423,1.0084,1.0176,0.9529,1.0176,19458,0
20130426,0.9475,1.0336,0.9475,0.9762,20637,0
20130502,1.0528,1.0528,1.0528,1.0528,1,0
20130509,1.0528,1.0528,1.0528,1.0528,389,0
20130510,1.024,1.024,1.024,1.024,973,0
20130513,1.024,1.1102,1.024,1.1102,4367,0
20130514,1.0528,1.0623,1.0528,1.0623,3675,0
20130515,1.0336,1.1102,1.0049,1.1102,4857,0
20130520,1.1676,1.2729,1.1676,1.1676,6395,0
20130524,1.1293,1.1293,1.0623,1.1293,2463,0
20130527,1.1485,1.1485,1.1485,1.1485,21,0
20130528,1.158,1.158,1.158,1.158,1,0
20130529,1.0432,1.1485,1.0432,1.1485,658,0
20130603,1.1389,1.1389,1.1389,1.1389,10449,0
20130604,1.1485,1.1485,1.0719,1.1293,1390,0
20130605,1.1293,1.1293,1.1293,1.1293,1321,0
20130607,1.158,1.158,1.0528,1.1485,6096,0
20130612,1.1485,1.1485,1.1485,1.1485,106,0
20130618,1.1389,1.2825,1.1389,1.2825,20030,0
20130619,1.2825,1.3782,1.2537,1.3782,15203,0
20130620,1.3686,1.3686,1.359,1.359,5142,0
20130626,1.2633,1.359,1.1963,1.359,10169,0
20130627,1.2825,1.3686,1.2825,1.3686,9603,0
20130628,1.3686,1.4356,1.3686,1.4356,6705,0
20130701,1.2633,1.426,1.2633,1.426,8186,0
20130702,1.3112,1.4164,1.3112,1.4164,13039,0
20130703,1.4069,1.4356,1.3973,1.4356,2760,0
20130704,1.4356,1.5313,1.4356,1.493,33160,0
20130705,1.493,1.493,1.4452,1.493,8303,0
20130708,1.4834,1.493,1.4452,1.4452,5154,0
20130709,1.4356,1.493,1.3399,1.4643,13691,0
20130710,1.3303,1.3877,1.3303,1.3399,13258,0
20130711,1.3877,1.3877,1.3877,1.3877,313,0
20130712,1.3973,1.3973,1.3207,1.3207,1627,0
20130715,1.3207,1.3877,1.3207,1.3877,418,0
20130716,1.3686,1.4834,1.3686,1.4739,2000,0
20130717,1.3877,1.4356,1.3877,1.4356,2913,0
20130718,1.4356,1.4356,1.3399,1.3782,10059,0
20130722,1.3973,1.4069,1.3973,1.4069,2300,0
20130724,1.3303,1.3303,1.3303,1.3303,209,0
20130725,1.3207,1.3877,1.3207,1.3877,1182,0
20130726,1.3207,1.3686,1.3207,1.3686,1337,0
20130729,1.4164,1.4164,1.4164,1.4164,104,0
20130801,1.3877,1.4356,1.3877,1.4356,994,0
20130802,1.426,1.426,1.426,1.426,2623,0
20130805,1.4164,1.4164,1.3782,1.3782,927,0
20130806,1.3782,1.3782,1.3782,1.3782,522,0
20130807,1.4164,1.4739,1.3877,1.4739,37990,0
20130808,1.4739,1.493,1.4739,1.493,7379,0
20130809,1.4547,1.493,1.4547,1.493,2128,0
20130812,1.4834,1.493,1.3782,1.4739,14731,0
20130813,1.4834,1.4834,1.4834,1.4834,116,0
20130814,1.4356,1.4739,1.426,1.4739,9971,0
20130816,1.4643,1.4643,1.4643,1.4643,51,0
20130819,1.4643,1.4643,1.4643,1.4643,261,0
20130820,1.4643,1.4643,1.4643,1.4643,95,0
20130826,1.3782,1.4547,1.3782,1.4547,262,0
20130827,1.4643,1.4643,1.4643,1.4643,160,0
20130830,1.4643,1.4739,1.4643,1.4739,1698,0
20130902,1.5217,1.5217,1.5217,1.5217,1098,0
20130903,1.4834,1.4834,1.4834,1.4834,204,0
20130904,1.4834,1.4834,1.4643,1.4643,1623,0
20130905,1.4643,1.4643,1.4547,1.4547,6303,0
20130906,1.493,1.493,1.493,1.493,696,0
20130909,1.493,1.493,1.493,1.493,173,0
20130911,1.4452,1.4452,1.426,1.426,6656,0
20130912,1.4739,1.4739,1.4739,1.4739,1881,0
20130913,1.493,1.493,1.493,1.493,73,0
20130916,1.5217,1.5217,1.5217,1.5217,2769,0
20130917,1.4356,1.4834,1.4356,1.4834,901,0
20130920,1.3973,1.4834,1.3973,1.4834,1776,0
20130923,1.4164,1.4834,1.4164,1.4834,1673,0
20130924,1.3877,1.4547,1.3877,1.426,6958,0
20130926,1.4069,1.4547,1.4069,1.4547,376,0
20130927,1.3973,1.4739,1.3973,1.4739,1599,0
20131001,1.4356,1.4739,1.4356,1.4739,247,0
20131004,1.4739,1.4834,1.4739,1.4834,584,0
20131007,1.4739,1.4739,1.4739,1.4739,1149,0
20131008,1.4643,1.4643,1.3877,1.3973,1520,0
20131009,1.426,1.426,1.426,1.426,11,0
20131010,1.4069,1.4069,1.4069,1.4069,1254,0
20131011,1.4164,1.4164,1.4164,1.4164,26,0
20131015,1.4164,1.4452,1.4164,1.4452,2519,0
20131016,1.4356,1.4547,1.4356,1.4547,1025,0
20131021,1.4452,1.4452,1.4452,1.4452,41,0
20131023,1.4356,1.4739,1.4069,1.4739,6839,0
20131024,1.4739,1.493,1.359,1.3973,38191,0
20131025,1.3877,1.3973,1.3877,1.3973,92,0
20131028,1.3973,1.4547,1.3973,1.3973,5185,0
20131029,1.3973,1.4164,1.3973,1.4164,220,0
20131104,1.4164,1.4547,1.091,1.3112,42056,0
20131105,1.3112,1.3877,1.2729,1.3877,6605,0
20131107,1.3877,1.4356,1.3877,1.4356,4400,0
20131108,1.426,1.4356,1.426,1.4356,1807,0
20131112,1.4356,1.493,1.4356,1.493,2184,0
20131114,1.3877,1.3877,1.3877,1.3877,4388,0
20131115,1.3303,1.4452,1.3303,1.4452,1528,0
20131118,1.426,1.4356,1.426,1.4356,1567,0
20131120,1.3494,1.3494,1.3494,1.3494,1149,0
20131121,1.426,1.426,1.3207,1.426,5248,0
20131125,1.4164,1.4164,1.3877,1.3877,3762,0
20131127,1.4164,1.4356,1.359,1.359,3199,0
20131129,1.3207,1.4069,1.2442,1.4069,10989,0
20131205,1.3877,1.4069,1.3877,1.4069,845,0
20131206,1.3877,1.3973,1.3686,1.3973,848,0
20131209,1.3686,1.4069,1.2825,1.3877,935,0
20131210,1.359,1.359,1.359,1.359,700,0
20131211,1.2633,1.3782,1.2633,1.359,5860,0
20131213,1.2442,1.3399,1.2442,1.292,7345,0
20131216,1.3686,1.3686,1.3686,1.3686,13,0
20131217,1.2442,1.2633,1.2442,1.2442,8525,0
20131218,1.3686,1.3782,1.2537,1.2537,2564,0
20131219,1.3399,1.3399,1.2442,1.292,6912,0
20131220,1.2729,1.2729,1.1676,1.2442,10527,0
20131223,1.292,1.3112,1.292,1.3112,116,0
20131227,1.3112,1.3399,1.2442,1.2442,4597,0
20131230,1.3303,1.3303,1.2059,1.3207,939,0
20140102,1.3303,1.3303,1.2442,1.3303,4150,0
20140103,1.292,1.292,1.292,1.292,57,0
20140108,1.292,1.3399,1.292,1.3399,321,0
20140109,1.3303,1.3399,1.3303,1.3399,2497,0
20140110,1.2059,1.3207,1.2059,1.3207,182,0
20140113,1.3207,1.3399,1.3207,1.3399,1809,0
20140114,1.3399,1.3399,1.3303,1.3399,1210,0
20140120,1.3303,1.3303,1.3303,1.3303,1,0
20140121,1.3399,1.3399,1.3399,1.3399,692,0
20140122,1.3303,1.3303,1.2059,1.3112,3208,0
20140123,1.3112,1.3112,1.3112,1.3112,1,0
20140124,1.2442,1.292,1.2442,1.292,73,0
20140127,1.2442,1.3016,1.2442,1.3016,74,0
20140128,1.292,1.292,1.2825,1.2825,1776,0
20140129,1.2633,1.3399,1.2633,1.3399,1034,0
20140130,1.292,1.3303,1.292,1.3303,135,0
20140131,1.3112,1.3112,1.3112,1.3112,518,0
20140203,1.2442,1.3207,1.2442,1.3207,2873,0
20140204,1.292,1.3207,1.2825,1.3207,4284,0
20140205,1.2825,1.2825,1.2825,1.2825,1048,0
20140206,1.292,1.292,1.292,1.292,7837,0
20140207,1.3207,1.3399,1.292,1.292,6838,0
20140210,1.3303,1.3303,1.3303,1.3303,1,0
20140212,1.2825,1.3399,1.2825,1.3399,4568,0
20140213,1.3303,1.3303,1.3303,1.3303,115,0
20140214,1.3399,1.3399,1.3303,1.3399,7954,0
20140217,1.3399,1.3877,1.3399,1.3877,3866,0
20140218,1.3686,1.3686,1.3686,1.3686,239,0
20140219,1.3782,1.3782,1.359,1.3782,1214,0
20140220,1.3782,1.3877,1.3207,1.3877,1988,0
20140221,1.3877,1.4164,1.3303,1.4164,8760,0
20140224,1.3399,1.3877,1.3399,1.3877,2334,0
20140225,1.3207,1.3877,1.3207,1.3877,1741,0
20140226,1.4069,1.4069,1.3303,1.3399,1048,0
20140227,1.3782,1.3782,1.3782,1.3782,84,0
20140228,1.3782,1.426,1.3782,1.426,5556,0
20140303,1.3877,1.3877,1.2633,1.3877,1569,0
20140304,1.3782,1.4069,1.3686,1.4069,1701,0
20140305,1.4069,1.426,1.3782,1.426,1841,0
20140306,1.3399,1.4069,1.3016,1.3399,1473,0
20140307,1.3973,1.3973,1.3973,1.3973,20,0
20140310,1.3686,1.3686,1.3399,1.3399,2210,0
20140312,1.3303,1.3973,1.3303,1.3973,226,0
20140313,1.3303,1.3399,1.3303,1.3399,735,0
20140314,1.2537,1.4069,1.2537,1.4069,123,0
20140317,1.292,1.3877,1.292,1.3877,2996,0
20140318,1.292,1.3877,1.292,1.3877,3841,0
20140320,1.292,1.3686,1.292,1.3686,325,0
20140321,1.292,1.292,1.2442,1.2537,16280,0
20140324,1.2537,1.2825,1.2537,1.2825,4181,0
20140325,1.2825,1.2825,1.2442,1.2537,2612,0
20140326,1.2729,1.3207,1.2729,1.3207,10688,0
20140327,1.3207,1.3399,1.2729,1.2729,2286,0
20140328,1.3399,1.426,1.3016,1.426,28713,0
20140331,1.426,1.426,1.4164,1.426,2745,0
20140401,1.4164,1.426,1.3494,1.4164,27273,0
20140402,1.426,1.426,1.3686,1.4164,1736,0
20140403,1.4164,1.4164,1.4164,1.4164,1,0
20140404,1.4164,1.4164,1.4164,1.4164,1,0
20140408,1.359,1.4069,1.359,1.4069,82,0
20140409,1.4069,1.4164,1.4069,1.4164,2804,0
20140410,1.426,1.4356,1.426,1.426,5231,0
20140411,1.426,1.426,1.3877,1.3877,53,0
20140414,1.426,1.4356,1.426,1.4356,2481,0
20140415,1.426,1.426,1.426,1.426,1046,0
20140416,1.426,1.426,1.426,1.426,1,0
20140417,1.426,1.426,1.426,1.426,878,0
20140422,1.426,1.426,1.426,1.426,1,0
20140423,1.4164,1.426,1.4164,1.426,3459,0
20140424,1.426,1.426,1.426,1.426,1,0
20140425,1.3686,1.426,1.3686,1.426,2,0
20140428,1.426,1.426,1.426,1.426,1,0
20140429,1.4356,1.4356,1.4356,1.4356,21,0
20140430,1.4356,1.4356,1.4356,1.4356,627,0
20140505,1.4356,1.4834,1.4356,1.4834,2456,0
20140506,1.4643,1.4643,1.4643,1.4643,1,0
20140508,1.4834,1.5313,1.4069,1.5121,3580,0
20140509,1.493,1.5313,1.3973,1.5313,5666,0
20140512,1.5313,1.5313,1.4069,1.5313,6103,0
20140513,1.5313,1.56,1.5313,1.5409,2074,0
20140514,1.4547,1.5409,1.4164,1.5313,2068,0
20140515,1.4356,1.5791,1.4356,1.56,9507,0
20140516,1.4643,1.5504,1.4643,1.4739,1250,0
20140519,1.4739,1.5217,1.4739,1.5121,1327,0
20140520,1.4643,1.493,1.4643,1.493,106,0
20140521,1.4739,1.5121,1.4739,1.5121,13,0
20140522,1.4643,1.5121,1.3973,1.4834,414,0
20140523,1.4643,1.493,1.4547,1.493,1084,0
20140526,1.493,1.493,1.4069,1.4643,11582,0
20140527,1.4643,1.4834,1.4356,1.4356,1128,0
20140528,1.4643,1.5887,1.4356,1.56,30604,0
20140529,1.54,1.65,1.54,1.57,1291,0
20140530,1.64,1.64,1.55,1.61,1810,0
20140602,1.53,1.61,1.53,1.61,542,0
20140604,1.53,1.56,1.52,1.56,4001,0
20140605,1.55,1.55,1.55,1.55,50,0
20140606,1.55,1.55,1.55,1.55,200,0
20140609,1.56,1.56,1.56,1.56,11,0
20140610,1.56,1.56,1.47,1.55,1665,0
20140611,1.54,1.54,1.5,1.51,5051,0
20140612,1.5,1.5,1.5,1.5,1003,0
