Date,Open,High,Low,Close,Volume,OpenInt
20100512,263.6,271.91,262.92,271.91,9566251,0
20100513,270.4,273.34,267.38,269.64,2394317,0
20100514,268.36,271.91,266.85,268.13,1399531,0
20100517,261.33,266.62,260.73,265.11,1233107,0
20100518,264.73,267.98,264.58,266.62,760540,0
20100519,264.51,265.71,261.26,261.26,1224472,0
20100520,259.82,260.58,249.63,250,1373495,0
20100521,250,254.16,246.23,254.16,705820,0
20100524,254.23,260.2,254.16,258.69,621414,0
20100525,253.1,256.73,247.74,249.25,672528,0
20100526,252.5,267.38,252.5,267.38,3367665,0
20100527,262.84,266.17,262.09,264.51,316135,0
20100528,264.66,265.41,261.33,264.35,219354,0
20100531,261.33,264.35,259.07,264.35,98919,0
20100601,260.88,264.2,257.18,263.3,333117,0
20100602,262.01,265.11,261.41,263.98,301254,0
20100604,263.3,265.11,258.31,258.31,294576,0
20100607,253.78,258.69,253.78,256.8,239621,0
20100608,256.95,259.82,256.05,256.05,1612586,0
20100609,256.57,262.77,255.29,262.09,292870,0
20100610,260.05,265.34,260.05,264.35,431070,0
20100611,263.9,264.73,262.39,263.6,524775,0
20100614,263.6,267,262.09,265.64,218762,0
20100615,264.35,266.54,263.07,266.24,354166,0
20100616,266.39,267,261.48,266.17,437390,0
20100617,263.98,267.37,263.6,267.07,395267,0
20100618,266.32,271,266.32,270.02,1474182,0
20100621,269.64,275.53,269.64,275.53,457148,0
20100622,272.28,274.4,270.77,271.91,234837,0
20100623,271.15,273.42,270.55,271.15,273786,0
20100624,271.15,272.66,268.13,268.13,222118,0
20100625,268.89,271.45,268.21,268.21,286330,0
20100628,268.58,269.41,264.73,265.86,92257,0
20100629,265.86,266.47,263.6,264.35,307173,0
20100630,264.35,267.37,263.98,264.35,136150,0
20100701,264.35,270.17,262.99,268.89,302409,0
20100702,266.47,271.91,266.47,267.38,227345,0
20100705,267.53,268.28,265.86,265.94,31907,0
20100706,266.47,270.85,266.32,270.85,62077,0
20100707,267.45,271.15,267,270.4,274564,0
20100708,271.91,275.53,268.89,271.08,559206,0
20100709,271.23,272.96,269.19,272.66,56192,0
20100712,271.91,280.97,270.7,280.97,336813,0
20100713,279.69,285.5,279.69,285.5,347574,0
20100714,285.5,286.86,279.46,279.46,153316,0
20100715,279.46,282.48,278.7,279.46,52631,0
20100716,277.95,283.61,277.95,277.95,78283,0
20100719,277.65,283.31,277.19,282.25,348226,0
20100720,281.73,282.25,278.7,279.53,141681,0
20100721,280.22,284.6,280.22,282.86,249029,0
20100722,282.48,288.52,281.8,288.52,328972,0
20100723,287.01,288.9,284.44,284.75,184604,0
20100726,289.28,294.26,286.41,293.21,255967,0
20100727,293.81,295.62,284.82,290.11,469857,0
20100728,292.3,292.3,286.26,286.33,125165,0
20100729,287.01,294.57,287.01,294.57,363687,0
20100730,294.56,298.04,292.67,297.59,537249,0
20100802,297.74,302.27,297.06,299.85,281592,0
20100803,299.85,303.02,299.47,301.36,200530,0
20100804,301.14,301.14,298.34,299.1,81216,0
20100805,298.34,301.29,296.83,300.23,323582,0
20100806,300.53,300.61,297.59,298.34,80637,0
20100809,297.21,298.34,287.24,288.52,184736,0
20100810,290.03,290.03,286.64,288.15,232161,0
20100811,288.15,288.9,283.99,284.75,146033,0
20100812,284.6,291.54,284.6,289.28,173593,0
20100813,293.96,296.83,291.02,292.98,117112,0
20100816,293.81,296.83,291.7,294.64,78065,0
20100817,294.56,294.56,288.6,290.79,82137,0
20100818,292.83,292.83,288.3,291.85,116048,0
20100819,291.7,294.56,290.03,290.72,153014,0
20100820,290.94,295.09,290.03,294.41,169792,0
20100823,297.6,305.06,296.98,303.43,159365,0
20100824,302.5,302.73,294.49,299.7,122393,0
20100825,298.07,301.1,293.56,294.88,90330,0
20100826,291.23,297.29,286.41,288.28,189167,0
20100827,286.72,290.3,286.72,290.3,143790,0
20100830,292.16,294.88,291.54,291.54,145110,0
20100831,289.05,293.4,287.5,293.4,236860,0
20100901,295.11,295.27,291.38,291.38,153316,0
20100902,293.64,294.8,291.07,291.07,110698,0
20100903,291.85,296.67,291.38,296.67,86517,0
20100906,297.13,300.32,297.13,300.32,124517,0
20100907,297.6,299,295.35,297.6,69216,0
20100908,297.91,307.39,297.6,306.92,345765,0
20100909,303.82,310.65,303.12,310.27,276490,0
20100910,307,310.73,306.46,307.7,208235,0
20100913,310.65,310.81,307.39,308.56,251454,0
20100914,308.48,311.59,306.23,311.28,261295,0
20100915,310.89,312.36,308.32,312.36,159071,0
20100916,309.72,312.21,309.26,309.26,104609,0
20100917,310.27,312.75,306.15,312.75,343147,0
20100920,309.26,316.17,309.26,315.39,124633,0
20100921,315.39,324.41,314,319.36,323322,0
20100922,317.8,321.22,317.1,319.36,142533,0
20100923,318.74,319.44,311.04,311.59,260942,0
20100924,311.59,312.21,306.46,306.92,465163,0
20100927,310.03,311.43,308.87,309.26,89837,0
20100928,309.26,310.73,306.38,310.11,108351,0
20100929,309.26,311.59,306.92,309.26,163790,0
20100930,308.87,318.58,307.86,318.58,337563,0
20101001,314,318.42,310.81,310.81,138210,0
20101004,311.59,315.08,310.19,315.08,123379,0
20101005,313.92,314.62,310.11,312.99,214940,0
20101006,313.84,315.47,310.97,312.91,116634,0
20101007,311.51,314.62,306.92,306.92,116165,0
20101008,307.86,310.65,303.12,304.98,160898,0
20101011,306.54,308.17,304.59,306.77,125182,0
20101012,305.45,306.77,303.89,304.59,155567,0
20101013,305.76,308.79,304.83,307.7,476537,0
20101014,308.48,309.26,299.47,299.54,567937,0
20101015,299.85,301.49,296.9,298.38,204960,0
20101018,298.77,299.93,297.6,299.93,140837,0
20101019,299.93,304.98,299.54,302.34,251922,0
20101020,300.24,303.82,298.38,299.54,384928,0
20101021,302.26,302.26,293.72,297.6,209116,0
20101022,297.45,297.45,291.93,296.05,174140,0
20101025,297.6,297.6,290.69,291.38,127045,0
20101026,291.38,292.55,286.8,287.5,223536,0
20101027,289.05,295.19,289.05,292.94,308016,0
20101028,295.97,300.32,293.72,296.82,182890,0
20101029,297.21,297.83,290.61,293.8,197076,0
20101102,295.27,296.51,294.49,295.66,146562,0
20101103,295.66,296.05,291.38,291.38,156570,0
20101104,293.72,295.66,291.38,292.16,269324,0
20101105,293.56,297.45,292.16,296.44,196065,0
20101108,296.82,300.4,293.87,297.52,237056,0
20101109,295.5,301.49,294.03,299.23,320343,0
20101110,299,299.08,294.88,294.96,236463,0
20101112,289.83,292.16,286.96,287.5,633978,0
20101115,291.38,291.62,279.42,281.52,993456,0
20101116,282.06,282.06,276.39,278.25,585943,0
20101117,278.95,291,277.24,286.72,675319,0
20101118,285.25,290.14,284,286.02,1857325,0
20101119,288.04,288.04,283.85,283.85,1053288,0
20101122,287.42,288.12,284.39,284.55,510313,0
20101123,284.55,284.78,277.63,277.71,822571,0
20101124,279.65,281.67,277.48,278.87,899149,0
20101125,279.73,280.97,277.79,278.8,273528,0
20101126,278.56,278.8,272.35,274.29,585510,0
20101129,277.32,277.94,272.04,272.74,418340,0
20101130,274.99,276.62,272.27,275.77,956356,0
20101201,276.54,283.23,275.22,281.67,433421,0
20101202,282.84,285.79,281.83,282.76,430036,0
20101203,283.61,284.16,278.41,281.98,116774,0
20101206,282.53,285.17,279.73,285.17,300694,0
20101207,283.3,285.95,282.91,285.95,291430,0
20101208,282.29,285.87,279.19,281.21,278854,0
20101209,281.28,282.37,279.11,279.73,287221,0
20101210,280.51,284.78,280.12,280.12,520233,0
20101213,282.22,283.38,281.21,282.45,80716,0
20101214,283.46,284.94,280.89,284.94,247649,0
20101215,283.23,284.78,281.75,284.39,116925,0
20101216,283.93,285.09,280.12,280.58,192747,0
20101217,281.21,281.28,278.17,278.95,662234,0
20101220,278.17,280.12,276.7,277.4,226461,0
20101221,278.17,278.17,275.92,277.4,265009,0
20101222,278.25,278.25,276.85,277.16,157397,0
20101223,277.16,277.48,276.78,277.24,131099,0
20101227,277.09,277.4,275.77,277.01,69394,0
20101228,276.62,277.01,275.84,276.23,144492,0
20101229,276.62,278.56,276.31,277.4,141565,0
20101230,277.4,278.25,276.31,276.47,78880,0
20101231,276.46,276.62,272.89,276.24,132983,0
20110103,276.85,281.59,276.62,281.28,116021,0
20110104,281.28,281.28,273.59,273.59,259037,0
20110105,274.21,274.45,268.15,272.74,264667,0
20110107,273.51,273.51,268.93,272.74,196423,0
20110110,270.4,271.03,263.88,266.21,363731,0
20110111,266.21,271.03,265.43,269.08,325232,0
20110112,268.85,269.63,264.89,267.3,218856,0
20110113,268.85,269.08,258.9,264.97,366221,0
20110114,264.58,268.77,262.63,264.97,157553,0
20110117,266.05,270.4,264.97,270.4,326425,0
20110118,271.8,276.15,270.4,275.84,401329,0
20110119,276.08,277.63,269.39,271.96,236822,0
20110120,268.85,273.9,267.69,271.88,227940,0
20110121,271.57,273.36,270.4,270.87,86907,0
20110124,270.87,271.73,265.12,270.4,164986,0
20110125,269.24,271.49,266.91,269.16,174519,0
20110126,269.39,271.88,268.15,270.72,136975,0
20110127,271.34,271.34,265.51,266.13,182139,0
20110128,266.13,269.55,265.12,268.85,140396,0
20110131,266.13,268.07,264.96,268.07,256218,0
20110201,268.62,268.77,266.52,268.07,211462,0
20110202,268.38,270.25,265.98,269.55,233100,0
20110203,270.17,277.71,268.85,277.48,509402,0
20110204,278.87,279.73,273.12,273.82,344229,0
20110207,272.97,277.4,272.74,274.29,253139,0
20110208,275.77,275.77,273.59,274.6,329456,0
20110209,273.59,274.29,271.18,271.96,273724,0
20110210,271.41,271.96,268.54,270.4,268606,0
20110211,270.33,271.73,269.63,271.18,307442,0
20110214,271.8,272.66,268.46,269.63,172352,0
20110215,268.23,270.25,268.23,268.46,417370,0
20110216,269.55,269.55,265.74,266.52,509060,0
20110217,266.52,267.3,262.25,262.25,433905,0
20110218,262.63,268.07,262.63,266.68,304305,0
20110221,266.68,268.7,265.98,268.07,290419,0
20110222,267.84,274.91,265.74,273.28,515443,0
20110223,272.74,274.29,270.02,271.96,317427,0
20110224,269.24,275.46,269.01,271.18,278719,0
20110225,271.41,272.74,269.16,270.33,230905,0
20110228,268.93,271.65,268.07,269.94,333170,0
20110301,269.24,269.78,264.11,266.75,290866,0
20110302,264.97,265.9,262.79,263.49,243135,0
20110303,265.51,270.25,264.58,270.25,236354,0
20110304,271.1,275.07,269.71,271.96,235653,0
20110307,272.89,274.68,270.79,271.57,156526,0
20110308,271.96,275.46,271.96,274.99,220086,0
20110309,273.2,274.21,269.08,269.08,216930,0
20110310,269.01,270.4,266.83,267.3,205047,0
20110311,266.13,267.14,263.49,265.74,288502,0
20110314,264.58,266.52,264.58,266.52,217587,0
20110315,265.74,266.36,263.57,265.66,263422,0
20110316,270.4,272.74,263.02,263.96,290177,0
20110317,264.42,274.06,263.57,272.74,583282,0
20110318,272.74,281.59,272.11,281.59,786976,0
20110321,281.28,281.28,277.71,278.56,313436,0
20110322,278.17,278.17,273.67,274.29,188723,0
20110323,274.29,278.17,272.81,276.78,145404,0
20110324,275.46,276.47,272.74,273.51,162240,0
20110325,273.67,276.15,271.96,273.9,133663,0
20110328,273.51,278.8,273.51,278.64,193393,0
20110329,278.64,280.82,276.23,276.62,370027,0
20110330,277.24,279.73,272.5,272.5,266418,0
20110331,274.68,276.62,273.28,276.62,342048,0
20110401,277.63,283.93,277.4,281.21,924377,0
20110404,282.84,283.54,281.36,282.84,199417,0
20110405,282.06,283.61,282.06,283.23,118074,0
20110406,283.61,286.72,283.23,285.17,587749,0
20110407,285.17,287.42,284.39,286.72,310989,0
20110408,286.72,287.34,281.28,283.23,370105,0
20110411,283.61,284.24,282.06,283.07,168969,0
20110412,282.06,284.39,280.89,282.6,306861,0
20110413,284.39,285.48,282.22,283.23,413374,0
20110414,282.53,283.77,280.97,282.45,398077,0
20110415,283.23,284.24,281.44,282.91,279646,0
20110418,283.23,284.24,279.34,279.34,320551,0
20110419,279.34,282.84,279.34,281.28,325017,0
20110420,282.68,284.16,282.14,282.14,364017,0
20110421,283.61,284.16,281.67,282.37,302771,0
20110426,282.37,285.01,282.37,284.24,219113,0
20110427,284.62,286.57,283.77,286.33,407891,0
20110428,286.02,291.38,286.02,290.61,526044,0
20110429,291.38,292.08,288.58,289.83,148446,0
20110502,290.61,293.33,289.83,292.16,201393,0
20110504,288.98,293.09,285.56,288.28,489269,0
20110505,287.5,289.6,287.5,288.43,428895,0
20110506,289.44,291.7,288.51,290.61,618723,0
20110509,291.38,292.78,285.56,285.56,139830,0
20110510,286.33,292.55,286.33,291.77,571561,0
20110511,291.7,298.61,291.46,298.38,546773,0
20110512,297.52,299.62,295.74,299.15,760738,0
20110513,299.15,304.52,298.61,302.96,294135,0
20110516,299.93,305.37,296.9,305.37,235440,0
20110517,303.04,303.04,297.6,297.6,274692,0
20110518,298.22,299.78,290.84,290.84,315650,0
20110519,295.27,302.26,294.57,297.68,474267,0
20110520,298.53,304.52,298.53,303.04,327080,0
20110523,299.15,302.73,297.91,302.73,255178,0
20110524,299.31,303.82,298.38,303.43,315150,0
20110525,302.73,308.95,300.79,308.32,349977,0
20110526,309.18,309.72,303.97,305.14,408292,0
20110527,305.14,305.76,301.87,303.04,277111,0
20110530,304.59,304.59,301.33,302.19,81749,0
20110531,302.96,303.82,301.64,302.26,343720,0
20110601,304.44,305.29,302.34,303.04,314393,0
20110602,301.49,305.76,301.33,303.82,123722,0
20110603,303.82,305.22,300.86,303.04,234775,0
20110606,303.12,305.6,303.12,304.21,130653,0
20110607,304.28,306.15,302.88,303.51,250570,0
20110608,303.51,304.52,299,299.93,398736,0
20110609,284.62,289.05,284.62,288.66,2135288,0
20110610,288.66,291,286.18,289.05,1485728,0
20110613,290.3,294.88,289.21,291.54,304473,0
20110614,294.03,298.69,293.72,297.6,731336,0
20110615,296.82,296.82,293.72,295.27,284851,0
20110616,294.49,299.85,292.55,299.39,616519,0
20110617,297.6,301.72,297.6,301.49,595343,0
20110620,300.63,301.49,297.6,299.93,330207,0
20110621,299.7,299.78,294.18,298.38,371913,0
20110622,298.07,298.3,293.02,293.02,431781,0
20110624,293.09,296.82,292.55,295.27,203828,0
20110627,293.72,295.04,288.12,294.49,225305,0
20110628,292.94,296.67,291.62,296.67,342126,0
20110629,296.12,298.92,295.58,297.6,284494,0
20110630,297.92,298.92,291.38,291.38,641302,0
20110701,291.77,295.66,291.77,295.66,134666,0
20110704,297.45,297.45,293.4,296.05,189945,0
20110705,296.67,296.82,293.72,296.67,276534,0
20110706,295.35,296.44,292.24,292.86,171937,0
20110707,294.41,296.44,292.55,295.04,133233,0
20110708,295.19,295.74,291.77,292.94,103114,0
20110711,292.94,293.72,289.05,290.69,274625,0
20110712,288.74,290.37,286.8,288.28,384535,0
20110713,289.05,291.31,288.28,290.06,215023,0
20110714,290.06,290.61,287.81,290.61,199864,0
20110715,288.35,290.14,287.81,289.05,282915,0
20110718,287.65,289.05,284.39,284.94,191903,0
20110719,286.02,288.66,285.95,287.5,199384,0
20110720,288.2,290.61,287.65,288.43,310583,0
20110721,287.97,290.45,285.56,288.9,300818,0
20110722,289.83,292.94,288.28,292.78,128429,0
20110725,292.32,294.34,290.06,293.72,115245,0
20110726,294.81,294.81,290.14,294.73,90786,0
20110727,292.55,294.1,289.13,291.46,75540,0
20110728,289.29,294.41,288.66,293.72,185324,0
20110729,292.47,294.49,290.84,294.49,213054,0
20110801,294.57,296.44,293.48,293.72,208567,0
20110802,291.38,293.64,290.76,293.64,180680,0
20110803,289.05,291,284.08,284.39,564685,0
20110804,285.48,288.82,277.01,278.17,490120,0
20110805,270.4,279.88,270.4,273.59,711412,0
20110808,271.88,275.92,267.45,271.88,575852,0
20110809,273.51,276.78,254.86,262.17,945755,0
20110810,265.35,269.63,247.95,250.36,714977,0
20110811,255.25,264.11,242.43,261.16,744363,0
20110812,261.86,268.07,258.75,268.07,539556,0
20110816,275.84,275.92,266.13,274.68,352913,0
20110817,271.96,274.13,268.46,271.18,428591,0
20110818,270.95,271.03,248.65,259.53,457069,0
20110819,258.67,263.41,250.2,260.3,442560,0
20110822,257.97,262.01,256.5,261.31,246577,0
20110823,262.25,264.11,253.31,256.19,347525,0
20110824,259.45,262.71,256.5,261.47,374764,0
20110825,265.74,270.17,255.64,259.53,541223,0
20110826,260.69,261,252.53,254.16,379359,0
20110829,257.82,268.85,256.42,268.85,244672,0
20110830,269.47,271.88,267.69,271.8,401322,0
20110831,271.96,276.54,271.96,275.84,1042798,0
20110901,275.84,275.84,269.63,275.07,225620,0
20110902,272.34,273.51,266.83,270.79,370426,0
20110905,268,269.47,264.19,264.97,287965,0
20110906,264.65,268.77,254.78,260.31,643587,0
20110907,263.49,272.74,262.71,271.18,432058,0
20110908,271.81,275.07,269.32,274.68,310252,0
20110909,272.03,274.06,261.08,261.08,353748,0
20110912,258.75,264.97,255.49,264.97,447080,0
20110913,266.91,270.72,263.64,264.19,397267,0
20110914,263.57,269.47,261.86,268.31,362752,0
20110915,268.85,273.36,262.79,269.47,501753,0
20110916,270.4,270.4,267.45,268.85,362145,0
20110919,268.7,270.25,263.64,270.25,280074,0
20110920,270.25,271.88,267.69,267.69,266637,0
20110921,270.4,271.88,268.23,269.55,336793,0
20110922,267.29,268.85,254.86,259.84,511161,0
20110923,260.31,265.2,249.42,264.03,495337,0
20110926,260.22,265.75,259.53,262.56,460339,0
20110927,267.29,269.32,265.43,267.14,757120,0
20110928,269.16,270.59,260.84,267.23,464430,0
20110929,265.63,268.99,263.11,267.31,507361,0
20110930,265.8,267.14,260.67,264.79,435423,0
20111003,259.74,263.11,256.05,256.38,365218,0
20111004,253.86,253.86,237.97,247.3,715964,0
20111005,251.34,251.34,245.45,251.34,254830,0
20111006,252.18,258.9,248.48,254.53,435455,0
20111007,256.8,262.18,254.28,257.64,477799,0
20111010,259.74,268.99,258.06,268.91,328946,0
20111011,268.99,270.5,264.96,266.55,341146,0
20111012,268.99,272.35,264.79,267.81,267867,0
20111013,268.07,269.49,261.43,261.43,264431,0
20111014,262.35,265.54,257.39,263.95,218725,0
20111017,264.79,270.25,260.16,263.95,201527,0
20111018,262.1,263.95,259.74,263.86,142933,0
20111019,264.28,268.57,263.95,268.57,190955,0
20111020,267.73,270.17,264.79,265.21,334467,0
20111021,266.47,271.01,266.47,270.5,195219,0
20111024,270.5,281.43,269.83,276.98,301673,0
20111025,280.25,280.67,271.6,279.08,223785,0
20111026,277.4,278.24,271.51,271.76,286817,0
20111027,279.5,284.12,276.56,283.87,349201,0
20111028,283.87,285.55,282.52,283.95,249861,0
20111031,282.19,286.47,280.51,283.7,459061,0
20111102,278.24,283.7,278.07,281.6,252156,0
20111103,278.24,288.83,278.24,288.32,200336,0
20111104,288.74,288.74,281.6,284.04,292273,0
20111107,283.28,286.9,279.92,282.94,187798,0
20111108,280.42,284.21,278.41,281.52,568597,0
20111109,281.68,281.94,269.83,269.83,316118,0
20111110,268.82,268.99,264.03,265.21,482633,0
20111114,273.61,277.06,264.79,267.31,262561,0
20111115,268.65,270.25,264.28,265.63,215946,0
20111116,268.99,272.35,265.63,272.35,284389,0
20111117,268.57,272.35,266.64,269.83,229754,0
20111118,267.39,273.61,267.39,271.51,246755,0
20111121,268.15,271.93,268.15,270.08,284066,0
20111122,270.08,272.86,266.47,266.47,194510,0
20111123,266.38,270.67,257.31,261.26,240726,0
20111124,261.26,263.53,259.16,261.43,325054,0
20111125,260.92,263.02,256.47,261.34,230696,0
20111128,263.11,263.78,258.9,260.58,346706,0
20111129,259.16,266.81,259.16,260.84,317852,0
20111130,263.69,268.49,261.43,268.49,676578,0
20111201,268.15,270.42,266.05,269.66,210611,0
20111202,270.5,278.32,269.58,273.28,261244,0
20111205,275.72,277.65,274.29,277.4,161013,0
20111206,275.55,278.49,271.34,274.62,328196,0
20111207,274.03,275.72,267.39,273.78,231906,0
20111208,271.09,274.79,261.43,261.43,235848,0
20111209,260.08,265.8,258.23,265.8,452654,0
20111212,264.37,264.37,257.73,261.76,250214,0
20111213,261.43,267.73,259.74,264.7,294695,0
20111214,264.79,268.4,261.68,262.1,244017,0
20111215,264.45,265.38,260.16,262.27,294644,0
20111216,263.02,264.7,259.74,260.67,588206,0
20111219,261.26,263.95,256.38,260.42,135801,0
20111220,258.48,262.85,255.88,262.6,184695,0
20111221,261.09,264.28,259.24,261.43,109538,0
20111222,260.58,261.85,258.15,259.74,127294,0
20111223,259.74,261.85,259.74,261.85,109070,0
20111227,261.93,262.94,260.75,262.27,143016,0
20111228,261,262.77,259.74,260.58,118539,0
20111229,261.43,262.94,259.16,260.58,178687,0
20111230,263.95,263.95,259.74,259.74,257141,0
20120102,260.25,263.86,260.25,262.69,166717,0
20120103,263.86,265.21,261.09,265.21,372841,0
20120104,263.19,264.2,257.89,258.23,480821,0
20120105,260.08,262.69,255.54,262.69,265971,0
20120109,263.11,263.69,258.99,259.32,182045,0
20120110,259.74,262.01,257.98,259.07,290404,0
20120111,259.07,260.08,256.38,257.64,197102,0
20120112,257.64,263.44,257.22,261,252968,0
20120113,262.85,263.11,256.8,258.06,173021,0
20120116,258.9,263.11,258.06,261.09,228125,0
20120117,263.19,268.4,262.69,267.14,420214,0
20120118,268.15,269.66,263.27,264.79,228052,0
20120119,266.47,269.83,264.2,269.83,407863,0
20120120,268.15,274.87,266.64,274.87,232668,0
20120123,270.67,275.21,268.4,268.99,317369,0
20120124,269.75,271.85,268.15,270.67,166209,0
20120125,271.26,274.03,269.49,272.27,117798,0
20120126,272.94,285.8,272.35,281.6,489631,0
20120127,281.6,284.96,280,284.21,303073,0
20120130,283.28,284.54,278.41,280,171304,0
20120131,282.44,285.47,280.84,280.84,223886,0
20120201,280.09,289.67,280.09,286.81,181244,0
20120202,290.01,290.01,285.13,288.74,193456,0
20120203,288.32,292.11,286.9,292.11,224321,0
20120206,290.01,292.53,288.74,292.53,190887,0
20120207,291.01,292.53,287.82,290.85,267426,0
20120208,287.06,293.28,287.06,290.59,238297,0
20120209,280.34,291.69,280.34,285.47,594353,0
20120210,285.8,285.89,281.77,282.86,320605,0
20120213,284.96,285.72,283.36,284.54,132216,0
20120214,285.8,290.01,283.36,285.8,236697,0
20120215,288.32,288.66,284.21,285.72,673331,0
20120216,284.96,287.4,282.78,282.78,178270,0
20120217,286.73,288.16,285.97,286.64,314645,0
20120220,288.16,289,286.05,288.32,170996,0
20120221,290.01,290.01,285.47,285.47,329417,0
20120222,285.89,287.32,283.7,285.8,252085,0
20120223,282.78,286.64,282.44,282.44,229819,0
20120224,284.96,285.8,282.44,282.44,163630,0
20120227,282.02,284.96,281.6,284.96,151412,0
20120228,284.54,285.72,278.41,280.76,189053,0
20120229,282.86,283.95,278.24,281.52,330203,0
20120301,279.08,280,273.61,278.24,268172,0
20120302,277.98,278.24,273.7,276.98,279322,0
20120305,275.72,277.4,272.44,276.39,131777,0
20120306,274.03,277.4,273.19,276.81,229865,0
20120307,276.81,279.08,273.7,275.72,176496,0
20120308,274.87,279.92,274.2,279.92,199168,0
20120309,278.91,281.6,276.56,277.4,104018,0
20120312,279.08,279.08,274.54,277.31,74071,0
20120313,276.64,277.4,274.87,276.14,179675,0
20120314,276.39,283.11,276.39,282.94,465366,0
20120315,282.94,284.71,277.56,281.35,392662,0
20120316,280.17,283.03,278.83,279.08,451318,0
20120319,280.67,281.35,277.48,277.73,916622,0
20120320,277.82,279.92,272.77,272.86,296418,0
20120321,273.19,274.03,268.15,268.91,500485,0
20120322,269.75,269.75,263.19,265.63,429060,0
20120323,267.73,272.35,267.31,272.35,468683,0
20120326,271.26,272.94,268.74,272.35,154165,0
20120327,273.87,277.4,272.77,274.87,342423,0
20120328,275.3,276.64,272.61,274.03,194270,0
20120329,272.77,273.78,269.58,271.93,332251,0
20120330,271.85,273.87,270.34,273.2,265364,0
20120402,271.93,275.46,269.92,272.35,226423,0
20120403,273.03,274.29,269.83,271.34,179191,0
20120404,270.25,272.35,269.07,269.83,202505,0
20120405,269.75,270.5,268.32,268.32,172732,0
20120410,264.79,268.99,263.11,264.96,165134,0
20120411,264.96,266.47,263.02,266.47,181298,0
20120412,266.89,269.75,264.87,269.33,158039,0
20120413,269.75,269.75,265.21,265.71,212550,0
20120416,265.8,267.06,263.69,266.22,214146,0
20120417,265.71,267.9,264.79,266.55,195383,0
20120418,266.89,267.23,262.77,262.77,255809,0
20120419,263.11,265.21,262.27,262.27,202473,0
20120420,262.43,264.2,261.51,262.35,177608,0
20120423,265.38,265.96,261.09,262.69,148525,0
20120424,265.21,265.54,261.85,262.69,278984,0
20120425,262.77,267.65,262.35,265.63,224654,0
20120426,265.63,270.92,265.63,268.65,334848,0
20120427,268.57,272.77,266.47,272.77,152208,0
20120430,272.78,273.03,267.98,267.98,106525,0
20120502,269.41,269.41,265.63,267.31,138749,0
20120504,267.31,269.83,266.89,269.83,311537,0
20120507,267.39,269.33,266.47,269.33,90025,0
20120508,267.31,269.83,264.79,264.79,179348,0
20120509,266.05,267.9,262.27,262.35,252416,0
20120510,263.61,267.73,262.35,267.73,163311,0
20120511,267.23,268.74,263.53,268.74,79107,0
20120514,267.98,267.98,262.18,262.35,141067,0
20120515,262.94,263.95,258.06,258.06,210463,0
20120516,257.89,262.27,252.35,262.18,317712,0
20120517,262.1,262.1,254.28,254.28,277162,0
20120518,249.4,256.38,249.4,254.95,114086,0
20120521,256.38,263.11,255.63,263.11,91246,0
20120522,263.95,263.95,256.13,257.22,228202,0
20120523,256.21,257.22,252.51,252.6,173180,0
20120524,253.86,254.53,243.86,251.34,396345,0
20120525,253.44,256.38,248.98,250.5,148765,0
20120528,251.34,255.88,251.34,253.86,72535,0
20120529,254.03,255.37,248.23,253.86,195572,0
20120530,253.86,253.86,246.88,250.08,334427,0
20120531,249.66,254.54,246.55,248.82,277066,0
20120601,249.57,249.82,245.62,248.73,226123,0
20120604,247.89,250.33,245.54,250.16,88953,0
20120605,250.25,250.83,245.54,245.54,143827,0
20120606,247.89,252.18,246.38,252.18,302131,0
20120608,252.18,262.94,249.82,261.43,392517,0
20120611,261.85,268.82,260.67,266.38,280394,0
20120612,264.79,271.51,264.79,270.67,389737,0
20120613,270.67,271.68,267.31,267.31,136593,0
20120614,267.81,268.91,266.72,268.57,197487,0
20120615,268.57,274.87,267.48,273.7,1182371,0
20120618,276.56,276.56,270.42,271.51,280221,0
20120619,271.51,276.56,271.51,276.56,354659,0
20120620,275.72,276.56,272.77,274.62,271991,0
20120621,273.19,276.39,272.18,274.37,216460,0
20120622,273.53,274.37,271.6,274.29,104325,0
20120625,272.44,273.03,269.49,269.49,207539,0
20120626,269.83,273.19,269.16,270.25,174543,0
20120627,272.02,278.74,270.67,278.74,252074,0
20120628,278.24,278.24,274.45,276.98,418165,0
20120629,278.49,281.18,277.4,280.76,246564,0
20120702,277.65,281.18,274.03,274.03,70807,0
20120703,274.87,277.4,274.03,274.87,146017,0
20120704,276.47,277.06,272.86,274.87,96218,0
20120705,275.72,278.99,274.03,276.56,241152,0
20120706,277.4,277.4,274.87,276.98,148659,0
20120709,275.13,276.64,273.36,276.14,202810,0
20120710,276.14,277.4,274.45,277.4,185798,0
20120711,276.64,278.99,274.62,276.14,222552,0
20120712,275.3,277.23,273.53,274.37,265478,0
20120713,276.47,281.94,274.87,280.76,289313,0
20120716,280.67,283.28,279.41,280.76,183858,0
20120717,280.76,282.19,278.32,280.76,178393,0
20120718,281.6,287.48,279.25,287.48,498107,0
20120719,287.57,292.86,286.39,290.85,447723,0
20120720,291.69,292.78,287.48,289.08,379166,0
20120723,282.44,284.96,279.33,279.33,199627,0
20120724,279.33,285.38,279.33,283.2,340783,0
20120725,282.86,287.23,281.6,283.7,239821,0
20120726,284.54,290.68,284.54,284.54,268392,0
20120727,287.4,293.87,287.32,292.95,312160,0
20120730,292.95,301.35,292.02,301.35,322889,0
20120731,299.17,299.67,295.64,297.57,368044,0
20120801,295.89,298.24,291.77,293.37,145744,0
20120802,292.53,295.05,291.27,292.53,156016,0
20120803,291.69,301.35,291.69,300.93,135159,0
20120806,300.09,306.65,299.25,304.8,175026,0
20120807,305.55,305.64,300.94,304.97,135564,0
20120808,302.36,305.56,301.94,305.56,99982,0
20120809,305.98,311.02,305.72,310.94,412769,0
20120810,309.34,312.19,307.07,309.25,187169,0
20120813,307.24,312.62,305.39,308.5,163604,0
20120814,309.68,310.18,306.82,308.33,129377,0
20120816,310.85,313.46,308.67,309.93,448059,0
20120817,309.34,312.19,306.82,306.82,125223,0
20120820,306.82,308.5,299.58,301.35,591525,0
20120821,302.61,303.88,301.44,303.03,424808,0
20120822,302.19,302.19,295.89,297.57,800929,0
20120823,299.25,300.85,296.98,300.85,119083,0
20120824,298.75,304.72,298.75,304.3,584966,0
20120827,304.3,305.89,301.86,303.03,303146,0
20120828,304.02,306.44,301.33,301.51,300043,0
20120829,305.63,306.89,295.95,300.26,458648,0
20120830,300.08,303.75,297.66,301.24,199292,0
20120831,300.7,311.19,300.44,309.67,444714,0
20120903,307.25,308.23,303.12,303.12,153754,0
20120904,303.21,306.08,301.33,301.33,269335,0
20120905,301.69,309.13,301.69,308.86,164842,0
20120906,309.22,314.42,308.77,310.12,680053,0
20120907,311.64,311.91,308.77,311.91,162723,0
20120910,310.47,313.7,309.67,312.62,206736,0
20120911,313.52,316.3,311.55,316.3,136107,0
20120912,316.39,323.47,315.49,322.04,327817,0
20120913,321.77,324.37,319.97,322.22,199087,0
20120914,325.26,326.88,322.66,325.62,228657,0
20120917,325.35,325.62,321.32,322.04,184902,0
20120918,322.04,326.7,321.05,326.7,117160,0
20120919,326.25,328.76,321.59,321.59,334144,0
20120920,321.41,324.37,320.33,322.66,239307,0
20120921,322.57,327.06,320.06,325.8,429361,0
20120924,322.93,326.16,321.77,325.71,153907,0
20120925,325.35,329.83,324.37,325.26,293423,0
20120926,322.66,325.17,321.23,321.77,381222,0
20120927,322.48,325.8,319.62,325.8,332295,0
20120928,323.56,325.62,321.5,322.66,219666,0
20121001,322.66,327.95,321.41,327.95,157538,0
20121002,327.77,330.28,326.16,328.49,218674,0
20121003,327.14,331.27,326.25,328.04,173845,0
20121004,329.83,331.27,324.9,324.9,143357,0
20121005,328.04,333.33,325.8,332.34,200893,0
20121008,331.09,342.29,330.28,337.9,320337,0
20121009,337.09,341.22,332.7,336.11,291200,0
20121010,336.11,342.2,332.16,339.69,175470,0
20121011,338.8,343.1,338.08,342.38,121085,0
20121012,342.29,344.17,338.8,342.83,278320,0
20121015,341.49,343.28,339.24,340.59,143668,0
20121016,343.28,343.28,337.09,337.45,307344,0
20121017,337,340.59,333.42,340.59,319328,0
20121018,340.5,341.4,338.26,340.59,138090,0
20121019,340.5,340.5,336.29,336.29,161886,0
20121022,336.29,338.8,335.84,337,183791,0
20121023,337,340.32,333.87,333.87,134325,0
20121024,332.97,338.35,332.97,336.02,120991,0
20121025,334.32,338.44,334.32,338.44,127311,0
20121026,336.56,336.56,330.82,332.43,127700,0
20121029,330.37,336.11,328.94,336.02,93758,0
20121030,333.87,338.8,333.87,336.11,73611,0
20121031,337,340.32,334.32,334.32,98591,0
20121102,337,345.16,335.39,344.62,327927,0
20121105,340.59,349.28,338.89,347.49,212484,0
20121106,346.86,347.4,341.75,342.29,147824,0
20121107,342.38,346.24,341.13,344.17,178218,0
20121108,344.62,348.57,342.38,347.76,216669,0
20121109,346.15,348.21,345.07,346.86,154379,0
20121112,346.24,349.1,343.37,345.97,165446,0
20121113,344.8,347.67,343.28,345.97,182644,0
20121114,347.76,352.24,345.97,348.66,310464,0
20121115,345.07,349.46,344.71,347.76,133530,0
20121116,348.57,349.01,346.06,346.41,88252,0
20121119,346.41,349.01,346.41,348.03,107752,0
20121120,348.12,349.46,346.95,348.66,132237,0
20121121,347.76,351.34,347.4,351.25,300805,0
20121122,351.08,352.96,349.91,349.91,187065,0
20121123,349.55,353.85,349.55,353.85,126203,0
20121126,351.88,355.56,349.64,349.64,166850,0
20121127,353.14,354.75,350.99,353.94,155840,0
20121128,353.23,355.38,345.07,346.06,341693,0
20121129,348.66,351.17,345.16,345.16,231042,0
20121130,345.97,353.76,340.5,353.76,252627,0
20121203,353.05,357.44,351.34,355.83,168841,0
20121204,354.39,358.51,354.03,358.43,123390,0
20121205,358.51,368.37,357.62,368.37,266532,0
20121206,367.57,370.17,363.89,370.17,230019,0
20121207,369.27,369.27,362.1,362.1,148526,0
20121210,358.51,363.44,356.72,363,233792,0
20121211,363,364.61,359.14,363.89,221438,0
20121212,366.4,370.97,363.53,370.17,221284,0
20121213,368.37,371.78,366.58,370.79,92413,0
20121214,370.61,376.35,368.91,376.35,141426,0
20121217,375.54,382.71,374.83,382.71,197950,0
20121218,383.61,388,380.2,388,271642,0
20121219,388.09,392.48,386.39,390.69,397185,0
20121220,387.64,395.71,378.23,382.36,488983,0
20121221,379.13,391.86,374.92,391.86,537228,0
20121227,389.8,394.37,387.38,390.06,88039,0
20121228,389.88,393.02,387.46,391.68,114529,0
20130102,394.46,396.16,388.09,394.37,105711,0
20130103,391.86,394.19,388.63,392.13,149342,0
20130104,388.09,389.88,376.53,379.13,238755,0
20130107,378.68,379.85,370.7,372.68,264686,0
20130108,370.61,377.7,368.82,375.54,185873,0
20130109,376.35,380.03,373.93,380.03,88724,0
20130110,379.67,380.92,371.96,375.54,222184,0
20130111,377.96,377.96,366.13,368.73,184692,0
20130114,370.53,370.53,355.83,357.53,328907,0
20130115,355.92,358.16,352.78,354.03,264833,0
20130116,354.03,364.79,352.24,364.79,525923,0
20130117,364.79,365.6,359.77,361.2,221630,0
20130118,363.89,364.7,360.76,361.2,260963,0
20130121,361.2,364.43,359.32,364.07,153429,0
20130122,364.7,366.58,363.18,366.04,112109,0
20130123,365.86,370.17,360.58,362.82,338258,0
20130124,361.29,367.48,359.14,366.49,282072,0
20130125,363.89,368.28,359.41,362.1,222481,0
20130128,361.2,363,356.81,363,102469,0
20130129,363.09,363.89,357.71,362.46,196172,0
20130130,362.1,364.52,358.69,359.41,161939,0
20130131,358.34,366.58,356.9,365.24,231705,0
20130201,365.69,368.82,363.44,365.51,117783,0
20130204,367.48,368.82,359.41,359.41,120722,0
20130205,362.1,362.1,356.81,360.76,258145,0
20130206,362.1,362.1,356.9,357.89,181032,0
20130207,357.53,361.56,356.99,358.51,184747,0
20130208,361.65,366.31,357.89,365.95,266940,0
20130211,366.04,369.09,364.97,367.48,107366,0
20130212,366.58,370.97,364.88,367.3,133116,0
20130213,367.48,370.53,365.77,367.48,109964,0
20130214,367.48,368.37,362.55,362.91,87386,0
20130215,362.64,367.39,361.47,367.03,72656,0
20130218,366.94,369.09,365.69,367.21,61691,0
20130219,365.95,369.99,365.95,369.99,106844,0
20130220,370.17,371.42,365.69,366.13,129214,0
20130221,364.52,365.69,359.68,365.6,143483,0
20130222,365.42,366.58,361.56,366.49,90795,0
20130225,367.75,369.72,363.98,368.37,164046,0
20130226,363.09,366.22,361.65,361.65,197574,0
20130227,362.64,363,358.78,360.31,171704,0
20130228,362.37,362.73,358.69,361.11,232040,0
20130301,360.31,363.35,359.59,363.18,192010,0
20130304,360.58,365.24,360.58,363.62,95882,0
20130305,365.33,369.27,363.35,368.46,163535,0
20130306,369.27,379.67,369,379.49,412690,0
20130307,379.13,386.3,377.7,385.4,253531,0
20130308,385.4,388,381.01,382.18,200512,0
20130311,382.09,383.52,377.96,378.23,131664,0
20130312,379.58,379.58,374.92,376.17,243057,0
20130313,373.75,374.29,371.06,371.78,879076,0
20130314,371.78,374.65,371.78,373.3,408842,0
20130315,372.86,374.29,371.96,372.41,706140,0
20130318,371.06,373.75,363.62,365.77,333644,0
20130319,367.3,369.72,365.15,366.04,155165,0
20130320,368.55,372.32,366.85,368.46,261009,0
20130321,371.87,371.87,365.69,366.13,379474,0
20130322,366.4,366.58,362.19,363.44,155192,0
20130325,365.24,366.13,359.41,359.41,159531,0
20130326,361.83,367.03,358.51,366.22,182749,0
20130327,366.22,368.82,362.1,364.43,142815,0
20130328,362.1,365.6,361.2,362.1,121967,0
20130402,366.58,366.58,358.51,363.8,100798,0
20130403,360.67,363.18,355.83,357.62,174595,0
20130404,358.51,359.41,354.21,356.54,164158,0
20130405,356.72,363.62,355.02,358.43,317466,0
20130408,362.1,366.58,360.67,363,358672,0
20130409,365.86,368.28,361.47,362.37,327550,0
20130410,365.51,368.02,363.09,365.86,447946,0
20130411,365.69,375.99,365.69,375.99,225568,0
20130412,375.99,381.19,374.2,379.49,279290,0
20130415,379.04,379.4,371.51,372.68,369845,0
20130417,374.47,374.47,366.58,368.37,219036,0
20130418,368.37,369.94,363.89,363.89,226915,0
20130419,366.54,368.82,363,364.21,92773,0
20130422,368.06,370.53,365.51,367.57,97785,0
20130423,368.28,371.78,365.69,370.88,239321,0
20130424,370.88,374.83,364.79,369.94,175853,0
20130425,371.06,373.3,368.51,372.54,166610,0
20130426,372.81,381.73,371.11,380.03,193910,0
20130429,383.34,387.2,381.15,385.85,154845,0
20130430,388.99,390.43,382.36,390.33,228679,0
20130502,390.33,401.09,388.45,396.65,219172,0
20130506,396.47,403.15,392.35,403.15,316981,0
20130507,402.43,403.33,399.88,401.54,147078,0
20130508,401.45,407.18,399.74,404.23,169197,0
20130509,403.33,406.69,397.95,402.88,224366,0
20130510,399.74,402.43,396.97,401.54,76277,0
20130513,399.79,402.43,397.95,401.54,169736,0
20130514,401.54,402.34,396.25,396.43,267956,0
20130515,402.88,402.88,389.93,395.04,336270,0
20130516,394.37,394.37,388.45,388.54,248978,0
20130517,387.64,389.71,387.29,388.81,265573,0
20130520,389.3,395.8,387.73,387.73,82162,0
20130521,390.33,395.44,385.9,394.81,171685,0
20130522,395.71,397.73,392.57,392.57,155920,0
20130523,395.26,407.81,390.02,390.87,340918,0
20130524,394.81,396.16,393.47,395.62,85217,0
20130527,398.85,401.54,395.76,401.54,138499,0
20130528,401.36,406.65,400.64,401.49,112233,0
20130529,399.74,403.15,398.85,400.64,361491,0
20130531,399.12,412.29,399.12,412.29,455547,0
20130603,411.22,411.4,403.55,405.12,235540,0
20130604,403.33,405.12,395.4,396.61,273198,0
20130605,396.61,397.91,391.72,395.44,238328,0
20130606,396.34,397.91,393.92,393.92,156363,0
20130607,394.46,397.95,394.46,395.71,197594,0
20130610,397.86,398.58,386.57,386.57,163572,0
20130611,388.54,389.35,381.95,388.09,252627,0
20130612,387.91,394.14,386.08,393.47,212168,0
20130613,388.99,396.74,388.85,393.47,197028,0
20130614,396.07,398.71,390.78,390.78,168421,0
20130617,391.72,396.74,388.63,392.89,134028,0
20130618,395.44,396.11,390.02,390.87,119991,0
20130619,393.47,396.11,388.99,388.99,146416,0
20130620,388,388.99,369.27,369.27,327519,0
20130621,372.41,376.44,359.5,361.2,847363,0
20130624,361.2,362.91,359.14,361.11,273843,0
20130625,362.91,374.2,361.11,366.58,196899,0
20130626,361.2,375.45,355.83,369.27,264456,0
20130627,370.17,374.2,350.45,357.62,386194,0
20130628,359.41,367.34,352.42,367.21,459103,0
20130701,371.06,371.06,362.28,363.27,177679,0
20130702,364.79,376.44,363.89,376.44,237232,0
20130703,369.72,380.02,367.48,379.94,337237,0
20130704,379.89,388.09,377.87,387.64,330155,0
20130705,388.99,388.99,377.34,382.67,167245,0
20130708,388.99,388.99,376.44,376.44,108413,0
20130709,378.23,381.41,371.96,373.98,203793,0
20130710,374.51,379.13,372.86,376.89,201187,0
20130711,382.71,387.15,381.91,385.85,108755,0
20130712,387.02,393.47,385.4,391.05,229359,0
20130715,390.78,390.78,386.7,388.54,88859,0
20130716,388.81,390.6,386.43,388.09,235530,0
20130717,388.63,392.04,386.75,390.73,177112,0
20130718,390.83,392.13,380.92,382.71,241046,0
20130719,381.82,390.38,381.06,388.09,112084,0
20130722,389.44,399.56,389.08,397.95,155000,0
20130723,398.85,403.78,397.82,403.24,87917,0
20130724,404.94,404.94,397.23,402.43,77860,0
20130725,399.03,403.33,397.5,403.33,75191,0
20130726,401.31,403.91,399.79,402.79,110446,0
20130729,402.79,405.03,396.34,396.34,92219,0
20130730,397.1,399.74,396.25,399.74,56314,0
20130731,397.06,408.71,397.06,406.56,252946,0
20130801,407.81,412.11,406.92,411.39,163688,0
20130802,411.39,420.18,409.29,417.58,273144,0
20130805,417.67,419.46,409.6,412.29,101438,0
20130806,412.38,414.08,403.64,405.13,172329,0
20130807,404.67,407.68,402.43,405.12,101653,0
20130808,406.91,413.86,404.36,405.3,91548,0
20130809,406.92,409.02,403.47,405.13,78425,0
20130812,403.78,416.77,403.78,416.77,105724,0
20130813,416.78,421.21,412.43,413.19,108738,0
20130814,412.43,418.48,409.74,410.68,197394,0
20130816,411.39,419.82,410.5,416.68,116440,0
20130819,416.68,419.46,415.88,416.78,80247,0
20130820,416.78,416.78,411.57,412.29,232387,0
20130821,419.67,425.23,411.05,421.59,327139,0
20130822,421.59,430.64,421.11,424.46,179037,0
20130823,427.34,430.78,421.59,421.59,392758,0
20130826,426.38,430.64,426.38,427.81,100733,0
20130827,431.17,434.62,420.82,421.68,253432,0
20130828,421.68,421.68,413.92,413.92,135214,0
20130829,420.63,422.54,414.93,422.35,91691,0
20130830,423.65,423.98,416.84,419.62,155918,0
20130902,423.5,423.5,415.07,416.12,70093,0
20130903,416.22,416.22,407.21,409.61,165836,0
20130904,412,412.48,388.05,394.95,301947,0
20130905,394.85,394.95,368.89,368.89,796055,0
20130906,371.76,387,370.33,383.16,439984,0
20130909,386.13,397.44,383.45,393.8,238115,0
20130910,400.51,409.99,400.03,409.13,383257,0
20130911,410.09,410.85,402.42,410.09,306823,0
20130912,410.09,411.91,406.69,408.17,101766,0
20130913,407.21,411.05,404.44,404.63,94590,0
20130916,410.09,413.92,402.42,402.42,125433,0
20130917,402.04,408.79,402.04,408.79,156331,0
20130918,406.26,409.99,403.48,409.85,122660,0
20130919,415.17,423.79,415.17,420.63,248172,0
20130920,421.54,423.31,418.76,421.68,284139,0
20130923,421.59,423.69,413.44,413.44,141001,0
20130924,418.52,423.5,413.44,419.91,180661,0
20130925,417.75,420.01,415.93,419.91,133517,0
20130926,416.99,421.11,416.99,419.67,116220,0
20130927,417.8,420.63,413.54,413.83,98861,0
20130930,412,412.82,404.34,406.35,166295,0
20131001,404.91,412.05,404.82,412.05,131910,0
20131002,412.77,412.77,404.96,410.09,109466,0
20131003,408.17,413.83,408.17,412.48,79741,0
20131004,410.23,414.35,405.78,407.41,151687,0
20131007,406.06,406.06,400.22,401.37,167907,0
20131008,402.52,405.92,396.67,396.67,195233,0
20131009,399.64,401.27,395,396.2,235417,0
20131010,399.5,421.59,398.59,421.59,532067,0
20131011,421.59,425.04,414.88,414.88,303101,0
20131014,414.88,422.07,413.11,422.07,81325,0
20131015,422.07,429.25,417.85,420.82,421023,0
20131016,420.82,430.69,420.82,428.29,172546,0
20131017,427.34,428.29,419.67,419.67,224289,0
20131018,420.72,424.46,418.9,424.46,181243,0
20131021,426.38,441.56,424.6,441.56,240315,0
20131022,440.56,441.56,435.96,438.83,112692,0
20131023,431.26,442.19,429.44,441.23,151310,0
20131024,441.71,446.5,441.71,446.5,151238,0
20131025,444.58,451.24,444.58,448.41,315893,0
20131028,448.89,453.83,448.89,450.33,74452,0
20131029,450.33,455.12,450.33,454.16,114909,0
20131030,454.83,455.12,448.89,448.89,194244,0
20131031,449.18,451.82,447.46,449.18,107237,0
20131104,450.33,451.24,447.5,450.76,123554,0
20131105,451.29,453.21,447.5,448.41,99635,0
20131106,451.29,458.67,448.41,457.9,278658,0
20131107,459.5,466.9,450.1,463.5,272903,0
20131108,457.2,458.7,451,454,164748,0
20131112,456.5,456.5,449.1,450,430011,0
20131113,448.9,450,445,450,239144,0
20131114,453,459,448.7,448.7,154722,0
20131115,451,459.8,450.5,453.65,78202,0
20131118,453.9,475.5,453.9,475.5,203264,0
20131119,474,476.95,468.05,469,325337,0
20131120,468,473.7,466.35,469,133755,0
20131121,466.6,469.9,463.2,467,127236,0
20131122,469.95,470.45,464.5,468.4,115246,0
20131125,470,474,465,468.5,258828,0
20131126,465.2,469.5,461.15,466,126594,0
20131127,467.45,468,462,468,82392,0
20131128,467.4,468,463,468,73437,0
20131129,467,470,465.15,470,90713,0
20131202,465.5,471,462,462,89744,0
20131203,465,465.5,455,455,226443,0
20131204,455,460.6,454.3,458.1,170651,0
20131205,459.5,463,455,455,156451,0
20131206,456.65,460,450.2,453.85,140017,0
20131209,455.85,459,454.6,459,96056,0
20131210,452.1,465,452.1,465,204273,0
20131211,460,469.9,459.8,469,185157,0
20131212,463,464,451.6,453.6,157848,0
20131213,456.55,462,451.1,455.85,171383,0
20131216,456.8,461,453,461,146410,0
20131217,460,460.3,448.1,449.9,152864,0
20131218,450.05,453,438.15,446.1,243398,0
20131219,450,452.5,432,439.25,225045,0
20131220,438.95,454.1,436,454.1,457423,0
20131223,455,461.95,452.3,452.3,82107,0
20131227,459,459,447.3,453.5,103547,0
20131230,453.5,453.5,447.5,448.95,57771,0
20140102,457.4,458.85,452.1,456.9,51905,0
20140103,452,455.7,448.25,449.5,63388,0
20140107,450.5,450.5,440.05,441,187365,0
20140108,441,445.5,436,443.9,204410,0
20140109,441,447.6,433,433,193753,0
20140110,433,434.95,423.55,426,198018,0
20140113,431.5,437.2,427.5,431,191634,0
20140114,430.05,433.6,428,429.9,196896,0
20140115,432.5,437,430,431.5,241454,0
20140116,432.5,442.2,430.2,439.7,167122,0
20140117,439.5,439.5,428.2,428.2,300610,0
20140120,428.2,429.2,424.25,426.2,97703,0
20140121,427.15,436.95,426,433.7,201115,0
20140122,435,438.5,431.2,436,183966,0
20140123,435.5,435.5,428.45,430,362132,0
20140124,428,429.6,423,423,188494,0
20140127,420,428.5,414.25,417.35,257575,0
20140128,418.1,422,413.6,415.6,250678,0
20140129,417.8,423.5,410,413.6,216120,0
20140130,410,419.6,406.1,415,319428,0
20140131,415,416.75,410.2,412.5,472334,0
20140203,415,425,414.5,423,268969,0
20140204,419,424.8,416.1,423.05,184054,0
20140205,419.85,422.3,416.35,417.05,178654,0
20140206,419.95,435,418.6,435,304461,0
20140207,434.4,440,433,440,243228,0
20140210,437,441,434.3,439.25,133514,0
20140211,439.25,444.45,437.2,439.7,166307,0
20140212,442,447.25,440,447,170778,0
20140213,445.1,445.5,441,445.5,94126,0
20140214,446.5,447.5,440.6,443.6,90000,0
20140217,445,446.05,441.6,441.6,47046,0
20140218,443.8,443.8,438,441.5,154187,0
20140219,441,441.25,433.05,438.4,138191,0
20140220,434.4,435.45,428.5,430,263609,0
20140221,432,436.9,430.25,430.25,113729,0
20140224,430.25,438.95,430.25,438.95,126382,0
20140225,439.3,439.6,430.1,431,159236,0
20140226,432.15,434.9,426.1,429.1,245228,0
20140227,430,431.9,423.65,427.95,97286,0
20140228,433,440.95,430.75,440.95,188456,0
20140303,425.1,435,422.2,422.25,308046,0
20140304,428.15,438.75,425.3,428.6,253135,0
20140305,432.9,436,426.05,429.1,214075,0
20140306,431.1,434.3,430.4,433.75,111602,0
20140307,433.75,434,427.55,428.5,72266,0
20140310,428.7,431.65,426,427.5,127491,0
20140311,428,436,426.8,431.7,124103,0
20140312,427.4,429.9,410.55,420.35,533459,0
20140313,420.2,420.3,409,409,163519,0
20140314,406,415,404.8,415,203823,0
20140317,412,424.55,412,424.55,90383,0
20140318,423.9,427.9,415.1,417,195777,0
20140319,419.95,420,409,409,135467,0
20140320,408.2,416,407.15,413.6,163360,0
20140321,416.9,416.9,409.3,409.3,313018,0
20140324,414.5,414.5,408.1,409.5,67626,0
20140325,410,416,410,413.7,97679,0
20140326,415,424,415,418.15,219651,0
20140327,419.85,425,418,419.8,142572,0
20140328,421,424.8,421,424,150042,0
20140331,425,429.5,425,429.5,158667,0
20140401,429.8,433,427.25,433,87524,0
20140402,433.5,434,430.05,431,136665,0
20140403,432.95,434.5,425.5,428.5,136851,0
20140404,428.4,434.3,426.05,433,75047,0
20140407,428.6,433.5,428.1,430,105555,0
20140408,432.2,432.75,425.35,428.5,170562,0
20140409,430,430.4,426.1,426.9,129749,0
20140410,429.7,431.75,426.65,428.3,121974,0
20140411,424.95,427.85,422,427,142707,0
20140414,425,426,421.6,424.5,91015,0
20140415,422.6,425.95,416,416,158611,0
20140416,422,422,414.6,414.65,73370,0
20140417,419.5,429.55,419,429.55,166544,0
20140422,429.45,434.5,429,434.5,71621,0
20140423,434.8,434.8,428.15,430.6,87308,0
20140424,430.6,433.5,427.5,428,64689,0
20140425,426,429.95,425.1,428.3,106159,0
20140428,429.8,431.75,426.5,431.35,86643,0
20140429,432,436.9,431.6,436.9,155823,0
20140430,437.35,437.35,429.2,429.2,121302,0
20140502,429.2,429.2,423,426.05,67479,0
20140505,426.2,428.8,426.2,428,30894,0
20140506,428,433.3,427.2,428.3,79682,0
20140507,428,429.8,425.3,429,108018,0
20140508,432.35,432.85,423.6,428,135793,0
20140509,428,429.7,425.4,425.85,83500,0
20140512,427.75,429.5,424.75,429.5,80650,0
20140513,430,430.95,423,423,209071,0
20140514,428.85,433.9,425.5,433.3,261155,0
20140515,433.3,436.3,428.55,432.8,189812,0
20140516,432.9,438.95,429.1,438.95,133783,0
20140519,438.7,439.85,432.6,436,159641,0
20140520,437,438.9,434.2,438.2,226653,0
20140521,438.5,438.8,435.2,437,78908,0
20140522,438.9,450,438.15,448,334160,0
20140523,450,451.8,444.3,445.9,143349,0
20140526,448,450.95,445.8,447.5,68726,0
20140527,446.25,449.8,445.2,449,128395,0
20140528,448,450.5,445.25,446,76603,0
20140529,444.75,449.9,441.25,449.9,94452,0
20140530,448,449.9,446,446.4,208590,0
20140602,448,450,444.2,450,124229,0
20140603,449.95,454.5,447.1,450.3,175572,0
20140604,448.5,450.1,442.8,449.8,120532,0
20140605,451.95,452.7,446.25,451,141537,0
20140606,452.25,461.7,451,461.7,259319,0
20140609,459.8,461,454,454,120705,0
20140610,455.05,461.1,454.15,458.6,206497,0
20140611,457.5,460,452.35,455,213350,0
20140612,452,462.25,452,462.25,147761,0
20140613,461.5,462.25,454.3,457.85,80832,0
