Date,Open,High,Low,Close,Volume,OpenInt
20070816,16.918,18.61,15.807,17.174,65066,0
20070817,17.542,18.704,16.499,17.943,32402,0
20070820,19.225,19.481,18.003,18.371,9205,0
20070821,18.627,18.627,17.089,17.943,16827,0
20070822,17.533,19.652,17.533,19.652,11246,0
20070823,19.481,19.481,18.892,19.481,8041,0
20070824,19.225,19.473,18.371,19.473,3489,0
20070827,19.097,19.652,19.097,19.311,8311,0
20070828,18.798,19.311,18.413,19.174,638,0
20070829,17.995,19.123,17.995,18.798,800,0
20070830,18.798,19.165,18.2,18.755,3834,0
20070831,18.371,18.798,18.2,18.627,2585,0
20070903,18.14,18.798,18.029,18.208,2066,0
20070904,18.789,18.798,18.379,18.584,1844,0
20070905,18.499,18.798,18.2,18.798,1744,0
20070906,18.781,18.781,18.712,18.712,979,0
20070907,18.371,18.456,17.516,17.943,3035,0
20070910,17.943,17.943,17.55,17.567,675,0
20070911,17.559,18.73,17.516,17.542,1226,0
20070912,17.516,18.353,17.516,18.353,377,0
20070913,17.943,18.268,17.533,17.943,712,0
20070914,17.525,18.336,17.525,17.653,800,0
20070917,17.354,17.943,17.345,17.935,915,0
20070918,17.345,17.943,17.345,17.935,2072,0
20070919,18.106,18.2,17.781,17.943,4780,0
20070920,17.943,17.943,17.61,17.858,1596,0
20070921,17.687,17.858,17.644,17.644,798,0
20070924,17.687,17.696,16.252,17.516,3059,0
20070925,17.097,17.516,17.089,17.516,546,0
20070926,17.943,17.943,17.183,17.516,844,0
20070927,17.191,17.508,17.183,17.508,586,0
20070928,17.089,17.422,17.003,17.422,1650,0
20071001,16.704,17.414,16.704,16.756,2347,0
20071002,16.798,17.055,16.576,16.995,1726,0
20071003,16.662,16.662,15.978,16.004,1610,0
20071004,15.901,16.739,15.901,16.739,4631,0
20071005,15.987,16.234,15.987,16.234,416,0
20071008,16.234,16.234,16.234,16.234,747,0
20071009,16.234,16.32,16.106,16.32,1106,0
20071010,16.234,17.431,16.234,17.029,1069,0
20071011,16.662,16.961,16.662,16.662,327,0
20071012,16.192,16.875,16.192,16.747,825,0
20071015,16.337,16.969,16.337,16.969,266,0
20071016,16.329,16.73,16.329,16.73,2,0
20071017,16.32,16.653,16.32,16.329,354,0
20071018,16.329,16.653,16.329,16.363,896,0
20071019,16.363,16.619,16.363,16.619,1437,0
20071022,16.534,16.534,16.405,16.534,946,0
20071023,16.252,16.363,16.234,16.363,633,0
20071024,16.234,16.363,16.234,16.234,1762,0
20071025,16.234,16.234,16.14,16.234,692,0
20071026,16.14,16.234,16.064,16.081,244,0
20071029,16.234,16.234,16.064,16.064,808,0
20071030,15.893,15.978,15.893,15.935,331,0
20071031,15.935,16.234,15.807,16.226,2462,0
20071102,16.132,16.226,15.807,15.901,1772,0
20071105,16.234,16.516,16.234,16.397,2138,0
20071106,15.508,16.525,15.508,16.516,2865,0
20071107,16.499,17.294,16.499,17.294,9002,0
20071108,17.003,17.602,16.662,17.089,6318,0
20071109,17.089,17.217,17.089,17.089,4585,0
20071112,17.217,17.26,16.918,17.089,675,0
20071113,17.089,17.431,17.089,17.431,1731,0
20071114,17.089,17.345,17.089,17.345,135,0
20071115,17.003,17.217,17.003,17.089,6248,0
20071116,16.704,17.174,15.995,16.918,1967,0
20071119,16.918,17.345,16.918,17.337,637,0
20071120,17.337,17.337,16.029,17.328,3577,0
20071121,17.174,17.174,16.662,16.875,2492,0
20071122,16.243,17.174,16.106,17.174,5839,0
20071123,17.089,17.174,17.089,17.174,657,0
20071126,17.508,17.508,16.243,17.388,981,0
20071127,17.089,17.345,17.089,17.345,25,0
20071128,16.405,17.388,16.405,17.26,574,0
20071129,17.499,17.499,17.097,17.106,355,0
20071130,17.396,17.396,17.089,17.388,263,0
20071203,17.337,17.431,16.662,17.371,1511,0
20071204,17.089,17.431,17.089,17.422,4541,0
20071205,17.388,17.431,17.388,17.431,222,0
20071206,17.431,17.431,16.234,17.174,1159,0
20071207,16.986,17.491,16.986,17.491,184,0
20071210,17.371,17.371,16.576,17.089,1547,0
20071211,17.089,17.089,17.089,17.089,127,0
20071212,16.67,17.097,16.67,17.097,840,0
20071213,17.089,17.089,16.704,16.747,274,0
20071214,16.713,16.713,16.704,16.704,620,0
20071217,16.491,17.089,16.491,17.089,7089,0
20071218,16.995,16.995,16.491,16.918,1196,0
20071219,16.67,16.867,16.149,16.867,1695,0
20071220,15.893,16.653,15.893,16.405,3583,0
20071221,16.405,16.662,16.234,16.662,3946,0
20071227,16.662,17.345,16.662,17.345,597,0
20071228,16.337,17.516,16.337,17.431,1567,0
20080102,17.089,17.379,17.089,17.379,72,0
20080103,16.67,17.089,16.67,17.08,362,0
20080104,16.67,16.875,16.662,16.875,447,0
20080107,16.243,16.653,16.243,16.628,401,0
20080108,16.628,16.628,16.32,16.628,1196,0
20080109,16.329,16.619,16.329,16.405,1324,0
20080110,16.534,16.739,16.149,16.739,883,0
20080111,15.807,16.559,15.807,16.559,45,0
20080114,15.807,16.397,15.389,16.397,2058,0
20080115,15.636,16.354,15.594,16.234,249,0
20080116,13.68,16.055,13.68,15.978,13900,0
20080117,16.021,16.021,15.166,15.97,305,0
20080122,14.526,15.722,14.526,15.722,707,0
20080123,14.534,15.705,14.534,15.705,1260,0
20080124,15.679,15.97,15.679,15.97,33,0
20080125,15.97,15.97,15.893,15.893,531,0
20080130,14.705,15.961,14.705,15.961,180,0
20080131,14.739,15.799,14.739,15.799,118,0
20080201,15.38,15.782,15.38,15.782,58,0
20080204,15.953,16.397,15.953,16.397,336,0
20080206,16.234,16.234,14.859,14.859,1242,0
20080207,16.542,16.542,15.064,16.431,41,0
20080211,16.226,16.491,15.705,16.491,469,0
20080212,16.405,16.482,16.405,16.482,617,0
20080213,16.405,16.405,16.405,16.405,11,0
20080214,15.397,16.106,15.397,16.106,147,0
20080215,15.389,16.055,15.389,15.389,131,0
20080218,15.389,16.055,15.389,16.055,7,0
20080219,15.389,15.807,15.389,15.807,745,0
20080220,15.389,15.799,15.389,15.799,65,0
20080221,15.372,15.773,14.543,15.773,232,0
20080222,14.978,15.756,14.953,15.756,417,0
20080225,14.953,15.201,14.782,15.201,3243,0
20080226,14.696,15.047,14.696,15.038,30966,0
20080227,15.038,15.406,15.038,15.406,117,0
20080229,14.791,15.534,14.791,15.534,3,0
20080303,15.38,15.38,14.791,15.38,61,0
20080304,15.372,15.372,14.953,15.201,136,0
20080307,14.526,14.782,13.808,14.782,569,0
20080310,13.68,14.756,13.68,14.756,377,0
20080312,14.526,14.526,14.098,14.098,479,0
20080313,14.098,14.526,13.757,14.526,315,0
20080314,13.757,14.517,13.671,14.517,298,0
20080317,14.098,14.098,12.475,13.654,482,0
20080318,13.03,13.654,13.03,13.244,462,0
20080319,13.03,13.842,13.03,13.842,195,0
20080320,12.817,12.817,12.817,12.817,11,0
20080325,11.962,13.834,11.962,13.834,215,0
20080326,13.671,13.671,12.458,12.458,41,0
20080327,13.577,13.654,13.415,13.654,299,0
20080328,13.663,13.663,13.663,13.663,427,0
20080331,12.304,13.928,12.304,13.928,7,0
20080401,13.372,13.671,13.372,13.671,59,0
20080402,13.919,13.928,13.586,13.928,736,0
20080407,13.671,13.671,13.671,13.671,992,0
20080408,12.825,13.671,12.825,13.671,943,0
20080409,13.834,13.834,12.988,13.808,1225,0
20080410,13.244,13.671,13.244,13.671,617,0
20080411,13.158,13.671,13.158,13.671,339,0
20080415,13.287,13.287,13.287,13.287,457,0
20080416,13.116,13.457,12.817,13.457,1132,0
20080417,12.988,13.671,12.817,13.671,560,0
20080418,13.073,13.244,13.073,13.244,723,0
20080421,12.902,13.244,12.902,13.244,1152,0
20080422,12.988,13.637,12.902,13.637,597,0
20080423,12.825,12.825,12.817,12.817,612,0
20080424,12.432,12.791,12.39,12.791,883,0
20080425,12.014,12.671,12.014,12.671,34,0
20080428,12.637,12.646,12.637,12.646,795,0
20080429,12.783,12.791,12.731,12.731,94,0
20080505,12.432,12.731,12.432,12.731,195,0
20080506,12.048,12.509,11.723,12.509,1789,0
20080507,11.62,11.911,11.287,11.911,999,0
20080508,11.911,11.911,11.911,11.911,351,0
20080509,11.561,11.706,11.193,11.706,176,0
20080512,10.552,11.706,10.552,11.706,230,0
20080513,10.689,11.689,10.689,11.689,74,0
20080514,10.74,11.526,10.74,11.526,70,0
20080515,10.681,11.321,10.681,11.321,752,0
20080516,10.433,10.433,10.433,10.433,25,0
20080519,10.681,10.681,10.681,10.681,965,0
20080520,11.108,11.108,11.065,11.065,395,0
20080526,11.074,11.074,10.253,10.681,634,0
20080527,10.681,11.057,10.681,11.057,407,0
20080528,10.689,10.852,10.689,10.852,46,0
20080529,10.852,10.852,10.51,10.51,2516,0
20080530,10.766,10.766,10.766,10.766,230,0
20080602,10.51,11.535,10.51,11.535,2183,0
20080603,11.108,11.535,10.766,11.535,217,0
20080604,11.321,11.535,11.321,11.535,47,0
20080605,11.193,11.193,11.193,11.193,170,0
20080606,11.108,11.492,11.108,11.492,1687,0
20080609,11.005,11.433,11.005,11.433,243,0
20080610,11.433,11.433,11.108,11.364,2347,0
20080611,10.809,11.492,10.809,11.492,325,0
20080612,11.022,11.484,11.022,11.484,150,0
20080616,10.681,11.45,10.681,11.45,152,0
20080617,10.98,11.45,10.98,11.45,53,0
20080618,10.937,11.45,10.937,11.45,19,0
20080620,10.98,11.364,10.937,11.364,63,0
20080623,10.937,11.364,10.937,11.364,27,0
20080624,11.27,11.27,10.937,11.193,177,0
20080627,10.681,11.262,10.253,11.262,485,0
20080701,10.681,11.099,10.681,11.099,123,0
20080702,10.253,11.099,10.253,11.099,177,0
20080703,10.681,11.099,10.595,10.681,638,0
20080708,10.159,10.595,10.159,10.595,39,0
20080709,10.159,10.595,10.159,10.595,89,0
20080710,10.253,10.424,10.253,10.424,49,0
20080711,9.4929,10.595,9.4929,10.416,191,0
20080714,10.587,10.587,9.4246,10.57,99,0
20080715,9.647,9.647,9.3904,9.3989,369,0
20080716,10.416,10.416,8.5445,8.5445,1650,0
20080717,10.108,10.108,8.5872,10.031,318,0
20080718,8.5872,9.826,8.5872,9.826,158,0
20080721,9.826,9.826,8.5872,9.826,3,0
20080722,9.0657,9.826,9.0657,9.826,1211,0
20080723,9.3989,9.741,9.3989,9.741,128,0
20080725,9.741,9.826,9.741,9.826,49,0
20080728,9.0571,10.595,9.0571,10.595,176,0
20080729,9.0657,10.424,9.0657,10.424,43,0
20080730,9.57,10.587,9.553,10.587,2825,0
20080801,10.681,10.681,10.681,10.681,15,0
20080806,10.424,10.424,10.424,10.424,117,0
20080807,10.663,10.663,10.663,10.663,7,0
20080812,10.595,10.595,9.604,10.595,952,0
20080826,9.536,10.373,9.536,10.373,189,0
20080827,9.3391,10.51,9.3391,10.51,693,0
20080829,10.245,10.245,10.245,10.245,11,0
20080901,10.253,10.501,10.253,10.501,11,0
20080902,10.245,10.245,10.245,10.245,48,0
20080903,10.228,10.228,10.125,10.125,129,0
20080904,10.228,10.228,10.228,10.228,8,0
20080905,9.912,9.912,9.228,9.741,696,0
20080908,9.57,9.57,9.228,9.228,119,0
20080909,9.228,9.228,8.5445,9.1853,834,0
20080910,9.228,9.228,9.2109,9.2109,410,0
20080911,9.228,9.228,9.1853,9.1853,645,0
20080912,9.2195,9.2195,8.553,9.2195,506,0
20080915,9.2195,9.2195,9.2195,9.2195,1,0
20080916,9.1255,9.2195,8.553,9.2195,504,0
20080917,9.2195,9.741,9.2195,9.741,294,0
20080918,9.826,9.826,9.3818,9.3818,133,0
20080919,9.826,9.826,8.647,9.783,322,0
20080922,9.3989,9.826,8.7154,9.228,620,0
20080923,9.228,9.228,8.7154,9.1853,108,0
20080924,9.1853,9.1853,8.5445,8.9289,1805,0
20080925,8.9289,8.9717,8.459,8.9717,349,0
20080926,8.9717,8.9717,8.5103,8.9717,262,0
20080929,8.8862,8.8862,8.5274,8.8777,1338,0
20080930,8.8777,8.8777,8.459,8.852,415,0
20081001,8.835,8.9717,8.2882,8.8862,953,0
20081002,8.7324,8.7324,8.7324,8.7324,47,0
20081003,8.7324,8.7324,8.7324,8.7324,1,0
20081006,8.459,8.6641,8.3735,8.6641,128,0
20081007,8.5445,8.5445,7.1774,8.4163,4049,0
20081008,8.5359,8.5359,7.6046,8.1172,3907,0
20081009,8.5359,8.5359,8.5359,8.5359,1,0
20081010,8.459,8.459,7.69,8.4505,2457,0
20081013,8.2882,8.5359,7.9036,8.1087,1258,0
20081014,8.4163,8.4163,7.6046,7.6815,5535,0
20081015,7.69,7.69,7.0919,7.2543,5879,0
20081016,6.8356,7.0919,6.8356,7.0919,12329,0
20081017,6.9467,7.2201,6.6647,7.0065,760,0
20081020,7.1346,7.1346,6.7586,7.1005,1817,0
20081021,6.7502,6.9637,6.7502,6.9637,2156,0
20081022,7.1175,7.1175,6.6647,7.0492,2825,0
20081023,6.8356,6.8356,6.4083,6.4083,851,0
20081024,6.1691,6.4511,5.9811,6.4511,711,0
20081027,6.4083,6.7074,5.8957,6.7074,1094,0
20081028,6.5792,6.7416,6.323,6.7416,150,0
20081029,6.733,7.0919,6.733,7.0919,389,0
20081030,7.0919,7.2201,6.6647,7.2201,741,0
20081031,7.2201,7.2201,7.1774,7.2201,418,0
20081103,7.2201,7.2201,6.7502,7.1517,1011,0
20081104,7.2543,7.2543,6.7929,7.0492,111,0
20081105,6.7502,6.9808,6.7502,6.9808,299,0
20081106,6.9979,6.9979,6.9979,6.9979,11,0
20081107,6.9979,6.9979,6.5792,6.9894,205,0
20081110,6.6048,7.2628,6.6048,7.2457,1022,0
20081112,7.69,7.69,7.69,7.69,6,0
20081113,8.459,8.459,7.4337,7.4337,49,0
20081114,7.2543,7.2543,7.2543,7.2543,1,0
20081117,7.2201,7.2201,7.2201,7.2201,3,0
20081118,7.2201,7.2201,7.2201,7.2201,6,0
20081119,7.2201,7.2201,7.2201,7.2201,35,0
20081120,7.2201,7.2201,7.2201,7.2201,1,0
20081121,7.2201,7.2201,7.1688,7.1688,37,0
20081124,7.1774,7.1774,6.6647,7.1774,24,0
20081125,7.1774,7.1774,7.1774,7.1774,1,0
20081126,6.6647,6.921,6.6647,6.921,263,0
20081127,6.921,6.921,6.921,6.921,1,0
20081128,7.015,7.015,7.015,7.015,1,0
20081201,7.0236,7.0236,6.6647,7.0065,751,0
20081202,6.7074,6.9979,6.7074,6.9979,495,0
20081203,6.9894,6.9894,6.6647,6.9637,237,0
20081204,7.0065,7.0065,6.9552,6.9552,11,0
20081205,6.4938,6.921,6.4938,6.8356,183,0
20081208,7.0065,7.0065,6.5792,6.9979,697,0
20081209,7.0065,7.0065,7.0065,7.0065,1,0
20081210,7.0065,7.0065,7.0065,7.0065,1,0
20081211,7.0492,7.0492,7.0492,7.0492,1,0
20081212,7.0406,7.0406,7.0406,7.0406,1,0
20081215,7.0406,7.0406,6.4938,7.0065,2625,0
20081216,7.0065,7.0065,6.4938,6.7929,490,0
20081217,6.8356,6.8356,6.2033,6.8356,1739,0
20081218,6.7502,6.7502,6.7502,6.7502,2,0
20081219,6.6647,6.7416,6.2375,6.6647,688,0
20081222,6.6647,6.6647,6.152,6.6647,960,0
20081223,6.6647,6.6647,6.0666,6.323,295,0
20081229,6.323,7.0065,6.323,7.0065,167,0
20081230,6.9979,6.9979,6.9979,6.9979,27,0
20081231,7.0065,7.0065,7.0065,7.0065,1,0
20090105,7.015,7.015,6.4938,6.8356,194,0
20090106,6.8441,6.9637,6.4938,6.9637,411,0
20090107,7.2628,7.2628,6.6647,6.6647,1065,0
20090108,6.5792,6.7502,6.4083,6.7502,334,0
20090109,6.4083,6.4083,6.323,6.323,11494,0
20090112,6.323,6.323,6.2375,6.323,3351,0
20090113,6.2375,6.2375,6.1093,6.2375,8289,0
20090114,6.2375,6.7502,6.2375,6.7502,9795,0
20090115,6.6647,6.7502,6.323,6.7502,608,0
20090116,6.323,6.6134,6.152,6.4425,427,0
20090119,6.323,6.323,6.152,6.323,706,0
20090120,6.323,6.323,5.8188,6.1007,5334,0
20090121,6.152,6.152,5.8957,6.1264,1785,0
20090122,6.1264,6.1264,5.9384,6.0922,939,0
20090123,6.0922,6.152,5.8957,6.152,1373,0
20090126,6.1435,6.152,5.9725,6.152,266,0
20090127,6.152,6.152,5.8957,6.152,87,0
20090128,6.152,6.7502,6.152,6.4938,159,0
20090129,6.6048,6.6048,6.6048,6.6048,6,0
20090130,6.152,6.4511,6.0666,6.4511,240,0
20090202,6.4511,6.4511,6.4511,6.4511,6,0
20090203,6.4511,6.4511,6.4511,6.4511,49,0
20090204,6.4511,6.4511,6.4511,6.4511,2,0
20090205,6.4511,6.4511,6.4511,6.4511,31,0
20090206,6.4511,6.4511,6.4511,6.4511,2,0
20090209,6.4511,6.4511,6.0666,6.4511,131,0
20090210,6.4511,6.4511,6.4511,6.4511,2,0
20090211,6.4511,6.5195,6.4511,6.5195,475,0
20090212,6.5195,6.5195,6.0666,6.4938,237,0
20090213,6.5195,6.5195,6.5195,6.5195,1,0
20090216,6.5195,6.5195,6.5195,6.5195,2,0
20090217,6.4852,6.4852,5.9811,6.4767,538,0
20090218,6.4852,6.4852,6.4852,6.4852,2,0
20090219,6.4767,6.4767,6.4767,6.4767,2,0
20090220,6.4083,6.4083,5.8701,6.323,453,0
20090223,5.9811,6.2631,5.8103,6.2631,411,0
20090224,5.8957,6.2118,5.8957,6.1862,5009,0
20090225,6.1948,6.3913,6.1948,6.3913,736,0
20090226,6.3827,6.3827,6.3827,6.3827,1,0
20090227,6.0666,6.3913,6.0666,6.3913,11,0
20090302,6.3913,6.3913,5.9811,6.3913,794,0
20090303,6.3913,6.3913,6.3913,6.3913,2,0
20090304,6.4083,6.4083,6.3656,6.3656,266,0
20090305,6.2375,6.4767,6.2375,6.4767,100,0
20090306,6.4767,6.4767,6.4767,6.4767,2,0
20090309,6.4767,6.4767,6.4767,6.4767,2,0
20090310,6.4767,6.4767,6.2717,6.4682,121,0
20090311,6.4682,6.4767,6.323,6.4767,489,0
20090312,6.3998,6.3998,6.3998,6.3998,152,0
20090313,6.323,6.323,6.323,6.323,1,0
20090316,6.323,6.323,6.323,6.323,1,0
20090317,6.323,6.323,6.323,6.323,2,0
20090318,6.323,6.323,5.9811,6.323,241,0
20090319,6.323,6.323,5.9042,6.323,238,0
20090320,6.323,6.5707,6.323,6.5707,748,0
20090323,6.5792,6.8356,6.4511,6.8356,9653,0
20090324,7.0065,8.271,6.8356,8.271,1438,0
20090325,8.5445,9.561,8.2027,8.5445,2806,0
20090326,8.2882,9.3989,8.2882,9.3989,285,0
20090327,9.3904,9.3989,9.228,9.3989,1643,0
20090330,9.3904,9.57,8.6299,9.2451,4366,0
20090331,8.7154,8.9289,8.5445,8.5445,122,0
20090401,8.7923,8.7923,8.7923,8.7923,2,0
20090402,8.7923,8.7923,7.9463,8.3735,757,0
20090403,8.459,8.7154,7.69,8.7154,2290,0
20090406,8.5445,9.1426,8.5445,9.1426,224,0
20090407,8.2966,9.134,8.2966,9.134,1410,0
20090408,9.0999,9.0999,8.5445,8.9717,121,0
20090409,8.5445,8.5445,8.5445,8.5445,117,0
20090414,8.8008,9.0999,8.459,8.9717,1789,0
20090415,8.7581,8.7581,8.7581,8.7581,410,0
20090416,8.9717,8.9717,8.459,8.7154,206,0
20090417,8.9717,8.9717,8.2027,8.8862,238,0
20090420,8.7154,8.7154,8.2882,8.2882,123,0
20090421,8.3309,8.5445,8.3309,8.5445,28,0
20090422,8.5445,8.5445,8.254,8.5445,365,0
20090423,8.2113,8.5445,8.2113,8.5017,539,0
20090424,8.5017,8.5017,8.5017,8.5017,1,0
20090427,8.2113,8.3735,8.2027,8.3735,2757,0
20090428,8.3735,8.3735,8.3735,8.3735,1,0
20090429,8.5445,8.5445,8.1172,8.4163,141,0
20090430,8.5445,8.5445,8.1172,8.5017,38,0
20090504,8.5017,8.6299,8.1172,8.6299,241,0
20090505,8.7154,8.7154,8.7154,8.7154,2,0
20090506,8.7154,9.3989,8.7154,9.2792,1523,0
20090507,9.2366,9.2366,8.5017,8.9289,16757,0
20090508,8.553,8.7923,8.5445,8.7068,4677,0
20090511,8.1172,8.7495,7.5191,8.7495,2873,0
20090512,8.7154,8.7154,8.6214,8.6214,613,0
20090513,8.6043,8.6043,8.6043,8.6043,115,0
20090514,8.2113,8.5359,8.2113,8.5359,238,0
20090515,8.5359,8.5359,8.16,8.5359,711,0
20090518,8.5359,8.5359,8.16,8.459,2130,0
20090519,8.459,8.5958,8.1258,8.5958,1492,0
20090520,8.5872,8.5872,8.177,8.5786,239,0
20090521,8.5445,8.5445,8.1172,8.1172,1656,0
20090522,8.2882,8.2882,8.2882,8.2882,2,0
20090525,8.2882,8.2882,7.2628,7.69,1083,0
20090526,8.0318,8.0318,7.3056,7.69,296,0
20090527,7.69,8.1001,7.69,8.1001,118,0
20090528,8.0318,8.0318,8.0318,8.0318,1,0
20090529,7.9463,7.9463,7.3909,7.9036,502,0
20090601,7.8609,7.8609,7.2713,7.6815,1868,0
20090602,7.6815,8.3735,7.6046,8.3735,1722,0
20090603,8.3735,8.3735,7.7413,8.3735,696,0
20090604,8.3735,8.3735,8.3735,8.3735,1,0
20090605,8.3735,8.3735,8.2027,8.2027,12,0
20090608,8.3735,8.3735,8.3735,8.3735,1,0
20090609,8.3735,8.3735,8.3735,8.3735,1,0
20090610,8.3735,8.3735,8.2882,8.2882,71,0
20090612,8.2882,8.2882,8.2882,8.2882,6,0
20090615,8.2882,8.2882,8.2882,8.2882,1,0
20090616,8.1172,8.1172,7.69,7.9891,346,0
20090617,7.9891,7.9891,7.6131,7.9891,502,0
20090618,7.9891,7.9891,7.6131,7.9463,685,0
20090619,7.9463,7.9463,7.9379,7.9463,472,0
20090622,8.1172,8.1172,7.6046,7.9463,220,0
20090623,7.8951,7.8951,7.8866,7.8866,70,0
20090624,7.8866,7.8866,7.5277,7.8609,196,0
20090625,7.8609,7.8609,7.4422,7.8609,587,0
20090626,7.8609,7.8609,7.4422,7.69,237,0
20090629,7.69,7.69,7.69,7.69,1,0
20090630,7.69,7.69,7.4337,7.69,325,0
20090701,7.69,7.69,7.69,7.69,1,0
20090702,7.69,7.69,7.69,7.69,1,0
20090703,7.69,7.69,7.69,7.69,1,0
20090706,7.69,7.69,7.69,7.69,586,0
20090707,7.69,7.69,7.69,7.69,1,0
20090708,7.69,7.69,7.69,7.69,1,0
20090709,7.69,7.9463,7.3568,7.9463,581,0
20090710,7.7755,7.7755,7.7755,7.7755,10,0
20090713,7.7755,7.7755,7.7755,7.7755,1,0
20090714,7.7755,7.7755,7.7755,7.7755,1,0
20090715,7.8609,7.8609,7.8609,7.8609,6,0
20090716,7.8609,7.8609,7.3568,7.8609,94,0
20090717,7.8609,7.8609,7.8609,7.8609,1,0
20090720,7.8609,7.8609,7.4337,7.8609,532,0
20090721,7.8609,7.8609,7.4337,7.69,491,0
20090722,7.8609,7.8609,7.4594,7.69,119,0
20090723,7.8182,7.8182,7.3482,7.3482,2640,0
20090724,7.3568,7.3568,7.109,7.3482,10596,0
20090727,7.5191,7.5191,7.1774,7.5191,763,0
20090728,7.5191,7.5191,7.1859,7.5191,3,0
20090729,7.2201,7.5191,7.2201,7.5191,1537,0
20090730,7.5191,8.1172,7.5191,8.0232,6006,0
20090731,8.0318,8.5274,7.7925,8.2882,669,0
20090803,8.2882,8.4505,7.9463,8.4505,1091,0
20090804,8.4505,8.4505,8.4505,8.4505,1,0
20090805,7.9549,8.0404,7.9549,7.9549,416,0
20090806,8.459,8.459,7.9463,8.442,124,0
20090807,8.4505,8.4505,8.0574,8.4505,118,0
20090810,7.878,8.0831,7.878,8.0831,585,0
20090811,8.4163,8.4163,8.0318,8.3735,556,0
20090812,8.1428,8.3651,7.9036,8.3651,214,0
20090813,8.3651,8.3651,8.3651,8.3651,2,0
20090814,8.4163,8.4163,7.9463,8.0318,1924,0
20090817,8.0318,8.3735,7.9635,8.3735,638,0
20090818,8.2027,8.4163,8.2027,8.4163,118,0
20090819,8.4163,8.4163,8.4163,8.4163,1,0
20090820,8.3735,8.3735,8.2625,8.2625,343,0
20090821,8.2625,8.2625,7.9122,8.2625,94,0
20090824,8.2625,8.2625,7.9122,8.2027,56,0
20090825,8.2625,8.2796,8.2454,8.2796,2264,0
20090826,8.2027,8.2454,7.9122,8.2454,845,0
20090827,8.2454,8.2454,7.9036,8.2454,30,0
20090828,8.0404,8.2027,8.0404,8.2027,1059,0
20090831,8.2027,8.2027,8.0404,8.0404,215,0
20090901,8.0404,8.0404,7.8951,8.0404,1313,0
20090902,7.9036,7.9463,7.878,7.9463,1473,0
20090903,7.9463,8.0318,7.9463,8.0318,119,0
20090904,8.2027,8.2027,8.2027,8.2027,240,0
20090907,7.9463,8.3735,7.9463,8.3735,178,0
20090908,8.3735,8.3735,7.9891,8.3735,351,0
20090909,8.2027,8.3309,8.2027,8.3309,582,0
20090910,8.3309,8.3651,8.0745,8.3651,973,0
20090911,8.2882,8.3735,8.0318,8.0318,1891,0
20090914,8.2882,8.4163,8.0318,8.0318,447,0
20090916,8.0318,8.4163,7.9891,7.9891,248,0
20090917,7.9549,7.9549,7.9549,7.9549,238,0
20090918,8.0318,8.3735,8.0318,8.3735,10,0
20090921,8.3479,8.3479,8.3479,8.3479,94,0
20090922,8.3565,8.3565,8.0318,8.3565,387,0
20090924,8.3479,8.3479,8.3479,8.3479,159,0
20090925,8.3479,8.3479,8.3479,8.3479,194,0
20090928,8.2882,8.5189,8.2882,8.2882,3152,0
20090929,8.2882,8.459,8.254,8.459,511,0
20090930,8.0831,8.4334,8.0831,8.4334,9,0
20091001,8.2882,8.2882,8.1172,8.1172,260,0
20091002,8.1087,8.1172,8.1087,8.1172,178,0
20091005,8.1344,8.1344,8.1258,8.1258,234,0
20091006,8.1258,8.2882,8.1258,8.2882,263,0
20091007,8.2882,8.2882,8.2882,8.2882,129,0
20091008,8.1172,8.1172,8.1172,8.1172,206,0
20091009,8.1172,8.3821,8.0831,8.3821,261,0
20091012,8.1172,8.1172,8.1172,8.1172,137,0
20091013,8.1172,8.1172,8.1172,8.1172,130,0
20091014,8.1172,8.1172,8.0916,8.0916,578,0
20091015,8.3821,8.442,8.3821,8.442,694,0
20091016,8.1087,8.2027,8.1001,8.2027,108,0
20091019,8.2027,8.2027,8.1941,8.1941,232,0
20091020,8.1258,8.4163,8.1258,8.4163,524,0
20091022,8.1258,8.1258,8.0404,8.0831,1616,0
20091027,8.1172,8.1941,8.1172,8.1941,593,0
20091029,8.0318,8.0318,8.0318,8.0318,291,0
20091030,8.0404,8.0404,8.0404,8.0404,198,0
20091102,8.0745,8.0745,8.0745,8.0745,55,0
20091105,8.0318,8.0318,8.0318,8.0318,419,0
20091106,8.0318,8.2454,8.0318,8.2454,1519,0
20091109,7.9463,7.9463,7.9463,7.9463,117,0
20091110,7.9549,7.9635,7.9549,7.9635,108,0
20091112,7.9635,8.1172,7.9635,8.1172,128,0
20091113,8.0318,8.0318,8.0318,8.0318,133,0
20091116,8.0745,8.1172,8.0745,8.1172,312,0
20091117,7.9379,7.9891,7.9379,7.9891,1272,0
20091118,8.2027,8.2027,7.9379,7.9379,26,0
20091119,7.9379,7.9379,7.9379,7.9379,601,0
20091120,8.0745,8.0745,7.9379,7.9379,49,0
20091123,8.1941,8.1941,7.9463,7.9463,28,0
20091124,8.0318,8.0318,8.0318,8.0318,747,0
20091125,8.0318,8.0404,8.0318,8.0318,462,0
20091126,7.9891,8.0318,7.9891,8.0318,145,0
20091201,8.0404,8.0404,8.0404,8.0404,176,0
20091202,7.9207,8.1172,7.9207,8.0318,399,0
20091203,8.0232,8.0318,8.0232,8.0318,703,0
20091204,8.0318,8.0318,7.9463,7.9891,979,0
20091207,8.0318,8.0318,8.0318,8.0318,469,0
20091208,8.2197,8.2197,8.0318,8.0318,666,0
20091210,8.0318,8.0318,8.0318,8.0318,526,0
20091211,8.0318,8.0318,8.0318,8.0318,538,0
20091214,8.0318,8.1172,8.0318,8.1172,716,0
20091215,8.0404,8.0745,8.0404,8.0745,1773,0
20091216,8.0745,8.0745,8.0318,8.0318,1166,0
20091217,7.9805,8.2113,7.9805,7.9805,938,0
20091218,7.9891,7.9891,7.9891,7.9891,164,0
20091221,7.9805,7.9805,7.9036,7.9036,1780,0
20091222,7.7755,7.8951,7.6131,7.8951,832,0
20091223,7.6046,7.69,7.6046,7.69,77,0
20091228,7.5618,7.5618,7.5618,7.5618,1006,0
20091229,7.5618,7.5618,7.5618,7.5618,3,0
20091230,7.5618,7.5618,7.5618,7.5618,2,0
20091231,7.5533,7.5533,7.5533,7.5533,24,0
20100104,7.6131,7.6131,7.6131,7.6131,25,0
20100105,7.69,7.69,7.69,7.69,288,0
20100107,7.6046,7.6046,7.6046,7.6046,1,0
20100108,7.6217,7.6217,7.6131,7.6131,1025,0
20100112,7.8097,7.8097,7.8097,7.8097,2,0
20100113,7.8097,7.8182,7.784,7.784,1086,0
20100115,7.6643,7.7584,7.6643,7.7584,131,0
20100118,7.6643,7.6643,7.485,7.485,926,0
20100119,7.3995,7.4764,7.3653,7.4764,4114,0
20100120,7.4081,7.4081,7.3995,7.4081,804,0
20100121,7.4166,7.8097,7.4166,7.8097,7,0
20100122,7.4166,7.4166,7.4166,7.4166,77,0
20100125,7.4337,7.4337,7.4337,7.4337,43,0
20100126,7.4337,7.4337,7.4337,7.4337,117,0
20100127,7.4337,7.4422,7.4337,7.4422,587,0
20100201,7.4081,7.4081,7.3653,7.3653,1610,0
20100202,7.3056,7.3056,7.2799,7.2799,137,0
20100203,7.3056,7.3056,7.2628,7.2628,5220,0
20100208,7.4678,7.4678,6.639,7.4337,27,0
20100211,7.4252,7.4678,7.4252,7.4678,351,0
20100218,7.0065,7.4422,7.0065,7.4422,104,0
20100226,7.0919,7.0919,7.0919,7.0919,142,0
20100301,7.3482,7.3482,7.3482,7.3482,1,0
20100308,7.3482,7.4337,7.3482,7.4337,319,0
20100312,6.9637,7.3482,6.9637,7.3482,507,0
20100317,6.8356,7.2628,6.8356,7.2628,443,0
20100318,7.0919,7.0919,7.0919,7.0919,308,0
20100319,7.1005,7.1005,7.1005,7.1005,442,0
20100323,7.3056,7.3056,7.3056,7.3056,585,0
20100324,7.3056,7.3056,7.3056,7.3056,294,0
20100325,7.3056,7.3056,7.2543,7.2543,1227,0
20100326,7.2543,7.2543,7.2543,7.2543,41,0
20100406,6.7586,7.2543,6.7586,6.8014,11358,0
20100408,6.8014,6.8014,6.8014,6.8014,17,0
20100409,7.0065,7.0065,7.0065,7.0065,26,0
20100412,6.8014,6.8014,6.8014,6.8014,1,0
20100414,6.9552,7.4166,6.9552,7.4166,57,0
20100416,7.3825,7.3825,7.3825,7.3825,502,0
20100419,7.2628,7.3482,7.2628,7.3482,1084,0
20100420,7.3909,7.4166,7.3482,7.4081,936,0
20100421,7.3995,7.4337,7.3995,7.4337,166,0
20100422,7.1005,7.1005,7.1005,7.1005,7,0
20100423,7.1005,7.1005,7.1005,7.1005,37,0
20100426,7.1005,7.1005,7.1005,7.1005,233,0
20100427,7.1005,7.1774,7.1005,7.1774,577,0
20100428,7.4252,7.4252,7.4252,7.4252,2,0
20100429,7.4252,7.4252,7.4252,7.4252,11,0
20100430,7.4252,7.4252,7.3482,7.4252,278,0
20100504,7.3482,7.3482,7.3482,7.3482,293,0
20100507,6.8014,6.921,6.8014,6.921,760,0
20100510,7.0065,7.0065,7.0065,7.0065,27,0
20100511,7.1346,7.1346,7.1346,7.1346,176,0
20100512,6.8099,6.8441,6.8099,6.8441,21,0
20100513,6.8783,6.8783,6.8014,6.8783,232,0
20100517,6.8356,6.8527,6.8356,6.8441,122,0
20100518,7.0919,7.1774,7.0919,7.1774,295,0
20100519,7.2628,7.2628,7.2628,7.2628,392,0
20100520,7.4166,7.4678,7.2799,7.2799,1545,0
20100521,7.3056,7.3056,7.3056,7.3056,87,0
20100524,7.2799,7.5021,7.2799,7.5021,312,0
20100526,7.4764,8.1172,7.4764,8.1172,1544,0
20100527,8.0745,8.0745,7.5021,8.066,132,0
20100528,8.0745,8.1172,8.0745,8.1172,387,0
20100531,8.1172,8.16,8.1172,8.16,664,0
20100602,8.1001,8.1001,7.596,8.0232,102,0
20100604,7.5704,7.6046,7.5704,7.6046,148,0
20100607,7.6473,7.6473,7.6473,7.6473,35,0
20100609,7.579,7.579,7.5191,7.5191,304,0
20100610,7.5191,7.5191,7.5191,7.5191,74,0
20100611,7.5191,7.5191,7.5191,7.5191,145,0
20100616,7.2799,7.2799,7.2799,7.2799,24,0
20100618,7.3482,7.3482,7.3482,7.3482,11,0
20100621,7.2628,7.2628,7.2628,7.2628,234,0
20100622,7.2201,7.2201,7.2201,7.2201,16,0
20100623,7.2201,7.2201,7.2201,7.2201,86,0
20100625,7.2201,7.2201,7.2201,7.2201,29,0
20100628,6.8698,7.2201,6.8698,7.2201,316,0
20100629,6.904,7.2201,6.904,7.2201,157,0
20100630,6.8783,7.6046,6.8783,7.6046,30,0
20100701,7.6046,7.6046,7.6046,7.6046,195,0
20100705,7.297,7.297,7.297,7.297,351,0
20100707,7.2628,7.2628,7.2628,7.2628,429,0
20100708,7.2628,7.2628,7.2628,7.2628,1147,0
20100712,7.2628,7.3482,7.2628,7.3482,387,0
20100714,7.2628,7.2628,7.2628,7.2628,2,0
20100715,7.2628,7.6046,7.2628,7.6046,307,0
20100719,8.0489,8.0489,8.0489,8.0489,18,0
20100720,7.2628,8.0232,7.2628,8.0232,6,0
20100727,7.4337,7.4337,7.4337,7.4337,100,0
20100728,7.8609,7.8609,7.6046,7.8609,482,0
20100730,7.4935,8.0404,7.4935,8.0318,1767,0
20100802,8.0404,8.3735,7.5191,7.6046,187,0
20100803,7.9891,8.3651,7.8951,8.3223,1541,0
20100804,8.1172,8.1172,8.1172,8.1172,304,0
20100805,8.1172,8.3223,7.9635,7.9635,251,0
20100806,7.9635,7.9635,7.9635,7.9635,101,0
20100809,7.9635,7.9635,7.9635,7.9635,140,0
20100810,7.9635,7.9635,7.9635,7.9635,43,0
20100811,7.9891,8.0062,7.9891,7.9891,224,0
20100813,7.9635,7.9635,7.9036,7.9036,350,0
20100817,7.6131,7.6131,7.6131,7.6131,140,0
20100819,7.69,8.2027,7.69,7.69,100,0
20100820,7.7755,7.7755,7.7755,7.7755,82,0
20100823,8.1941,8.1941,7.7755,7.7755,34,0
20100824,7.5362,7.5704,7.5362,7.5704,33,0
20100825,7.5618,7.6986,7.5618,7.5618,428,0
20100826,7.5618,7.5618,7.5618,7.5618,148,0
20100830,7.5618,7.5618,7.5618,7.5618,17,0
20100831,7.6046,8.0745,7.6046,7.6046,202,0
20100901,7.5191,7.5191,7.5191,7.5191,3,0
20100902,8.0318,8.1172,7.69,7.69,348,0
20100906,7.69,7.7755,7.69,7.7755,152,0
20100907,7.69,7.69,7.69,7.69,28,0
20100908,7.5618,7.69,7.5618,7.69,223,0
20100909,7.69,7.69,7.69,7.69,1,0
20100910,7.6046,7.6046,7.4935,7.4935,175,0
20100914,7.6046,7.6046,7.5277,7.5277,183,0
20100915,7.69,7.69,7.69,7.69,143,0
20100916,7.5618,7.69,7.5618,7.69,232,0
20100917,7.69,7.69,7.69,7.69,46,0
20100920,7.6986,7.6986,7.6986,7.6986,19,0
20100921,7.8609,7.8609,7.8609,7.8609,217,0
20100924,7.69,7.69,7.69,7.69,234,0
20100927,7.69,7.69,7.69,7.69,918,0
20100928,7.5875,7.5875,7.5875,7.5875,25,0
20100929,7.5875,7.7328,7.4935,7.7328,379,0
20101001,7.7328,7.7328,7.7328,7.7328,41,0
20101004,7.6131,7.7328,7.6131,7.7328,287,0
20101011,7.69,7.69,7.69,7.69,52,0
20101012,7.5875,7.6046,7.5875,7.6046,61,0
20101013,7.69,7.69,7.69,7.69,147,0
20101014,7.69,7.7328,7.69,7.7328,133,0
20101015,7.7242,7.7328,7.7242,7.7328,1055,0
20101018,7.7328,7.7328,7.7328,7.7328,1173,0
20101019,7.7328,7.7669,7.7071,7.7669,2387,0
20101020,7.7328,7.7755,7.7071,7.7071,2026,0
20101021,7.7328,7.7328,7.69,7.69,4994,0
20101022,7.69,7.69,7.69,7.69,862,0
20101025,7.69,7.69,7.69,7.69,4447,0
20101026,7.69,7.69,7.5277,7.69,23709,0
20101027,7.6046,7.6046,7.6046,7.6046,47,0
20101028,7.6131,7.6131,7.6131,7.6131,1,0
20101029,7.7071,7.7925,7.69,7.7925,2514,0
20101104,7.7925,8.1001,7.7925,8.1001,331,0
20101105,8.0745,10.681,7.4337,10.04,5316,0
20101108,10.604,10.604,9.997,9.997,2777,0
20101109,10.339,10.723,9.3989,9.57,4895,0
20101110,9.501,10.082,9.4246,10.04,539,0
20101112,9.826,10.031,9.826,10.031,206,0
20101115,10.253,10.253,9.826,10.245,1380,0
20101116,10.253,10.253,9.826,10.202,3587,0
20101117,9.655,10.159,9.655,10.159,531,0
20101118,10.253,10.253,9.707,9.826,2383,0
20101119,9.4331,10.168,9.1426,9.655,3584,0
20101122,10.33,10.33,9.0999,9.1853,1641,0
20101123,8.9802,9.3562,8.9802,9.3562,73,0
20101124,9.57,9.741,9.4416,9.4416,238,0
20101125,10.159,10.159,9.655,9.655,1110,0
20101126,9.655,9.655,9.4074,9.655,1205,0
20101129,9.1511,9.1511,9.1511,9.1511,92,0
20101130,9.1511,9.1511,9.1511,9.1511,25,0
20101201,9.1511,10.057,9.1511,10.04,35,0
20101202,9.1939,9.988,9.1939,9.988,80,0
20101203,9.1939,9.1939,9.1939,9.1939,18,0
20101206,9.228,9.228,9.228,9.228,527,0
20101207,9.2708,9.2708,9.228,9.228,631,0
20101208,9.3049,9.3989,9.3049,9.3989,1725,0
20101209,9.3989,9.416,9.3989,9.416,261,0
20101210,9.416,9.416,9.3989,9.3989,330,0
20101213,9.501,9.501,9.501,9.501,3,0
20101215,9.3989,9.3989,9.2964,9.2964,687,0
20101216,9.2964,9.2964,9.2964,9.2964,19,0
20101217,9.3989,9.647,9.3562,9.647,263,0
20101220,9.4502,9.4502,9.3904,9.3989,1786,0
20101221,9.3904,9.3904,9.0742,9.3135,630,0
20101222,9.228,9.3989,9.228,9.3135,1849,0
20101223,9.3904,9.3904,9.3391,9.3391,2334,0
20101227,9.3391,9.3904,9.3135,9.3135,1321,0
20101228,8.9974,9.3989,8.9974,9.3989,1115,0
20101229,8.9974,9.0144,8.9974,9.0144,63,0
20101230,8.9802,9.3904,8.9802,8.9888,2039,0
20101231,8.9717,8.9802,8.9717,8.9802,833,0
20110104,8.9802,8.9802,8.7581,8.7581,315,0
20110107,8.7666,8.7666,8.7666,8.7666,117,0
20110110,9.1426,9.1426,8.7751,8.7751,856,0
20110111,8.7751,9.4331,8.7751,9.4331,237,0
20110113,9.4331,9.4331,9.4331,9.4331,114,0
20110114,9.1939,9.1939,8.7751,8.8606,590,0
20110117,8.7923,8.7923,8.7923,8.7923,2494,0
20110118,9.1426,9.1426,9.1426,9.1426,1,0
20110121,8.7923,8.7923,8.6043,8.6043,11,0
20110126,8.6385,8.6385,8.6385,8.6385,71,0
20110127,8.6128,8.6128,8.6128,8.6128,754,0
20110128,8.647,8.647,8.647,8.647,4,0
20110131,9.134,9.134,9.134,9.134,123,0
20110201,9.134,9.689,9.134,9.672,225,0
20110202,8.7154,9.3989,8.7154,8.852,101,0
20110204,8.8264,9.57,8.8264,9.228,448,0
20110207,9.3989,9.3989,9.3989,9.3989,629,0
20110209,9.3989,9.3989,9.3989,9.3989,711,0
20110211,9.689,10.168,9.689,10.04,71,0
20110214,9.0401,9.1768,9.0401,9.1768,82,0
20110215,9.3989,10.082,9.3305,9.4929,1285,0
20110216,9.4929,10.151,8.9461,10.151,132,0
20110218,9.2366,9.2366,9.228,9.2366,1294,0
20110223,9.3562,9.3562,9.3562,9.3562,351,0
20110224,10.082,10.082,10.082,10.082,6,0
20110225,9.1426,9.1426,9.1426,9.1426,469,0
20110228,9.1426,9.647,9.1426,9.647,70,0
20110301,9.647,9.647,9.3989,9.647,604,0
20110302,9.1597,9.1597,9.1597,9.1597,45,0
20110304,9.1597,9.1853,8.9119,8.9119,395,0
20110307,8.9119,8.9119,8.9119,8.9119,156,0
20110308,8.7154,8.7154,8.7154,8.7154,655,0
20110309,8.5445,8.8862,8.5445,8.8862,39,0
20110315,8.0404,9.2708,8.0404,8.9717,142,0
20110318,8.9717,9.2708,8.9717,9.2708,117,0
20110328,8.5872,9.0827,8.5872,9.0827,18,0
20110329,8.5872,8.5872,8.5445,8.5872,80,0
20110330,8.5958,8.5958,8.5958,8.5958,15,0
20110331,9.0827,9.0827,8.5958,8.5958,113,0
20110401,8.5958,8.5958,8.5958,8.5958,510,0
20110404,8.5872,8.5958,8.5872,8.5958,3,0
20110407,8.5958,8.5958,8.5445,8.5445,314,0
20110408,8.5445,8.5445,8.5445,8.5445,82,0
20110411,8.6214,8.6299,8.6214,8.6299,165,0
20110413,8.9717,9.0571,8.9717,9.0571,1573,0
20110414,8.7154,8.7154,8.7154,8.7154,117,0
20110415,8.7154,8.7154,8.7154,8.7154,234,0
20110418,9.0571,9.0571,8.5445,8.5445,2248,0
20110419,8.4676,8.4676,8.4676,8.4676,77,0
20110420,8.5445,9.0742,8.5445,9.0742,133,0
20110427,8.7154,8.7154,8.7154,8.7154,188,0
20110428,8.7154,8.7154,8.6299,8.6299,258,0
20110429,8.5017,8.9717,8.5017,8.9717,98,0
20110506,8.5445,8.5445,8.5445,8.5445,24,0
20110509,8.5445,8.5445,8.5445,8.5445,1170,0
20110510,8.459,8.8436,8.459,8.5958,3473,0
20110511,8.5958,8.5958,8.5958,8.5958,101,0
20110513,8.6982,8.6982,8.6982,8.6982,219,0
20110516,8.6982,9.0571,8.6982,9.0571,466,0
20110517,8.7154,8.7154,8.7154,8.7154,54,0
20110518,8.7154,8.7154,8.6982,8.6982,560,0
20110519,8.7154,8.8862,8.7154,8.8862,56,0
20110523,8.7068,9.0742,8.7068,9.0742,1542,0
20110524,9.0742,9.587,9.0742,9.587,1749,0
20110526,8.9802,8.9802,8.9802,8.9802,123,0
20110527,8.9802,8.9802,8.9717,8.9717,564,0
20110531,9.0144,9.1426,9.0144,9.0657,2227,0
20110601,9.0144,9.0144,9.0144,9.0144,195,0
20110602,9.0144,9.0144,9.0144,9.0144,180,0
20110603,9.0144,9.0144,9.0144,9.0144,242,0
20110606,9.0144,9.023,9.0144,9.023,84,0
20110607,9.023,9.023,9.0144,9.0144,784,0
20110609,9.023,9.023,9.0144,9.0144,444,0
20110610,9.023,9.023,9.0144,9.0144,186,0
20110614,8.8093,9.1255,8.8093,9.1255,37,0
20110616,8.8948,9.117,8.8948,9.117,21,0
20110620,8.6299,8.6299,8.6299,8.6299,30,0
20110621,8.6385,8.8862,8.6299,8.8862,835,0
20110622,8.8008,8.8008,8.8008,8.8008,176,0
20110627,9.0144,9.0144,9.0144,9.0144,3,0
20110630,8.9974,8.9974,8.9974,8.9974,6,0
20110704,8.4676,8.4676,8.4676,8.4676,234,0
20110705,8.459,8.459,8.3907,8.3907,1146,0
20110706,8.7581,8.7581,8.7581,8.7581,3,0
20110707,8.459,8.7154,8.459,8.7154,473,0
20110711,8.1172,8.7154,8.1172,8.5017,188,0
20110712,8.2882,8.3735,8.2882,8.3735,156,0
20110714,8.1172,8.5017,7.7584,8.5017,1608,0
20110715,7.9463,7.9463,7.7925,7.7925,469,0
20110718,8.0745,8.0745,7.69,8.0745,1176,0
20110719,8.0318,8.0318,8.0318,8.0318,234,0
20110721,7.6046,8.0745,7.6046,8.0745,22,0
20110722,7.6131,8.0745,7.6131,8.0745,48,0
20110727,7.6217,8.0318,7.6131,8.0318,634,0
20110729,7.9891,7.9891,7.9891,7.9891,6,0
20110803,7.9891,7.9891,7.69,7.9891,33,0
20110805,7.6473,7.972,7.6473,7.972,92,0
20110808,7.6473,7.6473,7.6046,7.6046,353,0
20110809,6.8441,7.0919,6.8441,7.0919,21,0
20110810,7.69,7.69,7.69,7.69,63,0
20110819,6.921,7.5875,6.921,7.5875,56,0
20110822,6.8441,7.6046,6.8441,7.6046,129,0
20110824,6.7672,7.3482,6.7672,7.3397,858,0
20110825,6.8356,7.3056,6.8356,7.3056,64,0
20110826,7.3056,7.8609,7.3056,7.8609,240,0
20110901,6.9296,6.9296,6.9296,6.9296,25,0
20110902,7.2628,7.5618,6.6647,7.5618,852,0
20110905,6.921,7.2628,6.921,7.2628,601,0
20110906,7.2628,7.7755,7.2628,7.7755,17,0
20110908,7.0492,7.4678,6.9296,6.9296,1763,0
20110909,7.3482,7.3482,7.3482,7.3482,61,0
20110916,6.8612,7.2115,6.8527,7.2115,102,0
20110919,7.1261,7.1261,7.1261,7.1261,55,0
20110920,7.0833,7.0833,7.0833,7.0833,1,0
20110921,6.8441,7.1005,6.8441,7.1005,47,0
20110923,6.8356,7.4337,6.8356,7.4337,585,0
20110926,7.3482,7.3482,7.3482,7.3482,1,0
20110927,6.8527,7.2115,6.8441,7.2115,344,0
20110928,7.2115,7.3056,6.8527,7.3056,50,0
20111003,7.2201,7.2201,7.2201,7.2201,6,0
20111006,7.1774,7.1774,7.1774,7.1774,36,0
20111007,7.3056,7.3056,7.3056,7.3056,21,0
20111011,6.921,7.2628,6.8441,7.2628,67,0
20111013,6.8527,7.2543,6.8527,7.2543,48,0
20111014,6.8527,7.2543,6.8356,7.2543,233,0
20111017,6.8356,7.2628,6.8356,7.2628,240,0
20111019,6.8356,7.2201,6.8356,7.2201,656,0
20111021,6.622,7.1261,6.622,7.1261,1521,0
20111024,6.6647,7.015,6.5964,7.015,395,0
20111025,6.6817,6.6817,6.6647,6.6647,315,0
20111028,6.9637,6.9637,6.9637,6.9637,4,0
20111031,6.9637,6.9637,6.921,6.9637,2208,0
20111115,6.4938,6.9125,6.4938,6.9125,24,0
20111117,6.8954,6.8954,6.8356,6.8356,75,0
20111118,6.7929,6.7929,6.7929,6.7929,30,0
20111121,6.7502,6.7502,6.7502,6.7502,56,0
20111122,6.4169,6.4169,6.4169,6.4169,2,0
20111123,6.4169,6.7843,6.4169,6.7843,7,0
20111124,6.7672,6.7843,6.4169,6.7843,78,0
20111125,6.7074,6.7074,6.7074,6.7074,1,0
20111129,6.7416,6.7416,6.7416,6.7416,169,0
20111130,6.4139,6.7083,6.4139,6.7083,33,0
20111201,6.7074,6.7074,6.7074,6.7074,6,0
20111202,6.4169,6.7074,6.4169,6.7074,20,0
20111209,6.4169,6.4511,6.323,6.4511,76,0
20111212,6.2802,6.5792,6.2802,6.5792,161,0
20111214,6.1606,6.4852,5.9811,6.4852,2690,0
20111219,5.9811,6.4083,5.9384,6.4083,163,0
20111220,5.8188,6.3827,5.8188,6.3827,904,0
20111221,5.8359,6.2973,5.8359,5.9725,145,0
20111222,5.8188,6.2802,5.8188,6.2802,418,0
20111223,5.8188,6.2631,5.8188,5.8188,34,0
20111227,5.8188,5.8188,5.8188,5.8188,575,0
20111228,5.8188,5.8957,5.8103,5.8957,1955,0
20111229,5.5625,5.5625,5.5625,5.5625,38,0
20111230,5.5665,5.5754,5.5665,5.5754,569,0
20120102,5.5625,6.2033,5.5625,6.2033,47,0
20120112,5.9811,6.1093,5.9811,6.1093,351,0
20120113,6.1093,6.2717,6.1093,6.2717,288,0
20120116,6.1093,6.1179,6.1093,6.1179,278,0
20120117,6.2289,6.2289,6.2289,6.2289,302,0
20120124,6.2375,6.5792,6.2375,6.5792,249,0
20120125,6.4938,6.7929,6.4938,6.7929,158,0
20120130,6.4083,6.5365,6.4083,6.5365,466,0
20120131,6.5567,6.5567,6.5567,6.5567,176,0
20120201,6.7843,6.7843,6.4511,6.4511,62,0
20120203,6.4511,6.4511,6.4511,6.4511,73,0
20120206,6.5792,6.5792,6.5792,6.5792,8,0
20120207,6.5792,6.5792,6.5792,6.5792,30,0
20120208,6.5792,6.5792,6.5792,6.5792,90,0
20120210,6.5023,6.5023,6.4767,6.4767,335,0
20120214,6.3656,6.4083,6.1948,6.4083,527,0
20120216,6.2375,6.2375,6.2375,6.2375,27,0
20120222,6.2973,6.2973,6.2887,6.2887,1287,0
20120224,6.2887,6.3656,6.1093,6.3656,664,0
20120227,6.5365,6.5365,6.5365,6.5365,234,0
20120228,6.4511,6.4511,6.4511,6.4511,234,0
20120229,6.4942,6.4942,6.4942,6.4942,7,0
20120305,6.2802,6.2802,6.1093,6.1093,234,0
20120306,6.3656,6.5365,6.2375,6.2375,562,0
20120307,6.323,6.323,6.323,6.323,54,0
20120308,6.323,6.323,6.323,6.323,41,0
20120312,6.323,6.323,6.323,6.323,9,0
20120314,6.246,6.246,6.246,6.246,483,0
20120319,6.3314,6.3314,6.323,6.323,936,0
20120321,6.3656,6.3656,6.323,6.323,527,0
20120322,6.2717,6.3656,6.2717,6.3656,342,0
20120323,6.4767,6.4767,6.4767,6.4767,157,0
20120326,6.323,6.4083,6.323,6.323,608,0
20120327,6.4511,6.4938,6.4511,6.4938,24,0
20120328,6.4938,6.4938,6.4938,6.4938,11,0
20120329,6.4938,6.4938,6.4938,6.4938,6,0
20120402,6.323,6.323,6.323,6.323,8,0
20120411,6.4938,6.4938,6.4938,6.4938,410,0
20120412,6.5365,6.5365,6.5023,6.5023,237,0
20120413,6.4083,6.4083,6.4083,6.4083,2,0
20120417,6.4139,6.4139,6.405,6.405,78,0
20120419,6.5792,6.6647,6.5792,6.6647,131,0
20120420,6.4083,6.4083,6.4083,6.4083,149,0
20120423,6.4083,6.4083,6.4083,6.4083,3,0
20120426,6.2375,6.2375,6.2375,6.2375,4,0
20120430,6.2355,6.2355,6.2355,6.2355,105,0
20120502,6.246,6.246,6.246,6.246,1,0
20120507,6.2375,6.5365,6.2375,6.5365,322,0
20120508,6.5365,7.0919,6.5365,7.0919,287,0
20120509,7.0741,7.6896,6.8332,7.6896,863,0
20120515,7.6815,7.6815,7.6815,7.6815,6,0
20120516,7.1774,7.6559,7.1774,7.6559,20,0
20120517,7.1774,7.6046,7.1774,7.6046,7,0
20120518,7.1811,7.1811,7.0919,7.0919,234,0
20120522,6.8356,6.8356,6.8356,6.8356,2,0
20120523,6.7929,6.7929,6.7929,6.7929,351,0
20120524,6.4169,6.4169,6.4169,6.4169,33,0
20120529,6.7083,7.0562,6.7083,7.0562,1123,0
20120530,7.2614,7.6004,7.2614,7.6004,194,0
20120604,7.5915,7.5915,7.5915,7.5915,18,0
20120605,7.0919,7.0919,7.0919,7.0919,253,0
20120606,7.1365,7.1365,7.1365,7.1365,75,0
20120608,7.0473,7.0473,7.0473,7.0473,168,0
20120619,7.0295,7.0295,7.0295,7.0295,11,0
20120621,7.0295,7.0295,7.0295,7.0295,11,0
20120622,7.0295,7.0295,7.0295,7.0295,11,0
20120625,6.8689,7.0473,6.7797,7.0473,346,0
20120629,7.0473,7.0473,6.6905,6.6905,63,0
20120702,6.6905,6.6905,6.0214,6.3337,4147,0
20120703,6.0214,6.0214,5.6646,5.6646,6900,0
20120704,5.6646,5.7895,5.3524,5.7895,9710,0
20120705,5.7806,5.7806,5.7806,5.7806,168,0
20120706,6.1463,6.1463,6.1463,6.1463,4,0
20120710,5.9768,5.9768,5.9768,5.9768,44,0
20120711,5.7895,5.7895,5.7895,5.7895,448,0
20120712,6.1374,6.1374,6.1374,6.1374,2,0
20120717,6.1374,6.1374,6.1374,6.1374,6,0
20120718,6.1374,6.1374,5.8073,5.8073,25,0
20120719,6.1374,6.1374,6.1374,6.1374,6,0
20120720,6.1374,6.1374,6.1374,6.1374,2,0
20120724,6.1374,6.1374,6.1374,6.1374,6,0
20120727,5.7092,5.7092,5.5754,5.5754,336,0
20120730,5.62,5.62,5.62,5.62,6,0
20120806,5.7984,5.7984,5.7984,5.7984,72,0
20120807,5.9679,5.9679,5.9679,5.9679,2,0
20120808,5.9679,5.9679,5.9679,5.9679,2,0
20120813,5.8876,5.8876,5.8876,5.8876,595,0
20120814,5.8876,5.8876,5.8876,5.8876,2,0
20120817,5.6646,5.6646,5.174,5.174,3440,0
20120821,5.1383,5.1383,5.1383,5.1383,61,0
20120822,5.1383,5.1383,5.1383,5.1383,27,0
20120823,5.3524,5.3524,5.3524,5.3524,336,0
20120824,5.3524,5.4862,5.3524,5.4862,348,0
20120827,5.3524,5.5219,5.3524,5.5219,342,0
20120829,5.4327,5.4327,5.4327,5.4327,386,0
20120830,5.5219,5.5219,5.5219,5.5219,168,0
20120831,5.6557,5.6557,5.6557,5.6557,2,0
20120906,5.4862,5.4862,5.4862,5.4862,168,0
20120910,5.3524,5.6557,5.0848,5.0848,444,0
20120912,5.0848,5.0848,5.0848,5.0848,224,0
20120913,5.0402,5.0402,5.0402,5.0402,197,0
20120917,4.9956,4.9956,4.9956,4.9956,697,0
20120918,4.9064,4.9956,4.9064,4.9956,626,0
20120924,5.174,5.174,5.174,5.174,2,0
20120925,5.3524,5.3524,5.3524,5.3524,9,0
20120926,5.3613,5.3613,5.3613,5.3613,390,0
20120927,5.174,5.5843,5.174,5.5843,47,0
20121002,5.3524,5.3524,5.3524,5.3524,112,0
20121004,5.4773,5.4773,5.4773,5.4773,25,0
20121009,5.5843,5.5843,5.5843,5.5843,11,0
20121018,5.174,5.5219,5.174,5.5219,106,0
20121030,4.9956,5.5219,4.9956,5.4416,66,0
20121108,5.174,5.174,5.174,5.174,7,0
20121112,5.1829,5.1829,5.1829,5.1829,2,0
20121116,5.174,5.174,5.174,5.174,2,0
20121119,5.1651,5.1651,5.1651,5.1651,61,0
20121120,5.3435,5.3435,5.3435,5.3435,2,0
20121126,5.0848,5.0848,5.0848,5.0848,63,0
20121127,5.1651,5.1651,5.1651,5.1651,6,0
20121203,4.9956,4.9956,4.9956,4.9956,112,0
20121205,4.7279,4.9956,4.7279,4.9956,10,0
20121210,4.7279,4.9777,4.7279,4.9777,9,0
20121211,4.4871,4.9866,4.4782,4.9866,3448,0
20121212,4.9956,4.9956,4.9956,4.9956,6,0
20121213,4.7279,4.7279,4.7279,4.7279,54,0
20121214,4.9064,4.9064,4.9064,4.9064,6,0
20121218,4.7279,4.7279,4.7279,4.7279,87,0
20121219,4.7279,4.7279,4.7279,4.7279,83,0
20121220,4.4603,4.4603,4.4603,4.4603,55,0
20121228,4.6031,4.6298,4.6031,4.6298,154,0
20130102,4.5138,4.5138,4.5138,4.5138,24,0
20130104,4.8974,5.2632,4.8974,5.2632,1403,0
20130107,5.2632,5.2632,5.2632,5.2632,22,0
20130108,5.2632,5.2632,5.2632,5.2632,53,0
20130110,5.2632,5.7895,5.2632,5.7895,250,0
20130115,5.7003,5.7003,5.6646,5.6646,309,0
20130116,5.7003,5.7003,5.7003,5.7003,2,0
20130123,5.2632,5.2632,5.2632,5.2632,61,0
20130124,5.6824,6.1552,5.6824,6.1552,1230,0
20130125,6.1552,6.1552,6.1552,6.1552,48,0
20130128,6.1106,6.2444,6.1106,6.2444,170,0
20130129,5.8876,6.2444,5.8876,6.2444,203,0
20130201,6.2444,6.2444,6.2444,6.2444,6,0
20130205,5.8876,5.8876,5.8876,5.8876,202,0
20130211,6.2444,6.2444,6.2444,6.2444,2,0
20130215,6.1552,6.1552,6.1552,6.1552,112,0
20130219,6.2355,6.2355,6.2355,6.2355,6,0
20130220,6.2355,6.2355,6.2355,6.2355,2,0
20130221,6.2355,6.2355,6.2355,6.2355,1,0
20130228,6.2355,6.2355,6.2355,6.2355,2,0
20130301,6.2355,6.2355,5.7984,5.7984,194,0
20130305,5.5308,5.5308,5.5308,5.5308,96,0
20130306,5.513,5.513,5.3524,5.3524,27,0
20130307,5.3524,5.3524,5.3524,5.3524,325,0
20130311,5.3524,5.3524,5.3524,5.3524,224,0
20130313,4.9956,4.9956,4.9064,4.9064,957,0
20130314,5.0402,5.0402,4.9956,4.9956,276,0
20130318,4.9064,5.0848,4.9064,5.0848,423,0
20130319,4.7815,4.8171,4.7725,4.8171,1204,0
20130327,4.5674,4.5674,4.5674,4.5674,52,0
20130328,4.4603,4.4603,4.4603,4.4603,194,0
20130402,4.4603,4.4603,4.1035,4.1124,543,0
20130403,4.1124,4.3176,4.1124,4.3176,444,0
20130404,4.2373,4.3176,4.2373,4.3176,18,0
20130410,4.3176,4.3176,4.3176,4.3176,164,0
20130417,3.9251,3.9251,3.8359,3.8359,558,0
20130418,4.1035,4.1035,4.1035,4.1035,11,0
20130424,4.0946,4.0946,3.8359,4.0143,167,0
20130425,4.0143,4.0143,4.0143,4.0143,135,0
20130426,3.7467,3.7467,3.7467,3.7467,52,0
20130430,4.0143,4.0143,4.0143,4.0143,6,0
20130506,3.7467,4.1035,3.7467,4.1035,19,0
20130507,4.1749,4.2998,4.1749,4.2819,611,0
20130508,4.2998,4.2998,4.2998,4.2998,11,0
20130509,4.2998,4.2998,4.2998,4.2998,11,0
20130513,4.2998,4.2998,4.2998,4.2998,11,0
20130515,4.0143,4.0143,4.0143,4.0143,48,0
20130521,4.2908,4.2908,4.2908,4.2908,9,0
20130522,4.0143,4.0143,4.0143,4.0143,45,0
20130523,4.2908,4.2908,4.2908,4.2908,584,0
20130610,4.2551,4.273,3.9251,3.9251,358,0
20130612,4.1035,4.1035,4.1035,4.1035,112,0
20130613,4.0143,4.0143,4.0143,4.0143,28,0
20130618,4.0143,4.0143,4.0143,4.0143,56,0
20130619,4.2641,4.3711,4.2641,4.3711,327,0
20130620,4.1035,4.1035,4.0143,4.0143,673,0
20130621,4.0946,4.0946,4.0946,4.0946,168,0
20130626,3.8805,3.8805,3.8359,3.8359,1123,0
20130704,4.0143,4.0143,4.0143,4.0143,56,0
20130715,3.8359,3.8359,3.7913,3.7913,560,0
20130717,3.7556,3.7556,3.7556,3.7556,1,0
20130725,4.0054,4.0054,4.0054,4.0054,258,0
20130726,4.0054,4.0054,4.0054,4.0054,135,0
20130730,3.7556,3.7556,3.7556,3.7556,24,0
20130802,3.7556,3.7556,3.7556,3.7556,392,0
20130809,4.0054,4.0054,4.0054,4.0054,224,0
20130821,4.0054,4.0054,4.0054,4.0054,45,0
20130826,4.0054,4.0054,4.0054,4.0054,11,0
20130910,3.7467,3.7467,3.7467,3.7467,112,0
20130913,3.9251,4.3265,3.9251,4.3265,1253,0
20130916,5.3345,5.3345,5.2721,5.2721,4237,0
20130917,5.2632,5.2632,4.9956,4.9956,1325,0
20130918,5.174,5.174,4.7547,4.8974,1805,0
20130919,4.8885,4.8885,4.8885,4.8885,2,0
20130920,4.8707,4.8707,4.8707,4.8707,753,0
20130923,4.8528,4.8528,4.8528,4.8528,1374,0
20130924,4.8528,4.8528,4.5941,4.5941,3441,0
20130925,4.4871,4.5495,4.4603,4.4603,7609,0
20130926,4.5049,4.6833,4.4603,4.5495,3971,0
20130927,4.5495,4.5495,4.4603,4.4603,6593,0
20130930,4.6387,4.7993,4.6387,4.7101,11654,0
20131001,4.7993,5.0312,4.7993,4.9688,3291,0
20131002,4.9866,4.9866,4.7279,4.9688,1298,0
20131003,4.9688,4.9688,4.6833,4.9599,7973,0
20131004,4.9599,4.9599,4.7279,4.9064,2023,0
20131007,4.7904,4.7993,4.6655,4.7279,6860,0
20131008,4.6923,4.9331,4.6923,4.9331,1646,0
20131009,4.8439,5.1026,4.6923,4.9599,11423,0
20131010,4.9064,4.9064,4.7636,4.7993,7365,0
20131011,4.8171,4.9064,4.7904,4.8171,13720,0
20131014,4.9064,4.9064,4.8171,4.8171,1564,0
20131015,4.7725,4.9331,4.7725,4.8439,10019,0
20131016,4.9064,4.9331,4.8528,4.8885,5076,0
20131017,4.9599,5.0134,4.951,4.951,7230,0
20131018,4.9153,4.9153,4.8618,4.8618,628,0
20131021,4.9064,4.951,4.9064,4.9331,6475,0
20131022,4.9331,4.9688,4.9064,4.951,7306,0
20131023,4.9866,5.0402,4.9866,5.0402,7116,0
20131024,5.0848,5.3524,4.9777,5.174,20441,0
20131025,5.2632,5.2989,5.1294,5.281,10740,0
20131028,5.2989,5.2989,4.9331,5.0848,35088,0
20131029,5.2543,5.3524,5.1026,5.1026,34364,0
20131030,5.2186,5.2186,5.1651,5.174,5363,0
20131031,5.174,5.174,5.0848,5.0848,36811,0
20131104,5.1294,5.2186,5.0758,5.2186,11013,0
20131105,5.174,5.3345,5.1294,5.3167,8641,0
20131106,5.3167,5.4862,5.3167,5.4862,18628,0
20131107,5.5308,5.7003,5.4862,5.6824,36625,0
20131108,5.7092,5.7092,5.5308,5.62,15881,0
20131112,5.4,5.9,5.4,5.79,11456,0
20131113,5.65,5.65,5.1,5.5,6378,0
20131114,5.49,5.5,5.35,5.5,565,0
20131115,5.1,5.45,4.81,5.1,16355,0
20131118,5.2,5.3,4.95,5,939,0
20131119,4.97,5.3,4.97,5.2,2901,0
20131120,5.39,5.4,5.1,5.29,7678,0
20131121,4.95,5.1,4.93,5.07,5153,0
20131122,5.06,5.2,4.9,5.2,2552,0
20131125,5,5.29,5,5.25,3486,0
20131126,5.1,5.24,5,5.24,2620,0
20131127,5.03,5.24,5.03,5.24,2648,0
20131128,5.23,5.25,5.23,5.25,2010,0
20131129,5.15,5.15,5.02,5.03,802,0
20131202,5.14,5.14,5,5.05,1529,0
20131203,4.95,4.95,4.81,4.81,2608,0
20131204,5.04,5.04,5.03,5.03,20,0
20131205,5.03,5.03,4.7,4.7,6252,0
20131206,4.75,4.75,4.55,4.55,7401,0
20131209,4.55,4.6,4.55,4.6,201,0
20131210,4.6,4.6,4.51,4.51,600,0
20131211,4.51,4.52,4.28,4.5,7686,0
20131212,4.49,4.49,4.29,4.47,234,0
20131213,4.29,4.48,4.29,4.48,232,0
20131216,4.48,4.48,4.2,4.34,1698,0
20131217,4.2,4.25,3.9,3.98,4975,0
20131218,4,4.19,3.99,4.09,1213,0
20131219,4.18,4.18,3.99,3.99,460,0
20131220,4.01,4.18,3.98,3.98,6751,0
20131223,4,4.1,3.8,3.86,4346,0
20131227,4.1,4.1,4.1,4.1,1,0
20131230,3.88,4.01,3.88,4.01,2,0
20140102,3.91,4.15,3.91,4.15,1038,0
20140103,4.1,4.19,4,4.04,2220,0
20140107,3.91,4.14,3.91,4.14,2247,0
20140108,4.18,4.3,4.18,4.23,3184,0
20140109,4.3,4.38,4.26,4.32,2232,0
20140110,4.34,4.34,4.25,4.25,415,0
20140113,4.25,4.25,3.95,4.17,7121,0
20140115,4.05,4.18,3.97,3.97,1402,0
20140116,3.98,4.1,3.98,4.1,528,0
20140117,4,4.24,4,4.21,4012,0
20140120,4.33,4.33,4.25,4.33,1399,0
20140121,4.33,4.34,4.33,4.33,959,0
20140122,4.32,4.32,4.32,4.32,526,0
20140123,4.32,4.32,4.32,4.32,418,0
20140124,4.3,4.32,4,4.32,2455,0
20140127,4,4.02,3.94,3.96,2993,0
20140128,4.01,4.32,4.01,4.29,1130,0
20140129,4.3,4.3,4.3,4.3,351,0
20140130,4.33,4.33,4.29,4.33,2938,0
20140131,4.33,4.39,4.33,4.39,3742,0
20140203,4.34,4.5,4.34,4.5,2210,0
20140204,4.54,4.94,4.54,4.79,2372,0
20140205,4.71,4.71,4.58,4.68,1323,0
20140206,4.72,4.95,4.53,4.82,942,0
20140207,4.77,4.77,4.33,4.33,4601,0
20140210,4.59,4.59,4.4,4.56,865,0
20140211,4.52,4.52,4.39,4.39,357,0
20140212,4.35,4.59,4.35,4.59,20,0
20140213,4.53,4.53,4.4,4.5,532,0
20140214,4.3,4.48,4.3,4.45,1597,0
20140217,4.45,4.45,4.31,4.45,741,0
20140218,4.45,4.45,4.35,4.45,281,0
20140219,4.35,4.4,4.3,4.3,1144,0
20140220,4.3,4.3,4.07,4.17,817,0
20140221,4.1,4.2,4.09,4.09,5988,0
20140224,4.15,4.17,4.15,4.17,520,0
20140225,4.17,4.17,4.17,4.17,560,0
20140226,4.03,4.07,4.03,4.07,285,0
20140227,4.03,4.25,4.03,4.25,1333,0
20140228,4.25,4.3,4.15,4.15,2707,0
20140303,3.91,3.95,3.91,3.95,3143,0
20140304,3.91,4.11,3.91,4.11,2886,0
20140305,4,4,3.99,4,506,0
20140306,4.13,4.13,4.13,4.13,63,0
20140307,4,4.35,4,4.29,3896,0
20140310,4.29,4.29,4.1,4.1,61,0
20140311,4.1,4.1,4.08,4.08,150,0
20140312,4.01,4.09,4.01,4.09,291,0
20140313,4.08,4.08,4.08,4.08,5,0
20140314,4.08,4.08,3.92,3.92,647,0
20140317,3.91,4.09,3.91,4.09,145,0
20140318,4.09,4.09,4.09,4.09,245,0
20140319,4,4.2,3.99,3.99,1177,0
20140320,3.92,4.17,3.92,4.17,1177,0
20140321,4.17,4.17,3.97,4.17,11,0
20140324,4.01,4.12,4.01,4.01,1398,0
20140325,4.01,4.1,4.01,4.1,101,0
20140326,4.1,4.1,4.1,4.1,10,0
20140327,4.01,4.12,4,4,209,0
20140328,4.01,4.12,4,4,366,0
20140331,4.01,4.19,4,4.19,957,0
20140402,4.19,4.19,4.19,4.19,5,0
20140403,4.19,4.19,4,4,326,0
20140404,4.01,4.01,4,4,197,0
20140407,4.24,4.24,4.2,4.23,265,0
20140408,4.25,4.25,4.25,4.25,2,0
20140409,4.24,4.24,4.24,4.24,2,0
20140410,4.05,4.05,4,4.02,3185,0
20140411,4.01,4.05,4.01,4.01,518,0
20140414,4.01,4.01,4,4,760,0
20140415,4,4.1,4,4.1,345,0
20140416,4.01,4.01,4,4.01,329,0
20140417,4.01,4.11,4.01,4.11,1210,0
20140422,4.18,4.24,4.18,4.24,1308,0
20140423,4.11,4.19,4.1,4.19,478,0
20140424,4.22,4.22,4.21,4.22,1243,0
20140425,4.1,4.1,4.1,4.1,1000,0
20140428,4.1,4.1,4.01,4.01,535,0
20140430,3.97,4.01,3.97,4.01,514,0
20140502,4.01,4.01,4.01,4.01,10,0
20140505,4.01,4.1,4.01,4.1,680,0
20140506,4.1,4.1,4.01,4.01,355,0
20140507,4.01,4.01,3.99,3.99,265,0
20140509,4,4,4,4,221,0
20140512,4.01,4.11,4,4,2354,0
20140513,4,4.1,4,4.02,1365,0
20140514,4.03,4.03,4.01,4.01,856,0
20140516,4.03,4.15,4.03,4.15,694,0
20140519,4.21,4.21,4.21,4.21,5,0
20140520,4.1,4.1,4.02,4.02,2233,0
20140521,4.03,4.2,4.03,4.03,599,0
20140522,4.19,4.19,4.19,4.19,1783,0
20140523,4.18,4.18,4.18,4.18,400,0
20140526,4.02,4.02,3.93,3.93,8102,0
20140527,3.91,4,3.91,3.97,830,0
20140528,4.08,4.1,4.08,4.1,547,0
20140529,4.17,4.17,4,4.1,2771,0
20140530,4.01,4.15,4.01,4.15,600,0
20140602,4.17,4.17,4.1,4.1,271,0
20140603,4.16,4.18,4.16,4.18,1900,0
20140604,4.18,4.18,4.18,4.18,5,0
20140605,4.18,4.2,4.11,4.11,4986,0
20140606,4.18,4.19,4.11,4.19,2289,0
20140609,4.2,4.2,4.05,4.15,2432,0
20140610,4.2,4.21,4.2,4.21,2283,0
20140611,4.21,4.21,4.14,4.14,113,0
20140613,4.19,4.19,4.14,4.19,1009,0
