Date,Open,High,Low,Close,Volume,OpenInt
20080911,0.6898,0.6898,0.5691,0.5863,167650,0
20080912,0.5863,0.6036,0.526,0.5691,44769,0
20080915,0.5863,0.5863,0.5346,0.5691,27289,0
20080916,0.5604,0.5604,0.5346,0.5432,14743,0
20080917,0.5432,0.5432,0.526,0.5432,8422,0
20080918,0.526,0.526,0.4742,0.5174,83595,0
20080919,0.5174,0.6208,0.5174,0.6208,49030,0
20080922,0.6036,0.6036,0.5604,0.5691,8081,0
20080923,0.5604,0.6036,0.5604,0.5863,12405,0
20080924,0.5863,0.5863,0.5777,0.5777,1938,0
20080925,0.5777,0.5863,0.5604,0.5863,3383,0
20080926,0.5863,0.5863,0.5863,0.5863,2,0
20080929,0.5949,0.5949,0.5432,0.5518,6298,0
20080930,0.5518,0.5518,0.5432,0.5518,6893,0
20081001,0.5518,0.5691,0.5432,0.5432,7013,0
20081002,0.5432,0.5604,0.5174,0.5174,11250,0
20081003,0.5174,0.5174,0.4828,0.5174,40338,0
20081006,0.5174,0.5432,0.5174,0.5432,9540,0
20081007,0.5087,0.5346,0.5087,0.5346,10149,0
20081008,0.5346,0.5346,0.5087,0.5346,24471,0
20081009,0.5432,0.5432,0.526,0.5346,9278,0
20081010,0.4828,0.5087,0.4484,0.5087,64682,0
20081013,0.457,0.5087,0.4484,0.5087,26578,0
20081014,0.5174,0.5174,0.5001,0.5174,7655,0
20081016,0.4742,0.4742,0.4397,0.4484,15731,0
20081017,0.4742,0.4914,0.388,0.4914,80851,0
20081020,0.4311,0.4657,0.4053,0.4657,13684,0
20081021,0.4311,0.4311,0.4053,0.4311,27024,0
20081022,0.4224,0.4224,0.3535,0.388,88361,0
20081023,0.3794,0.4053,0.3449,0.4053,128159,0
20081024,0.3967,0.3967,0.388,0.388,2,0
20081027,0.4224,0.4914,0.4053,0.4828,25326,0
20081028,0.5001,0.5001,0.4914,0.4914,15632,0
20081029,0.5001,0.5174,0.5001,0.5087,17078,0
20081030,0.5174,0.5174,0.5087,0.5087,2,0
20081031,0.5087,0.5087,0.5087,0.5087,1741,0
20081103,0.5087,0.5087,0.5087,0.5087,117,0
20081104,0.5087,0.5087,0.5001,0.5001,117,0
20081105,0.5001,0.5001,0.4311,0.4742,4195,0
20081106,0.4742,0.4742,0.4657,0.4657,115,0
20081107,0.4742,0.4742,0.4742,0.4742,58,0
20081110,0.5432,0.5432,0.526,0.526,4732,0
20081112,0.5174,0.5174,0.5087,0.5087,59,0
20081113,0.526,0.526,0.457,0.457,1101,0
20081114,0.5001,0.5001,0.5001,0.5001,2841,0
20081117,0.457,0.4914,0.457,0.4914,638,0
20081118,0.5001,0.5001,0.457,0.4742,8252,0
20081119,0.5001,0.5001,0.4914,0.5001,12120,0
20081120,0.5001,0.5001,0.4914,0.4914,47,0
20081121,0.5001,0.5001,0.4914,0.4914,52,0
20081124,0.5001,0.5001,0.4657,0.4914,1740,0
20081125,0.4914,0.4914,0.4657,0.4828,9549,0
20081126,0.5174,0.5174,0.457,0.5001,1648,0
20081127,0.5001,0.5001,0.4828,0.4914,1183,0
20081128,0.4742,0.4742,0.4311,0.457,15507,0
20081201,0.4742,0.4742,0.4311,0.457,12200,0
20081202,0.457,0.457,0.4311,0.457,3503,0
20081203,0.457,0.457,0.457,0.457,5243,0
20081204,0.457,0.457,0.4484,0.4484,6995,0
20081205,0.457,0.4657,0.4484,0.4484,4158,0
20081208,0.4484,0.4742,0.4311,0.4742,4796,0
20081209,0.4742,0.4742,0.4484,0.4484,360,0
20081210,0.4742,0.4742,0.4484,0.4742,5821,0
20081211,0.4742,0.4742,0.4657,0.4657,23,0
20081212,0.4742,0.4742,0.4742,0.4742,23,0
20081216,0.4657,0.4657,0.4397,0.4397,2332,0
20081217,0.457,0.457,0.4397,0.4397,63,0
20081218,0.457,0.457,0.4311,0.4397,2290,0
20081219,0.457,0.457,0.388,0.414,29251,0
20081222,0.4397,0.4397,0.414,0.4311,2661,0
20081223,0.457,0.457,0.3707,0.4484,14086,0
20081229,0.4397,0.4397,0.4053,0.414,15077,0
20081230,0.4311,0.4311,0.3794,0.4224,29064,0
20081231,0.4484,0.4484,0.3794,0.3794,14978,0
20090105,0.3707,0.4224,0.3707,0.4224,2779,0
20090106,0.4224,0.4224,0.4224,0.4224,23,0
20090107,0.4224,0.4742,0.3794,0.4657,52828,0
20090108,0.457,0.457,0.388,0.4311,5822,0
20090109,0.4311,0.4311,0.3967,0.4311,20900,0
20090112,0.4311,0.4311,0.3794,0.3794,12781,0
20090113,0.4053,0.4224,0.388,0.4224,55844,0
20090114,0.4311,0.4311,0.388,0.4224,7272,0
20090115,0.388,0.414,0.388,0.414,11609,0
20090116,0.414,0.414,0.414,0.414,23,0
20090119,0.414,0.414,0.3622,0.414,11437,0
20090120,0.414,0.414,0.4053,0.4053,592,0
20090121,0.4053,0.4053,0.388,0.4053,3792,0
20090122,0.414,0.414,0.3449,0.3794,25538,0
20090123,0.3794,0.3794,0.3449,0.3794,11622,0
20090126,0.3794,0.3794,0.3363,0.3363,39444,0
20090127,0.3622,0.3707,0.3276,0.3707,9649,0
20090128,0.3622,0.3622,0.319,0.3622,18579,0
20090129,0.3622,0.3622,0.3276,0.3622,3503,0
20090130,0.3622,0.3622,0.3018,0.3449,29036,0
20090202,0.3622,0.3622,0.3018,0.3363,16841,0
20090203,0.3363,0.3363,0.3018,0.3018,24658,0
20090204,0.2931,0.3363,0.2931,0.3363,4352,0
20090205,0.3363,0.3363,0.3103,0.3363,11600,0
20090206,0.3363,0.3622,0.3363,0.3622,8092,0
20090209,0.3707,0.3707,0.3363,0.3707,7924,0
20090210,0.3535,0.3967,0.3535,0.3967,66357,0
20090211,0.3967,0.3967,0.388,0.388,23,0
20090212,0.388,0.388,0.388,0.388,8397,0
20090213,0.388,0.388,0.388,0.388,7558,0
20090216,0.388,0.388,0.388,0.388,23,0
20090217,0.388,0.388,0.388,0.388,23,0
20090218,0.388,0.388,0.3363,0.388,8135,0
20090219,0.388,0.388,0.388,0.388,23,0
20090220,0.388,0.388,0.388,0.388,23,0
20090223,0.388,0.388,0.388,0.388,23,0
20090224,0.388,0.3967,0.388,0.3967,13076,0
20090225,0.3967,0.3967,0.3967,0.3967,255,0
20090226,0.3967,0.3967,0.3967,0.3967,23,0
20090227,0.388,0.388,0.388,0.388,6727,0
20090302,0.3967,0.3967,0.3967,0.3967,23,0
20090303,0.3622,0.3967,0.3622,0.3967,1924,0
20090304,0.3967,0.3967,0.3967,0.3967,5161,0
20090305,0.3967,0.3967,0.3967,0.3967,23,0
20090306,0.3967,0.3967,0.3967,0.3967,8768,0
20090309,0.414,0.4397,0.414,0.4397,11083,0
20090310,0.4397,0.5949,0.4397,0.5604,14521,0
20090311,0.5863,0.5863,0.5174,0.5174,6981,0
20090312,0.5346,0.5346,0.4742,0.5174,6385,0
20090313,0.5174,0.5174,0.5174,0.5174,23,0
20090316,0.5174,0.5174,0.5174,0.5174,371,0
20090317,0.5174,0.5174,0.5174,0.5174,25679,0
20090318,0.5174,0.5174,0.5174,0.5174,2,0
20090319,0.5174,0.5174,0.5174,0.5174,2,0
20090320,0.5174,0.5174,0.4742,0.5174,2923,0
20090323,0.5174,0.5174,0.4311,0.4914,35002,0
20090324,0.4914,0.4914,0.4311,0.4828,19055,0
20090325,0.4914,0.4914,0.4914,0.4914,23,0
20090326,0.4914,0.4914,0.4828,0.4828,35,0
20090327,0.4914,0.4914,0.4914,0.4914,6935,0
20090330,0.4914,0.4914,0.4742,0.4742,3513,0
20090331,0.4914,0.4914,0.4742,0.4742,10195,0
20090401,0.4742,0.4914,0.4657,0.4914,43515,0
20090402,0.4914,0.5174,0.4828,0.5001,100150,0
20090403,0.5432,0.5432,0.5087,0.5174,33710,0
20090406,0.526,0.5604,0.5174,0.5604,51054,0
20090407,0.5604,0.5604,0.5174,0.5518,4435,0
20090408,0.5432,0.5432,0.5087,0.5087,11609,0
20090409,0.5174,0.5863,0.5174,0.5691,129791,0
20090414,0.5691,0.5691,0.5174,0.526,61473,0
20090415,0.5174,0.5174,0.5174,0.5174,19163,0
20090416,0.526,0.526,0.5174,0.5174,2134,0
20090417,0.5174,0.5174,0.5174,0.5174,17420,0
20090420,0.5174,0.5174,0.5174,0.5174,23,0
20090421,0.5174,0.5174,0.5174,0.5174,179,0
20090422,0.5174,0.5174,0.5174,0.5174,30154,0
20090424,0.4742,0.5174,0.4311,0.5174,6959,0
20090427,0.4828,0.4828,0.4742,0.4742,15890,0
20090429,0.4397,0.5174,0.4397,0.5174,25875,0
20090430,0.5174,0.5174,0.5174,0.5174,371,0
20090504,0.5174,0.5174,0.5087,0.5174,13941,0
20090505,0.5174,0.5174,0.4828,0.5174,12781,0
20090506,0.5174,0.5174,0.5174,0.5174,23,0
20090507,0.5174,0.5174,0.4828,0.5174,4662,0
20090508,0.5174,0.5174,0.4914,0.5174,5474,0
20090511,0.5174,0.526,0.5174,0.526,28955,0
20090512,0.526,0.5518,0.5174,0.5518,17281,0
20090513,0.5518,0.5518,0.5174,0.5518,1183,0
20090514,0.5518,0.5518,0.5518,0.5518,23,0
20090515,0.5518,0.5518,0.5432,0.5432,23,0
20090518,0.5518,0.707,0.5432,0.707,31841,0
20090519,0.776,0.776,0.6121,0.6121,14973,0
20090520,0.6121,0.6984,0.6121,0.6984,1751,0
20090521,0.7243,0.7243,0.7243,0.7243,255,0
20090522,0.7243,0.7243,0.7157,0.7157,23,0
20090525,0.6898,0.6898,0.6898,0.6898,23,0
20090526,0.6898,0.6898,0.6726,0.6726,23,0
20090527,0.6898,0.6898,0.6726,0.6726,371,0
20090528,0.6726,0.6898,0.6726,0.6898,2343,0
20090529,0.6898,0.6898,0.6726,0.6726,23,0
20090601,0.6726,0.6726,0.6726,0.6726,23,0
20090602,0.6726,0.7157,0.6726,0.7157,1925,0
20090603,0.7157,0.7243,0.6984,0.6984,13616,0
20090604,0.707,0.707,0.6984,0.6984,453,0
20090605,0.7157,0.7243,0.7157,0.7243,1763,0
20090608,0.7157,0.7157,0.7157,0.7157,11,0
20090609,0.707,0.707,0.707,0.707,23,0
20090610,0.6898,0.6898,0.6036,0.6811,132111,0
20090615,0.707,0.707,0.6036,0.6553,6118,0
20090616,0.707,0.707,0.6036,0.6726,10529,0
20090617,0.6811,0.6811,0.5949,0.6466,15084,0
20090618,0.6466,0.6466,0.5863,0.6121,9417,0
20090619,0.6466,0.6898,0.5863,0.6898,22048,0
20090622,0.6898,0.6898,0.5863,0.6811,13464,0
20090623,0.6726,0.6726,0.6294,0.6294,23,0
20090624,0.6726,0.6726,0.6036,0.6036,586,0
20090625,0.6036,0.6036,0.6036,0.6036,23,0
20090626,0.6036,0.6036,0.6036,0.6036,23,0
20090629,0.6036,0.6036,0.5863,0.5863,13788,0
20090630,0.5863,0.6036,0.5863,0.6036,5821,0
20090701,0.6036,0.6036,0.6036,0.6036,11,0
20090702,0.6036,0.6036,0.6036,0.6036,23,0
20090703,0.6036,0.6036,0.6036,0.6036,23,0
20090706,0.6036,0.6036,0.6036,0.6036,23,0
20090707,0.6036,0.6036,0.6036,0.6036,23,0
20090708,0.6036,0.6036,0.5863,0.5863,23,0
20090709,0.5863,0.5863,0.5863,0.5863,23,0
20090710,0.5863,0.5863,0.5863,0.5863,23,0
20090713,0.5949,0.6036,0.5432,0.6036,11273,0
20090714,0.6036,0.6036,0.5863,0.5863,47,0
20090715,0.6036,0.6036,0.5949,0.5949,1763,0
20090716,0.5949,0.5949,0.5949,0.5949,139,0
20090717,0.5949,0.5949,0.5949,0.5949,11,0
20090720,0.6036,0.6036,0.6036,0.6036,2923,0
20090721,0.5949,0.5949,0.5949,0.5949,2916,0
20090722,0.5949,0.5949,0.5949,0.5949,23,0
20090723,0.5949,0.5949,0.5949,0.5949,947,0
20090724,0.5863,0.5863,0.5691,0.5777,15762,0
20090727,0.5777,0.6036,0.5777,0.6036,69738,0
20090728,0.6121,0.6121,0.5174,0.6036,68321,0
20090729,0.6121,0.6121,0.6036,0.6036,23,0
20090730,0.6036,0.6036,0.6036,0.6036,313,0
20090731,0.6036,0.707,0.6036,0.6639,58720,0
20090803,0.6639,0.6639,0.6639,0.6639,580,0
20090804,0.6811,0.6811,0.6811,0.6811,580,0
20090805,0.6984,0.7587,0.6726,0.7157,9754,0
20090806,0.6898,0.6984,0.6811,0.6984,2780,0
20090807,0.6811,0.6811,0.6811,0.6811,5004,0
20090810,0.6898,0.6898,0.6898,0.6898,1,0
20090811,0.6898,0.6898,0.6811,0.6811,2322,0
20090812,0.6898,0.6898,0.6898,0.6898,2,0
20090813,0.6811,0.6811,0.6121,0.6811,3050,0
20090814,0.6898,0.6898,0.6898,0.6898,2,0
20090817,0.6898,0.6898,0.6208,0.6898,8306,0
20090818,0.6898,0.6898,0.6898,0.6898,23,0
20090819,0.6898,0.6898,0.6639,0.6898,10221,0
20090820,0.6898,0.6898,0.6726,0.6898,3805,0
20090821,0.6898,0.707,0.6811,0.707,20683,0
20090824,0.6898,0.707,0.6811,0.707,11633,0
20090825,0.707,0.733,0.707,0.733,4110,0
20090826,0.733,0.776,0.733,0.7502,79256,0
20090827,0.7502,0.7502,0.7502,0.7502,15901,0
20090828,0.7415,0.7587,0.7415,0.7587,25858,0
20090831,0.7587,0.7587,0.7415,0.7415,10623,0
20090901,0.7243,0.7502,0.7157,0.7502,12156,0
20090902,0.7415,0.7415,0.7157,0.7243,7637,0
20090903,0.7415,0.7415,0.7415,0.7415,23,0
20090904,0.7415,0.7502,0.733,0.7502,304287,0
20090907,0.7847,0.7847,0.776,0.776,15212,0
20090908,0.7847,0.7847,0.7674,0.7847,2343,0
20090909,0.7847,0.7847,0.7674,0.7674,10961,0
20090910,0.7415,0.7933,0.7415,0.7933,8188,0
20090911,0.802,0.8622,0.802,0.8622,20075,0
20090914,0.7933,0.8622,0.7847,0.8622,5161,0
20090915,0.8622,0.8622,0.7415,0.8537,6669,0
20090916,0.845,0.845,0.8191,0.8191,1173,0
20090917,0.7933,0.8537,0.7933,0.8537,4058,0
20090918,0.8622,0.8622,0.7933,0.8537,5860,0
20090921,0.8364,0.8622,0.8191,0.8191,4385,0
20090922,0.845,0.9484,0.845,0.9484,12880,0
20090923,0.9226,0.9226,0.8191,0.8881,4072,0
20090924,0.8881,0.9484,0.802,0.9398,10497,0
20090925,0.9398,0.9398,0.802,0.9312,9099,0
20090928,0.9054,0.9054,0.9054,0.9054,12,0
20090929,0.9054,0.9054,0.845,0.845,5801,0
20090930,0.8967,0.8967,0.845,0.8967,15479,0
20091001,0.8967,0.8967,0.8277,0.8364,12723,0
20091002,0.8708,0.8708,0.8537,0.8622,4132,0
20091005,0.8967,0.8967,0.8537,0.8537,1266,0
20091006,0.8622,0.8622,0.845,0.8622,4072,0
20091007,0.8622,0.8622,0.8622,0.8622,71,0
20091008,0.8622,0.8622,0.8537,0.8537,12,0
20091009,0.8537,0.8537,0.8277,0.8537,3170,0
20091012,0.8622,0.8622,0.8277,0.8277,10177,0
20091013,0.8622,0.8622,0.8277,0.8622,18621,0
20091014,0.8364,0.8537,0.8191,0.8537,24337,0
20091015,0.8622,0.8622,0.8537,0.8537,591,0
20091016,0.8622,0.8622,0.802,0.802,3480,0
20091019,0.8191,0.8191,0.8191,0.8191,78,0
20091020,0.8622,0.8622,0.8622,0.8622,12,0
20091021,0.8622,0.8622,0.8622,0.8622,12,0
20091022,0.8622,0.8622,0.8191,0.8537,766,0
20091023,0.8622,0.8622,0.8191,0.8622,13953,0
20091026,0.8622,0.8622,0.8537,0.8537,5694,0
20091027,0.8537,0.8537,0.8537,0.8537,12,0
20091028,0.8537,0.8537,0.7847,0.8191,3538,0
20091029,0.8537,0.8537,0.8537,0.8537,12,0
20091030,0.8537,0.8537,0.8104,0.8104,4652,0
20091102,0.8104,0.845,0.8104,0.845,5944,0
20091103,0.8537,0.8537,0.802,0.802,6409,0
20091104,0.8277,0.8277,0.7933,0.8277,28138,0
20091105,0.8104,0.8537,0.8104,0.8537,1172,0
20091106,0.845,0.845,0.7933,0.845,2333,0
20091109,0.8364,0.8364,0.802,0.8104,23135,0
20091110,0.845,0.845,0.8191,0.8277,1752,0
20091112,0.845,0.845,0.7847,0.8104,9291,0
20091113,0.7933,0.802,0.7933,0.802,3619,0
20091116,0.7933,0.7933,0.7847,0.7933,18569,0
20091117,0.7847,0.7933,0.776,0.7933,18478,0
20091118,0.802,0.8364,0.802,0.8364,2332,0
20091119,0.8364,0.8364,0.802,0.802,7190,0
20091120,0.8364,0.8537,0.8364,0.8537,4596,0
20091123,0.8537,0.8537,0.8537,0.8537,12,0
20091124,0.8537,0.8537,0.8537,0.8537,12,0
20091125,0.8537,0.8537,0.8537,0.8537,1173,0
20091126,0.8537,0.8537,0.8537,0.8537,12,0
20091127,0.8537,0.8537,0.8364,0.8537,5382,0
20091130,0.8537,0.8537,0.8537,0.8537,12,0
20091201,0.8537,0.8537,0.8191,0.8537,5811,0
20091202,0.8537,0.9398,0.845,0.9226,21366,0
20091203,0.8708,1.1037,0.8708,0.9571,14,0
20091204,0.9484,1.1037,0.8794,1.1037,3855,0
20091207,1.1037,1.1037,0.9829,1.095,3369,0
20091208,1.095,1.095,1.095,1.095,147,0
20091209,1.0864,1.0864,0.8881,0.8881,48,0
20091210,1.0864,1.0864,1.0864,1.0864,41,0
20091211,1.0864,1.0864,1.0346,1.0346,12,0
20091214,1.0864,1.0864,0.9484,1.0778,2250,0
20091215,0.9054,0.914,0.9054,0.914,4173,0
20091216,0.9312,0.9484,0.9312,0.9484,6970,0
20091217,1.0346,1.0346,0.9054,0.9054,13668,0
20091218,0.8622,0.8622,0.8622,0.8622,1857,0
20091221,0.8881,0.9226,0.8794,0.9226,4071,0
20091222,0.8364,0.9743,0.8364,0.8967,5233,0
20091223,0.9743,0.9743,0.9484,0.9484,12,0
20091228,0.9484,0.9484,0.9484,0.9484,1552,0
20091229,0.9484,0.9484,0.8794,0.9484,3598,0
20091230,0.9484,0.9484,0.9484,0.9484,23,0
20091231,0.9484,0.9743,0.9484,0.9743,1258,0
20100104,0.9484,0.9484,0.9484,0.9484,3635,0
20100105,0.914,1.0261,0.914,1.0261,59,0
20100106,1.0346,1.0346,1.0261,1.0261,2,0
20100107,1.0346,1.0346,0.9484,0.9484,2,0
20100108,1.0346,1.0346,1.0261,1.0261,12,0
20100111,1.0261,1.0778,0.9571,1.0433,15826,0
20100112,1.0433,1.0433,0.9484,0.9484,8712,0
20100113,0.9054,1.0346,0.9054,0.9829,15994,0
20100114,0.914,0.9829,0.9054,0.9829,21574,0
20100115,0.9657,0.9657,0.9398,0.9657,3493,0
20100118,0.9484,0.9484,0.9312,0.9484,8560,0
20100119,0.9398,0.9657,0.9398,0.9657,2332,0
20100120,0.9657,1.0174,0.9657,1.0001,7995,0
20100121,1.0174,1.0692,0.9916,1.0261,38571,0
20100122,1.0778,1.0778,0.9916,1.0778,20761,0
20100125,1.0864,1.0864,1.0692,1.0692,12573,0
20100126,1.0778,1.0864,0.9829,1.0864,5919,0
20100127,1.0692,1.1295,1.0692,1.1295,7718,0
20100128,1.1295,1.2761,1.1295,1.2244,3275,0
20100129,1.2071,1.2847,1.2071,1.2761,12830,0
20100201,1.2674,1.2674,1.1727,1.2674,2286,0
20100202,1.2761,1.2847,1.1813,1.2674,7591,0
20100203,1.2847,1.2847,1.2157,1.2847,2338,0
20100204,1.2847,1.2847,1.2244,1.2417,21763,0
20100205,1.2244,1.2761,1.1554,1.2761,15334,0
20100208,1.2847,1.3106,1.2588,1.302,23808,0
20100209,1.3364,1.509,1.3364,1.5003,27461,0
20100210,1.5175,1.6037,1.509,1.5779,38464,0
20100211,1.4917,1.6554,1.44,1.552,64499,0
20100212,1.5003,1.5003,1.4141,1.4572,7801,0
20100215,1.5693,1.5693,1.4485,1.4572,8592,0
20100216,1.5607,1.5607,1.4658,1.4658,8486,0
20100217,1.552,1.552,1.3796,1.5434,11774,0
20100218,1.509,1.509,1.2761,1.4917,10548,0
20100219,1.3537,1.4485,1.3537,1.4227,6750,0
20100222,1.4658,1.4658,1.3364,1.4658,32933,0
20100223,1.483,1.509,1.483,1.483,35972,0
20100224,1.5434,1.5434,1.4227,1.5347,495,0
20100225,1.5434,1.5434,1.4227,1.4227,252,0
20100226,1.552,1.552,1.5434,1.5434,4012,0
20100301,1.6382,1.6382,1.509,1.5434,31213,0
20100302,1.5434,1.5434,1.509,1.5434,6740,0
20100303,1.5347,1.5434,1.509,1.5434,9213,0
20100304,1.552,1.552,1.5434,1.552,8650,0
20100305,1.552,1.552,1.5434,1.552,43100,0
20100308,1.552,1.5693,1.483,1.552,7799,0
20100309,1.552,1.552,1.509,1.509,2331,0
20100310,1.509,1.509,1.509,1.509,2,0
20100311,1.509,1.509,1.483,1.509,3481,0
20100312,1.509,1.509,1.4227,1.509,10725,0
20100315,1.552,1.552,1.5347,1.552,7191,0
20100316,1.552,1.552,1.483,1.509,8844,0
20100317,1.509,1.5864,1.509,1.5779,27795,0
20100318,1.5864,1.5864,1.552,1.552,6460,0
20100319,1.552,1.5951,1.5347,1.5779,27015,0
20100322,1.5779,1.5779,1.552,1.552,1312,0
20100323,1.552,1.5951,1.5175,1.5951,83263,0
20100324,1.5951,1.5951,1.5175,1.5175,16522,0
20100325,1.552,1.552,1.509,1.509,9662,0
20100326,1.552,1.552,1.483,1.509,10451,0
20100329,1.5347,1.5434,1.509,1.5434,2639,0
20100330,1.5434,1.5434,1.4572,1.4658,19273,0
20100331,1.4658,1.483,1.3882,1.483,1266,0
20100401,1.483,1.483,1.4744,1.4744,4229,0
20100406,1.509,1.5434,1.509,1.5347,73378,0
20100407,1.5434,1.8107,1.5434,1.7244,45468,0
20100408,1.7503,2.0434,1.6986,1.8624,40225,0
20100409,1.9142,2.0262,1.9142,1.9831,18962,0
20100412,1.9573,1.9573,1.8538,1.8797,6520,0
20100413,1.9314,1.9831,1.871,1.94,25166,0
20100414,1.9744,1.9744,1.8021,1.9055,18632,0
20100415,1.9659,1.9659,1.8107,1.8193,9203,0
20100416,1.94,1.9487,1.8797,1.9142,12993,0
20100419,1.8969,1.8969,1.552,1.6814,182721,0
20100420,1.7244,1.8452,1.6814,1.828,59798,0
20100421,1.828,1.828,1.759,1.8107,1173,0
20100422,1.8107,1.8107,1.6382,1.7417,5756,0
20100423,1.6382,1.828,1.6382,1.828,3489,0
20100426,1.828,1.828,1.828,1.828,6962,0
20100427,1.828,1.828,1.8193,1.8193,12,0
20100428,1.8193,1.8193,1.8021,1.8021,159,0
20100429,1.8021,1.8021,1.8021,1.8021,3470,0
20100430,1.8021,1.8538,1.69,1.8538,8932,0
20100504,1.8538,1.8538,1.8021,1.8107,2540,0
20100505,1.7244,1.7675,1.6814,1.7675,9182,0
20100506,1.8107,1.8107,1.6814,1.7244,2517,0
20100507,1.6814,1.7244,1.6468,1.6986,4969,0
20100510,1.7503,1.8107,1.7503,1.8107,5989,0
20100511,1.8107,1.8193,1.7762,1.8193,10125,0
20100512,1.828,1.8538,1.7762,1.8538,9943,0
20100513,1.8624,1.9142,1.8538,1.9142,13000,0
20100514,1.9314,1.94,1.9227,1.9227,3610,0
20100517,1.94,1.94,1.8538,1.8969,3799,0
20100518,1.8969,1.94,1.8969,1.94,3405,0
20100519,1.8538,1.8883,1.7071,1.8883,20828,0
20100520,1.8969,1.9142,1.7244,1.7244,56707,0
20100521,1.7244,1.7935,1.6814,1.7935,14842,0
20100524,1.8538,1.8538,1.8538,1.8538,245,0
20100525,1.7675,1.8021,1.7244,1.8021,21932,0
20100526,1.8021,1.8107,1.7417,1.7675,5885,0
20100527,1.8452,1.94,1.8107,1.9314,34072,0
20100528,1.9314,1.9831,1.8021,1.9659,35019,0
20100531,1.9573,1.9573,1.9227,1.9227,465,0
20100601,1.94,1.9831,1.9055,1.9659,49684,0
20100602,1.9831,1.9831,1.9314,1.9831,2517,0
20100604,1.9831,2.1211,1.9573,2.1038,37970,0
20100607,2.0607,2.1125,2.0607,2.1125,16654,0
20100608,2.1125,2.1555,2.0694,2.0694,25945,0
20100609,2.1298,2.1298,2.0694,2.1038,4303,0
20100610,2.1298,2.1901,2.1298,2.1901,18500,0
20100611,2.1987,2.3624,2.1987,2.2935,60115,0
20100614,2.3107,2.4832,2.3107,2.4745,75220,0
20100615,2.5005,2.5435,2.3797,2.3797,92193,0
20100616,2.466,2.466,2.3453,2.4401,21043,0
20100617,2.397,2.4142,2.328,2.4142,17608,0
20100618,2.4142,2.5005,2.3711,2.5005,13814,0
20100621,2.5005,2.5435,2.4574,2.5435,25953,0
20100622,2.5435,2.7074,2.5435,2.6729,45666,0
20100623,2.7591,3.2592,2.7591,3.0005,111402,0
20100624,3.0178,3.1816,2.7677,2.9747,73265,0
20100625,3.0178,3.0178,2.5091,2.5608,53916,0
20100628,2.5867,2.8454,2.328,2.397,39670,0
20100629,2.4487,2.4487,2.2849,2.3022,19584,0
20100630,2.3612,2.3699,2.2906,2.3699,9489,0
20100701,2.4574,2.4574,2.2245,2.3711,10777,0
20100702,2.4401,2.4832,2.328,2.328,4130,0
20100705,2.3194,2.3194,1.871,2.1555,21782,0
20100706,2.3194,2.3194,2.1125,2.2418,8103,0
20100707,2.1987,2.2849,1.9831,2.2504,18420,0
20100708,2.2245,2.2245,1.9831,2.1555,84335,0
20100709,2.1298,2.1383,2.1298,2.1383,1483,0
20100712,2.1298,2.1383,2.0694,2.1383,9004,0
20100713,2.147,2.3711,2.1125,2.3367,35996,0
20100714,2.3624,2.4057,2.2849,2.397,12543,0
20100715,2.4057,2.5005,2.397,2.466,32335,0
20100716,2.5005,2.5005,2.328,2.4142,22177,0
20100719,2.4918,2.4918,2.4142,2.4832,9246,0
20100720,2.4142,2.7074,2.4142,2.5263,30302,0
20100721,2.6039,2.7074,2.5522,2.6298,31701,0
20100722,2.6729,2.6815,2.5435,2.6384,14341,0
20100723,2.6557,2.6729,2.6557,2.6557,4650,0
20100726,2.6298,2.6557,2.6212,2.6298,17065,0
20100727,2.6384,2.6384,2.4142,2.5005,19595,0
20100728,2.5091,2.5781,2.5005,2.5005,8349,0
20100729,2.5695,2.5867,2.5005,2.5867,22051,0
20100730,2.5781,2.5781,2.4142,2.4142,7352,0
20100802,2.4142,2.5867,2.2245,2.5781,32253,0
20100803,2.5781,2.5781,2.4228,2.5522,10710,0
20100804,2.535,2.535,2.4487,2.5178,12048,0
20100805,2.5005,2.5005,2.4832,2.4832,1046,0
20100806,2.4918,2.4918,2.4745,2.4832,4620,0
20100809,2.4918,2.5005,2.4832,2.5005,7527,0
20100810,2.4142,2.4142,2.328,2.4142,4280,0
20100811,2.466,2.4918,2.4142,2.4142,6153,0
20100812,2.3711,2.4401,2.3453,2.4142,940,0
20100813,2.4057,2.4142,2.1642,2.2504,4449,0
20100816,2.2073,2.3711,2.1555,2.3367,15345,0
20100817,2.3022,2.397,2.2849,2.328,10213,0
20100818,2.328,2.3797,2.1298,2.2418,50838,0
20100819,2.3711,2.3711,2.1901,2.2332,11868,0
20100820,2.2849,2.2849,2.2245,2.2677,6716,0
20100823,2.3022,2.3022,2.2073,2.2073,6346,0
20100824,2.216,2.2332,2.147,2.2245,19950,0
20100825,2.2418,2.2418,2.1383,2.1383,24579,0
20100826,2.2332,2.2332,2.1555,2.1555,3355,0
20100827,2.1298,2.1555,2.1298,2.1555,2436,0
20100830,2.2763,2.2763,2.1383,2.216,8574,0
20100831,2.1673,2.2378,2.1673,2.2378,4420,0
20100901,2.2418,2.3884,2.1987,2.3711,6741,0
20100902,2.2245,2.3711,2.2245,2.3194,1914,0
20100903,2.3107,2.3194,2.1987,2.3194,8847,0
20100906,2.3539,2.3539,2.2677,2.3194,2677,0
20100907,2.3194,2.3539,2.259,2.328,12753,0
20100908,2.3453,2.3453,2.2935,2.3367,1327,0
20100909,2.328,2.3367,2.3107,2.3367,5011,0
20100910,2.328,2.328,2.2332,2.328,21811,0
20100913,2.3367,2.3367,2.2418,2.2935,8186,0
20100914,2.2935,2.3022,2.2935,2.3022,98,0
20100915,2.3107,2.3107,2.2849,2.3107,3589,0
20100916,2.3022,2.3022,2.2332,2.2849,290,0
20100917,2.328,2.328,2.3194,2.3194,59,0
20100920,2.328,2.3711,2.2935,2.3711,44796,0
20100921,2.4487,2.5005,2.397,2.4745,11679,0
20100922,2.5178,2.5178,2.4401,2.4745,7276,0
20100923,2.4918,2.4918,2.4745,2.4745,1359,0
20100924,2.3539,2.466,2.3539,2.397,8732,0
20100927,2.4142,2.4745,2.4142,2.4142,4721,0
20100928,2.4142,2.4228,2.3453,2.4228,2563,0
20100929,2.4487,2.4487,2.3367,2.4314,658,0
20100930,2.4142,2.4142,2.2763,2.3884,10428,0
20101001,2.4142,2.4142,2.2849,2.328,3806,0
20101004,2.4142,2.4142,2.3453,2.4142,1186,0
20101005,2.3711,2.4142,2.3194,2.3194,3505,0
20101006,2.3884,2.3884,2.259,2.328,17366,0
20101007,2.328,2.3711,2.259,2.3624,22462,0
20101008,2.3624,2.3884,2.3624,2.3884,1316,0
20101011,2.3884,2.4057,2.3711,2.4057,25648,0
20101012,2.4057,2.4142,2.3884,2.4142,4319,0
20101013,2.4142,2.4142,2.4057,2.4057,1858,0
20101014,2.4057,2.4057,2.3797,2.3797,291,0
20101015,2.3797,2.3797,2.3194,2.3194,4221,0
20101018,2.3884,2.3884,2.3194,2.3194,309,0
20101019,2.3367,2.3367,2.2849,2.3107,8440,0
20101020,2.3107,2.3107,2.259,2.3107,584,0
20101021,2.259,2.3107,2.2418,2.3022,13239,0
20101022,2.3022,2.3022,2.2418,2.2418,4758,0
20101025,2.2935,2.2935,2.2849,2.2849,176,0
20101026,2.2849,2.2849,2.2245,2.2849,5095,0
20101027,2.2418,2.2935,2.2245,2.2935,7276,0
20101028,2.3107,2.3107,2.2849,2.3107,4432,0
20101029,2.2995,2.3612,2.2202,2.3259,14722,0
20101102,2.3539,2.3624,2.3194,2.3624,4493,0
20101103,2.3797,2.716,2.3797,2.6125,41476,0
20101104,2.5953,2.6902,2.5953,2.6212,41993,0
20101105,2.6298,2.6298,2.5867,2.6039,11517,0
20101108,2.5522,2.6902,2.5522,2.6902,22748,0
20101109,2.7074,2.7247,2.6729,2.6902,7237,0
20101110,2.6902,2.8368,2.6902,2.7764,23387,0
20101112,2.7074,3.0178,2.6729,3.0005,76098,0
20101115,3.0609,3.0782,2.8454,2.9315,20778,0
20101116,2.9315,2.9661,2.7247,2.785,50477,0
20101117,2.716,2.716,2.5005,2.6298,54265,0
20101118,2.6729,2.6729,2.5867,2.6729,10058,0
20101119,2.7504,2.7504,2.5867,2.6125,17376,0
20101122,2.6125,2.6125,2.4574,2.5005,35891,0
20101123,2.5005,2.5781,2.4401,2.5781,7296,0
20101124,2.5867,2.5867,2.535,2.5781,3956,0
20101125,2.5781,2.5781,2.5695,2.5695,2,0
20101126,2.5178,2.5608,2.5178,2.5608,4235,0
20101129,2.5867,2.5867,2.5005,2.5005,4062,0
20101130,2.5021,2.5374,2.4581,2.4581,2492,0
20101201,2.466,2.535,2.4574,2.5263,31019,0
20101202,2.5435,2.5522,2.5005,2.5005,7759,0
20101203,2.5867,2.5867,2.4918,2.5781,6787,0
20101206,2.535,2.5695,2.5005,2.5005,7077,0
20101207,2.5005,2.5005,2.4832,2.5005,2980,0
20101208,2.5781,2.5781,2.4574,2.535,53177,0
20101209,2.4401,2.5005,2.4314,2.4918,9465,0
20101210,2.5608,2.5608,2.5005,2.5005,3676,0
20101213,2.5781,2.5781,2.5005,2.5005,4656,0
20101214,2.5608,2.5608,2.5435,2.5608,5242,0
20101215,2.5695,2.6729,2.5695,2.6384,23949,0
20101216,2.6729,2.8971,2.6729,2.8281,50205,0
20101217,2.8454,2.8971,2.8281,2.8712,15056,0
20101220,2.8023,2.8195,2.5867,2.6815,5906,0
20101221,2.6815,2.8023,2.6815,2.785,1148,0
20101222,2.8108,2.8454,2.8023,2.8023,5926,0
20101223,2.8368,2.8454,2.8023,2.8023,10201,0
20101227,2.7764,2.8281,2.7591,2.7937,13437,0
20101228,2.7591,2.8281,2.7591,2.8195,5014,0
20101229,2.8457,2.8457,2.8193,2.8193,1175,0
20101230,2.8017,2.8017,2.8017,2.8017,1160,0
20101231,2.8017,2.8457,2.7752,2.8017,19286,0
20110103,2.923,2.923,2.8281,2.8454,1557,0
20110104,2.8454,2.8454,2.7764,2.8454,7828,0
20110105,2.7764,2.8454,2.7764,2.8368,23835,0
20110107,2.8454,2.8454,2.7591,2.8281,7514,0
20110110,2.7591,2.8108,2.5781,2.6987,29187,0
20110111,2.6987,2.8195,2.5867,2.7591,1516,0
20110112,2.7937,2.7937,2.7591,2.7591,10763,0
20110113,2.7591,2.7591,2.7591,2.7591,1,0
20110114,2.7074,2.8195,2.7074,2.8195,1590,0
20110117,2.7419,2.7419,2.7332,2.7332,3081,0
20110118,2.8023,2.8023,2.7591,2.8023,5971,0
20110119,2.785,2.8108,2.7591,2.7591,6379,0
20110120,2.716,2.7591,2.716,2.7591,3637,0
20110121,2.7937,2.7937,2.7937,2.7937,1694,0
20110124,2.785,2.785,2.7591,2.785,3292,0
20110125,2.7591,2.7764,2.7504,2.7591,4022,0
20110126,2.7591,2.8108,2.716,2.7764,3401,0
20110127,2.7764,2.7764,2.7591,2.7591,521,0
20110128,2.7591,2.7677,2.716,2.7677,11623,0
20110131,2.74,2.7577,2.74,2.7577,1444,0
20110201,2.7419,2.7677,2.6729,2.7591,17289,0
20110202,2.6729,2.7419,2.6729,2.7419,4915,0
20110203,2.7332,2.7591,2.6729,2.7332,9532,0
20110204,2.7591,2.7591,2.716,2.7591,2133,0
20110207,2.8108,2.8108,2.7247,2.7419,4805,0
20110208,2.7332,2.7332,2.7332,2.7332,1160,0
20110209,2.7419,2.7591,2.7419,2.7591,127,0
20110210,2.6987,2.7419,2.6902,2.7419,1369,0
20110211,2.7247,2.7419,2.6987,2.7419,2080,0
20110214,2.7764,2.8108,2.7677,2.8023,41363,0
20110215,2.8023,3.0092,2.8023,2.8798,66178,0
20110216,2.9143,2.9833,2.8885,2.9315,69481,0
20110217,2.9488,2.9488,2.8885,2.8885,14196,0
20110218,2.9315,2.9315,2.8541,2.9143,1925,0
20110221,2.923,2.923,2.7937,2.9143,47171,0
20110222,2.8454,2.8454,2.8454,2.8454,1532,0
20110223,2.8023,2.8712,2.7591,2.8712,18024,0
20110224,2.8454,2.8885,2.8195,2.8712,8418,0
20110225,2.8454,2.8454,2.7937,2.8454,8443,0
20110228,2.8369,2.8457,2.8369,2.8457,1783,0
20110301,2.8195,2.9315,2.8195,2.9315,10472,0
20110302,2.9315,3.0005,2.9315,2.9315,165503,0
20110303,2.9402,2.9402,2.9143,2.9143,16483,0
20110304,2.9315,2.9315,2.8971,2.8971,10181,0
20110307,2.9143,2.9143,2.8454,2.8454,17833,0
20110308,2.8798,2.8798,2.8798,2.8798,11,0
20110309,2.8368,2.8368,2.8023,2.8281,5103,0
20110310,2.8281,2.8541,2.7419,2.7504,32939,0
20110311,2.7504,2.8023,2.7332,2.8023,20246,0
20110314,2.6987,2.8368,2.6987,2.8108,6567,0
20110315,2.8108,2.8108,2.7247,2.8023,5926,0
20110316,2.8023,2.8023,2.8023,2.8023,174,0
20110317,2.7664,2.8017,2.7664,2.8017,2900,0
20110318,2.8195,2.8195,2.8195,2.8195,11,0
20110322,2.8195,2.8195,2.7591,2.7677,3459,0
20110323,2.7764,2.8108,2.7764,2.8108,4419,0
20110324,2.7764,2.7764,2.6987,2.7591,5652,0
20110325,2.7591,2.8023,2.7591,2.8023,3722,0
20110328,2.8108,2.8108,2.7247,2.7247,18381,0
20110329,2.7591,2.8712,2.7591,2.8712,58554,0
20110330,2.8454,2.9143,2.7504,2.8023,191338,0
20110331,2.8545,2.881,2.8017,2.8457,50790,0
20110401,2.8712,2.9315,2.8023,2.8885,26269,0
20110404,2.923,3.0092,2.8712,3.0092,150500,0
20110405,3.022,3.022,2.9338,2.9778,21571,0
20110406,2.9575,2.9919,2.9058,2.9315,28809,0
20110407,2.9691,2.9691,2.8898,2.9074,13265,0
20110408,2.9575,2.9575,2.9488,2.9575,10671,0
20110411,2.9747,2.9747,2.9315,2.9488,5552,0
20110412,2.9514,2.9691,2.7664,2.8457,14722,0
20110413,2.8885,2.8885,2.8454,2.8712,15077,0
20110414,2.8712,2.8712,2.7419,2.7591,25991,0
20110415,2.8541,2.8712,2.8023,2.8541,143804,0
20110418,2.8541,2.8971,2.8108,2.8108,7706,0
20110419,2.8023,2.8541,2.7764,2.8368,20612,0
20110420,2.8023,2.8541,2.8023,2.8541,23596,0
20110421,2.7841,2.8545,2.7841,2.8545,36124,0
20110426,2.8105,2.8457,2.7752,2.8457,72502,0
20110427,2.7937,2.8454,2.7591,2.8454,139712,0
20110428,2.8545,2.8898,2.8545,2.8898,13194,0
20110429,2.881,2.8898,2.8105,2.881,3391,0
20110502,2.9162,2.9603,2.8017,2.9603,24694,0
20110504,2.9603,2.9603,2.8898,2.8898,15666,0
20110505,2.9427,2.9427,2.8898,2.8898,845,0
20110506,2.8898,2.8898,2.8281,2.8281,16701,0
20110509,2.8545,2.8986,2.8545,2.8634,3825,0
20110510,2.8545,2.8545,2.8193,2.8193,1052,0
20110511,2.8193,2.8193,2.7224,2.7752,7503,0
20110512,2.8193,2.8193,2.7752,2.7752,1044,0
20110513,2.8281,2.8369,2.7928,2.8369,13536,0
20110516,2.8017,2.8457,2.7928,2.8369,10029,0
20110517,2.8193,2.8193,2.7752,2.7752,8211,0
20110518,2.6607,2.8193,2.6607,2.7752,9638,0
20110519,2.8017,2.8193,2.7664,2.8105,23848,0
20110520,2.7488,2.7488,2.7488,2.7488,7888,0
20110523,2.7488,2.7488,2.4845,2.5462,13021,0
20110524,2.6342,2.7312,2.6167,2.7312,7759,0
20110525,2.8193,2.8193,2.7135,2.7135,7220,0
20110526,2.7224,2.7312,2.6431,2.7312,24374,0
20110527,2.6695,2.6695,2.6255,2.6431,9692,0
20110530,2.6431,2.6431,2.5198,2.6342,8056,0
20110531,2.6078,2.6342,2.5991,2.6167,8156,0
20110601,2.5991,2.6431,2.5991,2.6342,11749,0
20110602,2.6431,2.7312,2.6255,2.6255,11849,0
20110603,2.7048,2.7048,2.6431,2.696,408,0
20110606,2.7048,2.7048,2.7048,2.7048,26,0
20110607,2.7048,2.7048,2.7048,2.7048,1135,0
20110608,2.7224,2.7224,2.7224,2.7224,34,0
20110609,2.6431,2.7048,2.6431,2.696,1658,0
20110610,2.6519,2.6871,2.555,2.6342,4707,0
20110613,2.6342,2.6342,2.5726,2.6342,2455,0
20110614,2.6431,2.6431,2.6342,2.6342,1718,0
20110615,2.6342,2.6342,2.6342,2.6342,11350,0
20110616,2.6342,2.6342,2.4669,2.5814,1293,0
20110617,2.4581,2.555,2.4492,2.5198,8830,0
20110620,2.5902,2.5902,2.3699,2.3699,8992,0
20110621,2.3523,2.4669,2.3523,2.3964,7163,0
20110622,2.3964,2.4669,2.3964,2.4228,5891,0
20110624,2.4052,2.5109,2.3435,2.4669,4791,0
20110627,2.3435,2.4405,2.2731,2.2906,16146,0
20110628,2.2906,2.2906,2.2642,2.2906,5040,0
20110629,2.2906,2.4581,2.2906,2.3788,4654,0
20110630,2.3788,2.3788,2.3699,2.3788,1135,0
20110701,2.4405,2.4405,2.4405,2.4405,199,0
20110704,2.4405,2.4581,2.4405,2.4581,4585,0
20110705,2.5285,2.5285,2.5021,2.5021,173,0
20110706,2.3788,2.5109,2.3788,2.4141,4573,0
20110707,2.4669,2.4669,2.2906,2.4228,3445,0
20110711,2.4228,2.4581,2.3788,2.4581,1740,0
20110712,2.3788,2.3788,2.2202,2.3699,8795,0
20110713,2.3699,2.4581,2.3699,2.4581,1901,0
20110714,2.4581,2.4581,2.3788,2.3876,403,0
20110715,2.4492,2.4492,2.3259,2.4316,251,0
20110718,2.3435,2.3435,2.2378,2.2378,2384,0
20110719,2.1849,2.3171,2.1673,2.1673,14274,0
20110720,2.1673,2.1673,2.0087,2.1056,24751,0
20110721,1.9912,2.1409,1.8854,2.1409,50819,0
20110722,2.1849,2.2731,2.1585,2.2731,7677,0
20110725,2.1673,2.2378,2.1585,2.2026,14207,0
20110726,2.1585,2.1585,2.1409,2.1585,5388,0
20110727,2.1409,2.2378,2.1321,2.2378,2939,0
20110728,2.0792,2.1938,2.0792,2.1938,5684,0
20110729,2.1145,2.1585,2.0969,2.1585,195,0
20110801,2.1762,2.2026,2.0792,2.1938,8632,0
20110802,2.088,2.1321,1.9823,2.1056,2587,0
20110803,1.947,2.044,1.9295,1.947,11497,0
20110804,1.9823,1.9823,1.762,1.8413,17233,0
20110805,1.762,1.9647,1.4537,1.9647,44298,0
20110808,1.7444,1.9999,1.7444,1.9206,30923,0
20110809,1.674,1.718,1.5859,1.6476,72953,0
20110810,1.8413,1.9383,1.762,1.7973,15945,0
20110811,1.7797,1.7973,1.7444,1.7885,17045,0
20110812,1.7973,1.8942,1.7885,1.859,31422,0
20110816,1.9295,1.9295,1.7885,1.9295,73934,0
20110817,1.9383,2.044,1.9383,1.9383,12901,0
20110818,1.9383,1.9383,1.762,1.8502,13855,0
20110819,1.7533,1.8237,1.6651,1.6651,3667,0
20110822,1.9383,1.9383,1.762,1.8502,945,0
20110823,1.9206,1.9295,1.7533,1.8326,16159,0
20110824,1.762,1.8502,1.762,1.8061,3935,0
20110825,1.8502,1.9119,1.6827,1.762,30624,0
20110826,1.6299,1.762,1.6299,1.762,3417,0
20110829,1.762,1.762,1.674,1.7533,7170,0
20110830,1.7444,1.7444,1.6651,1.7268,9900,0
20110831,1.7092,1.7092,1.6387,1.674,291949,0
20110901,1.674,1.674,1.5947,1.6299,15411,0
20110902,1.6651,1.6651,1.6034,1.6651,7175,0
20110905,1.5947,1.6299,1.5418,1.6211,14383,0
20110906,1.5859,1.674,1.5241,1.5947,21654,0
20110907,1.5947,1.674,1.5947,1.6563,5945,0
20110908,1.6387,1.6387,1.5066,1.5859,22409,0
20110909,1.5683,1.5683,1.4449,1.533,3848,0
20110912,1.4625,1.6299,1.3832,1.6299,27863,0
20110913,1.6299,1.6299,1.4977,1.5859,3316,0
20110914,1.6299,1.6299,1.4977,1.577,18504,0
20110915,1.5683,1.6123,1.5683,1.6123,6470,0
20110916,1.6211,1.6299,1.5241,1.5859,5566,0
20110919,1.5506,1.5859,1.5418,1.5859,1906,0
20110920,1.577,1.5859,1.5241,1.5683,4388,0
20110921,1.577,1.5859,1.577,1.5859,16548,0
20110922,1.4537,1.5859,1.4537,1.577,11609,0
20110923,1.5683,1.5859,1.489,1.5418,22749,0
20110926,1.489,1.5859,1.4097,1.4977,19981,0
20110927,1.5859,1.5859,1.5859,1.5859,2783,0
20110928,1.5859,1.5859,1.4977,1.5506,2904,0
20110929,1.4977,1.533,1.489,1.533,1995,0
20110930,1.489,1.533,1.4537,1.533,2724,0
20111003,1.5154,1.5418,1.4977,1.5418,6045,0
20111004,1.4097,1.5506,1.2687,1.5506,60294,0
20111005,1.5418,1.5418,1.5418,1.5418,227,0
20111006,1.5418,1.5506,1.4801,1.5418,28695,0
20111011,1.5241,1.533,1.5241,1.533,2139,0
20111012,1.5241,1.5241,1.5066,1.5241,3164,0
20111013,1.5241,1.5241,1.4801,1.5154,5045,0
20111014,1.5154,1.5241,1.5066,1.5066,6849,0
20111017,1.4977,1.5154,1.4977,1.5154,4682,0
20111018,1.5066,1.5154,1.4713,1.5154,7743,0
20111019,1.4977,1.4977,1.4977,1.4977,1135,0
20111020,1.5154,1.5154,1.5154,1.5154,1362,0
20111021,1.4977,1.5418,1.4977,1.5418,15040,0
20111024,1.5066,1.577,1.5066,1.577,19880,0
20111025,1.5859,1.7444,1.5859,1.674,66353,0
20111026,1.7004,1.7004,1.5683,1.577,11596,0
20111027,1.674,1.6916,1.674,1.674,12787,0
20111028,1.6563,1.6827,1.6034,1.674,13043,0
20111031,1.6563,1.6563,1.5418,1.6299,15449,0
20111102,1.5859,1.6211,1.5418,1.6211,7480,0
20111103,1.5947,1.6476,1.5859,1.6476,569,0
20111104,1.6476,1.6476,1.6299,1.6387,8864,0
20111107,1.7092,1.7092,1.6299,1.6916,975,0
20111108,1.718,1.7356,1.7092,1.7092,1861,0
20111109,1.7092,1.7092,1.674,1.6916,3633,0
20111110,1.6476,1.6651,1.6476,1.6651,1831,0
20111114,1.6916,1.6916,1.6563,1.6827,362,0
20111115,1.6827,1.6827,1.6299,1.6827,7106,0
20111116,1.674,1.674,1.674,1.674,1135,0
20111117,1.674,1.674,1.674,1.674,2440,0
20111118,1.6476,1.7004,1.6476,1.7004,8423,0
20111121,1.6476,1.674,1.6299,1.6563,16779,0
20111122,1.7004,1.7004,1.6563,1.6827,5863,0
20111123,1.6827,1.6827,1.6299,1.674,1987,0
20111124,1.6034,1.6387,1.5418,1.6387,9080,0
20111125,1.6387,1.6651,1.577,1.6651,589,0
20111128,1.6651,1.674,1.6563,1.674,5848,0
20111129,1.6827,1.6827,1.6299,1.674,3934,0
20111130,1.5859,1.6724,1.5666,1.6724,5910,0
20111201,1.6476,1.6651,1.5859,1.6563,38792,0
20111202,1.6563,1.674,1.6563,1.674,3943,0
20111205,1.674,1.674,1.5859,1.6651,11141,0
20111206,1.5947,1.6387,1.5859,1.6387,10885,0
20111207,1.6476,1.6563,1.6476,1.6563,113,0
20111208,1.5947,1.6476,1.5947,1.6476,2272,0
20111209,1.6476,1.674,1.6476,1.674,15216,0
20111212,1.5859,1.6651,1.5859,1.6563,2615,0
20111213,1.674,1.674,1.674,1.674,4786,0
20111214,1.6563,1.674,1.6563,1.6651,11276,0
20111215,1.6651,1.7092,1.6123,1.6123,39365,0
20111216,1.6651,1.6651,1.6299,1.6563,9536,0
20111219,1.6916,1.6916,1.6476,1.6563,4908,0
20111220,1.6563,1.6651,1.6387,1.6387,1286,0
20111221,1.6827,1.6827,1.6827,1.6827,1,0
20111222,1.6651,1.718,1.6651,1.718,11140,0
20111223,1.718,1.9823,1.718,1.9206,30738,0
20111227,1.9206,1.9206,1.7356,1.762,6271,0
20111228,1.762,1.8502,1.762,1.8413,1385,0
20111229,1.7356,1.8326,1.7356,1.8326,908,0
20111230,1.8357,1.8357,1.7492,1.7589,7775,0
20120102,1.7356,1.9295,1.7356,1.762,7991,0
20120103,1.7533,1.762,1.7533,1.762,9591,0
20120104,1.762,1.762,1.762,1.762,3986,0
20120105,1.762,1.762,1.762,1.762,738,0
20120109,1.7444,1.7444,1.718,1.718,4409,0
20120110,1.7533,1.7533,1.718,1.7533,1329,0
20120111,1.718,1.7533,1.718,1.7533,1387,0
20120112,1.7533,1.7533,1.7533,1.7533,227,0
20120113,1.718,1.7444,1.7092,1.7444,6147,0
20120116,1.7444,1.7444,1.718,1.718,3145,0
20120117,1.7356,1.7444,1.718,1.718,11609,0
20120118,1.718,1.718,1.718,1.718,340,0
20120119,1.718,1.718,1.718,1.718,647,0
20120120,1.718,1.718,1.7092,1.7092,3762,0
20120123,1.6827,1.7092,1.6827,1.7092,3021,0
20120124,1.7092,1.7092,1.7004,1.7004,18161,0
20120125,1.6916,1.7004,1.6916,1.7004,4142,0
20120126,1.7004,1.7092,1.7004,1.7092,8799,0
20120127,1.7092,1.7268,1.7092,1.7268,2763,0
20120130,1.7268,1.7268,1.7268,1.7268,2270,0
20120131,1.73,1.7589,1.73,1.7589,39918,0
20120201,1.762,1.8502,1.762,1.8413,7352,0
20120202,1.8766,1.8766,1.7885,1.8502,4564,0
20120203,1.8502,1.8942,1.8502,1.8766,9723,0
20120206,1.8061,1.8854,1.8061,1.8854,43264,0
20120207,1.859,1.859,1.8237,1.8237,5240,0
20120208,1.8326,1.8766,1.8326,1.8326,3611,0
20120209,1.8678,1.9119,1.8502,1.8854,30424,0
20120210,1.9119,1.9119,1.8502,1.8942,5039,0
20120213,1.8854,1.8854,1.8237,1.8237,5087,0
20120214,1.8413,2.1938,1.8413,2.0616,35359,0
20120215,2.0263,2.1585,2.0263,2.0705,28889,0
20120216,2.088,2.088,2.044,2.088,14063,0
20120217,2.088,2.1849,2.0792,2.1145,26715,0
20120220,2.1762,2.2906,2.1233,2.2202,91435,0
20120221,2.2202,2.3083,2.2026,2.2906,14376,0
20120222,2.2202,2.2906,2.2026,2.2906,3283,0
20120223,2.2466,2.2819,2.1938,2.2466,5232,0
20120224,2.1938,2.2995,2.1938,2.2819,16458,0
20120227,2.2114,2.2819,2.0705,2.1321,46049,0
20120228,2.229,2.229,2.1145,2.2026,7969,0
20120229,2.2586,2.3548,2.2106,2.3548,11529,0
20120301,2.3788,2.3788,2.2466,2.2555,10615,0
20120302,2.2466,2.3348,2.2466,2.2466,13122,0
20120305,2.3348,2.3348,2.1233,2.1497,23351,0
20120306,2.1409,2.2819,2.1409,2.2819,7028,0
20120307,2.2555,2.2555,2.1585,2.2466,5239,0
20120308,2.229,2.2906,2.2026,2.2906,11740,0
20120309,2.229,2.2906,2.2202,2.2555,9391,0
20120312,2.2026,2.2466,2.1762,2.1762,4427,0
20120313,2.1849,2.2906,2.1762,2.2906,11369,0
20120314,2.2642,2.2642,2.2202,2.2642,5469,0
20120315,2.2731,2.2731,2.229,2.2731,14508,0
20120316,2.2906,2.4228,2.2555,2.3435,18442,0
20120319,2.3435,2.3435,2.1145,2.2378,50337,0
20120320,2.2378,2.2378,2.1585,2.229,1300,0
20120321,2.2114,2.2202,2.2114,2.2202,1474,0
20120322,2.1673,2.2026,2.1673,2.1673,20867,0
20120323,2.1673,2.1849,2.1585,2.1585,14453,0
20120326,2.1585,2.1938,2.1585,2.1938,3847,0
20120327,2.3171,2.3171,2.1938,2.2026,3672,0
20120328,2.2202,2.2906,2.2026,2.2026,5448,0
20120329,2.2202,2.2202,2.0176,2.088,17958,0
20120330,2.249,2.2875,2.2106,2.2106,6949,0
20120402,2.2026,2.2466,2.2026,2.2026,4225,0
20120403,2.2466,2.2466,2.2466,2.2466,23,0
20120404,2.2114,2.2114,2.0792,2.1938,14713,0
20120405,2.1938,2.1938,2.1145,2.1145,5778,0
20120410,2.1145,2.2114,2.1145,2.1938,11015,0
20120411,2.088,2.1585,2.088,2.1585,6265,0
20120412,2.229,2.229,2.1585,2.1938,3292,0
20120413,2.1938,2.1938,2.1145,2.1233,14384,0
20120416,2.1145,2.1145,1.9647,2.044,19994,0
20120417,2.0792,2.1409,2.0705,2.1145,1723,0
20120418,2.0616,2.1497,2.0616,2.1497,2270,0
20120419,2.1145,2.1849,2.1145,2.1849,11846,0
20120420,2.1849,2.1849,2.0616,2.1762,3139,0
20120423,2.1762,2.1762,2.0352,2.1497,13714,0
20120424,2.0352,2.1409,2.0352,2.1145,5408,0
20120425,2.1497,2.1938,2.1497,2.1762,15573,0
20120426,2.2026,2.2906,2.2026,2.2819,29604,0
20120427,2.1056,2.2731,2.1056,2.2731,13146,0
20120430,2.1721,2.3067,2.1721,2.3067,13483,0
20120502,2.2026,2.2906,2.1849,2.2906,5449,0
20120504,2.1056,2.2819,2.0616,2.2555,2963,0
20120507,2.2114,2.2378,2.1145,2.2202,8375,0
20120508,2.1233,2.1585,2.1233,2.1233,2500,0
20120509,2.1721,2.1721,2.076,2.1721,4554,0
20120510,2.1721,2.1721,2.076,2.1721,711,0
20120511,2.1585,2.1585,2.1145,2.1585,1674,0
20120514,2.0792,2.1409,2.044,2.0969,4162,0
20120515,2.0705,2.0969,1.9647,2.0969,3586,0
20120516,2.0705,2.1145,1.9559,2.1145,13415,0
20120517,1.9999,2.1585,1.9823,2.1585,13422,0
20120518,2.1585,2.1585,2.0263,2.1497,871,0
20120521,2.1497,2.1585,2.1497,2.1585,1022,0
20120522,2.1585,2.1585,2.1585,2.1585,3264,0
20120523,2.1585,2.1585,2.0792,2.1585,1385,0
20120524,2.0705,2.1585,2.0705,2.1585,117,0
20120525,2.1529,2.1529,2.1529,2.1529,999,0
20120528,2.1585,2.1585,2.1585,2.1585,1958,0
20120529,2.088,2.1585,2.088,2.1585,489,0
20120530,2.1585,2.1585,2.044,2.1056,30247,0
20120531,1.9511,2.1529,1.9511,2.1529,11104,0
20120601,1.9607,2.1337,1.9607,2.1337,4787,0
20120604,1.9912,2.1056,1.9823,2.1056,11140,0
20120605,2.0856,2.0856,1.9799,2.028,13045,0
20120606,1.9895,2.0087,1.9607,2.0087,22656,0
20120608,2.0664,2.1241,2.0664,2.1241,3529,0
20120611,2.1241,2.1241,2.1049,2.1049,24356,0
20120612,2.1049,2.1241,2.0376,2.1145,15918,0
20120613,2.2106,2.2106,2.1145,2.1241,9754,0
20120614,2.2106,2.2298,2.2106,2.2106,7108,0
20120615,2.1145,2.1145,2.0664,2.0664,18208,0
20120618,2.0952,2.2106,2.0952,2.2106,2088,0
20120619,2.201,2.201,2.201,2.201,337,0
20120620,2.201,2.201,2.201,2.201,21,0
20120626,2.0952,2.0952,2.0952,2.0952,972,0
20120629,2.201,2.201,2.0087,2.0664,7957,0
20120702,2.0664,2.076,2.0664,2.076,3592,0
20120704,2.1145,2.1145,2.1145,2.1145,1040,0
20120705,2.1049,2.1145,2.1049,2.1145,2455,0
20120710,2.0568,2.0568,2.0568,2.0568,10,0
20120711,2.1145,2.1145,2.1145,2.1145,6174,0
20120712,1.9799,1.9799,1.9799,1.9799,1087,0
20120713,2.0376,2.1433,2.0376,2.1433,1797,0
20120716,2.1433,2.1433,2.1433,2.1433,5067,0
20120717,2.0664,2.0664,2.0664,2.0664,1955,0
20120718,2.0952,2.0952,2.0952,2.0952,5,0
20120720,2.0472,2.0664,2.0472,2.0664,4230,0
20120723,2.0664,2.0664,2.0184,2.0184,1592,0
20120724,2.1049,2.1049,2.1049,2.1049,12,0
20120725,2.0184,2.1049,2.0184,2.0664,10413,0
20120726,2.0664,2.0664,2.0087,2.0568,4254,0
20120727,2.0952,2.0952,2.0952,2.0952,5410,0
20120731,2.0664,2.0664,2.0184,2.0184,4068,0
20120801,1.9703,1.9703,1.9703,1.9703,1053,0
20120802,1.9703,2.0952,1.9703,2.0952,1379,0
20120806,2.0952,2.1049,2.0856,2.1049,5212,0
20120807,2.0664,2.1049,2.0664,2.1049,2009,0
20120808,2.0664,2.1241,2.0664,2.1241,569,0
20120809,2.076,2.076,2.076,2.076,1040,0
20120810,2.1145,2.1145,1.9799,2.0568,10339,0
20120814,2.0087,2.0087,1.9222,1.9607,9249,0
20120816,1.9222,1.9319,1.9222,1.9319,3104,0
20120817,1.9607,1.9607,1.9607,1.9607,855,0
20120820,1.9607,2.0856,1.9607,2.0856,1040,0
20120821,2.0376,2.0376,1.9895,1.9895,7312,0
20120822,1.7973,2.0184,1.7973,2.0184,31108,0
20120823,1.9703,1.9703,1.9222,1.9222,7398,0
20120824,1.8742,1.9319,1.8454,1.9319,18294,0
20120827,1.9607,1.9607,1.9607,1.9607,520,0
20120828,1.9222,1.9799,1.9222,1.9415,21555,0
20120830,1.903,1.9415,1.855,1.9415,2134,0
20120831,1.9222,2.0952,1.9222,2.0952,7676,0
20120903,2.0087,2.0087,1.903,1.9703,37173,0
20120904,1.9415,1.9415,1.9415,1.9415,3870,0
20120905,2.0952,2.0952,2.0952,2.0952,10,0
20120906,2.0472,2.0472,1.9222,2.0087,1155,0
20120907,2.0664,2.0664,2.0664,2.0664,10,0
20120910,2.1049,2.1049,1.9703,2.0184,1791,0
20120911,1.9511,1.9991,1.9222,1.9991,7502,0
20120912,2.0184,2.0184,2.0184,2.0184,4484,0
20120913,1.9703,2.0184,1.9703,2.0184,4367,0
20120914,2.1241,2.1914,2.1145,2.1914,22273,0
20120917,2.1914,2.2202,2.1721,2.2202,2437,0
20120918,2.2298,2.3163,2.2298,2.3163,29883,0
20120919,2.2779,2.3163,2.2106,2.2106,21500,0
20120920,2.2106,2.2683,2.201,2.2106,7699,0
20120921,2.2106,2.3259,2.2106,2.3259,13104,0
20120924,2.3067,2.3067,2.3067,2.3067,3201,0
20120925,2.2298,2.2683,2.1914,2.201,42361,0
20120926,2.1914,2.2779,2.0376,2.2779,20511,0
20120927,2.2202,2.2202,2.0568,2.1625,59896,0
20120928,2.1337,2.1337,2.1145,2.1145,1667,0
20121001,2.1337,2.1625,2.0856,2.1145,27864,0
20121002,2.1433,2.201,2.0952,2.1049,32311,0
20121003,2.1145,2.1625,2.1145,2.1625,2057,0
20121004,2.1625,2.1625,2.1241,2.1241,1653,0
20121005,2.1625,2.1625,2.1625,2.1625,3465,0
20121008,2.0952,2.201,1.9703,2.201,11375,0
20121009,2.0664,2.1914,2.028,2.1914,4519,0
20121010,2.0664,2.0664,2.0376,2.0664,21621,0
20121011,2.0856,2.0856,2.0568,2.0568,25168,0
20121012,2.0184,2.0472,2.0087,2.0087,7183,0
20121015,1.9991,1.9991,1.9991,1.9991,4630,0
20121016,1.9991,2.0856,1.9991,2.0856,17164,0
20121017,2.076,2.076,2.0376,2.076,8428,0
20121018,2.0568,2.0856,2.028,2.0856,18799,0
20121019,2.028,2.028,2.0184,2.0184,3642,0
20121022,2.0568,2.1145,2.0568,2.1145,8220,0
20121023,2.028,2.1049,2.028,2.028,593,0
20121024,2.0856,2.0856,2.0856,2.0856,520,0
20121025,2.0568,2.0568,2.0568,2.0568,357,0
20121026,2.1049,2.1049,2.1049,2.1049,1724,0
20121029,2.1049,2.1145,2.1049,2.1145,7299,0
20121030,2.1145,2.1817,2.1145,2.1817,4690,0
20121031,2.1817,2.1817,2.1625,2.1625,1810,0
20121102,2.1337,2.1337,2.1337,2.1337,2081,0
20121105,2.1241,2.1241,2.1145,2.1145,1382,0
20121106,2.1145,2.1145,2.1145,2.1145,7283,0
20121107,2.1145,2.1145,2.1145,2.1145,1249,0
20121108,2.1145,2.1145,2.0856,2.0856,7677,0
20121109,2.1145,2.1145,2.0664,2.0664,2435,0
20121112,2.1337,2.2106,2.1337,2.2106,3642,0
20121113,2.0952,2.0952,2.0952,2.0952,1040,0
20121115,2.1049,2.1049,2.1049,2.1049,2081,0
20121116,2.0952,2.1145,2.0472,2.1145,3132,0
20121119,2.1241,2.1337,2.1241,2.1337,1873,0
20121120,2.1337,2.1337,2.1337,2.1337,1066,0
20121121,2.1145,2.1241,2.1145,2.1145,7214,0
20121122,2.1145,2.1145,2.1145,2.1145,3541,0
20121126,2.1145,2.1145,2.1145,2.1145,1040,0
20121127,2.1337,2.1337,2.1145,2.1145,20380,0
20121128,2.1625,2.1625,2.1145,2.1145,1051,0
20121129,2.1625,2.1914,2.1337,2.1914,4904,0
20121130,2.1145,2.1529,2.1049,2.1529,14873,0
20121203,2.1337,2.2106,2.1337,2.2106,38603,0
20121204,2.2106,2.3548,2.2106,2.249,18066,0
20121205,2.1914,2.3355,2.1914,2.2875,33630,0
20121206,2.2586,2.3067,2.2394,2.3067,15036,0
20121207,2.3548,2.3548,2.3451,2.3548,14787,0
20121210,2.3548,2.3548,2.3548,2.3548,3233,0
20121212,2.3548,2.3548,2.3548,2.3548,520,0
20121213,2.3163,2.3932,2.3163,2.3932,13302,0
20121214,2.3836,2.3836,2.2971,2.3548,15449,0
20121217,2.3259,2.3259,2.3259,2.3259,1665,0
20121218,2.3259,2.3451,2.3259,2.3451,20455,0
20121219,2.3451,2.3451,2.3067,2.3067,7940,0
20121220,2.3067,2.3932,2.2875,2.3932,23390,0
20121221,2.3932,2.3932,2.3548,2.3548,27480,0
20121227,2.3548,2.3644,2.3548,2.3644,1066,0
20121228,2.3644,2.4028,2.3644,2.3644,7861,0
20130102,2.374,2.6046,2.374,2.6046,73511,0
20130103,2.6335,2.7873,2.6143,2.6911,24956,0
20130104,2.6911,2.6911,2.595,2.6911,17437,0
20130107,2.6911,2.6911,2.6239,2.6911,5353,0
20130108,2.6911,2.6911,2.6527,2.6623,5025,0
20130109,2.6911,2.6911,2.6431,2.6623,5121,0
20130110,2.6623,2.6623,2.6623,2.6623,7898,0
20130111,2.6623,2.6623,2.4124,2.5854,18015,0
20130114,2.6623,2.6623,2.595,2.6623,23953,0
20130115,2.6623,2.6623,2.595,2.6623,1883,0
20130116,2.6623,2.6623,2.6623,2.6623,114,0
20130117,2.6623,2.8738,2.595,2.7584,32741,0
20130118,2.8641,2.8641,2.6623,2.6911,14077,0
20130121,2.7969,2.8641,2.7969,2.8545,7821,0
20130122,2.8641,2.8641,2.7873,2.8353,17505,0
20130123,2.8641,2.9218,2.8161,2.8545,30757,0
20130124,2.8257,2.8545,2.7873,2.8353,18943,0
20130125,2.8641,2.8834,2.7873,2.7873,42587,0
20130128,2.8353,2.9314,2.8353,2.8353,56038,0
20130129,2.8738,2.8738,2.8161,2.8161,1853,0
20130130,2.8065,2.9122,2.8065,2.9122,3052,0
20130131,2.9122,2.9122,2.8834,2.9026,3173,0
20130201,2.8834,2.8834,2.8641,2.8834,1717,0
20130204,2.8834,3.0275,2.8353,2.9218,69870,0
20130205,2.9699,2.9699,2.7873,2.8641,21004,0
20130206,2.8161,2.8353,2.595,2.7969,51811,0
20130207,2.7873,2.7873,2.7776,2.7776,826,0
20130208,2.768,2.8065,2.768,2.8065,6991,0
20130211,2.8449,2.9987,2.8449,2.9314,16304,0
20130212,2.8834,2.9603,2.8834,2.9603,6339,0
20130213,2.9506,3.0083,2.9506,3.0083,13761,0
20130214,2.9603,2.9795,2.8834,2.9795,40617,0
20130215,2.9026,3.0468,2.9026,3.0275,27821,0
20130218,3.0275,3.0275,2.893,2.9795,10957,0
20130219,2.9218,2.941,2.8834,2.941,9526,0
20130220,2.9795,3.0275,2.9795,3.0083,12399,0
20130221,2.9795,2.9795,2.9026,2.9795,7736,0
20130222,2.9699,2.9699,2.9699,2.9699,7074,0
20130226,2.9026,2.9795,2.9026,2.9795,2435,0
20130227,2.9699,3.1909,2.9699,3.1717,29733,0
20130228,3.17,3.36,3.16,3.27,44659,0
20130301,3.2678,3.2678,3.1717,3.2486,11645,0
20130304,3.3063,3.3063,3.2678,3.2678,4989,0
20130305,3.2678,3.3543,3.2005,3.3543,4398,0
20130306,3.3543,3.3639,3.287,3.3351,28767,0
20130307,3.3351,3.3639,3.3255,3.3255,2711,0
20130308,3.3639,3.4504,3.3639,3.412,18387,0
20130311,3.4504,3.4504,3.1909,3.3543,15006,0
20130312,3.3543,3.3543,3.2774,3.3255,4881,0
20130313,3.3255,3.4024,3.2678,3.4024,3523,0
20130314,3.287,3.3159,3.0756,3.2582,92026,0
20130315,3.287,3.3063,3.2678,3.3063,5537,0
20130318,3.2678,3.3351,3.2678,3.2678,18728,0
20130319,3.2967,3.3063,3.2198,3.2198,11165,0
20130320,3.2198,3.2294,3.2198,3.2198,3685,0
20130321,3.239,3.239,3.2198,3.239,24747,0
20130322,3.1909,3.1909,3.0756,3.1525,23714,0
20130325,3.1717,3.239,3.1237,3.2198,5566,0
20130326,3.1717,3.1717,3.0756,3.1237,26613,0
20130327,3.1237,3.1237,3.0275,3.0756,12955,0
20130328,3.0756,3.1621,3.0756,3.1621,2365,0
20130402,3.1621,3.3159,3.1621,3.3159,8971,0
20130403,3.3063,3.3063,3.2294,3.287,4422,0
20130404,3.2486,3.2486,3.2198,3.2294,5722,0
20130405,3.3063,3.3063,3.2967,3.2967,979,0
20130408,3.2102,3.287,3.1909,3.287,1040,0
20130409,3.3063,3.3063,3.2774,3.3063,3056,0
20130410,3.3063,3.3159,3.2678,3.2678,4058,0
20130411,3.3159,3.3447,3.3159,3.3351,14642,0
20130412,3.3447,3.3543,3.3159,3.3543,4303,0
20130415,3.3832,3.4024,3.3255,3.3255,4862,0
20130417,3.3735,3.46,3.2678,3.3159,21139,0
20130418,3.287,3.3543,3.2774,3.2774,5423,0
20130419,3.2486,3.2486,3.1621,3.1621,4049,0
20130422,3.066,3.1429,2.893,3.0756,7695,0
20130423,2.9987,3.066,2.8834,2.8834,29831,0
20130424,3.0179,3.0564,2.941,2.9699,10402,0
20130425,2.9795,2.9795,2.9795,2.9795,2086,0
20130426,3.0275,3.0564,3.0275,3.0564,1623,0
20130429,3.1429,3.2967,3.1429,3.2967,572,0
20130430,3.24,3.24,3.09,3.21,3287,0
20130502,3.15,3.15,3.15,3.15,1720,0
20130506,3.1717,3.287,3.1717,3.287,5359,0
20130507,3.239,3.2678,3.2198,3.2678,10441,0
20130508,3.22,3.3,3.22,3.3,1977,0
20130509,3.3,3.46,3.24,3.41,5795,0
20130510,3.412,3.412,3.4024,3.4024,1040,0
20130513,3.4216,3.6234,3.4216,3.6042,17714,0
20130514,3.6042,3.6042,3.5081,3.5273,13689,0
20130515,3.5946,3.8925,3.5946,3.8445,57958,0
20130516,3.8733,4.0752,3.7964,3.806,16703,0
20130517,3.82,3.97,3.82,3.97,1598,0
20130520,4.0175,4.2097,3.8541,4.1424,20600,0
20130521,4.104,4.2097,3.7003,4.1809,47576,0
20130522,4.1617,4.4884,4.0367,4.277,128208,0
20130523,4.1809,4.1809,4.0367,4.0848,25283,0
20130524,4.13,4.32,4.06,4.32,27074,0
20130527,4.3154,4.3154,4.2193,4.277,5769,0
20130528,4.28,4.4,4.17,4.25,21256,0
20130529,4.32,4.32,4.32,4.32,1991,0
20130531,4.33,4.33,4.09,4.21,5708,0
20130603,4.1809,4.3251,4.1809,4.2001,4569,0
20130604,4.31,4.47,4.31,4.42,28669,0
20130605,4.47,4.57,4.47,4.52,21235,0
20130606,4.55,4.61,4.37,4.51,19718,0
20130607,4.52,4.52,4.42,4.52,16746,0
20130610,4.52,4.52,4.42,4.52,22768,0
20130611,4.4,4.45,4.38,4.45,9623,0
20130612,4.62,4.69,4.56,4.65,10587,0
20130613,4.65,4.65,4.6,4.62,4046,0
20130614,4.6,4.63,4.41,4.5,39397,0
20130617,4.47,4.5,4.47,4.5,5513,0
20130618,4.46,4.5,4.45,4.5,5459,0
20130619,4.5,4.5,4.43,4.45,6018,0
20130620,4.42,4.42,4.08,4.08,32263,0
20130621,4.08,4.1,3.76,3.8,49883,0
20130624,3.95,4.15,3.9,4.09,12020,0
20130625,4.09,4.49,4.05,4.47,12138,0
20130626,4.25,4.47,4.25,4.42,12989,0
20130627,4.47,4.47,4.2,4.4,10939,0
20130628,4.4,4.4,4.16,4.2,29191,0
20130701,4.2,4.39,4.16,4.36,44272,0
20130702,4.36,4.51,4.22,4.51,38582,0
20130703,4.51,4.58,4.38,4.51,10270,0
20130704,4.55,4.58,4.55,4.58,8550,0
20130705,4.58,4.8,4.42,4.8,6847,0
20130708,4.8,4.95,4.75,4.95,14325,0
20130709,4.98,5,4.86,4.9,9956,0
20130710,4.99,5,4.97,4.97,3793,0
20130711,4.99,5,4.56,4.72,41152,0
20130712,4.84,4.89,4.75,4.84,2070,0
20130715,4.88,4.89,4.81,4.81,2964,0
20130716,4.81,5,4.33,4.7,26838,0
20130717,4.62,4.79,4.61,4.78,5734,0
20130718,4.68,4.86,4.42,4.85,44507,0
20130719,4.84,4.85,4.7,4.84,5606,0
20130722,4.89,4.89,4.84,4.84,4667,0
20130723,4.84,4.88,4.64,4.88,5938,0
20130724,4.85,4.86,4.8,4.8,2220,0
20130725,4.8,4.8,4.8,4.8,1622,0
20130726,4.84,4.85,4.79,4.79,2501,0
20130729,4.8,4.85,4.8,4.81,5294,0
20130730,4.82,4.85,4.81,4.85,3673,0
20130731,4.85,4.9,4.85,4.9,13316,0
20130801,4.9,4.9,4.62,4.74,30170,0
20130802,4.77,5.2,4.77,5.15,136242,0
20130805,5.1,5.24,5.1,5.24,24396,0
20130806,5.26,5.3,4.87,5.1,57488,0
20130807,5.1,5.2,5.07,5.15,89110,0
20130808,5.26,5.27,4.92,5.2,147915,0
20130809,5.2,5.25,5,5.16,50423,0
20130812,5.12,5.2,5.1,5.19,42932,0
20130813,5.23,5.23,5.05,5.06,27497,0
20130814,5.1,5.1,5.05,5.09,13073,0
20130816,5.05,5.1,5.05,5.07,3985,0
20130819,5.06,5.09,5.02,5.09,3991,0
20130820,5.09,5.09,4.84,4.98,36660,0
20130821,5.05,5.05,4.91,5.03,27987,0
20130822,4.98,5.02,4.93,5.01,8357,0
20130823,5.02,5.09,4.95,5.06,5928,0
20130826,5.05,5.09,5,5.01,22984,0
20130827,5.01,5.03,4.76,4.76,33582,0
20130828,4.76,5,4.73,4.98,17028,0
20130829,5,5,4.81,4.99,1173,0
20130830,4.88,5.05,4.88,5.05,8007,0
20130902,5.05,5.05,4.94,5.04,43580,0
20130903,5.07,5.09,4.93,4.99,30276,0
20130904,4.92,5.08,4.86,4.99,48969,0
20130905,4.86,4.89,4.43,4.71,122246,0
20130906,4.7,4.83,4.64,4.8,11417,0
20130909,4.9,5,4.9,4.9,14017,0
20130910,5,5.13,4.97,5.08,39599,0
20130911,5.14,5.14,4.98,5.02,9318,0
20130912,5.02,5.03,4.97,5.03,20861,0
20130913,5.01,5.05,4.97,4.99,6830,0
20130916,4.99,4.99,4.95,4.98,6710,0
20130917,4.98,4.98,4.95,4.98,9809,0
20130918,4.93,5.24,4.93,5.1,62059,0
20130919,5.15,5.24,5,5.18,72384,0
20130920,5.15,5.2,5.15,5.2,10609,0
20130923,5.2,5.2,5.03,5.1,6868,0
20130924,5,5.15,5,5.15,7980,0
20130925,5.1,5.12,5.06,5.11,22690,0
20130926,5.14,5.16,5.05,5.16,5594,0
20130927,5.18,5.3,5.18,5.26,46700,0
20130930,5.29,5.38,5.2,5.35,86749,0
20131001,5.4,5.54,5.35,5.54,150201,0
20131002,5.61,6,5.6,5.9,66734,0
20131003,6,6.08,5.95,6,105729,0
20131004,6,6.05,5.95,6.03,28495,0
20131007,6.03,6.05,5.93,6,9054,0
20131008,6.03,6.03,5.96,6.03,29343,0
20131009,6.03,6.04,5.95,5.96,25071,0
20131010,5.99,6.51,5.99,6.51,112751,0
20131011,6.5,6.75,6.48,6.7,71790,0
20131014,6.69,6.69,6.51,6.62,26345,0
20131015,6.65,6.84,6.65,6.8,25968,0
20131016,6.85,7.1,6.85,7.1,101202,0
20131017,7.11,7.5,7.11,7.45,239092,0
20131018,7.5,7.5,6.92,7.3,138909,0
20131021,7.3,7.3,7.11,7.24,63159,0
20131022,7.24,7.24,7,7.2,46340,0
20131023,7.23,7.27,7.21,7.27,27184,0
20131024,7.29,7.49,7.29,7.35,79122,0
20131025,7.47,7.99,7.32,7.68,148554,0
20131028,7.76,7.9,7.7,7.77,40042,0
20131029,7.8,7.9,7.71,7.84,41155,0
20131030,7.84,7.99,7.51,7.55,135752,0
20131031,7.5,7.78,7.31,7.7,2081386,0
20131104,7.7,7.95,7.55,7.94,38531,0
20131105,7.94,8.2,7.78,8,208171,0
20131106,8,8.29,7.97,8.08,88935,0
20131107,8.15,8.2,8,8,41440,0
20131108,8.02,8.2,8,8,84021,0
20131112,8.16,8.49,8.11,8.22,173185,0
20131113,8.38,8.38,8.01,8.1,103073,0
20131114,8.1,8.16,8.05,8.1,15197,0
20131115,8.08,8.22,8.08,8.2,30193,0
20131118,8.29,8.29,8.2,8.2,21547,0
20131119,8.22,8.22,8.12,8.13,24684,0
20131120,8.12,8.22,7.82,8,38572,0
20131121,8.07,8.07,7.85,7.96,15506,0
20131122,7.91,8.08,7.9,8.05,46216,0
20131125,8.08,8.21,8.02,8.07,23777,0
20131126,8.2,8.2,7.65,7.9,78779,0
20131127,7.91,8.04,7.9,7.92,7432,0
20131128,8.03,8.05,7.95,7.95,13079,0
20131129,7.95,8.05,7.95,7.97,7782,0
20131202,8,8,7.9,7.95,21619,0
20131203,7.91,7.91,7.4,7.48,93216,0
20131204,7.45,7.56,7.38,7.4,113283,0
20131205,7.4,7.55,7.4,7.53,10550,0
20131206,7.54,7.9,7.54,7.81,12966,0
20131209,7.9,7.9,7.82,7.9,10238,0
20131210,7.9,7.94,7.8,7.8,14229,0
20131211,7.79,7.88,7.65,7.88,7623,0
20131212,7.84,7.84,7.32,7.44,23533,0
20131213,7.46,7.59,7.46,7.47,9412,0
20131216,7.5,7.88,7.5,7.63,16608,0
20131217,7.63,7.63,7.46,7.58,15076,0
20131218,7.43,7.67,7.4,7.58,12667,0
20131219,7.59,7.74,7.51,7.63,12722,0
20131220,7.7,7.7,7.41,7.52,76974,0
20131223,7.6,7.95,7.6,7.77,3696,0
20131227,7.75,7.75,7.7,7.7,1938,0
20131230,7.61,7.8,7.61,7.77,7264,0
20140102,7.71,7.85,7.21,7.55,60996,0
20140103,7.68,7.79,7.58,7.72,16734,0
20140107,7.64,7.7,7.39,7.4,16896,0
20140108,7.5,7.5,6.77,7.35,35271,0
20140109,7.45,7.45,7.2,7.2,13112,0
20140110,7.12,7.2,6.73,6.8,81603,0
20140113,6.8,7.05,6.15,7.05,82750,0
20140114,7.11,7.11,6.93,6.96,9054,0
20140115,6.96,7.1,6.96,7.09,17372,0
20140116,7.09,7.1,6.99,7.09,33730,0
20140117,7.09,7.39,7.09,7.3,34931,0
20140120,7.22,7.3,7.2,7.3,4754,0
20140121,7.28,7.65,7.28,7.61,23825,0
20140122,7.67,8.15,7.67,8.04,63459,0
20140123,8,8.05,7.91,7.99,23351,0
20140124,8,8,7.61,7.64,22245,0
20140127,7.59,7.69,7.35,7.69,27669,0
20140128,7.69,7.81,7.65,7.81,3670,0
20140129,7.85,8.06,7.85,8.05,53775,0
20140130,8.05,8.05,7.89,8,19293,0
20140131,8,8.27,7.91,8.2,74605,0
20140203,8.25,8.75,8.21,8.74,156194,0
20140204,8.6,8.61,8.2,8.4,129335,0
20140205,8.48,8.64,8.45,8.62,25607,0
20140206,8.7,9.06,8.6,8.9,122260,0
20140207,8.95,9.49,8.95,9.17,56118,0
20140210,9.22,9.37,9.22,9.31,87961,0
20140211,9.39,9.39,8.92,9.16,56032,0
20140212,9.1,9.1,8.8,8.9,49005,0
20140213,8.86,9.25,8.76,9.2,56877,0
20140214,9.26,9.32,9.18,9.2,40572,0
20140217,9.21,9.49,9.04,9.37,37170,0
20140218,9.47,9.57,9.26,9.42,53295,0
20140219,9.42,9.55,9.42,9.53,41852,0
20140220,9.53,9.53,9.03,9.21,53986,0
20140221,9.5,9.55,9.16,9.16,59568,0
20140224,9.11,9.14,9,9.07,49686,0
20140225,9.1,9.1,8.55,8.6,98657,0
20140226,8.6,8.77,8.3,8.39,55906,0
20140227,8.4,8.58,8.2,8.58,61435,0
20140228,8.67,8.91,8.65,8.77,38049,0
20140303,8.25,8.5,7.48,7.82,170578,0
20140304,8.01,8.45,8.01,8.45,51468,0
20140305,8.76,8.85,8.4,8.7,25697,0
20140306,8.85,8.85,8.23,8.6,42443,0
20140307,8.6,8.6,8.2,8.2,23885,0
20140310,8.05,8.12,7.77,7.86,88002,0
20140311,7.89,8.05,7.86,7.87,226742,0
20140312,8.18,8.18,7.52,7.63,26101,0
20140313,7.55,7.7,7.34,7.34,25626,0
20140314,6.9,7.05,6.63,6.86,209090,0
20140317,6.95,7.58,6.95,7.5,93253,0
20140318,7.72,7.75,7.55,7.57,52177,0
20140319,7.57,7.94,7.5,7.8,47706,0
20140320,7.8,7.8,7.7,7.78,5906,0
20140321,7.85,7.85,7.67,7.78,27590,0
20140324,7.66,7.75,7.45,7.49,31850,0
20140325,7.59,7.59,7.35,7.49,25929,0
20140326,7.5,7.8,7.5,7.73,24994,0
20140327,7.7,7.71,7.6,7.65,13999,0
20140328,7.79,8,7.69,7.89,65744,0
20140331,7.92,8.08,7.8,8.02,42794,0
20140401,8,8.05,7.95,7.96,34994,0
20140402,7.99,8.12,7.99,8.03,72121,0
20140403,8.12,8.21,8.08,8.08,24154,0
20140404,8.15,8.19,8.04,8.15,28627,0
20140407,8.15,8.15,7.73,7.8,56601,0
20140408,7.71,7.74,7.47,7.57,71342,0
20140409,7.52,7.65,7.21,7.5,61194,0
20140410,7.51,7.75,7.51,7.75,14915,0
20140411,7.72,7.72,7.54,7.56,17292,0
20140414,7.51,7.51,7.08,7.33,42098,0
20140415,7.33,7.33,7.19,7.2,16851,0
20140416,7.13,7.2,6.92,7.16,76987,0
20140417,7.35,7.63,7.35,7.63,46805,0
20140422,7.75,8,7.74,7.87,42439,0
20140423,7.87,7.9,7.76,7.76,16060,0
20140424,7.9,7.9,7.48,7.56,54542,0
20140425,7.6,7.6,7.45,7.45,18591,0
20140428,7.46,7.5,7.12,7.13,32334,0
20140429,7.3,7.31,7,7.01,44805,0
20140430,7.03,7.1,7,7.1,18918,0
20140502,7,7.1,7,7.08,1620,0
20140505,7.09,7.15,7,7.1,9371,0
20140506,7.12,7.29,7.09,7.24,23617,0
20140507,7.11,7.16,6.99,7.04,35421,0
20140508,7.09,7.24,7,7,32540,0
20140509,7,7.03,6.72,6.72,22534,0
20140512,6.68,6.72,6.5,6.58,44207,0
20140513,6.5,6.79,6.23,6.7,40442,0
20140514,6.7,6.81,6.7,6.77,20413,0
20140515,6.8,6.95,6.69,6.84,14431,0
20140516,6.81,6.81,6.55,6.59,20480,0
20140519,7.05,7.25,6.76,6.97,114407,0
20140520,7.05,7.1,7,7.05,31819,0
20140521,7.02,7.08,6.9,6.99,20294,0
20140522,7.09,7.2,6.9,7,37558,0
20140523,7.05,7.17,7,7,35541,0
20140526,7.09,7.09,6.97,6.99,24757,0
20140527,6.99,6.99,6.63,6.73,88854,0
20140528,6.7,6.75,6.62,6.63,28246,0
20140529,6.62,6.7,6.41,6.6,49522,0
20140530,6.51,6.6,6.45,6.45,21951,0
20140602,6.45,6.8,6.45,6.68,16949,0
20140603,6.78,6.95,6.78,6.86,23436,0
20140604,6.82,6.97,6.8,6.94,7172,0
20140605,6.98,6.98,6.85,6.9,5160,0
20140606,6.9,7.11,6.9,7.11,28117,0
20140609,7.2,7.44,7.19,7.32,38084,0
20140610,7.32,7.35,7.25,7.28,47871,0
20140611,7.28,7.29,7.05,7.05,12600,0
20140612,7.04,7.14,6.95,6.95,17404,0
20140613,7,7,6.9,6.95,6611,0
