Date,Open,High,Low,Close,Volume,OpenInt
20070510,7.9447,8.4658,7.5176,7.5602,3783234,0
20070511,7.6458,8.2864,7.0051,7.9875,669597,0
20070514,8.4487,9.2859,8.2437,9.0554,575386,0
20070515,9.1408,10.892,8.9699,10.251,679125,0
20070516,10.337,10.593,9.73,9.91,288921,0
20070517,10.166,10.166,9.576,9.798,205576,0
20070518,9.824,10.063,9.619,9.91,96806,0
20070521,10.337,11.618,10.337,11.148,470327,0
20070522,11.533,11.704,10.721,10.772,232437,0
20070523,11.481,11.49,10.807,11.182,189576,0
20070524,11.106,11.106,10.678,10.807,157285,0
20070525,10.713,10.807,10.337,10.439,129544,0
20070528,10.601,10.755,9.824,10.106,177934,0
20070529,10.063,10.508,9.781,10.431,135807,0
20070530,10.251,10.439,10.08,10.226,50376,0
20070531,10.379,10.593,10.209,10.328,59780,0
20070601,10.405,10.508,10.08,10.251,61852,0
20070604,10.251,10.337,10.004,10.089,79381,0
20070605,10.004,10.012,9.781,9.807,83377,0
20070606,9.867,9.91,9.3543,9.739,83815,0
20070608,9.2774,9.696,9.2774,9.628,70112,0
20070611,9.824,10.166,9.704,10.072,100374,0
20070612,10.123,10.123,9.696,9.696,57752,0
20070613,9.892,9.892,9.568,9.67,48064,0
20070614,9.67,9.961,9.67,9.824,35453,0
20070615,9.824,9.824,9.576,9.688,30911,0
20070618,9.679,9.704,9.508,9.568,92483,0
20070619,9.568,9.568,9.2859,9.3373,78923,0
20070620,9.491,9.696,9.4056,9.568,223791,0
20070621,9.602,10.935,9.602,10.678,466443,0
20070622,10.849,11.106,10.337,10.73,204420,0
20070625,10.653,11.071,10.465,11.063,155346,0
20070626,11.012,11.917,10.994,11.618,240677,0
20070627,11.618,11.874,11.362,11.618,165659,0
20070628,11.661,11.704,11.456,11.533,55157,0
20070629,11.541,11.541,11.208,11.319,77262,0
20070702,11.276,11.276,10.593,10.764,67272,0
20070703,10.977,11.148,10.764,10.832,40178,0
20070704,10.832,10.892,10.687,10.764,66121,0
20070705,10.764,10.892,10.379,10.892,47296,0
20070706,10.866,11.225,10.678,11.14,45683,0
20070709,11.319,11.362,11.054,11.097,52235,0
20070710,10.935,11.106,10.695,11.054,48562,0
20070711,10.977,11.02,10.772,10.926,29274,0
20070712,10.687,10.977,10.601,10.644,42390,0
20070713,11.362,11.362,10.738,10.849,35129,0
20070716,10.713,10.721,10.268,10.337,62908,0
20070717,10.302,10.473,10.166,10.465,47720,0
20070718,10.593,10.67,10.465,10.491,13143,0
20070719,10.508,10.678,10.508,10.678,20666,0
20070720,10.678,10.849,10.559,10.755,12987,0
20070723,10.695,10.807,10.601,10.687,6987,0
20070724,10.764,10.849,10.67,10.772,70620,0
20070725,10.653,10.926,10.431,10.926,99272,0
20070726,10.935,11.003,10.687,10.807,62982,0
20070727,10.584,10.747,10.302,10.593,46334,0
20070730,10.593,10.678,10.508,10.542,18930,0
20070731,10.533,10.747,10.533,10.738,17072,0
20070801,10.593,11.276,10.379,11.106,122688,0
20070802,11.123,11.618,11.123,11.456,62336,0
20070803,11.473,11.618,11.106,11.106,130010,0
20070806,10.661,10.841,10.251,10.593,142721,0
20070807,10.593,10.926,10.593,10.772,25139,0
20070808,10.892,11.089,10.892,11.063,66554,0
20070809,11.071,11.191,10.866,10.866,90981,0
20070810,10.508,10.508,10.089,10.439,109534,0
20070813,10.584,10.764,10.584,10.764,56276,0
20070814,10.721,11.439,10.721,11.362,87717,0
20070816,10.909,10.935,10.439,10.508,187546,0
20070817,10.251,10.636,9.2262,10.209,507706,0
20070820,10.508,10.508,9.867,10.251,140075,0
20070821,10.166,10.67,9.892,9.944,13472,0
20070822,9.995,10.234,9.995,10.234,23346,0
20070823,10.379,10.508,10.012,10.08,18747,0
20070824,10.072,10.294,9.824,10.251,24924,0
20070827,10.251,10.508,10.08,10.08,15189,0
20070828,9.91,10.243,9.867,10.072,11741,0
20070829,9.824,9.995,9.3115,9.995,28236,0
20070830,10.038,10.251,9.739,9.91,41966,0
20070831,9.662,10.302,9.662,10.251,27197,0
20070903,10.174,10.285,10.089,10.268,29963,0
20070904,10.302,10.302,10.038,10.234,51688,0
20070905,10.243,10.294,10.08,10.234,25499,0
20070906,10.157,10.285,10.157,10.251,32544,0
20070907,10.166,10.294,9.927,10.072,28771,0
20070910,9.61,9.824,9.414,9.739,11814,0
20070911,9.986,10.149,9.756,10.115,17102,0
20070912,10.115,10.123,10.055,10.123,13801,0
20070913,10.132,10.2,10.089,10.14,7474,0
20070914,10.2,10.234,10.038,10.038,7587,0
20070917,9.995,10.209,9.995,10.157,8197,0
20070918,9.918,10.251,9.918,10.234,13346,0
20070919,10.456,10.456,10.251,10.337,41291,0
20070920,10.191,10.32,10.191,10.217,11883,0
20070921,10.226,10.251,10.038,10.2,6283,0
20070924,10.191,10.191,10.004,10.004,4009,0
20070925,9.952,10.012,9.773,9.79,25998,0
20070926,10.089,10.089,9.704,9.995,8804,0
20070927,9.773,9.867,9.764,9.764,15650,0
20070928,9.773,9.927,9.628,9.713,14756,0
20071001,9.576,9.653,9.1408,9.3373,15277,0
20071002,9.4483,9.4483,9.0723,9.1578,12958,0
20071003,9.1834,9.2262,9.0554,9.1578,19736,0
20071004,9.3458,9.3458,9.0554,9.3115,7644,0
20071005,9.3287,10.251,9.3287,10.098,58244,0
20071008,10.166,10.243,9.91,9.918,16182,0
20071009,9.935,10.14,9.918,9.952,9321,0
20071010,9.961,9.995,9.756,9.91,21163,0
20071011,9.841,9.867,9.67,9.739,20967,0
20071012,9.662,9.739,9.585,9.739,7943,0
20071015,9.773,9.807,9.4568,9.73,10354,0
20071016,9.764,9.764,9.491,9.73,6938,0
20071017,9.551,9.73,9.551,9.568,36662,0
20071018,9.602,9.756,9.491,9.4995,14253,0
20071019,9.4824,9.696,9.4568,9.61,9306,0
20071022,9.61,9.61,9.3885,9.61,6901,0
20071023,9.61,9.61,9.542,9.593,4402,0
20071024,9.585,9.756,9.585,9.662,15142,0
20071025,9.662,9.67,9.636,9.67,2387,0
20071026,9.696,9.696,9.61,9.61,9895,0
20071029,9.585,9.781,9.585,9.756,8324,0
20071030,9.756,10.029,9.739,9.901,8109,0
20071031,9.995,10.209,9.833,9.986,49884,0
20071102,9.747,9.986,9.747,9.901,10729,0
20071105,9.841,9.841,9.491,9.653,12923,0
20071106,9.653,9.653,9.1834,9.2262,14432,0
20071107,9.2688,9.2688,8.2864,8.4573,70223,0
20071108,7.7312,8.201,7.7312,8.201,35906,0
20071109,8.1925,8.3292,7.7483,7.9532,16469,0
20071112,7.6287,7.902,7.6201,7.8594,70795,0
20071113,7.8679,7.8679,7.6458,7.8594,66638,0
20071114,7.8594,8.0728,7.6886,7.8594,76807,0
20071115,7.6629,7.6629,7.2358,7.2613,24621,0
20071116,7.2272,7.492,6.6463,7.492,43631,0
20071119,7.2698,7.5176,6.8341,6.911,127129,0
20071120,7.0221,7.0221,6.5779,6.706,32891,0
20071121,6.706,6.706,6.0482,6.4155,15423,0
20071122,6.3643,7.5176,5.9799,7.4322,135876,0
20071123,7.5176,7.6886,7.2613,7.5176,24044,0
20071126,7.8508,7.8508,7.1674,7.2613,6199,0
20071127,7.2613,7.2613,6.9367,6.9793,14911,0
20071128,7.1077,7.2272,6.8341,6.988,28886,0
20071129,7.3211,7.4663,7.1845,7.3296,13636,0
20071130,7.3296,7.3381,7.1246,7.2272,15239,0
20071203,7.1674,7.1674,6.8512,6.9281,16883,0
20071204,7.0051,7.1332,6.9623,7.0905,10678,0
20071205,7.2358,7.603,7.176,7.2955,21183,0
20071206,7.3639,7.5176,7.2272,7.5176,27830,0
20071207,7.5176,7.5176,7.3894,7.3894,11742,0
20071210,7.2613,7.5176,7.176,7.509,61837,0
20071211,7.4406,7.4406,7.1845,7.415,74698,0
20071212,7.3381,7.3381,7.1674,7.3296,5992,0
20071213,7.2613,7.3468,7.0478,7.1503,23836,0
20071214,7.193,7.2442,7.0051,7.2442,49406,0
20071217,7.2185,7.2185,7.0051,7.0221,49990,0
20071218,7.0051,7.0051,6.7914,7.0051,40758,0
20071219,6.9964,7.176,6.7659,6.7829,55498,0
20071220,6.8085,6.9793,6.7316,6.7659,128893,0
20071221,6.7744,6.8341,6.706,6.706,90782,0
20071227,6.6633,7.0307,6.6633,7.0051,124880,0
20071228,6.9197,6.9197,6.8341,6.9197,2684,0
20080102,7.0051,7.0734,6.8341,7.0478,18587,0
20080103,6.8427,7.176,6.8427,7.176,13116,0
20080104,7.176,7.176,7.1587,7.1587,2490,0
20080107,6.9281,7.082,6.7487,7.0051,1972,0
20080108,6.7572,6.9197,6.6548,6.6633,34296,0
20080109,6.7487,6.7487,5.9799,6.2533,74698,0
20080110,6.2447,6.2447,5.6637,5.9543,62147,0
20080111,5.9799,6.1081,5.7407,5.9543,9511,0
20080114,5.8774,5.8774,5.3648,5.5528,20970,0
20080115,5.5528,5.5528,4.9549,4.9549,47838,0
20080116,4.4166,4.6984,4.4166,4.6984,83020,0
20080117,4.7412,5.1255,4.7156,5.1255,23291,0
20080118,5.006,5.5357,4.9975,5.5357,29910,0
20080121,5.4759,5.6382,5.1341,5.4588,174580,0
20080122,5.1341,5.7236,4.9975,5.7236,36380,0
20080123,5.8945,5.9799,5.7151,5.7236,20009,0
20080124,6.0654,6.0654,5.7236,5.9885,11369,0
20080125,6.2105,6.3387,6.0227,6.2362,41801,0
20080128,5.8688,6.1338,5.8688,6.0909,26771,0
20080129,6.1422,6.3046,6.1422,6.279,4484,0
20080130,6.3216,6.3216,6.1507,6.2533,133627,0
20080131,6.1594,6.3472,6.0654,6.2276,4959,0
20080201,6.3387,6.407,6.2362,6.3986,9910,0
20080204,6.4498,6.4498,6.279,6.3216,4418,0
20080205,6.3899,6.3899,6.1507,6.3216,1700,0
20080206,5.8945,6.279,5.8945,6.279,7109,0
20080207,6.2703,6.407,6.1678,6.3899,90393,0
20080208,6.4753,6.4839,6.2362,6.2362,731,0
20080211,6.407,6.407,6.1678,6.1935,8845,0
20080212,6.3986,6.3986,5.7322,6.2362,30805,0
20080213,6.2618,6.2618,6.0227,6.2276,6570,0
20080214,6.2873,6.3728,5.9713,5.9885,11351,0
20080215,6.1251,6.1251,5.9115,6.0227,4409,0
20080218,5.9799,6.1507,5.9799,6.0995,2613,0
20080219,6.0909,6.1935,5.9201,6.1678,1523,0
20080220,6.1251,6.1251,5.9799,6.1166,1840,0
20080221,6.2276,6.2362,5.9799,6.1678,2599,0
20080222,6.0227,6.1764,5.9799,6.1764,3983,0
20080225,6.1764,6.1764,6.0142,6.1422,937,0
20080226,6.1251,6.1764,6.0397,6.0995,25120,0
20080227,6.0995,6.1081,5.9373,6.074,1462,0
20080228,6.074,6.074,5.6468,6.0142,6759,0
20080229,5.6895,5.8945,5.6895,5.8089,6204,0
20080303,5.6808,5.6808,5.1255,5.1427,41215,0
20080304,5.1255,5.7236,5.1255,5.7236,29015,0
20080305,5.6981,6.2959,5.6981,5.8004,91293,0
20080306,6.1338,6.2105,5.7151,5.7663,86999,0
20080307,5.8089,6.3387,5.6808,6.1935,109850,0
20080310,6.1935,6.6548,5.9115,6.4241,72999,0
20080311,6.3728,6.6207,6.3216,6.4241,40548,0
20080312,6.4241,6.5267,6.407,6.4498,7097,0
20080313,6.3301,6.3558,6.0909,6.3216,25747,0
20080314,6.3558,6.3643,6.2021,6.3216,1657,0
20080317,6.1935,6.3216,5.997,6.2362,14921,0
20080318,6.3387,6.3643,6.1594,6.3216,41590,0
20080319,6.3728,6.407,6.1764,6.3216,7492,0
20080320,6.1422,6.3643,6.1422,6.2021,6942,0
20080325,6.2959,6.4925,6.2447,6.3472,136066,0
20080326,6.3472,6.407,6.0995,6.407,16064,0
20080327,6.407,6.4839,6.2362,6.407,8630,0
20080328,6.407,7.0478,6.3216,6.9197,72386,0
20080331,7.0135,7.1418,6.7914,6.86,5034,0
20080401,6.8341,7.1161,6.8001,6.8341,15485,0
20080402,7.0734,7.7739,6.8427,7.176,29692,0
20080403,7.2185,7.7739,7.0051,7.0135,155984,0
20080404,7.0391,7.2613,6.9197,7.0905,20940,0
20080407,7.0905,7.176,6.9197,6.9197,34712,0
20080408,6.9708,6.9708,6.6805,6.7914,12340,0
20080409,6.6718,6.8256,6.6718,6.7487,3052,0
20080410,6.7914,6.7914,6.6207,6.706,14333,0
20080411,6.706,6.9197,6.6633,6.7487,53505,0
20080414,6.7316,6.7316,6.407,6.4155,8383,0
20080415,6.4155,6.6463,6.3216,6.4925,12755,0
20080416,6.4753,6.6377,6.2021,6.4667,57133,0
20080417,6.2959,6.6633,6.2873,6.5779,5583,0
20080418,6.6548,6.6633,6.4583,6.5779,2593,0
20080421,6.6121,6.6633,6.4155,6.5779,51104,0
20080422,6.4925,6.4925,5.9201,5.9799,199153,0
20080423,5.7236,5.9885,5.57,5.7151,56365,0
20080424,5.6468,5.8774,5.6468,5.8774,16997,0
20080425,5.8774,6.3899,5.8774,6.0482,4033,0
20080428,6.0654,6.0654,5.9799,6.0227,813,0
20080429,6.0654,6.0654,6.0227,6.0227,9345,0
20080430,5.8517,6.0654,5.8089,6.0654,8104,0
20080505,6.2618,6.2618,6.074,6.074,6474,0
20080506,6.0825,6.2021,6.074,6.1764,975,0
20080507,6.1594,6.2021,6.074,6.2021,1308,0
20080508,6.3216,6.3216,6.2191,6.279,3297,0
20080509,6.279,6.3131,6.1594,6.2959,20440,0
20080512,6.1678,6.3216,6.0654,6.1507,41302,0
20080513,6.3986,6.3986,6.1166,6.1507,7565,0
20080514,6.1507,6.1507,5.9799,6.0654,56658,0
20080515,5.8688,6.0995,5.8688,5.9799,19729,0
20080516,6.0995,6.0995,5.9115,5.9799,6880,0
20080519,5.9885,6.1935,5.9799,6.1507,424344,0
20080520,6.1081,6.185,5.7663,5.7834,1611,0
20080521,5.7236,6.1081,5.7236,6.1081,2154,0
20080523,6.1251,6.1251,5.9799,5.9799,12531,0
20080526,5.9799,5.9799,5.9373,5.9373,36168,0
20080527,5.9799,6.1935,5.9799,5.9799,18064,0
20080528,6.185,6.185,5.9799,6.1166,2854,0
20080529,6.1764,6.1764,5.9799,6.1678,8986,0
20080530,6.1594,6.1935,6.0312,6.1507,28934,0
20080602,5.9799,6.1594,5.9799,6.1594,1032,0
20080603,6.1422,6.1507,5.8774,6.1081,14377,0
20080604,5.9799,6.1422,5.9799,6.1422,1964,0
20080605,6.1338,6.1338,5.9799,6.1251,3056,0
20080606,5.903,5.9799,5.8945,5.9458,1017,0
20080609,5.9458,6.1166,5.8089,5.9799,9874,0
20080610,5.9713,6.1507,5.8432,5.9799,1526,0
20080611,5.8945,5.9799,5.8688,5.9799,189,0
20080612,5.8963,5.9837,5.8963,5.9576,8219,0
20080613,5.7479,5.9663,5.7479,5.9663,33766,0
20080616,5.9925,6.0886,5.7392,5.7392,5057,0
20080617,5.7305,6.0974,5.7217,5.8089,5772,0
20080618,5.6781,6.1061,5.2587,5.547,12643,0
20080619,5.3112,5.547,5.3112,5.5121,10657,0
20080620,5.4772,5.4772,5.4334,5.4334,2219,0
20080623,5.25,5.4334,5.1975,5.3112,6657,0
20080624,5.2413,5.8353,5.0928,5.5208,30657,0
20080625,5.5382,5.7654,5.416,5.5033,36563,0
20080626,5.3286,5.5033,5.2936,5.2936,37976,0
20080627,5.4247,5.6255,5.25,5.2674,5077,0
20080630,5.3985,5.4509,5.1102,5.1975,14225,0
20080701,5.1975,5.2413,5.1277,5.1277,4453,0
20080702,5.1975,5.2587,5.1539,5.2587,2302,0
20080703,5.2587,5.3286,4.9442,5.0665,8064,0
20080704,5.0665,5.0665,4.7609,4.7609,7551,0
20080707,4.6473,4.7609,4.5423,4.7609,8163,0
20080708,4.6997,4.8918,4.6997,4.8918,17308,0
20080709,4.9792,5.0578,4.8044,5.0578,11439,0
20080710,5.1889,5.1975,5.1539,5.1975,4974,0
20080711,5.2326,5.2326,5.0665,5.1975,3810,0
20080714,5.0665,5.1539,4.9356,5.1364,11047,0
20080715,5.1102,5.1102,4.7258,4.9792,18334,0
20080716,5.0404,5.0404,4.5774,4.7609,30476,0
20080717,4.7258,5.0404,4.5423,4.8044,19637,0
20080718,4.7609,4.7609,4.56,4.56,43668,0
20080721,4.5511,4.6909,4.455,4.455,28350,0
20080722,4.4813,4.4987,4.3765,4.455,15604,0
20080723,4.4987,4.7084,4.3765,4.5423,24325,0
20080724,4.6473,4.6473,4.3765,4.3765,7442,0
20080725,4.3765,4.5423,4.2978,4.3676,27870,0
20080728,4.3852,4.4987,4.3852,4.4987,5169,0
20080729,4.5075,4.5075,4.455,4.5075,8152,0
20080730,4.5249,4.7521,4.5249,4.5862,126098,0
20080731,4.6473,4.6473,4.4202,4.5862,13507,0
20080801,4.6473,4.9356,4.6297,4.9005,7788,0
20080804,4.8482,4.8918,4.7609,4.8831,999,0
20080805,4.8569,4.8918,4.455,4.455,18090,0
20080806,4.7695,4.8395,4.4813,4.4813,10361,0
20080807,4.5249,4.7695,4.4987,4.7609,9178,0
20080808,4.6384,4.6473,4.4638,4.6297,31290,0
20080811,4.7521,4.7521,4.5423,4.717,3081,0
20080812,4.7609,4.7609,4.5423,4.6735,6565,0
20080813,4.6297,4.7084,4.4987,4.7084,2030,0
20080814,4.7609,4.7609,4.5862,4.6822,6712,0
20080818,4.7521,4.8918,4.5862,4.8482,37939,0
20080819,4.8044,4.8044,4.6297,4.6297,52857,0
20080820,4.6297,4.6735,4.6036,4.6735,1444,0
20080821,4.6735,4.6735,4.6735,4.6735,2,0
20080822,4.6735,4.6735,4.6735,4.6735,1066,0
20080825,4.6735,4.6735,4.5511,4.6647,232,0
20080826,4.6647,4.6647,4.6647,4.6647,2,0
20080827,4.621,4.7871,4.56,4.7871,5723,0
20080828,4.7871,4.8395,4.7871,4.8395,47944,0
20080829,4.8395,4.8395,4.7957,4.7957,1835,0
20080901,4.8744,4.918,4.8044,4.9005,6230,0
20080902,4.9356,5.1975,4.8044,5.1975,6842,0
20080903,5.1539,5.1539,5.0228,5.0228,515,0
20080904,5.0665,5.2064,4.9792,5.1975,23184,0
20080905,4.9356,5.1975,4.9356,5.0578,6174,0
20080908,5.0665,5.0665,4.9442,5.0317,188622,0
20080909,5.0665,5.0665,4.8918,4.9618,11895,0
20080910,5.0578,5.0578,4.9356,4.9965,517,0
20080911,5.0665,5.0665,4.953,5.0491,3772,0
20080912,5.0665,5.0665,5.0404,5.0404,893,0
20080915,5.0404,5.0404,4.717,4.8918,28269,0
20080916,4.7609,4.918,4.7609,4.918,4163,0
20080917,4.918,4.918,4.6297,4.8395,6225,0
20080918,4.717,4.717,4.5862,4.6647,5373,0
20080919,4.6647,4.9704,4.5862,4.9704,141047,0
20080922,4.9704,4.9792,4.7695,4.8831,2229,0
20080923,4.8831,4.8831,4.8744,4.8744,3970,0
20080924,4.9704,4.9704,4.7695,4.7695,3519,0
20080925,4.9268,4.9268,4.8044,4.9092,1526,0
20080926,4.918,4.9268,4.7609,4.8744,4272,0
20080929,4.8482,4.8482,4.717,4.7609,3856,0
20080930,4.6297,4.7433,4.4725,4.7433,4754,0
20081001,4.8569,4.8569,4.7433,4.7433,3730,0
20081002,4.8307,4.8569,4.8307,4.8395,79441,0
20081003,4.7609,4.7957,4.717,4.7957,1375,0
20081006,4.6384,4.7084,4.5862,4.7084,2060,0
20081007,4.6997,4.6997,4.5862,4.5862,9859,0
20081008,4.49,4.49,4.0445,4.3415,43674,0
20081009,4.3415,4.4463,4.1668,4.4463,11512,0
20081010,3.9396,4.4463,3.931,4.4463,34255,0
20081013,4.4463,4.4463,4.2367,4.4463,20054,0
20081014,4.455,4.5337,4.3676,4.49,23786,0
20081015,4.4813,4.4813,4.2891,4.3676,28605,0
20081016,4.2454,4.4463,4.1755,4.4376,15532,0
20081017,4.5423,4.5423,4.2804,4.4376,7237,0
20081020,4.1668,4.4376,4.1668,4.3765,45815,0
20081021,4.5249,4.5249,4.3676,4.49,6616,0
20081022,4.49,4.49,4.3503,4.49,5340,0
20081023,4.2192,4.3676,4.2192,4.3676,8901,0
20081024,4.3589,4.3589,4.1494,4.1494,38508,0
20081027,4.2367,4.3503,3.9834,4.3503,12799,0
20081028,4.324,4.3415,4.193,4.3415,14068,0
20081029,4.3415,4.3415,4.193,4.3415,13305,0
20081030,4.3503,4.3503,4.2891,4.3067,14378,0
20081031,4.3067,4.4638,4.3067,4.4638,10496,0
20081103,4.4987,4.4987,4.455,4.4987,9998,0
20081104,4.4987,4.5249,4.455,4.5249,13636,0
20081105,4.5774,4.5774,4.3589,4.5774,8174,0
20081106,4.5423,4.5423,4.3589,4.5423,8406,0
20081107,4.5423,4.6297,4.4202,4.6297,14545,0
20081110,4.5948,4.7347,4.5948,4.7347,5126,0
20081112,4.717,4.7521,4.5862,4.717,3915,0
20081113,4.6735,4.8132,4.5162,4.8132,12615,0
20081114,4.8482,5.0578,4.8482,4.9965,3115,0
20081117,4.9618,5.0665,4.7609,5.0665,6927,0
20081118,5.0404,5.1889,4.8044,5.1889,5515,0
20081119,5.2326,5.2326,4.9879,5.2326,4750,0
20081120,5.0578,5.2151,5.0317,5.1975,4522,0
20081121,5.0317,5.1539,5.0055,5.1539,6923,0
20081124,5.1975,5.1975,5.0665,5.1975,5572,0
20081125,5.2326,5.2326,5.1975,5.2151,5577,0
20081126,5.2151,5.2326,5.0665,5.2151,6955,0
20081127,5.2151,5.416,5.2151,5.416,8565,0
20081128,5.416,5.416,5.2936,5.416,1855,0
20081201,5.381,5.381,5.2413,5.2413,1039,0
20081202,5.18,5.3024,5.1102,5.3024,2798,0
20081203,5.2413,5.2413,5.0839,5.1975,9880,0
20081204,5.0839,5.3723,5.0839,5.2413,4668,0
20081205,5.3286,5.3286,5.0928,5.1889,6523,0
20081208,5.3636,5.3636,5.3547,5.3547,184,0
20081209,5.3374,5.3374,5.18,5.2064,3776,0
20081210,5.346,5.346,5.346,5.346,80,0
20081211,5.18,5.2237,5.0839,5.2237,4535,0
20081212,5.0228,5.1889,5.0228,5.1539,3497,0
20081215,5.0228,5.1975,4.6384,4.9268,33085,0
20081216,4.9704,5.0839,4.9356,5.0578,39393,0
20081217,5.0928,5.1539,4.9879,5.1539,1573,0
20081218,5.1539,5.1539,4.9792,5.0928,8776,0
20081219,4.9792,5.1975,4.9792,5.1975,12697,0
20081222,5.0665,5.1102,4.8219,5.1102,96037,0
20081223,5.1102,5.2674,4.8744,4.9792,63331,0
20081229,5.0928,5.1975,5.0928,5.1975,4818,0
20081230,5.2237,5.285,5.0317,5.1713,46579,0
20081231,5.285,5.285,4.9792,5.1975,66873,0
20090105,5.285,5.547,5.285,5.547,16358,0
20090106,5.4247,5.7217,5.4247,5.547,16291,0
20090107,5.25,5.5033,5.2151,5.3286,9291,0
20090108,5.3286,5.3286,5.3286,5.3286,2060,0
20090109,5.3286,5.3286,5.3286,5.3286,2,0
20090112,5.2413,5.3286,5.0142,5.3286,1680,0
20090113,5.285,5.285,5.0142,5.2413,2516,0
20090114,5.2762,5.2762,5.2413,5.2413,1398,0
20090115,5.2413,5.2413,5.0752,5.1975,31131,0
20090116,5.2237,5.2587,5.1102,5.2587,59082,0
20090119,5.2326,5.2413,5.1975,5.2151,71135,0
20090120,5.2151,5.2151,5.1452,5.2151,5221,0
20090121,5.2064,5.3286,5.119,5.3024,2612,0
20090122,5.3286,5.3286,5.3112,5.3112,217,0
20090123,5.3112,5.3112,5.0839,5.2587,1370,0
20090126,5.3112,5.3112,5.2326,5.285,88,0
20090127,5.3112,5.3112,5.2413,5.2762,2406,0
20090128,5.1015,5.2762,5.1015,5.2413,1554,0
20090129,5.2762,5.3286,5.2762,5.285,9007,0
20090130,5.3286,5.3286,5.2587,5.2936,9197,0
20090202,5.3112,5.3112,5.1713,5.1713,230,0
20090203,5.2762,5.2762,5.2587,5.2587,2,0
20090204,5.25,5.25,5.1539,5.2326,1543,0
20090205,5.2413,5.2413,5.1539,5.2326,288,0
20090206,5.2326,5.3286,5.1539,5.3286,174956,0
20090209,5.3199,5.3199,5.119,5.3199,1851,0
20090210,5.2413,5.3024,5.18,5.3024,117614,0
20090211,5.3286,5.3286,5.2587,5.285,250,0
20090212,5.2762,5.2762,5.2587,5.2587,345,0
20090213,5.2587,5.2674,5.1539,5.2674,357,0
20090216,5.2674,5.2674,5.1277,5.1277,47577,0
20090217,5.2587,5.2587,5.0404,5.1277,1624,0
20090218,5.1277,5.1277,5.0228,5.1277,362,0
20090219,5.1277,5.1277,5.1102,5.1277,905,0
20090220,5.1277,5.1277,4.9356,5.1102,4240,0
20090223,5.1102,5.1102,4.8482,4.8744,1175,0
20090224,4.8569,5.0928,4.8044,5.0665,5255,0
20090225,5.0665,5.0665,5.0665,5.0665,2461,0
20090226,5.0665,5.0665,4.8044,4.9792,10385,0
20090227,5.0665,5.0665,4.7521,4.7521,12979,0
20090302,4.8918,4.8918,4.717,4.717,5781,0
20090303,4.8044,4.8044,4.6384,4.7957,11831,0
20090304,5.0142,5.0665,4.7609,5.0665,54491,0
20090305,5.0665,5.0665,5.0665,5.0665,2115,0
20090306,5.1277,5.1277,5.0665,5.0665,10593,0
20090309,5.0665,5.0665,5.0665,5.0665,3158,0
20090310,5.1102,5.1277,5.1102,5.1277,451,0
20090311,5.1256,5.242,5.1256,5.242,1082,0
20090312,5.242,5.242,5.0631,5.242,127667,0
20090313,5.285,5.285,5.1102,5.2413,1626,0
20090316,5.285,5.285,5.2326,5.285,2195,0
20090317,5.285,5.3286,5.1364,5.285,73761,0
20090318,5.3199,5.3199,5.25,5.3199,3779,0
20090319,5.3286,5.3286,5.2413,5.3286,1171,0
20090320,5.3286,5.3286,5.3286,5.3286,8,0
20090323,5.3286,5.3286,5.2413,5.3199,3425,0
20090324,5.1277,5.3199,5.0665,5.2413,116813,0
20090325,5.1539,5.3199,5.1539,5.1713,35434,0
20090326,5.3112,5.3112,5.1102,5.2413,3295,0
20090327,5.1364,5.2413,5.1277,5.2413,2770,0
20090330,5.2326,5.2936,5.2326,5.2413,2597,0
20090331,5.3112,5.3112,5.0665,5.1102,3851,0
20090401,5.1102,5.2326,5.1102,5.2326,91,0
20090402,5.2326,5.2413,5.1539,5.2413,14887,0
20090403,5.119,5.2413,5.0839,5.2413,20239,0
20090406,5.2413,5.2413,5.2326,5.2326,2218,0
20090407,5.1102,5.2326,5.1102,5.2326,6089,0
20090408,5.2326,5.2674,5.1102,5.2674,28472,0
20090409,5.285,5.7654,5.285,5.6344,13637,0
20090414,5.8089,5.8963,5.6781,5.8089,60830,0
20090415,5.7654,6.0974,5.5908,6.0974,9041,0
20090416,6.1148,6.2022,5.8353,6.0188,23590,0
20090417,6.0188,6.0188,5.7741,5.9401,5573,0
20090420,5.9401,6.0363,5.8002,5.8527,91377,0
20090421,5.8527,6.0012,5.7042,5.7042,2750,0
20090422,5.9837,5.9837,5.9749,5.9749,801,0
20090423,5.9837,5.9837,5.7828,5.9837,3197,0
20090424,5.9837,6.1148,5.9401,6.1148,27583,0
20090427,5.9837,6.1934,5.9837,6.176,8759,0
20090428,6.0974,6.1934,5.9052,6.1934,1299,0
20090429,6.1902,6.1902,5.8502,5.8772,13342,0
20090430,6.1813,6.1813,5.6445,5.6624,19305,0
20090504,5.8876,5.8876,5.4945,5.6781,18859,0
20090505,5.9308,5.9308,5.6267,5.8502,1645,0
20090506,6.0012,6.0012,5.8527,5.9314,3224,0
20090507,6.0292,6.0292,5.743,5.9665,6801,0
20090508,5.9665,5.9665,5.8951,5.9397,3173,0
20090511,5.8951,5.8951,5.5551,5.5551,10386,0
20090512,5.591,5.591,5.5462,5.5462,134259,0
20090513,5.5641,5.6803,5.5462,5.5819,7011,0
20090514,5.6445,5.6445,5.5551,5.5551,5713,0
20090515,5.6803,5.6803,5.4657,5.4657,337,0
20090518,5.5014,5.9487,5.1883,5.8055,12817,0
20090519,5.8144,5.8144,5.5014,5.7162,3142,0
20090520,5.7698,5.8055,5.7072,5.7162,1679,0
20090521,5.6983,5.6983,5.3673,5.5193,11016,0
20090522,5.4566,5.5193,5.4477,5.5193,2005,0
20090525,5.6714,5.6714,5.2777,5.3673,9861,0
20090526,5.3673,5.4477,5.1436,5.3673,6315,0
20090527,5.6267,5.6267,5.3224,5.3224,289,0
20090528,5.4388,5.4388,5.0363,5.1883,22700,0
20090529,5.2331,5.2957,5.1883,5.2331,29150,0
20090601,5.2688,5.2777,5.2331,5.2331,4532,0
20090602,5.2777,5.2777,5.0273,5.1436,30883,0
20090603,5.1795,5.242,5.1525,5.1525,6560,0
20090604,5.2331,5.2777,5.0452,5.0989,3555,0
20090605,5.1615,5.3224,5.1436,5.2777,7648,0
20090608,5.3673,5.3673,5.1883,5.3673,4858,0
20090609,5.3852,5.5373,5.1525,5.1525,13643,0
20090610,5.2777,5.2777,5.1256,5.1256,13444,0
20090612,5.1347,5.1883,5.0989,5.1883,30220,0
20090615,5.1436,5.1436,5.0631,5.1436,3574,0
20090616,5.1436,5.1436,5.0095,5.1347,3681,0
20090617,5.1436,5.1436,5.0095,5.0184,9299,0
20090618,5.1436,5.2331,5.0095,5.1436,7792,0
20090619,5.2331,5.2599,5.0989,5.2509,7986,0
20090622,5.2688,5.2688,5.0989,5.0989,4566,0
20090623,5.0989,5.2688,5.081,5.2688,5161,0
20090624,5.2777,5.2777,5.0989,5.2777,11292,0
20090625,5.1078,5.2241,5.081,5.2152,8086,0
20090626,5.1705,5.1705,5.0989,5.1167,3913,0
20090629,5.1167,5.2063,5.072,5.1436,4765,0
20090630,5.0631,5.0989,5.0095,5.0989,7062,0
20090701,5.0184,5.2331,5.0184,5.2331,4191,0
20090702,5.1436,5.2331,5.1256,5.2331,1785,0
20090703,5.1078,5.2241,5.072,5.2241,430,0
20090706,5.2241,5.2599,5.081,5.1973,5155,0
20090707,5.1883,5.1973,5.0631,5.1883,45074,0
20090708,5.1883,5.1883,5.1883,5.1883,2274,0
20090709,5.1078,5.1795,5.0452,5.1525,6203,0
20090710,5.1525,5.1525,5.0452,5.072,2779,0
20090713,5.0363,5.1167,5.0095,5.0989,14021,0
20090714,5.0989,5.1078,4.9199,5.0989,154993,0
20090715,5.0989,5.1436,5.0542,5.1436,3419,0
20090716,5.1705,5.4566,5.0184,5.0989,25167,0
20090717,5.1256,5.1795,5.0989,5.1795,5277,0
20090720,5.1795,5.2867,5.0989,5.1973,6470,0
20090721,5.2777,5.2777,5.0989,5.2777,9758,0
20090722,5.403,5.403,5.1347,5.2152,23359,0
20090723,5.2241,5.242,5.0631,5.0989,21168,0
20090724,5.242,5.242,5.0095,5.1705,17237,0
20090727,5.1795,5.2777,5.1347,5.2777,8277,0
20090728,5.2599,5.2599,5.0989,5.0989,10682,0
20090729,5.1078,5.2063,5.0542,5.1615,7923,0
20090730,5.1795,5.2331,5.0631,5.1973,13604,0
20090731,5.1973,5.1973,5.0542,5.1705,17948,0
20090803,5.1078,5.3224,5.081,5.2777,5793,0
20090804,5.1256,5.2777,5.0989,5.2241,11606,0
20090805,5.1167,5.2509,5.0989,5.2509,6845,0
20090806,5.2152,5.2688,5.0989,5.2599,10081,0
20090807,5.2509,5.2777,5.0989,5.2777,14008,0
20090810,5.3315,5.3673,5.2688,5.3135,5814,0
20090811,5.1615,5.2777,5.1615,5.2599,10081,0
20090812,5.1883,5.6356,5.0989,5.5462,145959,0
20090813,5.6356,5.7162,5.5462,5.7072,46549,0
20090814,5.734,5.734,5.5283,5.5998,57501,0
20090817,5.5014,5.6983,5.3673,5.5998,20906,0
20090818,5.5014,5.6534,5.5014,5.6356,56386,0
20090819,5.6445,6.2618,5.6445,5.904,45275,0
20090820,5.7251,6.0829,5.7251,5.9934,68296,0
20090821,6.2081,6.2081,5.7698,5.904,19041,0
20090824,6.0202,6.074,5.8144,6.0382,15778,0
20090825,6.0382,6.2798,5.8144,6.1722,39103,0
20090826,6.1365,6.2171,5.9755,6.2171,19813,0
20090827,6.2529,6.4228,6.1454,6.3871,24930,0
20090828,6.3871,6.6107,6.3871,6.396,30760,0
20090831,6.4407,7.1116,6.4407,7.1116,40954,0
20090901,7.2457,7.4246,6.7359,6.8879,33586,0
20090902,6.8879,6.8879,6.3512,6.378,21168,0
20090903,6.4407,6.709,6.226,6.4139,13021,0
20090904,6.4139,6.4765,6.0918,6.4407,9798,0
20090907,6.6822,6.6822,6.4943,6.6375,7034,0
20090908,6.6553,6.6553,5.9934,5.9934,31320,0
20090909,6.1545,6.1902,5.8235,5.9934,298277,0
20090910,6.1722,6.1722,5.8593,5.9397,7353,0
20090911,5.9308,5.9308,5.4566,5.904,19543,0
20090914,5.6803,5.6803,5.4657,5.5373,12998,0
20090915,5.6624,6.235,5.6177,6.235,157346,0
20090916,6.1722,6.1722,5.9934,6.1276,4863,0
20090917,6.2171,6.2171,6.0382,6.1634,44861,0
20090918,6.047,6.1634,5.9755,6.1365,32397,0
20090921,6.047,6.1276,6.0023,6.1276,12391,0
20090922,6.1545,6.1545,6.0382,6.1454,20560,0
20090923,6.1634,6.1634,6.074,6.1634,6011,0
20090924,6.1634,6.1634,6.0382,6.1454,5940,0
20090925,6.1634,6.1634,5.9397,5.9487,12154,0
20090928,5.7519,5.7519,5.6356,5.6983,40568,0
20090929,5.7787,5.7877,5.6087,5.6803,14676,0
20090930,5.6267,5.6356,5.5998,5.6356,3267,0
20091001,5.6356,5.7162,5.5014,5.7162,4997,0
20091002,5.7072,5.7072,5.4209,5.591,5871,0
20091005,5.4299,5.6983,5.4299,5.6356,3167,0
20091006,5.6356,5.9934,5.6356,5.8951,9960,0
20091007,5.9487,5.9487,5.6534,5.7251,3653,0
20091008,5.7787,5.8682,5.7698,5.7787,602,0
20091009,5.9487,5.9487,5.7608,5.8593,956,0
20091012,5.7251,5.8144,5.7251,5.7251,4685,0
20091013,5.7251,5.7967,5.6177,5.6445,12661,0
20091014,5.7162,5.7162,5.6356,5.7162,2767,0
20091015,5.7787,5.7787,5.6177,5.6177,2541,0
20091016,5.591,5.7072,5.5462,5.573,3064,0
20091019,5.5641,5.573,5.4209,5.573,2848,0
20091020,5.573,5.573,5.3673,5.5193,14254,0
20091021,5.5014,5.5014,5.3941,5.3941,1142,0
20091022,5.3135,5.4834,5.3135,5.4834,3281,0
20091023,5.3852,5.904,5.3852,5.6893,11897,0
20091026,5.7698,5.904,5.6983,5.8055,8438,0
20091027,5.8861,5.904,5.5551,5.5551,4042,0
20091028,5.6356,5.7519,5.5551,5.6356,16006,0
20091029,5.6267,5.6624,5.591,5.6624,9726,0
20091030,5.7251,5.7251,5.6356,5.7251,4651,0
20091102,5.7251,5.7698,5.6445,5.6803,1621,0
20091103,5.7072,5.7072,5.6356,5.6356,2483,0
20091104,5.8951,5.8951,5.6893,5.6983,2435,0
20091105,5.8144,5.8144,5.6177,5.7251,6425,0
20091106,5.8772,5.8772,5.7251,5.7698,2967,0
20091109,5.8055,5.8502,5.743,5.8412,11001,0
20091110,5.9129,5.9129,5.6445,5.7877,19545,0
20091112,5.7698,5.8861,5.7072,5.8861,10178,0
20091113,5.8772,5.8772,5.7698,5.7698,1132,0
20091116,5.8861,5.904,5.8144,5.8682,6588,0
20091117,5.8772,5.8861,5.8055,5.8593,4130,0
20091118,5.8235,5.8502,5.7698,5.8144,9881,0
20091119,5.8951,5.8951,5.7072,5.7787,10741,0
20091120,5.6893,5.7787,5.6803,5.7787,4064,0
20091123,5.6624,5.7787,5.6624,5.6714,2528,0
20091124,5.5998,5.6356,5.5998,5.6356,3462,0
20091125,5.5462,5.6356,5.4388,5.591,8240,0
20091126,5.5373,5.591,5.3762,5.591,3222,0
20091127,5.4657,5.4657,5.1705,5.4477,17089,0
20091130,5.6087,5.6087,5.3673,5.5462,9347,0
20091201,5.5104,5.5104,5.3673,5.4834,929,0
20091202,5.403,5.4657,5.3852,5.4657,3247,0
20091203,5.5014,5.5283,5.412,5.5283,3242,0
20091204,5.5283,5.5462,5.5283,5.5462,2166,0
20091207,5.591,5.5998,5.5283,5.5283,6234,0
20091208,5.591,5.5998,5.5014,5.5819,2053,0
20091209,5.403,5.5104,5.3224,5.3494,9621,0
20091210,5.4477,5.4566,5.3673,5.412,1629,0
20091211,5.3673,5.4477,5.2867,5.3941,7546,0
20091214,5.412,5.4209,5.2777,5.2777,343634,0
20091215,5.412,5.412,5.1883,5.1973,9507,0
20091216,5.2777,5.412,5.1883,5.412,7877,0
20091217,5.412,5.412,5.3852,5.3852,148,0
20091218,5.3852,5.3852,5.2777,5.3224,1014,0
20091221,5.2777,5.3046,5.2331,5.2509,10157,0
20091222,5.3135,5.3583,5.1436,5.2957,18591,0
20091223,5.3673,5.4209,5.2777,5.403,32362,0
20091228,5.4299,5.5551,5.3224,5.3405,6046,0
20091229,5.3673,5.412,5.3494,5.3673,1410,0
20091230,5.412,5.412,5.3405,5.3673,16915,0
20091231,5.412,5.412,5.3673,5.3673,4822,0
20100104,5.412,5.7967,5.412,5.7967,24756,0
20100105,5.6803,5.8951,5.6803,5.8144,35784,0
20100106,5.7251,5.9308,5.7251,5.8144,33853,0
20100107,5.904,6.065,5.8861,5.9934,21611,0
20100108,5.9934,6.065,5.9487,6.0292,19025,0
20100111,6.047,6.047,5.9129,6.047,4521,0
20100112,5.9934,6.047,5.7787,5.9397,6953,0
20100113,5.7519,5.9308,5.7519,5.9219,3441,0
20100114,5.8682,6.0112,5.734,6.0112,16424,0
20100115,6.0292,6.2081,6.0112,6.1722,109572,0
20100118,6.1991,6.3422,6.1365,6.3155,47157,0
20100119,6.3333,6.3422,6.1991,6.2529,21859,0
20100120,6.3422,6.3422,6.2171,6.2529,7722,0
20100121,6.2529,6.4586,6.1097,6.4407,273094,0
20100122,6.3512,6.4855,6.3512,6.369,12753,0
20100125,6.1722,6.4407,6.1722,6.4407,237358,0
20100126,6.4855,6.557,6.2171,6.3512,66317,0
20100127,6.3602,6.4407,6.3602,6.4318,27870,0
20100128,6.557,6.557,6.4496,6.4496,3807,0
20100129,6.2851,6.4851,6.2759,6.4851,1987,0
20100201,6.3065,6.4855,6.3065,6.4855,757,0
20100202,6.4765,6.4855,6.2975,6.4855,23279,0
20100203,6.3065,6.4765,6.2975,6.3422,4415,0
20100204,6.3422,6.3422,6.2529,6.3155,90235,0
20100205,6.2081,6.5212,6.0202,6.3065,74554,0
20100208,6.2798,6.4318,6.2798,6.4318,3042,0
20100209,6.3065,6.5123,6.3065,6.4407,6755,0
20100210,6.4407,6.4407,6.4407,6.4407,1878,0
20100211,6.3065,6.4318,6.3065,6.4318,403,0
20100212,6.3512,6.396,6.3155,6.396,6187,0
20100215,6.2975,6.3512,6.2798,6.3512,1762,0
20100216,6.4228,6.4228,6.3422,6.3422,1729,0
20100217,6.396,6.5032,6.3602,6.5032,8714,0
20100218,6.369,6.5032,6.3602,6.5032,3611,0
20100219,6.4855,6.5123,6.4496,6.5123,5453,0
20100222,6.378,6.5301,6.378,6.5301,8124,0
20100223,6.4049,6.5301,6.4049,6.5301,716,0
20100224,6.5212,6.7985,6.5212,6.7538,18714,0
20100225,6.7538,6.9595,6.7538,6.7985,6660,0
20100226,6.709,6.9595,6.709,6.9595,1851,0
20100301,6.9595,6.9595,6.879,6.879,850,0
20100302,6.7627,6.9238,6.7627,6.8075,3760,0
20100303,6.7538,6.8433,6.6643,6.7538,2371,0
20100304,6.709,6.7538,6.709,6.7538,1572,0
20100305,6.8433,6.9059,6.7538,6.9059,4174,0
20100308,6.9506,7.1563,6.7718,6.9775,11183,0
20100309,6.8879,7.0221,6.7359,6.9686,4730,0
20100310,7.0579,7.2905,6.9686,7.2278,33623,0
20100311,7.38,7.9614,7.2547,7.9166,60406,0
20100312,7.7378,7.9704,7.6036,7.8451,13744,0
20100315,7.7825,8.0061,7.6573,8.0061,40851,0
20100316,8.0061,8.0509,7.8183,8.0061,11802,0
20100317,7.872,8.0061,7.6663,7.9883,432622,0
20100318,8.0061,8.0061,7.872,7.9883,12310,0
20100319,7.9883,7.9883,7.5141,7.6036,11630,0
20100322,7.6215,7.6215,7.0758,7.4068,16243,0
20100323,7.4157,7.4694,7.2905,7.2995,11051,0
20100324,7.4246,7.4246,7.1563,7.1563,15871,0
20100325,7.1205,7.2905,7.1205,7.2726,8404,0
20100326,7.2726,7.4157,7.2457,7.4157,4421,0
20100329,7.5678,7.6215,7.5678,7.6126,7085,0
20100330,7.6126,7.6215,7.5141,7.5141,2745,0
20100331,7.5128,7.6767,7.4219,7.6767,3899,0
20100401,7.6751,7.6841,7.4783,7.6751,2361,0
20100406,7.4783,7.6931,7.4783,7.6751,1968,0
20100407,7.6483,7.6483,7.3353,7.6036,11989,0
20100408,7.3531,7.4783,7.2457,7.4783,6997,0
20100409,7.4694,7.4694,7.4246,7.4246,593,0
20100412,7.2995,7.5141,7.2995,7.5141,3491,0
20100413,7.3353,7.5053,7.3353,7.5053,1687,0
20100414,7.3353,7.4246,7.2995,7.4246,17309,0
20100415,7.3353,7.5678,7.3084,7.5678,9421,0
20100416,7.38,7.5678,7.38,7.5678,1752,0
20100419,7.38,7.38,7.3173,7.3263,548,0
20100420,7.3353,7.4963,7.3353,7.4963,3628,0
20100421,7.3353,7.371,7.3353,7.3442,5424,0
20100422,7.3084,7.4694,7.3084,7.3442,4207,0
20100423,7.331,7.4764,7.331,7.4764,23404,0
20100426,7.2905,7.5053,7.2637,7.4783,7072,0
20100427,7.3353,7.4246,7.3353,7.4246,3130,0
20100428,7.2457,7.4246,7.2457,7.4246,108112,0
20100429,7.4606,7.4606,7.4606,7.4606,465,0
20100430,7.431,7.6676,7.431,7.6129,6238,0
20100504,7.6663,7.7378,7.5678,7.6304,4881,0
20100505,7.7858,8.3587,7.7858,8.1405,81977,0
20100506,7.9585,8.2315,7.9585,8.1405,17131,0
20100507,7.5947,8.004,7.5856,8.004,3157,0
20100510,8.1132,8.1314,8.0495,8.1314,8151,0
20100511,8.2587,8.3133,7.8676,7.8949,19048,0
20100512,8.0495,8.1405,7.9131,8.1314,3152,0
20100513,8.186,8.2951,8.1132,8.2769,9762,0
20100514,8.2679,8.2679,7.8222,8.0676,3346,0
20100517,7.7221,7.9404,7.7221,7.7675,2320,0
20100518,7.7221,7.8676,7.7221,7.8676,854,0
20100519,7.9949,7.9949,7.7312,7.904,6338,0
20100520,7.8676,7.9585,7.5037,7.5037,7243,0
20100521,7.6311,7.6311,7.4038,7.5492,5554,0
20100524,7.6219,7.6219,7.5492,7.5674,1139,0
20100525,7.4583,7.6129,7.4583,7.6129,1494,0
20100526,7.6403,7.8039,7.6403,7.8039,2140,0
20100527,7.8131,7.8131,7.7403,7.8039,505,0
20100528,7.9858,7.9858,7.7494,7.904,2668,0
20100531,8.0768,8.0768,7.7858,8.0768,1185,0
20100601,7.9858,7.9858,7.7312,7.9221,4494,0
20100602,7.5492,7.713,7.4492,7.4492,17742,0
20100604,7.5037,7.6403,7.2764,7.3946,10343,0
20100607,7.4947,7.4947,7.3674,7.3674,3820,0
20100608,7.4947,7.4947,7.3855,7.3855,836,0
20100609,7.4674,7.4674,7.2946,7.4583,10383,0
20100610,7.5037,7.5856,7.4583,7.4583,4221,0
20100611,7.5492,7.5947,7.4583,7.4856,5841,0
20100614,7.4583,7.5947,7.4583,7.5492,15201,0
20100615,7.5492,7.6311,7.4674,7.6129,3015,0
20100616,7.6038,7.6403,7.5492,7.5492,770,0
20100617,7.6403,7.704,7.6129,7.6129,1104,0
20100618,7.5947,7.5947,7.4947,7.5947,439,0
20100621,7.5947,7.6403,7.5584,7.6403,1791,0
20100622,7.6403,7.6403,7.5584,7.6403,1056,0
20100623,7.5584,7.6403,7.4583,7.4674,7373,0
20100624,7.3946,7.4492,7.3855,7.4492,6064,0
20100625,7.4583,7.4583,7.4583,7.4583,440,0
20100628,7.5401,7.5401,7.4128,7.5401,9687,0
20100629,7.5401,7.5401,7.4128,7.5401,62718,0
20100630,7.4435,7.5268,7.4435,7.5268,770,0
20100701,7.5401,7.5401,7.431,7.531,8243,0
20100702,7.5401,7.5401,7.4219,7.522,242,0
20100705,7.522,7.5401,7.3765,7.5401,2166,0
20100706,7.5401,7.713,7.531,7.713,3121,0
20100707,7.7312,7.7312,7.5492,7.713,1649,0
20100708,7.5947,7.7312,7.4764,7.5128,1772,0
20100709,7.5128,7.6403,7.5128,7.6403,623,0
20100712,7.6403,7.7767,7.6403,7.7767,453,0
20100713,7.8676,7.8676,7.7312,7.7767,377,0
20100714,7.7585,7.7585,7.6038,7.6038,1073,0
20100715,7.6403,7.7221,7.6403,7.7221,382,0
20100716,7.7312,7.7312,7.6403,7.7312,838,0
20100719,7.6403,7.7312,7.6403,7.7312,271,0
20100720,7.7221,7.7221,7.7221,7.7221,472,0
20100721,7.713,7.713,7.6403,7.6948,422,0
20100722,7.6857,7.7221,7.6403,7.6403,1861,0
20100723,7.5765,7.9131,7.5765,7.9131,8759,0
20100726,7.8676,8.0495,7.7312,8.0495,5625,0
20100727,8.0131,8.0131,7.8676,7.9858,2522,0
20100728,8.004,8.004,7.9131,8.004,418,0
20100729,8.004,8.004,7.8222,7.8222,324,0
20100730,7.8222,7.8403,7.4583,7.7767,9547,0
20100802,7.8676,8.4588,7.8676,8.4406,45087,0
20100803,8.4042,8.4042,8.1951,8.3497,6430,0
20100804,8.186,8.3951,8.186,8.3861,5549,0
20100805,8.377,8.377,8.3497,8.377,468,0
20100806,8.3861,8.3861,8.104,8.3497,2684,0
20100809,8.3861,8.3861,8.3224,8.3497,4055,0
20100810,8.3497,8.3497,8.0949,8.2951,2842,0
20100811,8.2679,8.2679,7.9313,8.1769,6584,0
20100812,8.2315,8.2315,8.186,8.186,329,0
20100813,8.1951,8.2496,8.1951,8.2405,732,0
20100816,8.3042,8.4134,8.0586,8.4134,39818,0
20100817,8.4588,8.9863,8.4588,8.8227,42303,0
20100818,8.9226,9.541,8.9136,9.2684,95855,0
20100819,9.4502,9.532,9.0045,9.0772,21003,0
20100820,9.0682,9.1501,8.6408,9.1501,30197,0
20100823,9.1592,9.232,9.0955,9.1865,7942,0
20100824,9.1865,9.1956,9.0955,9.1592,8212,0
20100825,9.141,9.1774,8.9773,9.0955,3835,0
20100826,9.0955,9.2774,9.0955,9.1774,19048,0
20100827,9.1865,9.1865,8.959,9.1592,2668,0
20100830,9.1774,9.1774,8.8772,8.959,4469,0
20100831,8.8693,9.0821,8.8693,9.0821,6778,0
20100901,9.0955,9.0955,8.8227,9.0772,1336,0
20100902,9.0955,9.0955,8.7863,9.0045,5075,0
20100903,8.7771,9.0864,8.7771,8.959,2376,0
20100906,9.0045,9.0045,8.7317,8.9136,2319,0
20100907,8.9954,8.9954,8.8044,8.9136,1985,0
20100908,8.9045,8.9045,8.7408,8.8772,2651,0
20100909,8.8772,8.8772,8.759,8.8591,1547,0
20100910,8.8681,8.8681,8.7317,8.8227,3391,0
20100913,8.8135,8.8135,8.6408,8.7135,11091,0
20100914,8.7135,8.7135,8.6772,8.7135,1278,0
20100915,8.7135,8.8044,8.7135,8.7954,10628,0
20100916,8.8227,8.8227,8.6953,8.8135,8443,0
20100917,8.8227,8.8227,8.6953,8.8227,16378,0
20100920,8.8227,8.8681,8.7771,8.8681,6646,0
20100921,8.9136,8.9136,8.8408,8.8408,11318,0
20100922,8.8681,8.9136,8.8681,8.9136,7445,0
20100923,8.8227,8.9136,8.7771,8.8044,2072,0
20100924,8.9136,8.9136,8.7863,8.8227,1300,0
20100927,8.7863,8.9136,8.7771,8.9136,6312,0
20100928,8.9136,8.9136,8.7771,8.7771,1897,0
20100929,8.9136,8.9136,8.6408,8.8681,1083,0
20100930,8.8227,9.0045,8.7408,9.0045,9887,0
20101001,9.0045,9.0864,8.9226,9.05,12971,0
20101004,9.05,9.05,8.8408,8.8954,1984,0
20101005,8.8499,8.9136,8.8408,8.9136,6793,0
20101006,8.8499,8.9499,8.8499,8.9409,3432,0
20101007,8.9136,8.959,8.9045,8.959,8663,0
20101008,8.9136,9.05,8.9045,9.0045,17673,0
20101011,8.9136,9.0045,8.9136,9.0045,5178,0
20101012,9.0045,9.2684,9.0045,9.0955,23869,0
20101013,9.0955,9.1865,9.0955,9.1045,11901,0
20101014,9.1229,9.1774,9.0955,9.1229,11197,0
20101015,9.141,9.141,9.0955,9.1229,5123,0
20101018,9.141,9.2774,9.1137,9.2592,9332,0
20101019,9.2592,9.2774,9.1045,9.1865,6992,0
20101020,9.2684,9.2684,9.0955,9.1865,5652,0
20101021,9.2684,9.2684,9.0955,9.2501,3704,0
20101022,9.2047,9.2592,9.1319,9.1774,2010,0
20101025,9.2684,9.823,9.2592,9.823,34922,0
20101026,9.823,9.905,9.432,9.86,17179,0
20101027,9.823,9.86,9.641,9.823,6291,0
20101028,9.823,9.823,9.641,9.732,7374,0
20101029,9.73,9.73,9.628,9.73,2589,0
20101102,9.732,9.732,9.4593,9.687,12940,0
20101103,9.687,9.732,9.596,9.696,12006,0
20101104,9.696,9.732,8.7408,9.232,42451,0
20101105,9.341,9.541,9.232,9.341,4542,0
20101108,9.55,9.55,9.2956,9.3229,2602,0
20101109,9.3593,9.4865,9.1501,9.3683,11060,0
20101110,9.4865,9.4865,9.0045,9.0955,5284,0
20101112,8.9136,9.0772,8.6862,9.05,61263,0
20101115,9.05,9.05,8.9136,8.9954,19701,0
20101116,8.9954,9.1956,8.9499,9.1229,115285,0
20101117,9.1774,9.1774,9.0955,9.0955,1662,0
20101118,9.1774,9.2138,9.0045,9.0045,10875,0
20101119,9.232,9.232,8.9136,9.0045,985,0
20101122,9.0864,9.1319,9.0136,9.0136,11481,0
20101123,9.0772,9.0772,8.9226,9.0772,1773,0
20101124,9.0772,9.0772,8.9499,9.0772,4993,0
20101125,9.0864,9.0864,9.0045,9.0772,6482,0
20101126,9.232,9.232,8.9136,8.959,9682,0
20101129,8.959,9.0408,8.8227,8.8317,18295,0
20101130,8.6933,8.7304,8.5452,8.7304,20200,0
20101201,8.7771,8.8591,8.6225,8.8227,3644,0
20101202,8.9045,8.9136,8.8227,8.9136,1957,0
20101203,8.9136,8.9136,8.7317,8.8227,7179,0
20101206,8.8681,8.8681,8.7499,8.8227,2268,0
20101207,8.8227,8.8227,8.8044,8.8227,6868,0
20101208,8.7499,8.8227,8.7499,8.8227,42045,0
20101209,8.8227,8.8227,8.759,8.7771,679,0
20101210,8.8681,8.8681,8.7317,8.8135,2488,0
20101213,8.7317,8.8227,8.7317,8.8227,2089,0
20101214,8.8227,8.8227,8.6588,8.7317,2608,0
20101215,8.6588,8.6588,8.4134,8.5497,6637,0
20101216,8.5497,8.5497,8.4588,8.5497,5530,0
20101217,8.5497,8.5497,8.4588,8.5497,38212,0
20101220,8.5497,8.5497,8.4679,8.5497,1368,0
20101221,8.5497,8.6316,8.5497,8.5952,1783,0
20101222,8.5952,8.5952,8.3224,8.3678,9840,0
20101223,8.286,8.5316,8.286,8.4952,3901,0
20101227,8.3678,8.4134,8.3314,8.4134,1886,0
20101228,8.4134,8.4224,8.3042,8.4224,16547,0
20101229,8.286,8.4803,8.286,8.4803,9641,0
20101230,8.5452,8.7489,8.5452,8.7489,7784,0
20101231,8.7581,8.8878,8.6378,8.8878,16006,0
20110103,8.8772,8.9954,8.8681,8.9136,23571,0
20110104,9.0045,9.0045,8.7317,8.7317,2788,0
20110105,8.8954,8.8954,8.6499,8.6953,1771,0
20110107,8.7044,8.7044,8.3861,8.7044,59889,0
20110110,8.6408,8.7044,8.4679,8.6408,2766,0
20110111,8.6862,8.7135,8.5497,8.6862,1427,0
20110112,8.7135,8.7771,8.7135,8.7771,5814,0
20110113,8.9045,8.9045,8.7408,8.8681,498,0
20110114,8.8227,8.8227,8.7317,8.7408,5169,0
20110117,8.9045,8.9136,8.8317,8.9136,7941,0
20110118,8.9954,8.9954,8.8227,8.9136,19147,0
20110119,8.8408,8.9954,8.8317,8.8317,561,0
20110120,8.8317,8.8317,8.8317,8.8317,34,0
20110121,8.8135,8.8591,8.6408,8.8135,1777,0
20110124,8.8135,8.8135,8.6408,8.6408,1530,0
20110125,8.6408,8.6408,8.6408,8.6408,1121,0
20110126,8.6408,8.6408,8.5497,8.5497,1703,0
20110127,8.5043,8.7317,8.5043,8.5133,847,0
20110128,8.5133,8.6225,8.5133,8.6225,4887,0
20110131,8.5359,8.7581,8.5359,8.7581,5068,0
20110201,8.6862,8.759,8.5497,8.7226,13146,0
20110202,8.7226,8.9136,8.5952,8.9136,337125,0
20110203,8.9318,9.1774,8.8954,8.9136,140072,0
20110204,8.7771,9.0227,8.7771,8.9136,3175,0
20110207,8.8681,8.9136,8.6953,8.9136,2397,0
20110208,8.9136,8.9136,8.6953,8.8954,1389,0
20110209,8.8954,8.959,8.8227,8.959,3812,0
20110210,8.959,8.959,8.7771,8.7771,80458,0
20110211,8.9318,8.959,8.7771,8.9499,3466,0
20110214,9.0772,9.0772,8.6953,8.8863,4375,0
20110215,8.9136,9.0045,8.7408,8.9136,8341,0
20110216,9.05,9.05,8.8681,8.8681,30833,0
20110217,9.0045,9.0045,8.6953,8.7771,2703,0
20110218,8.959,9.823,8.9136,8.9136,60918,0
20110221,8.8863,9.0772,8.8135,8.8135,4121,0
20110222,8.9136,9.687,8.7317,9.687,14506,0
20110223,9.141,9.3683,9.0955,9.3593,7442,0
20110224,9.3502,9.3502,8.9681,8.9681,6001,0
20110225,8.9681,9.141,8.9681,9.1319,809,0
20110228,9.0914,9.3507,9.0729,9.3321,2633,0
20110301,9.3683,9.541,9.1592,9.4229,2330,0
20110302,9.523,9.523,9.3229,9.3956,1106,0
20110303,9.3956,9.3956,9.0318,9.3138,494,0
20110304,9.3866,9.3866,9.0045,9.2684,5108,0
20110307,9.1865,9.2774,9.0591,9.2774,2329,0
20110308,9.1865,9.2684,9.0591,9.0591,5622,0
20110309,9.0591,9.2592,9.0227,9.2592,4174,0
20110310,9.341,9.4593,9.2774,9.3956,17399,0
20110311,9.3683,9.3866,9.1319,9.1865,542225,0
20110314,9.141,9.3502,9.1137,9.232,5037,0
20110315,9.0955,9.2592,9.05,9.232,116766,0
20110316,9.232,9.232,9.141,9.1683,6363,0
20110317,9.1655,9.2396,9.1655,9.2303,2967,0
20110318,9.232,9.232,9.1683,9.232,1767,0
20110321,9.4229,9.4229,9.1865,9.2411,813,0
20110322,9.2774,9.3138,9.2411,9.3138,1437,0
20110323,9.3229,9.3229,9.3047,9.3138,2102,0
20110324,9.3229,9.3229,9.1774,9.3047,3420,0
20110325,9.3047,9.3047,9.0955,9.2684,7714,0
20110328,9.2501,9.2501,9.0955,9.232,11121,0
20110329,9.2047,9.2047,9.0955,9.1592,1037,0
20110330,9.1592,9.1592,9.1045,9.1137,1644,0
20110331,9.1655,9.221,9.0914,9.1747,4030,0
20110401,9.1774,9.2228,9.0955,9.2228,13100,0
20110404,9.2411,9.2684,9.141,9.2411,5732,0
20110405,9.2673,9.2673,9.1377,9.2303,2636,0
20110406,9.141,9.1774,9.141,9.1592,4771,0
20110407,9.221,9.221,9.1747,9.2118,8633,0
20110408,9.2684,9.2684,9.1229,9.232,2795,0
20110411,9.2138,9.2138,9.1137,9.1865,19184,0
20110412,9.184,9.184,9.0358,9.1747,8715,0
20110413,9.05,9.1865,9.05,9.1865,117048,0
20110414,9.1865,9.2774,9.0591,9.2774,7099,0
20110415,9.2774,9.596,9.1229,9.596,8623,0
20110418,9.55,9.55,9.1319,9.232,6169,0
20110419,9.232,9.4775,9.1229,9.4775,2456,0
20110420,9.4775,9.4775,9.1683,9.2411,1981,0
20110421,9.4865,9.4865,9.2501,9.3956,1645,0
20110426,9.4896,9.4896,9.0914,9.2858,8164,0
20110427,9.2865,9.2865,9.0955,9.2501,543,0
20110428,9.2303,9.4896,9.2303,9.4896,6502,0
20110429,9.554,9.814,9.4618,9.73,15049,0
20110502,9.73,9.814,9.4896,9.712,9222,0
20110504,9.554,9.638,9.527,9.628,7327,0
20110505,9.684,9.684,9.2396,9.527,8209,0
20110506,9.4618,9.4618,9.2396,9.4062,829,0
20110509,9.4433,9.4433,9.1933,9.3229,3712,0
20110510,9.517,9.517,9.3136,9.397,3026,0
20110511,9.3136,9.3507,9.2118,9.3507,3785,0
20110512,9.471,9.471,9.184,9.3507,1313,0
20110513,9.3507,9.3507,9.1377,9.3507,2331,0
20110516,9.2025,9.3414,9.2025,9.2118,10689,0
20110517,9.3414,9.3414,9.184,9.2118,4134,0
20110518,9.0729,9.221,8.9433,9.221,2919,0
20110519,9.221,9.2488,9.1655,9.1655,769,0
20110520,9.2025,9.2118,9.1655,9.1655,8798,0
20110523,9.2025,9.2025,8.9526,8.9804,962,0
20110524,8.9804,9.1655,8.9804,9.1192,1221,0
20110525,9.1655,9.1655,8.9804,8.9896,1685,0
20110526,9.0266,9.0636,9.0173,9.0636,1053,0
20110527,8.9804,9.4433,8.9804,9.4247,3305,0
20110530,9.434,9.4896,9.2118,9.4247,2548,0
20110531,9.3507,9.3784,9.1747,9.3784,550,0
20110601,9.3507,9.3507,9.2581,9.3507,1563,0
20110602,9.2581,9.3321,9.2118,9.2118,1574,0
20110603,9.4155,9.4155,9.2118,9.3414,1842,0
20110606,9.184,9.4433,9.0266,9.2303,3779,0
20110607,9.2488,9.2488,8.9988,9.2303,131370,0
20110608,9.2303,9.2581,9.0451,9.2581,6390,0
20110609,9.397,9.397,9.0266,9.2581,2661,0
20110610,9.3507,9.3507,9.0914,9.3136,616,0
20110613,9.3136,9.3136,8.9988,9.2766,3568,0
20110614,9.0729,9.2581,9.0729,9.2581,1388,0
20110615,9.2673,9.2673,9.0821,9.2488,490,0
20110616,9.2488,9.2488,9.0729,9.2488,3549,0
20110617,9.0914,9.2488,9.0821,9.2488,1733,0
20110620,9.2581,9.2581,9.0266,9.0266,6088,0
20110621,9.0358,9.0544,9.0266,9.0358,2549,0
20110622,9.2118,9.2118,9.0266,9.1192,1909,0
20110624,9.2118,9.2118,8.9896,8.9896,1211,0
20110627,9.1192,9.1192,8.7952,8.8878,1670,0
20110628,8.9711,8.9711,8.61,8.9526,1172,0
20110629,8.9711,8.9804,8.6933,8.9804,3671,0
20110630,9.1007,9.1007,8.7489,9.0729,3202,0
20110701,9.1007,9.1007,8.7952,9.0266,18452,0
20110704,9.1007,9.1007,8.9896,9.0914,27739,0
20110705,9.1007,9.1007,8.9804,9.0729,562,0
20110706,9.1007,9.1007,8.897,8.9804,832,0
20110707,8.9711,9.0636,8.8322,9.0636,2775,0
20110708,9.0729,9.0729,8.8878,9.0544,1509,0
20110711,9.0544,9.0544,9.0266,9.0266,669,0
20110712,8.9711,8.9711,8.4249,8.8322,4826,0
20110713,8.8322,8.8322,8.6933,8.7859,11342,0
20110714,8.61,8.823,8.61,8.8044,947,0
20110715,8.8322,8.8322,8.6192,8.7952,740,0
20110718,8.61,8.61,8.4711,8.5174,938,0
20110719,8.5637,8.5637,8.3693,8.5174,317,0
20110720,8.5174,8.5174,8.3508,8.4711,950,0
20110721,8.5637,8.5637,8.3416,8.5359,1098,0
20110722,8.5359,8.5637,8.2582,8.5174,2767,0
20110725,8.5544,8.5544,8.2582,8.5359,585,0
20110726,8.5637,8.5637,8.2953,8.2953,56059,0
20110727,8.5359,8.5359,8.286,8.323,724,0
20110728,8.323,8.3323,7.9989,8.3323,9051,0
20110729,8.3323,8.3323,7.9064,8.3323,5125,0
20110801,8.2397,8.3323,8.2397,8.3323,542,0
20110802,8.0545,8.3323,8.0545,8.1934,593,0
20110803,8.323,8.323,7.7398,8.1934,3613,0
20110804,7.5638,7.9619,7.5638,7.9619,11688,0
20110805,7.5546,7.7768,7.4064,7.7305,2980,0
20110808,7.3602,7.5916,7.0639,7.1287,15964,0
20110809,6.9435,6.9435,6.1752,6.6566,12437,0
20110810,7.2121,7.2121,6.7584,6.7584,2610,0
20110811,6.9343,6.9343,6.388,6.925,3396,0
20110812,6.9435,7.2584,6.7584,7.0361,17704,0
20110816,7.3972,7.3972,7.1287,7.3972,740,0
20110817,7.7675,7.9157,7.4064,7.7675,6579,0
20110818,7.8694,7.8694,7.2213,7.499,32676,0
20110819,7.4898,7.4898,6.8602,7.4064,124588,0
20110822,7.6657,7.6657,7.3139,7.4527,1319,0
20110823,7.499,7.499,7.4064,7.4064,567,0
20110824,7.3972,7.4064,7.0546,7.4064,1736,0
20110825,7.3972,7.3972,7.3972,7.3972,5,0
20110826,7.4064,7.4064,6.9806,7.2121,762,0
20110829,7.2213,7.5638,7.2213,7.5638,1591,0
20110830,7.5638,7.5638,7.4064,7.4064,3853,0
20110831,7.4064,7.4064,7.3139,7.4064,887,0
20110901,7.2213,7.4064,7.2213,7.4064,667,0
20110902,7.4805,7.4805,7.1287,7.3879,552,0
20110905,7.175,7.3139,6.9528,7.3139,835,0
20110906,7.3047,7.3139,7.3047,7.3139,555,0
20110907,7.4064,7.4064,7.4064,7.4064,5,0
20110908,7.4898,7.4898,6.8509,6.9435,54834,0
20110909,7.0824,7.0824,6.8509,7.0732,455,0
20110912,7.0361,7.0361,6.388,7.0361,3399,0
20110913,6.6658,6.9343,6.4806,6.5269,7334,0
20110914,6.5732,6.7121,6.564,6.7121,311,0
20110915,6.8324,6.8324,6.5732,6.5732,347,0
20110916,6.5732,6.5732,6.3973,6.564,1211,0
20110919,6.564,6.7584,6.564,6.7584,476,0
20110920,6.7121,7.1287,6.7121,6.9435,2371,0
20110921,7.1287,7.1287,7.1287,7.1287,145,0
20110922,7.0361,7.1287,7.0361,7.1287,179,0
20110923,6.8417,6.8417,6.6844,6.6936,1160,0
20110926,6.7955,6.7955,6.6658,6.7955,1689,0
20110927,6.7955,6.7955,6.6658,6.6658,238,0
20110928,6.6658,6.777,6.6658,6.6844,1041,0
20110929,6.6658,7.175,6.6658,7.175,525,0
20110930,7.175,7.175,6.7862,6.8509,42450,0
20111003,6.8509,6.9435,6.8509,6.9435,38,0
20111004,7.175,7.175,6.7121,6.7214,2641,0
20111005,6.8047,6.8047,6.8047,6.8047,335,0
20111006,6.8509,6.8602,6.8047,6.8047,5817,0
20111007,6.8047,6.9435,6.8047,6.9435,562,0
20111010,7.175,7.3139,7.1287,7.3139,997,0
20111011,7.3139,7.3139,7.3139,7.3139,238,0
20111012,7.5638,7.5638,6.9435,6.9991,325943,0
20111013,7.0269,7.0269,7.0269,7.0269,442,0
20111014,6.9991,7.1287,6.9991,6.9991,335,0
20111017,7.138,7.4064,7.138,7.2398,5553,0
20111018,7.175,7.5731,7.175,7.5731,1002,0
20111019,7.6379,7.6379,7.499,7.5083,7193,0
20111020,7.5453,7.5453,7.4527,7.5268,3657,0
20111021,7.5268,7.6564,7.499,7.6564,1862,0
20111024,7.6379,7.6379,7.5638,7.5916,1380,0
20111025,7.5916,7.6472,7.5268,7.5824,3705,0
20111026,7.5916,7.5916,7.5824,7.5824,3175,0
20111027,7.5916,7.5916,7.5175,7.5824,10344,0
20111028,7.5824,7.5824,7.2213,7.5546,7030,0
20111031,7.5638,7.5638,7.5638,7.5638,11,0
20111102,7.1287,7.4064,7.0361,7.4064,53553,0
20111103,7.351,7.5916,7.2213,7.5916,4590,0
20111104,7.5824,7.5824,7.499,7.5731,41422,0
20111107,7.5824,7.5824,7.462,7.462,1121,0
20111108,7.4157,7.499,7.2306,7.4898,1446,0
20111109,7.5824,7.5824,7.4064,7.499,4528,0
20111110,7.4064,7.5731,7.2213,7.5731,1734,0
20111114,7.5453,7.5453,7.4157,7.499,1289,0
20111115,7.5453,7.6009,7.3139,7.6009,9051,0
20111116,7.6009,7.6009,7.5916,7.6009,816,0
20111117,7.6009,7.6009,7.499,7.5916,447,0
20111118,7.5916,7.5916,7.499,7.499,538,0
20111121,7.499,7.499,7.499,7.499,11,0
20111122,7.4805,7.5916,7.3324,7.499,1150,0
20111123,7.5453,7.5453,7.1658,7.1658,1181,0
20111124,7.2213,7.2213,7.2213,7.2213,2072,0
20111125,7.4064,7.4064,6.9435,7.1195,3295,0
20111128,7.2676,7.2676,7.1935,7.1935,552,0
20111129,7.0546,7.2676,7.0546,7.2213,1118,0
20111130,7.2676,7.2676,7.0361,7.2213,2051,0
20111201,7.3047,7.3047,7.1287,7.2213,1325,0
20111202,7.3139,7.3139,7.0824,7.3047,1064,0
20111205,7.3047,7.3047,7.0361,7.2213,3064,0
20111206,7.2954,7.2954,7.2954,7.2954,5,0
20111207,7.2769,7.2769,7.2676,7.2676,335,0
20111208,7.0454,7.3139,7.0454,7.1195,13806,0
20111209,7.1195,7.2121,7.1102,7.2121,1360,0
20111212,7.3047,7.3047,7.2584,7.2584,919,0
20111213,7.175,7.175,6.9898,7.1658,1053,0
20111214,7.1658,7.2213,7.0546,7.2213,1968,0
20111215,7.2121,7.2213,7.2028,7.2213,3765,0
20111216,7.3047,7.3047,7.1565,7.2954,217194,0
20111219,7.2954,7.3139,7.0824,7.3139,3637,0
20111220,7.3602,7.3602,7.3139,7.3139,3327,0
20111221,7.2306,7.4898,7.2306,7.4712,486,0
20111222,7.462,7.6379,7.462,7.6379,6375,0
20111223,7.6842,7.6842,7.4064,7.6749,11590,0
20111227,7.7212,7.7212,7.5546,7.6749,23971,0
20111228,7.6842,7.6842,7.5916,7.6842,1629,0
20111229,7.6749,7.6842,7.5916,7.6842,3126,0
20111230,7.6826,7.8686,7.6728,7.8588,8630,0
20120102,7.8694,7.8694,7.6842,7.8138,7847,0
20120103,7.8694,7.8694,7.8231,7.8694,2864,0
20120104,7.8601,7.8694,7.8601,7.8694,3778,0
20120105,7.8694,7.8694,7.5916,7.8601,616,0
20120109,7.8601,7.8601,7.8601,7.8601,12044,0
20120110,7.8601,7.8601,7.7305,7.8601,16305,0
20120111,7.8694,7.9897,7.8694,7.8694,5083,0
20120112,7.9897,7.9897,7.8694,7.9526,285,0
20120113,7.9989,8.2304,7.8694,8.2212,640,0
20120116,8.2027,8.2027,7.8694,7.8694,1453,0
20120117,7.9526,7.9526,7.9526,7.9526,11,0
20120118,7.9341,7.9341,7.9341,7.9341,11,0
20120119,7.712,7.9341,7.712,7.7953,675,0
20120120,7.9341,7.9341,7.7768,7.7768,519,0
20120123,7.7768,8.0915,7.7027,8.0915,11020,0
20120124,8.0638,8.1101,8.0545,8.0545,2249,0
20120125,8.1008,8.1008,8.0915,8.1008,1400,0
20120126,8.1193,8.4803,8.1193,8.4619,9496,0
20120127,8.4619,8.5081,8.3323,8.5081,909,0
20120130,8.5637,8.5637,8.3693,8.5359,10232,0
20120131,8.5634,8.5634,8.4754,8.5634,2924,0
20120201,8.5729,8.9804,8.5729,8.8878,6348,0
20120202,8.9804,8.9804,8.8507,8.9804,1616,0
20120203,8.8785,8.8785,8.7952,8.8044,6104,0
20120206,8.7026,9.0544,8.7026,9.0544,11348,0
20120207,9.1007,9.1655,8.823,9.0358,35362,0
20120208,8.8878,9.1655,8.8878,9.1562,1443,0
20120209,9.1655,9.1655,8.7952,8.9804,1318,0
20120210,8.8878,8.8878,8.7026,8.7489,1209,0
20120213,8.7026,8.7026,8.6841,8.6841,701,0
20120214,8.7674,8.9341,8.7674,8.8044,1378,0
20120215,8.8878,9.1377,8.8878,9.1377,2094,0
20120216,9.221,9.3044,9.147,9.2581,31347,0
20120217,9.2581,9.2581,9.1377,9.2581,4823,0
20120220,9.2581,9.897,9.184,9.2118,54617,0
20120221,9.619,9.619,9.434,9.582,323431,0
20120222,9.804,9.814,8.9433,9.2581,10093,0
20120223,9.517,9.517,9.397,9.4155,2390,0
20120224,9.4155,9.4155,9.397,9.4155,711,0
20120227,9.1192,9.3044,9.0451,9.1655,2795,0
20120228,8.9804,9.2118,8.8878,9.184,2340,0
20120229,9.2025,9.2581,8.8878,8.8878,3243,0
20120301,8.9804,8.9804,8.6285,8.7026,4559,0
20120302,8.8415,9.1099,8.7489,9.1099,101883,0
20120305,9.1655,9.1655,8.9341,9.0729,1510,0
20120306,9.1192,9.1192,8.7489,8.7489,2577,0
20120307,8.7489,8.7489,8.3323,8.7026,10265,0
20120308,8.7952,9.0173,8.7026,9.0173,3459,0
20120309,9.0081,9.0081,8.7396,8.9804,919,0
20120312,8.9619,8.9619,8.61,8.6655,4610,0
20120313,8.7859,8.9156,8.5081,8.823,29908,0
20120314,8.8878,8.9063,8.6563,8.6563,4483,0
20120315,8.8322,8.9063,8.7952,8.897,7144,0
20120316,8.897,8.897,8.7489,8.8878,465,0
20120319,8.8878,8.8878,8.7026,8.8878,1813,0
20120320,8.8878,8.8878,8.7489,8.7581,3430,0
20120321,8.7118,8.8693,8.7026,8.8415,1595,0
20120322,8.8693,8.8693,8.4527,8.7489,2518,0
20120323,8.8878,8.8878,8.5174,8.8415,1167,0
20120326,8.8878,8.8878,8.7952,8.8878,354,0
20120327,8.9063,8.9711,8.7952,8.9619,1835,0
20120328,8.9804,8.9804,8.5359,8.8878,3363,0
20120329,8.9341,8.9341,8.5544,8.8878,3422,0
20120330,8.9158,8.9745,8.5537,8.8864,8629,0
20120402,8.8878,8.9804,8.8878,8.9804,1002,0
20120403,8.9804,8.9804,8.8693,8.8693,1626,0
20120404,8.8878,8.8878,8.7211,8.8693,1495,0
20120405,8.8322,8.8693,8.5174,8.8507,2949,0
20120410,8.8507,8.8507,8.7952,8.7952,1086,0
20120411,8.7952,8.7952,8.6841,8.7026,2539,0
20120412,8.8693,8.8693,8.7952,8.823,1501,0
20120413,8.9341,8.9341,8.7211,8.823,3133,0
20120416,8.7304,8.7489,8.6378,8.6563,2491,0
20120417,8.6563,8.7026,8.6563,8.6841,2251,0
20120418,8.7489,8.7489,8.6192,8.7489,619,0
20120419,8.7489,8.7489,8.5637,8.7489,288,0
20120420,8.7859,8.7859,8.6285,8.7859,7623,0
20120423,8.8785,8.8785,8.5915,8.5915,2610,0
20120424,8.5915,8.5915,8.4711,8.4711,4369,0
20120425,8.4803,8.5174,8.4527,8.4527,1927,0
20120426,8.5822,8.5822,8.3879,8.5822,1382,0
20120427,8.5174,8.5174,8.5081,8.5174,1191,0
20120430,8.583,8.583,8.583,8.583,11,0
20120502,8.3416,8.5359,8.3416,8.5359,552,0
20120504,8.5359,8.7026,8.5359,8.7026,291,0
20120507,8.7026,8.8878,8.61,8.8878,1263,0
20120508,8.8785,8.8785,8.8785,8.8785,136,0
20120509,8.86,8.8785,8.7952,8.8785,132,0
20120510,8.8785,8.8785,8.8693,8.8693,33,0
20120511,8.8693,8.8693,8.7489,8.7952,178,0
20120514,8.7118,8.86,8.4249,8.5081,3147,0
20120515,8.7859,8.7859,8.4711,8.6933,217,0
20120516,8.6563,8.6563,8.3508,8.647,120,0
20120517,8.5544,8.5544,8.3508,8.5544,519,0
20120518,8.61,8.61,8.2027,8.5081,1191,0
20120521,8.5081,8.5081,8.5081,8.5081,11,0
20120522,8.5081,8.5081,8.3323,8.3323,227,0
20120523,8.3323,8.3323,7.499,7.499,2652,0
20120524,7.6842,8.2397,7.5361,7.5361,59240,0
20120525,7.9157,7.9157,7.4249,7.4249,1047,0
20120528,7.6842,7.6842,7.4527,7.6749,1047,0
20120529,7.7768,7.7768,7.499,7.7583,335,0
20120530,7.6842,7.8601,7.5453,7.5453,751,0
20120531,7.7316,7.7316,6.9682,7.5848,6640,0
20120601,7.6564,7.6842,7.4064,7.5916,2015,0
20120604,7.5916,7.5916,7.4064,7.499,2017,0
20120605,7.5456,7.5456,7.0367,7.0367,1695,0
20120606,6.9486,7.6826,6.9486,7.6826,15589,0
20120608,7.6842,7.6842,7.6842,7.6842,761,0
20120611,7.7768,7.7768,7.7768,7.7768,144,0
20120612,8.1934,8.1934,7.6842,7.6842,1050,0
20120613,7.9157,7.9157,7.499,7.499,2982,0
20120614,7.7768,7.7768,7.4064,7.5731,2606,0
20120615,7.5731,8.1378,7.5731,7.6101,1456,0
20120618,8.3323,8.4249,7.8231,7.8231,10332,0
20120619,7.9619,7.9619,7.8138,7.8694,3664,0
20120620,8.1471,8.1471,7.8138,7.8138,2240,0
20120621,7.9989,7.9989,7.6842,7.6842,1145,0
20120622,7.8588,7.8588,7.6826,7.7805,309,0
20120625,8.0082,8.0082,8.0082,8.0082,108,0
20120626,8.036,8.036,7.7305,8.0267,2743,0
20120627,8.036,8.0545,7.9249,7.9249,1631,0
20120628,8.1471,8.1471,7.8694,8.1471,1973,0
20120629,8.2209,8.3775,7.9664,8.3775,8194,0
20120702,8.4264,8.4264,7.9664,8.1915,5700,0
20120703,8.2796,8.2894,7.9664,7.9664,1805,0
20120704,8.0545,8.3286,8.0545,8.1426,18265,0
20120705,8.3286,8.3286,8.1132,8.1132,91374,0
20120706,8.3286,8.3286,7.9958,8.0545,29389,0
20120709,8.3188,8.3677,8.172,8.2405,20758,0
20120710,8.4068,8.4068,8.1817,8.1915,16175,0
20120711,8.2698,8.2698,7.9273,7.9273,8309,0
20120712,8.2209,8.2209,7.986,7.986,4613,0
20120713,7.8784,8.2209,7.8784,7.8979,2386,0
20120716,8.0252,8.0252,7.8979,8.0154,4864,0
20120717,8.123,8.2209,8.123,8.2209,13298,0
20120718,8.2209,8.2209,8.0252,8.035,704,0
20120719,8.2209,8.3971,8.2209,8.3971,2112,0
20120720,8.3971,8.3971,8.1915,8.1915,1032,0
20120723,8.309,8.309,7.9273,8.172,1180,0
20120724,8.2209,8.2209,7.986,8.172,1255,0
20120725,8.2209,8.2209,8.2209,8.2209,2,0
20120726,8.2209,8.2209,7.9273,8.1035,1978,0
20120727,8.1915,8.1915,8.1132,8.1132,2054,0
20120730,8.1132,8.1132,8.1132,8.1132,411,0
20120731,8.1132,8.1132,8.0252,8.1132,409448,0
20120801,8.1132,8.1132,8.1132,8.1132,3,0
20120802,8.0741,8.0741,7.9762,8.0741,64,0
20120803,8.1132,8.1132,8.1132,8.1132,5,0
20120806,8.1132,8.1132,8.1132,8.1132,19,0
20120807,8.1132,8.1132,8.0741,8.0741,377,0
20120808,8.0741,8.0741,8.0741,8.0741,321,0
20120809,8.0741,8.0741,7.8294,8.0252,3499,0
20120810,8.0643,8.0643,7.8294,8.0154,11814,0
20120813,8.0154,8.0154,7.9762,8.0154,442,0
20120814,7.9664,8.0154,7.9664,8.0154,240,0
20120816,8.0154,8.0154,7.8294,7.8881,690,0
20120817,8.0056,8.0056,7.7316,7.7805,1083,0
20120820,7.8294,7.8294,7.7316,7.8294,12885,0
20120821,7.6435,7.7805,7.5358,7.7707,13336,0
20120822,7.7316,8.0252,7.6631,7.9273,3565,0
20120823,8.0056,8.0545,8.0056,8.0447,6582,0
20120824,8.0643,8.0741,7.8294,7.8979,12658,0
20120827,7.9175,8.0252,7.8392,7.9175,12180,0
20120828,8.0154,8.0154,7.9664,7.9664,6141,0
20120829,7.9762,7.9762,7.8784,7.8784,9466,0
20120830,7.9958,7.9958,7.8686,7.8686,10653,0
20120831,7.9664,7.9664,7.9273,7.9371,7891,0
20120903,7.9175,7.9175,7.6337,7.8784,8154,0
20120904,7.9175,7.9175,7.8881,7.8881,3480,0
20120905,7.8294,7.8294,7.7805,7.7805,5119,0
20120906,7.9077,7.9273,7.9077,7.9273,4608,0
20120907,7.9175,7.9175,7.7511,7.9077,3292,0
20120910,7.8979,7.8979,7.7316,7.8294,2425,0
20120911,7.8294,7.8294,7.8196,7.8196,2064,0
20120912,7.8196,7.8196,7.5554,7.7316,8783,0
20120913,7.7903,7.8001,7.7805,7.7805,3785,0
20120914,7.7805,7.8196,7.6337,7.7805,7916,0
20120917,7.8196,7.8294,7.7805,7.7805,5921,0
20120918,7.8686,7.8686,7.8099,7.8294,14361,0
20120919,7.8196,7.8196,7.8099,7.8099,2259,0
20120920,7.8001,7.8001,7.712,7.8001,14199,0
20120921,7.7903,7.7903,7.6337,7.7218,3468,0
20120924,7.7805,7.7805,7.7805,7.7805,1328,0
20120925,7.7903,7.7903,7.7903,7.7903,184,0
20120926,7.7805,7.7805,7.7805,7.7805,1032,0
20120927,7.7903,7.7903,7.7805,7.7805,1669,0
20120928,8.0154,8.0154,7.7805,7.7805,3195,0
20121001,7.8196,8.0545,7.8196,7.9273,7650,0
20121002,7.9273,8.0252,7.8784,7.8784,9074,0
20121003,7.9762,7.9762,7.8784,7.8784,2365,0
20121004,7.9762,7.9762,7.8294,7.8294,5241,0
20121005,7.9175,7.9175,7.712,7.8294,10869,0
20121008,7.8588,7.8784,7.8294,7.8294,13304,0
20121009,7.8294,7.8294,7.7511,7.7511,2847,0
20121010,7.9077,7.9077,7.712,7.8588,1223,0
20121011,7.8294,7.8294,7.7316,7.8294,1326,0
20121012,7.8294,7.8294,7.7805,7.8294,12025,0
20121015,7.8294,7.8294,7.712,7.8294,2170,0
20121016,7.7903,7.7903,7.7022,7.7903,1328,0
20121017,7.8294,7.8294,7.6924,7.6924,2002,0
20121018,7.8196,8.0056,7.7805,8.0056,50016,0
20121019,8.0154,8.3383,7.9175,8.3383,202888,0
20121022,8.4166,8.6124,8.2209,8.4656,14945,0
20121023,8.5047,8.5634,8.123,8.2209,5861,0
20121024,8.2992,8.2992,8.2013,8.2013,6345,0
20121025,8.2209,8.2209,8.035,8.035,2752,0
20121026,8.172,8.172,8.0741,8.0741,2033,0
20121029,8.0741,8.3188,7.8881,8.172,3362,0
20121030,7.8784,8.2209,7.8784,8.1132,4051,0
20121031,8.1035,8.2013,7.9762,8.2013,1042,0
20121102,8.1524,8.1524,7.8686,7.8686,1236,0
20121105,8.0252,8.0252,7.849,7.849,1832,0
20121106,7.9273,7.9273,7.9273,7.9273,521,0
20121107,7.9273,8.0741,7.7316,7.9175,3313,0
20121108,7.8979,7.8979,7.8784,7.8784,623,0
20121109,7.8979,7.8979,7.3792,7.438,9087,0
20121112,7.6337,7.6337,7.252,7.4967,8901,0
20121113,7.6239,7.6239,7.3401,7.575,5747,0
20121114,7.575,7.575,7.3792,7.3792,7255,0
20121115,7.5065,7.7218,7.5065,7.7218,1443,0
20121116,7.7022,7.7022,7.7022,7.7022,7419,0
20121119,7.6924,7.7609,7.4967,7.7511,1258,0
20121120,7.7511,7.8294,7.5554,7.5554,971,0
20121121,7.7511,7.7511,7.575,7.7218,1260,0
20121122,7.5848,7.8294,7.5848,7.5848,3654,0
20121123,7.7805,7.7805,7.7316,7.7316,521,0
20121126,7.8196,7.8196,7.6337,7.8001,142,0
20121127,7.7903,7.7903,7.6337,7.7903,523,0
20121128,7.7903,7.7903,7.7903,7.7903,31,0
20121129,7.7316,7.7316,7.6826,7.6826,828,0
20121130,7.7218,7.8294,7.7218,7.8099,1471,0
20121203,7.5456,7.7903,7.5358,7.6631,1262,0
20121204,7.7903,7.7903,7.6826,7.6826,3286,0
20121205,7.7707,7.7707,7.5456,7.5456,2309,0
20121206,7.5456,7.6924,7.3988,7.5554,2540,0
20121207,7.5554,7.6924,7.5554,7.6141,47,0
20121210,7.7805,7.7805,7.7316,7.7316,322,0
20121211,7.6337,7.7413,7.6337,7.712,930,0
20121212,7.712,7.712,7.5848,7.5848,10054,0
20121213,7.7218,7.7218,7.6337,7.6337,1319,0
20121214,7.7218,7.7218,7.5358,7.5456,1861,0
20121217,7.5456,7.7022,7.5456,7.6043,2002,0
20121218,7.7022,7.7707,7.6826,7.6924,68737,0
20121219,7.7707,7.7707,7.6337,7.6337,3833,0
20121220,7.6337,7.7413,7.6337,7.6337,72263,0
20121221,7.7316,7.7413,7.6337,7.7413,1035,0
20121227,7.7707,7.8099,7.6533,7.6533,3761,0
20121228,7.8294,7.9762,7.6826,7.8294,26082,0
20130102,7.8784,7.9273,7.7511,7.7511,2075,0
20130103,8.0252,8.0252,7.8294,7.8294,819,0
20130104,7.9958,7.9958,7.7805,7.8294,1699,0
20130107,7.8294,7.8294,7.7805,7.8196,2429,0
20130108,7.8196,7.9762,7.8196,7.9762,52752,0
20130109,7.986,7.986,7.8392,7.9762,30304,0
20130110,7.9958,8.0154,7.9469,7.9469,464,0
20130111,7.9469,8.0252,7.9273,8.0252,2155,0
20130114,8.0154,8.0252,7.8881,8.0252,623,0
20130115,8.0252,8.1132,7.9469,8.0447,2439,0
20130116,8.0839,8.2992,8.0839,8.1817,1644,0
20130117,8.2992,8.6026,8.2992,8.5145,8086,0
20130118,8.5243,8.6124,8.5243,8.6124,1799,0
20130121,8.6124,8.7592,8.6124,8.7592,9941,0
20130122,8.8081,8.9647,8.6124,8.9647,5629,0
20130123,8.9647,9.1506,8.9647,9.0528,3402,0
20130124,9.0038,9.0038,8.8277,8.8962,960,0
20130125,8.8864,8.8864,8.8081,8.8864,4055,0
20130128,8.8864,9.0038,8.8864,8.906,317,0
20130129,8.906,8.906,8.1328,8.6124,6851,0
20130130,8.7102,8.7102,8.4166,8.4166,1385,0
20130131,8.5634,8.8081,8.5243,8.5243,807,0
20130201,8.8081,8.8081,8.5145,8.6026,6894,0
20130204,8.8081,8.8081,8.5145,8.8081,21684,0
20130205,8.7102,8.8081,8.5145,8.8081,4072,0
20130206,8.8473,8.8473,8.6124,8.7885,2546,0
20130207,8.7787,8.7787,8.5145,8.6907,52476,0
20130208,8.6907,8.6907,8.1328,8.6026,2701,0
20130211,8.6515,8.6515,8.6222,8.6222,368,0
20130212,8.6515,8.6515,8.4362,8.4362,139,0
20130213,8.5928,8.5928,8.5928,8.5928,398,0
20130214,8.5928,8.5928,8.2209,8.5537,1973,0
20130215,8.5732,8.5732,8.3286,8.5732,276,0
20130218,8.5047,8.5732,8.3286,8.5732,1998,0
20130219,8.5634,8.5634,8.2209,8.5341,1790,0
20130220,8.5634,8.5634,8.3677,8.3677,228,0
20130221,8.5634,8.5634,8.2209,8.4558,4961,0
20130222,8.3188,8.3775,8.1817,8.3775,1331,0
20130225,8.5047,8.6026,8.4851,8.6026,1136,0
20130226,8.6026,8.6026,8.0252,8.4656,6273,0
20130227,8.5145,8.5145,8.2209,8.4558,467,0
20130228,8.4949,8.4949,8.4851,8.4851,61,0
20130301,8.4949,8.4949,8.2209,8.4754,458,0
20130304,8.5145,8.5145,8.0252,8.4068,1169,0
20130305,8.1035,8.4068,8.1035,8.3677,383,0
20130306,8.2698,8.3873,8.1132,8.3873,847,0
20130307,8.5243,8.906,8.5243,8.8081,20232,0
20130308,8.8081,9.317,8.8081,9.1017,27748,0
20130311,9.1996,9.3072,9.1017,9.2485,22209,0
20130312,9.2877,9.2877,8.9353,8.9941,7612,0
20130313,8.9941,8.9941,8.4656,8.8081,23799,0
20130314,8.8668,8.9549,8.6124,8.7592,3624,0
20130315,8.7298,8.9549,8.583,8.9549,1058,0
20130318,8.9549,9.0919,8.6124,9.0919,1724,0
20130319,9.1017,9.1017,8.8179,9.0528,276,0
20130320,9.0528,9.0528,8.8081,8.9158,3344,0
20130321,8.906,9.0626,8.7787,8.7787,8665,0
20130322,8.906,8.906,8.5732,8.8081,4580,0
20130325,8.8081,8.8081,8.5145,8.5145,3764,0
20130326,8.5047,8.5047,7.8294,8.4362,60228,0
20130327,8.446,8.446,8.1328,8.446,916,0
20130328,8.6124,8.7005,8.3188,8.6124,11265,0
20130402,8.7102,8.7102,8.7102,8.7102,10,0
20130403,8.7005,8.7005,8.2209,8.5928,3355,0
20130404,8.5928,8.5928,8.5928,8.5928,10,0
20130405,8.5928,8.5928,8.2992,8.583,220,0
20130408,8.583,8.583,8.2307,8.2307,1707,0
20130409,8.446,8.446,8.123,8.123,5869,0
20130410,8.2992,8.2992,8.1524,8.1524,2961,0
20130411,8.2111,8.2111,8.0937,8.0937,935,0
20130412,8.3188,8.3188,8.0252,8.2992,2209,0
20130415,8.3971,8.3971,8.0252,8.2209,1373,0
20130417,8.1915,8.1915,7.8294,7.8294,71429,0
20130418,7.7316,8.0056,7.6435,7.8294,77012,0
20130419,7.8294,7.8294,7.5358,7.8001,1154,0
20130422,7.7805,7.9175,7.7316,7.9175,468,0
20130423,7.9175,8.0252,7.8099,7.8099,266,0
20130424,7.8294,8.0252,7.8196,8.0056,756,0
20130425,7.8784,8.0056,7.8392,7.8392,1953,0
20130426,7.6337,7.6337,7.3401,7.526,114163,0
20130429,7.3988,7.7316,7.389,7.6337,2574,0
20130430,7.63,7.73,7.44,7.54,10732,0
20130502,7.7316,7.7316,7.5358,7.5358,1090,0
20130506,7.8294,7.8294,7.8196,7.8294,261,0
20130507,7.8099,7.8099,7.712,7.712,36788,0
20130508,7.8099,7.8099,7.7316,7.8099,12632,0
20130509,7.8099,7.8099,7.5848,7.5848,856,0
20130510,7.6337,7.7511,7.438,7.7511,1860,0
20130513,7.8001,7.8001,7.6337,7.6728,952,0
20130514,7.8001,8.0252,7.8001,8.0154,1959,0
20130515,8.0154,8.0154,7.8099,7.8099,2850,0
20130516,8.0154,8.0154,8.0154,8.0154,2,0
20130517,8.0154,8.0154,7.849,7.8784,46,0
20130520,8.0154,8.0154,7.8784,7.8784,1023,0
20130521,7.9958,7.9958,7.7511,7.9762,10866,0
20130522,7.9762,8.0056,7.7707,7.7707,30353,0
20130523,7.7707,7.8294,7.7316,7.8294,12373,0
20130524,7.8784,7.8784,7.6631,7.6728,2294,0
20130527,7.9762,7.9762,7.9762,7.9762,3,0
20130528,7.9762,8.0056,7.8392,7.9762,6951,0
20130529,7.89,7.97,7.83,7.97,2469,0
20130531,7.93,8.21,7.93,8.21,5675,0
20130603,8.0741,8.2209,7.7316,7.8294,7975,0
20130604,8.0741,8.0741,7.7707,7.8294,495,0
20130605,7.8294,8.0252,7.8294,7.8686,1136,0
20130606,8.0056,8.0154,7.7805,7.7805,7230,0
20130607,7.9958,7.9958,7.8392,7.8392,4128,0
20130610,8.0056,8.1132,8.0056,8.1132,3819,0
20130611,8.123,8.26,8.1132,8.123,47835,0
20130612,8.1915,8.3775,8.172,8.2307,5926,0
20130613,8.2307,8.4068,8.2307,8.4068,2985,0
20130614,8.4068,8.6124,8.4068,8.5341,6461,0
20130617,8.6124,8.9549,8.5928,8.7885,27012,0
20130618,8.7592,9.1898,8.7592,8.9158,17768,0
20130619,8.9549,9.0626,8.6319,8.906,21854,0
20130620,8.6417,8.6417,8.172,8.2209,13650,0
20130621,8.6613,8.6613,8.0154,8.0154,18082,0
20130624,8.0154,8.123,7.986,8.0447,20089,0
20130625,8.42,8.42,8.01,8.27,8646,0
20130626,8.172,8.5047,8.035,8.5047,11743,0
20130627,8.5732,8.6515,8.3677,8.6515,50259,0
20130628,8.6319,8.9353,8.5145,8.9353,26039,0
20130701,9.0038,9.0528,8.8375,9.0528,23354,0
20130702,9,9.05,8.86,9,1026,0
20130703,9,9.04,8.81,9.04,4790,0
20130704,9.03,9.05,9.03,9.04,2623,0
20130705,9.04,9.1,8.76,9.1,11354,0
20130708,9.1017,9.1017,8.7102,9.0528,533,0
20130709,9.05,9.05,8.82,8.82,360,0
20130710,8.82,8.82,8.77,8.82,51536,0
20130711,8.82,8.82,8.7,8.82,954,0
20130712,8.82,9.05,8.82,9.05,2441,0
20130715,9.04,9.04,8.74,8.99,737,0
20130716,8.98,9.15,8.92,9.11,4298,0
20130717,8.98,9.11,8.98,9.11,1789,0
20130718,9.18,9.18,8.82,9.18,254,0
20130719,9.3,9.3,9.1,9.1,10242,0
20130722,9.29,9.38,9.25,9.31,75935,0
20130723,9.6,9.85,9.6,9.76,59774,0
20130724,9.79,10.3,9.72,10.12,72521,0
20130725,10.2,10.2,10.08,10.19,5902,0
20130726,10.1,10.19,10.08,10.08,4427,0
20130729,10.18,10.48,9.81,10.4,7234,0
20130730,10.38,10.38,10.2,10.33,45197,0
20130731,10.35,10.42,10.25,10.42,6000,0
20130801,10.4,10.42,10.28,10.42,6048,0
20130802,10.4,10.44,10.4,10.43,7678,0
20130805,10.25,10.45,10.25,10.45,7474,0
20130806,10.49,10.49,10.32,10.4,20955,0
20130807,10.32,10.32,9.53,9.55,85683,0
20130808,9.7,9.9,9.44,9.9,146431,0
20130809,10,10.03,9.41,9.7,18812,0
20130812,9.8,9.8,9.21,9.34,26737,0
20130813,9.22,9.48,9.22,9.4,4587,0
20130814,9.39,9.95,9.24,9.85,45951,0
20130816,9.85,9.96,9.5,9.74,7686,0
20130819,9.85,9.85,9.55,9.7,3744,0
20130820,9.69,9.69,9.27,9.49,13321,0
20130821,9.49,9.7,9.32,9.32,11342,0
20130822,9.32,9.69,9.32,9.35,3491,0
20130823,9.57,9.7,9.53,9.7,3150,0
20130826,9.72,9.72,9.7,9.7,1651,0
20130827,9.69,9.69,9.41,9.41,3359,0
20130828,9.5,9.5,9.4,9.4,20731,0
20130829,9.62,9.7,9.6,9.66,25478,0
20130830,9.93,9.93,9.91,9.93,1452,0
20130902,9.95,10,9.73,10,990,0
20130903,9.99,10,9.62,9.8,1711,0
20130904,9.99,9.99,9.55,9.55,355,0
20130905,9.9,9.9,9.01,9.15,4383,0
20130906,9.01,9.29,9,9.29,4506,0
20130909,9.39,9.39,9.2,9.39,627,0
20130910,9.58,9.58,9.2,9.28,3147,0
20130911,9.3,9.58,9.21,9.3,3120,0
20130912,9.5,9.5,9,9.05,6387,0
20130913,9.05,9.12,9.05,9.12,1002,0
20130916,9.24,9.24,9.24,9.24,5,0
20130917,9.38,9.38,9.1,9.2,1050,0
20130918,9.2,9.23,9.06,9.2,1021,0
20130919,9.37,9.37,9.06,9.06,1953,0
20130920,9.06,9.06,9.06,9.06,1550,0
20130923,9.07,9.19,9.06,9.06,452,0
20130924,9.4,9.4,9.06,9.07,1321,0
20130925,9.06,9.29,9.06,9.1,2333,0
20130926,9.38,9.4,9.15,9.17,519,0
20130927,9.17,9.41,9.17,9.38,605,0
20130930,9.43,9.5,9.3,9.5,6320,0
20131001,9.5,9.5,9.49,9.49,98,0
20131002,9.21,9.58,9.21,9.5,37370,0
20131003,9.55,9.68,9.51,9.55,70822,0
20131004,9.69,9.8,9.69,9.7,3739,0
20131007,9.8,9.8,9.8,9.8,7274,0
20131008,9.8,9.8,9.8,9.8,25,0
20131009,9.8,9.84,9.66,9.84,1490,0
20131010,9.89,10.23,9.69,10.23,26669,0
20131011,10.23,10.23,9.9,10,58338,0
20131014,10.2,10.3,9.93,10.3,38313,0
20131015,10.35,10.6,10.22,10.51,15094,0
20131016,10.31,10.6,10.05,10.5,57398,0
20131017,10.5,10.75,10.2,10.51,6807,0
20131018,10.51,10.65,10.51,10.51,26795,0
20131021,10.5,10.6,10.12,10.56,740,0
20131022,10.5,10.89,10.36,10.65,27064,0
20131023,10.5,10.8,10.27,10.5,8287,0
20131024,10.5,10.83,10.48,10.5,4011,0
20131025,10.6,10.6,10.05,10.55,90785,0
20131028,10.8,11.1,10.5,11.1,28027,0
20131029,11.1,11.35,11.1,11.3,90684,0
20131030,11.3,11.65,11.05,11.26,22382,0
20131031,11.25,11.45,11.11,11.45,36854,0
20131104,11.5,11.63,11.25,11.4,13622,0
20131105,11.6,11.63,11.08,11.3,29573,0
20131106,11.13,11.39,11.1,11.3,14990,0
20131107,11.38,12.09,11.18,12.02,210297,0
20131108,12.2,12.45,12.02,12.25,9288,0
20131112,12.25,12.35,11.8,12.35,2840,0
20131113,12.35,12.35,11.99,12.26,12126,0
20131114,12.35,12.39,12.3,12.39,5568,0
20131115,12.39,13.6,12,13.6,26578,0
20131118,13.5,13.78,12.86,13.6,45905,0
20131119,13.6,14.3,13.06,13.9,34167,0
20131120,14,14,13.5,13.59,12008,0
20131121,13.5,13.5,13.25,13.42,6184,0
20131122,13.25,13.59,13.04,13.04,5366,0
20131125,12.86,13.4,12.25,13.15,17430,0
20131126,12.3,13.29,12.3,13.09,2480,0
20131127,13.09,13.2,13,13.05,1500,0
20131128,12.7,13.3,12.7,13.25,1145,0
20131129,13.11,13.6,13.11,13.52,9533,0
20131202,13.52,13.8,13.26,13.26,8803,0
20131203,13.69,13.69,13,13,10706,0
20131204,13.49,13.49,12.81,12.86,232,0
20131205,12.79,13.12,12.45,13.12,4909,0
20131206,13,13,12.71,13,1830,0
20131209,13,13,12.8,13,6379,0
20131210,13,13.2,12.9,12.9,3817,0
20131211,12.7,13.15,12.32,13.15,5303,0
20131212,13.2,13.2,13.14,13.14,140,0
20131213,13.2,13.2,12.62,13.18,21,0
20131216,13.2,13.2,13,13,70,0
20131217,13,13,12.6,12.94,1960,0
20131218,12.31,12.79,12.2,12.4,5847,0
20131219,12.67,13,12,12,4194,0
20131220,11.6,11.98,11.3,11.98,33937,0
20131223,12.01,12.2,11.5,12.2,641,0
20131227,12.25,12.5,11.75,12.25,6241,0
20131230,12.47,12.47,11.83,12.45,6946,0
20140102,12.68,12.68,12.13,12.49,2279,0
20140103,12.49,12.49,12,12.2,2790,0
20140107,12,12.25,12,12.2,205,0
20140108,12.25,12.25,12,12.17,485,0
20140109,12.19,12.19,12.08,12.08,1010,0
20140110,12.13,12.13,11.6,11.6,440,0
20140113,11.5,11.8,11.5,11.79,208,0
20140114,11.69,11.9,11.68,11.88,12450,0
20140115,11.5,11.87,11.01,11.82,61919,0
20140116,11.72,12.21,11.6,11.6,49995,0
20140117,12,12,11.6,11.7,40945,0
20140120,11.94,12.34,11.9,12.14,46193,0
20140121,12.25,12.9,12.15,12.45,508016,0
20140122,12.66,12.79,12.4,12.45,34064,0
20140123,12.68,12.68,12,12.35,29798,0
20140124,12.38,12.38,12.02,12.06,4063,0
20140127,12.1,12.15,11.6,12.15,7263,0
20140128,12.15,12.55,11.8,12.28,11314,0
20140129,12.57,12.57,12,12.3,12791,0
20140130,12.25,12.75,12,12.5,19993,0
20140131,12.8,12.8,12.32,12.8,29346,0
20140203,12.89,12.99,12.85,12.88,4826,0
20140204,12.79,12.79,12.51,12.79,7460,0
20140205,12.79,12.84,12.7,12.8,3257,0
20140206,12.8,12.9,12.58,12.88,6881,0
20140207,12.88,12.9,12.66,12.87,3793,0
20140210,13.15,13.15,12.8,13,15447,0
20140211,13,13.05,12.6,12.87,8897,0
20140212,12.69,13.05,12.69,13.01,10652,0
20140213,13.01,13.5,12.95,13.5,17558,0
20140214,13.5,13.5,13.21,13.5,4951,0
20140217,13.49,13.5,13.45,13.5,1828,0
20140218,13.5,13.73,13.32,13.73,5016,0
20140219,13.84,13.84,13.4,13.8,5704,0
20140220,13.79,13.85,13.41,13.81,11573,0
20140221,13.92,13.92,13.66,13.9,665,0
20140224,13.95,13.98,13.51,13.92,9577,0
20140225,13.95,13.95,13.49,13.75,10457,0
20140226,13.75,13.75,12.77,13.7,33882,0
20140227,13.59,13.98,13.1,13.98,17038,0
20140228,14,14.26,13.72,14.26,8908,0
20140303,13.64,13.94,12.6,13.33,51191,0
20140304,12.9,13.69,12.9,13.5,10392,0
20140305,13.56,13.76,13.36,13.54,2751,0
20140306,13.55,13.55,13.08,13.29,2052,0
20140307,13.39,13.39,12.62,12.96,9839,0
20140310,12.96,12.96,12.19,12.9,12261,0
20140311,12.26,12.85,12.26,12.71,2315,0
20140312,12.6,13.2,11.36,12.68,22202,0
20140313,12.01,12.65,12.01,12.4,1827,0
20140314,11.52,12,11.52,11.88,8838,0
20140317,11.94,12.35,11.61,12.19,13344,0
20140318,12.1,12.45,11.9,12.05,3296,0
20140319,12.5,12.5,12,12,1155,0
20140320,12,12.39,11.9,12.09,6119,0
20140321,12.28,12.28,11.75,11.99,5770,0
20140324,11.85,12.1,11.53,11.98,1900,0
20140325,11.99,12.09,11.99,12.01,20645,0
20140326,12.01,12.3,12.01,12.2,10298,0
20140327,12.29,12.29,12.01,12.17,5096,0
20140328,12.2,12.2,12,12.17,6950,0
20140331,11.93,12.2,11.92,12,2863,0
20140401,12,12.2,11.99,11.99,7478,0
20140402,12.05,12.09,11.96,11.97,7231,0
20140403,11.97,12,11.85,11.98,996,0
20140404,11.98,11.98,11.96,11.96,816,0
20140407,12,12.01,11.78,11.9,2759,0
20140408,11.9,12.17,11.8,11.99,1884,0
20140409,12.1,12.1,11.81,12,3995,0
20140410,12.1,12.19,11.9,12.19,3806,0
20140411,12.2,12.2,11.96,12.1,2855,0
20140414,11.9,12,11.5,11.59,4401,0
20140415,11.11,11.66,11.11,11.5,4333,0
20140416,11.03,11.39,11,11,5482,0
20140417,10.53,10.98,10.4,10.71,259235,0
20140422,11,11.49,11,11.12,5309,0
20140423,11.54,11.54,11.03,11.3,2987,0
20140424,11.47,11.47,10.77,11,16280,0
20140425,11.2,11.2,10.62,11,2170,0
20140428,11.05,11.14,10.73,11.12,5043,0
20140429,10.7,11.14,10.6,11.14,55703,0
20140430,11.14,11.14,10.71,11,130388,0
20140502,10.84,11.03,10.84,11,15534,0
20140505,11.15,11.15,10.65,11,57453,0
20140506,10.98,11,10.65,10.85,13381,0
20140507,10.85,10.85,10.31,10.8,24666,0
20140508,10.8,10.8,10.4,10.7,1435,0
20140509,10.8,10.8,10.12,10.12,5027,0
20140512,10.4,10.4,9.79,10,8022,0
20140513,10.1,10.11,10.07,10.1,3073,0
20140514,10.2,10.4,10.2,10.4,977,0
20140515,10.4,10.4,10,10.2,2502,0
20140516,10.1,10.2,9.65,10.2,5760,0
20140519,10.2,10.45,10.2,10.45,1024,0
20140520,10.45,10.45,10,10.45,1808,0
20140521,10.45,11.12,10.2,10.79,5207,0
20140522,10.8,10.8,10.4,10.59,3425,0
20140523,10.9,10.9,10.42,10.5,2380,0
20140526,10.5,10.6,10.4,10.6,3960,0
20140527,10.75,10.75,10.45,10.6,3755,0
20140528,10.75,10.75,10.52,10.67,42015,0
20140529,10.75,10.75,10.6,10.7,1714,0
20140530,10.7,10.71,10.65,10.69,32532,0
20140602,10.7,10.7,10.69,10.69,104,0
20140603,10.69,11,10.42,11,42642,0
20140604,10.99,10.99,10.52,10.99,1461,0
20140605,11.64,11.64,11.2,11.2,3600,0
20140606,11.2,11.2,10.88,11.16,11099,0
20140609,11.25,11.25,11,11,1207,0
20140610,10.54,11.02,10.54,11,10517,0
20140611,10.91,11,10.9,10.9,749,0
20140612,10.9,10.9,10.5,10.86,5820,0
20140613,10.9,10.9,10.87,10.87,20,0
