Date,Open,High,Low,Close,Volume,OpenInt
20071114,4.6315,4.6315,4.3763,4.4425,63312,0
20071115,4.4425,4.4425,3.9604,4.0927,16326,0
20071116,3.8942,3.8942,3.7808,3.8942,25877,0
20071119,3.8942,4.0644,3.8942,4.0171,24407,0
20071120,3.7808,4.0171,3.7808,4.0171,11549,0
20071121,4.0644,4.0644,4.0549,4.0549,1587,0
20071122,3.7808,4.1116,3.7808,4.1116,29306,0
20071123,4.1022,4.1022,4.1022,4.1022,106,0
20071126,4.1022,4.1022,4.1022,4.1022,1,0
20071127,3.9699,3.9699,3.8186,3.9699,9760,0
20071128,4.0644,4.0644,3.8753,4.0644,12569,0
20071129,4.0644,4.0644,3.8753,3.8753,2384,0
20071130,3.8659,3.8942,3.8659,3.8942,10419,0
20071203,4.036,4.036,4.0171,4.0171,3824,0
20071205,3.9982,4.0171,3.9699,3.9888,17118,0
20071206,3.9982,4.0077,3.8753,3.9982,3470,0
20071207,3.8281,3.9982,3.8092,3.9604,7431,0
20071210,3.8942,3.9132,3.7903,3.9132,8486,0
20071211,3.9037,3.9037,3.9037,3.9037,529,0
20071212,3.9037,3.9037,3.7808,3.7997,6334,0
20071213,3.9793,3.9793,3.7808,3.8281,4161,0
20071214,3.6863,3.7808,3.6485,3.6863,7486,0
20071217,3.6485,3.6485,3.4689,3.639,12013,0
20071218,3.4311,3.6674,3.4216,3.6674,146838,0
20071219,3.5634,3.6674,3.5634,3.6012,9745,0
20071220,3.5162,3.5162,3.3555,3.3555,29468,0
20071221,3.3744,3.3838,3.0719,3.1192,47802,0
20071227,3.2137,3.2137,3.0247,3.0719,8375,0
20071228,3.0719,3.2799,3.0719,3.1097,11104,0
20080102,3.7241,3.7336,3.1192,3.6768,13127,0
20080103,3.6768,3.9226,3.6674,3.8659,26246,0
20080104,3.8659,3.8659,3.6107,3.6674,7733,0
20080107,3.3082,3.6201,3.2137,3.5445,12434,0
20080108,3.4973,3.4973,3.261,3.261,4052,0
20080109,3.3082,3.3082,3.1192,3.261,963,0
20080110,3.3082,3.3082,3.3082,3.3082,1058,0
20080111,3.3555,3.3555,3.3555,3.3555,11,0
20080114,3.2326,3.2326,2.8451,2.949,2099,0
20080115,3.0247,3.261,3.0247,3.2042,4021,0
20080116,2.9018,3.0719,2.8923,3.0719,4238,0
20080117,3.1948,3.1948,3.1948,3.1948,518,0
20080118,3.2515,3.2515,3.2137,3.2137,286,0
20080121,3.2988,3.2988,3.0247,3.2137,6581,0
20080122,3.0247,3.1097,2.9301,3.1097,803,0
20080123,3.0719,3.0719,3.0719,3.0719,1164,0
20080124,2.949,3.1097,2.9301,3.1003,15423,0
20080125,3.1003,3.1003,2.8356,3.1003,21744,0
20080128,2.8451,2.8829,2.8451,2.8829,4818,0
20080129,2.864,2.8829,2.864,2.864,2821,0
20080130,2.9963,3.0719,2.8734,2.9585,4867,0
20080131,2.9679,2.9963,2.9679,2.9774,1164,0
20080201,3.0814,3.0814,2.9868,3.0247,4401,0
20080204,3.0247,3.0247,3.0247,3.0247,1079,0
20080205,2.9018,2.9301,2.8451,2.9301,3525,0
20080206,2.8451,2.9301,2.8356,2.9301,730,0
20080207,2.8356,2.9207,2.8356,2.9207,2319,0
20080208,2.9301,2.9301,2.9301,2.9301,3313,0
20080211,2.9774,3.0247,2.9301,3.0247,2221,0
20080212,3.0247,3.1192,3.0247,3.1192,7138,0
20080213,3.2042,3.2042,3.0247,3.1475,2121,0
20080214,3.2042,3.2042,3.0247,3.1475,1788,0
20080215,3.1948,3.3082,3.0341,3.3082,36082,0
20080218,3.4689,3.7147,3.3082,3.5445,43500,0
20080219,3.6201,3.6201,3.554,3.5918,12907,0
20080220,3.554,3.554,3.2988,3.2988,26872,0
20080221,3.4784,3.4784,3.1853,3.2137,32252,0
20080222,3.2421,3.346,2.949,2.9963,73527,0
20080225,3.0436,3.1948,2.949,2.949,18552,0
20080226,2.9396,3.1664,2.9396,3.1664,8237,0
20080227,3.1475,3.1475,3.0436,3.0436,3227,0
20080228,3.0436,3.1097,2.9679,2.9679,4618,0
20080229,3.0247,3.0247,2.949,3.0247,9476,0
20080303,2.8262,2.9301,2.8262,2.8829,6136,0
20080304,2.8356,2.8734,2.8356,2.8356,1525,0
20080305,2.8356,2.9301,2.8356,2.9301,4521,0
20080306,2.949,3.1381,2.949,3.1192,24027,0
20080307,3.0908,3.0908,3.0247,3.0247,36245,0
20080310,2.9207,3.1097,2.8451,3.1097,2312,0
20080311,3.1003,3.1097,2.9774,3.1097,11860,0
20080312,3.0908,3.0908,3.0908,3.0908,5441,0
20080313,3.0908,3.0908,3.0247,3.0341,14187,0
20080314,3.0341,3.1097,3.0341,3.0341,4344,0
20080317,2.9112,3.0247,2.9112,3.0247,1587,0
20080318,3.0247,3.0247,3.0247,3.0247,7606,0
20080319,3.0247,3.0247,3.0247,3.0247,159,0
20080320,3.0814,3.0814,2.8734,3.053,1680,0
20080325,3.0247,3.0436,2.8545,3.0436,137752,0
20080326,3.0247,3.0247,2.9112,3.0247,5709,0
20080327,3.0247,3.0247,3.0247,3.0247,15341,0
20080328,3.0247,3.0247,3.0247,3.0247,10851,0
20080331,3.0152,3.1192,3.0152,3.1192,8677,0
20080401,3.0719,3.0719,3.0247,3.053,7384,0
20080402,3.0625,3.2137,3.0625,3.1192,37083,0
20080403,3.1192,3.261,3.1192,3.1664,9486,0
20080404,3.0625,3.1097,3.0625,3.1097,741,0
20080407,3.2042,3.2137,3.2042,3.2137,1770,0
20080408,3.1192,3.1853,3.1192,3.1853,125,0
20080409,3.2515,3.2515,3.0436,3.1192,4187,0
20080410,3.0341,3.0625,2.9774,3.0436,1746,0
20080411,3.2042,3.2042,3.0058,3.0436,1375,0
20080414,3.0719,3.0719,2.9679,3.0719,21815,0
20080415,3.1192,3.1664,3.0247,3.0247,513759,0
20080416,3.157,3.157,3.157,3.157,16,0
20080417,3.1948,3.1948,3.0341,3.0341,863,0
20080418,2.9774,2.9774,2.9774,2.9774,476,0
20080421,2.9963,2.9963,2.9774,2.9774,2102,0
20080422,3.0247,3.0247,2.8829,2.9301,14621,0
20080423,2.8545,2.9774,2.8451,2.9774,3834,0
20080425,2.8829,2.8829,2.8829,2.8829,423,0
20080428,2.9585,2.9585,2.8829,2.8923,13647,0
20080429,2.9679,2.9774,2.9585,2.9774,26510,0
20080505,2.8923,2.8923,2.8923,2.8923,48,0
20080506,2.8545,2.9774,2.8545,2.9679,4178,0
20080507,2.9679,2.9868,2.8829,2.9868,24899,0
20080508,2.9868,2.9868,2.9774,2.9774,1603,0
20080509,2.9679,2.9679,2.9585,2.9585,741,0
20080512,2.8734,2.9774,2.8734,2.9774,2343,0
20080513,2.9774,2.9774,2.9774,2.9774,212,0
20080514,2.9585,2.9868,2.9585,2.9774,35826,0
20080515,2.9679,2.9679,2.9679,2.9679,212,0
20080516,2.9679,3.0814,2.8734,3.0814,44629,0
20080519,3.0908,3.0908,2.9868,3.0814,1133,0
20080520,2.9963,3.0625,2.9963,3.0625,3110,0
20080521,3.0152,3.0152,2.9963,2.9963,3174,0
20080526,3.0152,3.0152,2.9301,3.0058,2395,0
20080527,3.0058,3.0058,3.0058,3.0058,53,0
20080528,3.0058,3.1003,3.0058,3.1003,11166,0
20080529,3.0719,3.0719,3.0719,3.0719,582,0
20080530,3.1003,3.1003,3.0908,3.0908,212,0
20080602,2.949,3.0247,2.949,3.0247,1111,0
20080603,3.0719,3.0719,3.0247,3.0247,108,0
20080604,3.0058,3.0058,3.0058,3.0058,159,0
20080605,2.949,2.9963,2.949,2.9963,4111,0
20080606,2.9301,2.9301,2.8923,2.8923,1410,0
20080609,2.8829,2.8829,2.8356,2.8356,7438,0
20080610,2.9585,2.9585,2.949,2.949,116,0
20080611,2.949,2.949,2.8356,2.9301,394,0
20080612,2.9301,2.9301,2.9207,2.9207,37,0
20080613,2.8734,2.8734,2.8734,2.8734,116,0
20080616,2.9207,2.9301,2.7411,2.9301,1074,0
20080617,2.8356,2.8356,2.8356,2.8356,5501,0
20080618,2.8356,2.8356,2.7411,2.8356,15353,0
20080619,2.8262,2.8262,2.8262,2.8262,11,0
20080620,2.8262,2.8262,2.8167,2.8167,111,0
20080623,2.8262,2.8262,2.8262,2.8262,1164,0
20080624,2.7978,2.7978,2.7884,2.7884,116,0
20080625,2.7695,2.7789,2.6938,2.7789,17640,0
20080626,2.7695,2.7695,2.656,2.7411,1613,0
20080627,2.7222,2.76,2.6466,2.76,3319,0
20080630,2.7411,2.7411,2.5993,2.6466,10812,0
20080701,2.5993,2.5993,2.4575,2.5993,10097,0
20080702,2.5804,2.5993,2.5804,2.5993,21,0
20080703,2.5521,2.5993,2.5521,2.5993,44,0
20080704,2.3819,2.5426,2.2212,2.5426,7522,0
20080707,2.4575,2.4575,2.2496,2.4386,4458,0
20080708,2.363,2.363,2.2685,2.3158,2041,0
20080709,2.3063,2.5048,2.3063,2.363,10428,0
20080710,2.2779,2.2779,2.2685,2.2685,2338,0
20080711,2.2685,2.2685,2.1362,2.1362,1799,0
20080714,2.0133,2.1362,2.0133,2.1362,11109,0
20080715,1.9282,2.1362,1.9282,2.1362,1112,0
20080716,2.0795,2.0795,2.0322,2.0322,1100,0
20080717,2.1173,2.2685,2.1078,2.2685,4063,0
20080718,2.174,2.3725,2.174,2.3725,3308,0
20080721,2.6466,2.6466,2.2212,2.2212,107,0
20080722,2.4386,2.4386,2.2685,2.2685,275,0
20080723,2.4386,2.4953,2.4386,2.4859,16158,0
20080724,2.6749,2.6749,2.4764,2.4764,3611,0
20080725,2.3536,2.6088,2.3536,2.6088,536,0
20080728,2.5899,2.5899,2.3536,2.5426,3299,0
20080729,2.5332,2.5332,2.5237,2.5237,159,0
20080730,2.4953,2.4953,2.4575,2.4575,231,0
20080731,2.4575,2.4953,2.4575,2.4953,127,0
20080801,2.4575,2.5142,2.363,2.5142,3209,0
20080804,2.5048,2.5048,2.4953,2.4953,116,0
20080805,2.3158,2.4953,2.3158,2.4953,4570,0
20080806,2.4386,2.4386,2.4386,2.4386,116,0
20080807,2.2779,2.4481,2.2685,2.4481,2032,0
20080808,2.3158,2.3158,2.2118,2.2118,5025,0
20080811,2.4292,2.4292,2.4292,2.4292,21,0
20080812,2.4481,2.4481,2.2212,2.4481,1545,0
20080813,2.4103,2.4103,2.4103,2.4103,127,0
20080814,2.363,2.4103,2.363,2.4103,159,0
20080818,2.363,2.363,2.363,2.363,5,0
20080819,2.363,2.363,2.363,2.363,5,0
20080820,2.3441,2.3441,2.3441,2.3441,16,0
20080821,2.3441,2.3441,2.3441,2.3441,26,0
20080822,2.3347,2.3347,2.3347,2.3347,53,0
20080825,2.174,2.3158,2.174,2.3158,95,0
20080826,2.3158,2.3158,2.3158,2.3158,16,0
20080827,2.2685,2.2685,2.1267,2.1267,1719,0
20080828,2.2685,2.2968,2.2685,2.2968,42,0
20080829,2.259,2.2685,2.259,2.2685,3454,0
20080901,2.2401,2.2685,2.174,2.2685,2480,0
20080902,2.2685,2.2685,2.2685,2.2685,11,0
20080903,2.2496,2.3158,2.2496,2.3158,6751,0
20080904,2.3158,2.3158,2.2307,2.2685,15224,0
20080905,2.2685,2.2685,2.2685,2.2685,471,0
20080908,2.467,2.467,2.174,2.2212,1557,0
20080909,2.2212,2.3536,2.2212,2.3536,339,0
20080910,2.2685,2.2685,2.259,2.2685,3201,0
20080911,2.2685,2.3536,2.2685,2.3536,1740,0
20080912,2.2685,2.2685,2.1929,2.2401,15100,0
20080915,2.174,2.2307,2.0889,2.2307,4418,0
20080916,2.1551,2.2307,2.1551,2.2212,3512,0
20080917,2.0795,2.2212,2.0605,2.174,23207,0
20080918,2.174,2.174,2.174,2.174,5,0
20080919,2.174,2.174,2.0038,2.174,1296,0
20080922,2.1267,2.1267,2.1267,2.1267,762,0
20080923,2.0416,2.1267,1.9471,2.1267,16546,0
20080924,1.9849,2.0322,1.9377,2.0322,1741,0
20080925,2.0795,2.0795,2.0322,2.0795,20854,0
20080926,2.1551,2.1551,2.0227,2.0511,9332,0
20080929,2.07,2.07,2.07,2.07,106,0
20080930,1.9093,2.0322,1.8715,2.0322,10469,0
20081001,1.9849,2.0605,1.9849,2.0322,851,0
20081002,1.9849,1.9849,1.9849,1.9849,76,0
20081003,2.0605,2.0795,1.9282,2.0795,1279,0
20081006,1.8904,2.0322,1.8337,1.8337,5522,0
20081007,1.9566,1.966,1.9566,1.9566,109,0
20081008,1.8904,1.8904,1.7959,1.8904,375,0
20081009,1.7108,1.7108,1.7014,1.7014,14187,0
20081010,1.6541,1.6541,1.5596,1.5596,16404,0
20081013,1.6919,1.6919,1.6919,1.6919,11,0
20081014,1.777,1.777,1.6636,1.673,6250,0
20081015,1.6541,1.6541,1.5123,1.6068,8526,0
20081016,1.5123,1.5123,1.5123,1.5123,111,0
20081017,1.4651,1.5785,1.4178,1.5596,1699,0
20081020,1.5501,1.5501,1.5123,1.5123,8,0
20081021,1.4651,1.5596,1.3705,1.5596,3179,0
20081022,1.5596,1.5596,1.3327,1.4934,7103,0
20081023,1.4934,1.4934,1.4934,1.4934,3,0
20081024,1.5123,1.5123,1.5123,1.5123,16,0
20081027,1.4934,1.4934,1.3895,1.3895,406,0
20081028,1.4178,1.4651,1.4178,1.4651,771,0
20081029,1.4651,1.5123,1.4651,1.5029,1580,0
20081030,1.5029,1.5029,1.5029,1.5029,2,0
20081031,1.484,1.4934,1.484,1.4934,135,0
20081103,1.4651,1.4651,1.4651,1.4651,11,0
20081104,1.5123,1.6068,1.5029,1.6068,12272,0
20081105,1.8148,1.8148,1.6068,1.6541,18219,0
20081106,1.6068,1.6068,1.6068,1.6068,4708,0
20081107,1.6447,1.6447,1.6447,1.6447,11,0
20081110,1.5879,1.7014,1.5879,1.7014,7106,0
20081112,1.5879,1.6919,1.5123,1.6919,2631,0
20081113,1.673,1.673,1.673,1.673,5,0
20081118,1.6068,1.6068,1.6068,1.6068,6036,0
20081119,1.6068,1.6068,1.6068,1.6068,8,0
20081124,1.6068,1.6068,1.4462,1.5974,350,0
20081125,1.5974,1.6068,1.5596,1.5974,5809,0
20081126,1.5974,1.5974,1.5974,1.5974,529,0
20081128,1.4462,1.5785,1.4367,1.5785,27761,0
20081201,1.5785,1.5785,1.5785,1.5785,5,0
20081202,1.6068,1.6068,1.6068,1.6068,11,0
20081204,1.5123,1.6068,1.5123,1.6068,729,0
20081208,1.4462,1.5785,1.4462,1.5785,1598,0
20081209,1.5785,1.5785,1.5123,1.5123,5627,0
20081210,1.4084,1.4934,1.4084,1.4273,21208,0
20081211,1.4273,1.5029,1.38,1.4084,27719,0
20081212,1.3989,1.4084,1.3327,1.4084,6135,0
20081215,1.4084,1.4084,1.4084,1.4084,5,0
20081216,1.4084,1.4084,1.4084,1.4084,1063,0
20081217,1.3989,1.3989,1.3989,1.3989,5,0
20081218,1.3327,1.3327,1.3327,1.3327,758,0
20081219,1.3233,1.3233,1.3138,1.3138,55,0
20081222,1.191,1.2193,1.191,1.2193,8882,0
20081223,1.2193,1.2193,1.2193,1.2193,53,0
20081229,1.087,1.1342,1.087,1.1342,7577,0
20081230,1.1342,1.2004,1.1342,1.2004,5248,0
20081231,1.1532,1.276,1.1532,1.2193,1280,0
20090105,1.3044,1.3044,1.0492,1.1437,18171,0
20090106,1.0586,1.1342,0.9452,0.9925,206328,0
20090107,1.0019,1.0681,0.9925,1.0208,57451,0
20090108,1.0114,1.0303,0.9925,1.0019,20118,0
20090109,0.9641,0.9641,0.9358,0.9452,77164,0
20090112,0.9452,0.9452,0.8601,0.9168,28863,0
20090113,0.9168,0.9168,0.8885,0.8979,9598,0
20090114,0.8696,0.8885,0.8601,0.8696,33895,0
20090115,0.879,0.879,0.8034,0.8034,47476,0
20090116,0.8034,0.879,0.7845,0.879,39696,0
20090119,0.9168,0.9168,0.8507,0.8885,19335,0
20090120,0.8507,0.8979,0.8507,0.8885,19303,0
20090121,0.8507,0.9168,0.8507,0.9168,539,0
20090122,0.9358,0.9358,0.8885,0.8885,3795,0
20090123,0.8507,0.9168,0.8507,0.9168,12600,0
20090126,0.9074,0.9358,0.9074,0.9358,5041,0
20090127,0.9358,0.9641,0.9263,0.9263,3957,0
20090128,0.8979,0.9358,0.8979,0.9358,5286,0
20090129,0.9358,0.9358,0.9358,0.9358,10,0
20090130,0.9547,0.9547,0.9074,0.9358,2755,0
20090202,0.9358,0.9358,0.8979,0.9168,3205,0
20090203,0.9358,0.9925,0.9074,0.9074,57871,0
20090204,0.9074,0.9547,0.8885,0.9547,2139,0
20090205,0.9547,0.9547,0.9547,0.9547,2,0
20090206,0.9641,1.0681,0.9641,1.0492,47786,0
20090209,1.087,1.1815,1.087,1.1342,76263,0
20090210,1.1153,1.1721,1.1153,1.1248,48885,0
20090211,1.087,1.1815,1.0586,1.1342,30677,0
20090212,1.1342,1.1721,1.1248,1.1437,21355,0
20090213,1.1626,1.1721,1.1153,1.1153,7240,0
20090216,1.1342,1.1342,1.0586,1.1153,9236,0
20090217,1.0019,1.0019,1.0019,1.0019,2684,0
20090218,1.087,1.087,1.087,1.087,1,0
20090219,1.0397,1.0964,1.0397,1.0964,2651,0
20090220,1.0586,1.0586,1.0586,1.0586,3,0
20090223,1.0775,1.0775,0.9925,1.0397,1850,0
20090224,1.0397,1.0397,1.0397,1.0397,6,0
20090225,1.0397,1.0492,1.0208,1.0492,4967,0
20090226,1.0397,1.0397,1.0397,1.0397,7,0
20090227,1.0492,1.0492,1.0492,1.0492,21,0
20090302,1.0397,1.0397,1.0303,1.0303,12,0
20090303,0.9452,0.9452,0.9452,0.9452,1058,0
20090304,0.9452,0.9452,0.9358,0.9452,5400,0
20090305,0.9925,0.9925,0.9168,0.983,7139,0
20090306,1.0397,1.0397,1.0303,1.0303,535,0
20090309,1.0397,1.0397,1.0397,1.0397,32,0
20090310,1.0208,1.0208,0.9547,0.9925,7235,0
20090311,1.0208,1.0208,0.983,0.983,9696,0
20090312,0.9736,0.9736,0.9736,0.9736,2077,0
20090313,0.9452,0.9736,0.9452,0.9736,3260,0
20090316,0.9452,0.9547,0.9452,0.9547,8462,0
20090317,0.9452,0.9641,0.9452,0.9641,969,0
20090318,0.983,0.983,0.983,0.983,637,0
20090319,0.9736,0.9736,0.9736,0.9736,97,0
20090320,0.9925,0.9925,0.9641,0.9641,2082,0
20090323,0.9736,0.9925,0.9641,0.9925,4328,0
20090324,0.9925,1.0303,0.9925,1.0303,63,0
20090325,1.0303,1.0586,1.0303,1.0586,15243,0
20090326,1.0397,1.1153,1.0303,1.1153,13936,0
20090327,1.0397,1.1342,1.0397,1.1342,8588,0
20090330,1.1342,1.1815,1.1342,1.1815,11765,0
20090331,1.1815,1.191,1.0775,1.191,8996,0
20090401,1.1248,1.1437,1.1153,1.1153,14070,0
20090402,1.0586,1.191,1.0586,1.1532,4215,0
20090403,1.1532,1.2004,1.1532,1.1626,11811,0
20090406,1.087,1.2477,1.087,1.2193,34217,0
20090407,1.2477,1.2477,1.1815,1.191,2593,0
20090408,1.2288,1.2477,1.1532,1.1532,20863,0
20090409,1.2193,1.2193,1.0964,1.1437,120767,0
20090414,1.1437,1.1721,1.1248,1.1342,38167,0
20090415,1.1721,1.2477,1.1532,1.2099,41141,0
20090416,1.2382,1.3044,1.191,1.191,17878,0
20090417,1.2949,1.3233,1.2288,1.2949,26607,0
20090420,1.3516,1.3516,1.2099,1.276,7702,0
20090421,1.2477,1.3422,1.2477,1.3327,7417,0
20090422,1.3327,1.3327,1.3233,1.3233,7865,0
20090423,1.3422,1.3516,1.3327,1.3516,9416,0
20090424,1.3422,1.3422,1.2666,1.3138,4104,0
20090428,1.3422,1.3422,1.3044,1.3138,531,0
20090429,1.276,1.3233,1.276,1.3233,6987,0
20090430,1.3327,1.3705,1.2004,1.2477,29167,0
20090504,1.2477,1.3138,1.2477,1.3138,10397,0
20090505,1.3138,1.3138,1.276,1.3044,427,0
20090506,1.2949,1.2949,1.2477,1.2949,7412,0
20090507,1.276,1.3138,1.2666,1.3044,27132,0
20090508,1.3044,1.3044,1.2571,1.2571,6659,0
20090511,1.2571,1.276,1.2382,1.2571,23711,0
20090512,1.2477,1.3705,1.2288,1.3233,39479,0
20090513,1.4273,1.4273,1.3138,1.3611,55773,0
20090514,1.276,1.3989,1.276,1.3989,10562,0
20090515,1.38,1.38,1.3705,1.38,5890,0
20090518,1.3989,1.5123,1.2666,1.4367,64504,0
20090519,1.5123,1.5123,1.3705,1.5029,39898,0
20090520,1.4556,1.6352,1.4178,1.4934,74079,0
20090521,1.4178,1.4462,1.3516,1.3705,46351,0
20090522,1.38,1.38,1.276,1.3705,20070,0
20090525,1.4556,1.4651,1.276,1.2855,27255,0
20090526,1.3989,1.3989,1.2855,1.3327,8866,0
20090527,1.3422,1.3895,1.3327,1.3895,23105,0
20090528,1.3989,1.4462,1.3611,1.4084,32728,0
20090529,1.484,1.5123,1.3895,1.4273,84764,0
20090601,1.4651,1.4651,1.3895,1.3895,57837,0
20090602,1.3989,1.3989,1.3422,1.3611,15901,0
20090603,1.3422,1.4084,1.3422,1.4084,17627,0
20090604,1.3895,1.4084,1.3895,1.4084,10783,0
20090605,1.4084,1.4556,1.3705,1.4084,30163,0
20090608,1.4273,1.4273,1.38,1.3989,20775,0
20090609,1.3611,1.4084,1.3611,1.4084,11475,0
20090610,1.4178,1.4178,1.38,1.4084,30090,0
20090612,1.3895,1.4084,1.3895,1.4084,10096,0
20090615,1.3705,1.4178,1.3516,1.4178,21868,0
20090616,1.3895,1.4084,1.3705,1.4084,15271,0
20090617,1.4178,1.4178,1.3705,1.3989,23963,0
20090618,1.4084,1.5029,1.3705,1.4178,284988,0
20090619,1.3989,1.3989,1.3516,1.3705,39501,0
20090622,1.3705,1.3989,1.2949,1.3611,32002,0
20090623,1.276,1.3327,1.276,1.3327,15261,0
20090624,1.3233,1.3422,1.3233,1.3422,9611,0
20090625,1.3422,1.3422,1.2855,1.3138,20031,0
20090626,1.3233,1.3233,1.276,1.3138,12871,0
20090629,1.3044,1.3044,1.2949,1.3044,12272,0
20090630,1.3044,1.3233,1.2949,1.3138,29983,0
20090701,1.3044,1.3422,1.3044,1.3233,322143,0
20090702,1.3422,1.4178,1.3233,1.4178,232674,0
20090703,1.4273,1.4462,1.3895,1.4273,38211,0
20090706,1.4273,1.4367,1.38,1.4178,10274,0
20090707,1.4178,1.4178,1.38,1.4084,4962,0
20090708,1.38,1.4178,1.3516,1.4178,17873,0
20090709,1.38,1.4273,1.38,1.4178,8590,0
20090710,1.4178,1.4178,1.3705,1.4178,15663,0
20090713,1.3705,1.3705,1.3233,1.3516,9256,0
20090714,1.3895,1.3895,1.3705,1.3705,8834,0
20090715,1.3516,1.3895,1.3516,1.3705,20828,0
20090716,1.38,1.3989,1.3516,1.3989,7058,0
20090717,1.3989,1.4273,1.3705,1.4273,12061,0
20090720,1.4273,1.4651,1.4178,1.4178,27983,0
20090721,1.38,1.4934,1.38,1.4934,40034,0
20090722,1.4934,1.5123,1.4556,1.5123,21762,0
20090723,1.5123,1.5974,1.5123,1.5974,33570,0
20090724,1.6258,1.673,1.6068,1.6447,62228,0
20090727,1.5501,1.6447,1.5501,1.5596,21372,0
20090728,1.6352,1.6352,1.569,1.6068,28327,0
20090729,1.5596,2.174,1.5596,2.174,300016,0
20090730,2.4197,2.5048,1.966,2.0416,687892,0
20090731,2.0984,2.1173,1.8432,1.966,136015,0
20090803,2.0133,2.0605,1.966,1.9849,81909,0
20090804,1.9944,1.9944,1.8904,1.9282,75171,0
20090805,1.9282,1.9566,1.9093,1.9282,75374,0
20090806,1.8999,1.9849,1.8999,1.9471,68570,0
20090807,1.9471,2.0322,1.9188,1.9471,77250,0
20090810,1.9944,2.0322,1.9377,1.9755,22699,0
20090811,1.966,2.0038,1.9093,1.9093,85254,0
20090812,1.8904,1.8904,1.7486,1.8621,48598,0
20090813,1.881,1.9471,1.881,1.881,16328,0
20090814,1.8999,1.9377,1.8621,1.8999,27167,0
20090817,1.8904,1.8904,1.7959,1.8526,34864,0
20090818,1.8432,1.8904,1.8432,1.881,3010,0
20090819,1.8337,1.8904,1.8337,1.8904,6566,0
20090820,1.881,1.8904,1.7959,1.881,36090,0
20090821,1.8904,1.9188,1.8526,1.9188,18678,0
20090824,1.9377,2.0227,1.9377,2.0227,37072,0
20090825,1.9377,2.0038,1.9377,1.9377,26360,0
20090826,1.9282,1.9566,1.8904,1.9566,18838,0
20090827,1.8904,1.9093,1.8715,1.8715,28183,0
20090828,1.9282,1.9471,1.8904,1.8904,3906,0
20090831,1.8904,1.9282,1.8432,1.9282,12754,0
20090901,1.9282,1.9282,1.7959,1.8715,42023,0
20090902,1.8053,1.8904,1.777,1.7959,41749,0
20090903,1.8526,1.881,1.8148,1.8148,13293,0
20090904,1.9093,1.9093,1.8242,1.8337,7126,0
20090907,1.8242,1.8999,1.8242,1.8999,16049,0
20090908,1.8904,1.9282,1.8432,1.8904,19139,0
20090909,1.8904,1.9377,1.8715,1.9377,22814,0
20090910,1.9282,1.9377,1.8904,1.9377,28048,0
20090911,1.8904,1.966,1.8904,1.966,13166,0
20090914,1.9566,1.9566,1.8242,1.8904,53103,0
20090915,1.9188,1.9849,1.8999,1.9755,8922,0
20090916,1.9377,1.9471,1.9282,1.9471,7363,0
20090917,1.9566,2.0133,1.9566,2.0038,15391,0
20090918,2.0038,2.0605,1.9377,2.0605,37524,0
20090921,2.0416,2.1267,2.0322,2.0322,36426,0
20090922,2.0038,2.0795,1.9849,2.0795,23264,0
20090923,2.0795,2.1362,2.0605,2.1362,27133,0
20090924,2.1362,2.1362,2.0795,2.1173,22656,0
20090925,2.1645,2.1645,2.0133,2.0795,79498,0
20090928,2.0133,2.07,2.0133,2.0605,7042,0
20090929,2.0795,2.1267,2.0511,2.0795,18838,0
20090930,2.1078,2.1267,2.0795,2.0889,20372,0
20091001,2.07,2.1267,2.07,2.1173,7498,0
20091002,2.0984,2.0984,2.0227,2.0795,29471,0
20091005,2.0605,2.0795,2.0133,2.07,10327,0
20091006,2.07,2.07,2.0227,2.0511,10633,0
20091007,2.0511,2.0511,1.9849,2.0511,6968,0
20091008,2.0322,2.0889,2.0322,2.0889,11839,0
20091009,2.0889,2.1173,2.0795,2.1078,21011,0
20091012,2.0984,2.1173,2.0984,2.1173,10537,0
20091013,2.1173,2.1173,2.0605,2.0984,16297,0
20091014,2.0605,2.0984,2.0511,2.0984,6400,0
20091015,2.0511,2.1078,2.0511,2.1078,24283,0
20091016,2.1078,2.1645,2.0795,2.1456,34121,0
20091019,2.1834,2.2212,2.1456,2.1456,75420,0
20091020,2.1267,2.1456,2.0605,2.0605,17523,0
20091021,2.0605,2.1267,2.0322,2.0511,14204,0
20091022,2.0795,2.1267,2.0795,2.1078,19061,0
20091023,2.1267,2.1456,2.1267,2.1267,7256,0
20091026,2.1173,2.1645,2.1173,2.1645,23690,0
20091027,2.1551,2.1645,2.0889,2.1645,21065,0
20091028,2.1456,2.1645,2.1173,2.1267,7147,0
20091029,2.1173,2.1362,2.1078,2.1362,5413,0
20091030,2.1362,2.174,2.1078,2.1078,19241,0
20091102,2.1362,2.1551,2.1267,2.1362,17159,0
20091103,2.1456,2.1551,2.1362,2.1551,3324,0
20091104,2.1078,2.1551,2.1078,2.1551,5085,0
20091105,2.1267,2.1645,2.1267,2.1645,6793,0
20091106,2.1362,2.1551,2.0795,2.1551,6048,0
20091109,2.0511,2.1173,2.0511,2.0795,11556,0
20091110,2.1267,2.1267,2.0605,2.0795,18456,0
20091112,2.0322,2.0795,2.0322,2.0795,10194,0
20091113,2.07,2.07,2.0133,2.07,9313,0
20091116,2.0227,2.07,1.9471,1.9849,25887,0
20091117,2.0322,2.0795,2.0227,2.0795,12374,0
20091118,2.0227,2.0795,2.0038,2.0416,9555,0
20091119,2.0322,2.0416,1.9566,2.0322,22704,0
20091120,1.9849,2.0416,1.966,2.0227,8760,0
20091123,1.9755,1.9849,1.881,1.9093,65136,0
20091124,1.9188,1.9188,1.881,1.8904,28884,0
20091125,1.9093,1.9755,1.8999,1.9755,28652,0
20091126,1.9471,1.966,1.8904,1.8904,17535,0
20091127,1.8526,1.9188,1.8526,1.9093,13292,0
20091130,1.9093,1.9093,1.881,1.9093,23171,0
20091201,1.9093,1.9093,1.8715,1.9093,19775,0
20091202,1.8999,1.8999,1.8904,1.8999,6697,0
20091203,1.9093,1.9093,1.881,1.8999,9352,0
20091204,1.8904,1.9093,1.8904,1.9093,6903,0
20091207,1.9093,1.9282,1.8999,1.8999,8818,0
20091208,1.9093,1.9566,1.8715,1.9282,72850,0
20091209,1.9282,1.9377,1.8148,1.9093,30250,0
20091210,1.8904,1.966,1.8904,1.966,20335,0
20091211,1.9282,1.9566,1.8904,1.9471,8351,0
20091214,1.8999,1.9566,1.8999,1.8999,13064,0
20091215,1.8999,1.9093,1.8715,1.8904,23979,0
20091216,1.8904,1.9188,1.8904,1.9188,14397,0
20091217,1.9188,1.9282,1.9188,1.9282,4613,0
20091218,1.9282,1.9282,1.8999,1.8999,20629,0
20091221,1.8999,1.9282,1.8715,1.9282,11843,0
20091222,1.9188,1.9188,1.8904,1.9093,10381,0
20091223,1.8999,1.9093,1.881,1.9093,5892,0
20091228,1.8904,1.8904,1.8432,1.8526,67203,0
20091229,1.8904,1.8999,1.8904,1.8904,19837,0
20091230,1.8904,1.8999,1.881,1.8999,2853,0
20091231,1.8904,1.8904,1.8242,1.881,14666,0
20100104,1.9093,1.9093,1.8432,1.8715,45962,0
20100105,1.8904,1.8904,1.8715,1.8904,33432,0
20100106,1.881,1.881,1.8621,1.881,33327,0
20100107,1.8526,1.881,1.8526,1.881,7655,0
20100108,1.881,1.881,1.8621,1.881,18529,0
20100111,1.8621,1.881,1.8621,1.881,4761,0
20100112,1.8432,1.881,1.8432,1.8621,29117,0
20100113,1.8621,1.8715,1.8621,1.8715,10238,0
20100114,1.8621,1.8715,1.8621,1.8621,26460,0
20100115,1.881,1.881,1.8621,1.881,4163,0
20100118,1.8526,1.8526,1.8242,1.8337,9251,0
20100119,1.8526,1.8526,1.8148,1.8337,7338,0
20100120,1.8242,1.8242,1.8148,1.8242,10043,0
20100121,1.8053,1.8148,1.7959,1.8148,20637,0
20100122,1.7959,1.7959,1.6447,1.7297,31647,0
20100125,1.777,1.777,1.6825,1.7486,11130,0
20100126,1.7108,1.7108,1.7014,1.7014,1669,0
20100127,1.7108,1.7297,1.7014,1.7297,23635,0
20100128,1.7297,1.7297,1.7297,1.7297,959,0
20100129,1.7297,1.7486,1.7014,1.7486,17367,0
20100201,1.7486,1.7486,1.7014,1.7203,12263,0
20100202,1.673,1.7203,1.6636,1.7203,17687,0
20100203,1.7014,1.7581,1.7014,1.7581,6721,0
20100204,1.7108,1.7108,1.7014,1.7014,5536,0
20100205,1.6447,1.6447,1.6258,1.6258,4654,0
20100208,1.6258,1.6541,1.6258,1.6541,3015,0
20100209,1.7014,1.7014,1.7014,1.7014,212,0
20100210,1.7014,1.7014,1.7014,1.7014,1105,0
20100211,1.7392,1.7392,1.7392,1.7392,132,0
20100212,1.7297,1.7392,1.7297,1.7392,1063,0
20100215,1.7486,1.7486,1.7108,1.7486,1060,0
20100216,1.777,1.7864,1.777,1.7864,793,0
20100217,1.7864,1.7864,1.777,1.7864,8765,0
20100218,1.7203,1.7581,1.7203,1.7581,1066,0
20100219,1.6541,1.7864,1.6541,1.7864,5974,0
20100222,1.7864,1.7864,1.777,1.777,487,0
20100223,1.777,1.777,1.7675,1.7675,2689,0
20100224,1.7675,1.7959,1.7014,1.7959,9646,0
20100225,1.7203,1.8526,1.7203,1.8526,5504,0
20100226,1.7959,1.8242,1.7959,1.8242,2486,0
20100301,1.7486,1.8526,1.7203,1.8526,15616,0
20100302,1.8526,1.8526,1.7864,1.8242,6279,0
20100303,1.7675,1.8242,1.7581,1.8242,7459,0
20100304,1.8242,1.8242,1.7864,1.8242,5654,0
20100305,1.8242,1.8526,1.8053,1.8432,4919,0
20100308,1.8621,1.8621,1.8432,1.8526,4013,0
20100309,1.8432,1.8432,1.8432,1.8432,501,0
20100310,1.8432,1.8715,1.8432,1.8715,2857,0
20100311,1.8621,1.8621,1.8526,1.8526,1820,0
20100312,1.8526,1.8526,1.7959,1.8526,2058,0
20100315,1.8053,1.9849,1.8053,1.9849,57688,0
20100316,1.966,1.966,1.9377,1.9471,26163,0
20100317,1.9093,1.9471,1.8999,1.9471,2968,0
20100318,1.9471,1.9849,1.8904,1.9471,19950,0
20100319,1.966,1.966,1.9471,1.9566,3756,0
20100322,1.9566,1.9944,1.9471,1.9471,13817,0
20100323,1.8715,2.0227,1.8053,1.9566,67323,0
20100324,1.9849,2.0133,1.9566,2.0133,16241,0
20100325,1.9849,2.0133,1.9849,2.0133,13528,0
20100326,1.9944,2.0133,1.9944,2.0133,8931,0
20100329,2.0133,2.0133,1.9566,2.0133,6977,0
20100330,1.9566,1.9849,1.9566,1.9849,9442,0
20100331,1.9471,2.0133,1.9471,1.9944,4449,0
20100401,1.9849,1.9944,1.9377,1.9377,9343,0
20100406,1.9377,1.9849,1.8999,1.9755,8785,0
20100407,1.9188,1.9566,1.8904,1.9566,12040,0
20100408,1.8715,1.9282,1.8715,1.9282,13742,0
20100409,1.8526,1.9377,1.8526,1.9377,12167,0
20100412,1.9282,1.9377,1.9282,1.9377,3692,0
20100413,1.9282,1.9282,1.9282,1.9282,2860,0
20100414,1.9282,1.9282,1.8715,1.9093,7026,0
20100415,1.8904,1.9093,1.8715,1.9093,13452,0
20100416,1.9093,1.9093,1.8904,1.8999,4560,0
20100419,1.8053,1.9093,1.8053,1.9093,2740,0
20100420,1.9093,1.9093,1.9093,1.9093,3052,0
20100421,1.9093,1.9093,1.8621,1.8904,7866,0
20100422,1.8621,1.9093,1.8526,1.8999,6254,0
20100423,1.9093,1.9377,1.8621,1.9093,32061,0
20100426,1.9282,1.9282,1.8715,1.9282,2862,0
20100427,1.9188,1.9282,1.9188,1.9188,6512,0
20100428,1.8432,1.9093,1.8432,1.9093,6784,0
20100429,1.8904,1.9093,1.8337,1.9093,1754,0
20100504,1.8904,1.9188,1.8904,1.9188,9099,0
20100505,1.8999,1.8999,1.8715,1.8904,15870,0
20100506,1.8904,1.9188,1.8621,1.9093,6229,0
20100507,1.8621,1.8904,1.8621,1.8904,14729,0
20100510,1.8999,1.8999,1.8904,1.8904,4762,0
20100511,1.8904,1.8904,1.8904,1.8904,1672,0
20100512,1.8904,1.8904,1.8904,1.8904,5501,0
20100513,1.8904,1.8904,1.8715,1.881,11426,0
20100514,1.881,1.881,1.8526,1.881,1930,0
20100517,1.8432,1.8715,1.8432,1.8715,4920,0
20100518,1.8432,1.8432,1.8432,1.8432,6877,0
20100519,1.8715,1.9093,1.8621,1.8621,3414,0
20100520,1.8432,1.881,1.7959,1.8621,29430,0
20100521,1.8053,1.8621,1.8053,1.8621,7300,0
20100524,1.8242,1.8242,1.8242,1.8242,10051,0
20100525,1.7959,1.8526,1.7959,1.8526,5537,0
20100526,1.8621,1.8621,1.8621,1.8621,317,0
20100527,1.8621,1.8621,1.8526,1.8526,159,0
20100528,1.8526,1.8715,1.8526,1.8715,3627,0
20100531,1.8715,1.8715,1.8337,1.8715,3213,0
20100601,1.8621,1.8715,1.8621,1.8715,317,0
20100602,1.8715,1.8715,1.8242,1.8715,2742,0
20100604,1.8715,1.8715,1.8715,1.8715,40,0
20100607,1.8715,1.8715,1.8526,1.8526,106,0
20100608,1.8526,1.8526,1.8432,1.8432,106,0
20100609,1.8526,1.8526,1.8053,1.8432,2936,0
20100610,1.8432,1.8526,1.8432,1.8526,226,0
20100611,1.8526,1.8904,1.8526,1.8904,5125,0
20100614,1.8904,1.8904,1.8904,1.8904,37,0
20100615,1.8904,1.8904,1.881,1.881,159,0
20100616,1.8148,1.881,1.8148,1.881,185,0
20100617,1.8053,1.8715,1.8053,1.8715,198,0
20100618,1.8715,1.8715,1.8053,1.8053,1617,0
20100621,1.8432,1.8432,1.8432,1.8432,53,0
20100622,1.8432,1.8432,1.8432,1.8432,42,0
20100623,1.7959,1.8242,1.7959,1.8242,291306,0
20100624,1.8242,1.8242,1.8242,1.8242,19,0
20100625,1.7581,1.8242,1.7486,1.8148,16540,0
20100628,1.7486,1.7486,1.7486,1.7486,546,0
20100629,1.7581,1.7581,1.7581,1.7581,4232,0
20100630,1.7581,1.7581,1.7581,1.7581,164,0
20100701,1.7486,1.7486,1.7392,1.7486,13542,0
20100702,1.8337,1.8337,1.7486,1.7486,58769,0
20100705,1.6825,1.7108,1.6825,1.7108,19308,0
20100706,1.7108,1.7108,1.7108,1.7108,5298,0
20100707,1.7108,1.7108,1.7108,1.7108,10,0
20100708,1.7108,1.7959,1.7108,1.7959,6787,0
20100709,1.7959,1.8432,1.7959,1.8432,3498,0
20100712,1.8432,1.8432,1.8432,1.8432,116,0
20100713,1.8432,1.8432,1.8432,1.8432,159,0
20100714,1.8432,1.8432,1.8432,1.8432,8,0
20100715,1.7959,1.8242,1.7959,1.8242,1603,0
20100716,1.7486,1.7486,1.7486,1.7486,9522,0
20100719,1.8432,1.8432,1.777,1.777,5760,0
20100721,1.7864,1.7864,1.7392,1.777,14713,0
20100722,1.7203,1.8526,1.7203,1.8526,8631,0
20100723,1.8526,1.881,1.8053,1.881,5237,0
20100728,1.8148,1.8148,1.8148,1.8148,741,0
20100729,1.8337,1.9282,1.8337,1.9188,105566,0
20100730,1.881,1.8999,1.8715,1.8999,15916,0
20100802,1.9188,1.9188,1.8904,1.9188,24704,0
20100803,1.8999,1.8999,1.8904,1.8904,6877,0
20100804,1.8904,1.8904,1.8904,1.8904,9719,0
20100805,1.8904,1.8904,1.8904,1.8904,4554,0
20100806,1.9093,1.9093,1.8904,1.9093,5400,0
20100809,1.9188,1.9188,1.8904,1.9093,542,0
20100810,1.8904,2.0133,1.8904,1.9755,68639,0
20100811,2.0133,2.0133,1.9755,2.0038,22766,0
20100812,2.0038,2.0227,2.0038,2.0227,9104,0
20100813,1.9849,2.0133,1.9849,2.0133,9686,0
20100816,2.0322,2.0322,2.0227,2.0227,2121,0
20100817,1.9849,2.0605,1.9849,2.0416,1978,0
20100818,2.0511,2.0605,2.0227,2.0416,1685,0
20100819,2.0511,2.0511,2.0416,2.0416,14,0
20100820,1.9849,2.0322,1.9849,1.9849,6402,0
20100823,1.9849,1.9944,1.9849,1.9944,8701,0
20100824,1.9849,1.9849,1.9755,1.9849,14042,0
20100825,1.9849,2.0038,1.9566,2.0038,9364,0
20100826,2.0038,2.0984,1.9188,2.0889,125087,0
20100827,2.1173,2.2496,2.1173,2.2307,56540,0
20100830,2.2685,2.3441,2.2685,2.3158,24593,0
20100831,2.3158,2.3441,2.1645,2.2212,17297,0
20100901,2.3063,2.4197,2.3063,2.4103,85653,0
20100902,2.4575,2.4575,2.363,2.363,21726,0
20100903,2.363,2.6938,2.363,2.571,33464,0
20100906,2.5804,2.6277,2.5142,2.5142,16633,0
20100907,2.5332,2.5332,2.3819,2.4575,20992,0
20100908,2.4575,2.4575,2.2968,2.2968,9860,0
20100909,2.3536,2.4103,2.3441,2.4103,28699,0
20100910,2.4103,2.4481,2.3819,2.4386,11043,0
20100913,2.4481,2.4481,2.4197,2.4481,4256,0
20100914,2.4481,2.4859,2.3914,2.4859,4288,0
20100915,2.4859,2.4953,2.467,2.4764,6169,0
20100916,2.5521,2.5521,2.4575,2.5048,2523,0
20100917,2.5048,2.5048,2.4764,2.4764,2677,0
20100920,2.3819,2.4859,2.3819,2.3819,6947,0
20100921,2.3914,2.4197,2.3914,2.4197,1494,0
20100922,2.3914,2.4103,2.3063,2.4008,1801,0
20100923,2.363,2.363,2.363,2.363,13,0
20100924,2.3725,2.3725,2.3725,2.3725,2,0
20100927,2.3725,2.3819,2.1834,2.259,12505,0
20100928,2.2779,2.2874,2.2779,2.2874,376,0
20100929,2.2779,2.3725,2.2496,2.3725,6683,0
20100930,2.3536,2.3536,2.2212,2.3063,15028,0
20101001,2.2685,2.2685,2.1645,2.2496,23717,0
20101004,2.1834,2.1929,2.1078,2.1456,19896,0
20101005,2.1834,2.1834,2.1456,2.174,7086,0
20101006,2.174,2.174,2.1173,2.1551,13875,0
20101007,2.174,2.1834,2.174,2.1834,1063,0
20101008,2.1834,2.2118,2.1362,2.1929,6381,0
20101011,2.174,2.1834,2.174,2.1834,3572,0
20101012,2.174,2.1929,2.174,2.1929,544,0
20101013,2.174,2.1929,2.174,2.1929,637,0
20101014,2.1456,2.2118,2.0795,2.2118,18210,0
20101015,2.1929,2.1929,2.0795,2.0795,2909,0
20101018,2.1078,2.1267,2.0416,2.1267,9760,0
20101019,2.0795,2.1173,2.0795,2.1078,9538,0
20101020,2.0795,2.174,2.0795,2.1551,11281,0
20101021,2.1551,2.1551,2.1551,2.1551,529,0
20101022,2.1362,2.2212,2.1173,2.2212,5035,0
20101025,2.2496,2.2496,2.1551,2.174,2513,0
20101026,2.1078,2.1267,2.1078,2.1267,6185,0
20101027,2.0889,2.174,2.0889,2.174,2665,0
20101028,2.1645,2.174,2.1645,2.174,32,0
20101029,2.1078,2.1267,2.1078,2.1267,2578,0
20101102,2.1267,2.1267,2.1267,2.1267,312,0
20101103,2.1267,2.1267,2.1267,2.1267,987,0
20101104,2.1173,2.1173,2.1173,2.1173,212,0
20101105,2.0795,2.0795,2.0795,2.0795,7092,0
20101108,2.1267,2.1267,2.0795,2.0889,2433,0
20101109,2.1267,2.174,2.1078,2.174,6924,0
20101110,2.174,2.174,2.1551,2.174,20879,0
20101112,2.1645,2.2496,2.1645,2.2496,40384,0
20101115,2.2212,2.259,2.2212,2.259,7353,0
20101116,2.2496,2.2968,2.2496,2.2968,17142,0
20101117,2.3063,2.3063,2.3063,2.3063,344,0
20101118,2.3063,2.3158,2.3063,2.3158,2109,0
20101119,2.3252,2.3252,2.3252,2.3252,360,0
20101122,2.3536,2.3536,2.3158,2.3158,2170,0
20101123,2.3158,2.3158,2.2779,2.3158,5295,0
20101124,2.3252,2.3252,2.3158,2.3158,1296,0
20101125,2.3158,2.3158,2.2307,2.2496,73438,0
20101126,2.174,2.174,2.1456,2.174,11533,0
20101129,2.2307,2.2307,2.2307,2.2307,35,0
20101130,2.2212,2.2212,2.2212,2.2212,148,0
20101201,2.1173,2.2212,2.1173,2.2212,1143,0
20101202,2.2212,2.2212,2.1267,2.2212,916,0
20101203,2.2212,2.2212,2.1267,2.2118,7810,0
20101206,2.2118,2.2118,2.2118,2.2118,26,0
20101207,2.2118,2.2118,2.174,2.2118,407,0
20101208,2.2118,2.2118,2.2118,2.2118,74,0
20101209,2.2118,2.2118,2.2118,2.2118,17,0
20101210,2.2118,2.2118,2.1362,2.174,333,0
20101213,2.174,2.2023,2.1362,2.2023,3740,0
20101214,2.2118,2.2118,2.2023,2.2023,106,0
20101215,2.2118,2.2118,2.2118,2.2118,3378,0
20101216,2.2118,2.259,2.1929,2.2307,18728,0
20101217,2.2023,2.3252,2.2023,2.3252,9890,0
20101220,2.2779,2.3158,2.1551,2.3158,5562,0
20101221,2.259,2.3158,2.259,2.3158,3235,0
20101222,2.1456,2.259,2.1456,2.259,10954,0
20101223,2.2496,2.2496,2.2496,2.2496,212,0
20101227,2.2118,2.2307,2.2118,2.2307,846,0
20101228,2.174,2.2307,2.174,2.2307,5128,0
20101229,2.2212,2.2212,2.2212,2.2212,106,0
20101230,2.2212,2.2212,2.2212,2.2212,21,0
20101231,2.2212,2.2212,2.174,2.2212,4790,0
20110103,2.2212,2.2212,2.2212,2.2212,79,0
20110104,2.2212,2.2212,2.2212,2.2212,106,0
20110105,2.2212,2.2212,2.2212,2.2212,286,0
20110107,2.2212,2.2212,2.2212,2.2212,156,0
20110110,2.2212,2.2212,2.2212,2.2212,264,0
20110111,2.2212,2.2212,2.2023,2.2212,5114,0
20110112,2.2212,2.2212,2.174,2.2118,1809,0
20110113,2.2212,2.2212,2.2212,2.2212,5037,0
20110114,2.1456,2.2212,2.1456,2.174,9480,0
20110117,2.1267,2.2212,2.1267,2.2023,4739,0
20110118,2.2212,2.2212,2.2212,2.2212,2354,0
20110119,2.174,2.2212,2.1645,2.2212,10312,0
20110120,2.174,2.2118,2.174,2.174,688,0
20110121,2.174,2.2212,2.174,2.2212,2094,0
20110124,2.2212,2.2212,2.1929,2.1929,2122,0
20110125,2.2212,2.2212,2.1929,2.2212,1116,0
20110126,2.2212,2.2212,2.2212,2.2212,114,0
20110127,2.2212,2.2212,2.2212,2.2212,159,0
20110128,2.1645,2.2212,2.1645,2.2212,312,0
20110131,2.2212,2.2212,2.1362,2.2212,42,0
20110201,2.2212,2.259,2.2212,2.259,1248,0
20110202,2.259,2.259,2.1456,2.2023,2708,0
20110203,2.2118,2.2118,2.2118,2.2118,3068,0
20110204,2.2023,2.259,2.2023,2.259,2661,0
20110207,2.259,2.259,2.2307,2.2307,1137,0
20110208,2.2212,2.2307,2.174,2.2307,7018,0
20110209,2.2307,2.2307,2.1834,2.2307,1350,0
20110210,2.2307,2.2307,2.174,2.2118,802,0
20110211,2.2118,2.2118,2.174,2.2118,1746,0
20110214,2.2118,2.2118,2.1645,2.2023,555,0
20110215,2.2023,2.2118,2.174,2.2118,184429,0
20110216,2.2118,2.2118,2.2118,2.2118,5,0
20110217,2.1929,2.2023,2.174,2.2023,4068,0
20110218,2.2023,2.2212,2.2023,2.2212,5002,0
20110221,2.1929,2.2118,2.1929,2.2118,296,0
20110222,2.2023,2.2023,2.174,2.174,3444,0
20110223,2.1929,2.1929,2.174,2.174,517,0
20110224,2.1929,2.1929,2.1929,2.1929,1587,0
20110225,2.174,2.2118,2.174,2.2118,692,0
20110228,2.2118,2.2118,2.1834,2.2118,241,0
20110301,2.2118,2.2118,2.174,2.2118,3837,0
20110302,2.2118,2.2118,2.174,2.1929,3345,0
20110303,2.174,2.174,2.174,2.174,774,0
20110304,2.1834,2.1929,2.1551,2.1929,11710,0
20110307,2.2118,2.2118,2.1267,2.1929,2872,0
20110308,2.2118,2.2118,2.1267,2.2023,1217,0
20110309,2.2023,2.2023,2.1929,2.1929,180,0
20110310,2.1267,2.1929,2.1267,2.1834,153,0
20110314,2.174,2.174,2.174,2.174,1058,0
20110315,2.2118,2.2118,2.1551,2.1551,3756,0
20110316,2.1551,2.1551,2.1551,2.1551,2116,0
20110317,2.2118,2.2118,2.2023,2.2023,108,0
20110318,2.2118,2.2118,2.2023,2.2023,132,0
20110321,2.2023,2.2023,2.2023,2.2023,114,0
20110322,2.2023,2.2118,2.2023,2.2118,17,0
20110323,2.2118,2.2118,2.2023,2.2023,212,0
20110324,2.1362,2.174,2.1362,2.174,4100,0
20110325,2.1362,2.2023,2.1267,2.2023,3068,0
20110328,2.2118,2.2118,2.174,2.2118,2380,0
20110329,2.2023,2.2118,2.2023,2.2118,79,0
20110330,2.2118,2.2118,2.1551,2.1929,825,0
20110331,2.2023,2.2023,2.1551,2.1929,2709,0
20110404,2.2118,2.2118,2.2118,2.2118,67,0
20110405,2.2118,2.2118,2.2118,2.2118,65,0
20110406,2.1362,2.2118,2.1362,2.1645,12185,0
20110407,2.0984,2.174,2.0984,2.174,7554,0
20110408,2.2023,2.2023,2.174,2.174,111,0
20110411,2.2118,2.2118,2.2118,2.2118,11,0
20110412,2.2023,2.2023,2.2023,2.2023,5,0
20110413,2.1929,2.1929,2.1929,2.1929,65,0
20110414,2.1929,2.1929,2.1267,2.174,1111,0
20110415,2.1267,2.1267,2.1267,2.1267,1671,0
20110418,2.0511,2.1929,2.0511,2.1929,10633,0
20110419,2.1834,2.1834,2.0889,2.1551,2698,0
20110420,2.1551,2.1645,2.1551,2.1645,1403,0
20110421,2.1645,2.1645,2.1645,2.1645,132,0
20110426,2.1645,2.1645,2.1551,2.1551,803,0
20110427,2.1456,2.174,2.1456,2.174,1626,0
20110428,2.1834,2.1929,2.1551,2.1551,4375,0
20110429,2.1551,2.1929,2.1551,2.1929,563,0
20110502,2.2023,2.2023,2.1834,2.1834,127,0
20110504,2.1834,2.1834,2.1551,2.174,1057,0
20110505,2.1834,2.1834,2.174,2.174,706,0
20110506,2.174,2.174,2.174,2.174,116,0
20110509,2.1834,2.1834,2.1551,2.1834,254,0
20110510,2.1834,2.1834,2.1551,2.1834,2137,0
20110511,2.1834,2.1834,2.1834,2.1834,58,0
20110512,2.174,2.174,2.1551,2.1551,1546,0
20110513,2.1834,2.1834,2.174,2.174,308,0
20110516,2.174,2.1834,2.1645,2.1834,6968,0
20110517,2.1834,2.1834,2.1834,2.1834,587,0
20110518,2.1834,2.1834,2.174,2.174,66,0
20110519,2.174,2.1834,2.1456,2.1834,1810,0
20110520,2.1834,2.1834,2.1834,2.1834,11449,0
20110523,2.1834,2.1834,2.174,2.174,2275,0
20110524,2.174,2.1834,2.174,2.1834,53,0
20110525,2.1456,2.1834,2.1456,2.174,1627,0
20110527,2.174,2.174,2.1456,2.174,264,0
20110530,2.1834,2.1834,2.174,2.174,96,0
20110531,2.174,2.174,2.1078,2.174,1841,0
20110601,2.174,2.174,2.174,2.174,604,0
20110602,2.174,2.174,2.174,2.174,69,0
20110603,2.1645,2.174,2.1078,2.1267,17948,0
20110606,2.1551,2.1551,2.1267,2.1551,2650,0
20110607,2.1551,2.1645,2.1551,2.1645,815,0
20110608,2.1645,2.1645,2.1456,2.1456,847,0
20110610,2.1173,2.174,2.1173,2.174,2227,0
20110613,2.174,2.174,2.174,2.174,34,0
20110614,2.174,2.174,2.1267,2.1267,1180,0
20110615,2.1362,2.174,2.1362,2.174,37,0
20110616,2.174,2.174,2.0984,2.0984,4965,0
20110617,2.1645,2.1645,1.9849,1.9849,8788,0
20110620,1.966,1.9849,1.8904,1.9093,16187,0
20110621,1.966,2.07,1.966,2.07,2127,0
20110622,1.9944,1.9944,1.9944,1.9944,476,0
20110624,1.9944,1.9944,1.9944,1.9944,106,0
20110627,1.9377,1.9944,1.9377,1.9944,2653,0
20110628,1.9944,2.07,1.8904,2.07,187318,0
20110629,1.9566,2.0322,1.8715,2.0322,9131,0
20110630,1.9849,2.0605,1.9566,2.0605,1390,0
20110701,1.9566,2.07,1.9566,2.07,1929,0
20110704,2.07,2.07,1.9377,2.07,3997,0
20110705,2.0605,2.0605,2.0605,2.0605,21,0
20110706,2.0605,2.0605,2.0605,2.0605,5,0
20110707,2.0605,2.0605,1.966,2.0605,6750,0
20110708,2.0416,2.0416,2.0416,2.0416,2116,0
20110711,2.0133,2.0133,1.966,2.0038,2863,0
20110712,2.0038,2.0038,1.9566,2.0038,3743,0
20110713,2.0038,2.0038,2.0038,2.0038,2250,0
20110714,1.9755,2.0038,1.9755,2.0038,1804,0
20110715,1.966,1.966,1.966,1.966,661,0
20110718,1.966,1.966,1.9471,1.9471,7406,0
20110719,1.9471,1.9849,1.9471,1.9849,6046,0
20110721,1.9566,1.9566,1.9566,1.9566,3914,0
20110726,1.9377,1.9377,1.8904,1.8904,8516,0
20110727,1.8715,1.8715,1.8715,1.8715,1058,0
20110728,1.8621,1.8621,1.8621,1.8621,1058,0
20110729,1.8904,1.8904,1.8904,1.8904,16,0
20110803,1.8148,1.8148,1.8148,1.8148,5290,0
20110804,1.7108,1.7864,1.7108,1.7864,6764,0
20110805,1.6541,1.6636,1.6258,1.6541,8887,0
20110808,1.6068,1.6636,1.5123,1.6636,4431,0
20110809,1.5123,1.5123,1.4934,1.5123,3174,0
20110810,1.5407,1.5407,1.38,1.38,15870,0
20110811,1.3422,1.4084,1.3044,1.3611,15147,0
20110812,1.3611,1.4273,1.3611,1.4273,13468,0
20110816,1.4462,1.6068,1.4367,1.5596,22407,0
20110817,1.5785,1.6636,1.5596,1.5974,12378,0
20110818,1.5879,1.5879,1.5879,1.5879,470,0
20110819,1.4934,1.6541,1.4556,1.6541,11448,0
20110822,1.4934,1.5123,1.4651,1.4651,9522,0
20110823,1.5123,1.5123,1.4651,1.4651,2751,0
20110824,1.4178,1.4556,1.4178,1.4556,3918,0
20110825,1.4556,1.4556,1.3989,1.3989,4846,0
20110826,1.4178,1.4178,1.4178,1.4178,1058,0
20110830,1.4178,1.4367,1.4178,1.4367,11398,0
20110831,1.4367,1.4367,1.4367,1.4367,11,0
20110901,1.4367,1.4367,1.3989,1.4367,7312,0
20110902,1.4367,1.4367,1.3989,1.4367,5446,0
20110905,1.3516,1.4367,1.3516,1.4367,931,0
20110906,1.4178,1.5879,1.3516,1.5879,4655,0
20110907,1.4745,1.5879,1.4367,1.569,3703,0
20110908,1.5596,1.5596,1.5407,1.5407,1587,0
20110909,1.6068,1.6068,1.4556,1.5879,13163,0
20110912,1.4745,1.5123,1.3233,1.5123,3599,0
20110913,1.5407,1.5407,1.4745,1.4745,5558,0
20110914,1.4556,1.4556,1.4462,1.4462,373,0
20110915,1.4273,1.4462,1.3989,1.3989,4446,0
20110916,1.4084,1.4462,1.3989,1.4462,2768,0
20110919,1.4367,1.5785,1.4367,1.5785,11743,0
20110920,1.5501,1.5501,1.4178,1.5123,21136,0
20110921,1.5029,1.5123,1.4367,1.5123,824,0
20110922,1.4934,1.4934,1.3989,1.3989,2862,0
20110923,1.3989,1.4651,1.3989,1.4651,3288,0
20110926,1.4934,1.4934,1.4367,1.4367,7411,0
20110927,1.4367,1.4556,1.4367,1.4556,5525,0
20110928,1.4556,1.4556,1.4556,1.4556,1061,0
20110929,1.4556,1.4556,1.4178,1.4556,5058,0
20110930,1.4367,1.4556,1.4367,1.4556,1221,0
20111003,1.4556,1.4556,1.4556,1.4556,893,0
20111004,1.4556,1.4745,1.4556,1.4745,1693,0
20111005,1.4178,1.4178,1.4178,1.4178,15874,0
20111006,1.4745,1.4745,1.4367,1.4556,2802,0
20111007,1.4178,1.4462,1.4178,1.4462,433,0
20111010,1.4367,1.4367,1.4178,1.4178,3210,0
20111011,1.4178,1.4273,1.3516,1.3516,12058,0
20111012,1.3516,1.4084,1.3233,1.4084,6709,0
20111013,1.3705,1.3705,1.3705,1.3705,1447,0
20111014,1.3705,1.3705,1.3516,1.3705,1063,0
20111017,1.3705,1.3705,1.3705,1.3705,143,0
20111018,1.3516,1.4084,1.3516,1.4084,1069,0
20111021,1.3044,1.3705,1.3044,1.3705,372,0
20111024,1.3705,1.3705,1.3705,1.3705,2260,0
20111025,1.3611,1.3611,1.3138,1.3516,3282,0
20111026,1.3516,1.3705,1.3233,1.3705,4755,0
20111027,1.3233,1.3705,1.3233,1.3611,6744,0
20111028,1.3516,1.3516,1.2288,1.2288,2359,0
20111031,1.3516,1.3705,1.3516,1.3705,1561,0
20111102,1.4178,1.4178,1.3044,1.3044,4295,0
20111103,1.3705,1.3705,1.3705,1.3705,22,0
20111104,1.3611,1.3705,1.3611,1.3611,10272,0
20111107,1.3611,1.3611,1.3611,1.3611,39,0
20111108,1.3233,1.3516,1.3044,1.3516,11641,0
20111109,1.3611,1.3611,1.3611,1.3611,17,0
20111110,1.3611,1.3611,1.3611,1.3611,21,0
20111114,1.3611,1.3611,1.3044,1.3044,10654,0
20111115,1.3611,1.3611,1.3044,1.3611,21595,0
20111116,1.3516,1.3516,1.3044,1.3422,3180,0
20111117,1.3044,1.3327,1.3044,1.3327,27876,0
20111118,1.2855,1.3705,1.2855,1.3705,5931,0
20111121,1.3705,1.3705,1.2382,1.3705,23097,0
20111122,1.276,1.3705,1.2382,1.3705,27263,0
20111123,1.3233,1.3705,1.276,1.3516,24073,0
20111124,1.2855,1.3422,1.2855,1.3422,22761,0
20111125,1.3044,1.3044,1.3044,1.3044,1058,0
20111128,1.2855,1.3233,1.2855,1.3233,16856,0
20111129,1.3044,1.4084,1.2949,1.4084,3725,0
20111130,1.3989,1.3989,1.3422,1.3989,345,0
20111201,1.3422,1.3989,1.3233,1.3989,2128,0
20111202,1.3989,1.3989,1.3233,1.3895,2890,0
20111206,1.3989,1.3989,1.3327,1.3422,1259,0
20111207,1.3611,1.4934,1.3611,1.4745,11907,0
20111208,1.4178,1.4178,1.3327,1.4084,23760,0
20111209,1.3422,1.38,1.3233,1.38,7734,0
20111212,1.3233,1.3233,1.3233,1.3233,1270,0
20111213,1.38,1.38,1.3233,1.38,1593,0
20111214,1.3327,1.3611,1.3233,1.3611,3413,0
20111215,1.3611,1.3611,1.3233,1.3516,3715,0
20111216,1.3611,1.3611,1.3233,1.3611,649,0
20111219,1.3611,1.3611,1.3044,1.3611,1066,0
20111220,1.3044,1.3422,1.2949,1.2949,7406,0
20111222,1.3233,1.3611,1.276,1.3611,3658,0
20111223,1.3044,1.38,1.276,1.38,3055,0
20111227,1.2949,1.3422,1.2949,1.3327,118,0
20111228,1.3327,1.3327,1.3138,1.3138,2374,0
20111229,1.3327,1.3327,1.3327,1.3327,6,0
20111230,1.31,1.31,1.29,1.29,3833,0
20120102,1.3044,1.3327,1.2855,1.3327,852,0
20120103,1.3327,1.3327,1.3044,1.3327,1173,0
20120104,1.3233,1.3233,1.3233,1.3233,16,0
20120105,1.3233,1.3233,1.3233,1.3233,587,0
20120109,1.3233,1.3327,1.2855,1.3327,6126,0
20120110,1.2571,1.3327,1.2571,1.3327,9456,0
20120111,1.3327,1.3327,1.3327,1.3327,589,0
20120112,1.3233,1.3233,1.3233,1.3233,22,0
20120113,1.3233,1.3233,1.3138,1.3138,3110,0
20120116,1.2571,1.3233,1.2571,1.3233,12915,0
20120117,1.3233,1.3233,1.3233,1.3233,16,0
20120118,1.3233,1.3233,1.2855,1.3233,5785,0
20120119,1.3044,1.3233,1.3044,1.3233,1822,0
20120120,1.3233,1.3233,1.3233,1.3233,793,0
20120123,1.3233,1.3233,1.3233,1.3233,2740,0
20120124,1.3233,1.3233,1.3233,1.3233,416,0
20120125,1.3233,1.3233,1.3233,1.3233,39,0
20120126,1.3233,1.3233,1.3233,1.3233,52128,0
20120127,1.3705,1.6541,1.3705,1.6541,111876,0
20120130,1.7959,1.9755,1.7581,1.8526,310857,0
20120131,1.84,1.87,1.75,1.79,114247,0
20120201,1.7486,1.7959,1.673,1.7203,44182,0
20120202,1.6825,1.7392,1.6447,1.673,63846,0
20120203,1.7486,1.8715,1.7014,1.7014,52573,0
20120206,1.8432,1.8432,1.7297,1.777,108480,0
20120207,1.7392,1.7581,1.7108,1.7297,35167,0
20120208,1.7014,1.777,1.6352,1.6447,138850,0
20120209,1.7203,1.7203,1.5879,1.5879,156693,0
20120210,1.5879,1.5974,1.5029,1.5218,73565,0
20120213,1.6068,1.6258,1.5407,1.5785,103357,0
20120214,1.5785,1.6541,1.5501,1.6352,80636,0
20120215,1.6541,1.6825,1.569,1.6068,88878,0
20120216,1.5879,1.6163,1.5501,1.5596,75218,0
20120217,1.569,1.6352,1.5596,1.6352,76704,0
20120220,1.6352,1.8526,1.6352,1.8337,213901,0
20120221,1.881,1.9377,1.7486,1.8526,194430,0
20120222,1.8904,1.9471,1.7675,1.8148,88932,0
20120223,1.7959,1.7959,1.6919,1.777,138988,0
20120224,1.777,1.7959,1.7108,1.7864,39387,0
20120227,1.7486,1.7675,1.7203,1.7675,14323,0
20120228,1.7675,1.9755,1.7675,1.8621,374511,0
20120229,1.88,1.96,1.82,1.89,56041,0
20120301,1.966,1.966,1.8242,1.9188,44707,0
20120302,1.9188,2.0227,1.8904,1.9849,86953,0
20120305,1.9377,1.9566,1.8432,1.8526,42788,0
20120306,1.8999,1.8999,1.7581,1.8053,71096,0
20120307,1.8053,1.8904,1.8053,1.8904,22366,0
20120308,1.8904,1.9282,1.8242,1.881,69272,0
20120309,1.8148,1.8526,1.8148,1.8526,14268,0
20120312,1.8432,1.8432,1.7675,1.8432,28106,0
20120313,1.7864,1.8526,1.7864,1.8337,6395,0
20120314,1.8337,1.881,1.7959,1.8053,41960,0
20120315,1.8053,1.8337,1.7959,1.8148,22737,0
20120316,1.8148,1.8148,1.7581,1.8148,30966,0
20120319,1.8053,1.8715,1.7864,1.8621,27515,0
20120320,1.8715,1.8715,1.8337,1.8432,18669,0
20120321,1.8337,1.8337,1.7203,1.7297,119929,0
20120322,1.7297,1.7392,1.6919,1.7203,43931,0
20120323,1.7203,1.7864,1.7203,1.7864,7505,0
20120326,1.7486,1.7486,1.7108,1.7108,37632,0
20120327,1.7203,1.7486,1.7108,1.7392,25105,0
20120328,1.7392,1.7392,1.7108,1.7297,7438,0
20120329,1.7203,1.7486,1.6636,1.7014,53273,0
20120330,1.75,1.75,1.66,1.7,13411,0
20120402,1.7014,1.7297,1.7014,1.7014,7746,0
20120403,1.7297,1.7864,1.6636,1.7203,28483,0
20120404,1.7014,1.7203,1.6636,1.7108,10934,0
20120405,1.6919,1.7014,1.6636,1.7014,4824,0
20120410,1.6825,1.7014,1.5879,1.6447,34800,0
20120411,1.6447,1.6541,1.5596,1.6541,25485,0
20120412,1.6068,1.6541,1.5974,1.6541,4036,0
20120413,1.5974,1.6825,1.5974,1.6447,15929,0
20120416,1.6258,1.6636,1.6258,1.6636,1399,0
20120417,1.6636,1.6636,1.6068,1.6258,6847,0
20120418,1.6163,1.6541,1.6068,1.6258,11257,0
20120419,1.6068,1.6447,1.5879,1.6352,16035,0
20120420,1.6352,1.6352,1.6258,1.6258,13,0
20120423,1.6258,1.6258,1.5501,1.5785,8544,0
20120424,1.569,1.569,1.5312,1.569,5821,0
20120425,1.5312,1.5596,1.5123,1.5596,11875,0
20120426,1.6068,1.6352,1.6068,1.6258,1146,0
20120427,1.6258,1.6258,1.569,1.6068,4858,0
20120430,1.57,1.62,1.57,1.62,656,0
20120502,1.6163,1.6919,1.6068,1.6163,3242,0
20120504,1.569,1.6068,1.569,1.6068,5593,0
20120507,1.5974,1.5974,1.5501,1.5974,2458,0
20120508,1.5974,1.5974,1.5501,1.5879,15492,0
20120509,1.5596,1.5785,1.5123,1.569,19602,0
20120510,1.5029,1.5123,1.4462,1.4462,43866,0
20120511,1.4745,1.484,1.4178,1.484,18287,0
20120514,1.4178,1.4651,1.4178,1.4651,2497,0
20120515,1.4651,1.4651,1.4651,1.4651,2663,0
20120516,1.4178,1.4651,1.38,1.4178,26108,0
20120517,1.4651,1.4651,1.3327,1.3611,16412,0
20120518,1.3327,1.3327,1.2571,1.3138,24453,0
20120521,1.3138,1.3138,1.276,1.3044,17984,0
20120522,1.3138,1.3138,1.2666,1.2949,18193,0
20120523,1.2855,1.2855,1.2571,1.276,7378,0
20120524,1.276,1.3044,1.2571,1.276,7607,0
20120525,1.276,1.3138,1.2666,1.3138,4416,0
20120528,1.3138,1.3138,1.3138,1.3138,529,0
20120529,1.3138,1.3138,1.3138,1.3138,1069,0
20120530,1.3044,1.3044,1.276,1.3044,2280,0
20120531,1.3,1.3,1.28,1.3,1361,0
20120601,1.3044,1.3138,1.3044,1.3138,2793,0
20120604,1.3138,1.3233,1.3138,1.3233,4066,0
20120605,1.32,1.32,1.31,1.32,2667,0
20120606,1.32,1.42,1.32,1.42,3181,0
20120608,1.41,1.42,1.41,1.42,805,0
20120611,1.4178,1.5029,1.4178,1.5029,12520,0
20120612,1.4273,1.4462,1.38,1.4462,7286,0
20120613,1.4462,1.4462,1.3895,1.4178,3620,0
20120614,1.3895,1.4367,1.3895,1.4367,1762,0
20120615,1.46,1.46,1.38,1.45,6570,0
20120618,1.4462,1.4462,1.4462,1.4462,15,0
20120619,1.47,1.47,1.38,1.44,9771,0
20120620,1.43,1.47,1.42,1.47,5987,0
20120621,1.44,1.46,1.42,1.45,4496,0
20120622,1.4,1.43,1.4,1.43,3692,0
20120625,1.41,1.41,1.37,1.4,2892,0
20120626,1.33,1.38,1.33,1.38,3386,0
20120627,1.38,1.43,1.38,1.43,1011,0
20120628,1.43,1.49,1.41,1.49,4028,0
20120629,1.49,1.5,1.41,1.5,511,0
20120702,1.5,1.5,1.49,1.49,313,0
20120703,1.37,1.45,1.37,1.45,2020,0
20120704,1.4,1.45,1.4,1.45,1500,0
20120705,1.4,1.47,1.35,1.47,12755,0
20120706,1.46,1.46,1.46,1.46,10,0
20120709,1.35,1.35,1.32,1.34,14177,0
20120710,1.34,1.42,1.34,1.38,3172,0
20120711,1.36,1.38,1.34,1.37,9011,0
20120712,1.34,1.38,1.3,1.37,5407,0
20120713,1.31,1.36,1.31,1.36,11770,0
20120716,1.31,1.35,1.3,1.35,7002,0
20120717,1.3,1.32,1.3,1.3,4751,0
20120718,1.3,1.33,1.3,1.33,4134,0
20120719,1.33,1.33,1.3,1.33,3214,0
20120720,1.3,1.32,1.3,1.32,1509,0
20120724,1.21,1.31,1.21,1.31,4431,0
20120726,1.22,1.34,1.22,1.34,496,0
20120730,1.29,1.33,1.29,1.33,550,0
20120802,1.24,1.31,1.21,1.28,14773,0
20120803,1.24,1.25,1.22,1.25,3254,0
20120807,1.25,1.25,1.2,1.25,6271,0
20120808,1.24,1.25,1.24,1.25,4200,0
20120809,1.24,1.24,1.24,1.24,500,0
20120810,1.19,1.24,1.19,1.24,2519,0
20120813,1.23,1.23,1.19,1.2,10750,0
20120814,1.2,1.23,1.2,1.23,197,0
20120816,1.23,1.23,1.23,1.23,2,0
20120817,1.23,1.23,1.16,1.16,7809,0
20120820,1.16,1.19,1.16,1.19,3715,0
20120821,1.19,1.3,1.19,1.29,26436,0
20120822,1.29,1.29,1.25,1.25,5002,0
20120823,1.25,1.33,1.25,1.33,13431,0
20120827,1.33,1.33,1.26,1.29,6710,0
20120828,1.28,1.33,1.28,1.33,4335,0
20120829,1.32,1.33,1.27,1.33,30,0
20120830,1.26,1.33,1.25,1.33,4283,0
20120831,1.32,1.41,1.15,1.15,44227,0
20120903,1.23,1.23,1.14,1.17,14046,0
20120904,1.2,1.21,1.14,1.19,19006,0
20120905,1.19,1.19,1.15,1.19,7415,0
20120906,1.2,1.2,1.15,1.19,11093,0
20120907,1.2,1.27,1.17,1.25,13826,0
20120910,1.28,1.28,1.28,1.28,2,0
20120911,1.33,1.33,1.21,1.26,18667,0
20120912,1.25,1.29,1.23,1.29,3606,0
20120913,1.28,1.28,1.2,1.23,19676,0
20120914,1.24,1.28,1.24,1.28,8060,0
20120917,1.27,1.28,1.27,1.28,19800,0
20120918,1.31,1.33,1.27,1.3,7749,0
20120919,1.26,1.29,1.24,1.29,9101,0
20120920,1.29,1.29,1.25,1.29,2528,0
20120921,1.29,1.29,1.26,1.26,6001,0
20120924,1.27,1.27,1.26,1.26,3547,0
20120925,1.34,1.34,1.26,1.28,15303,0
20120926,1.28,1.28,1.23,1.28,899,0
20120927,1.3,1.33,1.29,1.33,10922,0
20120928,1.27,1.31,1.27,1.3,10795,0
20121001,1.33,1.34,1.3,1.3,4270,0
20121002,1.32,1.32,1.25,1.3,14877,0
20121004,1.24,1.29,1.23,1.23,25451,0
20121005,1.27,1.32,1.24,1.3,25416,0
20121008,1.24,1.27,1.24,1.27,5621,0
20121009,1.27,1.28,1.24,1.26,3423,0
20121010,1.28,1.28,1.27,1.27,3,0
20121011,1.27,1.27,1.25,1.27,4074,0
20121012,1.27,1.27,1.25,1.27,11463,0
20121015,1.27,1.27,1.27,1.27,2,0
20121016,1.27,1.27,1.27,1.27,2,0
20121017,1.22,1.26,1.2,1.26,4532,0
20121018,1.26,1.26,1.2,1.23,33659,0
20121019,1.22,1.22,1.17,1.2,4980,0
20121022,1.17,1.17,1.13,1.16,18461,0
20121023,1.16,1.18,1.09,1.13,9125,0
20121024,1.17,1.17,1.1,1.15,4014,0
20121025,1.15,1.26,1.15,1.25,12579,0
20121026,1.26,1.26,1.16,1.21,11688,0
20121029,1.21,1.24,1.17,1.22,13955,0
20121030,1.24,1.24,1.18,1.2,20527,0
20121031,1.24,1.24,1.13,1.16,29376,0
20121102,1.19,1.19,1.19,1.19,1630,0
20121105,1.15,1.19,1.15,1.19,220,0
20121106,1.22,1.22,1.16,1.19,8325,0
20121107,1.17,1.17,1.15,1.15,1000,0
20121108,1.18,1.18,1.12,1.16,1764,0
20121109,1.17,1.17,1.12,1.17,1985,0
20121112,1.12,1.15,1.1,1.1,23550,0
20121113,1.08,1.13,1.08,1.13,10009,0
20121114,1.06,1.14,1.06,1.14,8059,0
20121115,1.07,1.09,1.06,1.09,10174,0
20121119,1.11,1.12,1.04,1.12,8039,0
20121120,1.08,1.09,1.05,1.09,9025,0
20121121,1.06,1.07,1.02,1.07,12588,0
20121122,1.05,1.1,1.03,1.1,8805,0
20121123,1.09,1.09,1.09,1.09,10,0
20121126,1.03,1.03,0.99,0.99,36037,0
20121127,0.99,1.02,0.99,1.02,17627,0
20121128,0.98,1.03,0.98,0.98,26029,0
20121129,0.97,1,0.95,1,26164,0
20121130,1,1.03,1,1.03,11505,0
20121203,0.97,0.98,0.93,0.98,23900,0
20121204,0.97,1.01,0.97,1.01,3495,0
20121205,1.02,1.04,0.98,1.04,8213,0
20121206,1.04,1.04,0.97,1,24419,0
20121207,0.96,1,0.96,1,5073,0
20121210,0.97,0.98,0.95,0.98,5450,0
20121211,0.94,0.98,0.9,0.9,41054,0
20121212,0.93,0.94,0.9,0.94,5757,0
20121213,0.91,0.91,0.89,0.9,33152,0
20121214,0.89,0.9,0.88,0.9,20612,0
20121217,0.9,0.9,0.88,0.9,3999,0
20121218,0.89,0.9,0.87,0.9,11509,0
20121219,0.87,0.9,0.87,0.9,1020,0
20121220,0.9,0.9,0.88,0.9,26450,0
20121221,0.88,0.9,0.87,0.9,6395,0
20121227,0.94,0.94,0.9,0.92,908,0
20121228,0.94,0.94,0.88,0.88,21908,0
20130102,0.88,0.89,0.85,0.85,85202,0
20130103,0.85,0.85,0.77,0.83,192431,0
20130104,0.84,0.84,0.82,0.82,17949,0
20130107,0.82,0.83,0.81,0.81,25696,0
20130108,0.83,0.83,0.82,0.83,5005,0
20130109,0.83,0.83,0.79,0.79,144530,0
20130110,0.79,0.79,0.74,0.78,112374,0
20130111,0.79,0.98,0.78,0.98,548889,0
20130114,1.03,1.09,0.89,0.91,378663,0
20130115,0.93,0.93,0.86,0.88,122728,0
20130116,0.9,1.02,0.9,0.98,216696,0
20130117,0.97,0.99,0.93,0.95,57974,0
20130118,0.93,0.95,0.9,0.95,51905,0
20130121,0.94,0.97,0.93,0.93,39238,0
20130122,0.93,0.97,0.93,0.95,10311,0
20130123,0.96,0.96,0.9,0.93,45701,0
20130124,0.91,0.93,0.89,0.92,39717,0
20130125,0.93,0.94,0.89,0.91,100605,0
20130128,0.88,0.92,0.88,0.88,30351,0
20130129,0.88,0.88,0.84,0.87,58264,0
20130130,0.85,0.92,0.85,0.9,71097,0
20130131,0.89,0.89,0.82,0.84,81192,0
20130201,0.84,0.89,0.83,0.89,49032,0
20130204,0.88,0.88,0.84,0.88,13024,0
20130205,0.88,0.88,0.84,0.87,15048,0
20130206,0.87,0.89,0.84,0.88,3743,0
20130207,0.88,0.89,0.87,0.89,12405,0
20130208,0.86,0.89,0.86,0.89,5205,0
20130211,0.89,0.89,0.82,0.86,54873,0
20130212,0.86,0.86,0.84,0.85,4105,0
20130213,0.85,0.85,0.81,0.84,11169,0
20130214,0.84,0.84,0.82,0.84,5833,0
20130215,0.84,0.86,0.82,0.86,2465,0
20130218,0.82,0.86,0.82,0.86,10751,0
20130219,0.85,0.85,0.85,0.85,1200,0
20130220,0.86,0.86,0.78,0.82,24862,0
20130221,0.84,0.84,0.8,0.8,17610,0
20130222,0.84,0.84,0.8,0.83,1217,0
20130225,0.84,0.84,0.81,0.84,3512,0
20130226,0.84,0.84,0.83,0.83,2411,0
20130227,0.82,0.83,0.8,0.82,27751,0
20130228,0.81,0.82,0.81,0.82,3705,0
20130301,0.82,0.82,0.8,0.82,2010,0
20130304,0.83,0.83,0.8,0.83,51683,0
20130305,0.82,0.83,0.8,0.83,4485,0
20130306,0.82,0.84,0.82,0.84,18065,0
20130307,0.84,0.84,0.81,0.83,17167,0
20130308,0.84,1,0.82,0.96,431694,0
20130311,0.95,1.02,0.92,0.99,147259,0
20130312,0.99,1.05,0.98,1.01,108615,0
20130313,1.01,1.02,0.93,0.97,85854,0
20130314,0.94,0.98,0.94,0.98,33489,0
20130315,0.99,0.99,0.95,0.98,16502,0
20130318,0.98,0.98,0.92,0.95,20547,0
20130319,0.92,0.95,0.87,0.95,29282,0
20130320,0.91,0.94,0.91,0.93,13025,0
20130321,0.93,0.93,0.87,0.9,33616,0
20130322,0.82,0.84,0.8,0.82,111811,0
20130325,0.8,0.83,0.8,0.83,23723,0
20130326,0.84,0.84,0.81,0.84,6153,0
20130327,0.81,0.87,0.81,0.87,25,0
20130328,0.87,0.87,0.83,0.87,5140,0
20130402,0.87,0.87,0.82,0.86,1782,0
20130403,0.85,0.85,0.81,0.83,9344,0
20130404,0.83,0.87,0.79,0.82,20682,0
20130405,0.85,0.85,0.8,0.83,13748,0
20130408,0.79,0.8,0.79,0.8,8573,0
20130409,0.83,0.87,0.79,0.81,11569,0
20130410,0.83,0.85,0.8,0.84,2580,0
20130411,0.83,0.83,0.83,0.83,7,0
20130412,0.85,0.87,0.81,0.87,2330,0
20130415,0.85,0.85,0.85,0.85,2000,0
20130417,0.8,0.81,0.79,0.8,9935,0
20130418,0.75,0.79,0.75,0.79,3550,0
20130419,0.79,0.85,0.79,0.85,9891,0
20130423,0.8,0.8,0.75,0.8,8178,0
20130425,0.85,0.85,0.85,0.85,300,0
20130426,0.8,0.81,0.77,0.81,3319,0
20130429,0.84,0.84,0.84,0.84,120,0
20130430,0.81,0.82,0.78,0.82,1404,0
20130502,0.82,0.82,0.78,0.81,19026,0
20130506,0.85,0.85,0.78,0.78,5005,0
20130507,0.8,0.8,0.76,0.79,17064,0
20130508,0.79,0.8,0.76,0.8,14618,0
20130509,0.79,0.79,0.79,0.79,14,0
20130510,0.78,0.81,0.78,0.81,28139,0
20130513,0.82,0.82,0.8,0.8,5010,0
20130514,0.81,0.81,0.76,0.8,8777,0
20130515,0.8,0.8,0.79,0.8,2508,0
20130516,0.82,0.82,0.79,0.82,12400,0
20130517,0.8,0.8,0.75,0.79,21202,0
20130520,0.78,0.81,0.78,0.81,14540,0
20130521,0.81,0.81,0.79,0.79,18343,0
20130522,0.8,0.8,0.8,0.8,1025,0
20130523,0.8,0.8,0.78,0.8,2020,0
20130524,0.8,0.8,0.78,0.8,1610,0
20130527,0.77,0.8,0.76,0.8,17047,0
20130528,0.78,0.81,0.77,0.8,14221,0
20130529,0.8,0.8,0.78,0.8,12291,0
20130531,0.8,0.87,0.8,0.86,22626,0
20130603,0.85,0.85,0.83,0.84,23300,0
20130604,0.83,0.85,0.83,0.85,2990,0
20130605,0.84,0.85,0.84,0.85,3500,0
20130606,0.82,0.85,0.82,0.82,8065,0
20130607,0.82,0.85,0.81,0.84,9150,0
20130610,0.83,0.84,0.79,0.83,27191,0
20130611,0.8,0.88,0.8,0.88,20822,0
20130612,0.87,0.91,0.87,0.91,11487,0
20130613,0.88,0.88,0.85,0.88,12463,0
20130614,0.9,0.94,0.86,0.94,12998,0
20130617,0.92,0.92,0.89,0.92,3200,0
20130618,0.92,0.95,0.92,0.95,1360,0
20130620,0.88,0.93,0.86,0.92,16922,0
20130621,0.91,0.91,0.91,0.91,25,0
20130624,0.91,0.91,0.86,0.87,2272,0
20130625,0.89,0.89,0.89,0.89,10,0
20130626,0.87,0.87,0.82,0.86,5222,0
20130627,0.86,0.86,0.78,0.78,15832,0
20130628,0.85,0.85,0.8,0.84,13497,0
20130701,0.77,0.83,0.77,0.83,13085,0
20130702,0.83,0.83,0.82,0.83,560,0
20130703,0.84,0.84,0.79,0.84,33336,0
20130704,0.85,0.85,0.81,0.85,2355,0
20130705,0.8,0.85,0.8,0.84,24752,0
20130708,0.84,0.84,0.8,0.84,22645,0
20130709,0.84,0.86,0.8,0.86,20541,0
20130710,0.86,0.86,0.81,0.84,6206,0
20130711,0.86,0.86,0.86,0.86,20,0
20130712,0.86,0.86,0.86,0.86,20,0
20130715,0.86,0.86,0.79,0.82,67294,0
20130716,0.82,0.82,0.77,0.79,19546,0
20130717,0.82,0.82,0.82,0.82,10,0
20130718,0.82,0.82,0.8,0.81,6285,0
20130719,0.81,0.83,0.79,0.83,4723,0
20130722,0.83,0.84,0.8,0.83,7315,0
20130723,0.84,0.84,0.77,0.78,52250,0
20130724,0.79,0.8,0.76,0.8,16975,0
20130725,0.8,0.81,0.79,0.81,3510,0
20130726,0.83,0.83,0.79,0.82,4342,0
20130729,0.82,0.82,0.82,0.82,300,0
20130730,0.82,0.82,0.82,0.82,10,0
20130731,0.82,0.82,0.8,0.81,2025,0
20130801,0.81,0.81,0.8,0.81,2322,0
20130802,0.81,0.84,0.81,0.84,7239,0
20130805,0.82,0.82,0.82,0.82,2000,0
20130806,0.83,0.83,0.81,0.81,4148,0
20130807,0.84,0.84,0.83,0.83,1010,0
20130808,0.84,0.84,0.82,0.84,4112,0
20130809,0.83,0.84,0.83,0.84,3998,0
20130812,0.84,0.88,0.83,0.88,14853,0
20130813,0.88,0.88,0.84,0.88,10502,0
20130814,0.87,0.87,0.83,0.86,15854,0
20130816,0.86,0.88,0.85,0.88,107588,0
20130819,0.9,0.9,0.87,0.89,10610,0
20130820,0.89,0.89,0.86,0.89,602,0
20130821,0.88,0.88,0.85,0.87,4539,0
20130822,0.87,0.88,0.85,0.88,4487,0
20130823,0.88,0.88,0.85,0.88,27397,0
20130826,0.88,0.88,0.88,0.88,20,0
20130827,0.88,0.88,0.85,0.88,15607,0
20130828,0.87,0.87,0.83,0.87,1615,0
20130829,0.87,0.87,0.82,0.87,4150,0
20130830,0.87,0.87,0.85,0.86,207,0
20130902,0.83,0.84,0.8,0.82,25372,0
20130903,0.86,0.86,0.78,0.78,16635,0
20130904,0.8,0.81,0.8,0.8,7442,0
20130905,0.8,0.8,0.77,0.79,21204,0
20130906,0.79,0.79,0.79,0.79,11121,0
20130909,0.8,0.81,0.8,0.81,2002,0
20130910,0.81,0.81,0.77,0.81,24838,0
20130911,0.81,0.81,0.8,0.81,5492,0
20130912,0.81,0.81,0.79,0.81,14047,0
20130913,0.81,0.86,0.79,0.84,58996,0
20130916,0.85,0.86,0.82,0.86,2721,0
20130917,0.86,0.86,0.83,0.85,6197,0
20130918,0.86,0.86,0.82,0.86,10001,0
20130919,0.86,0.86,0.85,0.86,8699,0
20130920,0.86,0.87,0.86,0.87,17762,0
20130923,0.87,0.91,0.86,0.91,24080,0
20130924,0.91,0.93,0.89,0.91,23495,0
20130925,0.92,0.92,0.9,0.9,2,0
20130926,0.9,0.9,0.85,0.85,6189,0
20130927,0.84,0.87,0.83,0.87,5300,0
20130930,0.85,0.87,0.85,0.87,1358,0
20131001,0.83,0.87,0.83,0.87,11,0
20131002,0.87,0.87,0.84,0.85,1503,0
20131003,0.83,0.85,0.8,0.85,130699,0
20131004,0.85,0.85,0.85,0.85,1000,0
20131007,0.84,0.87,0.84,0.87,7430,0
20131008,0.87,0.87,0.83,0.87,15792,0
20131009,0.86,0.86,0.86,0.86,13,0
20131010,0.87,0.87,0.86,0.86,3600,0
20131011,0.87,0.89,0.84,0.89,16008,0
20131014,0.89,0.89,0.88,0.89,2549,0
20131015,0.89,0.89,0.87,0.87,7296,0
20131016,0.88,0.89,0.87,0.89,6807,0
20131017,0.89,1.06,0.89,1.05,118482,0
20131018,1.04,1.05,1,1.02,76917,0
20131021,1.02,1.04,1.01,1.03,18106,0
20131022,1.04,1.04,0.98,0.98,49656,0
20131023,1,1.04,0.98,1.02,19851,0
20131024,0.97,1.1,0.97,1.06,77511,0
20131025,1.06,1.06,1.02,1.05,14821,0
20131028,1.06,1.06,1.03,1.04,3859,0
20131029,1.04,1.05,1.02,1.04,22655,0
20131030,1.04,1.04,1.01,1.03,24501,0
20131031,1.03,1.03,0.98,1.01,26789,0
20131104,1,1.02,0.98,1.02,12149,0
20131105,1.02,1.05,0.97,0.97,60227,0
20131106,1.01,1.01,0.95,0.98,38410,0
20131107,0.97,1,0.96,0.99,8354,0
20131108,0.98,0.99,0.94,0.97,17954,0
20131112,0.95,0.97,0.95,0.97,5552,0
20131113,0.95,0.97,0.9,0.96,106635,0
20131114,0.96,1,0.96,0.98,17215,0
20131115,0.98,0.98,0.95,0.97,7313,0
20131118,0.96,0.98,0.94,0.96,19227,0
20131119,0.96,0.96,0.93,0.95,12288,0
20131120,0.95,0.96,0.92,0.95,14202,0
20131121,0.95,0.95,0.9,0.93,12305,0
20131122,0.94,1.03,0.92,1.02,117775,0
20131125,1.02,1.04,0.97,1.04,65394,0
20131126,1,1.1,1,1.08,120177,0
20131127,1.06,1.18,1.06,1.15,90249,0
20131128,1.15,1.18,1.07,1.11,36208,0
20131129,1.06,1.15,1.06,1.14,20763,0
20131202,1.15,1.15,1.11,1.11,1421,0
20131203,1.11,1.11,1.05,1.06,17454,0
20131204,1.06,1.06,1.01,1.02,41345,0
20131205,1.03,1.06,0.98,1,39231,0
20131206,1.01,1.04,0.99,1,29430,0
20131209,1.03,1.03,0.99,1.03,22484,0
20131210,1.03,1.03,0.99,1,22460,0
20131211,1.03,1.03,0.97,0.98,31886,0
20131212,0.98,0.98,0.95,0.97,17991,0
20131213,0.97,0.98,0.93,0.98,98699,0
20131216,0.98,1,0.98,1,11402,0
20131217,1,1.01,0.97,1,12298,0
20131218,1,1,0.95,0.97,28662,0
20131219,0.98,1.01,0.98,1,33931,0
20131220,1,1,0.97,0.97,37890,0
20131223,1,1,0.96,0.99,11348,0
20131227,1,1,0.96,0.98,10469,0
20131230,0.98,1,0.96,1,19170,0
20140102,1.01,1.05,1.01,1.04,35294,0
20140103,1.04,1.09,1.04,1.08,49612,0
20140107,1.12,1.13,1.06,1.07,52338,0
20140108,1.07,1.08,1.04,1.08,21827,0
20140109,1.08,1.09,1.04,1.04,16330,0
20140110,1.01,1.04,0.99,1,63868,0
20140113,1.03,1.04,1,1.03,41018,0
20140114,1.04,1.04,1.01,1.02,9048,0
20140115,1.02,1.05,1.02,1.04,39900,0
20140116,1.04,1.07,1.03,1.07,36972,0
20140117,1.05,1.05,1.01,1.05,24072,0
20140120,1.05,1.05,1.02,1.05,7265,0
20140121,1.07,1.07,1.03,1.05,12914,0
20140122,1.06,1.06,1.04,1.04,9817,0
20140123,1.04,1.04,1.01,1.04,39162,0
20140124,1.02,1.04,1,1,5190,0
20140127,1,1.01,1,1,17969,0
20140128,1.04,1.04,0.96,0.98,38740,0
20140129,0.98,0.98,0.95,0.95,41262,0
20140130,0.94,0.95,0.88,0.92,76500,0
20140131,0.92,0.94,0.92,0.94,15845,0
20140203,0.95,0.96,0.91,0.91,14734,0
20140204,0.92,0.92,0.88,0.88,35954,0
20140205,0.92,0.93,0.89,0.93,12294,0
20140206,0.93,0.96,0.93,0.96,24048,0
20140207,0.96,0.96,0.94,0.96,1403,0
20140210,0.96,0.96,0.93,0.94,14197,0
20140211,0.95,0.96,0.93,0.96,7997,0
20140212,0.96,0.97,0.94,0.97,16158,0
20140213,0.97,1.05,0.97,1.01,130323,0
20140214,1.01,1.01,0.97,1,28293,0
20140217,1,1,1,1,12,0
20140218,0.99,0.99,0.99,0.99,12,0
20140219,0.99,1,0.97,1,18926,0
20140220,1,1,0.95,0.98,8270,0
20140221,0.99,0.99,0.95,0.98,5520,0
20140224,0.98,0.98,0.95,0.98,5807,0
20140225,0.98,0.98,0.95,0.97,12169,0
20140226,0.97,0.97,0.94,0.96,23420,0
20140227,0.96,1,0.94,1,55944,0
20140228,0.99,0.99,0.98,0.99,2557,0
20140303,0.93,0.96,0.88,0.89,25703,0
20140304,0.94,0.94,0.89,0.93,15634,0
20140305,0.93,0.93,0.91,0.93,17963,0
20140306,0.93,0.93,0.91,0.91,8952,0
20140307,0.93,0.93,0.92,0.93,1007,0
20140310,0.94,0.94,0.9,0.94,21213,0
20140311,0.95,0.95,0.94,0.94,11383,0
20140312,0.91,0.93,0.91,0.91,20900,0
20140313,0.88,0.89,0.83,0.85,44284,0
20140314,0.86,0.86,0.75,0.77,108036,0
20140317,0.76,0.8,0.74,0.77,68595,0
20140318,0.8,0.8,0.74,0.77,28291,0
20140319,0.77,0.77,0.76,0.77,21357,0
20140320,0.76,0.77,0.74,0.77,17447,0
20140321,0.77,0.8,0.77,0.8,5811,0
20140324,0.81,0.85,0.81,0.84,64647,0
20140325,0.84,0.84,0.8,0.8,38013,0
20140326,0.8,0.83,0.8,0.83,20847,0
20140327,0.83,0.83,0.79,0.8,93078,0
20140328,0.8,0.81,0.77,0.81,98191,0
20140331,0.82,0.82,0.8,0.82,1752,0
20140401,0.82,0.82,0.79,0.82,13274,0
20140402,0.82,0.82,0.78,0.8,24349,0
20140403,0.79,0.82,0.78,0.79,32312,0
20140404,0.8,0.81,0.79,0.81,21568,0
20140407,0.8,0.83,0.8,0.81,73148,0
20140408,0.83,0.85,0.8,0.83,25146,0
20140409,0.83,0.83,0.81,0.83,41370,0
20140410,0.83,0.83,0.82,0.83,2225,0
20140411,0.83,0.83,0.8,0.82,36105,0
20140414,0.79,0.81,0.78,0.81,74831,0
20140415,0.83,0.83,0.79,0.83,7360,0
20140416,0.83,0.83,0.78,0.8,31344,0
20140417,0.81,0.81,0.79,0.8,1489,0
20140422,0.8,0.8,0.79,0.8,6500,0
20140423,0.81,0.81,0.81,0.81,5062,0
20140424,0.83,0.83,0.8,0.82,2837,0
20140425,0.83,0.83,0.81,0.81,2210,0
20140428,0.83,0.83,0.8,0.81,10795,0
20140429,0.81,0.81,0.79,0.81,2257,0
20140430,0.81,0.81,0.79,0.81,9497,0
20140502,0.81,0.82,0.81,0.82,1573,0
20140505,0.83,0.83,0.82,0.82,16,0
20140506,0.82,0.82,0.79,0.82,1913,0
20140507,0.82,0.82,0.77,0.79,13821,0
20140508,0.81,0.81,0.76,0.8,20278,0
20140509,0.8,0.8,0.74,0.8,31970,0
20140512,0.8,0.8,0.75,0.75,2360,0
20140513,0.72,0.74,0.72,0.74,15850,0
20140514,0.74,0.76,0.73,0.75,9918,0
20140515,0.76,0.76,0.72,0.75,13656,0
20140516,0.7,0.7,0.66,0.68,64910,0
20140519,0.68,0.68,0.66,0.68,11361,0
20140520,0.68,0.74,0.65,0.69,88735,0
20140521,0.69,0.71,0.69,0.71,2012,0
20140522,0.7,0.7,0.68,0.69,5211,0
20140523,0.72,0.72,0.68,0.71,17349,0
20140526,0.71,0.71,0.69,0.69,1102,0
20140527,0.7,0.7,0.69,0.69,511,0
20140528,0.7,0.7,0.67,0.69,1717,0
20140529,0.7,0.7,0.69,0.69,220,0
20140530,0.7,0.7,0.7,0.7,1,0
20140602,0.7,0.7,0.68,0.7,3825,0
20140603,0.7,0.73,0.7,0.73,610,0
20140604,0.73,0.77,0.69,0.77,36914,0
20140605,0.77,0.77,0.73,0.77,11118,0
20140606,0.7,0.76,0.7,0.76,12014,0
20140609,0.77,0.77,0.74,0.75,1045,0
20140610,0.77,0.77,0.75,0.77,16619,0
20140611,0.77,0.77,0.77,0.77,125,0
20140612,0.77,0.77,0.73,0.75,1625,0
20140613,0.76,0.76,0.71,0.76,28110,0
