Date,Open,High,Low,Close,Volume,OpenInt
20101230,10,10.49,9.61,10.44,1327813,0
20101231,10.74,11.47,10.65,11,592015,0
20110103,11.39,12.44,11.2,11.8,817518,0
20110104,12.16,12.89,11.82,12.87,763488,0
20110105,13.11,14.39,13.07,13.08,1151384,0
20110107,13.21,13.95,12.12,13.59,360815,0
20110110,13.99,13.99,12.75,13.22,287111,0
20110111,13.22,13.58,12.6,13.4,157526,0
20110112,13.59,13.9,13.42,13.7,151597,0
20110113,13.89,13.89,13.42,13.48,87712,0
20110114,13.45,13.45,12.93,13.12,128584,0
20110117,13.2,13.2,12.31,12.34,160036,0
20110118,12.3,12.89,12,12.63,153458,0
20110119,12.77,12.88,12.63,12.76,50530,0
20110120,12.76,12.76,12.34,12.6,105459,0
20110121,12.67,12.69,12.2,12.2,66566,0
20110124,12.49,12.49,11.8,11.85,87009,0
20110125,11.9,12.1,11.57,12,57517,0
20110126,12.3,12.79,12.15,12.79,97804,0
20110127,12.85,12.9,12.6,12.8,40403,0
20110128,12.81,12.81,12.41,12.47,42004,0
20110131,12.4,12.4,11.9,12.06,40463,0
20110201,12.34,12.34,11.92,12,94189,0
20110202,12.34,12.34,11.7,12,79477,0
20110203,12.19,12.64,12.18,12.3,88864,0
20110204,12.3,12.35,12,12.1,26702,0
20110207,12.06,12.2,11.92,12.2,51785,0
20110208,12.25,12.25,12,12.1,12091,0
20110209,12.02,12.02,11.92,11.95,16304,0
20110210,11.95,12.15,11.15,11.2,178337,0
20110211,11.17,11.29,10.63,11.2,188723,0
20110214,11.5,11.64,11.2,11.21,32650,0
20110215,11.35,11.35,10.85,10.95,46406,0
20110216,11,11,10.2,10.42,138596,0
20110217,10.35,11.35,9.7,10.9,467447,0
20110218,11.07,11.89,10.79,10.8,339810,0
20110221,10.95,11,10.35,10.55,106263,0
20110222,10.4,10.4,10.08,10.25,68839,0
20110223,10.17,10.29,10.07,10.18,67064,0
20110224,10.22,10.99,10.16,10.75,257037,0
20110225,10.9,11.16,10.8,10.92,89867,0
20110228,10.92,11.1,10.74,10.9,37624,0
20110301,10.98,10.98,10.6,10.7,68032,0
20110302,10.65,10.8,10.5,10.8,16091,0
20110303,10.92,10.92,10.51,10.76,33604,0
20110304,10.57,10.79,10.57,10.7,30790,0
20110307,10.75,10.75,10.42,10.48,31932,0
20110308,10.45,10.55,10.34,10.45,17491,0
20110309,10.58,10.58,10.2,10.3,34930,0
20110310,10.3,10.35,10.1,10.23,30556,0
20110311,10.3,10.3,10,10.15,35593,0
20110314,10.14,10.7,10,10.58,60289,0
20110315,10.6,10.6,10.1,10.36,35738,0
20110316,10.42,10.96,10.4,10.5,91546,0
20110317,10.79,11.55,10.73,11.4,228513,0
20110318,11.7,11.7,10.95,11,190071,0
20110321,11.26,11.33,11,11.21,26205,0
20110322,11.32,11.36,11.2,11.34,62040,0
20110323,11.5,11.7,11.3,11.4,101748,0
20110324,11.5,11.5,10.85,11.29,41306,0
20110325,11.5,11.9,11.3,11.5,220606,0
20110328,11.78,12.9,11.35,12.7,591371,0
20110329,12.9,13.48,12.6,12.7,666102,0
20110330,12.89,13.17,12.72,12.8,178741,0
20110331,12.8,12.8,12.41,12.5,97078,0
20110401,12.5,12.8,12.3,12.65,98552,0
20110404,12.78,12.78,12.51,12.6,69520,0
20110405,12.6,12.8,12.41,12.58,77524,0
20110406,12.7,13.25,12.52,13.12,220035,0
20110407,13.26,13.26,12.95,12.97,98693,0
20110408,13.07,13.09,12.75,12.77,69211,0
20110411,12.88,13.08,12.88,13.07,25975,0
20110412,12.95,13.19,12.92,12.97,42879,0
20110413,12.98,13.68,12.98,13.42,224189,0
20110414,13.56,13.56,13.16,13.2,89344,0
20110415,13.21,13.4,12.93,13.16,43481,0
20110418,13.19,13.4,12.55,12.87,165764,0
20110419,13,13.19,12.9,13.04,34191,0
20110420,13.01,13.1,12.8,12.98,63926,0
20110421,13,13,12.7,12.9,44576,0
20110426,12.9,12.96,12.8,12.96,33159,0
20110427,13,13,12.84,12.99,27028,0
20110428,12.99,12.99,12.8,12.95,24325,0
20110429,12.95,12.95,12.6,12.94,44126,0
20110502,12.88,12.99,12.63,12.95,23338,0
20110504,12.9,12.9,12.7,12.8,46170,0
20110505,12.65,12.85,12.4,12.49,79813,0
20110506,12.31,12.31,11.66,12.07,79644,0
20110509,12.07,12.11,11.65,11.71,39601,0
20110510,11.65,12.23,11.64,11.94,54555,0
20110511,12.1,12.4,12.03,12.38,26468,0
20110512,12.16,12.16,11.83,12.08,42568,0
20110513,12.09,12.39,11.99,12.24,19429,0
20110516,12.3,12.45,11.81,12.09,29819,0
20110517,12.05,12.05,11.7,11.88,44734,0
20110518,11.9,11.9,11.28,11.5,54684,0
20110519,11.5,11.79,11.36,11.65,26069,0
20110520,11.65,11.65,11.4,11.63,13512,0
20110523,11.25,11.3,11.06,11.08,128418,0
20110524,11.07,11.27,11.06,11.2,18853,0
20110525,11.71,12.4,11.71,12.3,199418,0
20110526,12.45,12.9,12.3,12.9,188668,0
20110527,12.9,12.9,12.5,12.5,108535,0
20110530,12.5,12.65,12.24,12.54,57517,0
20110531,12.62,12.67,12.5,12.53,29212,0
20110601,12.6,12.64,12.2,12.2,46099,0
20110602,12.17,12.3,11.83,12.15,41208,0
20110603,12.1,12.18,11.95,12,25717,0
20110606,11.9,12.03,11.75,12,68883,0
20110607,11.92,12,11.87,11.98,22801,0
20110608,11.98,11.98,11.72,11.75,29102,0
20110609,11.69,11.69,11.5,11.56,53297,0
20110610,11.7,11.7,11.41,11.5,37008,0
20110613,11.55,11.67,11.45,11.67,9801,0
20110614,11.67,11.99,11.6,11.78,27594,0
20110615,11.76,11.76,11.4,11.48,44097,0
20110616,11.48,11.5,11.39,11.4,16218,0
20110617,11.4,11.5,11.37,11.48,6304,0
20110620,11.6,11.6,11.2,11.35,22234,0
20110621,11.38,11.39,11.17,11.24,24606,0
20110622,11.24,11.31,11.09,11.25,27543,0
20110624,11.33,11.33,11.05,11.1,10441,0
20110627,11.4,11.69,10.6,10.81,124526,0
20110628,10.85,10.98,10.6,10.77,38508,0
20110629,10.92,11.28,10.88,11.23,33325,0
20110630,11.3,11.33,11.15,11.2,33905,0
20110701,11.2,11.2,10.89,11.03,34449,0
20110704,11.03,11.13,11.02,11.04,9792,0
20110705,10.99,11.2,10.95,10.98,20888,0
20110706,11,11,10.9,10.94,19724,0
20110707,10.95,11.39,10.69,11.16,32334,0
20110708,11.2,11.21,10.9,11,8090,0
20110711,11,11,10.75,10.76,15624,0
20110712,10.62,10.64,10.2,10.35,74276,0
20110713,10.35,10.5,10.35,10.47,25636,0
20110714,10.47,10.47,10.3,10.35,12857,0
20110715,10.35,10.4,10.25,10.27,18154,0
20110718,10.3,10.43,10.2,10.2,35966,0
20110719,10.25,10.51,10.25,10.51,17712,0
20110720,10.53,10.55,10.2,10.3,20850,0
20110721,10.3,10.35,9.8,10.21,90771,0
20110722,10.18,10.23,10,10.2,22371,0
20110725,10.2,10.21,10.1,10.11,7558,0
20110726,10.1,10.2,9.96,10.13,24274,0
20110727,10,10.15,9.96,10,8786,0
20110728,10,10.19,9.86,10.15,42557,0
20110729,10.13,10.15,9.8,10,21112,0
20110801,10,10.2,9.99,10.2,41802,0
20110802,10.34,10.34,9.96,10.01,24101,0
20110803,9.66,10.1,9.6,10,182772,0
20110804,10,10.08,9.85,10,424745,0
20110805,9.5,9.75,8.78,9.7,198569,0
20110808,9,9.7,8.8,8.85,142100,0
20110809,8.5,8.85,8.21,8.5,212514,0
20110810,9,9.05,7.71,8.2,95602,0
20110811,8.25,8.5,7.5,8.5,95766,0
20110812,8.6,8.75,8.23,8.65,37954,0
20110816,8.7,8.87,8.65,8.87,36774,0
20110817,8.8,9.3,8.7,9.16,19417,0
20110818,9.25,9.25,8,8.24,281535,0
20110819,7.82,8.24,7.77,8.15,60932,0
20110822,7.99,8.25,7.86,7.95,147585,0
20110823,7.95,8.29,7.88,8.19,135524,0
20110824,8.19,8.2,8,8.18,7871,0
20110825,8.2,8.2,8.01,8.16,14524,0
20110826,8.15,8.15,7.9,7.94,7674,0
20110829,7.91,8.4,7.91,8.25,16138,0
20110830,8.42,8.8,8.42,8.8,30914,0
20110831,8.95,9.57,8.95,9.39,33581,0
20110901,9.75,9.75,8.95,9.27,47435,0
20110902,9.19,9.19,8.86,9.13,47582,0
20110905,9.04,9.04,8.36,8.36,34658,0
20110906,8.58,8.84,8.5,8.7,18620,0
20110907,8.75,9.2,8.75,9.19,33790,0
20110908,9.02,9.24,8.9,9.14,14873,0
20110909,9.12,9.12,8.9,9.05,21005,0
20110912,9.05,9.05,8.65,8.95,28471,0
20110913,8.97,9.17,8.8,9.03,100980,0
20110914,9.1,9.18,9,9.1,18413,0
20110915,9.07,9.4,9.07,9.2,17997,0
20110916,9.39,9.4,9.13,9.2,42883,0
20110919,9.16,9.18,8.81,9,30109,0
20110920,9,9.17,8.82,9.15,14786,0
20110921,9.2,9.22,9.01,9.22,21412,0
20110922,9.05,9.15,8.85,8.97,16535,0
20110923,8.98,9,8.7,8.95,70604,0
20110926,9,9.1,8.82,9.1,78668,0
20110927,9.2,9.22,9.1,9.22,26623,0
20110928,9.2,9.24,9.12,9.15,33405,0
20110929,9.15,9.25,9.11,9.24,7924,0
20110930,9.25,9.3,8.97,9.25,20010,0
20111003,9.15,9.17,9.02,9.17,11594,0
20111004,9.23,9.23,9,9.13,17152,0
20111005,9.15,9.15,8.92,9.15,38146,0
20111006,9.15,9.16,9,9.15,2921,0
20111007,9.15,9.15,9.05,9.15,2411,0
20111010,9.15,9.15,9,9.14,9983,0
20111011,9.12,9.12,9,9.07,7268,0
20111012,9.07,9.11,8.96,9,10836,0
20111013,8.86,9.1,8.86,9.03,5258,0
20111014,9,9.02,8.92,9,6275,0
20111017,9,9,8.77,8.8,11763,0
20111018,8.75,8.8,8.6,8.78,4630,0
20111019,8.8,8.8,8.8,8.8,932,0
20111020,8.8,8.8,8.57,8.8,5966,0
20111021,8.79,8.8,8.61,8.74,1951,0
20111024,8.7,8.8,8.61,8.66,7805,0
20111025,8.62,8.75,8.58,8.75,15349,0
20111026,8.6,8.7,8.21,8.43,11485,0
20111027,8.61,8.89,8.61,8.85,15690,0
20111028,8.88,9,8.6,8.82,5021,0
20111031,8.94,9.7,8.82,9.5,97790,0
20111102,9,9.39,8.8,9.34,34597,0
20111103,9.29,9.69,9.1,9.53,32904,0
20111104,9.69,9.69,9.35,9.36,9907,0
20111107,9.49,9.54,9.32,9.42,5013,0
20111108,9.54,9.54,9.38,9.41,7336,0
20111109,9.41,9.5,9,9.13,19069,0
20111110,9.09,9.09,8.88,9.06,8904,0
20111114,9.13,9.49,9.1,9.1,9320,0
20111115,8.85,8.85,8.63,8.7,20699,0
20111116,8.78,8.9,8.65,8.9,9665,0
20111117,8.88,8.96,8.69,8.77,12291,0
20111118,8.8,8.8,8.6,8.61,6935,0
20111121,8.43,8.5,8.18,8.18,9370,0
20111122,8,8,7.9,7.9,20359,0
20111123,8,8.42,7.91,8.1,18655,0
20111124,8.11,8.14,7.78,8,6603,0
20111125,8.12,8.12,7.9,8.1,1981,0
20111128,8.12,8.12,7.97,8.12,3719,0
20111129,8.1,8.1,7.96,8.07,2049,0
20111130,8.09,8.09,7.75,8,8609,0
20111201,7.99,8,7.77,7.95,12533,0
20111202,8.08,8.08,7.91,8,5788,0
20111205,8,8,7.9,7.96,3510,0
20111206,8.45,8.7,8.36,8.69,82530,0
20111207,8.75,9.27,8.75,9.22,96155,0
20111208,9.39,9.39,8.6,8.87,69117,0
20111209,8.36,8.76,8.36,8.65,24893,0
20111212,8.79,8.79,8.42,8.64,10553,0
20111213,8.65,8.65,8.5,8.6,7022,0
20111214,8.64,8.74,8.5,8.59,5324,0
20111215,8.62,8.79,8.53,8.59,12562,0
20111216,8.59,8.59,8.5,8.55,7044,0
20111219,8.55,8.55,8.2,8.22,20156,0
20111220,8.33,8.33,7.9,8.09,39196,0
20111221,8.1,8.2,8.02,8.09,5745,0
20111222,8.14,8.14,8,8.05,7948,0
20111223,8.05,8.05,7.95,8.05,8223,0
20111227,8.08,8.08,7.89,7.98,156593,0
20111228,7.93,8.05,7.93,8.04,3668,0
20111229,8.05,8.2,8,8.2,4815,0
20111230,8.2,8.31,8.2,8.26,3436,0
20120102,8.2,8.3,8.03,8.3,5016,0
20120103,8.33,8.33,8.05,8.17,4185,0
20120104,8.15,8.3,8.12,8.14,7298,0
20120105,8.3,8.3,8.05,8.22,1465,0
20120109,8.12,8.13,8.12,8.13,742,0
20120110,8.2,8.55,8.12,8.3,152554,0
20120111,8.3,8.3,8.15,8.3,11423,0
20120112,8.4,8.4,8.25,8.4,6978,0
20120113,8.4,8.5,8.3,8.4,212785,0
20120116,8.4,8.5,8.4,8.5,2741,0
20120117,8.61,8.8,8.53,8.58,77197,0
20120118,8.84,8.9,8.58,8.75,122649,0
20120119,8.8,9.68,8.64,9.5,949154,0
20120120,9.59,9.6,8.87,9,35802,0
20120123,8.95,9,8.75,8.85,11774,0
20120124,8.85,9.13,8.78,8.95,34024,0
20120125,8.95,9.23,8.85,8.95,141556,0
20120126,9,9.15,8.91,8.95,339428,0
20120127,9.01,9.2,8.95,8.95,29764,0
20120130,9,9.1,8.96,9,9224,0
20120131,9.01,9.1,8.9,8.9,67697,0
20120201,8.89,9.07,8.8,9,23039,0
20120202,9,9,8.8,8.85,67440,0
20120203,8.9,9.06,8.75,9,32679,0
20120206,9,9.2,8.9,9.15,23067,0
20120207,9.32,9.9,9.28,9.88,90703,0
20120208,9.96,10.6,9.96,10.4,197568,0
20120209,10.5,10.68,10.36,10.4,74872,0
20120210,10.25,10.39,9.9,10.1,84620,0
20120213,10.2,10.56,10.13,10.51,36854,0
20120214,10.52,10.63,10.5,10.6,73261,0
20120215,10.65,10.9,10.36,10.58,94055,0
20120216,10.58,10.58,10.16,10.49,15951,0
20120217,10.48,10.7,10.2,10.3,96803,0
20120220,10.47,10.48,10.3,10.33,36609,0
20120221,10.39,10.45,10.33,10.44,33335,0
20120222,10.35,10.48,10.2,10.33,8843,0
20120223,9.85,9.99,9.53,9.68,113412,0
20120224,9.6,9.61,9.33,9.5,28356,0
20120227,9.5,9.55,9.37,9.55,9357,0
20120228,9.55,9.84,9.36,9.78,13842,0
20120229,9.86,10.29,9.86,10.14,107593,0
20120301,10.19,10.19,9.83,9.9,6546,0
20120302,9.9,10.09,9.9,10,128446,0
20120305,9.9,10.1,9.82,9.82,6885,0
20120306,9.82,9.82,9.3,9.3,37304,0
20120307,9.45,9.48,9.05,9.28,24793,0
20120308,9.44,9.5,9.26,9.42,19692,0
20120309,9.44,9.44,9.18,9.34,24225,0
20120312,9.33,9.38,9.2,9.38,12822,0
20120313,9.4,9.4,9.19,9.39,6303,0
20120314,9.41,9.81,9.41,9.64,23664,0
20120315,9.8,9.8,9.47,9.5,10805,0
20120316,9.59,9.59,9.21,9.3,107005,0
20120319,9.48,9.48,9.25,9.25,15994,0
20120320,9.29,9.29,9.06,9.14,13885,0
20120321,9.23,9.23,8.95,9,13921,0
20120322,8.96,8.96,8.22,8.73,35247,0
20120323,7.86,7.86,6.5,6.7,593922,0
20120326,6.51,6.93,6.11,6.33,280917,0
20120327,6.83,6.98,6.45,6.6,452679,0
20120328,6.6,6.7,6.5,6.58,660133,0
20120329,6.65,6.68,6.55,6.63,120812,0
20120330,6.69,6.94,6.58,6.6,201339,0
20120402,6.68,6.83,6.58,6.61,217154,0
20120403,6.59,6.6,6.43,6.43,84187,0
20120404,6.4,6.4,5.86,5.88,173869,0
20120405,5.97,6.09,5.93,6,440030,0
20120410,6.01,6.11,5.91,5.91,30430,0
20120411,5.91,6.07,5.91,6,136869,0
20120412,6.08,6.1,6.02,6.07,259495,0
20120413,6.08,6.35,6.04,6.35,178404,0
20120416,6.4,6.4,6.2,6.2,43157,0
20120417,6.27,6.3,5.95,6,101853,0
20120418,5.99,6.02,5.89,5.9,39861,0
20120419,5.94,5.94,5.5,5.63,46426,0
20120420,5.63,5.63,5.2,5.3,73435,0
20120423,5.48,5.48,4.83,4.9,132095,0
20120424,4.92,5.25,4.92,5.14,20235,0
20120425,5.25,5.57,5.25,5.54,42769,0
20120426,5.7,5.78,5.64,5.74,40300,0
20120427,5.8,5.8,5.22,5.53,58994,0
20120430,5.6,5.64,5.43,5.44,15420,0
20120502,5.5,5.6,5.5,5.6,17062,0
20120504,5.6,5.7,5.59,5.6,14642,0
20120507,5.6,5.64,5.55,5.55,181256,0
20120508,5.6,5.6,5.46,5.5,11131,0
20120509,5.51,5.59,5.31,5.44,13398,0
20120510,5.47,5.47,5.25,5.39,7544,0
20120511,5.4,5.4,5.15,5.35,6601,0
20120514,5.35,5.35,4.95,4.96,26546,0
20120515,5,5.18,4.76,4.79,30251,0
20120516,4.92,4.92,4.5,4.59,47178,0
20120517,4.58,4.58,4.13,4.3,50152,0
20120518,4.15,4.56,4.11,4.4,36102,0
20120521,4.4,4.59,4.36,4.52,15592,0
20120522,4.51,4.51,4.3,4.35,30363,0
20120523,4.36,4.36,4.1,4.11,34855,0
20120524,4.06,4.21,3.95,3.99,43942,0
20120525,3.99,4.04,3.85,3.9,40773,0
20120528,3.95,4.07,3.85,3.9,14493,0
20120529,3.85,3.89,3.75,3.75,20904,0
20120530,3.7,3.75,3.54,3.55,74496,0
20120531,3.55,3.55,3.42,3.55,30689,0
20120601,3.5,3.85,3.41,3.73,75360,0
20120604,3.69,3.95,3.69,3.82,46476,0
20120605,3.89,3.93,3.56,3.56,54879,0
20120606,3.6,3.75,3.58,3.7,48105,0
20120608,3.77,3.8,3.57,3.77,24557,0
20120611,3.77,3.95,3.77,3.95,37012,0
20120612,3.98,4.17,3.98,4.12,49428,0
20120613,4.16,4.57,4.16,4.57,76566,0
20120614,4.68,4.89,4.68,4.72,88931,0
20120615,4.66,4.7,4.32,4.52,47859,0
20120618,4.61,4.61,4.39,4.4,10559,0
20120619,4.5,4.5,4.05,4.25,78602,0
20120620,4.25,4.32,4.12,4.12,16982,0
20120621,4.12,4.2,4.05,4.12,16397,0
20120622,4.19,4.19,4.05,4.05,18336,0
20120625,4.12,4.12,3.95,4,15440,0
20120626,4,4.09,3.95,4.09,7493,0
20120627,4.09,4.09,3.99,4.01,8421,0
20120628,4.08,4.08,3.9,3.99,16102,0
20120629,4.05,4.08,3.94,4.01,8230,0
20120702,4.01,4.02,3.94,3.99,13008,0
20120703,4,4.01,3.91,3.97,13996,0
20120704,3.98,3.98,3.89,3.9,14193,0
20120705,3.95,3.97,3.81,3.81,32297,0
20120706,3.81,3.81,3.72,3.79,20096,0
20120709,3.79,3.88,3.79,3.8,4500,0
20120710,3.85,3.85,3.78,3.79,11457,0
20120711,3.87,3.87,3.77,3.84,5555,0
20120712,3.84,3.86,3.71,3.79,6789,0
20120713,3.79,3.8,3.68,3.68,10782,0
20120716,3.69,3.77,3.52,3.52,19520,0
20120717,3.53,3.74,3.51,3.7,33967,0
20120718,3.73,3.8,3.56,3.61,18613,0
20120719,3.63,3.73,3.63,3.67,12219,0
20120720,3.69,3.69,3.55,3.58,11184,0
20120723,3.55,3.55,3.41,3.5,59867,0
20120724,3.5,3.5,3.19,3.29,53415,0
20120725,3.28,3.42,3.22,3.34,11428,0
20120726,3.39,3.44,3.25,3.33,20155,0
20120727,3.33,3.35,3.23,3.33,8583,0
20120730,3.38,3.38,3.2,3.25,15274,0
20120731,3.24,3.25,3.07,3.1,26740,0
20120801,3.08,3.16,2.95,2.95,65470,0
20120802,2.98,3.35,2.94,3.35,62522,0
20120803,3.35,3.44,3.18,3.25,18588,0
20120806,3.25,3.25,3.07,3.16,18712,0
20120807,3.15,3.15,2.96,3.05,45064,0
20120808,3.11,3.11,3.02,3.04,17791,0
20120809,3.04,3.14,2.98,3.1,50292,0
20120810,3.1,3.14,2.99,2.99,43854,0
20120813,3.05,3.06,3,3.05,18477,0
20120814,3.06,3.15,3.01,3.06,16775,0
20120816,3.02,3.32,3.02,3.25,73602,0
20120817,3.28,3.28,3.14,3.24,53858,0
20120820,3.25,3.27,3.2,3.24,7979,0
20120821,3.25,3.29,3.24,3.26,25869,0
20120822,3.29,3.29,3.15,3.27,12246,0
20120823,3.28,3.35,3.23,3.35,22308,0
20120824,3.37,3.64,3.3,3.64,75194,0
20120827,3.67,3.67,3.51,3.52,34075,0
20120828,3.62,3.62,3.5,3.59,20683,0
20120829,3.63,3.63,3.53,3.58,26993,0
20120830,3.59,3.63,3.37,3.47,15413,0
20120831,3.47,3.55,3.45,3.47,14868,0
20120903,3.47,3.55,3.4,3.49,2487,0
20120904,3.47,3.47,3.31,3.44,5721,0
20120905,3.43,3.43,3.34,3.41,3467,0
20120906,3.41,3.44,3.33,3.42,17231,0
20120907,3.43,3.67,3.43,3.6,44516,0
20120910,3.68,3.85,3.63,3.74,48188,0
20120911,3.73,3.73,3.62,3.73,10066,0
20120912,3.73,3.73,3.55,3.55,30315,0
20120913,3.6,3.6,3.53,3.53,9446,0
20120914,3.57,3.64,3.56,3.6,86466,0
20120917,3.65,3.96,3.6,3.75,139373,0
20120918,3.8,3.87,3.69,3.77,28503,0
20120919,3.94,4.42,3.87,4.32,178154,0
20120920,4.34,4.72,4.23,4.52,181915,0
20120921,4.42,4.65,4.32,4.35,81335,0
20120924,4.47,4.63,4.25,4.35,64367,0
20120925,4.35,4.39,4.28,4.31,13935,0
20120926,4.3,4.3,4.13,4.17,36304,0
20120927,4.2,4.3,4.2,4.2,23259,0
20120928,4.28,4.28,4.17,4.17,8606,0
20121001,4.26,4.3,4.2,4.3,26179,0
20121002,4.34,4.47,4.3,4.35,37366,0
20121003,4.34,4.39,4.32,4.39,37449,0
20121004,4.39,4.56,4.39,4.56,39288,0
20121005,4.63,4.85,4.61,4.77,182006,0
20121008,4.75,4.75,4.6,4.67,43180,0
20121009,4.73,4.73,4.57,4.64,44595,0
20121010,4.6,4.69,4.55,4.67,34394,0
20121011,4.63,4.71,4.55,4.64,32377,0
20121012,4.65,4.67,4.52,4.65,9734,0
20121015,4.65,4.71,4.58,4.6,26931,0
20121016,4.61,4.69,4.61,4.65,8010,0
20121017,4.67,4.67,4.44,4.45,25333,0
20121018,4.35,4.48,4.35,4.48,22744,0
20121019,3.76,3.95,3.06,3.15,854776,0
20121022,3.11,3.15,2.52,2.52,1085963,0
20121023,2.56,2.81,2.44,2.61,999197,0
20121024,2.64,2.82,2.64,2.71,226277,0
20121025,2.8,3,2.75,3,296238,0
20121026,3.03,3.03,2.85,2.87,218341,0
20121029,2.9,2.9,2.62,2.63,149470,0
20121030,2.65,2.75,2.63,2.75,101149,0
20121031,2.75,2.76,2.68,2.72,56404,0
20121102,2.72,2.78,2.7,2.73,27908,0
20121105,2.73,2.75,2.62,2.75,40429,0
20121106,2.72,2.75,2.68,2.69,40030,0
20121107,2.69,2.73,2.55,2.55,196935,0
20121108,2.56,2.62,2.54,2.57,70333,0
20121109,2.58,2.58,2.42,2.47,62538,0
20121112,2.5,2.65,2.47,2.56,73448,0
20121113,2.59,2.64,2.57,2.58,49579,0
20121114,2.59,2.61,2.55,2.59,15888,0
20121115,2.59,2.61,2.53,2.56,15564,0
20121116,2.56,2.56,1.95,1.99,634096,0
20121119,2.02,2.07,1.53,1.83,944102,0
20121120,1.82,1.82,1.68,1.71,463123,0
20121121,1.73,1.73,1.46,1.49,1031712,0
20121122,1.49,1.9,1.35,1.9,2868589,0
20121123,1.85,1.97,1.78,1.83,1348740,0
20121126,1.85,2.2,1.77,2.15,1645739,0
20121127,2.15,2.24,1.95,2,1268637,0
20121128,1.98,1.98,1.8,1.8,872756,0
20121129,1.83,1.99,1.82,1.87,1028958,0
20121130,1.9,1.94,1.84,1.9,367083,0
20121203,1.91,1.93,1.84,1.89,127219,0
20121204,1.88,1.88,1.66,1.68,579031,0
20121205,1.69,1.76,1.56,1.67,520025,0
20121206,1.65,1.75,1.59,1.68,626906,0
20121207,1.7,1.87,1.66,1.8,778565,0
20121210,1.82,2.09,1.77,2.08,1590841,0
20121211,2.08,2.13,1.97,1.99,1032879,0
20121212,1.98,2.08,1.9,1.97,653935,0
20121213,2,2.04,1.95,2,257542,0
20121214,1.92,2.27,1.92,2.12,1877948,0
20121217,2.13,2.14,2.05,2.1,245648,0
20121218,2.1,2.1,2.01,2.02,300617,0
20121219,2,2.05,1.95,2.01,371327,0
20121220,1.99,2.03,1.94,1.96,242773,0
20121221,1.94,1.97,1.92,1.97,72990,0
20121227,1.97,2.12,1.97,2.08,307190,0
20121228,2.1,2.12,2.06,2.07,151668,0
20130102,2.09,2.12,2.05,2.08,111281,0
20130103,2.09,2.09,2.05,2.08,112398,0
20130104,2.07,2.07,2,2.03,78742,0
20130107,2.03,2.07,2.03,2.04,40937,0
20130108,2.04,2.09,2,2.02,116559,0
20130109,2.02,2.05,1.98,2,84356,0
20130110,2,2.15,1.95,2.14,496489,0
20130111,2.18,2.5,2.15,2.43,2013000,0
20130114,2.48,2.5,2.34,2.37,701187,0
20130115,2.14,2.19,1.85,1.86,1891254,0
20130116,1.85,1.97,1.75,1.91,607114,0
20130117,1.92,2.06,1.92,2.04,468630,0
20130118,2.04,2.04,1.99,2.03,87653,0
20130121,1.99,2.01,1.95,1.96,110776,0
20130122,1.97,2.03,1.95,2,82091,0
20130123,2.01,2.03,1.96,1.97,75223,0
20130124,1.97,2.02,1.95,1.99,35367,0
20130125,1.98,2,1.96,1.99,48000,0
20130128,1.96,1.96,1.86,1.93,347453,0
20130129,1.9,1.92,1.89,1.9,33416,0
20130130,1.9,1.9,1.81,1.82,79116,0
20130131,1.83,1.94,1.79,1.9,147265,0
20130201,1.91,1.94,1.85,1.92,61599,0
20130204,1.92,1.93,1.88,1.89,57589,0
20130205,1.88,1.89,1.8,1.85,94605,0
20130206,1.85,1.85,1.77,1.81,110405,0
20130207,1.81,1.85,1.81,1.84,14818,0
20130208,1.83,1.85,1.81,1.82,21245,0
20130211,1.85,1.85,1.8,1.8,34161,0
20130212,1.82,1.82,1.73,1.76,101519,0
20130213,1.76,1.76,1.7,1.76,37218,0
20130214,1.78,1.79,1.73,1.76,23281,0
20130215,1.76,1.83,1.76,1.82,16794,0
20130218,1.81,1.84,1.76,1.82,35776,0
20130219,1.76,2.06,1.76,1.98,639829,0
20130220,1.97,2.01,1.88,1.89,169429,0
20130221,1.89,1.89,1.79,1.84,177171,0
20130222,1.83,1.9,1.81,1.89,46193,0
20130225,1.9,1.91,1.87,1.91,49066,0
20130226,1.88,1.88,1.81,1.86,19561,0
20130227,1.89,1.93,1.89,1.91,30590,0
20130228,1.92,1.94,1.89,1.93,41067,0
20130301,1.92,1.92,1.87,1.88,26999,0
20130304,1.9,1.93,1.89,1.92,24981,0
20130305,1.92,2.09,1.91,1.99,323612,0
20130306,1.97,2.13,1.97,2.1,311290,0
20130307,2.1,2.14,2,2,105252,0
20130308,2,2.07,2,2.04,46315,0
20130311,2.06,2.06,1.95,2.01,48416,0
20130312,2,2.01,1.95,1.96,130642,0
20130313,1.98,2.04,1.96,2,53062,0
20130314,2,2.05,1.97,2,74944,0
20130315,2.03,2.03,1.98,2.02,35257,0
20130318,2.02,2.02,1.95,1.99,37364,0
20130319,2.01,2.01,1.87,1.9,99433,0
20130320,1.93,1.95,1.88,1.91,26336,0
20130321,1.91,1.91,1.8,1.8,105816,0
20130322,1.76,1.8,1.63,1.78,107360,0
20130325,1.78,1.8,1.67,1.7,54988,0
20130326,1.7,1.71,1.52,1.52,154901,0
20130327,1.53,1.61,1.53,1.59,52712,0
20130328,1.59,1.73,1.59,1.65,62944,0
20130402,1.65,1.65,1.61,1.65,36227,0
20130403,1.71,1.72,1.58,1.58,101295,0
20130404,1.6,1.64,1.58,1.58,45280,0
20130405,1.58,1.58,1.47,1.51,65485,0
20130408,1.51,1.57,1.42,1.43,110030,0
20130409,1.45,1.48,1.35,1.39,136470,0
20130410,1.33,1.4,1.32,1.34,66362,0
20130411,1.34,1.38,1.1,1.13,298818,0
20130412,1.08,1.18,1.05,1.16,291766,0
20130415,1.16,1.16,1.05,1.1,75244,0
20130417,1.05,1.05,0.95,0.97,335275,0
20130418,0.93,1.23,0.93,1.15,517361,0
20130419,1.14,1.19,0.93,1.03,527106,0
20130422,1.05,1.08,0.97,0.98,57116,0
20130423,0.95,1,0.93,0.96,80466,0
20130424,0.97,0.97,0.93,0.96,51562,0
20130425,0.98,1.07,0.97,1.06,177241,0
20130426,1.06,1.06,0.98,1.01,102368,0
20130429,1.01,1.04,0.98,1.03,62701,0
20130430,1.02,1.05,0.99,1.01,47791,0
20130502,1.02,1.2,0.98,1.14,371346,0
20130506,1.13,1.16,1.08,1.09,94267,0
20130507,1.11,1.15,1.07,1.07,184146,0
20130508,1.08,1.11,1.06,1.08,76511,0
20130509,1.07,1.07,1.02,1.02,62278,0
20130510,1.03,1.08,1.03,1.04,21947,0
20130513,1.04,1.09,1.04,1.08,16005,0
20130514,1.08,1.1,1.04,1.09,48814,0
20130515,1.09,1.09,1.04,1.05,35203,0
20130516,1.04,1.07,1.02,1.05,68610,0
20130517,1.03,1.17,1.02,1.17,220582,0
20130520,1.14,1.22,1.09,1.2,257865,0
20130521,1.23,1.28,1.16,1.16,191260,0
20130522,1.17,1.21,1.11,1.11,53064,0
20130523,1.16,1.16,1.05,1.1,157516,0
20130524,1.09,1.16,1.07,1.16,49917,0
20130527,1.16,1.16,1.1,1.14,24094,0
20130528,1.16,1.16,1.11,1.14,18678,0
20130529,1.13,1.14,1.07,1.13,49591,0
20130531,1.12,1.13,1.04,1.08,42549,0
20130603,1.07,1.09,1.04,1.05,96310,0
20130604,1.06,1.09,1.03,1.08,75586,0
20130605,1.08,1.08,1.04,1.07,30613,0
20130606,1.07,1.08,1.05,1.07,25474,0
20130607,1.08,1.08,1.04,1.06,63186,0
20130610,1.05,1.07,1.04,1.05,65166,0
20130611,1.05,1.05,1.01,1.02,102398,0
20130612,1.02,1.04,1,1.04,56639,0
20130613,1.04,1.04,1.02,1.03,12838,0
20130614,1.04,1.08,1.02,1.08,55356,0
20130617,1.09,1.09,1.06,1.08,47628,0
20130618,1.08,1.08,1.01,1.03,38664,0
20130619,1.03,1.05,1.02,1.05,29120,0
20130620,1.04,1.04,0.98,0.98,103060,0
20130621,0.97,1.08,0.95,1.08,212760,0
20130624,1.08,1.08,1.02,1.04,22543,0
20130625,1.05,1.05,1.03,1.05,11004,0
20130626,1.04,1.04,1,1.03,45767,0
20130627,1,1.03,0.99,0.99,53149,0
20130628,1,1.02,0.99,1.02,15713,0
20130701,1.02,1.02,0.99,1,16588,0
20130702,1,1.01,0.99,1.01,18386,0
20130703,1.01,1.02,0.99,1.02,6548,0
20130704,1,1.24,1,1.24,712533,0
20130705,1.17,1.34,1.16,1.16,1261022,0
20130708,1.17,1.17,1.09,1.11,131192,0
20130709,1.12,1.12,1.05,1.07,106542,0
20130710,1.05,1.09,1.03,1.04,45515,0
20130711,1.06,1.12,1.05,1.07,136954,0
20130712,1.08,1.09,0.99,1,233737,0
20130715,1.01,1.04,1,1.04,47688,0
20130716,1.02,1.06,1,1.03,61710,0
20130717,1.03,1.05,1.01,1.01,22401,0
20130718,1.03,1.04,1.01,1.02,27308,0
20130719,1.03,1.06,1.01,1.03,70741,0
20130722,1.03,1.05,1.02,1.02,24981,0
20130723,1.04,1.04,1.01,1.01,14053,0
20130724,1.01,1.03,1.01,1.02,34330,0
20130725,1.01,1.02,1,1.01,22177,0
20130726,1,1.02,0.99,1.01,47388,0
20130729,1,1.01,0.98,0.98,76241,0
20130730,0.98,1.07,0.98,1.06,216002,0
20130731,1.05,1.12,1.02,1.02,311190,0
20130801,1.04,1.06,1.01,1.04,53123,0
20130802,1.04,1.05,1.01,1.02,200075,0
20130805,1.04,1.04,1,1.02,40763,0
20130806,1.02,1.04,1.01,1.03,25293,0
20130807,1.03,1.04,1.02,1.04,13883,0
20130808,1.04,1.06,1,1.01,183774,0
20130809,1.02,1.2,1.02,1.14,1202858,0
20130812,1.15,1.16,1.06,1.07,441925,0
20130813,1.08,1.08,1.02,1.03,170227,0
20130814,1.03,1.08,1.03,1.06,114513,0
20130816,1.06,1.08,1.03,1.08,36902,0
20130819,1.08,1.08,1.04,1.07,72211,0
20130820,1.04,1.06,1.03,1.05,78790,0
20130821,1.03,1.06,1.03,1.04,27166,0
20130822,1.04,1.06,1.03,1.06,40425,0
20130823,1.06,1.07,1.03,1.05,97372,0
20130826,1.05,1.09,1.04,1.07,78094,0
20130827,1.07,1.07,1.04,1.04,36776,0
20130828,1.04,1.05,1.03,1.05,33189,0
20130829,1.05,1.05,1.03,1.04,25192,0
20130830,1.03,1.05,1.03,1.03,4405,0
20130902,1.02,1.05,1.02,1.05,16862,0
20130903,1.05,1.05,1.02,1.03,24540,0
20130904,1.05,1.05,1.01,1.03,46954,0
20130905,1.04,1.04,0.99,1.01,143881,0
20130906,1.02,1.02,1,1,65637,0
20130909,1.02,1.04,1,1.04,47782,0
20130910,1.04,1.2,1.03,1.15,669548,0
20130911,1.16,1.16,1.06,1.08,209687,0
20130912,1.09,1.09,1.06,1.07,60319,0
20130913,1.09,1.09,1.05,1.07,47045,0
20130916,1.08,1.1,1.05,1.07,35960,0
20130917,1.07,1.1,1.07,1.09,32978,0
20130918,1.1,1.27,1.07,1.14,839606,0
20130919,1.14,1.14,1.05,1.1,371438,0
20130920,1.1,1.11,1.06,1.09,59994,0
20130923,1.07,1.09,1.07,1.08,36497,0
20130924,1.09,1.09,1.06,1.08,37096,0
20130925,1.08,1.08,1.06,1.08,32697,0
20130926,1.08,1.12,1.06,1.09,173995,0
20130927,1.1,1.1,1.07,1.08,30129,0
20130930,1.07,1.08,1.06,1.06,43897,0
20131001,1.06,1.08,1.05,1.07,93721,0
20131002,1.08,1.08,1.05,1.07,15802,0
20131003,1.07,1.12,1.06,1.12,197650,0
20131004,1.12,1.14,1.1,1.12,65790,0
20131007,1.12,1.12,1.07,1.09,68266,0
20131008,1.07,1.08,1.06,1.07,34263,0
20131009,1.08,1.1,1.07,1.08,51529,0
20131010,1.08,1.1,1.07,1.08,42559,0
20131011,1.08,1.14,1.08,1.12,202711,0
20131014,1.1,1.15,1.1,1.15,172512,0
20131015,1.18,1.2,1.15,1.17,178035,0
20131016,1.19,1.19,1.13,1.16,69337,0
20131017,1.17,1.17,1.11,1.11,51549,0
20131018,1.11,1.14,1.08,1.14,44113,0
20131021,1.14,1.14,1.1,1.12,23566,0
20131022,1.12,1.12,1.09,1.11,55042,0
20131023,1.11,1.11,1.08,1.1,27446,0
20131024,1.1,1.12,1.09,1.1,41490,0
20131025,1.12,1.12,1.09,1.11,30072,0
20131028,1.11,1.12,1.1,1.11,26191,0
20131029,1.11,1.11,1.08,1.11,58803,0
20131030,1.1,1.11,1.09,1.1,28812,0
20131031,1.1,1.1,1.07,1.08,55556,0
20131104,1.08,1.08,1.05,1.08,67540,0
20131105,1.07,1.09,1.06,1.08,69085,0
20131106,1.07,1.07,1.04,1.04,98089,0
20131107,1.03,1.03,0.95,0.96,869602,0
20131108,0.96,0.98,0.95,0.98,174764,0
20131112,0.98,0.98,0.96,0.98,8969,0
20131113,0.97,0.97,0.95,0.97,50811,0
20131114,0.98,0.98,0.96,0.97,49159,0
20131115,0.96,0.97,0.95,0.97,54097,0
20131118,0.97,0.97,0.95,0.95,71798,0
20131119,0.95,0.97,0.92,0.92,84759,0
20131120,0.92,0.94,0.92,0.94,75098,0
20131121,0.93,0.94,0.92,0.94,5939,0
20131122,0.94,0.94,0.92,0.92,34510,0
20131125,0.92,0.93,0.89,0.9,86496,0
20131126,0.91,0.91,0.82,0.82,169055,0
20131127,0.83,0.84,0.75,0.78,376498,0
20131128,0.77,0.79,0.76,0.78,75275,0
20131129,0.73,0.73,0.66,0.68,411492,0
20131202,0.67,0.68,0.66,0.67,92292,0
20131203,0.67,0.67,0.61,0.61,310244,0
20131204,0.6,0.6,0.5,0.5,785773,0
20131205,0.49,0.58,0.48,0.54,1215725,0
20131206,0.54,0.56,0.52,0.54,282169,0
20131209,0.54,0.56,0.52,0.53,244932,0
20131210,0.53,0.63,0.53,0.63,685867,0
20131211,0.64,0.67,0.59,0.6,649694,0
20131212,0.62,0.62,0.57,0.58,86479,0
20131213,0.57,0.59,0.56,0.58,41332,0
20131216,0.58,0.59,0.56,0.57,33667,0
20131217,0.56,0.56,0.52,0.53,110195,0
20131218,0.53,0.53,0.52,0.52,82539,0
20131219,0.52,0.54,0.51,0.51,76645,0
20131220,0.51,0.54,0.5,0.51,245685,0
20131223,0.5,0.53,0.5,0.51,63919,0
20131227,0.51,0.53,0.5,0.53,69222,0
20131230,0.52,0.54,0.52,0.53,92244,0
20140102,0.53,0.55,0.53,0.54,33896,0
20140103,0.54,0.58,0.53,0.57,144695,0
20140107,0.58,0.59,0.54,0.55,118812,0
20140108,0.55,0.65,0.55,0.64,481717,0
20140109,0.65,0.66,0.6,0.62,435250,0
20140110,0.62,0.63,0.6,0.61,132476,0
20140113,0.59,0.62,0.59,0.6,111542,0
20140114,0.6,0.71,0.59,0.68,490249,0
20140115,0.7,0.72,0.66,0.71,315043,0
20140116,0.69,0.71,0.68,0.7,118854,0
20140117,0.71,0.71,0.67,0.71,273573,0
20140120,0.68,0.7,0.68,0.69,71339,0
20140121,0.7,0.7,0.66,0.66,191994,0
20140122,0.66,0.67,0.6,0.61,327080,0
20140123,0.61,0.62,0.58,0.61,217558,0
20140124,0.61,0.65,0.61,0.61,124617,0
20140127,0.6,0.61,0.6,0.61,47100,0
20140128,0.6,0.64,0.6,0.63,109606,0
20140129,0.64,0.64,0.62,0.63,42886,0
20140130,0.61,0.63,0.6,0.63,38159,0
20140131,0.63,0.63,0.6,0.62,31501,0
20140203,0.62,0.62,0.6,0.62,47789,0
20140204,0.6,0.61,0.6,0.61,12334,0
20140205,0.61,0.62,0.6,0.61,15819,0
20140206,0.61,0.66,0.61,0.64,372755,0
20140207,0.65,0.65,0.63,0.65,39981,0
20140210,0.64,0.64,0.63,0.63,44039,0
20140211,0.62,0.65,0.61,0.65,113303,0
20140212,0.65,0.65,0.62,0.62,50599,0
20140213,0.63,0.64,0.6,0.62,70063,0
20140214,0.62,0.63,0.61,0.63,50265,0
20140217,0.64,0.64,0.62,0.63,17919,0
20140218,0.64,0.7,0.63,0.63,1148342,0
20140219,0.62,0.66,0.59,0.62,373800,0
20140220,0.63,0.66,0.59,0.65,416373,0
20140221,0.65,0.68,0.64,0.64,237289,0
20140224,0.68,0.91,0.66,0.91,2125338,0
20140225,1,1.2,1,1.08,2865037,0
20140226,1.08,1.08,0.92,0.92,995054,0
20140227,0.87,1.04,0.85,0.97,1304820,0
20140228,0.98,1.02,0.93,0.94,390803,0
20140303,0.77,0.85,0.71,0.73,941671,0
20140304,0.8,0.87,0.77,0.85,823246,0
20140305,0.87,0.87,0.8,0.83,520161,0
20140306,0.82,0.84,0.81,0.81,123222,0
20140307,0.81,0.81,0.73,0.74,314465,0
20140310,0.74,0.8,0.72,0.76,231243,0
20140311,0.77,0.86,0.71,0.83,532930,0
20140312,0.83,0.98,0.76,0.8,1495665,0
20140313,0.81,0.93,0.8,0.83,947306,0
20140314,0.81,0.83,0.76,0.79,247166,0
20140317,0.83,0.9,0.82,0.83,610908,0
20140318,0.85,0.89,0.8,0.87,618271,0
20140319,0.85,0.91,0.84,0.86,517672,0
20140320,0.86,0.87,0.82,0.83,206462,0
20140321,0.84,0.85,0.81,0.81,135947,0
20140324,0.83,0.83,0.78,0.8,149814,0
20140325,0.81,0.84,0.81,0.83,58056,0
20140326,0.83,0.86,0.81,0.83,137061,0
20140327,0.84,0.84,0.81,0.82,56379,0
20140328,0.83,1,0.81,1,1571203,0
20140331,1.01,1.08,0.91,0.93,1603154,0
20140401,0.95,0.96,0.89,0.91,429779,0
20140402,0.93,0.97,0.91,0.91,411600,0
20140403,0.92,0.94,0.91,0.92,85671,0
20140404,0.92,0.94,0.89,0.89,162902,0
20140407,0.88,0.92,0.88,0.88,108664,0
20140408,0.9,0.9,0.84,0.86,127385,0
20140409,0.87,0.91,0.85,0.9,152544,0
20140410,0.9,0.92,0.87,0.88,79423,0
20140411,0.87,0.88,0.86,0.87,27849,0
20140414,0.86,0.86,0.79,0.83,220419,0
20140415,0.83,0.83,0.81,0.81,13390,0
20140416,0.84,0.84,0.79,0.8,65568,0
20140417,0.8,0.84,0.78,0.81,87253,0
20140422,0.83,0.88,0.82,0.85,221926,0
20140423,0.85,0.87,0.82,0.83,67057,0
20140424,0.83,0.83,0.82,0.82,43993,0
20140425,0.81,0.83,0.8,0.81,64386,0
20140428,0.8,0.82,0.8,0.81,37358,0
20140429,0.8,0.84,0.8,0.82,16681,0
20140430,0.79,0.81,0.79,0.8,40237,0
20140502,0.8,0.8,0.79,0.79,17816,0
