Date,Open,High,Low,Close,Volume,OpenInt
20071009,3.7,3.7,3.25,3.6,32068,0
20071010,3.59,3.59,3.42,3.5,26087,0
20071011,3.42,3.65,3.42,3.65,8509,0
20071012,3.65,3.7,3.5,3.65,19469,0
20071015,3.55,3.73,3.55,3.7,18820,0
20071016,3.72,3.73,3.61,3.7,46250,0
20071017,3.66,3.7,3.6,3.6,25660,0
20071018,3.51,3.68,3.51,3.65,1623,0
20071019,3.53,3.7,3.53,3.65,4180,0
20071022,3.51,3.65,3.51,3.6,5160,0
20071023,3.56,3.6,3.55,3.6,4500,0
20071024,3.55,3.68,3.55,3.67,3600,0
20071025,3.52,3.79,3.52,3.79,22477,0
20071026,3.77,3.78,3.65,3.7,1350,0
20071029,3.65,3.74,3.65,3.74,1300,0
20071030,3.65,3.7,3.65,3.7,5300,0
20071031,3.65,3.75,3.6,3.75,3242,0
20071102,3.6,4,3.6,3.96,1319,0
20071105,3.95,3.95,3.85,3.85,542,0
20071106,3.66,3.85,3.66,3.85,1238,0
20071107,3.65,3.65,3.6,3.6,2163,0
20071108,3.6,3.75,3.6,3.75,442,0
20071109,3.65,3.65,3.65,3.65,100,0
20071112,3.63,3.63,3.63,3.63,1515,0
20071113,3.63,3.7,3.5,3.5,9440,0
20071114,3.51,3.51,3.51,3.51,100,0
20071115,3.55,3.65,3.45,3.45,6110,0
20071116,3.55,3.7,3.55,3.7,300,0
20071119,3.55,3.7,3.55,3.7,2902,0
20071120,3.61,3.61,3.6,3.6,4200,0
20071121,3.56,3.6,3.55,3.6,2000,0
20071122,3.78,3.78,3.78,3.78,100,0
20071123,3.65,3.65,3.65,3.65,200,0
20071126,3.65,3.65,3.65,3.65,100,0
20071127,3.69,3.69,3.69,3.69,50,0
20071128,3.65,3.7,3.65,3.7,856,0
20071129,3.65,3.65,3.65,3.65,200,0
20071130,3.6,3.65,3.6,3.65,2425,0
20071203,3.7,3.7,3.65,3.65,3502,0
20071204,3.79,3.79,3.79,3.79,100,0
20071205,3.96,3.96,3.96,3.96,100,0
20071206,3.7,4,3.7,4,6325,0
20071207,4.19,4.5,4.19,4.45,7480,0
20071210,4,4,4,4,11950,0
20071211,4.07,4.37,3.73,4.19,3370,0
20071212,4.1,4.1,4.1,4.1,231,0
20071213,4.08,4.08,4.08,4.08,122,0
20071214,3.9,4.03,3.7,4.03,948,0
20071217,4.06,4.06,3.62,3.62,110,0
20071218,3.7,3.7,3.7,3.7,130,0
20071219,3.98,3.98,3.98,3.98,90,0
20071220,4.1,4.1,4.1,4.1,100,0
20071221,4.08,4.08,4.07,4.07,500,0
20071227,4.1,4.1,4,4,134,0
20071228,4.09,4.09,3.61,4.04,648,0
20080102,4.03,4.03,4.03,4.03,217,0
20080103,3.91,3.91,3.9,3.9,280,0
20080104,3.99,3.99,3.99,3.99,100,0
20080107,3.9,3.9,3.56,3.56,1574,0
20080108,3.9,3.9,3.9,3.9,200,0
20080109,3.85,3.85,3.85,3.85,100,0
20080110,3.85,3.85,3.85,3.85,100,0
20080111,3.8,3.8,3.8,3.8,100,0
20080114,3.8,3.8,3.8,3.8,800,0
20080115,3.8,3.8,3.8,3.8,100,0
20080116,3.55,3.55,3.55,3.55,420,0
20080117,3.55,3.55,3.55,3.55,509,0
20080118,3.55,3.88,3.4,3.88,240,0
20080121,3.87,3.95,3.87,3.95,370,0
20080123,3.8,3.8,3.8,3.8,100,0
20080124,3.88,3.88,3.88,3.88,100,0
20080125,4.09,4.47,3.51,3.51,4174,0
20080128,3.6,3.6,3.3,3.6,2324,0
20080129,3.79,3.79,3.79,3.79,125,0
20080130,3.79,3.79,3.79,3.79,100,0
20080131,3.68,3.68,3.68,3.68,100,0
20080201,3.68,3.68,3.68,3.68,50,0
20080204,3.68,3.68,3.68,3.68,74,0
20080205,3.68,3.8,3.68,3.8,3250,0
20080206,3.9,3.9,3.9,3.9,100,0
20080208,3.51,3.51,3.51,3.51,774,0
20080211,3.7,3.7,3.7,3.7,50,0
20080212,3.7,3.7,3.69,3.69,130,0
20080213,3.69,3.69,3.69,3.69,300,0
20080214,3.84,3.84,3.84,3.84,50,0
20080218,3.84,3.84,3.84,3.84,50,0
20080219,3.84,3.84,3.84,3.84,584,0
20080220,3.4,3.84,3.4,3.84,15327,0
20080221,3.8,3.94,3.8,3.94,1052,0
20080222,3.94,3.94,3.42,3.42,26,0
20080225,3.42,3.89,3.42,3.8,1124,0
20080226,3.62,3.62,3.62,3.62,45,0
20080227,3.7,3.7,3.7,3.7,215,0
20080228,3.65,3.65,3.65,3.65,265,0
20080229,3.77,3.77,3.77,3.77,150,0
20080303,3.84,3.84,3.6,3.6,210,0
20080305,3.52,3.52,3.52,3.52,200,0
20080307,3.68,3.68,3.68,3.68,100,0
20080310,3.68,3.68,3.68,3.68,2241,0
20080311,3.68,3.68,3.68,3.68,250,0
20080312,3.68,3.68,3.68,3.68,309,0
20080313,3.6,3.6,3.58,3.58,180,0
20080314,3.5,3.5,3.5,3.5,500,0
20080317,3.54,3.55,3.11,3.11,4164,0
20080318,3.48,3.48,3.48,3.48,100,0
20080319,3.2,3.2,3.2,3.2,500,0
20080325,3.56,3.56,3.56,3.56,100,0
20080326,3.22,3.48,3.2,3.48,551,0
20080327,3.28,3.28,3.28,3.28,100,0
20080328,3.32,3.32,3.28,3.28,202,0
20080331,3.35,3.35,3.35,3.35,100,0
20080401,3.3,3.3,3.3,3.3,100,0
20080402,3.28,3.28,2.72,3,489,0
20080403,3,3.52,3,3.52,901,0
20080407,3.38,3.99,3.3,3.3,1103,0
20080408,3.95,3.95,3.2,3.7,948,0
20080409,3.79,3.79,3.79,3.79,3,0
20080410,3.52,3.78,3.25,3.78,1932,0
20080411,3.3,3.3,3.08,3.08,1219,0
20080414,3.11,3.62,3.11,3.62,882,0
20080415,3.72,3.72,3.72,3.72,10,0
20080421,3.3,3.57,3.3,3.57,123,0
20080424,3.3,3.3,3.3,3.3,100,0
20080428,3.2,3.2,3.2,3.2,358,0
20080429,3.2,3.2,3.2,3.2,100,0
20080430,3.2,3.2,3.2,3.2,466,0
20080505,3.2,3.2,3.2,3.2,1,0
20080508,2.69,2.69,2.69,2.69,39,0
20080509,3.47,3.74,3.18,3.2,4066,0
20080512,3.2,3.79,3,3.14,7539,0
20080513,3.3,3.3,3.2,3.2,651,0
20080514,3.2,3.36,3.2,3.36,610,0
20080515,3.06,3.33,3.06,3.3,45405,0
20080516,3.4,3.4,3.15,3.2,9320,0
20080519,3.4,3.49,3.4,3.49,3190,0
20080520,3.35,3.4,3.35,3.4,3550,0
20080527,3.33,3.33,3.3,3.3,1079,0
20080528,3.4,3.4,3.4,3.4,50,0
20080530,3.4,3.4,3.4,3.4,50,0
20080602,3.38,3.38,3.38,3.38,500,0
20080604,3.3,3.3,2.91,3.3,1014,0
20080605,3.3,3.3,3,3,1620,0
20080606,3.27,3.27,3.27,3.27,100,0
20080610,3,3,3,3,100,0
20080611,3,3,3,3,100,0
20080612,2.99,2.99,2.98,2.98,490,0
20080613,3.15,3.15,3.13,3.13,140,0
20080701,2.82,2.82,2.82,2.82,100,0
20080702,3.15,3.15,3.15,3.15,50,0
20080704,3.05,3.09,3.05,3.09,330,0
20080707,2.6,2.6,2.6,2.6,280,0
20080708,3,3,3,3,50,0
20080716,2.7,2.96,2.42,2.96,80343,0
20080723,2.5,2.8,2.5,2.8,1201,0
20080730,2.26,2.69,2.26,2.69,2781,0
20080801,2.35,2.69,2.35,2.69,12,0
20080804,2.69,2.69,2.69,2.69,370,0
20080805,2.35,3.09,2.35,3.09,1591,0
20080808,2.5,2.54,2.48,2.54,1190,0
20080813,2.55,2.55,2.55,2.55,20,0
20080814,2.4,2.4,2.4,2.4,300,0
20080818,2.4,2.69,2.4,2.69,20,0
20080821,2.6,2.6,2.6,2.6,1500,0
20080825,2.35,2.35,2.33,2.33,1122,0
20080826,2.35,2.46,1.91,2.46,498,0
20080901,2.01,2.42,2,2.42,362,0
20080902,2.2,2.46,2.2,2.4,404,0
20080904,2.1,2.4,2.1,2.4,160,0
20080905,2.22,2.3,2.22,2.3,2200,0
20080908,2.3,2.3,2.3,2.3,4000,0
20080909,2.2,2.2,2.2,2.2,1450,0
20080910,2.3,2.3,2.3,2.3,950,0
20080911,2.05,2.3,2.05,2.3,3850,0
20080917,2,2.29,1.95,2.29,4220,0
20080918,1.9,2.2,1.9,2.2,167,0
20080924,2,2.19,2,2.19,1095,0
20080925,2,2.19,2,2.19,1190,0
20080929,2.19,2.3,2.19,2.25,80000,0
20081001,2.32,2.32,2.32,2.32,500,0
20081006,2.21,2.32,1.9,2.32,2686,0
20081008,2,2.2,2,2,9105,0
20081009,1.81,2.19,1.81,2.19,750,0
20081010,2.19,2.19,2.19,2.19,100,0
20081013,2.19,2.19,2.19,2.19,500,0
20081016,1.81,1.81,1.8,1.8,2150,0
20081017,1.8,1.8,1.8,1.8,5300,0
20081021,2.16,2.16,2.16,2.16,20,0
20081024,1.82,1.82,1.82,1.82,200,0
20081027,1.7,2.13,1.7,2.13,20,0
20081028,1.72,2.13,1.72,2.13,110,0
20081112,2.2,2.2,2.2,2.2,1,0
20081114,2.08,2.08,2.08,2.08,100,0
20081118,1.83,1.99,1.77,1.99,710,0
20081120,1.78,1.99,1.78,1.99,280,0
20081124,1.6,1.99,1.6,1.99,393,0
20081125,1.61,1.96,1.61,1.96,270,0
20081128,1.65,1.93,1.62,1.93,430,0
20081204,1.89,1.89,1.89,1.89,50,0
20081208,1.89,1.9,1.89,1.9,400,0
20081218,1.89,1.89,1.89,1.89,60,0
20081229,1.8,1.8,1.8,1.8,500,0
20090107,1.79,1.79,1.79,1.79,1100,0
20090109,1.45,1.74,1.45,1.74,947,0
20090127,1.4,1.4,1.39,1.39,110,0
20090128,1.49,1.65,1.13,1.65,1820,0
20090204,1.32,1.65,1.32,1.65,110,0
20090210,1.35,1.65,1.35,1.65,160,0
20090211,1.35,1.65,1.35,1.65,410,0
20090212,1.35,1.65,1.35,1.65,307,0
20090216,1.37,1.64,1.37,1.64,1110,0
20090217,1.37,1.64,1.33,1.64,1440,0
20090219,1.55,1.61,1.55,1.61,1000,0
20090220,1.4,1.63,1.4,1.63,510,0
20090223,1.34,1.6,1.34,1.6,205,0
20090225,1.4,1.57,1.4,1.57,6015,0
20090305,1.36,1.56,1.36,1.36,4270,0
20090306,1.3,1.38,1.3,1.38,2879,0
20090310,1.4,1.4,1.34,1.34,120,0
20090312,1.55,1.55,1.55,1.55,10,0
20090313,1.35,1.55,1.35,1.55,520,0
20090316,1.55,1.55,1.55,1.55,50,0
20090318,1.35,1.35,1.25,1.35,7440,0
20090319,1.5,1.5,1.5,1.5,100,0
20090326,1.42,1.42,1,1.34,4280,0
20090330,1.4,1.5,1.4,1.5,218,0
20090331,1.12,1.36,1.12,1.36,2037,0
20090402,1.37,1.5,1.37,1.5,5000,0
20090403,1.62,1.7,1.6,1.6,5824,0
20090406,1.6,1.9,1.6,1.9,1506,0
20090407,1.85,1.85,1.52,1.85,130,0
20090414,1.55,1.69,1.3,1.69,1010,0
20090422,1.68,1.8,1.68,1.8,1110,0
20090423,1.69,1.69,1.69,1.69,87,0
20090427,1.49,1.49,1.49,1.49,1000,0
20090428,1.41,1.63,1.41,1.63,65,0
20090430,1.62,1.62,1.41,1.62,450,0
20090505,1.59,1.6,1.59,1.6,500,0
20090512,1.42,1.79,1.42,1.79,595,0
20090513,1.79,1.79,1.69,1.69,300,0
20090520,1.69,1.69,1.69,1.69,100,0
20090521,1.37,1.69,1.37,1.69,280,0
20090527,1.38,1.67,1.38,1.67,433,0
20090529,1.5,1.67,1.5,1.67,599,0
20090601,1.67,1.67,1.67,1.67,300,0
20090602,1.51,1.67,1.51,1.67,55,0
20090603,1.54,1.65,1.48,1.6,2493,0
20090608,1.41,1.41,1.37,1.37,8000,0
20090609,1.33,1.6,1.32,1.6,2885,0
20090610,1.48,1.48,1.4,1.45,8400,0
20090612,1.46,1.46,1.45,1.45,4500,0
20090615,1.44,1.44,1.44,1.44,1000,0
20090616,1.44,1.44,1.34,1.44,4801,0
20090624,1.32,1.5,1.16,1.5,3010,0
20090701,1.44,1.44,1.44,1.44,1000,0
20090702,1.4,1.4,1.4,1.4,600,0
20090703,1.4,1.4,1.4,1.4,400,0
20090707,1.17,1.17,1.12,1.12,1050,0
20090710,1.2,1.2,1.2,1.2,700,0
20090713,1.4,1.5,1.35,1.35,2023,0
20090714,1.39,1.4,1.39,1.39,3225,0
20090715,1.48,1.48,1.3,1.4,2185,0
20090717,1.35,1.35,1.35,1.35,85,0
20090722,1.36,1.36,1.35,1.35,900,0
20090724,1.35,1.35,1.35,1.35,1549,0
20090728,1.36,1.5,1.36,1.5,1800,0
20090729,1.5,1.6,1.5,1.6,2200,0
20090730,1.55,1.55,1.55,1.55,1000,0
20090731,1.59,1.59,1.59,1.59,50,0
20090803,1.21,1.59,1.21,1.59,1712,0
20090806,1.59,1.59,1.59,1.59,500,0
20090807,1.59,1.59,1.59,1.59,630,0
20090810,1.24,1.47,1.24,1.47,15520,0
20090811,1.46,1.46,1.3,1.38,23480,0
20090812,1.32,1.59,1.3,1.3,11651,0
20090813,1.46,1.46,1.24,1.39,3796,0
20090814,1.43,1.43,1.43,1.43,1061,0
20090817,1.4,1.4,1.4,1.4,114,0
20090818,1.22,1.42,1.22,1.42,3206,0
20090819,1.41,1.41,1.41,1.41,2790,0
20090820,1.28,1.28,1.27,1.28,4000,0
20090821,1.28,1.35,1.28,1.35,6680,0
20090824,1.4,1.4,1.28,1.39,4636,0
20090825,1.35,1.39,1.28,1.39,10090,0
20090826,1.3,1.3,1.29,1.29,858,0
20090827,1.39,1.39,1.39,1.39,504,0
20090901,1.39,1.45,1.39,1.41,5557,0
20090902,1.45,1.45,1.21,1.4,1830,0
20090903,1.4,1.44,1.4,1.44,1474,0
20090904,1.45,1.57,1.45,1.57,954,0
20090907,1.55,1.55,1.4,1.4,5969,0
20090908,1.4,1.4,1.4,1.4,10,0
20090909,1.54,1.54,1.47,1.47,2640,0
20090910,1.47,1.47,1.36,1.47,4510,0
20090911,1.45,1.46,1.45,1.46,50,0
20090914,1.46,1.46,1.31,1.44,3025,0
20090915,1.44,1.44,1.3,1.3,10010,0
20090916,1.35,1.35,1.35,1.35,10,0
20090918,1.35,1.4,1.35,1.4,1330,0
20090921,1.4,1.4,1.36,1.36,50,0
20090922,1.36,1.36,1.36,1.36,20,0
20090923,1.36,1.36,1.36,1.36,10,0
20090924,1.36,1.36,1.25,1.36,2481,0
20090925,1.36,1.37,1.36,1.37,2275,0
20090928,1.38,1.38,1.38,1.38,793,0
20090929,1.39,1.43,1.28,1.43,2641,0
20090930,1.46,1.46,1.42,1.46,2340,0
20091001,1.43,1.53,1.43,1.53,3314,0
20091002,1.52,1.52,1.52,1.52,200,0
20091005,1.53,1.53,1.41,1.41,4985,0
20091006,1.42,1.42,1.42,1.42,320,0
20091007,1.42,1.42,1.42,1.42,10,0
20091008,1.42,1.53,1.42,1.53,1589,0
20091009,1.53,1.53,1.53,1.53,10,0
20091012,1.51,1.55,1.45,1.52,1587,0
20091013,1.55,1.57,1.52,1.52,2600,0
20091014,1.56,1.68,1.56,1.68,10542,0
20091015,1.75,1.8,1.55,1.78,5370,0
20091016,1.78,1.79,1.78,1.79,200,0
20091019,1.74,1.74,1.74,1.74,20,0
20091020,1.79,1.8,1.6,1.77,9467,0
20091021,1.77,1.77,1.37,1.68,27850,0
20091022,1.64,1.68,1.63,1.68,2310,0
20091023,1.68,1.77,1.6,1.6,5330,0
20091026,1.6,1.75,1.6,1.75,810,0
20091027,1.75,1.75,1.75,1.75,10,0
20091028,1.75,1.84,1.75,1.84,1110,0
20091029,1.84,1.89,1.84,1.89,1410,0
20091030,1.9,1.9,1.8,1.9,5431,0
20091102,1.9,1.9,1.82,1.9,1356,0
20091103,1.9,1.9,1.68,1.88,2830,0
20091104,1.88,1.88,1.88,1.88,20,0
20091105,1.88,1.9,1.88,1.9,2210,0
20091106,1.89,1.89,1.89,1.89,10,0
20091109,1.89,1.9,1.89,1.9,167,0
20091110,1.87,1.87,1.87,1.87,10,0
20091112,1.87,1.9,1.85,1.9,1440,0
20091113,1.9,1.9,1.9,1.9,10,0
20091116,1.9,1.9,1.84,1.9,816,0
20091117,1.9,1.9,1.9,1.9,10,0
20091118,1.9,1.9,1.9,1.9,10,0
20091119,1.84,1.84,1.84,1.84,33,0
20091120,1.83,1.87,1.83,1.87,1748,0
20091123,1.85,1.85,1.85,1.85,10,0
20091124,1.85,1.9,1.6,1.9,2200,0
20091125,1.9,1.9,1.9,1.9,10,0
20091126,1.89,1.89,1.89,1.89,10,0
20091127,1.89,1.89,1.89,1.89,10,0
20091130,1.89,1.89,1.89,1.89,10,0
20091201,1.84,1.9,1.84,1.9,2001,0
20091202,1.91,1.91,1.91,1.91,610,0
20091203,1.9,1.9,1.9,1.9,10,0
20091204,1.9,1.9,1.9,1.9,10,0
20091207,1.9,1.9,1.9,1.9,1510,0
20091208,1.9,1.9,1.9,1.9,10,0
20091209,1.82,1.9,1.8,1.8,1785,0
20091210,1.85,1.9,1.85,1.9,110,0
20091211,1.75,1.89,1.75,1.89,1900,0
20091214,1.89,1.89,1.7,1.89,968,0
20091215,1.89,1.89,1.86,1.86,110,0
20091216,1.88,1.88,1.86,1.86,730,0
20091217,1.88,1.88,1.88,1.88,910,0
20091218,1.88,1.88,1.88,1.88,10,0
20091221,1.88,1.88,1.7,1.88,5110,0
20091222,1.88,1.89,1.65,1.89,9431,0
20091223,1.89,1.9,1.89,1.9,155,0
20091228,1.9,1.9,1.9,1.9,520,0
20091229,1.89,1.89,1.89,1.89,10,0
20091230,1.89,1.89,1.89,1.89,10,0
20091231,1.89,1.89,1.89,1.89,30,0
20100104,1.85,1.85,1.69,1.85,5124,0
20100105,1.76,1.89,1.76,1.89,279,0
20100106,1.89,1.89,1.89,1.89,10,0
20100107,1.84,1.89,1.84,1.89,451,0
20100108,1.89,1.89,1.89,1.89,161,0
20100111,1.89,1.89,1.89,1.89,10,0
20100112,1.89,1.89,1.89,1.89,20,0
20100113,1.89,1.89,1.88,1.89,1600,0
20100114,1.89,1.89,1.89,1.89,10,0
20100115,1.89,1.89,1.89,1.89,10,0
20100118,1.89,1.9,1.89,1.9,1697,0
20100119,1.9,1.9,1.9,1.9,201,0
20100120,1.9,1.9,1.85,1.9,471,0
20100121,1.89,2.09,1.89,2.07,14807,0
20100122,2.08,2.09,2.07,2.09,6202,0
20100125,2.08,2.09,2.08,2.09,2080,0
20100126,2.09,2.09,2.08,2.09,2100,0
20100127,2.08,2.08,2.08,2.08,10,0
20100128,2.08,2.09,2.08,2.09,3010,0
20100129,2.09,2.09,2.09,2.09,10,0
20100201,2.05,2.05,2,2.03,2300,0
20100202,2.08,2.08,1.99,1.99,120,0
20100203,2.07,2.07,2.07,2.07,10,0
20100204,2.08,2.08,2,2,2890,0
20100205,2,2,2,2,460,0
20100208,2.06,2.06,2.06,2.06,10,0
20100209,2,2.08,2,2.08,1254,0
20100210,2.08,2.08,2.08,2.08,188,0
20100211,2.09,2.47,2.09,2.39,39288,0
20100212,2.39,2.46,2.39,2.45,3056,0
20100215,2.45,2.45,2.16,2.16,450,0
20100216,2.2,2.55,2.01,2.4,9695,0
20100217,2.45,2.45,2.45,2.45,20,0
20100218,2.45,2.45,2.3,2.45,705,0
20100219,2.45,2.45,2.35,2.45,915,0
20100222,2.45,2.45,2.34,2.44,420,0
20100223,2.4,2.4,2.4,2.4,10,0
20100224,2.3,2.3,2.11,2.29,4919,0
20100226,2.03,2.29,2.03,2.29,187,0
20100301,2.28,2.35,2.28,2.35,489,0
20100302,2.15,2.4,2.15,2.4,825,0
20100303,2.4,2.55,2.4,2.54,3200,0
20100304,2.54,2.65,2.54,2.63,4577,0
20100305,2.64,2.85,2.5,2.77,4635,0
20100308,2.84,3.09,2.71,2.9,2135,0
20100309,2.9,3.08,2.9,3.08,4429,0
20100310,3.09,3.2,2.95,3.2,4357,0
20100311,3.25,3.4,3.01,3.37,14242,0
20100312,3.37,3.37,3.1,3.33,2345,0
20100315,3.38,3.38,3.33,3.33,250,0
20100316,3.3,3.3,3.3,3.3,120,0
20100317,3.3,3.3,3.01,3.28,5655,0
20100318,3.35,3.35,3.35,3.35,80,0
20100319,3.39,3.39,3.35,3.36,815,0
20100322,3.35,3.35,3.35,3.35,10,0
20100323,3.35,3.35,3.35,3.35,230,0
20100324,3.35,3.35,3.3,3.3,260,0
20100325,3.35,3.38,3.2,3.37,3345,0
20100326,3.38,3.39,3.29,3.34,3440,0
20100329,3.33,3.39,3.33,3.39,201,0
20100330,3.39,3.39,3.39,3.39,10,0
20100331,3.39,3.8,3.39,3.7,2773,0
20100401,3.7,3.7,3.6,3.6,1167,0
20100406,3.5,3.6,3.4,3.58,626,0
20100407,3.58,3.58,3.3,3.58,830,0
20100408,3.7,4,3.7,4,301,0
20100409,3.98,3.98,3.95,3.98,880,0
20100412,3.92,3.92,3.52,3.85,890,0
20100413,3.81,3.81,3.81,3.81,10,0
20100414,3.81,3.82,3.81,3.82,1706,0
20100415,3.81,3.81,3.81,3.81,841,0
20100416,3.81,3.81,3.75,3.8,811,0
20100419,3.8,3.81,3.8,3.81,210,0
20100420,3.8,4.05,3.8,4.05,4992,0
20100421,3.98,3.98,3.85,3.97,600,0
20100422,3.97,3.97,3.97,3.97,3488,0
20100423,3.8,3.8,3.7,3.7,5548,0
20100426,3.76,4,3.61,3.8,3767,0
20100427,3.7,4,3.67,3.99,2025,0
20100428,3.97,4.14,3.97,4.14,4292,0
20100429,4.2,5,4.2,5,1951,0
20100430,5.15,6,5.15,5.8,3160,0
20100504,5.8,5.8,5,5.3,903,0
20100505,5.28,5.28,5.25,5.25,135,0
20100506,5.05,5.05,4.8,5,1585,0
20100507,4.8,5.3,4.8,5.3,368,0
20100510,5.5,5.5,4.8,5.5,2229,0
20100511,5.45,5.5,5.44,5.5,604,0
20100512,5.45,5.5,5.45,5.5,1010,0
20100513,5.45,5.45,5.4,5.45,2635,0
20100514,5.45,5.95,5.05,5.95,2840,0
20100517,5.8,5.8,5,5.5,2213,0
20100518,5.6,5.7,5.5,5.6,9399,0
20100519,5.5,5.75,5.1,5.5,825,0
20100520,5.4,5.4,5,5.13,1864,0
20100521,5.1,5.1,4.5,5.1,454,0
20100524,5.1,5.1,5.1,5.1,50,0
20100525,5.09,5.09,5.09,5.09,110,0
20100526,5.05,5.1,5.05,5.1,1130,0
20100527,5.1,5.3,5.1,5.3,1040,0
20100528,5.3,5.3,5,5.3,120,0
20100531,5.3,5.3,5.3,5.3,10,0
20100601,5.3,5.5,5.2,5.5,1460,0
20100602,5.5,5.5,5.5,5.5,124,0
20100604,5.5,5.5,5.2,5.5,145,0
20100607,5.49,5.49,5.1,5.4,370,0
20100608,5.4,5.4,5.4,5.4,10,0
20100609,5.1,5.3,5,5.3,787,0
20100610,5.1,5.3,5,5,301,0
20100611,5.2,5.2,5.2,5.2,10,0
20100614,5.2,5.2,5.2,5.2,28,0
20100615,5.2,5.2,5.2,5.2,10,0
20100616,5.18,5.18,5.18,5.18,10,0
20100617,5.18,5.18,4.85,5.18,315,0
20100618,5.15,5.15,4.5,5.15,120,0
20100621,5.15,5.15,4.5,4.5,1300,0
20100622,4.5,4.7,4,4.5,2641,0
20100623,4.49,4.49,4.45,4.45,40,0
20100624,4.49,4.75,3.66,4.75,4049,0
20100625,4.67,4.67,4,4.65,2720,0
20100628,4.59,4.59,4.59,4.59,10,0
20100629,4.58,4.59,4.58,4.59,872,0
20100630,4.59,4.59,4.1,4.5,750,0
20100701,4.5,4.59,4.5,4.59,100,0
20100702,4.49,4.5,4.49,4.5,284,0
20100705,4.49,4.49,4.49,4.49,70,0
20100706,4.49,4.58,4.4,4.58,2089,0
20100707,4.58,4.99,4.14,4.69,2795,0
20100708,4.69,4.9,4.69,4.9,211,0
20100709,4.9,4.9,4.88,4.88,719,0
20100712,4.88,4.88,4.88,4.88,50,0
20100713,4.88,4.9,4.8,4.85,8422,0
20100714,4.9,5.1,4.5,5.1,6782,0
20100715,5.1,5.45,5,5.4,2980,0
20100716,5.3,5.69,5,5.69,3271,0
20100719,5.69,6.1,5.69,6.1,2110,0
20100720,6.16,6.48,6.16,6.48,996,0
20100721,6.49,6.59,6.48,6.59,1467,0
20100722,6.59,7,6.06,6.9,1602,0
20100723,6.9,7.09,6,6.05,6955,0
20100726,6.15,6.4,6.05,6.33,2836,0
20100727,6.3,6.6,6,6.6,1778,0
20100728,6.5,6.5,6.5,6.5,10,0
20100729,6.5,6.5,6.1,6.45,337,0
20100730,6.45,6.5,5.6,6.4,1511,0
20100802,6.4,6.45,6.4,6.45,404,0
20100803,6.59,7,6.59,7,2315,0
20100804,6.9,7,6.9,7,909,0
20100805,7,7.09,6.9,7.09,647,0
20100806,7.09,7.09,7.09,7.09,215,0
20100809,7.4,7.45,7.4,7.45,160,0
20100810,7.45,7.45,7.15,7.3,570,0
20100811,7.3,7.5,7.3,7.5,3241,0
20100812,7.5,7.5,7.5,7.5,10,0
20100813,7.5,7.5,7.48,7.48,445,0
20100816,7.48,7.48,7.2,7.45,2662,0
20100817,7.45,7.8,7.45,7.8,1330,0
20100818,7.8,8.55,7.8,8.4,2789,0
20100819,8.3,8.5,8.2,8.45,2540,0
20100820,8.4,8.8,7.8,8.75,1563,0
20100823,8.8,8.8,8.79,8.79,229,0
20100824,8.79,8.79,6.99,6.99,7153,0
20100825,7.01,7.57,6.7,7.4,3858,0
20100826,7.4,8.05,7.4,8.05,2064,0
20100827,8.05,8.7,8.05,8.7,4935,0
20100830,8.7,8.77,8.6,8.7,700,0
20100831,8.4,8.77,8.4,8.77,2596,0
20100901,8.8,8.8,8.25,8.45,555,0
20100902,8.79,8.8,8.3,8.3,1733,0
20100903,8.77,8.8,8.5,8.8,1748,0
20100906,8.8,9.05,8.5,9.05,3455,0
20100907,9,9.05,8.8,9.05,969,0
20100908,9.05,9.17,9.05,9.17,440,0
20100909,9.18,9.19,9.18,9.19,380,0
20100910,9.19,9.19,9.1,9.1,540,0
20100913,9.18,9.19,9.18,9.19,218,0
20100914,9.19,9.19,8.6,9.19,2171,0
20100915,9.18,9.19,9.18,9.19,2323,0
20100916,9.2,9.44,9.2,9.44,905,0
20100917,9.44,9.44,9.1,9.44,684,0
20100920,9.44,9.44,9.44,9.44,345,0
20100921,9.44,9.44,9.42,9.42,1750,0
20100922,9.43,9.5,9.25,9.5,11671,0
20100923,9.5,9.7,9.4,9.7,429,0
20100924,9.37,9.85,9.37,9.85,3045,0
20100927,9.85,9.98,9.85,9.98,3602,0
20100928,9.98,9.98,9.95,9.95,5108,0
20100929,9.98,9.98,9,9.37,9994,0
20100930,9.37,9.8,9.2,9.8,1250,0
20101001,9.8,9.9,9.8,9.9,1405,0
20101004,9.9,9.9,9.5,9.5,4608,0
20101005,9.29,9.68,9.25,9.6,1697,0
20101006,9.2,9.2,8.99,9,1350,0
20101007,9,9.5,9,9.2,3947,0
20101008,9.23,9.69,9.1,9.1,4117,0
20101011,9.64,9.64,9.06,9.06,1978,0
20101012,9.06,9.4,9,9,4194,0
20101013,9.24,9.24,8.95,8.95,384,0
20101014,9.2,9.2,8.9,9.2,5966,0
20101015,9.34,9.4,9.3,9.38,1954,0
20101018,9.3,9.39,9.1,9.1,1185,0
20101019,9.37,9.38,9.13,9.19,5883,0
20101020,9.29,9.3,9.28,9.28,622,0
20101021,9.28,9.68,9.15,9.6,7069,0
20101022,9.64,9.68,9.4,9.4,3299,0
20101025,9.45,10.08,9.4,10.08,7148,0
20101026,10.08,11.99,10,11.65,19690,0
20101027,11.74,11.9,11.11,11.49,6894,0
20101028,11.49,11.5,11.1,11.1,5323,0
20101029,11.3,11.7,11.3,11.69,5375,0
20101102,12,12.87,12,12.3,2319,0
20101103,12.39,12.39,12.25,12.32,38337,0
20101104,12.32,12.39,12.15,12.35,1174,0
20101105,12.35,12.39,12.21,12.39,462,0
20101108,12.39,12.78,12.34,12.55,6490,0
20101109,12.6,12.77,12.5,12.77,3763,0
20101110,12.79,13.2,12.77,12.99,13755,0
20101112,13.18,13.19,13.1,13.15,2586,0
20101115,13.19,13.19,13.05,13.18,3570,0
20101116,13.12,13.12,12.03,12.69,2369,0
20101117,12.62,12.62,11.67,12.55,3217,0
20101118,12.44,13.29,12.44,13.29,11767,0
20101119,13.28,13.28,12.7,13.1,1608,0
20101122,12.89,12.89,12.36,12.85,3569,0
20101123,12.78,12.79,12.4,12.7,161,0
20101124,12.4,12.4,12.2,12.4,318,0
20101125,12.4,12.4,11.65,12.4,2086,0
20101126,12.35,12.35,11.7,12,731,0
20101129,11.75,12,11.71,12,1218,0
20101130,11.99,12,11.8,11.9,657,0
20101201,11.9,12,11.7,12,437,0
20101202,12,12,11.77,12,1280,0
20101203,11.99,12,11.99,12,120,0
20101206,12,12.63,11.82,12.55,1099,0
20101207,12.59,12.59,12.56,12.56,134,0
20101208,12.57,12.57,12.3,12.5,1134,0
20101209,12.5,12.5,12.35,12.45,609,0
20101210,12.46,12.56,12.46,12.5,2336,0
20101213,12.35,12.57,12.35,12.57,382,0
20101214,12.58,12.58,12.35,12.58,7298,0
20101215,12.58,12.58,12.3,12.5,2428,0
20101216,12.57,12.57,12.56,12.56,260,0
20101217,12.57,12.57,12.57,12.57,10,0
20101220,12.5,12.57,11.75,12,21648,0
20101221,12,12.4,12,12,2501,0
20101222,11.95,12.3,11.95,12.3,261,0
20101223,12.25,12.25,11,11.8,1873,0
20101227,12.38,12.38,11.3,12.22,1094,0
20101228,12.09,12.09,12.09,12.09,22,0
20101229,11.98,12.2,11.98,11.99,1919,0
20101230,12,12.5,12,12.2,1748,0
20101231,12.1,12.45,12.1,12.4,7414,0
20110103,12.6,12.9,12.2,12.78,1114,0
20110104,12.7,12.7,12.2,12.69,2275,0
20110105,12.5,12.95,12.5,12.9,1046,0
20110107,12.89,12.9,12.53,12.53,375,0
20110110,12.53,12.9,12.49,12.7,9049,0
20110111,12.7,12.75,12.5,12.5,302,0
20110112,12.6,12.9,12.4,12.85,10003,0
20110113,12.85,12.9,12.8,12.9,7480,0
20110114,12.9,12.97,12.7,12.97,8845,0
20110117,12.97,14.95,12.97,14.95,24257,0
20110118,14.95,16.96,14.8,14.9,22639,0
20110119,14.78,14.8,14.5,14.7,4708,0
20110120,14.7,14.9,14.5,14.8,2781,0
20110121,14.8,14.9,14.4,14.69,1934,0
20110124,14.71,14.83,14.5,14.75,853,0
20110125,14.5,14.5,14,14,2935,0
20110126,13.82,14.5,13.31,14.44,3577,0
20110127,14.44,14.44,13.61,14,15098,0
20110128,14.4,14.4,14.4,14.4,153,0
20110131,14,14.36,14,14.36,2373,0
20110201,14.35,14.65,13.55,14.65,6723,0
20110202,14.65,14.74,14.5,14.5,1610,0
20110203,14.79,14.79,14.5,14.6,2157,0
20110204,14.6,14.6,14.5,14.5,120,0
20110207,14.5,14.5,14.45,14.5,1847,0
20110208,14.4,14.45,14.4,14.45,306,0
20110209,14.3,14.6,14.25,14.6,1066,0
20110210,14.6,14.6,14.59,14.59,470,0
20110211,14.6,14.6,14.55,14.6,510,0
20110214,14.6,14.6,14.15,14.5,2120,0
20110215,14.48,15.2,14,15.2,7633,0
20110216,15.3,15.69,15.3,15.64,7041,0
20110217,15.62,15.62,15.2,15.49,3752,0
20110218,15.63,15.63,14.7,15.2,1390,0
20110221,15,15,14.4,14.92,2131,0
20110222,14.92,14.92,14.3,14.9,2949,0
20110223,14.9,15.2,14.6,15,1244,0
20110224,14.9,14.9,14.2,14.89,1175,0
20110225,14.89,15,14.89,15,676,0
20110228,15,15.05,14.5,14.7,854,0
20110301,14.9,14.95,14.6,14.95,235,0
20110302,14.95,15.1,14.6,15.1,328,0
20110303,15.1,15.1,14.8,14.9,1051,0
20110304,14.9,15.11,14.85,14.85,2636,0
20110307,14.99,15,14.56,14.7,2210,0
20110308,14.82,14.9,14.75,14.75,389,0
20110309,14.9,14.9,14.5,14.5,538,0
20110310,14.5,14.75,14.5,14.62,962,0
20110311,14.4,14.74,14.3,14.74,904,0
20110314,14.74,14.74,14.35,14.65,530,0
20110315,14.55,14.7,14.1,14.6,2233,0
20110316,14.4,14.75,14.1,14.75,2001,0
20110317,14.5,14.99,14.15,14.99,704,0
20110318,15,15.15,14.2,14.9,1280,0
20110321,14.8,15,14.8,15,45,0
20110322,15,15,14.6,14.9,510,0
20110323,14.9,14.9,14.7,14.8,420,0
20110324,14.89,14.9,14.69,14.89,330,0
20110325,14.9,15,14,15,6124,0
20110328,14.9,14.9,14.4,14.55,1913,0
20110329,14.65,14.8,14.2,14.8,2185,0
20110330,14.65,14.65,14.25,14.25,2025,0
20110331,14.5,14.7,14.5,14.5,165,0
20110401,14.5,14.6,14.05,14.5,4245,0
20110404,14.5,14.5,13.8,14.1,2768,0
20110405,14,15.1,14,15,7205,0
20110406,15.05,15.4,14.97,15.09,26715,0
20110407,15.2,15.4,15.2,15.39,6828,0
20110408,15.35,15.39,15.2,15.39,864,0
20110411,15.3,15.4,15.2,15.4,1130,0
20110412,15.3,15.6,15.29,15.58,1326,0
20110413,15.59,15.7,14.8,15.7,3217,0
20110414,15.55,15.55,15,15.35,3738,0
20110415,15.25,15.45,14.9,14.92,3884,0
20110418,14.92,15.3,14.8,14.95,7732,0
20110419,15,15,14.85,15,4722,0
20110420,14.9,15.25,14.81,15.13,12296,0
20110421,15.12,15.15,15.12,15.15,510,0
20110426,15.15,15.15,14.9,14.9,2870,0
20110427,14.89,15,14.84,14.99,6363,0
20110428,14.99,15.2,14.81,15.2,527,0
20110429,15.24,15.24,14.8,15,1470,0
20110502,15,15.4,15,15.4,390,0
20110504,15.4,15.4,15.25,15.4,800,0
20110505,15.3,15.59,15.1,15.4,841,0
20110506,15.4,15.58,15.2,15.55,360,0
20110509,15.5,15.5,15,15,1700,0
20110510,15,15,14.7,15,1339,0
20110511,14.5,15.15,14.5,15.15,245,0
20110512,15,15.15,15,15,342,0
20110513,14.9,15.2,14.7,15.2,196,0
20110516,15,15.2,14.5,15.2,1258,0
20110517,14.3,14.95,14.3,14.95,730,0
20110518,14.95,14.95,14.51,14.9,665,0
20110519,14.7,14.7,14.4,14.4,2500,0
20110520,14.4,14.95,13.9,14,2662,0
20110523,14,14,13,13.75,3090,0
20110524,13.5,13.5,12.7,13,2337,0
20110525,13,13.85,12.9,13.85,150433,0
20110526,13.9,14.25,13.8,14.24,771,0
20110527,13.81,14.23,13.81,14.22,309,0
20110530,14.21,14.22,13.9,13.9,308,0
20110531,14.2,14.2,14.2,14.2,10,0
20110601,13.9,14.2,13.9,14.2,107,0
20110602,14.2,14.2,14,14.2,120,0
20110603,14.2,14.2,13.76,14.2,1351,0
20110606,14.2,14.2,13.9,14.19,2702,0
20110607,14.19,14.24,14,14.24,3835,0
20110608,14.1,14.25,13.75,14.2,1426,0
20110609,14.2,14.25,13.75,14,1129,0
20110610,13.9,13.9,13.5,13.8,1245,0
20110613,13.8,13.89,13.8,13.89,165,0
20110614,14,14,13.7,13.8,930,0
20110615,13.6,13.7,13.5,13.5,2489,0
20110616,13.45,13.45,13.2,13.4,1676,0
20110617,13.5,13.99,13.2,13.5,1335,0
20110620,13.11,13.99,13.11,13.75,786,0
20110621,13.75,13.75,13.2,13.49,1034,0
20110622,13.45,13.45,13.44,13.45,380,0
20110624,13.45,13.55,13.45,13.55,220,0
20110627,13.3,13.55,13.25,13.55,710,0
20110628,13.5,13.55,13.5,13.55,210,0
20110629,13.35,13.35,13,13.35,500,0
20110630,13.5,13.55,12.85,13.37,15637,0
20110701,13.45,13.7,13,13.2,897,0
20110704,13.37,13.37,13.37,13.37,10,0
20110705,13.15,13.55,12.75,13.35,823,0
20110706,13.01,13.35,13.01,13.35,110,0
20110707,13.35,13.35,13.1,13.35,335,0
20110708,13.1,13.65,12.7,13.65,3369,0
20110711,13.6,13.73,13.55,13.73,220,0
20110712,13.4,13.74,13.4,13.4,680,0
20110713,13.5,13.5,13.2,13.49,5410,0
20110714,13.55,13.64,13,13.3,575,0
20110715,13.3,13.3,12.9,13.2,7559,0
20110718,13,13,12.9,13,720,0
20110719,13.19,13.19,12.5,13,597,0
20110720,13.18,13.19,12.4,12.8,3896,0
20110721,13,13,12.4,12.99,2110,0
20110722,13.04,13.05,12.75,12.85,1071,0
20110725,12.95,12.95,12.5,12.6,1311,0
20110726,12.84,12.84,12.3,12.4,3972,0
20110727,12.6,12.6,11.7,12,5192,0
20110728,11.6,12.1,11.5,11.8,4196,0
20110729,11.84,11.84,11,11.45,5037,0
20110801,11.3,11.45,10.95,11.3,515,0
20110802,10.2,11,10.2,11,17034,0
20110803,11,11.05,10,10.28,16730,0
20110804,10.3,10.3,9.27,10,22179,0
20110805,9,10.9,9,10.9,18079,0
20110808,10.58,10.59,10.5,10.5,13094,0
20110809,10.55,10.6,9.8,10.25,15513,0
20110810,10.95,10.95,9.8,10.33,15425,0
20110811,9.8,10.39,9.41,9.9,5010,0
20110812,9.8,9.99,9.54,9.99,6226,0
20110816,10,10.55,10,10.55,2789,0
20110817,10.55,11,10.55,10.79,4686,0
20110818,10.95,11,9.8,10.84,8334,0
20110819,9.78,10.94,9.78,10.94,32241,0
20110822,10.8,10.8,10.8,10.8,2300,0
20110823,11.09,11.35,10.49,11.35,1344,0
20110824,10.34,11.6,10.34,11.6,1554,0
20110825,11.6,12,11.6,12,6480,0
20110826,12.1,12.2,11.8,12,2400,0
20110829,11.16,12.2,11.16,12.09,4908,0
20110830,12.2,12.2,11.21,12.1,852,0
20110831,12.1,12.1,11.19,12.04,982,0
20110901,12.05,12.05,11.34,11.84,4336,0
20110902,11.95,11.95,11.27,11.27,3201,0
20110905,11.02,11.46,10.17,11.15,3518,0
20110906,11.3,11.3,11.3,11.3,100,0
20110907,11.44,11.44,10.34,11.44,1444,0
20110908,11.44,11.44,10.64,11.44,2080,0
20110909,10.71,11.45,10.71,10.9,2539,0
20110912,11.41,11.41,10.25,10.25,1638,0
20110913,10.72,10.89,9.41,10,1295,0
20110914,10,10.94,9.01,9.3,272,0
20110915,10.86,10.86,9.08,9.29,8893,0
20110916,8.91,10.8,8.9,9.55,10049,0
20110919,10.2,10.2,10,10.1,494,0
20110920,10.2,10.2,9.11,9.79,1128,0
20110921,10.2,10.2,9.2,9.21,748,0
20110922,10,10,9.1,9.65,176,0
20110923,9.65,9.7,8.71,9.7,453,0
20110926,9.72,9.9,9.72,9.9,354,0
20110927,9.04,9.86,8.99,8.99,5010,0
20110928,9.7,9.7,8.2,8.64,4161,0
20110929,9.36,9.36,8.16,9.32,31,0
20110930,9.31,9.65,8.51,9.55,1322,0
20111003,9.65,9.65,8.7,8.7,58,0
20111004,8.7,9.44,8.06,8.7,3057,0
20111005,8.11,9,7.83,8.61,1619,0
20111006,8.79,8.8,8.1,8.7,3411,0
20111007,8.15,8.8,8.15,8.8,2552,0
20111010,8.8,8.8,8.8,8.8,2453,0
20111011,9.15,9.15,8.01,9,2595,0
20111012,9.03,9.03,8.21,8.49,2500,0
20111013,8.62,8.62,7.65,7.99,13363,0
20111014,8.48,8.48,7.5,7.5,3404,0
20111017,7.65,8,7.1,7.1,11243,0
20111018,7.95,7.95,7.3,7.4,2791,0
20111019,7.9,8.15,7.9,8.15,3819,0
20111020,8.15,8.15,8.15,8.15,2352,0
20111021,7.5,8.95,7.5,8.95,6199,0
20111024,8.36,8.88,8.36,8.85,2418,0
20111025,8.41,8.79,8.4,8.4,6626,0
20111026,8.79,9.1,8.78,9.1,183761,0
20111027,9.19,9.19,9,9.19,195,0
20111028,9.18,9.45,9,9.45,6750,0
20111031,9.45,10.15,9.45,10.15,10970,0
20111102,8.7,10,8.7,10,3290,0
20111103,10.19,10.45,10,10.45,1760,0
20111104,10.45,10.55,10.2,10.45,2458,0
20111107,11.4,11.4,11,11,95,0
20111108,11.4,11.45,10.01,11.45,311,0
20111109,11.4,11.9,10.51,11.7,436,0
20111110,11.59,11.79,10.55,11.45,1788,0
20111114,11.75,11.75,11.75,11.75,140,0
20111115,10.69,11.65,10.69,11.65,12,0
20111116,10.68,11.6,10.68,11.6,843,0
20111117,10.67,11.6,10.44,10.75,1487,0
20111118,11.5,11.5,9.9,10.95,516,0
20111121,9.89,11.14,9.89,10.95,38,0
20111122,11.1,11.1,10.04,11.05,790,0
20111123,10.99,10.99,10.07,10.95,257,0
20111124,9.89,10.5,9.86,10.5,1517,0
20111125,10.47,10.47,9.47,10.4,1267,0
20111128,9.37,10.47,9.37,9.69,5736,0
20111129,10.19,10.19,9.5,9.5,721,0
20111130,8.58,9.8,8.58,9.7,1941,0
20111201,9.8,10.2,9.5,10.2,351,0
20111202,10.2,10.2,9.4,9.92,661,0
20111205,9.9,9.9,8.91,9.9,3068,0
20111206,9.95,9.95,9.07,9.15,967,0
20111207,9.65,9.7,9.11,9.7,248,0
20111208,9,9.9,9,9.7,852,0
20111209,9.7,9.7,9.7,9.7,1024,0
20111212,10.49,10.49,9.21,10.2,265,0
20111213,10.2,10.2,9.26,9.26,164,0
20111214,10.27,10.27,10.27,10.27,10,0
20111215,10.3,10.3,9.65,10.15,138,0
20111216,10.15,10.15,9.5,10.15,216,0
20111219,9.54,10.4,9.54,10.4,261,0
20111220,9.37,10.45,9.37,10.45,124,0
20111221,9.5,10.44,9.5,10.44,101,0
20111222,9.67,10.38,9.67,10.25,256,0
20111223,10.39,10.39,10.01,10.35,722,0
20111227,10.4,10.4,9.55,10.4,131,0
20111228,9.56,10.3,9.56,10.3,5305,0
20111229,9.65,10.29,9.65,10.29,367,0
20111230,10.29,10.29,10.29,10.29,10,0
20120102,10.5,10.5,10.4,10.4,619,0
20120103,10.4,10.4,10.4,10.4,100,0
20120104,9.36,10.35,9.36,10.35,304,0
20120105,10.35,10.35,9.65,10.25,408,0
20120109,10.25,10.25,10.25,10.25,10,0
20120110,10.25,10.25,9.55,10.25,93,0
20120111,10.35,10.35,10.35,10.35,10,0
20120112,10.34,10.34,10.34,10.34,20,0
20120113,10.34,10.34,9.86,10.15,43,0
20120116,10.3,10.3,9.76,9.8,701,0
20120117,10.22,10.22,10,10.22,21,0
20120119,10.22,10.22,10.22,10.22,10,0
20120120,9.9,10.22,9.9,10.2,797,0
20120123,10.2,10.2,10.2,10.2,12,0
20120124,10.29,10.29,10,10.2,60,0
20120125,10.2,10.2,10.2,10.2,10,0
20120126,10.2,10.35,10.2,10.29,1232,0
20120127,10.35,10.35,10.35,10.35,10,0
20120130,10.25,10.35,9.91,10.12,1022,0
20120131,10.37,10.37,10,10.27,4755,0
20120201,10.32,11.26,10.32,11.26,8632,0
20120202,10.29,11.28,10.29,11.28,6575,0
20120203,10.22,11.23,10.22,10.9,389,0
20120206,9.95,11.13,9.95,11.13,394,0
20120207,11.13,12,11,12,23099,0
20120208,11.34,11.85,11.34,11.85,6557,0
20120209,11.88,11.88,11.29,11.85,13,0
20120210,11.03,11.97,11,11,934,0
20120213,11.61,11.89,11.59,11.89,1221,0
20120214,10.96,11.89,10.96,11.89,13,0
20120215,11.89,12.1,11.89,12.1,3300,0
20120216,12.1,12.2,11.6,12.2,2390,0
20120217,12.25,12.25,11.85,12,638,0
20120220,12,12.15,11.5,12.15,1443,0
20120221,12,12.26,11.5,12.26,1665,0
20120222,11.8,12.25,11.2,12.21,1085,0
20120223,12.11,12.15,11.43,12.15,461,0
20120224,11.78,12.24,11.78,12.24,1239,0
20120227,11.65,12.24,11.65,12.24,194,0
20120228,11.72,12,11.72,12,366,0
20120229,12,12.24,12,12.24,1038,0
20120301,11.7,12.15,11.7,12.15,17,0
20120302,12.24,12.94,11.9,12.94,789,0
20120305,12.99,13.5,12.9,13.17,507,0
20120306,13.15,13.15,13.15,13.15,5,0
20120307,12.5,12.75,12.5,12.75,330,0
20120308,13,13,13,13,10,0
20120312,12.7,12.7,12.7,12.7,115,0
20120313,12.99,12.99,12.99,12.99,50,0
20120314,12.95,13.05,12.95,12.99,140,0
20120315,12.95,12.95,12.95,12.95,157,0
20120316,12,12.94,11.66,12.94,665,0
20120319,11.8,12.94,11.8,12.89,1507,0
20120320,12.89,12.89,12.01,12.77,222,0
20120326,12.65,12.8,12.65,12.8,2213,0
20120327,12.9,12.9,12.59,12.9,3200,0
20120328,12.95,12.95,12.39,12.4,2997,0
20120329,12.5,12.8,12.01,12.5,30570,0
20120330,12.49,12.49,11.8,12.4,9570,0
20120402,12.4,12.5,12.4,12.5,360,0
20120403,12.73,12.9,12.72,12.9,4133,0
20120404,12.99,13,12.98,13,2546,0
20120405,12.99,13.3,12.99,13.3,5902,0
20120410,13.11,13.5,13.1,13.45,101342,0
20120411,13.5,13.8,13.5,13.8,71500,0
20120412,13.74,13.97,13.74,13.96,25990,0
20120413,14.09,14.1,13.51,13.99,1063,0
20120416,13.99,13.99,13.21,13.73,1734,0
20120417,13.71,13.71,13.22,13.65,45,0
20120418,13.63,13.64,12.8,13.37,837,0
20120419,13.37,14.19,13.1,14.19,9673,0
20120420,14.19,14.5,13.85,14.5,703,0
20120423,14.49,14.5,13.45,14.21,2245,0
20120424,14.18,14.4,13.62,14.4,3016,0
20120425,14.5,15.5,14.35,15.5,3773,0
20120426,15.5,15.5,14.7,15.32,478,0
20120427,15.3,15.3,15,15.1,202,0
20120430,14.45,14.99,14.45,14.99,291,0
20120502,14.99,15.1,14.99,15.1,379,0
20120504,15.08,15.08,15.05,15.05,77,0
20120507,15.03,15.03,14.65,15.02,573,0
20120508,15,15,14.8,15,122,0
20120509,15,15,14.3,14.8,1095,0
20120510,14.8,14.97,14.5,14.97,1289,0
20120511,14.97,14.97,14.9,14.9,427,0
20120514,14.96,14.96,14.7,14.9,1694,0
20120515,14.9,14.96,14.89,14.9,1625,0
20120516,14.9,14.9,14.88,14.88,37,0
20120517,14.55,14.87,14.55,14.85,1138,0
20120518,14.84,14.84,14.79,14.83,538,0
20120521,14.82,14.82,14.7,14.7,40,0
20120522,14.8,14.8,13.7,13.9,1668,0
20120523,14,14.28,12.51,14,5553,0
20120524,13.35,14,13.35,14,111,0
20120525,14,14,13.5,13.99,226,0
20120528,14.09,14.09,13.5,13.99,43,0
20120529,13.99,13.99,13.6,13.99,83,0
20120530,13.98,13.98,13.4,13.94,187,0
20120531,13.94,13.94,13.01,13.5,1082,0
20120601,13.07,13.4,13.07,13.4,421,0
20120604,13.03,13.4,13,13.2,202,0
20120605,13.19,13.19,12.04,13,1906,0
20120606,12.9,13.11,12.4,13,87599,0
20120608,13,13,12.6,12.99,7,0
20120611,12.65,12.65,12.1,12.6,2001,0
20120612,12.4,12.77,11.5,12.76,2860,0
20120613,12.79,12.79,12.2,12.69,354,0
20120614,12.3,12.58,12,12.58,731,0
20120615,12.57,12.57,11.8,12.3,1422,0
20120618,11.8,12.28,11.8,11.8,95,0
20120619,11.4,11.94,11.4,11.85,5113,0
20120620,11.41,11.84,11.41,11.84,113,0
20120621,11.84,11.84,11.7,11.8,216,0
20120622,11.8,11.8,11.8,11.8,10,0
20120625,11.8,11.94,11.7,11.94,1088,0
20120626,11.8,11.99,11.8,11.99,805,0
20120627,11.99,12,11.99,12,308,0
20120628,12,12,12,12,10,0
20120629,12,12.01,11.98,12,1645,0
20120702,12.09,12.3,11.3,11.3,2552,0
20120703,11.2,11.95,10.5,11.95,1593,0
20120704,11.95,11.95,11.75,11.75,6,0
20120705,11.8,12.25,11.7,12,5014,0
20120706,12,12,11.99,11.99,30,0
20120709,12,12,11.6,11.71,728,0
20120710,11.76,11.76,11.7,11.7,463,0
20120711,11.76,11.76,11,11,767,0
20120712,11,11.28,11,11.28,102,0
20120713,11.28,11.28,11.16,11.28,24,0
20120716,11,11.15,10.16,11.15,2319,0
20120717,10.9,10.97,10.88,10.97,1450,0
20120718,10.9,11,10.9,11,410,0
20120719,10.99,10.99,10.7,10.89,5876,0
20120720,10.89,10.89,10.01,10.79,2280,0
20120723,10.5,10.6,10,10.1,5395,0
20120724,10.1,10.1,10,10,957,0
20120725,10,10,10,10,398,0
20120726,9.99,10,9.99,10,3010,0
20120727,10,10,10,10,1017,0
20120730,10.04,10.1,10,10,508,0
20120731,10,10,10,10,15,0
20120801,10,10,10,10,7,0
20120802,10,10,9.9,10,1008,0
20120803,10,10,9.5,10,1163,0
20120806,10,10.3,9.55,10.3,3481,0
20120807,10.3,10.41,10.2,10.2,1200,0
20120808,10.3,10.42,10.3,10.4,300,0
20120809,10.39,11.2,10.39,10.68,2487,0
20120810,10.54,10.68,10.54,10.68,1333,0
20120813,10.68,10.68,10.2,10.2,152,0
20120814,10.1,10.15,9.35,10,5633,0
20120816,9.6,10,9.6,10,472,0
20120817,10,10,9.65,9.95,733,0
20120820,9.65,10.3,9.6,10,2123,0
20120821,10.1,10.2,10,10,6615,0
20120822,10,10.1,10,10.1,113,0
20120823,10.1,10.3,10.1,10.3,195,0
20120824,10.4,11.3,9.95,11.3,2249,0
20120827,11.3,12.2,10.46,12.2,541,0
20120828,12.2,12.2,12.2,12.2,20,0
20120829,12.1,12.1,11.4,11.74,1377,0
20120831,11.7,11.7,10.8,11.5,3491,0
20120903,10.7,11.7,10.7,11.49,49,0
20120904,11.09,11.5,11.09,11.5,112,0
20120905,11.2,11.69,10.6,10.75,1094,0
20120906,10.8,10.95,10.7,10.95,46,0
20120907,10.95,11.28,10.95,11.28,296,0
20120910,10.85,11.7,10.85,11.7,1134,0
20120911,11.5,13.06,11.5,13.06,524,0
20120912,13.1,13.25,11.9,13.25,18910,0
20120913,13.29,13.3,13.29,13.29,422,0
20120914,13.05,13.49,12.9,13.49,2137,0
20120917,13.48,13.48,13.48,13.48,10,0
20120918,13.48,13.48,13,13,22,0
20120919,13.2,13.2,13.2,13.2,10,0
20120920,13,13,13,13,10,0
20120921,13,13,12.51,12.7,53,0
20120924,12.7,12.7,12,12.53,628,0
20120925,12.65,12.7,12.65,12.7,11,0
20120926,12.7,12.7,12.06,12.3,272,0
20121001,12.4,12.45,12.4,12.45,600,0
20121002,12,12,12,12,293,0
20121003,11.8,11.8,11.8,11.8,19,0
20121004,11.8,11.8,11.7,11.8,49,0
20121005,11.8,11.8,10.65,10.72,2238,0
20121008,10.72,11.2,10.7,11.2,1138,0
20121009,11.19,11.38,11.19,11.38,440,0
20121010,11.3,11.38,11.3,11.38,100,0
20121011,11.38,11.38,11.38,11.38,25,0
20121012,11.38,11.5,11.38,11.5,578,0
20121015,11.4,11.4,10.35,11.4,2579,0
20121016,11.4,11.5,10.52,11.5,2121,0
20121017,11.5,11.5,10.55,10.98,1463,0
20121018,11.05,11.15,10.81,10.81,311,0
20121019,10.62,10.99,10.62,10.99,1540,0
20121022,10.99,11.2,10.99,11.2,1401,0
20121023,11.2,11.45,11.2,11.45,995,0
20121024,11.45,11.45,11.45,11.45,1,0
20121025,11.49,11.49,11.49,11.49,30,0
20121026,11.48,11.5,11.07,11.5,2895,0
20121029,11.55,11.95,11.55,11.95,70,0
20121030,12,12.34,12,12.34,515,0
20121031,12.1,12.1,11.3,11.84,1049,0
20121102,11.94,11.95,11,11.28,1182,0
20121105,11.55,11.55,10.65,11.55,1012,0
20121107,11.5,11.55,11.5,11.55,16,0
20121108,11.55,11.55,11.02,11.39,907,0
20121109,11.65,11.65,11.01,11.01,477,0
20121112,11.01,11.17,11,11,507,0
20121114,10.7,10.7,10.48,10.5,2529,0
20121115,10.48,10.78,10.48,10.78,158,0
20121116,10.89,10.9,10,10,7918,0
20121119,10.2,10.5,10,10.15,2698,0
20121120,10.25,10.25,9.95,10.1,2335,0
20121121,10.2,10.2,9.65,9.8,2353,0
20121122,10,10,9.69,9.74,4766,0
20121123,9.73,9.73,9.24,9.53,7686,0
20121126,9.55,9.63,9.4,9.55,3441,0
20121127,9.5,9.5,9.5,9.5,5141,0
20121128,9.5,9.5,9.4,9.5,2454,0
20121129,9.5,9.5,9.5,9.5,1420,0
20121130,9.5,10.2,8.8,10.2,175539,0
20121203,10.2,10.2,9.5,10,1427,0
20121204,10,10,9.5,9.5,2200,0
20121205,9.6,9.88,8.82,9.49,3555,0
20121206,9.9,9.9,9.5,9.9,2490,0
20121207,9.9,10.8,9.9,10.8,2016,0
20121210,10.84,11.21,10.84,11.21,456,0
20121211,11.21,11.32,11.21,11.32,1484,0
20121212,11.32,11.32,11.1,11.32,2160,0
20121213,11.35,11.46,11.35,11.46,210,0
20121214,11.61,11.75,11.61,11.75,525,0
20121217,11.75,11.75,11.36,11.36,1239,0
20121218,11.34,11.9,11.2,11.9,4526,0
20121219,12.2,12.3,11.7,12.3,2628,0
20121220,12.33,12.5,12.1,12.5,924,0
20121221,12.64,12.79,12.1,12.7,2749,0
20121227,12.79,12.9,12.55,12.9,17521,0
20121228,12.9,13.5,12.9,13.12,67524,0
20130102,13.07,13.59,12.5,13.59,2255,0
20130103,13.65,13.69,12.8,13.4,27822,0
20130104,13.4,13.4,13.1,13.36,7145,0
20130107,13.22,13.45,13.1,13.45,1022,0
20130108,13.45,13.45,12.76,13.1,1062,0
20130109,13.1,13.1,12.5,13,1993,0
20130110,13.2,13.2,12.7,12.99,124,0
20130111,12.8,13,12,13,16808,0
20130114,13.62,13.62,12.3,12.75,5984,0
20130115,12.75,13,12.75,12.84,202,0
20130116,12.9,13.3,12.6,13.3,16357,0
20130117,13.3,13.3,12.66,12.98,104238,0
20130118,12.99,12.99,12.65,12.99,1519,0
20130121,12.62,12.72,12.6,12.6,2832,0
20130122,12.55,12.7,12.36,12.4,505,0
20130123,12.3,12.55,12.3,12.55,22094,0
20130124,12.6,12.9,12.5,12.5,2114,0
20130125,12.3,12.93,12.3,12.93,16,0
20130128,12.84,12.9,12.41,12.85,247,0
20130129,12.6,12.63,12.6,12.6,750,0
20130130,12.42,12.7,12.3,12.4,3962,0
20130131,12.65,12.78,12.25,12.6,676,0
20130201,12.8,12.8,12.55,12.79,15620,0
20130204,12.8,12.8,12.8,12.8,20,0
20130205,12.8,12.95,12.55,12.9,56882,0
20130206,12.7,12.8,12.7,12.8,5014,0
20130207,12.8,12.8,12.8,12.8,16,0
20130208,12.6,12.6,12.6,12.6,10,0
20130211,12.8,13.3,12.8,13.3,2922,0
20130212,13.5,13.5,13.5,13.5,43,0
20130213,13.5,13.5,13.5,13.5,54,0
20130214,13.25,13.8,13.2,13.8,2114,0
20130215,13.5,14.47,13.5,14.47,2562,0
20130218,14.46,14.46,14.05,14.45,30462,0
20130219,14.45,14.45,14.2,14.2,3616,0
20130220,14.21,14.21,13.7,14,745,0
20130221,13.6,13.6,13.51,13.6,200,0
20130222,13.65,14.15,13.65,14.15,1710,0
20130225,14,14.21,13.85,14.21,1232,0
20130226,14,14.1,13.85,14.08,387,0
20130227,14.2,14.2,13.8,13.8,264,0
20130228,13.8,14,13.45,14,712,0
20130301,14,14,13.7,13.85,21,0
20130304,13.45,13.85,13.41,13.41,310,0
20130305,13.41,13.41,13.41,13.41,10,0
20130306,13.41,13.41,13,13,231,0
20130307,12.99,13.41,12.99,13.41,79,0
20130308,13.41,13.41,13.41,13.41,5,0
20130311,13.1,13.1,13.1,13.1,228,0
20130312,13.2,13.2,13.1,13.2,4773,0
20130313,13.1,13.39,13.1,13.39,590,0
20130314,13.3,14,13.3,13.8,1062,0
20130315,14.11,14.45,14,14.45,3872,0
20130318,14.21,15,14.21,15,8441,0
20130319,16,16.1,15.28,15.8,788,0
20130320,15.33,15.33,14.94,14.94,530,0
20130321,14.2,15.49,14.2,14.4,1182,0
20130322,14.1,15.49,14.1,14.33,2536,0
20130325,14,14,13.9,13.9,124,0
20130326,13.9,13.9,13.9,13.9,37,0
20130327,13.9,13.95,13.9,13.95,35050,0
20130328,13.95,13.99,13.95,13.99,17,0
20130402,13.99,13.99,13.95,13.95,213,0
20130403,13.95,14.01,13.95,14.01,1661,0
20130404,14,14,14,14,1000,0
20130405,14,14.1,13.8,14.1,1550,0
20130408,14,14,14,14,405,0
20130409,14,14.29,14,14.02,4249,0
20130410,14.02,14.29,14.02,14.29,1338,0
20130411,14.35,14.74,14.35,14.6,5658,0
20130412,14.7,14.75,14.6,14.6,1050,0
20130415,14.75,14.75,14.75,14.75,30,0
20130417,14.75,14.75,14.75,14.75,2054,0
20130418,14.73,14.73,13.65,13.65,6379,0
20130419,13.7,13.8,13.7,13.8,21,0
20130422,13.7,13.7,13.65,13.65,6,0
20130423,13.65,13.65,12.65,12.65,624,0
20130424,12.65,13.2,12.65,13.15,101331,0
20130425,13.15,13.15,13,13,50068,0
20130426,13,13,13,13,32,0
20130429,13,13,12.61,12.8,154,0
20130430,12.8,12.8,12.61,12.61,143,0
20130506,12.61,12.8,12.3,12.8,299,0
20130507,12.55,12.55,12.4,12.4,11,0
20130509,12.5,12.6,12.5,12.6,15,0
20130510,12.6,12.6,12.32,12.6,6282,0
20130513,12.7,12.93,12.7,12.93,1811,0
20130514,12.8,12.95,12.8,12.95,3,0
20130516,12.95,13.2,12.82,13.2,1537,0
20130517,13.2,13.2,12.87,12.99,83,0
20130520,13,13,13,13,30,0
20130521,13,13,12.81,13,222,0
20130522,13,13,12.9,13,19291,0
20130523,13,13,12.99,12.99,80,0
20130524,12.99,13.8,12.91,13.8,823,0
20130527,13.5,13.83,13.5,13.8,53,0
20130528,13.9,15.1,13.9,15.1,116832,0
20130529,15.1,15.1,14.5,14.8,18359,0
20130531,14.75,14.75,14.75,14.75,31,0
20130603,14.75,14.9,14.22,14.8,1695,0
20130604,14.22,14.8,14.22,14.8,18,0
20130605,14.8,14.8,14.4,14.4,152,0
20130606,14.6,14.9,14.6,14.7,51500,0
20130607,14.75,14.9,14.6,14.6,230,0
20130610,14.65,14.65,14.43,14.64,16461,0
20130611,14.43,14.64,14.43,14.64,310,0
20130612,14.65,14.65,14.43,14.65,9,0
20130613,14.65,14.65,14.65,14.65,6,0
20130614,14.65,14.65,14.5,14.5,107,0
20130617,14.6,14.9,14.6,14.6,8680,0
20130618,14.55,14.55,14.1,14.1,20316,0
20130619,14.05,14.7,14,14.45,1552,0
20130620,14.3,14.5,14.21,14.5,917,0
20130621,14.25,14.25,14.16,14.16,24,0
20130624,14.16,14.5,14.16,14.5,1927,0
20130625,14.5,14.5,14.3,14.3,2235,0
20130626,14.25,14.3,14.01,14.2,50659,0
20130627,14.2,14.2,14.1,14.1,119,0
20130628,14.25,14.29,14.15,14.29,1725,0
20130701,14.11,14.3,14.11,14.11,681,0
20130702,14.3,14.3,13.82,14.2,345,0
20130703,13.92,13.95,13.8,13.8,725,0
20130704,13.8,13.8,13.3,13.3,1049,0
20130705,13.45,13.45,13.2,13.2,122,0
20130708,13,14,12.9,14,3044,0
20130709,13,14.09,13,14,1069,0
20130710,13.9,14.3,13.9,14.3,92,0
20130711,14.3,14.3,13.9,14.24,768,0
20130712,13.97,14.55,13.97,14.55,23,0
20130715,14.26,14.49,14.26,14.49,1515,0
20130716,14.5,14.5,14.03,14.41,592,0
20130717,14.3,14.3,14.03,14.03,6501,0
20130718,14.03,14.39,14.03,14.39,1000,0
20130719,14.3,15,14.3,14.5,2790,0
20130722,14.5,14.5,14.03,14.3,721,0
20130724,14.39,14.39,14.3,14.39,170,0
20130725,14.2,14.4,14.05,14.4,1255,0
20130726,14.4,14.4,14.4,14.4,10064,0
20130729,14.4,14.4,14.05,14.3,14549,0
20130730,14.3,14.3,14.3,14.3,70,0
20130731,14.3,14.3,14.05,14.3,1104,0
20130801,14.1,14.3,14.1,14.1,6,0
20130802,14.3,14.3,14.1,14.3,3211,0
20130805,14.5,14.5,14.1,14.2,13984,0
20130806,14.2,14.35,14.2,14.35,24150,0
20130807,14.3,14.32,13.9,13.95,132380,0
20130808,14,14.25,14,14.2,150130,0
20130809,14.05,14.29,14.05,14.29,22747,0
20130812,14.29,14.3,14.2,14.3,6678,0
20130813,14.3,14.32,14.2,14.32,27963,0
20130814,14.32,14.32,14.2,14.2,16410,0
20130816,14.3,14.3,14,14.3,310,0
20130819,14.25,14.25,13.9,14.22,1303,0
20130820,14.22,14.22,13.8,14,3230,0
20130821,14.3,14.3,13.8,14.09,1522,0
20130822,13.99,13.99,13.8,13.85,4354,0
20130823,13.85,14,13.7,14,4023,0
20130826,14,14,13.75,14,3774,0
20130827,14.05,14.1,13.9,13.9,219,0
20130828,13.82,14,13.76,14,7553,0
20130829,13.86,14.21,13.86,14.21,504,0
20130830,14,14,13.86,14,1267,0
20130902,14.05,14.2,14,14,215,0
20130903,14,14.21,13.95,14,1089,0
20130904,14.2,14.2,13.85,14.2,2792,0
20130905,14.2,14.21,13.75,14.21,50333,0
20130906,14.1,14.1,13.95,13.95,7679,0
20130909,14,14.1,13.9,14.1,3245,0
20130910,14.1,14.1,13.08,14,2083,0
20130911,14.1,14.1,12.99,13.75,626,0
20130912,13.84,13.84,13.75,13.75,122,0
20130913,13.75,13.99,13,13.75,1451,0
20130916,13.6,14.21,13.6,13.95,22738,0
20130917,13.61,14.3,13.61,14.3,2726,0
20130918,14.3,14.3,14,14,182,0
20130919,14,14.3,13.9,14.07,10433,0
20130920,13.99,14.3,13.99,14.3,2632,0
20130923,14.2,14.2,13.92,14.2,5669,0
20130924,14.2,14.2,14,14,105,0
20130925,14.1,14.19,14,14,157,0
20130926,14,14.69,14,14.3,73420,0
20130927,15.7,16.08,15.14,15.9,6938,0
20130930,16.95,17.9,16.12,16.12,6461,0
20131001,16.12,16.3,16.12,16.3,696,0
20131002,16.31,17.94,16.31,16.5,3910,0
20131003,16.3,17.79,16.1,16.1,26754,0
20131004,15.2,16.34,15.2,16.1,1344,0
20131007,16.1,16.1,16,16.1,979,0
20131008,16.1,16.1,15.01,15.9,5629,0
20131009,15.9,17.4,15.1,17.4,239,0
20131010,17.4,18,15.9,18,4610,0
20131011,17.9,17.9,17.02,17.08,1910,0
20131014,17.2,17.39,16.62,16.76,1306,0
20131015,16.76,17.1,16.75,17.1,1043,0
20131016,16.71,16.85,16.5,16.85,3185,0
20131017,16.4,18,16.4,17.5,39002,0
20131018,17.6,17.9,17.5,17.79,352,0
20131021,17,17.95,17,17.9,210,0
20131022,17.9,18.99,17.7,18.9,4484,0
20131023,18.9,18.9,18.55,18.55,7049,0
20131024,18.55,18.89,18.55,18.56,381,0
20131025,18.56,18.56,18.02,18.02,12911,0
20131028,18,18.44,18,18.02,1764,0
20131029,18.5,20.16,18.21,19.7,37319,0
20131030,20.01,21.58,19.71,20.5,16341,0
20131031,19.76,21,19.08,21,5458,0
20131104,20.08,20.76,20.01,20.7,656,0
20131105,20.4,20.7,19.7,20,2619,0
20131106,19.8,20.49,19.8,20.49,403,0
20131107,20.49,20.69,19.81,20.69,1218,0
20131108,20.6,20.6,20.1,20.16,1051,0
20131112,20.16,20.39,19.7,20.2,328,0
20131113,20.2,20.24,19.1,19.1,876,0
20131114,18.16,19,18.15,18.5,50707,0
20131115,19.04,19.94,18.82,19.6,2163,0
20131118,20.39,20.39,19.6,19.7,252,0
20131119,19.7,20.49,19.7,20.49,363,0
20131120,20.5,20.5,19.9,20.49,83,0
20131121,20.2,20.4,19.92,20,50407,0
20131122,20,20.1,20,20.1,484,0
20131125,20.1,20.35,20.1,20.35,165,0
20131126,20.5,20.55,20.1,20.55,920,0
20131127,20.56,20.56,20.5,20.5,351,0
20131128,20.38,20.38,19.55,20.25,2172,0
20131129,20.25,21,19.8,21,1727,0
20131202,21.1,21.8,21.1,21.39,12236,0
20131203,21.41,21.41,20.3,21.27,1662,0
20131204,20.3,21.5,20,21.23,2352,0
20131205,21.45,21.45,20.62,21.1,877,0
20131206,20.72,20.87,20.4,20.65,747,0
20131209,20.25,21,19,20.11,8277,0
20131210,20.99,20.99,19.61,20.3,372,0
20131211,19.61,20.4,19.61,20.01,5978,0
20131212,20,21,20,21,3230,0
20131213,20.3,21.1,20.3,21.1,1146,0
20131216,20.5,21,20.15,20.5,5241,0
20131217,20.33,20.6,20.1,20.2,523,0
20131218,20.1,20.4,20,20.4,1572,0
20131219,20.06,21.4,20.06,20.59,15462,0
20131220,20.25,21,19.1,20,5765,0
20131223,19.67,20.58,19.66,20.57,910,0
20131227,20.6,20.96,20,20.95,318,0
20131230,20.5,22,20.5,21.7,35543,0
20140102,21.9,21.9,20,20.8,11381,0
20140103,21.69,21.69,20.2,20.2,4215,0
20140107,20.94,20.94,20.1,20.1,1275,0
20140108,20.1,20.1,18.6,19.3,4915,0
20140109,19.03,19.5,19.03,19.1,1115,0
20140110,19.02,19.19,18.27,19.19,1418,0
20140113,19.2,19.4,19,19.4,233,0
20140114,19.35,19.8,18.5,19.8,6912,0
20140115,19.8,20.2,19.45,20.15,62,0
20140116,20,20.5,20,20.5,1973,0
20140117,20.03,20.49,19.6,20.49,1376,0
20140120,20.25,21,20,21,3516,0
20140121,21.05,21.78,20.54,21.47,15535,0
20140122,21.81,22,21.33,21.33,7909,0
20140123,21.3,21.4,20.59,21.3,5903,0
20140124,21.3,21.65,20.61,20.99,35649,0
20140127,20.52,20.78,20,20.01,2460,0
20140128,20.01,20.8,20.01,20.8,740,0
20140129,20.89,20.89,20,20.34,3849,0
20140130,20.35,21.49,20.03,21.49,6070,0
20140131,21.49,21.95,20.9,21.95,8101,0
20140203,21.48,21.9,20.87,21,36948,0
20140204,20.99,21.25,20.78,21.25,441,0
20140205,21,21,20.9,20.9,5697,0
20140206,20.92,21.89,20.91,21.03,8784,0
20140207,21.8,21.8,20.94,20.94,25133,0
20140210,20.94,21,20.9,21,39587,0
20140211,21,21.5,20.89,21,65235,0
20140212,21,21,20.93,21,2721,0
20140213,20.93,21.24,20.5,21.18,3014,0
20140214,21.18,21.18,21,21.18,582,0
20140217,21,21.14,20.95,21,24104,0
20140218,21,21.2,21,21,62276,0
20140219,21,21.05,20.95,21.05,22366,0
20140220,21.05,21.05,20.58,20.58,1155,0
20140221,20.78,21.05,20.78,21.05,1118,0
20140224,21.05,21.2,21,21,24959,0
20140225,21,21.54,20.82,21,31687,0
20140226,21.01,21.05,20.36,20.36,28539,0
20140227,20.36,20.84,20.3,20.79,4345,0
20140228,20.44,21,20.41,21,6192,0
20140303,19.71,20.49,19.66,20.2,4314,0
20140304,20.4,20.4,20,20.2,2079,0
20140305,20,20.23,20,20.23,475,0
20140306,19.8,20.1,19.8,20,7120,0
20140307,20,20,19.75,19.75,822,0
20140310,19.69,19.7,19.14,19.14,3039,0
20140311,19.3,19.3,18.52,19.14,2081,0
20140312,19.2,19.2,18.76,19,926,0
20140313,18.9,19,18.71,18.8,862,0
20140314,18.66,18.66,17.1,18.5,7840,0
20140317,18.7,18.99,18.6,18.99,294,0
20140318,18.03,19.1,18.03,19.1,181,0
20140319,19.1,19.1,18.05,18.6,1337,0
20140320,18.6,18.6,16.8,17.77,5179,0
20140321,18.99,18.99,17.05,17.05,12738,0
20140324,17.06,17.3,16.7,17,1534,0
20140325,17.1,18.5,17.1,18.44,30144,0
20140326,18.3,18.5,18.04,18.5,957,0
20140327,18.5,18.5,18.5,18.5,222,0
20140328,18.5,18.5,18.5,18.5,230,0
20140331,18.5,18.99,18.5,18.99,756,0
20140401,19.4,19.55,19,19,3135,0
20140402,19,19.3,19,19.3,516,0
20140403,19.3,19.3,19.11,19.11,314,0
20140404,19.3,19.8,19.3,19.8,2718,0
20140407,19.8,19.85,19.75,19.8,707,0
20140408,19.5,19.79,19.5,19.79,49,0
20140409,19.79,19.79,19,19.7,280,0
20140410,19.79,19.79,19.71,19.78,497,0
20140411,19.78,19.79,19.27,19.79,160,0
20140414,19.4,19.4,18.35,18.35,2835,0
20140415,18.36,19.1,18.36,19.1,40,0
20140416,19.1,19.1,18.15,18.15,660,0
20140417,18.17,18.88,18.17,18.3,326,0
20140422,18.49,18.69,17.53,18.69,1144,0
20140423,18.7,18.88,18,18,1205,0
20140424,18.49,18.49,18,18,123,0
20140425,18,18,17.4,17.5,1484,0
20140428,17.41,17.41,17.4,17.4,545,0
20140429,17.24,18.3,17.24,18.3,697,0
20140430,18.35,19.2,18.35,19,6111,0
20140502,19,19,18.11,19,827,0
20140505,19.4,19.4,18.6,19.2,918,0
20140506,19.75,20.3,18.7,19.14,9123,0
20140507,19.1,19.14,18.77,18.99,2324,0
20140508,19,19,18.15,18.16,5080,0
20140509,18.18,18.8,18.02,18.11,38526,0
20140512,18.11,18.8,18.11,18.7,715,0
20140513,18.7,19,18.7,18.78,2789,0
20140514,19.1,19.19,18.7,19,1968,0
20140515,19.25,19.4,18.56,18.56,3550,0
20140516,19,19,18.5,18.98,1633,0
20140519,18.98,18.98,18.46,18.52,180,0
20140520,18.45,19.05,18.45,19.05,1106,0
20140521,19.05,19.05,18.7,19,165,0
20140522,19.46,19.46,18.7,18.99,1058,0
20140523,18.95,19.3,18.92,19.1,668,0
20140526,19.25,19.5,19.25,19.49,1465,0
20140527,19.45,19.45,19.25,19.45,942,0
20140528,19.45,19.45,19.15,19.44,1257,0
20140529,19.44,19.44,19.11,19.43,455,0
20140530,19.44,20,19.2,19.6,11520,0
20140602,19.5,19.8,19.2,19.2,4823,0
20140603,19.34,19.78,19.2,19.5,510,0
20140604,19.5,19.66,19.5,19.66,158,0
20140605,19.69,19.69,19.1,19.69,327,0
20140606,19.6,19.68,19.3,19.58,1158,0
20140609,19.73,19.76,19.15,19.76,257,0
20140610,19.7,19.7,19.7,19.7,3,0
20140611,19.77,19.77,19.5,19.5,38,0
20140612,19.5,19.7,19.47,19.7,294,0
20140613,19.04,19.35,19,19.35,1595,0
