Date,Open,High,Low,Close,Volume,OpenInt
20050711,8.8744,8.8744,8.5251,8.6951,27753,0
20050712,8.7895,8.7895,8.5251,8.6101,60197,0
20050713,8.6101,8.6951,8.5723,8.6951,8563,0
20050714,8.5723,8.6951,8.5723,8.6101,5295,0
20050715,8.6951,8.6951,8.6101,8.6101,2095,0
20050718,8.5723,8.6101,8.4402,8.5251,1157,0
20050719,8.2702,8.5251,8.2702,8.4402,630,0
20050720,8.3552,8.393,8.1853,8.2702,6029,0
20050721,8.3552,8.393,8.1853,8.3552,3062,0
20050722,8.3552,8.393,8.223,8.223,605,0
20050725,8.4874,8.6101,8.4874,8.6101,1054,0
20050726,8.6101,8.6101,8.6101,8.6101,3009,0
20050727,8.6101,8.6101,8.6101,8.6101,11,0
20050728,8.393,8.5723,8.393,8.5723,696,0
20050729,8.6101,8.6101,8.6101,8.6101,5544,0
20050801,8.6573,8.6573,8.6101,8.6101,8812,0
20050802,8.6101,8.6573,8.6101,8.6573,946,0
20050803,8.6101,8.6101,8.6101,8.6101,8903,0
20050804,8.6101,8.6573,8.6101,8.6573,18497,0
20050805,9.3842,9.3842,8.6951,9.1765,76176,0
20050808,9.2615,9.601,9.1293,9.3842,34501,0
20050809,9.2993,9.2993,8.9122,9.1293,15185,0
20050810,8.9972,9.1293,8.8744,9.1293,6244,0
20050811,8.9594,8.9972,8.8272,8.9122,7018,0
20050812,8.9122,8.9972,8.7895,8.8272,3877,0
20050816,8.8744,8.9972,8.8272,8.9972,2893,0
20050817,8.9594,9.0444,8.6573,9.0444,10059,0
20050818,9.0444,9.0444,9.0444,9.0444,22,0
20050819,9.0444,9.2993,8.9594,9.1293,15550,0
20050822,9.1293,9.1293,8.8744,8.8744,6211,0
20050823,8.9594,8.9594,8.8744,8.9122,1698,0
20050824,8.9122,8.9594,8.9122,8.9594,522,0
20050825,8.9972,8.9972,8.9594,8.9972,1424,0
20050826,8.9594,9.1293,8.8744,9.1293,4597,0
20050829,9.0821,9.0821,9.0821,9.0821,22,0
20050830,9.0821,9.4787,9.0821,9.1765,69708,0
20050831,9.0444,9.2993,9.0444,9.1293,3424,0
20050901,9.2143,9.2143,9.0821,9.1765,5261,0
20050902,9.2143,9.2143,9.2143,9.2143,6,0
20050905,9.2143,9.4787,9.2143,9.3842,15799,0
20050906,9.1293,9.3842,9.0821,9.2993,10267,0
20050907,9.1765,9.2993,9.1765,9.2993,290,0
20050908,9.2143,9.2993,9.2143,9.2993,2663,0
20050909,9.2993,9.3465,9.2993,9.3465,1393,0
20050912,9.3465,9.3465,9.1765,9.3465,2730,0
20050913,9.2993,9.2993,9.2143,9.2143,2078,0
20050914,9.2993,9.2993,9.2993,9.2993,316,0
20050915,9.1293,9.2993,9.1293,9.2993,8252,0
20050916,9.1765,9.4315,9.1765,9.4315,9781,0
20050919,9.4787,9.4787,9.2993,9.4315,2672,0
20050920,9.3465,9.3842,9.2143,9.3842,10174,0
20050921,9.4315,10.593,9.4315,10.593,64162,0
20050922,10.763,10.763,9.904,9.951,10255,0
20050923,10.158,10.158,9.601,10.036,4387,0
20050926,9.951,10.338,9.951,10.338,6794,0
20050927,10.206,10.291,10.073,10.291,6320,0
20050928,10.338,10.593,10.291,10.376,5919,0
20050929,10.291,10.338,10.158,10.338,2310,0
20050930,10.338,10.81,10.338,10.678,44409,0
20051003,10.98,11.112,10.338,10.725,14362,0
20051004,10.508,10.763,10.508,10.678,4421,0
20051005,10.678,11.499,10.678,11.282,29257,0
20051006,11.027,11.15,10.678,10.942,19965,0
20051007,10.763,11.197,10.678,11.197,3835,0
20051010,11.631,11.631,11.065,11.537,14222,0
20051011,11.971,12.226,11.631,12.103,37985,0
20051012,12.443,12.49,11.801,12.273,22300,0
20051013,12.226,12.32,11.801,12.32,8456,0
20051014,11.886,12.358,11.886,12.273,5601,0
20051017,12.575,12.575,12.141,12.358,5115,0
20051018,12.575,12.915,11.886,12.103,10635,0
20051019,12.405,12.66,11.971,12.49,6696,0
20051020,12.49,12.707,12.32,12.575,14143,0
20051021,12.49,12.49,11.801,11.801,17950,0
20051024,11.839,12.188,11.452,11.801,11661,0
20051025,11.716,11.971,11.537,11.971,5513,0
20051026,11.631,12.056,11.631,11.971,6961,0
20051027,11.631,11.886,11.537,11.631,8360,0
20051028,11.414,11.886,11.414,11.839,2715,0
20051031,11.584,11.971,11.499,11.801,4159,0
20051102,12.056,12.056,11.801,11.801,4542,0
20051103,12.141,12.32,11.716,11.839,13524,0
20051104,11.716,11.716,11.329,11.499,15737,0
20051107,11.112,11.669,11.027,11.197,8049,0
20051108,11.367,11.367,10.338,10.64,10728,0
20051109,10.291,10.763,10.291,10.461,8327,0
20051110,10.461,10.678,10.461,10.461,3612,0
20051114,10.423,10.461,10.073,10.338,8714,0
20051115,10.593,10.64,10.508,10.64,2730,0
20051116,10.725,10.98,10.725,10.725,6246,0
20051117,10.895,10.98,10.895,10.98,2522,0
20051118,10.763,10.942,10.678,10.895,4163,0
20051121,10.508,10.81,10.508,10.763,1223,0
20051122,10.763,10.763,10.338,10.593,6185,0
20051123,10.423,10.508,10.253,10.376,9857,0
20051124,10.338,10.763,10.338,10.678,5255,0
20051125,10.763,10.98,10.763,10.942,1939,0
20051128,10.555,11.197,10.508,11.197,4351,0
20051129,10.942,11.414,10.763,11.329,6147,0
20051130,11.367,11.367,11.197,11.367,1088,0
20051201,11.367,11.414,11.282,11.367,2122,0
20051202,11.367,11.367,11.112,11.282,4226,0
20051205,11.197,11.282,10.942,11.197,7346,0
20051206,11.197,11.197,11.027,11.112,5394,0
20051207,11.027,11.027,10.942,11.027,3263,0
20051208,11.367,11.367,10.98,11.112,164,0
20051209,11.282,11.537,11.112,11.197,5107,0
20051212,11.197,11.282,11.197,11.282,2105,0
20051213,11.414,11.414,11.329,11.414,3833,0
20051214,11.452,11.716,11.197,11.716,12755,0
20051215,11.801,11.886,11.631,11.716,7077,0
20051216,11.631,11.631,11.197,11.197,9182,0
20051219,11.329,11.499,11.197,11.452,5280,0
20051220,11.537,11.537,11.367,11.367,432,0
20051221,11.367,11.452,11.367,11.367,3243,0
20051222,11.367,11.367,11.244,11.367,998,0
20051223,11.414,11.537,11.367,11.414,1405,0
20051227,11.499,11.537,11.329,11.537,389,0
20051228,11.452,11.584,11.282,11.584,2420,0
20051229,11.414,11.631,11.367,11.631,359,0
20051230,11.499,11.631,11.367,11.631,5468,0
20060102,11.631,11.631,11.631,11.631,117,0
20060103,11.754,11.754,11.537,11.537,2481,0
20060104,11.537,11.754,11.537,11.716,10933,0
20060105,11.716,11.971,11.631,11.886,16770,0
20060106,11.801,12.226,11.801,12.141,6491,0
20060109,12.056,12.226,11.716,12.103,6276,0
20060110,11.886,12.141,11.886,12.056,2418,0
20060111,12.103,12.188,12.103,12.141,12281,0
20060112,12.188,12.32,12.188,12.32,5595,0
20060113,12.49,13.265,12.32,12.962,30630,0
20060116,13.265,13.519,13.132,13.434,15363,0
20060117,13.349,13.349,12.66,13.349,13383,0
20060118,13.01,13.01,12.745,12.745,8695,0
20060119,12.49,13.095,11.631,12.915,8122,0
20060120,12.575,12.83,12.528,12.83,2554,0
20060123,12.83,13.18,12.83,13.095,7563,0
20060124,13.18,13.349,13.18,13.18,8885,0
20060125,13.302,13.784,13.18,13.784,6212,0
20060126,14.086,14.294,14.039,14.086,13643,0
20060127,13.954,13.954,13.954,13.954,34,0
20060130,13.349,13.699,13.01,13.01,875,0
20060131,13.01,13.01,12.83,12.83,15182,0
20060201,12.273,12.66,12.273,12.66,1185,0
20060202,12.707,12.915,12.49,12.49,2338,0
20060203,12.575,12.575,12.056,12.103,4603,0
20060206,12.273,12.273,11.754,11.971,2739,0
20060207,12.358,12.66,11.801,12.443,4795,0
20060208,12.141,12.745,11.933,12.707,4526,0
20060209,12.83,13.265,12.66,13.217,4615,0
20060210,13.217,13.434,12.915,13.095,5941,0
20060213,13.349,13.349,13.132,13.132,124,0
20060214,13.132,13.434,12.83,13.397,3170,0
20060215,12.915,13.132,12.792,12.83,5004,0
20060216,12.83,12.83,12.49,12.745,2884,0
20060217,12.575,12.877,12.575,12.877,711,0
20060220,12.358,13.095,12.32,13.095,3757,0
20060221,12.707,12.915,12.66,12.707,674,0
20060222,12.745,12.915,12.707,12.915,3224,0
20060223,12.575,13.047,12.528,13.047,2792,0
20060224,12.915,13.095,12.915,13.095,47214,0
20060227,13.047,13.047,12.83,12.915,4211,0
20060228,12.49,13.349,12.49,13.349,12165,0
20060301,13.349,13.349,12.915,13.047,1660,0
20060302,12.915,13.047,12.915,13.047,413,0
20060303,13.18,13.18,12.66,13.01,262,0
20060306,12.962,13.01,12.962,13.01,175,0
20060307,12.915,13.01,12.49,12.66,1268,0
20060308,12.49,12.66,12.358,12.66,2903,0
20060309,12.141,12.49,12.141,12.49,3129,0
20060310,12.405,13.047,12.405,13.047,2883,0
20060313,12.83,13.132,12.83,13.132,5161,0
20060314,13.132,13.604,13.132,13.604,10086,0
20060315,13.699,13.784,13.349,13.349,1479,0
20060316,13.604,13.699,13.519,13.519,3933,0
20060317,13.737,13.784,13.132,13.482,4502,0
20060320,13.482,13.519,13.482,13.519,587,0
20060321,13.132,13.519,12.962,12.962,791,0
20060322,12.915,13.302,12.915,13.302,44,0
20060323,13.18,13.349,13.18,13.349,1525,0
20060324,13.349,13.519,13.349,13.434,8517,0
20060327,13.132,13.217,12.915,13.18,1432,0
20060328,13.18,13.349,13.18,13.18,2844,0
20060329,12.915,13.047,12.83,13.047,923,0
20060330,13.349,13.349,13.047,13.047,57,0
20060331,13.047,13.047,12.915,13.047,9868,0
20060403,13.397,13.397,12.915,12.915,583,0
20060404,13.095,13.302,12.915,13.18,4195,0
20060405,13.18,13.18,13.095,13.18,1234,0
20060406,13.349,13.434,13.132,13.132,205,0
20060407,13.349,13.434,13.095,13.349,2646,0
20060410,13.434,13.604,13.349,13.349,7699,0
20060411,13.349,13.434,13.095,13.434,817,0
20060412,13.567,13.567,13.349,13.519,1692,0
20060413,13.567,14.643,13.567,14.643,20076,0
20060418,14.558,14.558,14.039,14.558,3559,0
20060419,14.596,14.596,14.558,14.558,117,0
20060420,14.209,14.473,14.209,14.473,487,0
20060421,14.086,14.426,13.954,14.426,1397,0
20060424,14.426,14.983,14.124,14.775,6892,0
20060425,15.068,15.502,14.813,15.464,49969,0
20060426,15.417,15.417,15.417,15.417,296,0
20060427,15.502,15.936,15.502,15.502,2205,0
20060428,15.757,16.965,14.728,16.276,60711,0
20060502,16.361,16.71,15.936,16.71,1048,0
20060504,16.71,16.71,16.446,16.446,2537,0
20060505,16.021,16.106,15.502,16.106,4583,0
20060508,16.276,16.276,15.502,15.672,23818,0
20060509,15.672,15.936,15.672,15.936,1881,0
20060510,15.587,16.021,15.587,16.021,4271,0
20060511,16.021,16.71,16.021,16.71,24026,0
20060512,16.625,16.748,16.276,16.361,2099,0
20060515,16.191,16.323,15.936,16.323,1828,0
20060516,15.502,16.54,15.502,16.54,17911,0
20060517,16.54,16.54,15.587,16.54,1124,0
20060518,15.889,16.54,15.719,16.361,1479,0
20060519,16.446,16.54,16.361,16.54,281,0
20060522,16.625,16.748,15.851,16.191,3555,0
20060523,15.502,16.361,12.915,16.021,6490,0
20060524,15.417,16.191,15.417,15.936,2661,0
20060525,15.332,16.106,15.332,16.106,150,0
20060526,16.191,16.191,15.719,15.719,40696,0
20060529,16.059,16.059,16.059,16.059,58,0
20060530,16.021,16.059,15.974,16.059,65,0
20060531,15.332,16.059,15.332,15.719,925,0
20060601,15.719,15.719,15.719,15.719,179,0
20060602,15.672,15.936,15.672,15.889,3898,0
20060606,15.417,15.851,15.332,15.851,5396,0
20060607,15.502,15.502,15.502,15.502,1,0
20060608,14.643,15.332,14.643,15.332,780,0
20060609,15.502,15.502,15.068,15.068,131,0
20060612,12.915,15.247,12.915,13.01,1308,0
20060613,11.933,14.558,11.933,13.519,48483,0
20060614,13.519,13.519,13.519,13.519,3183,0
20060616,14.388,14.643,13.784,13.784,9891,0
20060619,14.558,14.558,14.558,14.558,29,0
20060620,15.068,15.332,15.068,15.247,1812,0
20060621,14.643,14.898,14.341,14.643,1532,0
20060622,14.643,14.643,14.643,14.643,158,0
20060623,14.728,14.728,14.643,14.643,228,0
20060626,14.558,14.643,14.558,14.643,974,0
20060627,15.068,15.332,14.728,14.728,2556,0
20060629,15.247,15.502,15.247,15.502,4993,0
20060630,15.672,15.936,15.672,15.889,4860,0
20060703,16.323,16.323,15.974,15.974,151,0
20060704,15.719,16.106,15.719,16.106,174,0
20060705,16.191,16.191,15.851,16.153,293,0
20060706,15.549,15.851,15.549,15.851,3312,0
20060707,16.191,16.323,16.191,16.323,1785,0
20060710,15.936,16.748,15.936,16.748,1638,0
20060711,16.748,16.748,16.361,16.446,18561,0
20060712,16.446,16.446,16.361,16.446,13263,0
20060713,16.748,16.748,16.493,16.493,397,0
20060717,16.493,16.493,16.446,16.446,1892,0
20060718,16.191,16.191,16.191,16.191,92,0
20060719,16.191,16.191,16.191,16.191,11105,0
20060720,16.493,16.493,16.493,16.493,214,0
20060721,15.974,16.361,15.936,16.361,4275,0
20060725,16.191,16.191,15.804,15.936,394,0
20060726,15.757,16.106,15.502,16.106,2576,0
20060727,16.191,16.191,15.804,15.804,698,0
20060728,15.672,15.672,15.672,15.672,42,0
20060801,15.672,15.672,15.672,15.672,115,0
20060802,15.464,15.464,15.464,15.464,18,0
20060803,15.502,15.502,15.502,15.502,22,0
20060807,15.502,15.502,15.502,15.502,740,0
20060808,15.587,15.587,15.502,15.587,4452,0
20060809,15.502,15.502,15.502,15.502,255,0
20060810,15.587,15.587,15.587,15.587,23221,0
20060811,15.757,15.757,15.502,15.502,2231,0
20060814,15.417,15.417,15.417,15.417,964,0
20060816,15.417,15.417,15.417,15.417,511,0
20060817,14.813,14.898,14.813,14.898,2809,0
20060818,14.643,15.502,14.643,15.417,1127,0
20060821,15.417,15.417,15.417,15.417,641,0
20060822,15.332,15.332,15.332,15.332,139,0
20060823,15.068,15.068,15.068,15.068,185,0
20060824,15.068,15.068,15.068,15.068,2442,0
20060825,14.983,14.983,14.983,14.983,11,0
20060828,14.983,14.983,14.209,14.209,254,0
20060829,14.256,14.256,14.256,14.256,347,0
20060830,14.341,14.341,14.341,14.341,2435,0
20060831,14.388,14.388,14.388,14.388,11,0
20060901,14.209,14.209,14.209,14.209,11,0
20060904,14.114,14.983,14.114,14.983,2546,0
20060905,14.983,15.672,14.983,15.672,1421,0
20060906,16.106,16.106,16.106,16.106,11,0
20060907,15.502,15.634,15.068,15.068,3553,0
20060908,15.408,15.408,15.408,15.408,92,0
20060911,15.559,15.559,15.559,15.559,17,0
20060912,15.568,16.097,15.568,16.097,728,0
20060913,16.097,16.153,16.021,16.153,4239,0
20060914,16.201,16.54,15.974,15.974,658,0
20060915,16.059,16.701,16.059,16.701,17,0
20060918,16.701,16.701,16.361,16.361,368,0
20060920,15.955,15.955,15.936,15.936,646,0
20060922,15.162,16.182,15.162,16.182,1079,0
20060925,16.182,16.182,15.851,15.851,637,0
20060926,15.851,15.851,15.851,15.851,115,0
20060927,15.851,15.851,15.851,15.851,115,0
20060928,15.851,16.191,15.851,16.191,164,0
20060929,16.361,16.71,16.361,16.71,642,0
20061002,16.748,16.748,16.71,16.71,174,0
20061003,16.625,16.625,16.625,16.625,22,0
20061004,16.625,16.625,16.625,16.625,34,0
20061005,16.625,16.625,16.54,16.54,34,0
20061006,16.361,16.361,15.351,15.351,719,0
20061009,15.936,15.936,15.068,15.332,4163,0
20061010,15.662,15.662,15.068,15.077,2802,0
20061011,15.672,15.672,15.672,15.672,11,0
20061012,15.502,15.672,15.502,15.672,484,0
20061013,15.672,15.672,15.672,15.672,29,0
20061016,15.662,15.662,14.992,15.002,569,0
20061017,15.634,15.634,15.068,15.068,127,0
20061018,15.634,15.672,15.634,15.672,1137,0
20061019,15.936,15.936,15.757,15.757,1103,0
20061020,16.097,16.116,15.974,16.106,1116,0
20061023,16.106,16.106,15.502,15.549,610,0
20061024,16.078,16.078,15.549,15.549,196,0
20061025,15.851,15.851,15.851,15.851,879,0
20061026,16.078,16.625,16.078,16.625,8524,0
20061027,16.748,16.748,16.333,16.739,498,0
20061030,16.71,16.748,16.625,16.748,1481,0
20061031,16.408,16.408,16.191,16.361,4078,0
20061102,16.106,16.106,15.927,15.936,3886,0
20061103,15.502,16.182,15.502,15.549,2315,0
20061106,15.502,15.804,15.153,15.804,1230,0
20061107,15.162,15.2,15.162,15.162,19285,0
20061108,15.162,15.162,15.162,15.162,8592,0
20061109,15.068,15.068,14.898,14.898,1624,0
20061110,14.86,14.86,14.643,14.643,916,0
20061113,15.115,15.115,14.369,14.643,3771,0
20061114,14.633,14.643,14.633,14.643,249,0
20061115,14.209,14.643,14.039,14.303,2965,0
20061116,14.511,14.803,14.303,14.303,2754,0
20061117,13.954,14.388,13.954,14.209,838,0
20061120,14.388,14.388,14.388,14.388,160,0
20061121,14.124,14.633,14.039,14.633,2235,0
20061122,14.662,14.681,14.209,14.388,5872,0
20061123,14.209,14.596,14.209,14.209,2911,0
20061124,14.209,15.275,14.209,14.728,102887,0
20061127,14.851,15.464,14.851,15.068,64005,0
20061128,15.068,15.332,15.068,15.332,696,0
20061129,15.323,15.332,14.983,14.983,1821,0
20061130,14.983,15.068,14.983,15.068,729,0
20061201,15.068,15.162,15.068,15.068,272,0
20061204,15.417,15.417,15.03,15.417,3814,0
20061205,15.417,15.936,15.068,15.842,4594,0
20061206,15.332,15.672,15.077,15.672,1587,0
20061207,15.096,15.908,15.096,15.908,11329,0
20061208,15.719,15.719,15.228,15.228,1416,0
20061211,15.172,15.417,14.067,15.417,3833,0
20061212,15.493,15.493,14.473,14.473,3987,0
20061213,14.643,14.643,14.473,14.643,1384,0
20061214,14.209,14.209,14.209,14.209,267,0
20061215,14.086,14.086,13.349,14.086,2315,0
20061218,14.076,14.076,13.784,13.944,701,0
20061219,13.869,13.869,13.869,13.869,638,0
20061220,13.944,14.039,13.349,14.039,2506,0
20061221,14.039,14.086,13.869,13.869,292,0
20061222,13.869,13.954,13.869,13.954,1463,0
20061227,14.124,14.124,14.124,14.124,384,0
20061228,13.699,13.699,13.699,13.699,42,0
20061229,14.652,14.652,13.944,13.954,2308,0
20070102,14.379,15.502,14.379,15.115,7294,0
20070103,14.681,14.681,14.643,14.643,1277,0
20070104,14.209,14.209,14.199,14.199,1161,0
20070105,13.699,13.699,12.925,13.595,2743,0
20070108,13.737,13.784,13.737,13.774,1843,0
20070109,14.152,14.171,13.784,13.784,6223,0
20070110,13.784,13.793,13.434,13.434,1012,0
20070111,13.774,13.954,13.434,13.954,4400,0
20070112,13.623,14.19,13.623,14.19,1573,0
20070115,14.19,14.558,14.19,14.558,537,0
20070116,14.615,15.068,14.209,15.068,5064,0
20070117,15.068,15.068,14.973,15.068,2175,0
20070118,15.068,15.068,14.558,14.577,4412,0
20070119,14.312,14.312,14.312,14.312,11,0
20070122,14.303,14.473,13.822,14.473,3738,0
20070123,14.209,14.209,13.954,13.954,2205,0
20070124,14.369,14.369,13.963,13.963,1415,0
20070125,13.973,13.973,13.652,13.944,2847,0
20070126,14.105,14.284,13.944,14.284,252,0
20070129,14.36,14.36,14.275,14.275,177,0
20070130,14.379,14.379,14.086,14.275,1252,0
20070131,14.379,14.567,13.784,14.256,1607,0
20070201,13.737,14.02,13.737,14.02,499,0
20070202,14.19,14.246,14.19,14.246,1029,0
20070205,14.426,14.426,13.784,14.209,587,0
20070206,13.793,14.058,13.784,14.058,1151,0
20070207,14.152,14.152,13.784,14.02,514,0
20070208,13.859,13.906,13.784,13.906,2068,0
20070209,14.039,14.039,14.039,14.039,210,0
20070212,13.604,13.812,13.434,13.812,3710,0
20070213,13.784,13.784,13.604,13.604,7279,0
20070214,13.784,13.784,13.519,13.519,481,0
20070215,14.039,14.039,13.434,13.652,3362,0
20070216,13.652,13.784,12.604,13.397,6474,0
20070219,13.349,13.642,13.349,13.642,1299,0
20070220,13.652,13.925,13.349,13.869,1221,0
20070221,13.349,13.652,13.349,13.652,702,0
20070222,13.359,13.869,13.161,13.349,1756,0
20070223,13.18,13.774,13.18,13.755,3174,0
20070226,13.774,13.906,13.604,13.906,1618,0
20070227,13.604,13.935,13.265,13.482,3441,0
20070228,13.519,13.689,13.01,13.434,1188,0
20070301,13.595,13.595,13.595,13.595,5,0
20070302,13.595,13.604,13.482,13.482,390,0
20070305,13.482,13.482,12.915,13.047,745,0
20070306,13.18,13.472,12.915,13.472,115,0
20070307,13.434,13.472,13.434,13.472,163,0
20070308,13.434,13.472,12.925,13.472,458,0
20070309,13.501,13.519,13.019,13.019,2814,0
20070312,13.434,13.434,12.915,12.915,2616,0
20070313,13.01,13.482,13.01,13.482,1500,0
20070314,13.265,13.482,13.132,13.482,2777,0
20070315,13.652,13.954,13.652,13.954,2409,0
20070316,14.039,14.303,13.878,14.294,2553,0
20070319,14.124,14.898,14.124,14.86,9571,0
20070320,14.501,14.936,14.501,14.596,1886,0
20070321,14.851,14.851,14.586,14.586,1527,0
20070322,14.586,14.643,14.294,14.294,1821,0
20070323,14.237,14.256,14.086,14.086,950,0
20070326,14.294,14.294,14.133,14.294,1514,0
20070327,14.596,14.596,14.426,14.473,504,0
20070328,14.473,14.473,14.473,14.473,2437,0
20070329,14.124,14.294,14.076,14.209,679,0
20070330,14.209,14.209,14.039,14.209,1148,0
20070402,13.888,13.963,13.878,13.888,1276,0
20070403,13.897,14.388,13.897,14.388,29317,0
20070404,14.624,15.936,14.624,15.625,10911,0
20070405,15.615,16.446,14.992,16.446,13956,0
20070410,16.059,16.701,15.757,16.701,13072,0
20070411,16.71,17.041,15.257,16.352,7476,0
20070412,16.692,16.692,15.587,16.144,2510,0
20070413,16.097,16.352,16.097,16.352,3906,0
20070416,15.719,16.182,15.511,16.182,3186,0
20070417,15.851,15.851,15.502,15.851,2335,0
20070418,15.936,15.936,15.606,15.606,6136,0
20070419,15.426,15.578,15.172,15.578,3396,0
20070420,15.662,15.672,15.417,15.662,1467,0
20070423,15.681,16.172,15.681,16.021,2845,0
20070424,16.182,16.182,15.426,15.426,383,0
20070425,16.153,24.112,16.153,23.942,103999,0
20070426,23.942,28.936,21.355,21.705,220204,0
20070427,22.045,23.725,20.166,21.686,92820,0
20070430,22.309,22.309,18.863,19.241,37778,0
20070502,18.948,20.204,18.391,19.373,30408,0
20070504,19.127,19.807,19.118,19.722,14451,0
20070507,19.203,21.45,18.948,20.997,54497,0
20070508,22.828,24.112,21.1,21.1,98490,0
20070509,20.77,21.488,19.816,20.657,36777,0
20070510,20.761,20.761,19.231,19.344,17014,0
20070511,18.778,20.581,17.673,20.581,17967,0
20070514,20.666,20.666,19.911,20.666,9632,0
20070515,19.977,20.411,19.939,20.251,4691,0
20070516,19.939,20.374,19.505,20.374,3452,0
20070517,23.253,24.546,21.1,21.355,76024,0
20070518,20.77,24.546,20.77,22.96,113604,0
20070521,24.499,25.405,23.253,25.151,46318,0
20070522,25.405,27.048,25.066,26.095,37663,0
20070523,26.265,26.954,24.99,25.755,20776,0
20070524,25.49,25.84,24.83,25.726,11537,0
20070525,24.301,25.396,24.301,25.396,10958,0
20070528,25.405,26.01,25.405,25.49,13418,0
20070529,25.169,25.84,24.981,25.283,9606,0
20070530,25.358,25.358,24.461,24.886,5660,0
20070531,24.688,24.848,23.48,23.536,22635,0
20070601,23.819,24.631,23.3,23.621,13748,0
20070604,23.97,24.452,23.215,23.215,12923,0
20070605,22.705,24.159,22.705,24.112,7980,0
20070606,24.112,24.679,23.3,23.612,17941,0
20070608,23.555,23.555,22.479,23.045,9887,0
20070611,23.904,25.321,22.913,24.848,9162,0
20070612,24.792,24.792,24.291,24.376,2909,0
20070613,24.537,24.848,24.112,24.414,5013,0
20070614,24.461,24.546,24.131,24.376,4952,0
20070615,24.603,24.612,23.857,24.546,5821,0
20070618,24.707,24.716,23.904,24.546,19377,0
20070619,24.641,24.764,23.706,23.791,19466,0
20070620,23.876,24.027,21.922,23.413,7590,0
20070621,23.13,23.782,22.564,23.782,7120,0
20070622,23.602,24.499,23.602,24.263,1656,0
20070625,24.263,24.263,23.612,24.169,2678,0
20070626,23.602,24.405,23.602,24.159,1014,0
20070627,24.339,24.339,23.13,23.319,2952,0
20070628,24.169,24.31,23.886,24.122,6824,0
20070629,24.122,24.122,23.697,23.744,3018,0
20070702,21.535,23.121,21.535,22.658,4881,0
20070703,22.658,22.998,22.186,22.847,3142,0
20070704,22.469,23.13,22.186,23.102,839,0
20070705,23.102,23.102,22.507,23.036,370,0
20070706,23.791,23.791,23.225,23.602,6705,0
20070709,23.602,23.602,23.13,23.593,1944,0
20070710,23.593,23.593,22.668,23.083,1702,0
20070711,22.677,22.724,22.469,22.469,1377,0
20070712,22.281,22.941,22.139,22.923,1767,0
20070713,22.281,23.177,22.186,22.941,3633,0
20070716,22.753,22.753,20.959,21.242,6628,0
20070717,21.27,24.433,21.27,23.98,8617,0
20070718,24.027,24.027,22.299,23.98,2181,0
20070719,24.452,24.546,23.895,24.452,1254,0
20070720,23.98,24.074,23.225,23.886,1044,0
20070723,23.791,23.97,22.941,23.97,426,0
20070724,23.602,23.886,23.602,23.886,222,0
20070725,23.13,23.13,22.658,23.13,741,0
20070726,23.036,23.036,21.478,22.111,2753,0
20070727,21.893,21.903,20.959,21.903,2100,0
20070730,21.809,21.809,21.393,21.44,455,0
20070731,22.347,23.13,22.347,23.13,3236,0
20070801,22.658,25.396,22.375,25.396,12117,0
20070802,25.396,25.396,22.894,23.036,14099,0
20070803,23.98,24.055,21.242,22.092,13811,0
20070806,21.082,21.714,19.854,21.044,8268,0
20070807,21.034,21.034,20.204,20.676,6193,0
20070808,20.657,20.657,19.694,20.487,1845,0
20070809,20.657,20.657,19.835,20.194,2696,0
20070810,18.901,18.91,17.013,18.485,6608,0
20070813,18.485,18.835,17.843,18.787,6900,0
20070814,17.938,18.41,17.182,18.127,3169,0
20070816,17.098,17.116,15.323,16.512,10012,0
20070817,16.503,16.503,14.917,15.87,12985,0
20070820,16.342,16.795,16.04,16.522,10718,0
20070821,16.144,16.512,16.144,16.512,964,0
20070822,16.512,18.938,16.144,18.91,4078,0
20070823,18.136,19.354,18.136,19.297,6682,0
20070824,19.127,19.25,18.882,18.929,3483,0
20070827,18.929,19.354,18.929,18.938,4128,0
20070828,18.929,18.929,18.929,18.929,11,0
20070829,17.466,18.835,17.286,18.835,2396,0
20070830,18.882,19.637,18.882,19.326,2712,0
20070831,19.326,19.826,18.617,19.732,1110,0
20070903,19.92,21.148,19.92,20.572,1146,0
20070904,20.61,21.714,20.61,21.61,2693,0
20070905,21.667,22.186,20.912,22.186,2617,0
20070906,21.714,21.714,20.959,21.657,875,0
20070907,21.006,21.242,20.676,21.242,2157,0
20070910,19.826,20.666,19.826,20.666,348,0
20070911,21.233,21.242,20.421,20.421,463,0
20070912,20.761,20.761,19.826,20.279,229,0
20070913,19.637,19.826,19.637,19.826,519,0
20070914,19.354,19.826,19.354,19.826,164,0
20070917,19.259,19.732,18.787,19.732,813,0
20070918,18.986,19.732,18.901,19.732,858,0
20070919,19.732,20.204,19.269,20.204,1414,0
20070920,20.204,20.204,19.071,20.194,861,0
20070921,19.269,20.204,19.269,20.194,1084,0
20070924,19.382,19.713,19.118,19.713,1980,0
20070925,18.882,19.071,18.145,18.599,4589,0
20070926,18.599,19.259,18.599,19.259,336,0
20070927,18.608,19.326,18.608,19.326,74,0
20070928,18.825,18.825,18.297,18.297,297,0
20071001,18.297,19.344,18.297,19.344,541,0
20071002,19.344,19.816,18.504,19.628,1548,0
20071003,19.816,19.816,19.816,19.816,1,0
20071004,18.702,18.787,18.297,18.693,1104,0
20071005,18.882,19.297,18.882,19.278,305,0
20071008,19.288,19.288,19.288,19.288,16,0
20071009,19.288,19.288,18.882,18.882,1789,0
20071010,18.882,19.354,18.872,18.882,16564,0
20071011,18.891,19.524,18.882,18.882,10650,0
20071012,18.41,18.882,18.41,18.882,9761,0
20071015,18.891,19.392,18.429,19.392,5181,0
20071016,19.288,19.288,18.872,18.882,3191,0
20071017,18.882,18.882,18.646,18.872,4801,0
20071018,19.071,19.071,18.419,18.872,1005,0
20071019,18.429,18.872,18.315,18.41,2133,0
20071022,18.297,18.825,17.938,18.825,3578,0
20071023,18.787,19.023,18.787,19.023,5439,0
20071024,19.023,19.023,18.693,18.693,658,0
20071025,18.334,18.882,18.334,18.419,4361,0
20071026,18.693,18.693,18.429,18.429,175,0
20071029,18.835,18.882,18.835,18.882,254,0
20071030,18.872,18.929,18.391,18.872,627,0
20071031,18.967,19.014,18.315,18.315,1819,0
20071102,17.938,18.504,17.938,18.41,1584,0
20071105,17.938,17.938,16.635,17.928,2052,0
20071106,17.088,17.182,16.739,17.182,2323,0
20071107,16.616,16.663,16.087,16.087,1649,0
20071108,15.209,16.031,15.209,16.031,683,0
20071109,16.059,16.644,15.87,16.522,1860,0
20071112,16.248,16.248,16.05,16.05,286,0
20071113,16.333,16.333,15.587,16.238,4080,0
20071114,15.766,16.05,15.71,16.05,833,0
20071115,15.691,15.691,15.105,15.521,1952,0
20071116,14.633,15.096,13.973,15.096,1620,0
20071119,14.633,15.087,14.161,14.161,2502,0
20071120,14.19,14.19,13.028,13.217,12907,0
20071121,13.104,13.217,12.745,13.142,4970,0
20071122,13.019,13.482,13.019,13.482,1254,0
20071123,13.501,14.105,13.501,14.105,958,0
20071126,14.539,14.539,13.123,13.123,1456,0
20071127,13.236,14.256,13.236,14.161,1920,0
20071128,14.067,14.822,13.529,13.822,13258,0
20071129,14.435,14.822,14.029,14.152,6593,0
20071130,14.161,14.35,13.878,14.341,2184,0
20071203,14.397,14.397,13.501,13.973,3772,0
20071204,13.973,14.029,13.519,14.02,2589,0
20071205,14.143,14.143,13.689,14.067,9356,0
20071206,14.143,14.917,13.878,14.633,38922,0
20071207,14.822,15.096,14.397,14.445,20671,0
20071210,14.539,14.775,14.161,14.397,3772,0
20071211,14.067,14.067,13.595,13.642,17231,0
20071212,13.642,13.925,13.236,13.925,659,0
20071213,13.784,13.784,13.595,13.67,3696,0
20071214,13.67,13.68,13.312,13.312,1902,0
20071217,12.877,13.312,12.877,13.312,1197,0
20071218,13.312,13.548,12.792,13.312,12700,0
20071219,12.84,13.161,12.273,12.707,5442,0
20071220,12.283,12.745,12.132,12.273,6549,0
20071221,11.82,12.273,11.707,11.971,22477,0
20071227,11.461,12.575,11.461,12.575,12073,0
20071228,13.066,13.066,12.415,12.887,2100,0
20080102,13.113,13.113,12.283,12.981,414,0
20080103,13.019,13.019,12.273,12.981,83,0
20080104,12.377,12.934,12.273,12.641,978,0
20080107,12.651,12.651,12.179,12.632,1492,0
20080108,11.811,12.604,11.811,12.604,909,0
20080109,11.442,11.99,11.442,11.811,2120,0
20080110,11.424,12.594,10.763,11.424,4139,0
20080111,11.046,11.424,10.772,11.329,1955,0
20080114,10.498,10.763,10.149,10.508,7222,0
20080115,10.574,10.574,9.913,9.913,1614,0
20080116,9.724,9.724,9.1765,9.4409,22222,0
20080117,9.271,10.14,8.9688,9.4409,24108,0
20080118,9.724,9.8,9.2615,9.4409,6897,0
20080121,9.4315,9.4409,8.9688,9.1577,4523,0
20080122,8.78,9.3937,8.78,9.1482,4770,0
20080123,9.4126,9.4126,8.78,9.1293,2608,0
20080124,9.1388,9.913,9.1388,9.913,7461,0
20080125,9.866,10.357,9.819,10.357,6679,0
20080128,10.092,10.857,10.092,10.659,18500,0
20080129,11.188,11.188,11.008,11.008,140,0
20080130,10.687,10.999,10.404,10.951,5509,0
20080131,10.404,10.81,9.932,10.81,3961,0
20080201,11.046,11.046,10.385,10.848,400,0
20080204,10.394,10.951,10.394,10.857,4091,0
20080205,10.394,10.763,10.196,10.385,12941,0
20080206,10.102,10.385,10.102,10.385,1181,0
20080207,10.366,10.366,9.4409,9.8,5138,0
20080208,9.8,9.8,9.4409,9.535,5382,0
20080211,9.752,10.102,9.752,10.102,319,0
20080212,10.102,10.848,10.102,10.848,9068,0
20080213,10.763,10.763,10.385,10.574,39643,0
20080214,10.583,10.659,10.007,10.092,3179,0
20080215,10.602,10.602,9.63,10.064,3782,0
20080218,9.724,10.149,9.724,10.149,300,0
20080219,9.866,10.291,9.866,10.196,2395,0
20080220,10.007,10.253,9.866,9.989,523,0
20080221,10.243,10.243,9.781,10.036,421,0
20080222,9.79,9.809,9.63,9.809,2165,0
20080225,9.819,10.149,9.639,10.092,1205,0
20080226,9.724,9.752,9.4881,9.752,3000,0
20080227,9.809,9.809,9.4409,9.724,3470,0
20080228,9.4692,9.677,8.95,9.4409,4824,0
20080229,9.4315,9.4315,9.0349,9.3937,1464,0
20080303,9.1388,9.3276,8.95,9.1482,2228,0
20080304,9.2521,9.2521,8.7895,8.9405,2734,0
20080305,9.0066,9.0161,8.4968,8.9216,7299,0
20080306,8.8744,8.8744,8.7612,8.7706,1610,0
20080307,8.9405,8.9405,8.5251,8.7706,1966,0
20080310,8.78,8.9594,8.6007,8.9594,1562,0
20080311,8.9405,9.2993,8.6479,8.9688,2278,0
20080312,9.271,9.2804,8.8744,9.2049,3451,0
20080313,9.2898,9.2898,8.6856,9.1482,843,0
20080314,8.9688,9.186,8.9688,9.186,1216,0
20080317,9.1105,9.186,8.9783,9.1105,3402,0
20080318,9.0161,9.186,8.9216,9.1388,1900,0
20080319,9.0633,9.1765,9.0161,9.1482,4781,0
20080320,9.0066,9.0349,8.9783,9.0349,4735,0
20080325,9.1577,9.3465,9.0727,9.337,1597,0
20080326,9.337,9.337,9.1293,9.1577,12793,0
20080327,9.1482,9.1482,9.1482,9.1482,11,0
20080328,8.8839,9.1105,8.8839,8.9877,4676,0
20080331,8.8744,8.8744,8.6384,8.8744,5849,0
20080401,8.78,9.1388,8.78,8.78,4853,0
20080402,9.0255,9.0255,8.6384,8.6856,6043,0
20080403,8.6856,8.6856,8.6007,8.6856,1903,0
20080404,8.6762,8.6762,8.4024,8.5912,1668,0
20080407,8.2608,8.3646,8.2513,8.2513,7436,0
20080408,8.0814,8.2985,7.9964,8.0531,5358,0
20080409,8.2608,8.2608,7.8359,8.072,340,0
20080410,8.0625,8.0625,7.8359,8.0248,3530,0
20080411,7.9964,7.9964,7.8359,7.9209,12146,0
20080414,7.9304,7.9681,7.7793,7.8265,3151,0
20080415,7.7982,7.9304,7.7982,7.7982,8793,0
20080416,7.6943,7.8643,7.6943,7.8076,9027,0
20080417,8.1664,8.1664,7.5716,7.8076,6312,0
20080418,7.7415,7.9209,7.7415,7.7415,1611,0
20080421,7.9304,8.1192,7.6943,7.6943,8509,0
20080422,7.6943,7.6943,7.2128,7.3639,11412,0
20080423,7.5527,7.5527,6.9863,6.9863,22772,0
20080424,6.7219,7.4583,6.7219,6.9107,7024,0
20080425,7.1468,7.1468,6.5142,6.5142,7908,0
20080428,6.6275,6.8824,6.4292,6.5237,1748,0
20080429,6.4953,6.4953,6.1555,6.2215,21240,0
20080430,6.3254,6.3254,6.1743,6.316,12739,0
20080505,6.5142,6.8919,6.2499,6.3254,30476,0
20080506,6.4953,6.4953,6.1555,6.2593,4556,0
20080507,6.3915,6.3915,6.0894,6.1838,103070,0
20080508,6.0422,6.231,6.0422,6.1177,18633,0
20080509,6.231,6.231,6.0705,6.0894,3871,0
20080512,6.2215,6.4104,6.0044,6.1271,12013,0
20080513,6.1366,6.2593,5.9666,5.9666,5789,0
20080514,6.1271,6.2121,5.9006,6.0044,10303,0
20080515,6.0138,6.1838,5.825,5.8628,6377,0
20080516,5.7778,5.7873,4.9565,4.9565,67143,0
20080519,5.0131,5.0792,4.7771,4.7771,116347,0
20080520,4.7488,4.947,4.5316,4.5316,31387,0
20080521,4.6638,4.9093,4.4372,4.8621,57728,0
20080523,4.8809,5.3058,4.8809,5.2869,27381,0
20080526,5.2397,5.5324,5.2397,5.4285,18205,0
20080527,5.4285,5.4285,5.1925,5.1925,5639,0
20080528,5.2775,5.3813,5.1453,5.1925,9531,0
20080529,5.2019,5.268,5.1358,5.2491,50644,0
20080530,5.1925,5.353,5.1925,5.2869,9728,0
20080602,5.353,5.4757,5.3058,5.3058,14199,0
20080603,5.2491,5.2491,5.2397,5.2397,6715,0
20080604,5.2869,5.2869,5.2491,5.2869,3375,0
20080605,5.2869,5.2869,5.1453,5.1453,6355,0
20080606,5.1264,5.2019,5.1264,5.1264,10120,0
20080609,5.1264,5.1264,5.0037,5.0509,4290,0
20080610,4.9093,4.947,4.7204,4.947,6453,0
20080611,5.0226,5.0226,4.7299,4.9093,4431,0
20080612,4.7299,4.8149,4.7204,4.7204,24636,0
20080613,4.8432,4.8809,4.7204,4.8432,10882,0
20080616,4.7771,4.8526,4.7677,4.7677,8774,0
20080617,4.7677,4.8337,4.7677,4.8337,5116,0
20080618,4.8809,4.9281,4.8149,4.8809,4775,0
20080619,4.947,4.947,4.8526,4.9376,222,0
20080620,4.9376,4.9376,4.8337,4.9376,346,0
20080623,4.9376,4.9376,4.7865,4.8149,2760,0
20080624,4.7771,4.9187,4.7299,4.8621,1339,0
20080625,4.8998,4.9281,4.8243,4.8337,1356,0
20080626,4.9281,5.1075,4.9281,5.1075,7426,0
20080627,5.16,5.43,5.13,5.38,11495,0
20080630,6.04,6.04,5.1,5.1,29206,0
20080701,5.19,5.59,5.19,5.52,8745,0
20080702,5.66,5.97,5.64,5.89,23055,0
20080703,5.89,5.95,5.82,5.91,14642,0
20080704,6.2,6.2,5.49,5.49,12978,0
20080707,5.6,5.6,5.19,5.44,9510,0
20080708,5.44,5.44,5.05,5.14,1609,0
20080709,5.12,5.55,5.12,5.55,2117,0
20080710,5.59,5.6,5.25,5.25,1522,0
20080711,5.47,5.5,5.23,5.5,5209,0
20080714,5.5,5.56,5.35,5.35,3408,0
20080715,5.25,5.43,5.24,5.42,2583,0
20080716,5.3,5.3,5.24,5.24,4244,0
20080717,5.43,5.43,5.24,5.4,311,0
20080718,5.43,5.7,5.4,5.6,1337,0
20080721,5.68,5.68,5.52,5.6,1551,0
20080722,5.6,5.6,5.15,5.49,3582,0
20080723,5.45,5.48,5.25,5.48,1510,0
20080724,5.48,5.48,5.2,5.4,2050,0
20080725,5.1,5.38,5.01,5.38,1740,0
20080728,5.33,5.33,5.26,5.29,6291,0
20080729,5.28,5.28,5,5.25,2261,0
20080730,5.21,5.22,5.21,5.22,799,0
20080731,5.23,5.6,5.2,5.5,6546,0
20080801,5.55,5.55,5.27,5.5,574,0
20080804,5.55,5.55,5.3,5.49,715,0
20080805,5.52,5.52,5.26,5.34,673,0
20080806,5.49,5.49,5,5.04,4606,0
20080807,5.05,5.1,5.05,5.05,1086,0
20080808,5.27,5.29,5.06,5.27,2873,0
20080811,5.29,5.33,5.28,5.29,2472,0
20080812,5.29,5.29,5.2,5.2,1140,0
20080813,5.11,5.13,5.11,5.11,2363,0
20080814,5.12,5.19,5.12,5.19,1877,0
20080818,5,5.2,4.91,5.15,5492,0
20080819,5.09,5.09,4.82,4.95,1880,0
20080820,4.72,4.98,4.72,4.89,992,0
20080821,4.98,4.98,4.97,4.97,210,0
20080822,4.97,5.21,4.97,5.21,36034,0
20080825,5.21,5.21,5.11,5.11,329,0
20080826,5.21,5.21,5.01,5.2,22472,0
20080827,5.21,5.21,5.21,5.21,310,0
20080828,5.25,5.25,5,5.21,1031,0
20080829,5.15,5.25,5,5.24,1350,0
20080901,5.25,5.25,5.15,5.15,170,0
20080902,5.24,5.37,5.04,5.25,2913,0
20080903,5.27,5.27,5,5.25,1752,0
20080904,5.26,5.26,5.25,5.25,20,0
20080905,5.2,5.2,5.06,5.06,1170,0
20080908,5.2,5.2,5.19,5.2,330,0
20080909,5.2,5.2,5.06,5.15,83,0
20080910,5.15,5.15,5.03,5.14,731,0
20080911,5.14,5.14,4.72,4.72,8189,0
20080912,4.75,5,4.75,5,5039,0
20080915,4.99,4.99,4.7,4.98,569,0
20080916,4.97,4.97,4.9,4.91,322,0
20080917,4.8,4.8,4.67,4.8,2129,0
20080918,4.54,4.9,4.54,4.84,1092,0
20080919,4.8,4.8,4.75,4.8,2110,0
20080922,4.89,4.89,4.89,4.89,10,0
20080923,4.89,4.89,4.41,4.87,670,0
20080924,4.87,4.87,4.87,4.87,30,0
20080925,4.55,4.87,4.55,4.87,105,0
20080926,4.87,4.87,4.87,4.87,11,0
20080929,4.87,4.87,4.5,4.8,3954,0
20080930,4.46,4.7,4.32,4.69,618,0
20081001,4.7,4.75,4.7,4.75,495,0
20081002,4.57,4.6,4.5,4.6,3021,0
20081003,4.6,4.6,4.6,4.6,20,0
20081006,4.6,4.85,4.41,4.6,1542,0
20081007,4.35,4.65,4.35,4.6,1147,0
20081008,4.2,4.6,4.2,4.6,973,0
20081009,4.6,4.6,4.25,4.5,375,0
20081010,4.2,4.3,4.08,4.2,8833,0
20081013,4.56,4.56,3.85,4.01,2746,0
20081014,4.1,4.2,4.1,4.19,2120,0
20081015,4.3,4.39,4.2,4.39,1918,0
20081016,4.14,4.4,3.92,4.4,4745,0
20081017,4.39,4.49,4.15,4.16,4253,0
20081020,4,4.25,3.76,4.15,10379,0
20081021,4.1,4.1,3.98,4.1,1821,0
20081022,4.13,4.13,3.82,3.82,4926,0
20081023,4.09,4.09,3.6,3.7,17951,0
20081024,3.8,3.8,3.51,3.7,7012,0
20081027,3.4,3.62,3.4,3.6,7482,0
20081028,3.5,3.69,3.24,3.69,7200,0
20081029,3.51,3.7,3.33,3.7,9926,0
20081030,3.98,3.98,3.33,3.7,9352,0
20081031,3.68,3.68,3.4,3.4,9470,0
20081103,3.53,3.53,3.4,3.4,14915,0
20081104,3.48,3.48,3.3,3.39,13468,0
20081105,3.32,3.37,3.15,3.3,7476,0
20081106,3.24,3.36,3.2,3.36,10540,0
20081107,3.36,3.36,3.36,3.36,10,0
20081110,3.26,3.42,3.26,3.42,1622,0
20081112,3.31,3.31,3.31,3.31,2000,0
20081113,3.32,3.32,3.32,3.32,40,0
20081114,3.35,3.55,3.35,3.54,2584,0
20081117,3.54,3.87,3.53,3.87,6898,0
20081118,3.9,3.9,3.63,3.84,549,0
20081119,3.85,4.12,3.85,3.99,2018,0
20081120,4.1,4.1,3.73,3.9,352,0
20081121,3.9,3.98,3.74,3.94,2077,0
20081124,3.98,4.14,3.94,4.14,3961,0
20081125,4.19,4.21,4.01,4.18,196,0
20081126,4.18,4.18,4.15,4.15,47,0
20081127,4.18,4.18,4.13,4.13,15,0
20081128,4.14,4.14,3.75,3.81,450,0
20081201,3.92,3.92,3.7,3.89,2268,0
20081202,3.88,3.88,3.52,3.87,1151,0
20081203,3.86,3.86,3.8,3.8,20,0
20081204,3.81,3.81,3.57,3.79,386,0
20081205,3.76,3.88,3.62,3.84,3390,0
20081208,3.85,4.09,3.8,4.07,1527,0
20081209,4.1,4.1,4,4,139,0
20081210,3.95,3.95,3.82,3.94,910,0
20081211,4.09,4.09,4,4,60,0
20081212,4,4,3.75,3.9,1074,0
20081215,4,4.09,3.9,3.9,61,0
20081216,3.9,3.9,3.9,3.9,5,0
20081217,3.94,4,3.94,3.99,685,0
20081218,4.03,4.03,4,4,10,0
20081219,3.63,3.99,3.63,3.99,67,0
20081222,3.96,3.99,3.61,3.97,1402,0
20081223,3.97,3.97,3.7,3.75,9587,0
20081229,3.75,3.86,3.75,3.85,511,0
20081230,3.85,3.9,3.85,3.9,496,0
20081231,3.96,3.96,3.8,3.96,1510,0
20090105,4.1,4.3,4.01,4.05,11812,0
20090106,4.12,4.35,4.12,4.31,4907,0
20090107,4.33,4.33,4.3,4.3,35,0
20090108,4.33,4.33,4.08,4.29,1010,0
20090109,4.3,4.3,4.3,4.3,25,0
20090112,4.31,4.33,4.3,4.33,115,0
20090113,4.05,4.7,4,4.2,12998,0
20090114,4.25,4.5,4.09,4.32,3896,0
20090115,4.33,4.33,4,4.16,1605,0
20090116,4.09,4.09,3.9,3.9,2026,0
20090119,4.24,4.24,3.9,4.15,1005,0
20090120,4.08,4.08,3.75,4,3665,0
20090121,3.6,3.85,3.6,3.64,5052,0
20090122,3.7,3.86,3.3,3.5,9622,0
20090123,3.5,3.5,3.3,3.5,760,0
20090126,3.49,3.5,3.22,3.4,3081,0
20090127,3.1,3.32,2.76,2.94,28195,0
20090128,2.95,2.95,2.95,2.95,196,0
20090129,2.95,2.95,2.67,2.7,10886,0
20090130,2.9,2.9,2.7,2.77,9864,0
20090202,2.78,2.89,2.72,2.89,3389,0
20090203,2.89,2.89,2.75,2.87,4772,0
20090204,2.9,2.9,2.81,2.9,5840,0
20090205,2.87,2.96,2.83,2.96,11491,0
20090206,2.96,3.15,2.96,3.1,1749,0
20090209,3.12,3.12,3.1,3.1,310,0
20090210,3.1,3.41,2.92,3.2,10452,0
20090211,3,3.15,2.95,3.15,1728,0
20090212,3.13,3.26,3.13,3.26,20,0
20090213,3.26,3.26,2.89,2.89,10711,0
20090216,2.9,3,2.89,3,2024,0
20090217,2.75,2.95,2.75,2.95,8906,0
20090218,3.1,3.1,2.74,2.89,2018,0
20090219,2.89,2.99,2.7,2.99,3622,0
20090220,2.99,2.99,2.99,2.99,10,0
20090223,2.97,3.15,2.97,3.15,3680,0
20090224,2.99,3.12,2.99,3.12,1480,0
20090225,3.12,3.25,3.12,3.12,770,0
20090226,3.12,3.12,3.12,3.12,160,0
20090227,3.01,3.17,2.99,3.17,3841,0
20090302,3.1,3.1,3.1,3.1,20,0
20090303,3,3.1,2.9,3.1,11026,0
20090304,3.1,3.25,3.1,3.25,4117,0
20090305,3.25,3.5,3.25,3.45,1750,0
20090306,3.45,3.45,3.23,3.3,520,0
20090309,3.2,3.35,3.2,3.35,2001,0
20090310,3.35,3.35,3,3.1,1192,0
20090311,3.18,3.25,3.1,3.25,2855,0
20090312,3.25,3.49,3.25,3.45,1723,0
20090313,3.26,3.78,3.26,3.5,2022,0
20090316,3.27,3.49,3.25,3.25,15800,0
20090317,3.34,3.34,3.25,3.25,814,0
20090318,3.09,3.4,3.09,3.4,103,0
20090319,3.4,3.4,3.4,3.4,10,0
20090320,3.4,3.4,3.07,3.07,925,0
20090323,3.1,3.39,3.1,3.39,614,0
20090324,3.4,3.4,3.2,3.4,3361,0
20090325,3.2,3.43,3.2,3.31,2373,0
20090326,3.32,3.45,3.32,3.33,3589,0
20090327,3.34,3.45,3.22,3.22,3064,0
20090330,3.48,3.48,3.21,3.21,1389,0
20090331,3.01,3.22,3.01,3.22,458,0
20090401,3.1,3.26,3.1,3.26,500,0
20090402,3.35,3.35,3.21,3.34,3420,0
20090403,3.32,3.44,3.32,3.44,4994,0
20090406,3.4,3.8,3.28,3.8,6410,0
20090407,3.74,4.2,3.74,4.2,7589,0
20090408,4.13,4.2,4,4.2,8170,0
20090409,4.11,4.33,3.81,4.33,8152,0
20090414,4.24,4.34,4.2,4.34,3273,0
20090415,4.34,4.71,4.3,4.71,13270,0
20090416,4.85,4.99,4.43,4.95,8950,0
20090417,4.9,4.95,4.7,4.95,4684,0
20090420,5.07,5.07,4.61,4.9,1799,0
20090421,4.9,5.1,4.9,5.08,1780,0
20090422,4.8,5.5,4.8,5.35,6509,0
20090423,5.18,5.49,4.9,5.19,3018,0
20090424,5.15,5.15,5.15,5.15,83,0
20090427,5,5,4.65,4.95,2202,0
20090428,4.95,4.95,4.95,4.95,10,0
20090429,5,5,4.65,4.9,2567,0
20090430,4.85,4.9,4.7,4.7,770,0
20090504,4.35,4.7,4.35,4.7,3393,0
20090505,4.7,4.7,4.36,4.55,2310,0
20090506,4.36,4.4,4.1,4.4,4591,0
20090507,4.12,4.4,4.12,4.19,1160,0
20090508,4.6,4.6,4.31,4.31,5565,0
20090511,4.33,4.39,4.3,4.39,2517,0
20090512,4.39,4.45,4.38,4.45,5701,0
20090513,4.4,4.4,4.28,4.39,4286,0
20090514,4.41,4.41,4.41,4.41,50,0
20090515,4.41,4.7,4.41,4.5,3257,0
20090518,4.7,4.88,4.7,4.8,7620,0
20090519,4.8,4.8,4.75,4.75,800,0
20090520,4.75,4.75,4.75,4.75,95,0
20090521,4.75,4.75,4.45,4.45,3960,0
20090522,4.4,4.47,4.4,4.47,1135,0
20090525,4.6,4.9,4.6,4.9,1890,0
20090526,4.8,5,4.65,4.95,5190,0
20090527,4.6,4.8,4.6,4.8,1917,0
20090528,4.62,4.62,4.62,4.62,711,0
20090529,4.54,4.74,4.54,4.74,152,0
20090602,4.74,4.8,4.73,4.8,3350,0
20090603,4.8,4.8,4.75,4.79,5665,0
20090604,4.95,5,4.95,5,7435,0
20090605,5,5,4.95,4.95,2080,0
20090608,4.75,4.94,4.7,4.94,1121,0
20090609,4.94,4.94,4.72,4.94,668,0
20090610,4.95,4.99,4.95,4.98,6293,0
20090612,5.09,5.09,4.75,4.98,520,0
20090615,4.81,4.97,4.8,4.97,2051,0
20090616,4.94,5.17,4.8,5.11,15539,0
20090617,5.19,5.19,5.02,5.17,9939,0
20090618,5.15,5.15,5.13,5.13,3711,0
20090619,5.04,5.15,5.01,5.15,2411,0
20090622,5.1,5.1,5.01,5.01,9569,0
20090623,4.99,4.99,4.75,4.95,2584,0
20090624,4.98,4.98,4.98,4.98,300,0
20090625,4.77,4.99,4.77,4.99,2100,0
20090626,4.9,4.99,4.85,4.95,1627,0
20090629,4.99,4.99,4.75,4.99,2696,0
20090630,4.99,5.1,4.77,5.1,19183,0
20090701,5.1,5.1,5.05,5.05,2770,0
20090702,5.05,5.05,4.95,5.05,580,0
20090703,5.05,5.05,4.9,4.9,150,0
20090706,4.85,4.85,4.83,4.84,4260,0
20090707,4.84,4.89,4.84,4.88,1875,0
20090708,4.89,4.89,4.85,4.85,290,0
20090709,4.89,4.89,4.85,4.85,2300,0
20090710,4.87,4.95,4.85,4.85,1560,0
20090713,4.8,5.05,4.8,5.05,1170,0
20090714,5.09,5.1,5.09,5.1,180,0
20090715,5.1,5.3,5.1,5.3,2630,0
20090716,5.3,5.44,5.1,5.1,743,0
20090717,5.11,5.49,5.11,5.49,240,0
20090720,5.49,5.5,5.46,5.48,10709,0
20090721,5.48,5.52,5.48,5.5,7200,0
20090722,5.5,5.6,5.5,5.6,10103,0
20090723,5.6,5.95,5.51,5.95,16527,0
20090724,5.78,5.91,5.66,5.66,1685,0
20090727,5.66,5.66,5.35,5.37,2218,0
20090728,5.36,5.91,5.36,5.9,16933,0
20090729,5.9,5.9,5.6,5.9,1385,0
20090730,5.89,5.92,5.6,5.92,1540,0
20090731,5.8,6.13,5.6,6,27800,0
20090803,5.62,5.97,5.62,5.97,5257,0
20090804,5.97,5.97,5.6,5.6,1970,0
20090805,5.5,5.93,5.5,5.56,935,0
20090806,5.6,5.69,5.3,5.69,1145,0
20090807,5.69,5.69,5.55,5.55,370,0
20090810,5.53,5.53,5.23,5.32,5458,0
20090811,5.32,5.62,5.32,5.62,24705,0
20090812,5.78,5.78,5.77,5.78,2950,0
20090813,5.62,5.8,5.62,5.8,561,0
20090814,5.8,5.8,5.8,5.8,10,0
20090817,5.66,5.68,5.6,5.6,1384,0
20090818,5.7,5.8,5.7,5.8,1479,0
20090819,5.75,5.75,5.45,5.6,1910,0
20090820,5.4,5.7,5.37,5.7,2645,0
20090821,5.75,5.75,5.41,5.69,549,0
20090824,5.87,5.87,5.4,5.74,1628,0
20090825,5.7,5.7,5.62,5.69,920,0
20090826,5.51,5.69,5.44,5.44,5718,0
20090827,5.61,5.61,5.44,5.44,128,0
20090828,5.44,5.71,5.44,5.6,26796,0
20090831,5.65,5.85,5.39,5.39,10695,0
20090901,5.37,5.59,5.01,5.34,5143,0
20090902,5.18,5.33,5,5.25,1436,0
20090903,5.38,5.38,5.38,5.38,200,0
20090904,5.46,5.46,5.46,5.46,101,0
20090907,5.2,5.47,5.2,5.47,7878,0
20090908,5.3,5.59,5.3,5.59,1102,0
20090909,5.6,5.6,5.5,5.5,1710,0
20090910,5.6,5.69,5.6,5.62,3760,0
20090911,5.55,5.7,5.55,5.7,292,0
20090914,5.35,5.58,5.35,5.58,480,0
20090915,5.59,5.59,5.59,5.59,10,0
20090916,5.59,5.59,5.59,5.59,2010,0
20090917,5.65,5.65,5.65,5.65,247,0
20090918,5.68,5.68,5.68,5.68,670,0
20090921,5.66,5.66,5.66,5.66,10,0
20090922,5.66,5.66,5.6,5.6,20,0
20090923,5.31,5.5,5.31,5.5,2510,0
20090924,5.5,5.5,5.26,5.31,8210,0
20090925,5.4,5.4,5.4,5.4,2366,0
20090928,5.17,5.45,5.17,5.45,984,0
20090929,5.35,5.43,5.22,5.43,1300,0
20090930,5.43,5.43,5.43,5.43,41,0
20091001,5.5,5.5,5.5,5.5,10200,0
20091002,5.5,5.5,5.27,5.44,1310,0
20091005,5.27,5.27,4.86,4.86,7774,0
20091006,4.92,5.25,4.92,5.25,2548,0
20091007,5.25,5.25,5.25,5.25,35,0
20091008,5.2,5.4,5.1,5.11,438,0
20091009,5.1,5.4,5.1,5.37,3893,0
20091012,5.35,5.4,5.15,5.16,1186,0
20091013,5.15,5.2,5,5.2,571,0
20091014,5.21,5.24,5.21,5.24,1081,0
20091015,5.08,5.15,5,5.15,2873,0
20091016,5.18,5.18,5.18,5.18,266,0
20091019,5.2,5.2,5.02,5.2,499,0
20091020,5.29,5.29,5.29,5.29,200,0
20091021,5.01,5.28,5.01,5.28,400,0
20091022,5.02,5.2,5.02,5.2,321,0
20091023,5.2,5.4,5.2,5.4,180,0
20091026,5.15,5.37,5.01,5.25,795,0
20091027,5.01,5.14,4.95,5.14,2142,0
20091028,5.13,5.13,4.85,5.13,2714,0
20091029,5.14,5.14,4.9,4.9,269,0
20091030,4.86,4.9,4.78,4.78,2316,0
20091102,4.6,4.8,4.41,4.67,2758,0
20091103,4.55,4.8,4.5,4.75,6318,0
20091104,4.7,4.8,4.52,4.8,1790,0
20091105,4.8,4.8,4.8,4.8,817,0
20091106,4.7,4.88,4.7,4.88,816,0
20091109,4.7,5,4.7,5,2193,0
20091110,5,5.02,4.7,5,4770,0
20091112,5,5,5,5,1192,0
20091113,5,5.1,5,5.1,240,0
20091116,5.1,5.1,4.83,5.09,371,0
20091117,5.19,5.19,4.49,4.5,34710,0
20091118,4.5,4.5,4.2,4.25,22897,0
20091119,4.11,4.2,4.1,4.2,4822,0
20091120,4.2,4.2,4.15,4.2,6725,0
20091123,4.24,4.36,4.01,4.14,5770,0
20091124,4.14,4.14,3.93,4.1,4450,0
20091125,3.98,4.14,3.98,4.14,730,0
20091126,4.14,4.14,4.1,4.1,3536,0
20091127,4,4.15,4,4.15,915,0
20091130,4.15,4.15,4.05,4.15,1091,0
20091201,4.09,4.15,4.09,4.15,85,0
20091202,4.15,4.15,4.15,4.15,260,0
20091203,4.2,4.2,4.2,4.2,10,0
20091204,4.17,4.48,4.17,4.48,5179,0
20091207,4.45,4.45,4.4,4.4,600,0
20091208,4.24,4.3,4.24,4.3,389,0
20091209,4.3,4.3,4.23,4.23,949,0
20091210,4.2,4.2,4.15,4.15,1593,0
20091211,4.1,4.14,4.05,4.14,1484,0
20091214,4.04,4.25,4.04,4.25,8510,0
20091215,4.25,4.25,4.05,4.05,2761,0
20091216,4.06,4.15,4.06,4.15,216,0
20091217,4.15,4.15,3.9,4.05,2480,0
20091218,4.08,4.08,3.92,4.08,850,0
20091221,3.91,3.91,3.75,3.88,10250,0
20091222,3.76,3.92,3.76,3.92,328,0
20091223,3.84,4,3.84,3.98,3110,0
20091228,3.79,4,3.75,4,4257,0
20091229,3.88,4.14,3.88,4.1,822,0
20091230,4.15,4.22,4.08,4.17,2421,0
20091231,4.2,4.23,4.12,4.22,551,0
20100104,4.2,4.2,4.07,4.14,2668,0
20100105,4.14,4.14,4,4.05,3755,0
20100106,4.05,4.12,3.98,4.12,1843,0
20100107,3.97,4.08,3.97,4.08,112,0
20100108,4.08,4.08,4.08,4.08,10,0
20100111,4.08,4.08,3.96,4.08,2031,0
20100112,4.08,4.08,4,4.04,892,0
20100113,4.06,4.06,4.05,4.06,932,0
20100114,4.06,4.06,3.9,4,4830,0
20100115,3.99,4.04,3.95,4.04,2003,0
20100118,3.9,4.04,3.9,4.04,1800,0
20100119,3.9,3.99,3.9,3.99,2033,0
20100120,3.89,4,3.88,4,2242,0
20100121,3.96,3.99,3.95,3.99,1389,0
20100122,3.9,3.9,3.88,3.9,4001,0
20100125,3.98,3.98,3.8,3.92,3184,0
20100126,3.76,3.88,3.66,3.78,2476,0
20100127,3.92,3.92,3.92,3.92,1,0
20100128,3.95,3.95,3.72,3.94,793,0
20100129,3.95,3.95,3.69,3.85,4431,0
20100201,3.71,3.85,3.71,3.85,60,0
20100202,3.95,3.95,3.9,3.95,303,0
20100203,3.95,3.95,3.94,3.94,70,0
20100204,3.94,3.94,3.86,3.86,600,0
20100205,3.86,3.94,3.73,3.94,2311,0
20100208,3.87,3.98,3.83,3.95,521,0
20100209,3.95,3.96,3.85,3.85,330,0
20100210,3.95,3.95,3.82,3.82,410,0
20100211,3.8,3.94,3.76,3.94,1540,0
20100212,3.95,3.96,3.9,3.91,520,0
20100215,3.96,4.1,3.93,4.02,8795,0
20100216,4.1,4.1,4.02,4.02,580,0
20100217,4.02,4.03,3.97,3.97,1029,0
20100218,4,4,3.9,3.9,2278,0
20100219,3.92,3.92,3.83,3.9,3250,0
20100222,3.86,3.92,3.86,3.86,116,0
20100223,3.86,3.9,3.83,3.83,1913,0
20100224,3.85,3.85,3.74,3.74,552,0
20100225,3.8,3.8,3.72,3.72,4400,0
20100226,3.71,3.75,3.7,3.7,2251,0
20100301,3.75,3.88,3.75,3.87,9560,0
20100302,3.87,3.88,3.85,3.85,2190,0
20100303,3.84,3.84,3.76,3.76,3180,0
20100304,3.76,3.85,3.76,3.76,995,0
20100305,3.76,3.8,3.71,3.8,524,0
20100308,3.8,3.81,3.75,3.8,2079,0
20100309,3.8,3.8,3.73,3.77,7551,0
20100310,3.78,3.78,3.73,3.78,1500,0
20100311,3.78,4.05,3.78,4.04,9858,0
20100312,4.05,4.05,3.95,4,2589,0
20100315,4.05,4.3,3.92,4.3,13894,0
20100316,4.22,4.64,4.22,4.64,10815,0
20100317,4.6,5.07,4.5,5.05,27909,0
20100318,5,5.04,4.87,5.04,12405,0
20100319,5.04,5.05,4.95,5.03,4058,0
20100322,4.94,4.94,4.77,4.8,6117,0
20100323,4.82,4.82,4.75,4.75,2602,0
20100324,4.74,4.75,4.5,4.74,3429,0
20100325,4.8,4.9,4.5,4.5,9183,0
20100326,4.55,4.9,4.55,4.71,4261,0
20100329,4.69,4.9,4.69,4.8,829,0
20100330,4.8,4.8,4.7,4.7,370,0
20100331,4.68,4.68,4.47,4.58,9942,0
20100401,4.62,4.63,4.62,4.63,695,0
20100406,4.4,4.77,4.4,4.77,1676,0
20100407,4.8,4.8,4.68,4.68,2208,0
20100408,4.6,4.8,4.58,4.58,1741,0
20100409,4.62,4.9,4.62,4.85,30260,0
20100412,4.85,4.85,4.74,4.74,285,0
20100413,4.74,4.85,4.74,4.8,2897,0
20100414,4.8,4.81,4.72,4.72,2317,0
20100415,4.72,4.8,4.72,4.8,1013,0
20100416,4.81,4.81,4.79,4.79,1951,0
20100419,4.79,4.79,4.6,4.6,1674,0
20100420,4.6,4.68,4.6,4.68,786,0
20100421,4.68,4.79,4.68,4.78,135,0
20100422,4.78,4.79,4.77,4.79,380,0
20100423,4.79,4.79,4.76,4.79,833,0
20100426,4.81,4.85,4.81,4.85,169,0
20100427,4.85,4.85,4.72,4.8,9261,0
20100428,4.85,4.85,4.72,4.72,1860,0
20100429,4.6,4.72,4.55,4.65,3101,0
20100430,4.57,4.65,4.57,4.65,400,0
20100504,4.57,4.65,4.56,4.65,340,0
20100505,4.56,4.56,4.21,4.44,8711,0
20100506,4.21,4.52,4,4,25113,0
20100507,3.99,4.24,3.71,4.07,4927,0
20100510,4.1,4.23,4.1,4.23,630,0
20100511,4.24,4.24,4.2,4.2,90,0
20100512,4.2,4.2,4.2,4.2,65,0
20100513,4.24,4.24,4.12,4.12,1050,0
20100514,4.12,4.12,4.01,4.03,993,0
20100517,4.01,4.24,4,4.24,2110,0
20100518,4.24,4.4,4.24,4.4,4028,0
20100519,4.49,4.5,4.27,4.5,6315,0
20100520,4.5,4.6,4.29,4.29,5934,0
20100521,4.16,4.4,4.16,4.4,7584,0
20100524,4.4,4.4,4.25,4.31,2348,0
20100525,4.11,4.15,4.11,4.12,2220,0
20100526,4.11,4.35,4.11,4.35,907,0
20100527,4.3,4.45,4.3,4.45,1461,0
20100528,4.35,4.75,4.35,4.75,4876,0
20100531,4.75,4.85,4.63,4.85,8290,0
20100601,4.85,4.85,4.53,4.8,4120,0
20100602,4.8,4.8,4.52,4.52,2486,0
20100604,4.55,4.6,4.44,4.53,321,0
20100607,4.4,4.45,4.31,4.45,1277,0
20100608,4.35,4.43,4.35,4.4,6924,0
20100609,4.3,4.73,4.3,4.73,4340,0
20100610,4.71,4.71,4.61,4.61,800,0
20100611,4.61,4.62,4.61,4.62,675,0
20100614,4.54,4.6,4.53,4.6,950,0
20100615,4.6,4.6,4.51,4.51,478,0
20100616,4.52,4.73,4.52,4.73,2370,0
20100617,4.7,4.83,4.7,4.83,3265,0
20100618,4.84,4.87,4.77,4.8,14500,0
20100621,4.76,4.93,4.76,4.93,1834,0
20100622,4.95,4.97,4.93,4.97,1325,0
20100623,4.99,4.99,4.93,4.93,700,0
20100624,4.99,4.99,4.85,4.85,151,0
20100625,4.86,4.86,4.74,4.74,630,0
20100628,4.65,4.65,4.52,4.6,490,0
20100629,4.5,4.55,4.48,4.55,552,0
20100630,4.45,4.5,4.4,4.5,1041,0
20100701,4.5,4.6,4.46,4.6,9862,0
20100702,4.59,4.65,4.55,4.65,680,0
20100705,4.65,4.78,4.65,4.77,776,0
20100706,4.79,4.79,4.79,4.79,120,0
20100707,4.79,4.79,4.5,4.5,8048,0
20100708,4.45,4.65,4.45,4.65,1419,0
20100709,4.65,4.65,4.65,4.65,130,0
20100712,4.55,4.76,4.55,4.76,1540,0
20100713,4.62,4.7,4.6,4.7,1129,0
20100714,4.78,4.78,4.78,4.78,432,0
20100715,4.79,4.79,4.7,4.79,210,0
20100716,4.7,4.95,4.69,4.95,15928,0
20100719,4.98,5.07,4.96,5.05,15107,0
20100720,5.07,5.39,5.07,5.3,6820,0
20100721,5.34,5.72,5.34,5.64,21705,0
20100722,5.79,5.79,5.64,5.72,1880,0
20100723,5.72,5.72,5.68,5.68,1807,0
20100726,5.65,5.65,5.4,5.47,3310,0
20100727,5.43,5.48,5.4,5.48,1404,0
20100728,5.48,5.48,5.4,5.48,471,0
20100729,5.5,5.51,5.29,5.51,3365,0
20100730,5.46,5.5,5.46,5.48,6579,0
20100802,5.46,5.52,5.46,5.5,2030,0
20100803,5.52,5.95,5.52,5.61,9694,0
20100804,5.8,5.8,5.6,5.7,3151,0
20100805,5.62,5.7,5.62,5.7,200,0
20100806,5.63,5.74,5.63,5.74,255,0
20100809,5.62,5.75,5.62,5.67,514,0
20100810,5.62,5.62,5.62,5.62,379,0
20100811,5.56,5.62,5.56,5.62,2970,0
20100812,5.63,5.69,5.63,5.69,560,0
20100813,5.79,5.79,5.65,5.7,163,0
20100816,5.79,5.79,5.57,5.65,1585,0
20100817,5.65,5.78,5.65,5.78,498,0
20100818,5.79,6.15,5.75,6.11,21344,0
20100819,6.39,6.95,6.39,6.73,26276,0
20100820,6.73,6.73,6.4,6.4,19898,0
20100823,6.41,6.41,6.01,6.24,13103,0
20100824,6.41,6.41,5.87,5.98,19041,0
20100825,6.04,6.04,5.86,5.86,5505,0
20100826,5.9,5.9,5.87,5.87,1140,0
20100827,5.82,5.83,5.68,5.78,2268,0
20100830,5.8,5.84,5.7,5.84,3963,0
20100831,5.9,5.95,5.88,5.9,1280,0
20100901,5.95,6.06,5.95,5.99,4067,0
20100902,5.98,6.02,5.98,6.01,1120,0
20100903,6,6,5.91,5.91,915,0
20100906,6,6,5.85,5.85,552,0
20100907,5.9,5.9,5.75,5.75,2171,0
20100908,5.78,5.79,5.6,5.75,8681,0
20100909,5.75,5.91,5.73,5.8,13367,0
20100910,5.75,5.95,5.66,5.66,7201,0
20100913,5.56,5.75,5.55,5.75,2796,0
20100914,5.75,5.8,5.75,5.75,1345,0
20100915,5.75,5.8,5.75,5.8,2258,0
20100916,5.63,5.78,5.63,5.65,274,0
20100917,5.66,5.66,5.3,5.65,9490,0
20100920,5.65,5.75,5.65,5.7,3210,0
20100921,5.7,5.7,5.6,5.69,9695,0
20100922,5.69,5.69,5.3,5.36,14195,0
20100923,5.35,5.59,5.25,5.4,3165,0
20100924,5.4,5.4,5.31,5.31,351,0
20100927,5.25,5.29,5.15,5.15,2230,0
20100928,5.15,5.25,5.15,5.25,1785,0
20100929,5.31,5.5,5.31,5.4,5215,0
20100930,5.4,5.41,5.37,5.41,1775,0
20101001,5.4,5.4,5.3,5.31,306,0
20101004,5.3,5.5,5,5.5,19549,0
20101005,5.4,5.4,5.15,5.3,7400,0
20101006,5.4,5.44,5.2,5.3,3927,0
20101007,5.32,5.32,5.1,5.23,7639,0
20101008,5.25,5.25,4.92,5.15,3657,0
20101011,5.08,5.08,4.97,4.97,4001,0
20101012,4.96,4.97,4.8,4.8,16331,0
20101013,4.71,4.8,4.71,4.8,3301,0
20101014,4.79,5.1,4.75,4.9,13533,0
20101015,4.9,4.99,4.86,4.9,5333,0
20101018,5.06,5.3,4.86,4.9,25846,0
20101019,4.9,4.94,4.7,4.82,9418,0
20101020,4.8,4.86,4.6,4.64,12181,0
20101021,4.7,4.75,4.58,4.65,9690,0
20101022,4.65,4.79,4.58,4.79,7635,0
20101025,4.79,4.97,4.7,4.75,5729,0
20101026,4.85,4.98,4.7,4.7,4504,0
20101027,4.77,4.77,4.64,4.67,6775,0
20101028,4.61,4.68,4.61,4.67,2659,0
20101029,4.76,4.76,4.69,4.75,3555,0
20101102,4.75,4.96,4.7,4.7,7757,0
20101103,4.7,4.7,4.64,4.64,4052,0
20101104,4.71,4.71,4.5,4.53,13639,0
20101105,4.53,4.59,4.51,4.51,1269,0
20101108,4.51,4.9,4.51,4.9,30000,0
20101109,4.99,4.99,4.87,4.89,8889,0
20101110,4.95,4.95,4.85,4.85,683,0
20101112,4.87,4.87,4.85,4.85,735,0
20101115,4.88,4.88,4.72,4.8,2995,0
20101116,4.6,4.68,4.6,4.68,6062,0
20101117,4.66,4.68,4.65,4.68,3235,0
20101118,4.67,4.68,4.53,4.6,988,0
20101119,4.51,4.53,4.36,4.45,6018,0
20101122,4.51,4.51,4.4,4.4,1697,0
20101123,4.4,4.4,4.17,4.3,28056,0
20101124,4.36,5.26,4.36,4.95,109566,0
20101125,5.15,5.15,4.72,4.9,19668,0
20101126,4.7,4.9,4.7,4.88,12993,0
20101129,4.9,4.9,4.6,4.68,5790,0
20101130,4.55,4.78,4.55,4.7,4332,0
20101201,4.7,4.89,4.7,4.8,12574,0
20101202,4.8,4.8,4.67,4.7,7823,0
20101203,4.71,4.71,4.5,4.59,13666,0
20101206,4.65,4.65,4.51,4.56,8152,0
20101207,4.48,4.69,4.42,4.5,8762,0
20101208,4.46,4.49,4.46,4.48,3079,0
20101209,4.54,4.54,4.34,4.48,7613,0
20101210,4.41,4.45,4.3,4.3,31714,0
20101213,4.3,4.6,4.3,4.48,10567,0
20101214,4.48,4.48,4.35,4.38,24020,0
20101215,4.35,4.35,4.18,4.25,6043,0
20101216,4.18,4.28,4.17,4.28,6225,0
20101217,4.28,4.28,4.22,4.22,6780,0
20101220,4.22,4.22,4.1,4.11,18405,0
20101221,4.1,4.21,4.1,4.2,6452,0
20101222,4.1,4.28,4.1,4.24,3416,0
20101223,4.25,4.25,4.16,4.2,1716,0
20101227,4.25,4.29,4.21,4.23,3121,0
20101228,4.22,4.29,4.11,4.29,2293,0
20101229,4.2,4.39,4.2,4.39,2629,0
20101230,4.26,4.39,4.2,4.39,3457,0
20101231,4.39,4.46,4.39,4.39,2298,0
20110103,4.45,4.56,4.45,4.55,91,0
20110104,4.55,4.55,4.23,4.3,9870,0
20110105,4.24,4.25,4.2,4.2,10693,0
20110107,4.2,4.24,4.07,4.24,9477,0
20110110,4.24,4.26,4.14,4.26,735,0
20110111,4.11,4.32,4.11,4.32,665,0
20110112,4.32,4.44,4.25,4.44,742,0
20110113,4.4,4.4,4.4,4.4,667,0
20110114,4.44,4.55,4.43,4.48,2957,0
20110117,4.56,4.56,4.4,4.48,16541,0
20110118,4.5,4.5,4.48,4.48,287,0
20110119,4.48,4.59,4.41,4.59,4654,0
20110120,4.5,4.54,4.49,4.54,1712,0
20110121,4.55,4.66,4.5,4.66,2220,0
20110124,4.66,4.7,4.65,4.7,2149,0
20110125,4.7,4.79,4.7,4.78,2924,0
20110126,4.78,4.84,4.7,4.75,6780,0
20110127,4.7,4.85,4.7,4.8,10009,0
20110128,4.8,4.81,4.72,4.8,1818,0
20110131,4.85,4.85,4.6,4.65,2038,0
20110201,4.74,4.74,4.51,4.57,4788,0
20110202,4.55,4.57,4.49,4.56,8677,0
20110203,4.53,4.6,4.5,4.59,7914,0
20110204,4.56,4.56,4.46,4.56,2509,0
20110207,4.56,4.64,4.56,4.56,4212,0
20110208,4.48,4.62,4.35,4.62,8222,0
20110209,4.62,4.62,4.5,4.59,844,0
20110210,4.62,4.62,4.58,4.58,25,0
20110211,4.61,4.61,4.48,4.61,1469,0
20110214,4.51,4.58,4.48,4.5,2862,0
20110215,4.4,4.4,4.4,4.4,1098,0
20110216,4.4,4.84,4.4,4.62,14442,0
20110217,4.65,4.7,4.6,4.6,1771,0
20110218,4.74,4.74,4.72,4.72,270,0
20110221,4.72,4.72,4.53,4.6,2263,0
20110222,4.53,4.68,4.53,4.65,676,0
20110223,4.69,4.69,4.58,4.59,600,0
20110224,4.6,4.6,4.42,4.42,3208,0
20110225,4.4,4.53,4.4,4.53,2430,0
20110228,4.4,4.75,4.4,4.75,5253,0
20110301,4.75,4.79,4.61,4.71,595,0
20110302,4.79,4.79,4.49,4.61,3865,0
20110303,4.55,4.55,4.55,4.55,75,0
20110304,4.54,4.54,4.25,4.42,12823,0
20110307,4.33,4.34,4.32,4.34,582,0
20110308,4.3,4.4,4.3,4.4,230,0
20110309,4.4,4.4,4.4,4.4,200,0
20110310,4.41,4.41,4.29,4.3,1500,0
20110311,4.3,4.3,4.12,4.28,7532,0
20110314,4.28,4.28,4.1,4.15,3805,0
20110315,4.16,4.2,4.02,4.2,11516,0
20110316,4.13,4.18,4.13,4.18,70,0
20110317,4.2,4.22,4.17,4.18,3050,0
20110318,4.15,4.29,4.15,4.29,1702,0
20110321,4.29,4.29,4.19,4.25,5006,0
20110322,4.25,4.25,4.19,4.2,560,0
20110323,4.2,4.3,4.2,4.3,225,0
20110324,4.2,4.2,4.19,4.19,60,0
20110325,4.25,4.3,4.25,4.3,659,0
20110328,4.37,4.52,4.37,4.45,4898,0
20110329,4.47,4.47,4.44,4.44,405,0
20110330,4.42,4.42,4.3,4.3,465,0
20110331,4.37,4.37,4.21,4.32,1495,0
20110401,4.4,4.4,4.4,4.4,115,0
20110404,4.4,4.4,4.4,4.4,250,0
20110405,4.4,4.47,4.32,4.44,5088,0
20110406,4.34,4.4,4.34,4.36,2965,0
20110407,4.33,4.41,4.31,4.32,2834,0
20110408,4.25,4.27,4.25,4.27,517,0
20110411,4.27,4.33,4.25,4.33,3260,0
20110412,4.3,4.3,4.25,4.25,1780,0
20110413,4.25,4.29,4.2,4.28,2550,0
20110414,4.34,4.34,4.22,4.22,883,0
20110415,4.23,4.25,4.23,4.25,325,0
20110418,4.3,4.3,4.25,4.25,1390,0
20110419,4.23,4.5,4.2,4.47,10220,0
20110420,4.47,4.47,4.35,4.35,845,0
20110421,4.35,4.35,4.3,4.3,114,0
20110426,4.3,4.5,4.3,4.33,13849,0
20110427,4.3,4.33,4.3,4.32,105,0
20110428,4.32,4.32,4.29,4.3,18209,0
20110429,4.26,4.38,4.26,4.3,611,0
20110502,4.28,4.35,4.28,4.35,2300,0
20110504,4.3,4.39,4.3,4.39,860,0
20110505,4.39,4.39,4.25,4.34,2665,0
20110506,4.39,4.39,4.39,4.39,50,0
20110509,4.4,4.4,4.31,4.31,220,0
20110510,4.35,4.35,4.31,4.35,362,0
20110511,4.28,4.35,4.2,4.35,3230,0
20110512,4.35,4.35,4.14,4.25,1311,0
20110513,4.15,4.15,4.14,4.15,1736,0
20110516,4.19,4.26,4.19,4.26,3010,0
20110517,4.26,4.26,4.09,4.19,4399,0
20110518,4.26,4.26,4.08,4.17,454,0
20110519,4.17,4.25,4.16,4.25,571,0
20110520,4.26,4.26,4.12,4.26,312,0
20110523,4.26,4.26,4.15,4.26,390,0
20110524,4.25,4.25,4.24,4.25,200,0
20110525,4.25,4.26,4.25,4.26,155,0
20110526,4.26,4.26,4.18,4.21,2601,0
20110527,4.27,4.27,4.12,4.18,2672,0
20110530,4.06,4.15,4.06,4.15,1030,0
20110531,4.15,4.15,4.07,4.15,1271,0
20110601,4.06,4.14,4.06,4.14,1020,0
20110602,4.06,4.14,4.01,4.14,1250,0
20110603,4.14,4.14,3.96,3.96,3907,0
20110606,4,4,3.96,3.96,5450,0
20110607,3.87,3.99,3.87,3.99,5499,0
20110608,3.98,3.98,3.62,3.9,7630,0
20110609,3.9,3.98,3.8,3.8,5300,0
20110613,3.8,3.97,3.8,3.97,860,0
20110614,3.97,3.98,3.84,3.98,1425,0
20110615,3.99,3.99,3.98,3.98,460,0
20110616,3.99,3.99,3.98,3.98,910,0
20110617,3.96,3.99,3.86,3.99,441,0
20110620,3.87,3.9,3.8,3.9,831,0
20110621,3.81,3.89,3.75,3.89,1819,0
20110622,3.97,3.99,3.89,3.89,4600,0
20110624,3.85,3.85,3.6,3.8,13888,0
20110627,3.73,3.78,3.6,3.75,3479,0
20110628,3.74,3.74,3.52,3.74,2443,0
20110629,3.75,3.8,3.75,3.79,501,0
20110630,3.66,3.78,3.66,3.78,111,0
20110701,3.78,3.99,3.78,3.88,1226,0
20110704,3.9,3.9,3.7,3.86,2576,0
20110705,3.88,3.88,3.8,3.82,370,0
20110706,3.74,3.82,3.74,3.82,209,0
20110707,3.89,3.9,3.8,3.9,185,0
20110708,3.85,3.85,3.57,3.8,10109,0
20110711,3.89,3.89,3.52,3.8,472,0
20110712,3.87,3.87,3.45,3.64,5131,0
20110713,3.64,3.86,3.55,3.6,2597,0
20110714,3.62,3.62,3.36,3.48,2639,0
20110715,3.35,3.54,3.35,3.54,2442,0
20110718,3.42,3.55,3.25,3.4,8441,0
20110719,3.4,3.45,3.4,3.45,5090,0
20110720,3.44,3.44,3.3,3.4,3263,0
20110721,3.4,3.4,3.14,3.35,6049,0
20110722,3.35,3.35,3.34,3.34,110,0
20110725,3.35,3.35,3.2,3.33,4647,0
20110726,3.35,3.35,3.2,3.34,8471,0
20110727,3.35,3.35,3.11,3.35,4276,0
20110728,3.39,3.39,3.39,3.39,10,0
20110729,3.38,3.38,3.35,3.35,600,0
20110802,3.25,3.25,3.03,3.18,7618,0
20110803,3.1,3.13,2.93,3,6406,0
20110804,3.05,3.1,2.82,2.99,7511,0
20110805,2.76,2.9,2.5,2.8,6052,0
20110808,2.7,2.89,2.62,2.89,9905,0
20110809,2.64,2.88,2.52,2.85,3257,0
20110810,2.8,2.9,2.7,2.83,677,0
20110811,2.83,2.89,2.83,2.89,167,0
20110812,2.88,3.05,2.88,3.05,3677,0
20110816,3.1,3.14,2.8,2.98,4539,0
20110817,2.83,3.13,2.83,3.13,6517,0
20110818,3.14,3.14,2.66,3.06,7823,0
20110819,2.8,2.95,2.75,2.9,8898,0
20110822,2.77,2.88,2.64,2.86,6765,0
20110823,2.86,2.86,2.72,2.84,494,0
20110824,2.86,2.88,2.86,2.88,433,0
20110825,2.89,2.9,2.8,2.85,1908,0
20110826,2.85,2.85,2.8,2.85,3189,0
20110829,2.62,2.8,2.57,2.8,3336,0
20110830,2.8,2.85,2.66,2.67,2375,0
20110831,2.66,2.85,2.66,2.85,1932,0
20110901,2.77,2.84,2.64,2.74,4234,0
20110902,2.67,2.83,2.63,2.83,1850,0
20110905,2.83,2.85,2.63,2.73,1580,0
20110906,2.7,2.83,2.68,2.83,4521,0
20110907,2.85,2.85,2.85,2.85,150,0
20110908,2.8,2.85,2.77,2.84,3700,0
20110909,2.85,2.85,2.66,2.82,5095,0
20110912,2.63,2.82,2.63,2.82,6746,0
20110913,2.69,2.72,2.69,2.72,2310,0
20110914,2.7,2.84,2.7,2.72,4431,0
20110915,2.75,2.8,2.65,2.72,1740,0
20110916,2.75,2.75,2.65,2.71,800,0
20110919,2.65,2.7,2.61,2.7,6140,0
20110920,2.7,2.7,2.7,2.7,4138,0
20110921,2.68,2.68,2.55,2.6,6730,0
20110922,2.6,2.6,2.4,2.4,8180,0
20110923,2.4,2.4,2.25,2.38,5636,0
20110926,2.2,2.38,2.2,2.38,1769,0
20110927,2.38,2.45,2.38,2.45,1240,0
20110928,2.5,2.5,2.25,2.4,3140,0
20110929,2.38,2.45,2.38,2.45,4375,0
20110930,2.36,2.45,2.36,2.45,4450,0
20111003,2.43,2.55,2.43,2.55,610,0
20111004,2.56,2.56,2.5,2.56,439,0
20111005,2.56,2.66,2.5,2.63,2380,0
20111006,2.64,2.66,2.64,2.66,790,0
20111007,2.66,2.67,2.66,2.67,6002,0
20111010,2.7,2.81,2.7,2.75,170,0
20111011,2.75,2.75,2.6,2.65,6510,0
20111012,2.7,2.81,2.66,2.8,3410,0
20111013,2.8,2.8,2.69,2.69,1931,0
20111014,2.67,2.67,2.51,2.56,5683,0
20111017,2.54,2.54,2.5,2.54,2834,0
20111018,2.52,2.52,2.52,2.52,110,0
20111019,2.52,2.52,2.52,2.52,70,0
20111020,2.52,2.52,2.52,2.52,130,0
20111021,2.52,2.52,2.51,2.51,464,0
20111024,2.52,2.55,2.44,2.55,6995,0
20111025,2.55,2.59,2.38,2.4,8311,0
20111026,2.35,2.35,2.22,2.34,11025,0
20111027,2.32,2.32,2.19,2.24,30251,0
20111028,2.23,2.23,2.11,2.11,12931,0
20111031,2.14,2.3,2.14,2.26,9577,0
20111102,2.19,2.21,2.1,2.21,4468,0
20111103,2.24,2.24,2.24,2.24,230,0
20111104,2.24,2.26,2.18,2.2,5313,0
20111107,2.25,2.25,2.16,2.2,4012,0
20111108,2.27,2.27,2.27,2.27,2750,0
20111109,2.3,2.31,2.21,2.21,3617,0
20111114,2.21,2.26,2.21,2.25,4210,0
20111115,2.2,2.2,1.85,1.9,33291,0
20111116,1.95,1.97,1.81,1.85,17064,0
20111117,1.81,1.85,1.75,1.77,19244,0
20111118,1.75,1.81,1.73,1.75,5339,0
20111121,1.72,1.72,1.68,1.68,2813,0
20111122,1.66,1.66,1.61,1.65,3004,0
20111123,1.65,1.65,1.56,1.65,801,0
20111124,1.64,1.65,1.6,1.65,2110,0
20111125,1.6,1.65,1.58,1.65,8204,0
20111128,1.61,1.61,1.53,1.54,17262,0
20111129,1.53,1.58,1.47,1.47,10417,0
20111130,1.47,1.47,1.42,1.46,20768,0
20111201,1.46,1.57,1.41,1.57,21345,0
20111202,1.6,1.7,1.59,1.66,7023,0
20111205,1.66,1.66,1.63,1.63,22529,0
20111206,1.61,1.62,1.55,1.55,16065,0
20111207,1.59,1.59,1.43,1.59,42185,0
20111208,1.47,1.49,1.44,1.45,4728,0
20111209,1.45,1.5,1.45,1.5,2190,0
20111212,1.54,1.58,1.54,1.58,1655,0
20111213,1.58,1.59,1.58,1.59,3664,0
20111214,1.59,1.65,1.59,1.65,2050,0
20111215,1.67,1.67,1.55,1.67,695,0
20111216,1.6,1.6,1.58,1.58,3000,0
20111219,1.6,1.6,1.54,1.56,3744,0
20111220,1.56,1.56,1.44,1.49,8779,0
20111221,1.47,1.47,1.45,1.45,4505,0
20111222,1.44,1.49,1.39,1.49,11327,0
20111223,1.44,1.48,1.35,1.45,31610,0
20111227,1.42,1.48,1.42,1.45,22016,0
20111228,1.45,1.45,1.38,1.42,2162,0
20111229,1.44,1.48,1.42,1.48,1655,0
20111230,1.48,1.48,1.47,1.48,2200,0
20120102,1.48,1.49,1.45,1.49,3151,0
20120103,1.47,1.51,1.45,1.51,5547,0
20120104,1.52,1.53,1.52,1.53,400,0
20120105,1.52,1.52,1.52,1.52,100,0
20120109,1.52,1.59,1.52,1.59,8562,0
20120110,1.55,1.63,1.5,1.63,2025,0
20120111,1.57,1.65,1.54,1.65,8500,0
20120112,1.62,1.62,1.53,1.62,16379,0
20120113,1.54,1.6,1.53,1.6,914,0
20120116,1.6,1.63,1.56,1.63,2330,0
20120117,1.63,1.8,1.63,1.8,32230,0
20120118,1.82,1.82,1.7,1.77,9302,0
20120119,1.67,1.86,1.63,1.86,19697,0
20120120,1.87,1.92,1.81,1.85,19102,0
20120123,1.79,1.85,1.78,1.78,2043,0
20120124,1.78,1.87,1.7,1.82,3273,0
20120125,1.82,1.88,1.75,1.88,356,0
20120126,1.83,1.94,1.72,1.79,14165,0
20120127,1.8,1.8,1.65,1.7,13578,0
20120130,1.65,1.75,1.65,1.75,1111,0
20120131,1.75,1.83,1.75,1.81,7272,0
20120201,1.83,1.9,1.82,1.9,4684,0
20120202,1.84,1.9,1.8,1.86,14091,0
20120203,1.8,1.89,1.8,1.89,1120,0
20120206,1.87,1.93,1.87,1.93,4411,0
20120207,1.93,1.96,1.91,1.93,2817,0
20120208,1.97,2.05,1.92,2.05,23306,0
20120209,2,2.07,2,2.03,11260,0
20120210,2.02,2.02,2,2,911,0
20120213,2,2.01,2,2.01,3089,0
20120214,2,2,1.91,1.95,4312,0
20120215,1.91,1.94,1.84,1.94,22321,0
20120216,1.9,1.93,1.9,1.93,3501,0
20120217,1.93,1.99,1.93,1.99,7828,0
20120220,1.98,2,1.96,2,3565,0
20120221,2.01,2.04,1.99,2.04,3786,0
20120222,2.01,2.01,1.99,1.99,2400,0
20120223,1.96,2.06,1.96,2.06,883,0
20120224,2.07,2.07,1.98,2.05,4530,0
20120227,2,2.05,2,2.02,10780,0
20120228,2,2.01,2,2,9100,0
20120229,2.03,2.03,1.96,1.98,8531,0
20120301,1.92,1.92,1.76,1.79,49938,0
20120302,1.8,1.94,1.79,1.94,23673,0
20120305,1.94,1.94,1.81,1.91,12672,0
20120306,1.92,1.92,1.77,1.87,17942,0
20120307,1.85,1.85,1.85,1.85,50,0
20120308,1.85,1.85,1.85,1.85,2650,0
20120309,1.81,1.86,1.81,1.84,10442,0
20120312,1.86,1.86,1.8,1.81,5550,0
20120313,1.81,1.95,1.77,1.9,16371,0
20120314,1.97,2.05,1.97,1.97,28074,0
20120315,2.05,2.05,2,2.01,21266,0
20120316,2.01,2.01,1.97,2.01,5002,0
20120319,1.92,1.99,1.92,1.99,4261,0
20120320,1.96,2.03,1.96,2.03,1674,0
20120321,2,2,1.93,2,5945,0
20120322,2,2.03,1.97,1.99,4819,0
20120323,1.97,1.97,1.97,1.97,100,0
20120326,1.91,1.98,1.91,1.97,3758,0
20120327,1.97,1.97,1.87,1.87,9550,0
20120328,1.9,1.95,1.89,1.95,6751,0
20120329,1.89,1.93,1.89,1.93,4501,0
20120330,1.92,1.95,1.92,1.94,1000,0
20120402,1.91,1.95,1.89,1.9,807,0
20120403,1.91,1.95,1.89,1.93,2322,0
20120404,1.95,1.95,1.88,1.9,5287,0
20120405,1.9,1.9,1.85,1.9,620,0
20120410,1.9,1.9,1.9,1.9,140,0
20120411,1.84,1.88,1.79,1.82,12793,0
20120412,1.82,1.82,1.79,1.79,725,0
20120413,1.79,1.8,1.72,1.78,22610,0
20120416,1.73,1.78,1.73,1.78,668,0
20120417,1.78,1.82,1.78,1.82,889,0
20120418,1.84,1.84,1.84,1.84,230,0
20120419,1.84,1.84,1.84,1.84,190,0
20120420,1.83,1.83,1.83,1.83,150,0
20120423,1.83,1.83,1.69,1.69,17121,0
20120424,1.7,1.7,1.7,1.7,1150,0
20120425,1.7,1.74,1.65,1.73,9640,0
20120426,1.68,1.73,1.66,1.73,3423,0
20120430,1.71,1.75,1.71,1.75,695,0
20120502,1.74,1.74,1.68,1.68,12459,0
20120504,1.68,1.72,1.66,1.66,1201,0
20120507,1.65,1.65,1.52,1.6,17440,0
20120508,1.54,1.55,1.49,1.55,560,0
20120509,1.55,1.55,1.49,1.49,1112,0
20120510,1.49,1.52,1.48,1.5,1956,0
20120511,1.5,1.5,1.37,1.5,6180,0
20120514,1.48,1.5,1.48,1.5,1000,0
20120515,1.49,1.5,1.36,1.5,7893,0
20120516,1.44,1.48,1.25,1.48,22367,0
20120517,1.5,1.5,1.34,1.45,61483,0
20120518,1.43,1.51,1.43,1.51,4541,0
20120521,1.51,1.53,1.48,1.48,1093,0
20120522,1.51,1.51,1.34,1.51,1545,0
20120523,1.51,1.66,1.51,1.66,34739,0
20120524,1.6,1.6,1.5,1.59,6047,0
20120525,1.53,1.53,1.44,1.44,3746,0
20120528,1.44,1.73,1.44,1.55,31267,0
20120529,1.54,1.54,1.44,1.52,5745,0
20120530,1.51,1.53,1.51,1.51,6064,0
20120531,1.5,1.5,1.42,1.49,11551,0
20120601,1.49,1.49,1.35,1.44,15248,0
20120604,1.44,1.5,1.44,1.5,600,0
20120605,1.44,1.44,1.35,1.43,28860,0
20120606,1.42,1.48,1.42,1.48,3621,0
20120612,1.46,1.58,1.46,1.58,1960,0
20120613,1.55,1.55,1.45,1.45,7856,0
20120614,1.49,1.51,1.43,1.51,3321,0
20120615,1.5,1.6,1.5,1.59,14496,0
20120618,1.59,1.59,1.59,1.59,80,0
20120619,1.59,1.59,1.58,1.58,1060,0
20120620,1.55,1.59,1.55,1.59,2216,0
20120621,1.59,1.59,1.57,1.57,313,0
20120622,1.59,1.59,1.58,1.58,160,0
20120625,1.58,1.58,1.43,1.49,581,0
20120626,1.5,1.5,1.49,1.49,604,0
20120627,1.49,1.55,1.49,1.55,610,0
20120628,1.55,1.58,1.54,1.55,2091,0
20120629,1.58,1.58,1.41,1.41,654,0
20120702,1.52,1.52,1.45,1.45,5500,0
20120703,1.45,1.45,1.45,1.45,54,0
20120704,1.4,1.46,1.39,1.46,1701,0
20120705,1.38,1.46,1.37,1.46,381,0
20120709,1.4,1.45,1.4,1.45,651,0
20120710,1.43,1.45,1.43,1.45,1043,0
20120712,1.46,1.46,1.46,1.46,16,0
20120713,1.47,1.53,1.47,1.53,5700,0
20120716,1.53,1.53,1.51,1.51,1010,0
20120717,1.53,1.53,1.52,1.52,130,0
20120718,1.53,1.53,1.53,1.53,90,0
20120719,1.53,1.53,1.49,1.51,993,0
20120720,1.45,1.45,1.41,1.41,9401,0
20120723,1.42,1.43,1.32,1.36,6663,0
20120724,1.33,1.41,1.31,1.41,2728,0
20120725,1.41,1.41,1.41,1.41,50,0
20120726,1.41,1.41,1.41,1.41,110,0
20120727,1.41,1.44,1.41,1.44,101,0
20120730,1.45,1.45,1.45,1.45,540,0
20120731,1.45,1.45,1.38,1.4,5555,0
20120801,1.36,1.36,1.36,1.36,1,0
20120803,1.36,1.36,1.29,1.35,1251,0
20120807,1.32,1.33,1.28,1.33,1701,0
20120808,1.32,1.32,1.23,1.32,8272,0
20120809,1.32,1.32,1.32,1.32,140,0
20120810,1.32,1.32,1.26,1.29,7144,0
20120813,1.29,1.29,1.23,1.25,7300,0
20120814,1.25,1.32,1.25,1.32,6794,0
20120816,1.32,1.32,1.32,1.32,140,0
20120817,1.32,1.32,1.31,1.31,220,0
20120820,1.31,1.31,1.31,1.31,90,0
20120821,1.28,1.3,1.23,1.3,1446,0
20120822,1.29,1.3,1.29,1.3,1590,0
20120823,1.3,1.3,1.29,1.3,2040,0
20120824,1.3,1.3,1.3,1.3,707,0
20120827,1.3,1.3,1.24,1.29,3261,0
20120828,1.25,1.25,1.24,1.24,1600,0
20120829,1.23,1.24,1.16,1.2,13806,0
20120830,1.23,1.26,1.18,1.24,4103,0
20120831,1.23,1.3,1.18,1.2,23351,0
20120903,1.2,1.2,1.2,1.2,70,0
20120904,1.2,1.22,1.19,1.22,14882,0
20120905,1.23,1.23,1.18,1.2,251,0
20120906,1.23,1.25,1.23,1.25,251,0
20120907,1.25,1.25,1.25,1.25,1100,0
20120910,1.28,1.28,1.28,1.28,101,0
20120911,1.28,1.32,1.28,1.32,3676,0
20120912,1.29,1.29,1.25,1.26,12602,0
20120913,1.26,1.3,1.26,1.3,3599,0
20120914,1.3,1.3,1.3,1.3,110,0
20120917,1.3,1.3,1.3,1.3,1070,0
20120918,1.3,1.3,1.3,1.3,70,0
20120919,1.3,1.3,1.3,1.3,756,0
20120921,1.3,1.3,1.3,1.3,10,0
20120924,1.3,1.3,1.3,1.3,80,0
20120925,1.3,1.3,1.3,1.3,10,0
20120926,1.27,1.29,1.2,1.27,11111,0
20120927,1.28,1.28,1.28,1.28,10,0
20120928,1.28,1.3,1.28,1.3,1685,0
20121001,1.3,1.3,1.29,1.29,3690,0
20121002,1.3,1.3,1.29,1.29,1050,0
20121003,1.3,1.3,1.3,1.3,50,0
20121004,1.3,1.3,1.3,1.3,11381,0
20121005,1.31,1.35,1.31,1.35,846,0
20121008,1.35,1.36,1.35,1.36,670,0
20121009,1.36,1.36,1.33,1.33,295,0
20121010,1.33,1.36,1.33,1.36,231,0
20121011,1.36,1.36,1.36,1.36,25,0
20121012,1.36,1.37,1.36,1.37,320,0
20121015,1.37,1.38,1.33,1.38,4312,0
20121016,1.4,1.4,1.4,1.4,15,0
20121017,1.4,1.43,1.4,1.43,2842,0
20121018,1.4,1.4,1.32,1.39,1056,0
20121019,1.39,1.39,1.39,1.39,10,0
20121022,1.37,1.37,1.36,1.36,1700,0
20121023,1.38,1.38,1.38,1.38,150,0
20121024,1.38,1.38,1.35,1.38,461,0
20121025,1.35,1.37,1.31,1.37,908,0
20121026,1.38,1.38,1.38,1.38,10,0
20121029,1.38,1.38,1.38,1.38,30,0
20121030,1.38,1.38,1.38,1.38,75,0
20121031,1.38,1.38,1.36,1.36,31,0
20121102,1.36,1.36,1.33,1.33,225,0
20121105,1.33,1.35,1.32,1.35,150,0
20121106,1.31,1.37,1.31,1.37,51,0
20121107,1.38,1.38,1.38,1.38,100,0
20121108,1.38,1.38,1.38,1.38,85,0
20121109,1.36,1.41,1.36,1.41,520,0
20121112,1.41,1.52,1.41,1.51,14845,0
20121113,1.51,1.55,1.38,1.43,11629,0
20121114,1.42,1.44,1.42,1.44,137,0
20121115,1.44,1.44,1.44,1.44,90,0
20121116,1.44,1.48,1.44,1.48,6000,0
20121119,1.46,1.46,1.44,1.44,780,0
20121120,1.44,1.47,1.44,1.47,1971,0
20121121,1.47,1.49,1.45,1.49,1232,0
20121123,1.49,1.52,1.49,1.52,333,0
20121126,1.52,1.59,1.52,1.58,9311,0
20121127,1.58,1.6,1.58,1.59,4881,0
20121128,1.56,1.56,1.55,1.55,100,0
20121129,1.55,1.55,1.4,1.46,15629,0
20121130,1.46,1.47,1.45,1.46,8360,0
20121203,1.45,1.47,1.44,1.47,251,0
20121204,1.45,1.45,1.4,1.42,3934,0
20121205,1.42,1.42,1.42,1.42,40,0
20121206,1.48,1.48,1.48,1.48,500,0
20121207,1.42,1.45,1.35,1.45,8673,0
20121210,1.45,1.45,1.45,1.45,80,0
20121211,1.45,1.5,1.45,1.5,23957,0
20121212,1.5,1.5,1.47,1.5,1332,0
20121213,1.5,1.5,1.45,1.45,270,0
20121214,1.44,1.48,1.41,1.48,4450,0
20121218,1.47,1.47,1.46,1.47,5592,0
20121219,1.45,1.45,1.44,1.45,2882,0
20121220,1.43,1.46,1.35,1.39,7320,0
20121221,1.4,1.41,1.4,1.41,101,0
20121227,1.41,1.42,1.41,1.41,449,0
20121228,1.41,1.45,1.41,1.41,1903,0
20130102,1.39,1.39,1.39,1.39,605,0
20130104,1.39,1.49,1.39,1.49,5385,0
20130107,1.5,1.5,1.45,1.48,3311,0
20130110,1.45,1.46,1.39,1.46,1468,0
20130111,1.48,1.48,1.48,1.48,10,0
20130114,1.46,1.46,1.46,1.46,30,0
20130116,1.47,1.47,1.46,1.46,71,0
20130117,1.46,1.46,1.46,1.46,661,0
20130118,1.46,1.46,1.46,1.46,489,0
20130121,1.46,1.46,1.41,1.46,681,0
20130122,1.46,1.46,1.46,1.46,50,0
20130123,1.46,1.46,1.4,1.42,9956,0
20130124,1.39,1.41,1.38,1.41,310,0
20130125,1.38,1.38,1.38,1.38,190,0
20130129,1.38,1.38,1.33,1.33,3135,0
20130130,1.33,1.33,1.33,1.33,50,0
20130131,1.33,1.33,1.33,1.33,160,0
20130201,1.33,1.33,1.28,1.28,6162,0
20130205,1.26,1.26,1.26,1.26,4010,0
20130206,1.26,1.33,1.26,1.33,130,0
20130207,1.34,1.35,1.34,1.35,555,0
20130208,1.34,1.34,1.34,1.34,150,0
20130211,1.34,1.34,1.34,1.34,700,0
20130212,1.34,1.34,1.27,1.27,230,0
20130213,1.27,1.34,1.27,1.34,90,0
20130214,1.34,1.34,1.34,1.34,30,0
20130215,1.34,1.34,1.34,1.34,35,0
20130218,1.34,1.34,1.34,1.34,120,0
20130219,1.34,1.34,1.27,1.34,705,0
20130220,1.34,1.34,1.34,1.34,75,0
20130221,1.34,1.34,1.27,1.27,1270,0
20130222,1.27,1.27,1.27,1.27,908,0
20130225,1.27,1.33,1.27,1.33,626,0
20130226,1.35,1.35,1.29,1.35,127,0
20130227,1.35,1.35,1.35,1.35,155,0
20130228,1.35,1.48,1.35,1.47,31003,0
20130301,1.48,1.48,1.47,1.47,4740,0
20130304,1.48,1.61,1.4,1.59,34294,0
20130305,1.58,1.59,1.57,1.59,4537,0
20130306,1.59,1.66,1.55,1.64,15006,0
20130307,1.57,1.64,1.57,1.64,1610,0
20130308,1.64,1.64,1.63,1.64,1640,0
20130311,1.64,1.65,1.62,1.62,1715,0
20130312,1.65,1.65,1.58,1.65,3101,0
20130313,1.65,1.65,1.6,1.64,1956,0
20130314,1.63,1.63,1.5,1.58,10712,0
20130315,1.49,1.49,1.43,1.44,9675,0
20130318,1.47,1.49,1.44,1.49,1250,0
20130319,1.44,1.49,1.44,1.49,225,0
20130320,1.49,1.49,1.49,1.49,10,0
20130321,1.47,1.53,1.47,1.53,19016,0
20130322,1.48,1.55,1.45,1.55,15518,0
20130325,1.52,1.59,1.52,1.59,19198,0
20130326,1.55,1.59,1.55,1.59,605,0
20130402,1.59,1.69,1.59,1.68,10222,0
20130403,1.68,1.68,1.6,1.68,11551,0
20130404,1.68,1.77,1.6,1.68,15529,0
20130405,1.71,1.74,1.7,1.74,8568,0
20130408,1.76,1.87,1.72,1.76,30210,0
20130409,1.76,1.76,1.59,1.68,25593,0
20130410,1.68,1.73,1.68,1.73,2255,0
20130411,1.74,1.74,1.65,1.7,5193,0
20130412,1.63,1.71,1.63,1.71,4735,0
20130415,1.64,1.72,1.64,1.72,759,0
20130417,1.64,1.66,1.63,1.63,3396,0
20130418,1.63,1.68,1.6,1.68,2271,0
20130419,1.68,1.68,1.68,1.68,65,0
20130422,1.61,1.76,1.61,1.76,5161,0
20130423,1.8,1.85,1.77,1.85,22136,0
20130424,1.85,1.87,1.77,1.79,8151,0
20130425,1.79,1.86,1.78,1.86,2060,0
20130426,1.86,1.88,1.81,1.87,5155,0
20130429,1.88,1.88,1.86,1.86,3095,0
20130430,1.86,1.86,1.78,1.85,264,0
20130502,1.85,1.85,1.78,1.8,5225,0
20130506,1.8,1.8,1.72,1.8,13124,0
20130507,1.8,1.82,1.79,1.82,737,0
20130508,1.82,1.82,1.76,1.76,2403,0
20130509,1.74,1.77,1.73,1.77,360,0
20130510,1.77,1.79,1.77,1.79,1000,0
20130513,1.76,1.8,1.75,1.8,1221,0
20130514,1.81,1.81,1.75,1.81,3342,0
20130515,1.74,1.81,1.72,1.81,4470,0
20130516,1.75,1.75,1.58,1.72,21326,0
20130517,1.6,1.74,1.6,1.74,7529,0
20130520,1.64,1.85,1.64,1.84,9878,0
20130521,1.85,1.94,1.85,1.94,12342,0
20130522,1.85,2.18,1.85,2.15,168249,0
20130523,2.05,2.1,2.05,2.09,4404,0
20130524,2.15,2.18,2.07,2.15,2616,0
20130527,2.15,2.15,1.99,2.15,9159,0
20130528,2.18,2.26,2.17,2.26,8605,0
20130529,2.27,2.58,2.27,2.55,24384,0
20130531,2.55,2.6,2.46,2.6,10218,0
20130603,2.6,2.73,2.6,2.65,20572,0
20130604,2.73,2.73,2.59,2.59,5009,0
20130605,2.67,2.67,2.58,2.63,16082,0
20130606,2.62,2.62,2.61,2.61,60,0
20130607,2.62,2.62,2.58,2.6,1027,0
20130610,2.61,2.62,2.45,2.62,37606,0
20130611,2.62,2.62,2.62,2.62,100,0
20130612,2.61,2.87,2.6,2.63,38570,0
20130617,2.59,2.61,2.55,2.55,10278,0
20130618,2.56,2.59,2.56,2.59,550,0
20130619,2.6,2.6,2.6,2.6,5,0
20130620,2.57,2.57,2.5,2.52,8781,0
20130625,2.55,2.6,2.5,2.6,23936,0
20130626,2.52,2.59,2.51,2.59,115,0
20130627,2.59,2.59,2.4,2.4,520,0
20130628,2.4,2.4,2.22,2.29,1205,0
20130701,2.2,2.2,1.99,2,7741,0
20130702,2,2,1.85,1.95,14963,0
20130703,1.88,1.93,1.85,1.93,3345,0
20130704,1.93,1.98,1.93,1.98,586,0
20130705,1.93,1.95,1.93,1.95,203,0
20130710,1.92,2.07,1.92,1.97,10691,0
20130711,1.97,2,1.97,2,814,0
20130712,2,2.19,2,2.04,12551,0
20130715,2.04,2.1,2,2.1,13088,0
20130716,2.01,2.03,2.01,2.03,3450,0
20130717,2.06,2.06,2.06,2.06,2000,0
20130718,2.06,2.1,2.06,2.1,111,0
20130719,2.01,2.12,2.01,2.12,7119,0
20130722,2.15,2.15,2.1,2.1,50,0
20130723,2.15,2.15,2.15,2.15,40,0
20130724,2.11,2.14,2.09,2.14,700,0
20130725,2.09,2.24,2.09,2.23,997,0
20130726,2.2,2.2,2,2.19,21193,0
20130729,2.19,2.19,2.11,2.17,205,0
20130730,2.23,2.23,2.09,2.15,155,0
20130731,2.15,2.15,2.05,2.12,4335,0
20130801,2.06,2.12,2.06,2.12,666,0
20130802,2.04,2.11,2.01,2.11,123,0
20130805,2.11,2.11,2.04,2.08,4709,0
20130806,2.03,2.05,2.03,2.05,3800,0
20130807,2.02,2.02,1.97,2,3701,0
20130808,1.96,2.02,1.91,2,13650,0
20130809,2,2.06,2,2.06,2934,0
20130813,2.06,2.1,2.06,2.1,410,0
20130814,2.11,2.11,2.1,2.1,4089,0
20130819,2.1,2.1,2.1,2.1,62,0
20130820,2.1,2.1,2.02,2.04,700,0
20130822,2.01,2.05,2.01,2.05,110,0
20130826,2,2,2,2,690,0
20130827,1.99,2.03,1.92,2.03,8352,0
20130828,2.01,2.01,2.01,2.01,100,0
20130829,2,2.04,2,2.04,1095,0
20130902,2.1,2.6,2.1,2.6,39016,0
20130903,2.6,2.6,2.34,2.58,15824,0
20130904,2.57,2.58,2.43,2.43,3440,0
20130905,2.4,2.4,2.11,2.36,17525,0
20130906,2.36,2.48,2.36,2.44,12652,0
20130909,2.44,2.44,2.38,2.42,1451,0
20130910,2.36,2.38,2.31,2.38,520,0
20130911,2.38,2.44,2.38,2.43,14920,0
20130912,2.44,2.44,2.43,2.44,3574,0
20130913,2.41,2.44,2.41,2.44,4545,0
20130916,2.44,2.44,2.28,2.28,2220,0
20130917,2.28,2.38,2.28,2.38,9820,0
20130918,2.36,2.39,2.36,2.39,101,0
20130919,2.43,2.44,2.39,2.43,14419,0
20130920,2.44,2.55,2.37,2.55,9236,0
20130923,2.73,2.73,2.65,2.69,3390,0
20130924,2.68,2.68,2.58,2.61,12675,0
20130925,2.4,2.59,2.4,2.59,6205,0
20130926,2.5,2.6,2.43,2.6,8101,0
20130927,2.6,2.76,2.6,2.7,9778,0
20130930,2.75,2.75,2.62,2.73,15765,0
20131001,2.66,2.79,2.6,2.69,22489,0
20131002,2.7,2.72,2.64,2.72,203,0
20131003,2.7,2.7,2.7,2.7,2270,0
20131004,2.7,2.7,2.4,2.4,40318,0
20131007,2.42,2.58,2.42,2.58,56264,0
20131008,2.58,2.7,2.46,2.68,61237,0
20131009,2.68,2.68,2.68,2.68,17092,0
20131010,2.68,2.8,2.68,2.73,17302,0
20131011,2.67,2.8,2.62,2.8,5976,0
20131014,2.78,2.78,2.66,2.76,2750,0
20131015,2.76,2.8,2.76,2.79,1544,0
20131016,2.79,2.79,2.79,2.79,650,0
20131017,2.79,2.79,2.69,2.78,893,0
20131018,2.79,2.79,2.68,2.68,3900,0
20131021,2.68,2.68,2.59,2.59,6200,0
20131022,2.55,2.68,2.55,2.68,13276,0
20131023,2.68,2.68,2.6,2.6,5973,0
20131024,2.6,2.66,2.6,2.66,4000,0
20131025,2.67,2.67,2.62,2.66,1865,0
20131028,2.63,2.69,2.63,2.68,189,0
20131029,2.68,2.74,2.68,2.74,5047,0
20131030,2.75,2.78,2.7,2.7,14300,0
20131031,2.7,2.71,2.7,2.71,16250,0
20131104,2.71,2.78,2.68,2.78,18307,0
20131105,2.76,2.76,2.65,2.73,796,0
20131106,2.77,2.77,2.77,2.77,160,0
20131107,2.77,2.84,2.77,2.84,14726,0
20131108,2.78,2.84,2.78,2.84,1525,0
20131112,2.84,2.84,2.76,2.76,2736,0
20131113,2.73,2.73,2.7,2.73,10687,0
20131114,2.75,2.76,2.7,2.76,800,0
20131115,2.78,2.78,2.73,2.77,9407,0
20131118,2.77,2.82,2.7,2.76,15779,0
20131119,2.76,2.78,2.7,2.77,2966,0
20131120,2.79,3.05,2.75,3.04,34215,0
20131121,3.01,3.09,2.96,3.09,7270,0
20131122,3.07,3.32,3.06,3.31,36739,0
20131125,3.31,3.33,3.01,3.33,34734,0
20131126,3.24,3.35,3.16,3.2,8271,0
20131127,3.2,3.2,3.01,3.15,10025,0
20131128,3.1,3.1,3.02,3.1,7015,0
20131129,3.1,3.2,2.87,3.2,24505,0
20131202,3.19,3.38,3.06,3.09,18364,0
20131203,3.06,3.09,3.02,3.06,4631,0
20131204,3.09,3.09,2.98,2.98,9235,0
20131205,2.99,3,2.91,3,6145,0
20131209,2.96,3.2,2.94,3.2,20636,0
20131210,3.21,3.21,2.97,3.1,17956,0
20131211,3.22,3.23,3,3.1,9183,0
20131212,3,3.08,2.97,3.08,3237,0
20131213,2.95,3.15,2.86,3.05,29503,0
20131216,2.96,2.96,2.96,2.96,1177,0
20131217,2.95,2.95,2.75,2.75,4887,0
20131218,2.72,2.81,2.67,2.72,12948,0
20131219,2.83,2.85,2.75,2.75,3982,0
20131220,2.72,2.78,2.65,2.65,5525,0
20131223,2.65,2.65,2.65,2.65,835,0
20131227,2.65,2.75,2.65,2.7,1820,0
20131230,2.7,2.7,2.7,2.7,50,0
20140102,2.7,2.95,2.7,2.95,3397,0
20140103,2.95,2.95,2.86,2.95,1691,0
20140107,2.94,2.98,2.94,2.96,1150,0
20140108,2.96,2.98,2.94,2.98,3540,0
20140109,2.98,3.27,2.97,3.16,32654,0
20140110,3.16,3.16,3,3.06,3758,0
20140113,3.06,3.06,3.04,3.04,690,0
20140114,3.02,3.26,3.02,3.15,1300,0
20140115,3.12,3.16,3,3.16,2584,0
20140116,3.15,3.15,3.09,3.1,1410,0
20140117,3.07,3.07,3,3.01,2110,0
20140120,3.02,3.13,3.02,3.13,3347,0
20140121,3.05,3.09,2.94,3.07,11450,0
20140122,3.08,3.08,2.9,2.9,2207,0
20140123,2.9,2.9,2.9,2.9,155,0
20140124,2.9,2.9,2.89,2.89,370,0
20140127,2.93,2.93,2.72,2.92,11170,0
20140128,2.89,2.89,2.75,2.75,8695,0
20140129,2.75,2.76,2.7,2.76,10250,0
20140130,2.7,2.76,2.69,2.7,1085,0
20140131,2.69,2.76,2.68,2.76,398,0
20140203,2.76,2.85,2.76,2.85,2055,0
20140204,2.78,2.82,2.77,2.82,736,0
20140205,2.83,2.83,2.81,2.83,2876,0
20140206,2.81,2.81,2.75,2.8,2289,0
20140207,2.75,2.8,2.75,2.8,40,0
20140210,2.81,2.84,2.77,2.84,1914,0
20140211,2.85,2.87,2.77,2.85,600,0
20140212,2.86,2.86,2.73,2.73,5111,0
20140213,2.68,2.84,2.65,2.84,11216,0
20140214,2.76,2.83,2.72,2.82,5300,0
20140217,2.74,2.78,2.67,2.73,7025,0
20140218,2.73,2.73,2.7,2.71,2521,0
20140219,2.71,2.79,2.7,2.79,3566,0
20140220,2.75,2.8,2.75,2.8,2096,0
20140221,2.79,2.85,2.78,2.85,4305,0
20140224,2.83,2.85,2.77,2.85,1958,0
20140225,2.84,2.86,2.8,2.81,1928,0
20140226,2.82,2.82,2.82,2.82,31,0
20140227,2.84,2.84,2.83,2.83,900,0
20140228,2.9,2.99,2.78,2.95,19044,0
20140303,2.82,2.82,2.64,2.65,11855,0
20140304,2.65,2.73,2.65,2.73,772,0
20140305,2.75,2.76,2.75,2.75,669,0
20140306,2.75,2.76,2.75,2.75,275,0
20140307,2.75,2.78,2.6,2.6,1458,0
20140310,2.6,2.65,2.51,2.65,9519,0
20140311,2.69,2.69,2.69,2.69,600,0
20140312,2.69,2.69,2.69,2.69,200,0
20140313,2.62,2.7,2.62,2.7,1861,0
20140314,2.69,2.69,2.55,2.55,3534,0
20140317,2.42,2.55,2.42,2.51,4608,0
20140318,2.54,2.54,2.54,2.54,650,0
20140319,2.5,2.5,2.49,2.49,1176,0
20140320,2.54,2.54,2.54,2.54,89,0
20140321,2.54,2.55,2.54,2.55,315,0
20140324,2.49,2.55,2.49,2.55,52,0
20140325,2.55,2.59,2.55,2.59,208,0
20140326,2.49,2.57,2.49,2.57,145,0
20140327,2.55,2.59,2.5,2.59,1688,0
20140328,2.57,2.6,2.49,2.6,1995,0
20140331,2.6,2.6,2.5,2.51,605,0
20140401,2.51,2.51,2.51,2.51,1000,0
20140402,2.5,2.5,2.5,2.5,20,0
20140403,2.5,2.5,2.5,2.5,525,0
20140407,2.49,2.5,2.45,2.45,3430,0
20140408,2.37,2.54,2.37,2.54,823,0
20140409,2.55,2.55,2.45,2.55,262,0
20140410,2.57,2.57,2.57,2.57,100,0
20140411,2.57,2.57,2.57,2.57,50,0
20140414,2.57,2.57,2.51,2.51,160,0
20140415,2.54,2.54,2.54,2.54,48,0
20140416,2.55,2.55,2.46,2.55,1063,0
20140417,2.55,2.55,2.55,2.55,30,0
20140422,2.45,2.47,2.4,2.47,5663,0
20140423,2.47,2.47,2.47,2.47,60,0
20140424,2.47,2.47,2.25,2.3,6321,0
20140425,2.3,2.3,2.3,2.3,20,0
20140428,2.28,2.28,2.23,2.28,657,0
20140429,2.24,2.26,2.21,2.26,2121,0
20140430,2.25,2.25,2.22,2.22,337,0
20140502,2.23,2.38,2.22,2.38,6160,0
20140505,2.23,2.23,2.21,2.21,6950,0
20140506,2.18,2.18,2.18,2.18,16,0
20140507,2.25,2.38,2.25,2.38,852,0
20140508,2.38,2.38,2.38,2.38,40,0
20140509,2.38,2.38,2.38,2.38,40,0
20140512,2.38,2.38,2.38,2.38,15,0
20140513,2.3,2.32,2.22,2.22,1900,0
20140514,2.22,2.3,2.22,2.3,28,0
20140515,2.3,2.48,2.28,2.48,5020,0
20140516,2.48,2.48,2.1,2.12,15314,0
20140519,2.1,2.2,2.1,2.1,2511,0
20140520,2.11,2.18,2.1,2.18,1902,0
20140521,2.18,2.18,2.12,2.18,754,0
20140522,2.18,2.18,2.09,2.18,436,0
20140523,2.18,2.18,2.11,2.16,429,0
20140526,2.15,2.15,2.11,2.15,1160,0
20140527,2.15,2.15,2.07,2.15,1168,0
20140528,2.15,2.15,2.15,2.15,30,0
20140529,2.15,2.25,2.15,2.25,7466,0
20140530,2.26,2.27,2.2,2.2,6986,0
20140602,2.38,2.38,2.38,2.38,10,0
20140603,2.3,2.3,2.3,2.3,380,0
20140604,2.3,2.3,2.3,2.3,370,0
20140605,2.3,2.3,2.3,2.3,60,0
20140606,2.29,2.29,2.2,2.2,1697,0
20140609,2.19,2.19,2.15,2.19,381,0
20140610,2.13,2.21,2.13,2.21,107,0
20140611,2.2,2.2,2.2,2.2,30,0
20140612,2.17,2.23,2.17,2.23,111,0
20140613,2.23,2.23,2.23,2.23,30,0
