Date,Open,High,Low,Close,Volume,OpenInt
20080603,9.623,9.623,7.3867,9.199,15866,0
20080604,9.546,9.546,7.4205,7.9542,1350,0
20080605,7.0817,7.5476,6.37,6.565,2548,0
20080606,6.565,6.9885,6.565,6.9885,682,0
20080609,6.9885,6.9885,6.6412,6.8022,392,0
20080610,6.8107,6.8615,6.8107,6.8615,218,0
20080611,6.6751,6.6751,6.3956,6.548,806,0
20080612,6.8022,6.8022,6.692,6.7851,1686,0
20080613,6.853,6.98,6.853,6.9123,816,0
20080616,6.9462,6.9462,6.8699,6.8699,509,0
20080617,6.9123,6.9123,6.9038,6.9038,654,0
20080618,6.9123,6.9123,6.9123,6.9123,15,0
20080619,6.8699,6.9292,6.8699,6.9292,232,0
20080620,6.9123,6.9123,6.6666,6.8868,897,0
20080623,6.9969,7.2849,6.819,7.1154,1163,0
20080624,7.1495,7.1495,7.1495,7.1495,28,0
20080625,7.2002,7.2173,7.2002,7.2173,159,0
20080626,7.2765,7.8187,7.1495,7.8187,1032,0
20080627,7.4628,7.7509,7.4544,7.7509,932,0
20080630,7.7509,7.7509,7.3527,7.6238,611,0
20080701,7.3527,7.3527,7.2849,7.2849,872,0
20080702,7.0139,7.0477,7.0139,7.0477,290,0
20080703,7.2934,7.3613,7.0817,7.2173,479,0
20080707,7.2173,7.2173,7.2173,7.2173,15,0
20080708,6.8699,6.8699,6.8699,6.8699,15,0
20080709,6.8699,6.8699,6.8699,6.8699,15,0
20080710,6.8699,6.8699,6.8699,6.8699,15,0
20080711,6.8699,6.8699,6.8699,6.8699,15,0
20080714,6.8699,6.8699,6.8699,6.8699,15,0
20080715,6.7344,6.7344,6.7344,6.7344,28,0
20080716,6.7344,6.7344,6.7344,6.7344,15,0
20080717,6.7344,6.7344,6.7344,6.7344,15,0
20080718,6.7344,6.7344,6.5988,6.5988,377,0
20080721,6.6666,6.6666,6.6666,6.6666,15,0
20080722,6.7259,6.7344,6.7259,6.7344,527,0
20080723,6.7344,6.7344,6.7344,6.7344,15,0
20080724,6.7344,6.7344,6.7344,6.7344,15,0
20080725,6.7344,6.7344,6.7344,6.7344,15,0
20080728,6.7344,6.7344,6.7344,6.7344,15,0
20080729,6.7259,6.7259,6.7259,6.7259,174,0
20080730,6.7259,6.7259,6.4294,6.4294,407,0
20080731,6.565,6.7259,6.3956,6.3956,511,0
20080801,6.5311,6.6327,6.5311,6.6327,335,0
20080804,6.692,6.692,6.692,6.692,15,0
20080805,6.692,6.692,6.692,6.692,15,0
20080806,6.692,6.7344,6.692,6.7344,240,0
20080807,6.7851,6.7851,6.7851,6.7851,15,0
20080808,6.8022,6.8022,6.8022,6.8022,15,0
20080811,6.8022,6.8022,6.8022,6.8022,15,0
20080812,6.819,6.819,6.819,6.819,15,0
20080813,6.8275,6.8275,6.8275,6.8275,15,0
20080814,6.836,6.836,6.836,6.836,15,0
20080819,6.836,6.853,6.836,6.853,28,0
20080821,6.8615,6.8615,6.8615,6.8615,15,0
20080822,6.8699,6.8699,6.8699,6.8699,15,0
20080825,6.9123,6.9123,6.9123,6.9123,15,0
20080826,6.9462,6.963,6.9462,6.963,28,0
20080827,6.98,7.0477,6.7344,6.7344,399,0
20080828,7.0817,7.0817,7.0817,7.0817,15,0
20080829,7.0647,7.0647,7.0647,7.0647,15,0
20080901,6.6666,6.6666,6.6666,6.6666,364,0
20080902,6.8699,6.8699,6.8699,6.8699,6,0
20080903,6.8699,6.8699,6.8699,6.8699,6,0
20080904,6.7683,6.7683,6.7683,6.7683,15,0
20080905,6.8699,6.8699,6.8699,6.8699,6,0
20080909,6.7344,6.8699,6.7344,6.8699,22,0
20080919,6.8699,6.8868,6.8699,6.8868,15,0
20080922,6.9123,6.9123,6.9123,6.9123,6,0
20080924,6.9462,6.9462,6.9462,6.9462,6,0
20081014,6.7851,7.2173,6.7851,7.2173,371,0
20081015,7.141,7.2088,7.141,7.2088,459,0
20081016,6.5311,7.2173,6.5311,7.2173,2606,0
20081017,7.2765,7.2765,7.2765,7.2765,6,0
20081020,6.7344,6.7344,6.7344,6.7344,364,0
20081021,7.0139,7.0139,7.0139,7.0139,6,0
20081023,7.0054,7.0139,7.0054,7.0139,117,0
20081024,7.0054,7.0054,7.0054,7.0054,67,0
20081027,7.0054,7.0054,7.0054,7.0054,15,0
20081028,7.0054,7.0054,7.0054,7.0054,15,0
20081029,7.0054,7.0054,7.0054,7.0054,43,0
20081030,7.0054,7.0054,7.0054,7.0054,43,0
20081031,7.0054,7.0054,7.0054,7.0054,15,0
20081103,7.0054,7.0054,7.0054,7.0054,15,0
20081104,7.0054,7.0054,7.0054,7.0054,57,0
20081105,7.0054,7.0139,6.6666,7.0054,237,0
20081106,7.0139,7.0139,7.0139,7.0139,15,0
20081107,7.0223,7.0223,7.0223,7.0223,66,0
20081110,7.0223,7.0223,7.0223,7.0223,23,0
20081112,7.0223,7.0223,7.0223,7.0223,15,0
20081113,7.0223,7.0223,7.0223,7.0223,15,0
20081114,7.0223,7.0223,7.0223,7.0223,49,0
20081117,7.0223,7.0223,7.0223,7.0223,15,0
20081118,7.0223,7.0223,7.0223,7.0223,15,0
20081119,7.0139,7.0139,7.0139,7.0139,15,0
20081120,6.98,7.0223,6.98,7.0223,138,0
20081121,7.0223,7.0223,7.0223,7.0223,79,0
20081124,7.031,7.031,7.0223,7.0223,728,0
20081125,7.0223,7.0223,7.0223,7.0223,1135,0
20081126,7.031,7.031,7.031,7.031,174,0
20081127,7.0139,7.0139,7.0139,7.0139,15,0
20081128,7.0139,7.0139,7.0139,7.0139,15,0
20081201,7.0394,7.0477,7.0394,7.0477,1137,0
20081202,7.0477,7.0477,7.0477,7.0477,945,0
20081203,7.0477,7.141,7.0477,7.141,829,0
20081204,7.1748,7.1748,7.141,7.1748,179,0
20081205,7.0139,7.0139,6.7683,6.98,2269,0
20081208,6.98,7.1834,6.98,7.1834,146,0
20081209,7.1834,7.1834,7.0139,7.0139,103,0
20081210,7.0139,7.0139,7.0139,7.0139,204,0
20081211,7.0139,7.0139,6.7344,7.0139,559,0
20081212,7.0054,7.0139,6.7004,7.0139,522,0
20081215,7.0054,7.0139,6.6666,7.0139,670,0
20081216,6.98,6.9885,6.7259,6.9885,655,0
20081217,6.98,6.98,6.6751,6.6751,612,0
20081218,6.98,6.98,6.8699,6.8699,291,0
20081219,6.7514,6.98,6.5395,6.8699,1780,0
20081222,6.5988,6.5988,6.1161,6.5988,3292,0
20081223,6.4887,6.4887,6.1499,6.1499,7536,0
20081229,6.1414,6.3786,6.1414,6.3786,729,0
20081230,6.1414,6.1414,6.1161,6.1161,707,0
20081231,6.1075,6.1329,6.0821,6.0821,2325,0
20090105,6.0736,6.0736,5.8449,5.8449,1393,0
20090106,6.0482,6.0482,5.8449,5.8449,4135,0
20090107,5.9805,5.9805,5.7094,5.8449,3488,0
20090108,6.0397,6.0397,5.9296,5.9466,2259,0
20090109,6.1837,6.1837,6.1075,6.1161,1273,0
20090112,6.0736,6.0736,6.0736,6.0736,1253,0
20090113,6.4972,6.4972,5.9126,6.0482,1550,0
20090114,6.0482,6.1161,6.0482,6.1161,887,0
20090115,5.9549,5.9549,5.8365,5.8789,1914,0
20090116,6.0821,6.0821,5.8789,5.9466,1371,0
20090119,5.9042,5.9042,5.8449,5.8618,1451,0
20090120,6.1161,6.1161,6.0143,6.0143,1348,0
20090121,6.0143,7.107,5.9974,7.107,1760,0
20090122,7.0902,7.0902,7.0817,7.0902,1068,0
20090123,7.0732,7.0817,6.7683,7.0817,4028,0
20090126,7.0987,7.0987,6.853,6.853,1335,0
20090127,6.853,7.0987,6.853,7.0902,2083,0
20090128,7.1241,7.1241,7.1241,7.1241,1411,0
20090129,7.1495,7.1495,7.141,7.1495,1024,0
20090130,7.0732,7.0732,6.6666,7.0647,935,0
20090202,7.0647,7.0817,6.6666,7.0139,903,0
20090203,7.0562,7.2765,7.0562,7.2173,436,0
20090204,7.1154,7.1834,7.1154,7.1664,365,0
20090205,7.0054,7.0139,6.6666,7.0139,942,0
20090206,7.1495,7.1495,6.8699,7.141,628,0
20090209,7.1325,7.2173,7.0477,7.1834,893,0
20090210,7.1748,7.1748,6.8699,6.8699,710,0
20090211,7.1748,7.1834,6.7344,7.1834,802,0
20090212,7.141,7.141,6.8699,6.8699,634,0
20090213,6.8699,7.1325,6.7937,7.1325,710,0
20090216,7.1241,7.1241,6.7344,6.7344,1388,0
20090217,7.0139,7.0139,6.7344,6.7344,736,0
20090218,6.6666,7.0054,6.6666,7.0054,569,0
20090219,7.0054,7.0054,6.6666,6.6666,539,0
20090220,6.9969,7.0054,6.5988,6.5988,666,0
20090223,6.8615,6.8615,6.8615,6.8615,304,0
20090224,6.8699,6.8699,6.8699,6.8699,277,0
20090226,6.9376,6.9376,6.9376,6.9376,2662,0
20090227,6.9462,6.9546,6.9462,6.9546,117,0
20090305,6.565,6.8699,6.565,6.8699,728,0
20090306,6.7344,6.7344,6.7344,6.7344,15,0
20090309,6.7344,6.7344,6.5311,6.5311,595,0
20090311,6.565,6.565,6.565,6.565,72,0
20090313,6.6666,6.6666,6.6666,6.6666,15,0
20090316,6.6666,6.6666,6.6666,6.6666,6,0
20090317,6.6582,6.6582,6.6582,6.6582,6,0
20090318,6.6666,6.6666,6.5311,6.5311,152,0
20090319,6.6666,6.6666,6.6666,6.6666,7,0
20090320,6.6666,6.6666,6.6666,6.6666,6,0
20090323,6.8022,6.8022,6.8022,6.8022,134,0
20090324,6.9462,6.9462,6.8699,6.8699,2036,0
20090325,6.9462,6.9462,6.9462,6.9462,15,0
20090326,6.9462,6.9462,6.9462,6.9462,15,0
20090327,6.9462,6.9462,6.9462,6.9462,15,0
20090330,6.9462,6.9462,6.7344,6.7344,1468,0
20090331,6.7344,6.7344,6.7344,6.7344,15,0
20090401,6.9462,6.9462,6.7344,6.7344,1468,0
20090402,6.9376,6.9376,6.5988,6.9376,1483,0
20090403,6.9376,6.9376,6.9376,6.9376,15,0
20090406,6.9376,6.9376,6.9292,6.9376,138,0
20090407,6.9376,6.9462,6.6666,6.6666,1316,0
20090409,6.9376,6.9376,6.9292,6.9292,15,0
20090414,6.9292,6.9292,6.9292,6.9292,15,0
20090415,6.9292,6.9292,6.9292,6.9292,6,0
20090416,6.9123,6.9123,6.9123,6.9123,6,0
20090417,6.9123,6.9123,6.9123,6.9123,6,0
20090420,6.9292,6.9292,6.9292,6.9292,6,0
20090421,6.9292,6.9292,6.9292,6.9292,6,0
20090422,6.9292,6.9292,6.9292,6.9292,6,0
20090423,6.9292,6.9292,6.9292,6.9292,6,0
20090424,6.9292,6.9292,6.9292,6.9292,6,0
20090427,6.9292,6.9292,6.9292,6.9292,6,0
20090428,6.9292,6.9292,6.8699,6.8699,107,0
20090429,6.9292,6.9376,6.9292,6.9376,910,0
20090430,6.8699,6.8699,6.8699,6.8699,6,0
20090504,7.0139,7.0139,7.0139,7.0139,6,0
20090505,7.0139,7.9033,6.5311,6.5311,759,0
20090506,7.0054,7.0054,7.0054,7.0054,72,0
20090511,7.0139,7.0139,7.0139,7.0139,6,0
20090512,7.0139,7.0139,7.0139,7.0139,6,0
20090513,7.0139,7.0139,7.0139,7.0139,6,0
20090514,7.2173,7.5645,7.2173,7.5645,73,0
20090515,6.5311,6.8699,6.5311,6.8699,437,0
20090519,6.8699,7.2173,6.8699,7.2173,146,0
20090522,7.2173,7.2173,7.2173,7.2173,1,0
20090526,6.8699,6.8699,6.8699,6.8699,6,0
20090527,6.8699,6.8699,6.8699,6.8699,6,0
20090528,6.8699,6.8699,6.8699,6.8699,6,0
20090529,6.8699,6.8699,6.8699,6.8699,6,0
20090602,6.8699,6.8699,6.8699,6.8699,6,0
20090603,6.8699,6.8699,6.1837,6.1837,880,0
20090604,6.4633,6.4633,6.4633,6.4633,196,0
20090608,6.1837,6.1837,6.1837,6.1837,174,0
20090609,6.1837,6.1837,6.1837,6.1837,15,0
20090617,6.4633,6.4633,6.4633,6.4633,6,0
20090623,6.4633,6.4633,6.4633,6.4633,138,0
20090624,6.5311,6.5311,6.5311,6.5311,6,0
20090709,6.5311,6.5311,6.5311,6.5311,15,0
20090713,6.0482,6.0482,5.7772,5.8534,741,0
20090714,5.9126,6.0482,5.8449,5.8449,451,0
20090716,6.1584,6.1584,6.1584,6.1584,27,0
20090717,6.1499,6.1499,6.1499,6.1499,14,0
20090721,6.2092,6.2092,6.2092,6.2092,5,0
20090727,6.0906,6.0906,6.0906,6.0906,42,0
20090728,6.2092,6.7259,6.0228,6.7259,982,0
20090730,6.8699,7.0817,6.8699,7.0817,126,0
20090731,7.2934,7.2934,7.2934,7.2934,14,0
20090803,7.2934,7.2934,7.2934,7.2934,14,0
20090804,7.2596,7.2596,6.7259,6.7259,478,0
20090805,6.37,6.37,6.37,6.37,58,0
20090806,6.37,6.37,6.37,6.37,5,0
20090807,6.7259,7.0817,6.1584,6.1584,96,0
20090810,6.0906,6.0906,6.0906,6.0906,76,0
20090811,6.0228,6.8699,6.0228,6.8699,1248,0
20090813,6.8699,7.0817,6.8699,7.0817,142,0
20090814,6.0228,7.0817,6.0228,7.0562,57,0
20090817,7.0817,7.2256,7.0817,7.2256,132,0
20090818,7.0817,7.0817,7.0817,7.0817,27,0
20090820,7.2341,7.2341,7.2341,7.2341,5,0
20090821,6.7259,7.2341,6.6243,7.2341,1220,0
20090824,7.2341,7.2341,7.2341,7.2341,5,0
20090825,7.2596,7.2596,7.2596,7.2596,14,0
20090826,7.2596,7.2596,7.2596,7.2596,5,0
20090827,7.2596,7.2596,7.2596,7.2596,44,0
20090828,7.2596,7.2596,7.2596,7.2596,14,0
20090831,7.2596,7.7509,7.2596,7.2934,276,0
20090901,7.3019,7.3019,7.3019,7.3019,27,0
20090902,7.3019,7.3104,7.3019,7.3104,23,0
20090903,7.3104,7.3104,7.3104,7.3104,5,0
20090904,7.3104,7.3189,7.3104,7.3189,21,0
20090907,7.3189,7.3189,7.3189,7.3189,5,0
20090908,7.3189,7.3189,7.3189,7.3189,21,0
20090909,7.3189,7.3189,7.3189,7.3189,5,0
20090910,7.3189,7.3189,7.3189,7.3189,5,0
20090911,7.3189,7.3274,7.3189,7.3274,14,0
20090914,7.3189,7.3274,7.3189,7.3274,7,0
20090915,7.3189,7.3274,7.3189,7.3274,7,0
20090916,7.3189,7.3274,7.3189,7.3274,9,0
20090917,7.3189,7.3274,7.3189,7.3274,7,0
20090918,7.3189,7.3274,7.3189,7.3274,7,0
20090921,7.3189,7.3189,7.3189,7.3189,5,0
20090922,7.3189,7.3189,7.3189,7.3189,5,0
20090923,7.0817,7.0817,7.0817,7.0817,5,0
20090924,7.0817,7.0817,7.0817,7.0817,5,0
20090925,7.0817,7.0817,7.0817,7.0817,5,0
20090928,7.0817,7.0817,7.0817,7.0817,5,0
20090929,7.0817,7.0817,7.0817,7.0817,5,0
20090930,7.0817,7.0817,7.0817,7.0817,5,0
20091002,7.2934,7.7085,7.2934,7.7085,217,0
20091005,6.7259,7.0817,6.7259,7.0817,132,0
20091006,7.0817,7.0817,7.0817,7.0817,5,0
20091007,7.0817,7.0817,7.0817,7.0817,5,0
20091008,7.0817,7.0817,7.0817,7.0817,14,0
20091009,7.0817,7.0817,7.0817,7.0817,14,0
20091012,7.0817,7.0817,7.0817,7.0817,5,0
20091013,7.0817,7.0817,7.0817,7.0817,5,0
20091014,7.0817,7.0817,7.0817,7.0817,5,0
20091015,7.0817,7.0817,7.0817,7.0817,5,0
20091016,6.7259,7.0817,6.7259,7.0817,24,0
20091019,7.0817,7.4374,7.0817,7.4374,70,0
20091020,7.0817,7.0817,7.0817,7.0817,5,0
20091021,7.0817,7.0817,6.5903,6.7259,162,0
20091027,6.7259,6.7259,6.7259,6.7259,14,0
20091029,6.8022,6.8022,6.37,6.7259,438,0
20091102,6.6582,6.6582,6.6582,6.6582,5,0
20091103,6.6582,6.6582,6.6582,6.6582,44,0
20091105,6.7174,6.8699,6.7174,6.8699,494,0
20091112,6.7597,6.7597,6.7597,6.7597,14,0
20091116,6.7597,6.8699,6.7597,6.8699,64,0
20091117,6.7259,6.8699,6.7259,6.8699,143,0
20091118,6.8022,6.8022,6.8022,6.8022,14,0
20091119,6.8022,9.784,6.8022,7.2256,2370,0
20091120,7.2256,8.1405,7.0817,8.1405,892,0
20091123,7.717,7.717,6.5141,6.5903,1806,0
20091124,6.5903,6.98,6.5903,6.9292,218,0
20091125,6.9376,6.9376,6.9376,6.9376,14,0
20091126,6.9292,7.4374,6.9292,7.4374,142,0
20091127,7.0902,7.4374,7.0902,7.4374,53,0
20091130,7.0817,7.0817,7.0817,7.0817,14,0
20091201,7.0817,7.0817,6.37,6.7259,242,0
20091202,6.7259,7.0139,6.7259,7.0139,70,0
20091203,7.0139,7.0817,7.0139,7.0817,70,0
20091204,7.0817,7.0817,7.0817,7.0817,5,0
20091207,7.0817,7.429,7.0817,7.429,44,0
20091208,7.0817,7.0817,7.0817,7.0817,14,0
20091211,6.8022,6.8022,6.8022,6.8022,5,0
20091218,6.7259,6.7259,6.7259,6.7259,14,0
20100104,7.0139,7.0139,7.0139,7.0139,14,0
20100105,7.0139,7.0139,7.0139,7.0139,14,0
20100106,7.0139,7.0139,7.0139,7.0139,14,0
20100107,7.0139,7.0139,7.0139,7.0139,14,0
20100108,7.0139,7.0817,7.0139,7.0817,361,0
20100111,7.0477,7.1495,6.8022,6.8022,420,0
20100112,6.8022,6.8783,6.8022,6.8783,42,0
20100113,6.8783,7.1495,6.8022,7.0817,254,0
20100114,7.0817,7.0817,6.8699,6.9376,225,0
20100115,6.9123,7.0732,6.9123,6.98,818,0
20100118,6.9123,6.9123,6.9123,6.9123,14,0
20100119,6.9123,7.2256,6.9123,7.2256,169,0
20100120,7.2934,8.1405,7.1495,8.0051,1457,0
20100121,7.9965,7.9965,7.0902,7.7932,451,0
20100122,7.7932,7.7932,7.7932,7.7932,14,0
20100125,7.7932,7.7932,7.7932,7.7932,14,0
20100126,7.9711,7.9965,7.9711,7.9965,32,0
20100127,7.2765,7.9965,7.2256,7.9965,304,0
20100128,7.9711,7.9711,7.9711,7.9711,19,0
20100129,7.7848,7.7932,7.7509,7.7932,153,0
20100201,7.7932,7.7932,7.7848,7.7932,148,0
20100202,7.7848,8.4116,7.7848,8.4116,255,0
20100203,8.3439,8.3439,7.8271,7.8271,414,0
20100204,7.9288,8.3523,7.9288,8.3523,29,0
20100205,8.3523,8.3608,8.3523,8.3608,19,0
20100208,8.2761,8.2761,8.2761,8.2761,14,0
20100209,8.2507,8.2507,8.2507,8.2507,25,0
20100210,8.2082,8.2082,8.2082,8.2082,14,0
20100211,8.1998,8.1998,7.4374,8.1915,204,0
20100212,8.1405,8.1405,7.395,7.9627,373,0
20100215,7.8949,7.8949,7.8949,7.8949,14,0
20100216,7.8524,7.861,7.2934,7.861,148,0
20100217,7.7932,7.7932,7.2934,7.7932,303,0
20100218,7.7932,7.7932,7.7932,7.7932,14,0
20100219,7.8949,7.8949,7.8949,7.8949,5,0
20100222,7.9288,7.9288,7.9288,7.9288,142,0
20100223,7.9288,8.1405,7.9288,8.1405,509,0
20100224,8.1405,8.1405,8.1405,8.1405,14,0
20100225,8.1405,8.1405,8.1405,8.1405,14,0
20100226,8.1405,8.1405,8.1405,8.1405,14,0
20100301,8.1405,8.1405,8.1405,8.1405,14,0
20100303,8.1405,8.2846,8.1405,8.2846,72,0
20100304,8.2761,8.2761,8.2761,8.2761,17,0
20100305,8.2761,8.2846,7.861,7.861,443,0
20100308,7.7932,8.0389,7.4374,8.0051,614,0
20100309,7.988,7.988,7.988,7.988,14,0
20100310,7.9542,7.9542,7.9542,7.9542,14,0
20100311,7.9457,7.9457,7.9457,7.9457,14,0
20100312,7.9288,7.9288,7.9288,7.9288,3,0
20100315,7.9288,7.9288,7.9288,7.9288,2,0
20100316,7.446,7.8271,7.446,7.8271,21,0
20100317,7.446,7.8271,7.446,7.8271,76,0
20100318,7.9372,7.9372,7.9372,7.9372,2,0
20100319,7.9372,7.9372,7.9372,7.9372,5,0
20100322,7.9372,7.9372,7.9372,7.9372,14,0
20100323,7.9372,7.9372,7.9372,7.9372,14,0
20100324,7.5137,7.5137,7.5137,7.5137,176,0
20100325,7.4713,7.4713,7.4713,7.4713,14,0
20100326,7.446,7.6153,7.412,7.412,2085,0
20100329,7.412,7.9372,7.412,7.9372,694,0
20100330,8.0303,8.8521,8.0303,8.1405,3663,0
20100331,8.4878,9.911,8.4878,9.699,3509,0
20100401,9.911,10.614,9.699,10.029,7152,0
20100406,11.537,11.537,10.148,10.148,2937,0
20100407,10.343,10.623,10.343,10.623,170,0
20100408,10.767,10.978,10.496,10.496,1683,0
20100409,10.496,10.978,10.496,10.978,17,0
20100412,10.97,11.69,10.97,11.02,213,0
20100413,10.995,13.63,10.995,13.045,5077,0
20100414,13.054,13.808,12.393,13.528,1723,0
20100415,13.418,13.808,12.503,13.232,1357,0
20100416,13.282,13.282,12.3,12.817,307,0
20100419,12.817,13.316,12.817,13.316,112,0
20100420,13.282,13.282,13.282,13.282,14,0
20100421,12.749,12.749,12.749,12.749,14,0
20100422,12.74,12.74,12.045,12.045,103,0
20100423,11.69,12.393,11.69,12.393,219,0
20100426,12.316,12.316,12.316,12.316,14,0
20100427,12.316,12.316,12.3,12.3,40,0
20100428,12.291,14.087,12.291,14.011,4034,0
20100429,14.155,14.519,11.901,12.825,6823,0
20100430,13.528,13.528,12.605,13.104,1646,0
20100504,12.774,13.206,12.749,13.063,2095,0
20100505,12.58,13.164,12.215,12.63,3609,0
20100506,12.63,13.096,12.63,12.851,1729,0
20100507,12.749,13.799,12.342,12.893,5129,0
20100510,13.104,13.452,12.961,13.375,4805,0
20100511,13.638,13.79,13.02,13.02,4962,0
20100512,13.029,13.613,12.961,12.961,8419,0
20100513,13.79,13.79,12.452,13.545,3202,0
20100514,13.545,13.968,13.13,13.783,2499,0
20100517,13.689,13.689,13.341,13.545,1492,0
20100518,13.528,13.528,12.706,12.792,512,0
20100519,12.384,12.384,11.774,11.851,1497,0
20100520,11.013,11.309,10.081,10.081,2609,0
20100521,10.673,10.673,10.081,10.081,153,0
20100524,10.081,11.013,9.4875,10.504,1075,0
20100525,10.504,10.504,10.504,10.504,10,0
20100526,10.165,10.496,10.165,10.496,639,0
20100527,10.496,10.496,9.996,10.462,467,0
20100528,9.784,10.487,9.3181,10.487,1095,0
20100531,10.47,10.47,9.3345,10.462,434,0
20100601,10.453,10.453,10.453,10.453,10,0
20100602,10.453,10.453,9.411,10.072,754,0
20100604,9.3771,10.063,9.3694,9.4033,370,0
20100607,9.3268,9.742,8.9029,9.4284,650,0
20100608,8.9877,10.165,8.9877,9.1485,1238,0
20100609,9.174,10.115,9.174,9.411,1439,0
20100610,9.411,9.742,9.411,9.4449,474,0
20100611,9.733,9.742,9.2329,9.4449,516,0
20100614,9.53,9.784,8.8945,8.8945,367,0
20100615,8.4709,9.564,8.4709,9.3181,302,0
20100616,9.3007,9.3007,9.3007,9.3007,10,0
20100617,9.3094,9.3181,9.3094,9.3181,59,0
20100618,9.3094,9.4033,8.8945,9.4033,961,0
20100621,9.3945,9.573,9.3945,9.564,117,0
20100622,9.564,9.699,9.564,9.699,74,0
20100623,9.725,9.725,9.725,9.725,10,0
20100624,9.725,9.725,9.3181,9.573,131,0
20100625,9.573,9.699,9.1485,9.699,178,0
20100628,9.699,9.699,9.699,9.699,10,0
20100629,9.699,9.987,9.53,9.987,832,0
20100630,9.979,11.436,9.742,11.02,1245,0
20100701,11.013,11.029,11.013,11.029,134,0
20100702,11.013,11.343,9.573,11.343,597,0
20100705,11.318,12.706,9.826,10.165,3981,0
20100706,10.657,11.86,10.657,11.86,72,0
20100707,10.589,11.766,10.25,10.25,250,0
20100708,11.521,11.521,10.598,10.598,134,0
20100709,10.673,11.69,10.673,11.69,167,0
20100712,11.521,11.521,11.47,11.47,42,0
20100713,11.114,11.351,11.114,11.351,44,0
20100714,11.182,11.309,11.013,11.309,705,0
20100715,11.309,11.309,11.309,11.309,1,0
20100716,10.97,10.97,10.97,10.97,8,0
20100719,11.266,11.291,10.842,11.291,505,0
20100720,11.013,11.291,10.885,11.291,398,0
20100721,11.284,11.436,10.801,11.436,1626,0
20100722,11.419,11.427,11.419,11.427,24,0
20100723,11.266,11.266,11.266,11.266,10,0
20100726,11.419,11.419,10.851,11.419,130,0
20100727,11.41,11.41,10.767,11.393,690,0
20100728,11.368,11.419,9.75,11.266,2214,0
20100729,11.165,11.165,10.343,11.14,1078,0
20100730,11.122,11.122,10.182,11.097,734,0
20100802,11.029,11.122,10.174,11.122,1193,0
20100803,11.122,11.122,10.25,11.063,1666,0
20100804,11.072,11.122,10.419,11.122,2063,0
20100805,11.114,12.706,10.546,12.368,6412,0
20100806,12.334,12.334,11.182,11.792,1147,0
20100809,11.833,12.537,11.131,12.537,3022,0
20100810,12.656,13.088,11.529,12.596,863,0
20100811,12.452,12.833,11.325,12.571,3195,0
20100812,12.393,12.393,11.334,11.978,1795,0
20100813,12.105,12.105,11.69,12.105,2157,0
20100816,12.097,12.689,12.029,12.689,2860,0
20100817,12.689,12.689,11.944,12.689,491,0
20100818,12.282,12.681,12.029,12.444,569,0
20100819,12.029,12.444,11.944,11.986,479,0
20100820,12.029,12.359,11.86,12.198,1534,0
20100823,12.41,12.622,12.368,12.58,1705,0
20100824,12.452,12.58,12.113,12.452,2131,0
20100825,12.52,12.537,12.072,12.537,1150,0
20100826,12.282,12.537,11.986,12.325,3271,0
20100827,12.282,12.452,11.986,12.198,4105,0
20100830,12.113,12.452,12.113,12.282,3372,0
20100831,12.325,12.41,11.995,12.241,2854,0
20100901,12.368,12.452,12.072,12.368,2457,0
20100902,12.215,12.486,12.045,12.045,5392,0
20100903,12.316,12.325,11.885,11.91,1567,0
20100906,11.86,12.029,11.783,11.851,2387,0
20100907,11.978,12.113,11.605,12.113,2055,0
20100908,12.029,12.156,11.774,11.86,2048,0
20100909,11.86,12.029,11.774,12.029,752,0
20100910,11.774,11.944,10.682,11.351,2834,0
20100913,10.081,11.851,10.081,11.562,457,0
20100914,11.351,11.605,11.013,11.596,489,0
20100915,11.521,11.605,11.054,11.521,958,0
20100916,11.097,11.427,10.928,11.266,2223,0
20100917,10.928,11.182,10.673,10.673,1042,0
20100920,10.928,10.995,10.673,10.928,311,0
20100921,10.758,11.275,10.512,11.258,1350,0
20100922,10.842,11.266,10.589,11.013,1108,0
20100923,10.673,11.097,10.673,11.054,1009,0
20100924,11.046,11.275,11.013,11.266,2158,0
20100927,11.266,11.808,11.013,11.351,2024,0
20100928,11.351,11.605,11.351,11.605,273,0
20100929,11.589,11.681,11.562,11.648,195,0
20100930,11.605,11.851,11.106,11.842,1487,0
20101001,11.436,11.842,11.266,11.842,788,0
20101004,11.851,11.944,11.436,11.944,1536,0
20101005,12.029,12.029,11.436,12.029,1004,0
20101006,12.097,12.113,11.521,12.105,1023,0
20101007,11.774,12.097,11.436,12.029,200,0
20101008,11.605,12.088,11.436,12.088,538,0
20101011,11.817,12.088,11.817,12.088,409,0
20101012,11.86,12.072,11.266,12.029,1930,0
20101013,11.944,12.02,11.351,11.995,593,0
20101014,11.521,12.072,11.284,12.072,2929,0
20101015,11.86,12.063,11.562,12.063,1102,0
20101018,11.876,11.969,11.131,11.732,1605,0
20101019,11.69,11.792,11.453,11.783,411,0
20101020,11.766,12.063,11.351,12.063,1542,0
20101021,11.69,12.012,11.461,12.012,219,0
20101022,11.919,11.961,11.266,11.851,968,0
20101025,11.749,11.749,11.19,11.656,348,0
20101026,11.622,11.622,11.266,11.58,1537,0
20101027,11.571,11.589,11.19,11.589,1265,0
20101028,11.562,11.86,11.351,11.808,1204,0
20101029,11.678,11.856,11.607,11.856,1063,0
20101102,11.86,13.621,11.774,13.596,5550,0
20101103,12.113,13.13,11.986,13.13,3580,0
20101104,13.088,13.13,12.054,12.91,2938,0
20101105,12.241,12.833,11.935,12.833,3680,0
20101108,12.833,13.172,12.045,12.774,4123,0
20101109,12.706,13.214,12.368,13.122,1903,0
20101110,12.918,13.46,12.368,12.368,4077,0
20101112,12.342,13.359,12.342,13.359,3981,0
20101115,12.833,13.3,12.418,12.867,2888,0
20101116,12.851,13.223,12.664,13.223,3713,0
20101117,13.13,13.519,12.706,13.519,2801,0
20101118,13.469,13.512,13.341,13.512,91,0
20101119,13.512,13.765,12.706,13.469,2379,0
20101122,12.706,13.164,12.384,12.622,975,0
20101123,13.045,13.214,12.605,13.155,997,0
20101124,12.656,13.07,12.452,12.74,1100,0
20101125,13.045,13.045,12.546,12.808,332,0
20101126,12.706,12.876,12.072,12.537,2183,0
20101129,12.368,12.528,11.944,11.944,1529,0
20101130,12.181,12.181,11.876,12.164,1902,0
20101201,11.969,12.113,11.893,12.088,866,0
20101202,12.072,12.088,11.944,11.944,407,0
20101203,12.029,12.063,11.453,12.029,1283,0
20101206,11.978,11.978,11.444,11.86,593,0
20101207,11.605,11.826,11.537,11.732,663,0
20101208,11.562,11.774,11.436,11.749,556,0
20101209,11.698,11.698,11.266,11.596,928,0
20101210,11.656,11.664,11.106,11.393,1637,0
20101213,11.199,11.377,11.013,11.351,409,0
20101214,11.14,11.351,11.013,11.182,1017,0
20101215,11.097,11.097,10.885,11.088,629,0
20101216,11.013,11.097,10.885,11.097,1635,0
20101217,11.013,11.08,10.293,10.842,4423,0
20101220,10.91,10.91,10.293,10.801,1805,0
20101221,10.673,10.842,10.165,10.749,3092,0
20101222,10.749,10.749,10.165,10.165,963,0
20101223,10.419,10.419,9.742,10.334,1634,0
20101227,9.979,10.241,9.979,10.241,313,0
20101228,10.241,10.241,9.962,10.241,846,0
20101229,10.233,10.233,9.657,10.156,1468,0
20101230,10.029,10.072,9.742,9.767,384,0
20101231,10.027,10.027,9.618,9.866,1609,0
20110103,10.081,11.013,10.081,11.004,1301,0
20110104,10.995,11.004,10.716,10.97,653,0
20110105,10.809,10.97,10.631,10.97,754,0
20110107,10.928,11.004,10.928,11.004,49,0
20110110,10.995,11.004,10.208,10.233,9695,0
20110111,10.241,10.631,10.241,10.293,1486,0
20110112,11.004,11.851,9.996,10.233,14656,0
20110113,10.259,10.318,9.996,10.309,3870,0
20110114,10.326,10.419,10.25,10.419,750,0
20110117,10.368,10.368,9.835,9.928,2764,0
20110118,9.75,9.945,9.352,9.733,3120,0
20110119,9.733,9.869,9.666,9.835,3159,0
20110120,9.869,10.36,9.784,10.334,6514,0
20110121,9.911,10.36,9.835,10.165,7060,0
20110124,10.029,10.029,10.013,10.013,1133,0
20110125,10.038,10.165,10.038,10.165,116,0
20110126,10.165,10.25,10.081,10.165,333,0
20110127,10.165,10.25,9.996,9.996,1555,0
20110128,10.122,10.165,10.081,10.156,696,0
20110131,10.08,10.363,10.035,10.363,277,0
20110201,10.377,10.377,10.208,10.377,719,0
20110202,10.326,10.326,10.165,10.25,327,0
20110203,10.259,10.53,10.165,10.224,1305,0
20110204,10.19,10.334,10.165,10.293,302,0
20110207,10.293,10.293,10.165,10.293,72,0
20110208,10.293,10.293,9.996,10.081,877,0
20110209,10.081,10.284,10.081,10.25,551,0
20110210,10.267,10.267,10.106,10.25,763,0
20110211,10.241,10.241,10.081,10.165,297,0
20110214,10.165,10.377,10.14,10.208,336,0
20110215,10.165,10.165,9.996,10.038,240,0
20110216,10.047,10.081,10.021,10.021,857,0
20110217,10.021,10.165,10.021,10.165,331,0
20110218,10.081,10.165,9.97,9.97,485,0
20110221,9.869,10.021,9.869,9.953,274,0
20110222,10.038,10.148,9.945,10.148,2827,0
20110223,10.081,10.165,10.038,10.165,530,0
20110224,10.122,10.377,10.088,10.318,1009,0
20110225,10.318,10.318,10.063,10.081,367,0
20110228,10.293,10.293,10.133,10.204,191,0
20110301,10.199,10.199,10.047,10.148,1407,0
20110302,10.165,10.165,10.122,10.165,22,0
20110303,10.165,10.165,10.055,10.055,188,0
20110304,10.055,10.055,10.047,10.055,654,0
20110307,10.055,10.055,9.996,10.055,261,0
20110308,10.055,10.055,9.979,10.047,462,0
20110309,10.047,10.047,10.038,10.038,119,0
20110310,10.038,10.038,10.029,10.038,205,0
20110311,10.038,10.122,10.029,10.122,1666,0
20110314,10.122,10.334,10.029,10.25,421,0
20110315,10.334,10.368,10.081,10.122,589,0
20110316,9.869,10.038,9.869,10.038,285,0
20110318,9.996,10.106,9.911,10.106,212,0
20110321,10.097,10.097,9.742,10.097,1298,0
20110322,10.038,10.097,10.038,10.072,113,0
20110323,10.063,10.063,10.063,10.063,24,0
20110324,10.038,10.072,9.826,10.047,398,0
20110325,10.038,10.038,9.953,9.987,66,0
20110328,9.987,9.996,9.987,9.996,70,0
20110329,10.038,10.038,9.953,10.038,126,0
20110330,10.029,10.081,9.826,9.826,816,0
20110331,9.822,10.035,9.822,9.866,813,0
20110401,9.826,9.86,9.826,9.826,1125,0
20110404,9.792,9.826,9.657,9.742,1443,0
20110405,9.742,9.826,9.742,9.758,725,0
20110406,9.767,9.86,9.742,9.758,722,0
20110407,9.742,9.81,9.742,9.767,489,0
20110408,9.758,9.81,9.742,9.758,721,0
20110411,9.75,9.75,9.708,9.75,866,0
20110412,9.742,9.75,9.742,9.75,905,0
20110413,9.767,9.81,9.767,9.767,674,0
20110414,9.742,9.826,9.742,9.758,610,0
20110415,9.776,9.911,9.742,9.742,768,0
20110418,9.742,9.826,9.742,9.776,1205,0
20110419,9.792,9.869,9.776,9.776,214,0
20110420,9.742,9.817,9.742,9.776,349,0
20110421,9.784,9.784,9.742,9.776,168,0
20110426,9.776,9.81,9.573,9.81,565,0
20110427,9.776,9.776,9.776,9.776,24,0
20110428,9.801,9.894,9.742,9.742,130,0
20110429,9.742,9.804,9.742,9.742,106,0
20110502,9.758,9.758,9.614,9.742,298,0
20110504,9.758,9.758,9.657,9.716,1078,0
20110505,9.716,9.758,9.573,9.682,998,0
20110506,9.682,9.725,9.682,9.725,35,0
20110509,9.725,9.742,9.716,9.733,1252,0
20110510,9.75,9.758,9.733,9.742,797,0
20110511,9.742,9.75,9.742,9.742,1614,0
20110512,9.742,9.742,9.4875,9.4875,166,0
20110513,9.589,9.691,9.411,9.691,372,0
20110516,9.573,9.682,9.573,9.682,346,0
20110517,9.682,9.682,9.648,9.648,229,0
20110518,9.648,9.742,9.632,9.682,487,0
20110519,9.682,9.733,9.682,9.682,196,0
20110520,9.682,9.733,9.657,9.657,145,0
20110523,9.657,9.657,9.623,9.657,48,0
20110524,9.573,9.657,9.573,9.614,468,0
20110525,9.64,9.64,9.614,9.614,156,0
20110526,9.606,9.606,9.3181,9.3858,1174,0
20110527,9.4449,9.4787,9.1909,9.1909,466,0
20110530,8.4795,9.3181,8.4795,9.2329,1011,0
20110531,9.2271,9.4758,9.2271,9.4758,287,0
20110601,9.4787,9.573,9.3181,9.573,508,0
20110602,9.573,9.573,9.573,9.573,128,0
20110603,9.573,9.657,9.555,9.573,176,0
20110606,9.573,9.573,9.4033,9.513,101,0
20110607,9.644,9.644,9.636,9.636,44,0
20110608,9.644,9.644,9.4042,9.4042,24,0
20110609,9.4042,9.4226,9.4042,9.4226,24,0
20110610,9.555,9.555,9.555,9.555,6,0
20110613,9.564,9.648,9.555,9.555,72,0
20110614,9.53,9.53,9.157,9.157,1088,0
20110615,9.1485,9.3858,9.1485,9.3181,96,0
20110616,9.3781,9.3868,9.3781,9.3868,29,0
20110617,9.3868,9.3868,9.262,9.262,362,0
20110620,9.3858,9.3858,9.3181,9.3181,84,0
20110621,9.3858,9.3858,9.1656,9.2329,411,0
20110622,9.2891,9.3065,9.147,9.147,984,0
20110624,9.2716,9.2716,9.2358,9.2358,184,0
20110627,9.2716,9.2978,9.2716,9.2891,151,0
20110628,9.2891,9.2978,9.0314,9.2716,1286,0
20110629,9.2716,9.2716,9.2358,9.2358,42,0
20110630,9.2271,9.2358,9.2271,9.2358,238,0
20110701,9.2358,9.2358,9.2358,9.2358,10,0
20110704,9.2271,9.2532,9.2271,9.2358,146,0
20110705,9.2271,9.2716,9.1913,9.2184,1076,0
20110706,9.2184,9.2184,9.1824,9.1824,475,0
20110707,9.2358,9.4575,8.8805,9.4575,1061,0
20110708,9.4129,9.4129,9.2716,9.3955,69,0
20110711,9.3955,9.3955,9.3955,9.3955,10,0
20110712,9.3868,9.4129,9.1913,9.3955,218,0
20110713,9.4042,9.4042,9.1025,9.262,464,0
20110714,9.2803,9.3694,9.2803,9.2803,119,0
20110715,9.147,9.4129,9.147,9.4042,257,0
20110718,9.3694,9.4129,8.9694,8.9694,1776,0
20110719,8.9871,8.9871,8.8805,8.9871,392,0
20110720,8.9694,8.9694,8.9694,8.9694,88,0
20110721,8.9694,8.9694,8.8805,8.8805,31,0
20110722,8.8805,8.8805,8.8805,8.8805,23,0
20110725,8.8361,8.8361,8.4365,8.5609,514,0
20110726,8.552,8.8184,8.552,8.8184,23,0
20110727,8.5253,8.5253,8.4365,8.5253,799,0
20110728,8.4365,8.7029,8.4365,8.7029,136,0
20110729,8.6496,8.6496,8.6496,8.6496,40,0
20110801,8.6408,8.9694,8.5253,8.8717,611,0
20110802,8.8805,8.8805,8.7918,8.7918,639,0
20110803,8.7918,8.7918,8.6141,8.6141,79,0
20110804,8.6141,8.6496,8.1701,8.3033,1353,0
20110805,8.3033,8.3033,7.8592,7.9925,1148,0
20110808,7.9836,7.9836,7.3708,7.3708,376,0
20110809,7.3708,7.9748,6.7492,7.1044,240,0
20110810,7.1044,7.1044,6.5716,6.5716,198,0
20110811,6.5716,6.5716,6.1719,6.1719,518,0
20110812,6.1808,6.5716,6.1808,6.5716,1216,0
20110816,6.3495,6.394,6.3495,6.394,62,0
20110817,7.0156,7.0156,6.394,6.6604,336,0
20110818,6.6604,6.6604,6.0832,6.394,46785,0
20110819,6.394,6.394,6.2164,6.3495,79,0
20110822,6.3495,6.3495,6.3495,6.3495,18,0
20110823,6.394,6.7048,6.394,6.7048,159,0
20110824,6.6959,7.0068,6.687,6.7936,152,0
20110825,6.7936,6.7936,6.7847,6.7936,196,0
20110826,6.7492,6.7492,6.6427,6.6604,180,0
20110829,6.2696,6.6071,6.2164,6.6071,227,0
20110830,6.6071,6.6071,6.6071,6.6071,33,0
20110831,6.6071,6.6071,6.6071,6.6071,33,0
20110901,6.5982,6.6604,6.5982,6.6604,11339,0
20110902,6.6604,6.6604,6.6604,6.6604,45,0
20110905,6.6604,6.6604,6.6515,6.6604,96,0
20110906,6.6604,6.6604,6.6515,6.6515,79,0
20110907,6.6604,6.6604,6.6427,6.6604,148,0
20110908,6.6604,6.6604,6.6427,6.6427,319,0
20110909,6.6604,6.6604,6.6427,6.6515,374,0
20110912,6.6604,6.6604,6.4828,6.4828,15908,0
20110913,6.5716,6.616,6.5716,6.616,92,0
20110914,6.6071,6.6515,6.6071,6.6515,157,0
20110915,6.6515,6.6515,6.6515,6.6515,55,0
20110916,6.5804,6.6604,6.5804,6.6604,83,0
20110919,6.6604,6.6604,6.6427,6.6604,218,0
20110920,6.6604,6.6604,6.6427,6.6604,2131,0
20110921,6.6604,6.6604,6.6604,6.6604,33,0
20110922,6.6604,6.6604,6.6604,6.6604,56,0
20110923,6.6604,6.6604,6.6604,6.6604,45,0
20110926,6.6604,6.6604,6.6604,6.6604,68,0
20110928,6.6604,6.6604,6.6515,6.6515,113,0
20110929,6.6515,6.6604,6.6515,6.6604,45,0
20110930,6.6604,6.6604,6.3229,6.5893,272,0
20111003,6.6071,6.6071,6.2342,6.4117,138,0
20111004,6.5271,6.5271,6.2342,6.3495,112,0
20111005,6.394,6.394,6.394,6.394,1,0
20111006,6.394,6.394,6.2342,6.2342,15,0
20111007,6.3229,6.3229,6.0566,6.1719,310,0
20111010,6.2075,6.5716,6.0832,6.4384,2459,0
20111011,6.4384,7.2377,6.2164,7.2022,3907,0
20111012,7.0156,7.0156,6.7492,6.9712,463,0
20111013,6.9712,6.9712,6.5271,6.7492,899,0
20111014,6.8557,6.8557,6.616,6.8469,53,0
20111017,6.838,6.9712,6.616,6.616,137,0
20111018,6.7048,6.7048,6.3495,6.6071,102,0
20111019,6.4828,7.0068,6.394,7.0068,489,0
20111020,6.909,6.909,6.4917,6.6515,131,0
20111021,6.5716,6.6959,6.4028,6.6959,277,0
20111024,6.5716,6.6959,6.5716,6.6959,56,0
20111025,6.5716,6.616,6.4028,6.616,238,0
20111026,6.4917,6.5183,6.2164,6.5183,236,0
20111027,6.5094,6.7048,6.4028,6.5361,500,0
20111028,6.5361,6.5361,6.3052,6.4739,341,0
20111031,6.4739,6.687,6.4651,6.4651,231,0
20111102,6.394,6.4828,6.2608,6.394,276,0
20111103,6.3495,6.4384,6.2608,6.4384,221,0
20111104,6.3762,6.3762,6.2164,6.3584,153,0
20111107,6.3495,6.394,6.1276,6.2164,940,0
20111108,6.2164,6.394,6.2164,6.394,69,0
20111109,6.394,6.394,6.1276,6.2164,350,0
20111110,6.2164,6.2164,5.9943,5.9943,499,0
20111114,6.1187,6.2075,6.0388,6.0388,338,0
20111115,6.1276,6.687,5.9144,6.687,1671,0
20111116,6.687,6.687,6.6781,6.6781,33,0
20111117,6.687,6.687,6.687,6.687,45,0
20111118,6.687,6.687,6.687,6.687,42,0
20111121,6.5271,6.5271,6.2164,6.3495,189,0
20111122,6.3495,6.3495,6.3495,6.3495,1,0
20111123,6.394,6.394,6.394,6.394,1,0
20111125,6.4739,6.4739,6.4207,6.4207,163,0
20111128,6.4651,6.4651,6.394,6.394,142,0
20111129,6.394,6.394,6.394,6.394,23,0
20111130,6.4651,6.4651,6.4651,6.4651,134,0
20111201,6.4917,6.4917,6.4917,6.4917,124,0
20111202,6.4917,6.4917,6.4917,6.4917,124,0
20111206,6.4917,6.4917,6.4917,6.4917,124,0
20111207,6.4917,6.4917,6.4917,6.4917,124,0
20111208,6.4917,6.4917,6.4917,6.4917,113,0
20111209,6.2696,6.5094,6.2253,6.5094,424,0
20111212,6.5094,6.5094,6.5094,6.5094,134,0
20111213,6.5005,7.1044,6.5005,6.838,2890,0
20111214,7.1932,7.5129,7.1044,7.3175,3159,0
20111215,7.3175,7.9925,7.0955,7.4153,4040,0
20111216,7.4597,7.4597,6.9356,6.9356,661,0
20111219,6.9356,7.2377,6.8824,7.2377,3053,0
20111220,7.2377,7.4597,7.0245,7.1132,1059,0
20111221,7.3708,7.3708,7.1044,7.1932,1207,0
20111222,7.1932,7.1932,7.1044,7.1932,311,0
20111223,7.1044,7.1844,7.0778,7.1844,204,0
20111227,7.1844,7.1844,6.9712,6.9712,435,0
20111228,7.1044,7.1044,6.7137,6.7137,1650,0
20111229,6.7137,7.0156,6.7137,6.9268,453,0
20111230,6.9445,6.9445,6.8424,6.8424,299,0
20120102,6.8824,7.1932,6.8824,7.0512,336,0
20120103,7.0778,7.0778,6.7492,6.8292,2050,0
20120104,6.8203,6.8203,6.8114,6.8203,293,0
20120105,6.8203,6.9712,6.8203,6.9712,632,0
20120109,6.9712,7.0778,6.7492,6.7492,1646,0
20120110,6.7669,7.0068,6.7669,7.0068,996,0
20120111,7.0068,7.1044,7.0068,7.06,1104,0
20120112,7.06,7.06,7.0245,7.06,1484,0
20120113,7.06,7.06,6.9268,7.0245,845,0
20120116,7.0156,7.0156,6.8292,6.8292,1205,0
20120117,6.8292,7.0156,6.8292,6.8469,1022,0
20120118,6.8292,7.0156,6.8292,6.838,836,0
20120119,6.838,6.838,6.8292,6.838,906,0
20120120,6.9268,7.0156,6.9268,7.0068,897,0
20120123,7.0156,7.06,6.838,6.838,1468,0
20120124,6.838,6.838,6.6604,6.6604,1184,0
20120125,6.8114,6.838,6.8114,6.8292,898,0
20120126,6.838,6.838,6.8292,6.8292,674,0
20120127,6.8292,6.838,6.7314,6.838,1503,0
20120130,6.838,6.838,6.8292,6.8292,642,0
20120131,6.8331,6.8424,6.8331,6.8331,1415,0
20120201,6.8292,6.8292,6.8292,6.8292,147,0
20120202,6.838,6.838,6.8292,6.8292,889,0
20120203,6.838,6.838,6.838,6.838,694,0
20120206,6.838,6.838,6.7936,6.7936,788,0
20120207,6.7936,6.7936,6.7936,6.7936,512,0
20120208,6.7936,6.838,6.7936,6.838,558,0
20120209,6.838,6.838,6.838,6.838,390,0
20120210,6.838,6.838,6.8026,6.8026,609,0
20120213,6.8026,6.8026,6.8026,6.8026,498,0
20120214,6.7936,6.7936,6.7936,6.7936,660,0
20120215,6.7758,6.7758,6.7758,6.7758,620,0
20120216,6.7758,6.7758,6.7226,6.7226,477,0
20120217,6.7847,6.7847,6.616,6.616,1029,0
20120220,6.616,6.687,6.616,6.6604,941,0
20120221,6.6604,6.8824,6.6604,6.8824,1439,0
20120222,6.8824,6.8824,6.6959,6.7936,1063,0
20120223,6.7936,6.7936,6.6604,6.6604,490,0
20120224,6.7048,6.909,6.7048,6.838,600,0
20120227,6.8469,6.989,6.7492,6.989,2703,0
20120228,7.7705,7.7705,7.0068,7.2377,2141,0
20120229,7.2416,7.2416,6.7032,6.8146,2639,0
20120301,6.8114,6.8203,6.8114,6.8114,382,0
20120302,6.8114,6.8203,6.6781,6.7492,1149,0
20120305,6.7669,6.7847,6.7669,6.7669,221,0
20120306,6.7758,6.7936,6.6693,6.6693,4522,0
20120307,6.6693,6.7492,6.6693,6.7403,1318,0
20120308,6.7314,6.7492,6.7314,6.7492,1970,0
20120309,6.7492,6.9268,6.7492,6.9268,744,0
20120312,6.9268,6.9268,6.6959,6.7048,266,0
20120313,6.7048,6.7492,6.616,6.7403,2045,0
20120314,6.7403,6.7492,6.7403,6.7492,838,0
20120315,6.7492,6.7492,6.7314,6.7492,842,0
20120316,6.7492,6.7492,6.7492,6.7492,684,0
20120319,6.7492,6.9535,6.7492,6.9268,891,0
20120320,6.9268,6.9268,6.7137,6.7936,748,0
20120321,6.7936,6.9623,6.7936,6.9535,701,0
20120322,7.06,7.06,6.8557,6.8557,1684,0
20120323,6.8557,6.8646,6.838,6.838,1316,0
20120326,6.9268,6.9445,6.9268,6.9445,852,0
20120327,6.9445,7.0245,6.8646,6.8646,1236,0
20120328,6.8646,6.8736,6.838,6.838,644,0
20120329,6.838,6.838,6.7226,6.8114,1703,0
20120330,6.8238,6.9352,6.8238,6.9352,773,0
20120402,6.9445,6.9445,6.7936,6.8824,651,0
20120403,6.8913,7.0866,6.8913,6.9356,1122,0
20120404,6.9356,7.1222,6.9356,7.1132,801,0
20120405,7.1311,7.5306,7.0156,7.0156,2327,0
20120410,7.0156,7.0156,6.7758,6.7758,1125,0
20120411,6.7847,7.0955,6.7847,6.9268,798,0
20120412,6.9268,6.9268,6.9268,6.9268,23,0
20120413,6.9356,7.0955,6.9268,6.9268,608,0
20120416,7.06,7.06,6.8114,6.8114,739,0
20120417,6.8824,6.8913,6.8824,6.8913,128,0
20120418,6.8913,6.9268,6.8913,6.909,718,0
20120419,6.9179,6.9268,6.9179,6.9268,771,0
20120420,6.9268,7.0955,6.9268,6.9268,767,0
20120423,6.9268,6.9356,6.9268,6.9268,537,0
20120424,6.9268,6.9268,6.8114,6.8114,509,0
20120425,6.838,6.838,6.838,6.838,45,0
20120426,6.8557,6.8557,6.8557,6.8557,113,0
20120427,6.9179,6.9268,6.8469,6.8469,492,0
20120430,6.9168,6.926,6.9168,6.926,842,0
20120502,6.9356,6.989,6.9268,6.9268,790,0
20120504,6.9268,6.9268,6.9268,6.9268,370,0
20120507,6.7669,6.7936,6.7669,6.7936,635,0
20120508,6.838,6.9268,6.7936,6.7936,578,0
20120509,6.7936,6.7936,6.7936,6.7936,23,0
20120510,6.8824,6.9268,6.8026,6.8026,335,0
20120511,6.838,6.838,6.6604,6.6604,1064,0
20120514,6.7492,6.9268,6.7492,6.9179,371,0
20120515,6.9179,6.9179,6.687,6.687,389,0
20120516,6.9979,6.9979,6.9979,6.9979,282,0
20120517,6.9979,6.9979,6.7048,6.7492,690,0
20120518,6.7492,6.7492,6.616,6.616,276,0
20120521,6.625,6.625,6.625,6.625,68,0
20120522,6.6604,6.6604,6.6604,6.6604,440,0
20120523,6.6693,6.8913,6.6693,6.8824,594,0
20120524,6.8824,6.8824,6.7492,6.7492,223,0
20120525,6.7492,6.909,6.7048,6.7226,734,0
20120528,6.7048,6.7048,6.6959,6.7048,304,0
20120529,6.7492,6.9179,6.7492,6.9179,45,0
20120530,6.9179,6.9179,6.5271,6.625,1267,0
20120531,6.5732,7.0003,6.4246,7.0003,1421,0
20120601,7.0068,7.0068,6.687,6.687,2206,0
20120604,6.687,6.687,6.394,6.394,520,0
20120605,6.4153,6.4153,5.9976,6.0347,2739,0
20120606,6.0347,6.0347,5.9512,5.9512,456,0
20120608,6.2075,6.2075,6.2075,6.2075,366,0
20120611,6.2075,6.2342,6.2075,6.2075,451,0
20120612,6.2164,6.3318,6.2164,6.3318,773,0
20120613,6.3318,6.3318,6.0388,6.1276,2371,0
20120614,6.1276,6.1276,6.0388,6.0388,968,0
20120615,6.044,6.1183,6.0347,6.1183,725,0
20120618,6.1187,6.2075,6.0388,6.0388,672,0
20120619,6.1631,6.1631,6.1631,6.1631,451,0
20120620,6.1631,6.1631,6.1631,6.1631,442,0
20120621,6.0388,6.0388,6.0032,6.0032,817,0
20120622,6.0069,6.0069,5.9697,6.0069,767,0
20120625,6.0032,6.0121,6.0032,6.0032,478,0
20120626,6.0032,6.0121,5.9499,5.9499,524,0
20120627,5.9512,6.1183,5.9419,5.9512,1710,0
20120628,6.0161,6.1183,5.8676,6.0811,1100,0
20120629,6.0811,6.6196,6.0811,6.6196,1861,0
20120702,6.3968,6.3968,6.1554,6.1554,1137,0
20120703,6.2669,6.2669,6.1276,6.1276,506,0
20120704,6.1276,6.1276,6.1276,6.1276,414,0
20120705,6.1276,6.1276,5.8584,5.8584,9548,0
20120709,6.0811,6.0811,5.8491,5.8491,2101,0
20120710,5.8491,5.8491,5.4777,5.4777,3703,0
20120711,5.5612,5.5612,5.1063,5.1063,2569,0
20120712,5.1527,5.1527,4.5957,4.6885,3533,0
20120713,4.6421,4.8277,4.5493,4.8277,523,0
20120716,4.8277,4.8277,4.8277,4.8277,102,0
20120717,4.8277,4.8277,4.8277,4.8277,108,0
20120719,4.8277,4.8277,4.8277,4.8277,107,0
20120720,4.8277,5.1992,4.8277,5.1992,3297,0
20120723,5.1992,5.4869,5.1992,5.4313,742,0
20120724,5.4869,5.9697,5.4869,5.8491,2427,0
20120725,5.9419,6.2204,5.9419,6.2204,1707,0
20120726,6.239,6.3783,6.239,6.3783,2653,0
20120727,6.3597,6.4989,6.3597,6.4897,1160,0
20120730,6.4711,6.861,6.3132,6.861,3520,0
20120731,6.861,7.056,6.7775,7.0281,1827,0
20120801,7.0281,7.0374,6.8053,6.8053,1496,0
20120802,6.8053,6.9168,6.8053,6.9168,491,0
20120803,6.9631,7.1024,6.6846,6.7775,2123,0
20120806,6.7496,6.7496,6.6753,6.6846,194,0
20120807,6.731,6.731,6.3039,6.3039,6537,0
20120808,6.3039,6.4897,6.0347,6.2204,4309,0
20120809,6.2111,6.2111,6.0254,6.1647,2688,0
20120810,6.2111,6.2111,6.0347,6.2018,1321,0
20120813,6.2111,6.2111,6.2018,6.2111,936,0
20120814,6.1276,6.6846,5.8491,6.6846,4847,0
20120816,6.6846,6.7217,6.406,6.5825,6089,0
20120817,6.5825,6.7682,6.5825,6.5918,2488,0
20120820,6.5918,6.9631,6.4897,6.4897,3251,0
20120821,6.4989,6.4989,6.3132,6.4618,6249,0
20120822,6.5082,6.5918,6.3597,6.5918,1537,0
20120823,6.5918,6.6568,6.5453,6.6103,1695,0
20120824,6.6846,6.6846,6.4153,6.4989,3641,0
20120827,6.4989,6.5361,6.2854,6.406,1590,0
20120828,6.4989,6.6846,6.4989,6.6846,1376,0
20120829,6.6568,6.7961,6.4989,6.4989,631,0
20120830,6.6289,6.7589,6.6196,6.7217,1509,0
20120831,6.7589,6.9445,6.7589,6.8796,1548,0
20120903,6.8796,6.9538,6.8238,6.9538,1557,0
20120904,6.9631,7.121,6.9631,7.0467,1863,0
20120905,7.0467,8.5136,7.0467,7.8822,6522,0
20120906,8.5414,8.7364,7.9008,7.9008,3529,0
20120907,7.9008,8.6807,7.9008,8.3558,3403,0
20120910,8.3558,9.1913,8.2351,8.5786,5986,0
20120911,8.5414,8.56,8.5414,8.56,1549,0
20120912,8.4951,8.4951,8.2258,8.2258,590,0
20120913,8.2258,8.2258,7.4367,7.7987,2841,0
20120914,7.5295,8.1794,7.5295,7.8637,3818,0
20120917,7.8637,7.8637,7.7987,7.7987,1930,0
20120918,7.7987,8.2815,7.7894,8.2815,1785,0
20120919,8.2815,8.2815,8.1236,8.2629,1266,0
20120920,8.2629,8.5321,8.1422,8.1422,3172,0
20120921,8.1422,8.4486,8.1422,8.1701,3261,0
20120924,8.1701,8.1701,7.9936,8.0773,2266,0
20120925,8.0773,8.4672,8.0773,8.1608,2320,0
20120926,8.1608,8.2165,8.1608,8.1608,1401,0
20120927,8.1608,8.1608,7.9659,7.9659,974,0
20120928,7.9936,8.068,7.9936,8.068,28,0
20121001,8.0773,8.1236,8.0773,8.0773,1931,0
20121002,8.0773,8.1701,7.8915,7.938,2251,0
20121003,7.938,8.0308,7.2045,7.3809,5705,0
20121004,7.3809,7.4737,7.3809,7.3809,1254,0
20121005,7.2881,7.2881,6.9631,7.1953,4262,0
20121008,7.1953,7.4274,7.1674,7.3345,2290,0
20121009,7.3345,7.6037,7.2416,7.3345,2393,0
20121010,7.3345,8.0587,7.3345,7.4274,3292,0
20121011,7.4274,7.6595,7.4274,7.6595,1216,0
20121012,7.6966,7.8915,7.5202,7.7708,2630,0
20121015,7.7708,7.7708,7.6595,7.6595,1935,0
20121016,7.6037,7.6037,7.6037,7.6037,322,0
20121017,7.6037,7.8266,7.6037,7.8266,893,0
20121018,7.8452,8.0308,7.8452,8.0122,1138,0
20121019,8.0122,8.1236,8.0029,8.1236,1123,0
20121022,8.1236,8.56,8.1236,8.1701,2093,0
20121023,8.0773,8.4486,8.0773,8.4486,102,0
20121024,8.5228,8.5228,8.4765,8.4858,1111,0
20121025,8.4858,8.56,8.4858,8.5507,1400,0
20121026,8.56,9.1449,8.56,9.1449,2372,0
20121029,9.1449,9.749,9.1449,9.1542,1344,0
20121030,9.1542,9.2842,9.1542,9.2842,1199,0
20121031,9.1728,9.1728,9.1357,9.1357,1201,0
20121102,9.2745,9.4139,9.2745,9.4139,1055,0
20121105,9.4139,9.4139,9.4139,9.4139,1021,0
20121106,9.3868,9.3868,9.1913,9.1913,882,0
20121107,9.2658,9.2658,9.2097,9.2378,808,0
20121108,9.2281,9.2281,9.2281,9.2281,753,0
20121109,9.2561,9.2658,9.2561,9.2658,679,0
20121112,9.2658,9.2658,9.201,9.2378,639,0
20121113,9.2378,9.3771,9.1913,9.3771,1454,0
20121114,9.4139,9.4139,9.052,9.052,1795,0
20121115,9.052,9.1913,9.052,9.1449,603,0
20121116,9.1449,9.1913,9.1449,9.1449,623,0
20121119,9.1449,9.2842,9.1449,9.2378,886,0
20121120,9.2378,9.2842,9.0985,9.0985,849,0
20121121,9.0985,9.1728,9.0985,9.1078,589,0
20121122,9.1635,9.1635,9.1635,9.1635,601,0
20121123,9.1542,9.2194,9.1542,9.1635,566,0
20121126,9.1635,9.1728,9.1635,9.1635,1058,0
20121127,9.1635,9.2842,9.1635,9.1635,1380,0
20121128,9.2097,9.2097,9.052,9.052,598,0
20121129,9.201,9.2097,8.8478,8.8478,734,0
20121130,8.9499,9.0985,8.9499,9.0985,460,0
20121203,9.0985,9.0985,9.0985,9.0985,54,0
20121204,9.0985,9.0985,9.0613,9.0613,32,0
20121205,9.0985,9.0985,9.0985,9.0985,42,0
20121206,9.0985,9.0985,9.0892,9.0985,226,0
20121207,9.0799,9.0985,9.0799,9.0985,33,0
20121210,9.1913,9.1913,8.8571,8.8571,932,0
20121211,8.9129,8.9129,8.9129,8.9129,27,0
20121212,8.9129,8.9129,8.9129,8.9129,27,0
20121213,8.9129,8.9129,8.9129,8.9129,10,0
20121214,8.9129,8.9129,8.6528,8.6528,65,0
20121217,8.82,8.82,8.82,8.82,10,0
20121218,8.82,8.82,8.6528,8.6528,22,0
20121219,8.6528,8.6528,8.4765,8.4765,32,0
20121220,8.5228,8.6436,8.5228,8.6436,10,0
20121221,8.6436,8.6436,8.6436,8.6436,5,0
20121227,8.6436,9.4236,8.6343,9.2842,1998,0
20121228,9.3771,10.212,9.2745,10.008,1528,0
20130102,9.767,10.398,9.767,9.907,1984,0
20130103,10.073,10.305,10.073,10.305,11,0
20130104,10.305,10.305,10.305,10.305,64,0
20130107,10.426,10.426,9.3955,10.417,1126,0
20130108,10.417,10.417,10.119,10.157,152,0
20130109,10.212,10.212,9.665,9.665,754,0
20130110,9.702,9.702,9.525,9.525,10,0
20130111,9.563,9.563,9.563,9.563,10,0
20130114,9.656,9.656,9.646,9.646,1008,0
20130115,9.656,9.656,9.3771,9.3771,857,0
20130116,9.3771,9.3771,9.2842,9.3771,49,0
20130117,9.3674,9.3771,9.052,9.052,879,0
20130118,9.052,9.052,8.7736,8.9129,500,0
20130121,8.9778,8.9778,8.9129,8.9129,98,0
20130122,8.82,8.9406,8.82,8.9406,17,0
20130123,8.9778,9.1171,8.9778,9.052,760,0
20130124,9.052,9.052,9.052,9.052,17,0
20130125,9.052,9.052,9.0057,9.052,39,0
20130128,9.0428,9.842,8.7271,9.842,1924,0
20130129,10.027,10.222,9.907,10.119,2915,0
20130130,10.119,10.212,9.3771,10.073,6326,0
20130131,10.185,10.185,10.166,10.166,10,0
20130201,10.166,10.166,9.656,9.795,581,0
20130204,9.795,9.795,9.795,9.795,5,0
20130205,9.795,9.795,9.656,9.656,10,0
20130206,9.749,9.795,9.646,9.776,118020,0
20130207,9.776,9.795,9.749,9.786,17,0
20130208,9.795,9.795,9.656,9.656,17,0
20130211,9.656,9.935,9.646,9.935,320,0
20130212,9.935,9.935,9.935,9.935,3,0
20130213,9.935,9.935,9.935,9.935,201,0
20130214,9.962,10.018,9.962,10.018,85,0
20130215,10.008,10.008,9.776,9.776,22,0
20130218,9.563,9.563,9.563,9.563,17,0
20130219,9.563,9.563,9.563,9.563,10,0
20130220,9.563,9.563,9.563,9.563,5,0
20130221,9.553,9.563,9.553,9.563,18,0
20130222,9.656,9.702,9.656,9.702,177,0
20130225,9.749,9.749,9.563,9.563,22,0
20130226,9.749,9.749,9.656,9.656,104,0
20130227,9.749,9.749,9.749,9.749,32,0
20130228,9.746,9.746,9.746,9.746,32,0
20130301,9.749,9.795,9.749,9.795,221,0
20130304,9.795,9.795,9.795,9.795,5,0
20130305,9.795,9.795,9.656,9.656,37,0
20130306,8.8664,9.2281,8.8664,9.2281,851,0
20130307,8.8107,9.2097,8.8107,9.0985,240,0
20130308,9.2194,9.2194,8.9592,9.1635,62,0
20130311,9.1542,9.1542,9.1357,9.1357,32,0
20130312,9.1264,9.1357,8.8014,9.1357,2053,0
20130313,9.1264,9.1357,8.8478,8.8478,922,0
20130314,8.82,9.052,8.82,9.052,572,0
20130315,9.0428,9.0428,9.0335,9.0428,243,0
20130318,9.0335,9.0428,9.0335,9.0428,22,0
20130319,9.0335,9.0428,9.0335,9.0428,32,0
20130320,9.0428,9.0428,9.0428,9.0428,22,0
20130321,9.0428,9.0428,8.6807,9.0428,205,0
20130322,9.0428,9.0428,9.0428,9.0428,22,0
20130325,9.0243,9.0243,8.69,8.69,162,0
20130326,8.6528,8.8757,8.6528,8.7364,181,0
20130327,8.82,8.9685,8.82,8.9685,11,0
20130328,9.015,9.842,8.8107,9.842,2030,0
20130402,9.832,9.842,9.832,9.842,44,0
20130403,9.888,9.888,9.767,9.767,23,0
20130404,9.749,9.749,9.1728,9.2842,920,0
20130405,9.3674,9.3674,9.1449,9.2745,29,0
20130408,9.2745,9.2842,8.9778,9.2842,1116,0
20130409,9.2842,9.2842,9.2842,9.2842,10,0
20130410,9.201,9.2097,9.1728,9.2097,35,0
20130411,9.0985,9.0985,9.0985,9.0985,5,0
20130412,9.182,9.182,9.0335,9.0335,27,0
20130415,9.0243,9.1913,9.0243,9.1913,26,0
20130417,9.1942,9.1942,9.1942,9.1942,17,0
20130418,9.1913,9.1913,8.7736,8.7736,923,0
20130419,8.7736,8.82,8.7736,8.82,19,0
20130422,8.82,8.82,8.82,8.82,6,0
20130423,8.8107,8.82,8.6807,8.82,31,0
20130424,8.8014,8.82,8.8014,8.82,18,0
20130425,8.8107,8.82,8.8107,8.82,18,0
20130426,8.8071,8.8264,8.8071,8.8264,18,0
20130429,8.8107,9.656,8.8107,9.656,2074,0
20130430,9.562,10.143,9.2232,10.036,2730,0
20130506,9.935,9.935,9.656,9.656,803,0
20130507,9.659,9.659,9.4942,9.4942,18,0
20130508,9.4652,9.4652,9.4652,9.4652,22,0
20130509,9.514,9.514,9.514,9.514,22,0
20130510,9.514,9.572,9.514,9.543,15107,0
20130513,9.543,9.543,9.543,9.543,5,0
20130514,9.514,9.514,9.504,9.514,168,0
20130515,9.514,9.843,9.1748,9.843,1068,0
20130517,9.746,9.852,9.746,9.746,1705,0
20130520,9.91,10.036,9.91,10.036,11,0
20130521,10.036,10.462,10.036,10.462,250,0
20130522,10.452,10.452,10.288,10.288,24,0
20130523,10.288,10.288,10.278,10.278,23,0
20130524,10.288,10.288,9.872,10.007,381,0
20130528,9.968,10.007,9.891,9.891,17,0
20130529,9.891,9.891,9.891,9.891,15,0
20130531,9.891,10.646,9.775,10.646,1430,0
20130603,11.033,11.033,11.033,11.033,31,0
20130604,10.985,10.985,10.985,10.985,15,0
20130605,10.985,10.985,10.985,10.985,15,0
20130607,10.975,10.975,10.975,10.975,5,0
20130617,11.033,11.033,11.033,11.033,148,0
20130618,11.227,11.227,10.452,10.549,2013,0
20130620,10.646,10.975,10.646,10.975,37,0
20130621,10.781,10.781,10.781,10.781,72,0
20130624,10.781,10.781,10.781,10.781,41,0
20130625,10.781,10.781,10.781,10.781,10,0
20130626,10.607,10.772,10.607,10.772,32,0
20130627,10.781,10.781,10.781,10.781,5,0
20130628,10.781,11.178,10.772,11.178,1500,0
20130701,11.178,11.178,11.178,11.178,5,0
20130702,11.227,11.227,11.227,11.227,18,0
20130703,11.227,11.227,11.227,11.227,2,0
20130704,11.227,11.227,11.227,11.227,15,0
20130705,11.227,11.227,11.227,11.227,17,0
20130708,11.217,11.217,11.217,11.217,7,0
20130709,11.256,11.256,11.246,11.246,12,0
20130710,11.227,11.227,10.743,11.13,308,0
20130711,10.985,10.985,10.956,10.956,4,0
20130712,11.033,11.033,10.646,10.646,18,0
20130715,10.917,10.917,10.791,10.791,22,0
20130716,10.869,10.869,10.869,10.869,2,0
20130717,10.869,10.869,10.869,10.869,2,0
20130718,10.869,10.869,10.859,10.859,31,0
20130719,10.859,10.917,10.859,10.917,5,0
20130722,10.888,10.917,10.81,10.917,41,0
20130723,10.917,10.917,10.917,10.917,15,0
20130724,10.917,10.917,10.917,10.917,15,0
20130725,10.917,10.917,10.917,10.917,15,0
20130726,10.917,10.917,10.917,10.917,10,0
20130729,10.917,10.917,10.917,10.917,10,0
20130730,10.917,11.517,10.907,11.517,1571,0
20130731,10.975,12.098,10.791,12.098,3181,0
20130801,12.098,12.098,12.098,12.098,5,0
20130802,12.098,12.098,12.098,12.098,10,0
20130805,12.078,12.165,12.078,12.165,32,0
20130806,12.156,12.156,12.098,12.098,31,0
20130807,12.194,12.194,12.194,12.194,21,0
20130808,12.098,12.098,12.059,12.098,89,0
20130809,12.098,12.098,12.098,12.098,15,0
20130812,12.098,12.098,12.098,12.098,15,0
20130813,12.098,12.098,12.098,12.098,15,0
20130814,12.098,12.098,12.098,12.098,15,0
20130816,12.049,12.049,12.049,12.049,15,0
20130819,12.049,12.049,12.04,12.04,31,0
20130820,12.049,12.049,12.049,12.049,15,0
20130821,12.049,12.049,12.049,12.049,11,0
20130822,12.049,12.049,12.049,12.049,15,0
20130823,12.049,12.049,12.049,12.049,15,0
20130826,12.03,12.03,12.03,12.03,15,0
20130827,11.952,11.952,11.556,11.73,529,0
20130828,11.72,12.049,11.711,12.049,744,0
20130829,12.049,12.049,12.04,12.049,6303,0
20130830,12.049,12.485,12.04,12.485,3518,0
20130902,12.572,12.572,12.572,12.572,7,0
20130903,12.436,12.436,11.856,12.098,214,0
20130904,12.098,12.156,12.001,12.001,329,0
20130905,12.059,12.059,11.904,12.001,30,0
20130906,11.904,11.904,11.807,11.807,21,0
20130909,11.798,12.001,11.798,12.001,32,0
20130910,11.904,11.904,11.904,11.904,5,0
20130911,11.807,11.807,11.807,11.807,18,0
20130912,11.759,11.759,11.662,11.662,21,0
20130913,11.662,11.749,11.662,11.749,11,0
20130916,11.749,11.749,11.749,11.749,15,0
20130917,11.691,11.691,11.691,11.691,15,0
20130918,11.614,11.614,11.614,11.614,15,0
20130919,11.575,11.575,11.391,11.391,257,0
20130920,11.469,11.469,11.188,11.188,734,0
20130923,11.469,11.507,11.285,11.285,688,0
20130924,11.285,11.285,11.275,11.275,207,0
20130925,11.285,11.285,11.275,11.275,35,0
20130926,11.275,11.323,10.481,10.936,1489,0
20130927,11.13,11.13,11.13,11.13,207,0
20130930,11.13,11.614,11.043,11.614,1225,0
20131001,11.507,11.604,11.478,11.478,63,0
20131002,11.478,11.478,11.478,11.478,15,0
20131003,11.469,11.469,11.343,11.343,21,0
20131004,11.343,11.343,11.343,11.343,15,0
20131007,11.343,11.343,11.343,11.343,11,0
20131008,11.343,11.343,11.343,11.343,15,0
20131009,11.343,11.343,11.343,11.343,10,0
20131010,11.343,12.291,11.043,12.291,590,0
20131011,12.291,12.291,11.623,11.904,1705,0
20131014,11.914,11.914,11.904,11.914,36,0
20131015,11.904,11.904,11.904,11.904,15,0
20131016,11.904,11.904,11.904,11.904,10,0
20131017,11.904,11.904,11.904,11.904,10,0
20131018,11.904,11.904,11.904,11.904,10,0
20131021,11.904,11.904,11.904,11.904,10,0
20131022,11.352,11.73,11.352,11.73,178,0
20131029,11.711,11.73,11.711,11.73,27,0
20131030,11.711,11.73,11.711,11.73,27,0
20131031,11.711,11.711,11.711,11.711,11,0
20131104,11.711,11.711,11.711,11.711,10,0
20131105,11.711,11.711,11.711,11.711,10,0
20131106,11.759,11.759,11.759,11.759,11,0
20131108,11.807,11.807,11.807,11.807,11,0
20131112,11.788,11.836,11.788,11.836,37,0
20131118,11.817,11.836,11.817,11.836,15,0
20131119,11.827,11.836,11.827,11.836,17,0
20131125,11.856,12.098,11.856,12.098,1452,0
20131126,12.04,12.098,12.04,12.098,42,0
20131127,12.562,12.562,12.562,12.562,323,0
20131128,12.407,13.646,12.398,13.646,3248,0
20131129,13.549,13.549,13.065,13.24,4723,0
20131203,13.24,13.307,13.24,13.307,17,0
20131205,13.307,13.307,12.727,12.843,656,0
20131206,12.853,12.853,12.853,12.853,5,0
20131213,12.64,12.775,12.64,12.775,73,0
20131216,12.64,12.64,12.64,12.64,62,0
20131217,12.727,12.775,12.727,12.775,11,0
20131218,12.775,12.775,12.775,12.775,5,0
20131220,12.64,12.775,12.64,12.775,22,0
20131223,12.727,12.872,12.727,12.872,29,0
20131230,13.54,13.54,13.54,13.54,207,0
20140102,13.54,13.54,13.453,13.54,40,0
20140103,13.54,13.54,13.453,13.453,28,0
20140107,13.52,13.52,13.52,13.52,15,0
20140108,13.52,13.52,13.52,13.52,15,0
20140109,13.52,13.52,13.52,13.52,15,0
20140110,13.501,13.501,13.501,13.501,15,0
20140113,13.501,13.501,13.501,13.501,15,0
20140114,13.501,13.501,13.501,13.501,15,0
20140115,13.501,13.501,13.501,13.501,15,0
20140116,13.501,13.501,13.501,13.501,15,0
20140117,13.501,13.501,13.491,13.491,620,0
20140120,13.52,13.52,13.52,13.52,15,0
20140121,13.52,13.52,13.52,13.52,13,0
20140122,13.52,13.52,13.52,13.52,14,0
20140123,13.53,13.53,13.53,13.53,5,0
20140127,13.53,13.53,13.53,13.53,5,0
20140129,13.53,13.549,13.53,13.549,6,0
20140131,13.54,13.549,13.54,13.549,11,0
20140205,13.598,13.598,13.598,13.598,5,0
20140206,13.636,13.646,13.636,13.646,27,0
20140207,13.646,13.646,13.646,13.646,21,0
20140210,13.646,13.646,13.646,13.646,21,0
20140211,13.646,13.646,13.646,13.646,26,0
20140212,13.646,13.646,13.549,13.549,31,0
20140213,13.549,13.549,12.194,12.194,780,0
20140214,12.194,12.543,12.194,12.543,188,0
20140217,12.543,12.543,11.788,12.049,1486,0
20140218,12.049,12.049,12.049,12.049,1033,0
20140219,12.049,12.049,11.614,11.614,1099,0
20140220,11.643,11.759,11.643,11.759,22,0
20140224,11.759,11.885,11.759,11.885,197,0
20140225,11.904,11.904,11.904,11.904,12,0
20140226,11.894,11.894,11.894,11.894,7,0
20140227,11.894,11.952,11.894,11.952,9,0
20140303,11.836,11.836,11.469,11.469,201,0
20140304,11.469,11.614,11.469,11.614,17,0
20140306,11.517,11.517,11.169,11.169,775,0
20140307,11.13,11.13,11.13,11.13,13,0
20140310,11.13,11.13,11.13,11.13,10,0
20140311,11.13,11.13,11.13,11.13,10,0
20140312,11.13,11.13,11.13,11.13,10,0
20140313,11.13,11.13,10.598,10.598,766,0
20140318,10.578,10.578,9.823,9.872,1625,0
20140319,9.804,9.804,9.668,9.678,243,0
20140320,9.678,9.678,9.678,9.678,14,0
20140321,9.678,9.678,9.601,9.601,15,0
20140324,9.601,9.601,9.601,9.601,1,0
20140325,9.601,9.601,9.601,9.601,2,0
20140326,9.601,9.601,9.601,9.601,3,0
20140327,9.601,9.601,9.601,9.601,2,0
20140328,9.601,9.601,9.601,9.601,2,0
20140331,9.601,9.668,9.533,9.668,28,0
20140401,9.4845,9.4845,9.1942,9.1942,897,0
20140402,9.262,9.262,9.262,9.262,2,0
20140408,9.1942,9.1942,8.3232,8.7006,2719,0
20140409,8.7006,8.8555,8.3232,8.7006,663,0
20140410,8.6909,8.6909,8.3232,8.3716,175,0
20140411,8.3619,8.7006,8.2748,8.2748,60,0
20140414,8.3425,8.42,8.2554,8.3425,27,0
20140415,8.3425,8.4974,8.3425,8.4974,15,0
20140416,8.4974,8.5651,8.4974,8.5651,9,0
20140417,8.5555,8.5555,8.5555,8.5555,15,0
20140422,8.5458,8.5458,8.2264,8.4103,248,0
20140423,8.5167,8.8555,8.5167,8.8555,22,0
20140424,8.7974,8.8458,8.7974,8.8458,161,0
20140425,8.8652,8.8652,8.749,8.749,452,0
20140428,8.8555,8.8555,8.7103,8.7103,12,0
20140429,8.8361,8.8361,8.7103,8.7103,13,0
20140430,8.6813,8.6813,8.6813,8.6813,11,0
20140502,8.6619,8.6619,8.6619,8.6619,11,0
20140505,8.6909,8.6909,8.6909,8.6909,11,0
20140507,8.6522,8.6522,8.6522,8.6522,11,0
20140508,8.6522,8.6522,8.6522,8.6522,10,0
20140512,8.6038,8.6038,8.6038,8.6038,13,0
20140513,8.6038,9.3878,8.5942,9.3878,229,0
20140514,9.533,9.533,9.533,9.533,12,0
20140515,9.533,9.533,9.02,9.0974,198,0
20140516,9.02,9.02,9.02,9.02,4,0
20140521,9.02,9.02,9.02,9.02,5,0
20140526,9.03,9.2,9.03,9.2,11,0
20140529,9.11,9.11,9.11,9.11,15,0
20140530,9.11,9.15,8.67,9.15,64,0
20140602,9,9,8.22,8.45,962,0
20140603,8.45,8.45,8.22,8.37,1399,0
20140604,8.29,8.29,7.48,7.8,587,0
20140605,7.71,7.72,7.71,7.71,70,0
20140609,7.72,7.8,7.71,7.8,63,0
20140610,7.8,7.8,7.8,7.8,10,0
