Date,Open,High,Low,Close,Volume,OpenInt
20080425,6.445,6.445,5.5,5.75,3700,0
20080428,5.5,5.5,5.35,5.45,1660,0
20080429,5.45,5.45,5.45,5.45,800,0
20080430,5.05,5.25,5.05,5.25,2400,0
20080506,5,5,4.8,4.8,780,0
20080507,4.6,4.6,4.575,4.575,2820,0
20080512,3.925,4.895,3.925,4.895,40,0
20080515,4.895,4.895,4.895,4.895,20,0
20080519,4.125,4.6425,4.125,4.6425,220,0
20080520,4.5,4.5,4.3775,4.3775,40,0
20080521,4.45,4.81,4.45,4.81,140,0
20080528,4.56,4.94,4.56,4.94,200,0
20080603,4.94,4.94,4.94,4.94,20,0
20080605,4.5,4.895,4.5,4.895,420,0
20080611,4.85,4.85,4.85,4.85,20,0
20080626,4,4,3.75,3.9,240,0
20080627,4.345,4.345,4.345,4.345,20,0
20080717,3.6,4.345,3.375,3.6,2160,0
20080718,3.65,3.65,3.65,3.65,1100,0
20080722,3.3,4.015,3.3,4.015,20,0
20080730,3.5,3.75,3.5,3.75,1300,0
20080731,3.6,3.75,3.6,3.75,1120,0
20080826,3.085,3.325,3.085,3.325,1120,0
20080901,3.25,3.25,3.25,3.25,400,0
20080902,3.1,3.9325,3.1,3.9325,3200,0
20080903,4.8,4.8,4.8,4.8,1260,0
20080904,4.5,4.9,4.5,4.9,680,0
20080908,4.9,4.9,4.3,4.35,3600,0
20080909,4.3,4.3,4.3,4.3,360,0
20080910,4.7,4.7,4.7,4.7,140,0
20080911,4.7,4.7,4.7,4.7,200,0
20080912,4.2,4.5,4.2,4.5,240,0
20080918,3.61,4.445,3.61,4.445,180,0
20080926,3.45,4.25,3.45,4.25,1000,0
20080930,4,4.25,3.85,4.25,2420,0
20081015,4.5,4.5,4.4,4.4,965,0
20081016,4.15,4.15,3.95,3.95,225,0
20081017,3.95,3.95,3.95,3.95,495,0
20081028,3.7,3.7,3.7,3.7,2000,0
20081029,3.8,3.8,3.75,3.75,2106,0
20081030,3.75,3.85,3.35,3.85,3500,0
20081031,3.7,3.85,3.7,3.85,470,0
20081103,3.85,4.05,3.7,3.95,3623,0
20081104,3.95,3.95,3.95,3.95,1761,0
20081105,3.95,4.3,3.75,4.3,3520,0
20081106,4.05,4.3,4,4.2,2921,0
20081107,4.3,4.55,4.3,4.45,2531,0
20081110,4.25,4.45,4.25,4.45,645,0
20081112,4.45,4.45,4.2,4.2,2728,0
20081113,4.55,4.55,4.45,4.45,254,0
20081114,4.2,4.75,4.2,4.75,5154,0
20081117,4.65,4.75,4.35,4.35,6840,0
20081118,4.55,4.55,4.35,4.35,1620,0
20081119,4.35,4.5,4.35,4.5,1118,0
20081120,4.5,4.5,4.25,4.25,2083,0
20081121,4.6,4.6,4.45,4.45,220,0
20081124,4.55,4.55,4.2,4.55,1145,0
20081125,4.35,4.5,4.35,4.5,120,0
20081126,4.65,4.65,4.65,4.65,20,0
20081128,4.35,4.35,4.35,4.35,380,0
20081201,4.35,4.35,4.25,4.25,889,0
20081202,4.05,4.1,4.05,4.1,1135,0
20081203,4.1,4.3,4,4.3,360,0
20081204,4.5,4.65,4.5,4.5,392,0
20081208,4.5,4.5,4.5,4.5,10,0
20081209,4.6,4.7,4.25,4.7,2692,0
20081210,4.7,4.7,4.7,4.7,40,0
20081215,4.3,4.65,4.3,4.65,67,0
20081216,4.3,4.7,4.3,4.7,1437,0
20081217,4.65,4.7,4.65,4.7,200,0
20081218,4.65,4.7,4.45,4.45,234,0
20081219,4.45,4.65,4.25,4.65,1343,0
20081222,4.3,4.5,4.15,4.15,600,0
20081223,4.25,4.25,4.2,4.25,912,0
20081229,4.15,4.15,4.15,4.15,420,0
20081230,4.2,4.55,4.15,4.55,780,0
20081231,4.2,4.7,4.1,4.7,5848,0
20090105,5.05,5.05,4.95,4.95,110,0
20090106,4.9,4.95,4.65,4.65,695,0
20090107,4.9,5.35,4.65,5.25,9074,0
20090108,5.25,5.9,5.25,5.45,33482,0
20090109,5.45,5.45,4.8,5,5153,0
20090112,5,5,4.65,4.7,4389,0
20090113,4.75,4.75,4.35,4.4,6513,0
20090114,4.65,4.7,4.4,4.6,1597,0
20090115,4.5,5.4,4.4,5.4,2696,0
20090116,5.25,5.4,4.75,5,3233,0
20090119,5.35,5.35,4.95,5.05,3232,0
20090120,5.05,5.05,4.55,4.6,8409,0
20090121,4.55,4.9,4.55,4.9,2388,0
20090122,4.95,4.95,4.5,4.75,7608,0
20090123,4.5,4.8,4.35,4.8,3302,0
20090127,4.5,4.65,4.35,4.65,16078,0
20090128,4.3,4.5,4.2,4.25,1507,0
20090129,4.2,4.45,4.1,4.1,2352,0
20090130,4.25,4.25,4.05,4.25,1090,0
20090202,4.05,4.3,3.9,4.25,453964,0
20090203,4.15,4.2,3.7,4.2,5738,0
20090204,4,4.6,4,4.55,1843,0
20090205,4.25,5.4,4.1,4.7,23578,0
20090206,4.85,5.3,4.6,4.85,18405,0
20090209,4.85,4.85,4.55,4.65,7864,0
20090210,4.65,4.75,4.55,4.6,3698,0
20090211,4.6,4.7,4.45,4.7,2026,0
20090212,4.65,4.75,4.5,4.75,2312,0
20090213,4.6,4.75,4.25,4.4,3392,0
20090216,4.4,4.4,4.1,4.15,6373,0
20090217,4.15,4.25,4,4.25,1501,0
20090218,4,4.25,4,4.25,1580,0
20090219,4,4.2,3.9,4.05,1544,0
20090220,4.1,4.1,3.85,3.85,3340,0
20090223,3.65,4.15,3.65,4.15,3228,0
20090224,4,4.25,4,4.2,1041,0
20090225,4,4,3.8,3.95,1683,0
20090226,3.95,3.95,3.5,3.85,7468,0
20090227,3.7,3.95,3.65,3.95,628,0
20090302,3.85,3.85,3.6,3.85,1403,0
20090303,3.95,3.95,3.95,3.95,3,0
20090304,3.9,3.95,3.65,3.95,264,0
20090305,4,4,3.95,3.95,1090,0
20090306,3.95,3.95,3.95,3.95,2,0
20090309,4,4.2,4,4,623,0
20090310,3.8,4.25,3.8,4.2,6409,0
20090311,4.25,4.7,4.2,4.4,5266,0
20090312,4.25,4.25,4.05,4.25,1957,0
20090313,4.3,4.3,4.05,4.05,1977,0
20090316,4.05,4.05,3.9,3.9,1042,0
20090317,3.9,4,3.9,4,1231,0
20090318,4,4,3.85,3.85,90,0
20090319,3.9,4,3.9,4,96,0
20090320,3.8,4.05,3.8,4.05,1934,0
20090323,4.05,4.2,3.85,4.15,7690,0
20090324,4.2,4.2,4.05,4.15,2377,0
20090325,4,4.15,4,4.1,1385,0
20090326,4.15,4.55,4.05,4.45,13337,0
20090327,4.5,4.5,4.15,4.35,3551,0
20090330,4.2,4.2,4.05,4.15,1842,0
20090331,4.1,4.2,4.1,4.2,124,0
20090401,4.25,4.25,4.25,4.25,27,0
20090402,4.2,4.25,4.1,4.25,1370,0
20090403,4.25,4.25,4.1,4.2,2902,0
20090406,4.2,4.35,4.15,4.3,4645,0
20090407,4.35,4.4,4.1,4.25,2802,0
20090408,4.3,4.45,4.3,4.45,12350,0
20090409,4.45,4.45,4.3,4.45,10072,0
20090414,4.45,4.6,4.45,4.55,8475,0
20090415,4.65,5.1,4.65,5.1,14704,0
20090416,5.2,6.5,5.2,6,39303,0
20090417,6.2,6.4,5.6,6,25574,0
20090420,6.5,6.5,5.85,6.2,10278,0
20090421,5.7,6.4,5.7,6.4,9329,0
20090422,6.4,6.9,5.95,6.25,32068,0
20090423,6.3,6.55,6.15,6.4,8776,0
20090424,6.25,6.55,6.1,6.35,7994,0
20090427,6.55,6.55,6.35,6.45,1313,0
20090428,6.15,6.3,5.85,6.25,4745,0
20090429,6.3,6.35,6.2,6.3,2946,0
20090430,6.4,6.4,6,6.3,3086,0
20090504,6.2,6.4,6.2,6.3,5136,0
20090505,6.3,6.5,6.15,6.35,30363,0
20090506,6.35,6.6,6.05,6.3,20030,0
20090507,6.25,6.65,6.2,6.25,41020,0
20090508,6.25,7,6.25,6.8,66804,0
20090511,7.15,8,7.15,7.95,164700,0
20090512,8.2,8.25,7.5,7.75,86034,0
20090513,8,8.05,6.8,7.15,53986,0
20090514,7.05,7.55,6.65,7.55,22129,0
20090515,7.6,7.9,7.3,7.45,11214,0
20090518,7.05,7.5,7,7,14950,0
20090519,7,7.3,6.8,7.05,8864,0
20090520,7.05,7.2,6.8,7.05,3722,0
20090521,6.8,7.05,6.55,6.6,15402,0
20090522,6.35,6.75,6.35,6.45,9252,0
20090525,6.25,6.3,5.95,6.1,14318,0
20090526,6.1,6.2,5.7,5.8,11188,0
20090527,6,6.2,5.9,6.2,9905,0
20090528,6.2,7.45,5.9,7.2,80904,0
20090529,7.3,7.35,6.5,6.6,23555,0
20090601,6.95,6.95,6.5,6.55,13581,0
20090602,6.65,6.75,6.25,6.55,21346,0
20090603,6.6,6.6,6.25,6.5,7714,0
20090604,6.45,6.45,6.25,6.4,19834,0
20090605,6.4,6.45,6.25,6.35,7104,0
20090608,6.35,6.35,5.95,6.2,16826,0
20090609,6.2,6.2,5.85,6.1,8781,0
20090610,6.2,6.25,5.85,6.05,4582,0
20090612,6,6.15,5.85,6.15,5204,0
20090615,6.15,6.15,6,6.1,7277,0
20090616,6.15,6.55,5.85,6.55,32834,0
20090617,6.55,6.75,6.15,6.3,31820,0
20090618,6.3,6.3,5.85,6,10533,0
20090619,5.95,6.25,5.85,6.15,13463,0
20090622,6.35,6.4,5.85,5.85,19448,0
20090623,5.85,5.85,5.3,5.3,19132,0
20090624,5.5,5.8,5.5,5.75,13797,0
20090625,5.85,6.1,5.8,6.05,17128,0
20090626,6.05,6.05,5.65,5.9,11418,0
20090629,5.9,5.9,5.65,5.9,5538,0
20090630,5.9,6.05,5.8,5.95,5517,0
20090701,5.55,5.85,5.5,5.75,28074,0
20090702,5.95,6.05,5.6,5.85,19135,0
20090703,5.75,5.75,5,5.4,174551,0
20090706,5.4,5.4,5.1,5.3,19945,0
20090707,5.3,5.35,5.15,5.25,22103,0
20090708,5.25,5.25,5.1,5.2,9829,0
20090709,5.15,5.35,5.05,5.2,17052,0
20090710,5.2,5.35,5.15,5.35,21649,0
20090713,5.4,5.4,5.15,5.3,9740,0
20090714,5.15,6.2,5.15,6,94663,0
20090715,6.1,6.35,5.75,5.9,52405,0
20090716,6.05,6.05,5.6,5.7,49870,0
20090717,5.8,5.85,5.6,5.75,12069,0
20090720,5.75,5.85,5.6,5.8,9555,0
20090721,5.8,5.8,5.3,5.55,39472,0
20090722,5.45,5.6,5.3,5.6,34841,0
20090723,5.6,5.7,5.4,5.6,39247,0
20090724,5.6,5.8,5.4,5.6,91980,0
20090727,5.7,5.7,5.4,5.55,61402,0
20090728,5.5,6.45,5.5,6,349512,0
20090729,6,6.05,5.7,5.8,158625,0
20090730,6,6.1,5.65,5.8,209451,0
20090731,5.9,5.9,5.65,5.8,173022,0
20090803,6,6.6,5.85,6.6,302216,0
20090804,6.9,6.9,6.45,6.65,99459,0
20090805,6.5,6.9,6.25,6.65,135676,0
20090806,6.75,6.95,6.45,6.9,124168,0
20090807,6.85,6.95,6.45,6.6,147106,0
20090810,6.65,6.65,6.3,6.45,146827,0
20090811,6.45,6.45,5.9,6,359102,0
20090812,5.95,6,5.45,5.8,775624,0
20090813,5.95,5.95,5.65,5.75,115595,0
20090814,5.8,5.9,5.7,5.85,111013,0
20090817,5.75,5.9,5.6,5.8,128343,0
20090818,5.8,5.8,5.7,5.8,38153,0
20090819,5.8,6.05,5.7,5.95,108813,0
20090820,6,6.2,6,6.2,101098,0
20090821,6.25,6.35,6.25,6.35,128181,0
20090824,6.25,6.35,6.1,6.2,90200,0
20090825,6.2,6.2,6,6.05,39243,0
20090826,6.05,6.1,5.8,5.95,64514,0
20090827,5.85,6.1,5.85,6,31273,0
20090828,6.1,6.2,5.95,6.05,40920,0
20090831,6.1,6.25,6,6.2,50068,0
20090901,6.15,6.15,5.75,5.95,108613,0
20090902,5.8,5.8,5.4,5.45,86657,0
20090903,5.6,5.65,5.5,5.5,57887,0
20090904,5.65,5.8,5.6,5.7,29998,0
20090907,5.75,6,5.6,5.85,97288,0
20090908,5.95,5.95,5.75,5.75,23201,0
20090909,5.75,5.75,5.5,5.6,58286,0
20090910,5.75,5.75,5.55,5.6,28865,0
20090911,5.6,5.6,5.5,5.6,17278,0
20090914,5.6,5.6,5.3,5.4,48339,0
20090915,5.4,5.55,5.4,5.55,20122,0
20090916,5.6,5.7,5.5,5.55,22162,0
20090917,5.55,5.65,5.4,5.4,44536,0
20090918,5.45,5.6,5.4,5.5,25850,0
20090921,5.6,5.6,5.4,5.5,18962,0
20090922,5.5,5.55,5.35,5.55,93014,0
20090923,5.55,5.6,5.45,5.55,22598,0
20090924,5.5,5.55,5.45,5.5,18004,0
20090925,5.45,5.75,5.45,5.75,78887,0
20090928,5.8,6.25,5.8,6,375851,0
20090929,6.2,6.25,5.9,5.95,111311,0
20090930,5.95,5.95,5.55,5.55,60852,0
20091001,5.65,5.75,5.5,5.55,44677,0
20091002,5.55,5.65,5.45,5.6,43254,0
20091005,5.6,5.7,5.5,5.6,22181,0
20091006,5.6,5.7,5.55,5.65,21687,0
20091007,5.65,5.7,5.55,5.65,36961,0
20091008,5.6,6.05,5.55,5.85,172762,0
20091009,5.9,6,5.75,5.75,46853,0
20091012,5.75,5.85,5.6,5.75,45083,0
20091013,5.7,5.7,5.55,5.7,30664,0
20091014,5.65,5.7,5.6,5.7,21987,0
20091015,5.65,5.85,5.6,5.8,51891,0
20091016,5.8,5.85,5.65,5.75,25281,0
20091019,5.8,6,5.7,5.75,59156,0
20091020,5.75,5.85,5.65,5.65,40227,0
20091021,5.75,5.75,5.6,5.7,19778,0
20091022,5.7,5.7,5.6,5.6,12368,0
20091023,5.65,5.7,5.6,5.7,26469,0
20091026,5.6,5.7,5.6,5.7,11829,0
20091027,5.65,5.65,5.45,5.55,32658,0
20091028,5.45,5.6,5.35,5.4,64159,0
20091029,5.35,5.6,5.2,5.6,37061,0
20091030,5.45,5.6,5.45,5.5,13882,0
20091102,5.45,5.65,5.45,5.6,26816,0
20091103,5.6,5.6,5.4,5.55,11539,0
20091104,5.55,5.65,5.5,5.65,26406,0
20091105,5.65,5.65,5.55,5.65,17417,0
20091106,5.55,5.65,5.45,5.45,22774,0
20091109,5.5,5.6,5.45,5.6,17475,0
20091110,5.6,5.6,5.5,5.55,15018,0
20091112,5.55,5.6,5.5,5.55,21996,0
20091113,5.55,5.6,5.5,5.5,15005,0
20091116,5.55,5.75,5.45,5.7,83353,0
20091117,5.75,5.75,5.55,5.65,21052,0
20091118,5.55,5.65,5.5,5.5,11543,0
20091119,5.45,5.6,5.4,5.5,28811,0
20091120,5.55,5.55,5.45,5.45,9006,0
20091123,5.5,5.55,5.5,5.5,8712,0
20091124,5.5,5.5,5.4,5.5,17891,0
20091125,5.5,5.8,5.45,5.55,116339,0
20091126,5.6,5.7,5.5,5.55,16654,0
20091127,5.5,5.55,5.4,5.5,40930,0
20091130,5.45,5.55,5.4,5.45,18005,0
20091201,5.45,5.5,5.4,5.5,9268,0
20091202,5.45,5.5,5.3,5.5,23248,0
20091203,5.45,5.55,5.4,5.55,10458,0
20091204,5.5,5.55,5.45,5.55,4440,0
20091207,5.45,5.65,5.4,5.6,38815,0
20091208,5.6,5.6,5.5,5.5,11178,0
20091209,5.5,5.5,5.4,5.4,11137,0
20091210,5.4,5.5,5.4,5.45,9659,0
20091211,5.45,5.5,5.4,5.45,7507,0
20091214,5.45,5.5,5.4,5.45,20683,0
20091215,5.45,5.45,5.35,5.4,9376,0
20091216,5.4,5.4,5.2,5.3,22938,0
20091217,5.3,5.3,5.05,5.05,48188,0
20091218,5,5.15,5,5.1,15931,0
20091221,5.05,5.15,4.95,5,16775,0
20091222,5.3,5.45,4.8,4.9,118291,0
20091223,4.8,4.8,4.45,4.6,139070,0
20091228,4.7,4.7,4.5,4.65,43625,0
20091229,4.65,4.75,4.6,4.7,27177,0
20091230,4.75,4.95,4.65,4.75,71208,0
20091231,4.7,4.75,4.65,4.7,15000,0
20100104,4.75,4.85,4.7,4.85,28161,0
20100105,4.8,4.9,4.75,4.9,54394,0
20100106,4.9,4.9,4.8,4.8,19017,0
20100107,4.8,4.85,4.75,4.85,35126,0
20100108,4.85,4.85,4.75,4.8,18787,0
20100111,4.85,4.85,4.75,4.8,14947,0
20100112,4.75,4.75,4.6,4.7,30487,0
20100113,4.7,4.75,4.6,4.65,15142,0
20100114,4.7,4.8,4.65,4.75,13943,0
20100115,4.75,4.75,4.7,4.75,10696,0
20100118,4.75,4.75,4.65,4.7,12343,0
20100119,4.65,4.7,4.55,4.65,41659,0
20100120,4.65,4.75,4.65,4.75,10719,0
20100121,4.7,4.75,4.5,4.7,18902,0
20100122,4.6,4.65,4.55,4.6,25703,0
20100125,4.6,4.7,4.5,4.65,19807,0
20100126,4.65,4.65,4.5,4.55,35094,0
20100127,4.45,4.55,4.4,4.55,33159,0
20100128,4.55,4.6,4.5,4.6,11555,0
20100129,4.55,4.55,4.5,4.55,18362,0
20100201,4.55,4.6,4.5,4.5,12343,0
20100202,4.6,4.6,4.45,4.6,16136,0
20100203,4.5,4.6,4.5,4.5,11300,0
20100204,4.55,4.55,4.3,4.4,24746,0
20100205,4.3,4.35,4.05,4.2,51085,0
20100208,4.2,4.25,4.05,4.1,18162,0
20100209,4.1,4.2,4.1,4.2,4189,0
20100210,4.2,4.2,4.15,4.15,6423,0
20100211,4.2,4.2,4.05,4.05,9403,0
20100212,4.15,4.15,4.05,4.15,2875,0
20100215,4.15,4.2,4.15,4.15,3504,0
20100216,4.15,4.3,4.15,4.25,11197,0
20100217,4.3,4.45,4.3,4.4,17770,0
20100218,4.3,4.55,4.3,4.45,31704,0
20100219,4.45,4.45,4.2,4.4,13982,0
20100222,4.4,4.45,4.35,4.4,7553,0
20100223,4.35,4.4,4.3,4.4,3332,0
20100224,4.35,4.35,4.25,4.35,4297,0
20100225,4.4,4.4,4.35,4.35,9172,0
20100226,4.4,4.45,4.35,4.4,6582,0
20100301,4.4,4.55,4.3,4.4,18655,0
20100302,4.45,4.7,4.45,4.65,61352,0
20100303,4.65,4.7,4.55,4.65,18831,0
20100304,4.65,4.65,4.5,4.6,16458,0
20100305,4.6,4.65,4.45,4.65,38203,0
20100308,4.7,4.75,4.65,4.7,31104,0
20100309,4.75,4.75,4.65,4.75,19572,0
20100310,4.65,4.75,4.55,4.7,27500,0
20100311,4.65,4.7,4.6,4.65,16937,0
20100312,4.6,4.65,4.55,4.65,39307,0
20100315,4.65,4.85,4.6,4.85,86471,0
20100316,4.95,5.1,4.95,5.1,96999,0
20100317,5.15,5.25,5,5,61653,0
20100318,5,5.1,4.9,5,45123,0
20100319,5.05,5.1,5,5,46332,0
20100322,5.05,5.1,5,5.05,23318,0
20100323,5.05,5.2,5.05,5.1,24665,0
20100324,5.15,5.15,5,5,23485,0
20100325,5,5.05,4.95,5.05,22858,0
20100326,5.1,5.1,5,5,21288,0
20100329,5.05,5.05,5,5,18069,0
20100330,5,5.05,5,5.05,7872,0
20100331,5.05,5.05,5,5.05,11860,0
20100401,5.05,5.3,5.05,5.15,104296,0
20100406,5.25,5.3,5.2,5.3,26359,0
20100407,5.3,5.3,5.15,5.15,12135,0
20100408,5.2,5.3,5.15,5.15,19510,0
20100409,5.15,5.25,5.15,5.25,44174,0
20100412,5.15,5.35,5.15,5.25,70486,0
20100413,5.25,5.4,5.25,5.35,20212,0
20100414,5.4,5.4,5.3,5.35,23231,0
20100415,5.35,5.6,5.3,5.4,61637,0
20100416,5.55,5.55,5.35,5.35,20851,0
20100419,5.35,5.4,5.1,5.15,46982,0
20100420,5.15,5.3,5.15,5.25,20451,0
20100421,5.35,5.4,5.25,5.3,19821,0
20100422,5.3,5.35,5.2,5.2,21403,0
20100423,5.2,5.3,5.2,5.3,8569,0
20100426,5.3,5.35,5.25,5.35,12316,0
20100427,5.3,5.3,5.2,5.25,18150,0
20100428,5.15,5.2,5.1,5.15,26834,0
20100429,5.15,5.25,5.15,5.2,4311,0
20100430,5.2,5.25,5.15,5.15,11625,0
20100504,5.15,5.15,5.05,5.15,25705,0
20100505,5.1,5.1,4.85,5.05,32721,0
20100506,4.9,5.05,4.9,5,12945,0
20100507,4.9,4.9,4.55,4.7,112644,0
20100510,4.75,5,4.75,4.95,37333,0
20100511,5,5,4.85,4.85,15867,0
20100512,4.85,4.95,4.85,4.9,8486,0
20100513,4.95,4.95,4.8,4.85,20489,0
20100514,4.9,4.9,4.8,4.85,6043,0
20100517,4.7,4.75,4.65,4.7,23095,0
20100518,4.65,4.7,4.65,4.7,10917,0
20100519,4.65,4.65,4.5,4.6,25640,0
20100520,4.6,4.65,4.35,4.45,21935,0
20100521,4.4,4.45,4.3,4.45,15197,0
20100524,4.45,4.55,4.45,4.45,7844,0
20100525,4.4,4.4,4.3,4.4,13857,0
20100526,4.45,4.55,4.45,4.5,11198,0
20100527,4.55,4.6,4.45,4.55,7575,0
20100528,4.55,4.65,4.55,4.65,6992,0
20100531,4.7,4.7,4.55,4.65,3499,0
20100601,4.65,4.65,4.4,4.55,6904,0
20100602,4.55,4.65,4.55,4.65,5853,0
20100604,4.65,4.65,4.5,4.55,6902,0
20100607,4.4,4.6,4.4,4.5,6340,0
20100608,4.55,4.55,4.45,4.55,3304,0
20100609,4.5,4.6,4.4,4.5,37180,0
20100610,4.45,4.45,4.4,4.45,27888,0
20100611,4.45,4.5,4.4,4.45,11469,0
20100614,4.45,4.5,4.4,4.45,4320,0
20100615,4.5,4.5,4.4,4.45,31067,0
20100616,4.5,4.5,4.45,4.45,13937,0
20100617,4.45,4.5,4.4,4.5,4030,0
20100618,4.45,4.5,4.35,4.5,5954,0
20100621,4.5,4.5,4.4,4.5,665,0
20100622,4.5,4.5,4.45,4.5,14002,0
20100623,4.45,4.45,4.4,4.4,5377,0
20100624,4.4,4.4,4,4.3,14774,0
20100625,4.35,4.35,4.2,4.35,7175,0
20100628,4.35,4.4,4.25,4.35,6417,0
20100629,4.25,4.35,4.2,4.3,5372,0
20100630,4.3,4.3,4.2,4.2,9140,0
20100701,4.15,4.35,4.15,4.35,5937,0
20100702,4.4,4.4,4.3,4.35,2029,0
20100705,4.35,4.4,4.3,4.35,4209,0
20100706,4.35,4.4,4.35,4.4,1884,0
20100707,4.4,4.4,4.35,4.4,3980,0
20100708,4.4,4.5,4.4,4.45,15588,0
20100709,4.6,4.65,4.5,4.6,18422,0
20100712,4.7,4.7,4.6,4.65,7713,0
20100713,4.65,4.65,4.5,4.65,10796,0
20100714,4.6,4.65,4.55,4.6,7228,0
20100715,4.6,4.6,4.55,4.6,4281,0
20100716,4.55,4.55,4.45,4.55,5205,0
20100719,4.5,4.55,4.4,4.55,14465,0
20100720,4.4,4.55,4.4,4.5,3035,0
20100721,4.55,4.7,4.5,4.7,21295,0
20100722,4.7,4.85,4.65,4.8,32852,0
20100723,4.85,4.85,4.65,4.75,15055,0
20100726,4.8,4.8,4.6,4.75,18778,0
20100727,4.8,4.8,4.7,4.75,9535,0
20100728,4.8,4.8,4.65,4.7,6364,0
20100729,4.7,4.7,4.65,4.7,6015,0
20100730,4.65,4.8,4.65,4.8,3806,0
20100802,4.8,4.8,4.75,4.8,8737,0
20100803,4.8,5,4.8,5,75745,0
20100804,5,5.4,5,5.25,62701,0
20100805,5.25,5.25,5,5.1,53939,0
20100806,5.05,5.2,5.05,5.1,25660,0
20100809,5.05,5.3,5.05,5.2,31670,0
20100810,5.05,5.15,5.05,5.15,9672,0
20100811,5.15,5.15,5,5.05,24405,0
20100812,5,5.05,4.9,4.9,15469,0
20100813,5,5,4.95,5,5320,0
20100816,5,5.15,4.9,5.05,8204,0
20100817,5.05,5.05,5,5.05,6884,0
20100818,5,5.05,5,5,5215,0
20100819,5,5.05,4.95,4.95,11615,0
20100820,4.9,5,4.9,5,11398,0
20100823,5,5,4.9,4.95,5020,0
20100824,4.95,4.95,4.85,4.9,12599,0
20100825,4.95,4.95,4.9,4.9,4146,0
20100826,4.95,4.95,4.9,4.9,2880,0
20100827,4.9,4.95,4.9,4.95,4215,0
20100830,4.95,5.05,4.95,5,16299,0
20100831,4.95,5,4.85,4.85,20087,0
20100901,4.85,4.85,4.8,4.8,8512,0
20100902,4.85,4.9,4.85,4.85,9080,0
20100903,4.95,4.95,4.85,4.85,4705,0
20100906,4.9,4.95,4.75,4.9,13761,0
20100907,4.9,4.9,4.75,4.85,11380,0
20100908,4.75,4.85,4.75,4.85,9804,0
20100909,4.85,4.85,4.8,4.85,3019,0
20100910,4.8,4.85,4.8,4.85,6294,0
20100913,4.8,4.9,4.8,4.9,10172,0
20100914,4.9,4.9,4.8,4.9,10336,0
20100915,4.9,4.9,4.8,4.85,12164,0
20100916,4.85,4.95,4.8,4.85,8783,0
20100917,4.9,4.95,4.8,4.9,9694,0
20100920,4.95,4.95,4.8,4.9,4941,0
20100921,4.9,4.9,4.8,4.9,5919,0
20100922,4.9,4.95,4.85,4.9,8800,0
20100923,4.9,4.9,4.8,4.9,13618,0
20100924,4.9,4.9,4.8,4.9,5459,0
20100927,4.9,4.9,4.7,4.75,56433,0
20100928,4.7,4.75,4.65,4.75,30506,0
20100929,4.65,4.7,4.6,4.7,29065,0
20100930,4.7,4.7,4.65,4.7,32023,0
20101001,4.7,4.7,4.65,4.7,31642,0
20101004,4.65,4.7,4.6,4.65,17371,0
20101005,4.65,4.65,4.6,4.65,13057,0
20101006,4.65,4.65,4.5,4.55,81213,0
20101007,4.55,4.6,4.55,4.6,27440,0
20101008,4.6,4.6,4.55,4.6,22060,0
20101011,4.55,4.6,4.5,4.6,28347,0
20101012,4.6,4.6,4.5,4.55,36652,0
20101013,4.55,4.6,4.55,4.55,24250,0
20101014,4.55,4.65,4.5,4.55,53432,0
20101015,4.6,4.65,4.55,4.6,40004,0
20101018,4.6,4.6,4.55,4.6,38283,0
20101019,4.6,4.65,4.55,4.6,49935,0
20101020,4.6,4.7,4.55,4.6,46922,0
20101021,4.6,5.05,4.6,4.9,162125,0
20101022,4.9,4.95,4.75,4.85,67972,0
20101025,4.9,4.9,4.75,4.85,22764,0
20101026,4.85,4.85,4.75,4.8,31002,0
20101027,4.8,4.85,4.75,4.75,32687,0
20101028,4.8,4.85,4.7,4.85,37818,0
20101029,4.85,5,4.8,5,78945,0
20101102,5.05,5.15,4.95,5.1,94938,0
20101103,5.1,5.15,4.95,5,47289,0
20101104,5,5,4.85,4.95,31450,0
20101105,4.95,4.95,4.85,4.95,22332,0
20101108,4.95,4.95,4.9,4.95,11861,0
20101109,4.95,4.95,4.8,4.8,38117,0
20101110,4.75,4.8,4.75,4.8,28469,0
20101112,4.75,4.8,4.75,4.8,25302,0
20101115,4.75,4.75,4.65,4.75,34290,0
20101116,4.6,4.6,4.45,4.45,166848,0
20101117,4.45,4.5,4.4,4.5,26651,0
20101118,4.5,4.55,4.45,4.5,27321,0
20101119,4.5,4.55,4.4,4.5,27538,0
20101122,4.45,4.45,4.35,4.4,26911,0
20101123,4.35,4.4,4.15,4.35,44534,0
20101124,4.3,4.35,4.15,4.25,37879,0
20101125,4.3,4.3,4.2,4.25,24159,0
20101126,4.25,4.3,4.2,4.25,20751,0
20101129,4.2,4.2,4,4.15,40384,0
20101130,4.15,4.25,4.1,4.25,17852,0
20101201,4.3,4.3,4.15,4.2,9153,0
20101202,4.25,4.25,4.15,4.2,26983,0
20101203,4.25,4.4,4.2,4.3,50063,0
20101206,4.4,4.45,4.25,4.45,31738,0
20101207,4.5,4.5,4.3,4.4,19458,0
20101208,4.3,4.35,4.3,4.3,71844,0
20101209,4.3,4.35,4.25,4.3,21841,0
20101210,4.35,4.35,4.2,4.2,102578,0
20101213,4.25,4.3,4.2,4.25,70437,0
20101214,4.3,4.3,4.2,4.25,35105,0
20101215,4.2,4.2,4.15,4.2,35208,0
20101216,4.2,4.2,4.1,4.2,76217,0
20101217,4.15,4.15,4.1,4.15,35811,0
20101220,4.15,4.15,4,4.05,57852,0
20101221,4,4.05,3.9,3.9,70553,0
20101222,3.9,3.9,3.7,3.8,100896,0
20101223,3.75,3.75,3.6,3.75,80534,0
20101227,3.7,3.75,3.65,3.7,82970,0
20101228,3.7,4.05,3.7,4.05,215027,0
20101229,4.05,4.1,3.85,4.05,85996,0
20101230,4.05,4.05,3.85,3.9,72958,0
20101231,3.9,4,3.85,3.9,27955,0
20110103,3.9,3.9,3.8,3.9,40881,0
20110104,3.9,3.9,3.75,3.75,74922,0
20110105,3.85,3.85,3.7,3.7,84499,0
20110107,3.7,3.75,3.65,3.75,77735,0
20110110,3.75,3.75,3.65,3.65,59004,0
20110111,3.65,3.7,3.65,3.7,34894,0
20110112,3.7,3.75,3.6,3.65,54984,0
20110113,3.7,3.75,3.65,3.7,65635,0
20110114,3.7,3.7,3.6,3.6,112265,0
20110117,3.6,3.6,3.5,3.5,95621,0
20110118,3.5,3.55,3.45,3.55,46060,0
20110119,3.55,3.65,3.5,3.55,94667,0
20110120,3.5,3.55,3.5,3.5,57449,0
20110121,3.5,3.5,3.4,3.4,123529,0
20110124,3.4,3.45,3.25,3.3,120141,0
20110125,3.35,3.4,3.25,3.4,44143,0
20110126,3.4,3.45,3.3,3.4,89129,0
20110127,3.35,3.4,3.35,3.35,26965,0
20110128,3.35,3.65,3.35,3.6,190950,0
20110131,3.55,3.55,3.4,3.45,148744,0
20110201,3.5,3.5,3.35,3.4,150466,0
20110202,3.45,3.45,3.35,3.35,120728,0
20110203,3.35,3.5,3.3,3.45,46250,0
20110204,3.45,3.45,3.35,3.45,67615,0
20110207,3.35,3.45,3.35,3.4,70020,0
20110208,3.4,3.45,3.35,3.4,102137,0
20110209,3.4,3.4,3.35,3.4,51087,0
20110210,3.4,3.4,3.3,3.35,106059,0
20110211,3.3,3.45,3.3,3.45,80122,0
20110214,3.4,3.45,3.35,3.4,28052,0
20110215,3.45,3.45,3.25,3.35,229350,0
20110216,3.3,3.4,3.25,3.35,25419,0
20110217,3.35,3.35,3.15,3.25,239544,0
20110218,3.25,3.4,3.25,3.3,83700,0
20110221,3.25,3.35,3.2,3.25,42214,0
20110222,3.25,3.25,3.15,3.2,336968,0
20110223,3.15,3.25,3.1,3.2,25670,0
20110224,3.15,3.25,3.1,3.25,80999,0
20110225,3.3,3.45,3.25,3.25,266419,0
20110228,3.2,3.45,3.2,3.25,195944,0
20110301,3.25,3.3,3.25,3.25,23483,0
20110302,3.15,3.2,3.1,3.15,92509,0
20110303,3.15,3.2,3.15,3.15,24474,0
20110304,3.15,3.2,3.1,3.15,20738,0
20110307,3.15,3.15,2.95,3,122616,0
20110308,3,3,2.85,2.9,63492,0
20110309,2.9,2.9,2.75,2.8,141153,0
20110310,2.8,2.9,2.8,2.85,75113,0
20110311,2.85,2.9,2.8,2.85,42834,0
20110314,2.85,2.85,2.8,2.8,39630,0
20110315,2.8,2.8,2.55,2.65,131673,0
20110316,2.65,2.7,2.55,2.65,75302,0
20110317,2.65,2.75,2.55,2.7,66397,0
20110318,2.7,2.75,2.6,2.75,49786,0
20110321,2.75,2.75,2.55,2.6,536060,0
20110322,2.65,2.65,2.55,2.65,100566,0
20110323,2.65,2.7,2.6,2.6,16802,0
20110324,2.65,2.7,2.65,2.7,38782,0
20110325,2.7,2.7,2.65,2.7,15370,0
20110328,2.7,2.7,2.6,2.65,276726,0
20110329,2.65,2.7,2.6,2.7,32066,0
20110330,2.7,2.85,2.7,2.8,151187,0
20110331,2.85,2.9,2.8,2.85,90822,0
20110401,2.9,3.1,2.85,3,255139,0
20110404,3,3.1,2.95,3,253902,0
20110405,3.05,3.05,2.9,3,63261,0
20110406,3,3,2.8,2.8,157073,0
20110407,2.8,3,2.8,2.95,116130,0
20110408,2.95,2.95,2.85,2.9,32693,0
20110411,2.9,2.9,2.85,2.9,16561,0
20110412,2.85,2.9,2.7,2.8,143787,0
20110413,2.8,2.85,2.75,2.8,58655,0
20110414,2.8,2.9,2.75,2.75,56723,0
20110415,2.8,2.8,2.75,2.8,39841,0
20110418,2.8,2.8,2.7,2.7,54790,0
20110419,2.7,2.8,2.7,2.8,13411,0
20110420,2.8,2.8,2.65,2.7,36318,0
20110421,2.7,2.8,2.7,2.75,88216,0
20110426,2.75,2.85,2.7,2.8,36370,0
20110427,2.85,3.25,2.85,3.15,495403,0
20110428,3.15,3.6,3.1,3.55,723294,0
20110429,3.6,3.6,3.35,3.55,211327,0
20110502,3.45,3.5,3.35,3.4,82312,0
20110504,3.35,3.4,3.25,3.35,92752,0
20110505,3.25,3.45,3.25,3.4,59834,0
20110506,3.4,3.4,3.2,3.3,58006,0
20110509,3.25,3.3,3.2,3.2,25422,0
20110510,3.2,3.35,3.2,3.3,32551,0
20110511,3.4,3.4,3.25,3.25,16130,0
20110512,3.2,3.2,3.1,3.15,25635,0
20110513,3.15,3.25,3.15,3.15,22104,0
20110516,3.15,3.25,3.15,3.15,28034,0
20110517,3.15,3.15,2.9,3.05,96238,0
20110518,3,3.2,3,3.2,50980,0
20110519,3.2,3.45,3.15,3.4,172508,0
20110520,3.4,3.45,3.35,3.4,31925,0
20110523,3.3,3.3,3.15,3.25,40467,0
20110524,3.2,3.25,3.15,3.25,14909,0
20110525,3.25,3.25,3.15,3.2,40751,0
20110526,3.2,3.3,3.2,3.3,19433,0
20110527,3.3,3.3,3.25,3.3,11169,0
20110530,3.3,3.3,3.2,3.2,18641,0
20110531,3.15,3.25,3.15,3.25,27706,0
20110601,3.2,3.25,3.15,3.2,9965,0
20110602,3.2,3.2,3.15,3.15,26439,0
20110603,3.15,3.25,3.1,3.2,44266,0
20110606,3.2,3.2,3.05,3.15,34797,0
20110607,3.15,3.15,2.95,3.05,80367,0
20110608,3,3.1,2.95,3,33702,0
20110609,2.95,3,2.9,2.95,33273,0
20110610,2.95,3.05,2.85,2.95,30056,0
20110613,2.9,3,2.85,3,15378,0
20110614,3,3.05,2.95,3.05,8612,0
20110615,3.05,3.05,2.85,2.95,31138,0
20110616,2.85,2.9,2.85,2.9,8407,0
20110617,2.85,2.95,2.85,2.95,14469,0
20110620,2.95,2.95,2.85,2.85,6786,0
20110621,2.85,2.85,2.75,2.85,23968,0
20110622,2.85,3,2.75,3,30969,0
20110624,2.95,3,2.85,2.95,35650,0
20110627,2.85,2.9,2.8,2.85,12761,0
20110628,2.85,3,2.8,3,26707,0
20110629,3,3.05,2.85,2.9,18937,0
20110630,3,3,2.9,3,4283,0
20110701,3,3,2.9,2.9,2001,0
20110704,2.9,2.95,2.8,2.95,10042,0
20110705,2.9,2.95,2.85,2.85,16446,0
20110706,2.95,2.95,2.85,2.95,5924,0
20110707,2.9,2.9,2.85,2.9,5947,0
20110708,2.9,2.9,2.8,2.9,15751,0
20110711,2.9,2.9,2.75,2.8,8493,0
20110712,2.8,2.8,2.65,2.75,31783,0
20110713,2.65,2.75,2.65,2.7,9955,0
20110714,2.7,2.7,2.65,2.7,4539,0
20110715,2.75,2.75,2.65,2.65,5913,0
20110718,2.65,2.65,2.6,2.6,10515,0
20110719,2.6,2.65,2.5,2.6,18289,0
20110720,2.55,2.7,2.55,2.65,6076,0
20110721,2.7,2.7,2.6,2.65,7544,0
20110722,2.7,2.7,2.6,2.65,7064,0
20110725,2.65,2.65,2.55,2.6,4445,0
20110726,2.6,2.65,2.55,2.6,6462,0
20110727,2.6,2.6,2.45,2.5,14962,0
20110728,2.55,2.6,2.4,2.6,36043,0
20110729,2.6,2.6,2.4,2.5,15470,0
20110801,2.55,2.55,2.3,2.35,41120,0
20110802,2.35,2.45,2.3,2.35,11860,0
20110803,2.3,2.35,2.15,2.25,19972,0
20110804,2.1,2.25,1.9,2,71745,0
20110805,1.9,1.95,1.75,1.9,48929,0
20110808,1.75,1.85,1.65,1.7,82228,0
20110809,1.65,1.75,1.5,1.75,74028,0
20110810,1.8,1.95,1.65,1.7,102716,0
20110811,1.65,1.8,1.55,1.8,64403,0
20110812,1.85,1.9,1.75,1.9,26768,0
20110816,1.9,2,1.85,1.95,24137,0
20110817,1.95,2,1.9,1.95,8166,0
20110818,1.9,1.9,1.65,1.8,23400,0
20110819,1.55,1.75,1.55,1.7,18028,0
20110822,1.75,1.95,1.75,1.85,46723,0
20110823,1.85,1.85,1.75,1.8,16434,0
20110824,1.8,1.85,1.75,1.75,14095,0
20110825,1.75,1.75,1.7,1.75,4040,0
20110826,1.7,1.75,1.65,1.75,11014,0
20110829,1.75,1.85,1.75,1.8,10672,0
20110830,1.8,1.85,1.7,1.85,23212,0
20110831,1.8,1.8,1.75,1.8,11546,0
20110901,1.75,1.8,1.7,1.75,12514,0
20110902,1.7,1.75,1.65,1.75,14629,0
20110905,1.7,1.7,1.6,1.6,15423,0
20110906,1.6,1.7,1.6,1.65,10400,0
20110907,1.65,1.7,1.6,1.65,9860,0
20110908,1.65,1.65,1.6,1.65,7956,0
20110909,1.6,1.65,1.55,1.6,13504,0
20110912,1.55,1.6,1.55,1.6,3963,0
20110913,1.5,1.55,1.45,1.55,22216,0
20110914,1.55,1.55,1.45,1.45,9725,0
20110915,1.5,1.55,1.45,1.5,18274,0
20110916,1.5,1.5,1.45,1.45,7680,0
20110919,1.45,1.5,1.4,1.5,4044,0
20110920,1.5,1.6,1.4,1.55,25689,0
20110921,1.5,1.5,1.45,1.45,3621,0
20110922,1.5,1.5,1.4,1.4,15111,0
20110923,1.4,1.5,1.35,1.45,13341,0
20110926,1.45,1.5,1.4,1.4,26048,0
20110927,1.45,1.55,1.4,1.5,32040,0
20110928,1.4,1.45,1.4,1.45,5668,0
20110929,1.4,1.45,1.4,1.45,5875,0
20110930,1.4,1.45,1.35,1.45,3000,0
20111003,1.4,1.4,1.4,1.4,4035,0
20111004,1.45,1.45,1.3,1.35,18216,0
20111005,1.4,1.45,1.35,1.4,14970,0
20111006,1.4,1.5,1.35,1.5,140636,0
20111007,1.55,1.55,1.45,1.5,12162,0
20111010,1.55,1.6,1.45,1.5,59657,0
20111011,1.55,1.55,1.45,1.45,21672,0
20111012,1.45,1.55,1.45,1.5,20254,0
20111013,1.55,1.6,1.5,1.6,21197,0
20111014,1.55,1.65,1.5,1.65,44965,0
20111017,1.65,1.65,1.45,1.45,73843,0
20111018,1.5,1.5,1.4,1.5,40642,0
20111019,1.45,1.6,1.45,1.55,46301,0
20111020,1.5,1.55,1.5,1.55,24066,0
20111021,1.5,1.5,1.4,1.45,96070,0
20111024,1.45,1.65,1.45,1.6,159466,0
20111025,1.6,1.6,1.5,1.5,34802,0
20111026,1.55,1.55,1.5,1.55,19875,0
20111027,1.55,1.6,1.55,1.6,9948,0
20111028,1.6,1.6,1.5,1.55,21433,0
20111031,1.55,1.6,1.5,1.6,23830,0
20111102,1.5,1.55,1.45,1.5,27029,0
20111103,1.55,1.55,1.5,1.55,21195,0
20111104,1.55,1.9,1.55,1.85,449376,0
20111107,1.8,1.85,1.75,1.8,102572,0
20111108,1.8,1.9,1.7,1.75,185838,0
20111109,1.85,2.1,1.85,1.95,394503,0
20111110,1.9,2,1.9,1.9,68145,0
20111114,2,2.1,1.95,2,82664,0
20111115,2,2,1.75,1.8,118363,0
20111116,1.8,1.8,1.7,1.8,45909,0
20111117,1.75,1.8,1.7,1.75,12594,0
20111118,1.8,1.8,1.65,1.65,29076,0
20111121,1.65,1.65,1.55,1.55,44373,0
20111122,1.55,1.7,1.55,1.65,46137,0
20111123,1.65,1.65,1.6,1.6,11026,0
20111124,1.55,1.65,1.55,1.6,32765,0
20111125,1.6,1.85,1.6,1.8,110210,0
20111128,1.8,1.85,1.75,1.8,33298,0
20111129,1.85,1.85,1.75,1.8,23500,0
20111130,1.75,1.8,1.7,1.7,9023,0
20111201,1.7,1.75,1.65,1.7,64687,0
20111202,1.75,1.75,1.7,1.75,7203,0
20111205,1.7,1.8,1.65,1.75,30113,0
20111206,1.75,1.75,1.75,1.75,20,0
20111207,1.75,1.75,1.65,1.65,13766,0
20111208,1.65,1.7,1.65,1.7,9202,0
20111209,1.7,1.7,1.65,1.65,6880,0
20111212,1.65,1.7,1.6,1.7,12738,0
20111213,1.7,1.7,1.65,1.65,1087,0
20111214,1.6,1.65,1.55,1.65,16746,0
20111215,1.65,1.65,1.55,1.55,21478,0
20111216,1.6,1.65,1.45,1.45,38154,0
20111219,1.5,1.5,1.35,1.4,38770,0
20111220,1.4,1.5,1.35,1.4,20608,0
20111221,1.45,1.45,1.4,1.4,21857,0
20111222,1.4,1.45,1.4,1.4,5959,0
20111223,1.4,1.4,1.3,1.4,46116,0
20111227,1.35,1.4,1.35,1.4,38480,0
20111228,1.4,1.4,1.35,1.4,10255,0
20111229,1.35,1.4,1.3,1.35,41271,0
20111230,1.35,1.4,1.35,1.35,18793,0
20120102,1.4,1.45,1.4,1.45,17977,0
20120103,1.5,1.5,1.45,1.5,35100,0
20120104,1.5,1.5,1.5,1.5,23352,0
20120105,1.5,1.5,1.45,1.5,8310,0
20120109,1.5,1.5,1.45,1.45,7811,0
20120110,1.45,1.7,1.4,1.7,309314,0
20120111,1.65,1.8,1.5,1.6,526469,0
20120112,1.6,1.75,1.55,1.6,135741,0
20120113,1.6,1.65,1.55,1.65,110306,0
20120116,1.6,1.65,1.6,1.65,48486,0
20120117,1.65,1.7,1.6,1.65,70828,0
20120118,1.65,1.65,1.6,1.65,6325,0
20120119,1.6,1.65,1.55,1.6,19394,0
20120120,1.55,1.65,1.55,1.65,49527,0
20120123,1.6,1.65,1.55,1.6,13854,0
20120124,1.6,1.7,1.6,1.6,23347,0
20120125,1.6,1.65,1.6,1.65,21558,0
20120126,1.6,1.75,1.55,1.7,132323,0
20120127,1.7,1.95,1.7,1.8,417927,0
20120130,1.85,1.9,1.8,1.9,36392,0
20120131,1.9,1.95,1.75,1.85,110817,0
20120201,1.85,1.9,1.8,1.85,22907,0
20120202,1.85,1.85,1.75,1.8,51839,0
20120203,1.8,1.85,1.75,1.85,15316,0
20120206,1.8,1.85,1.75,1.75,37496,0
20120207,1.75,1.9,1.7,1.9,117827,0
20120208,1.9,1.95,1.85,1.95,96845,0
20120209,1.9,2,1.9,1.95,50082,0
20120210,1.9,1.9,1.8,1.9,17816,0
20120213,1.8,1.9,1.8,1.85,20826,0
20120214,1.85,1.9,1.8,1.85,11631,0
20120215,1.9,2,1.85,1.85,109449,0
20120216,1.85,1.95,1.85,1.9,22603,0
20120217,1.9,1.95,1.9,1.95,16632,0
20120220,1.95,2.25,1.95,2.2,354480,0
20120221,2.2,2.2,2.1,2.15,33039,0
20120222,2.15,2.25,2.05,2.05,64644,0
20120223,2.05,2.15,2,2.05,90738,0
20120224,2.1,2.1,2.05,2.05,45213,0
20120227,2.05,2.05,1.95,2,68259,0
20120228,1.95,2.05,1.9,2.05,41246,0
20120229,2,2.05,1.95,2,19209,0
20120301,1.95,1.95,1.85,1.85,76814,0
20120302,1.85,1.95,1.85,1.95,40848,0
20120305,1.9,1.9,1.8,1.8,23021,0
20120306,1.8,1.85,1.75,1.8,41604,0
20120307,1.75,1.85,1.75,1.8,7909,0
20120308,1.85,1.9,1.85,1.9,26554,0
20120309,1.9,1.9,1.85,1.9,4474,0
20120312,1.8,1.9,1.75,1.85,15763,0
20120313,1.85,1.85,1.75,1.85,7087,0
20120314,1.85,1.95,1.85,1.9,47303,0
20120315,1.9,1.9,1.85,1.9,4809,0
20120316,1.9,1.9,1.85,1.85,14389,0
20120319,1.85,1.9,1.8,1.85,9386,0
20120320,1.85,1.85,1.8,1.8,31178,0
20120321,1.8,1.85,1.75,1.75,15708,0
20120322,1.75,1.8,1.65,1.75,38022,0
20120323,1.75,1.75,1.65,1.7,29675,0
20120326,1.7,1.75,1.6,1.65,13047,0
20120327,1.7,1.75,1.65,1.7,26515,0
20120328,1.7,1.75,1.65,1.7,11372,0
20120329,1.7,1.7,1.65,1.7,13848,0
20120330,1.7,1.75,1.65,1.7,11050,0
20120402,1.75,1.75,1.65,1.65,4268,0
20120403,1.7,1.7,1.6,1.7,31287,0
20120404,1.65,1.65,1.65,1.65,22288,0
20120405,1.65,1.65,1.6,1.6,10581,0
20120410,1.6,1.65,1.55,1.65,16262,0
20120412,1.65,1.65,1.65,1.65,15673,0
20120413,1.65,1.7,1.6,1.7,10720,0
20120416,1.7,1.7,1.55,1.55,16595,0
20120417,1.6,1.65,1.6,1.6,3118,0
20120418,1.55,1.6,1.55,1.6,8603,0
20120419,1.65,1.65,1.6,1.6,3358,0
20120420,1.5,1.55,1.4,1.45,34113,0
20120423,1.5,1.5,1.35,1.4,22992,0
20120424,1.35,1.45,1.35,1.45,16199,0
20120425,1.45,1.5,1.45,1.5,7127,0
20120426,1.5,1.55,1.45,1.55,4097,0
20120427,1.5,1.5,1.45,1.45,2713,0
20120430,1.5,1.5,1.5,1.5,1260,0
20120502,1.45,1.5,1.45,1.5,1800,0
20120504,1.45,1.5,1.45,1.5,1040,0
20120507,1.45,1.5,1.4,1.5,6356,0
20120508,1.45,1.5,1.45,1.5,6071,0
20120509,1.45,1.45,1.45,1.45,360,0
20120510,1.5,1.5,1.45,1.5,9741,0
20120514,1.4,1.45,1.4,1.45,4188,0
20120515,1.4,1.45,1.35,1.45,6269,0
20120516,1.4,1.45,1.35,1.45,27356,0
20120517,1.35,1.4,1.3,1.35,18283,0
20120518,1.35,1.4,1.2,1.25,57645,0
20120521,1.3,1.35,1.3,1.3,8798,0
20120522,1.35,1.35,1.25,1.25,8110,0
20120523,1.25,1.35,1.25,1.3,3768,0
20120524,1.3,1.3,1.25,1.3,3419,0
20120525,1.2,1.3,1.2,1.3,6261,0
20120528,1.25,1.3,1.2,1.25,19180,0
20120529,1.3,1.3,1.15,1.25,17840,0
20120530,1.25,1.25,1.2,1.25,2431,0
20120531,1.15,1.25,1.15,1.15,8739,0
20120601,1.2,1.2,1.1,1.2,9216,0
20120604,1.15,1.2,1.1,1.2,2141,0
20120605,1.1,1.1,1.05,1.1,53972,0
20120606,1.1,1.15,1.1,1.15,13254,0
20120608,1.15,1.2,1.15,1.15,2205,0
20120611,1.15,1.2,1.15,1.2,8482,0
20120612,1.2,1.25,1.2,1.2,27350,0
20120613,1.2,1.3,1.2,1.25,30165,0
20120614,1.25,1.25,1.15,1.15,3102,0
20120615,1.2,1.2,1.15,1.15,9240,0
20120618,1.15,1.25,1.15,1.25,9943,0
20120619,1.2,1.25,1.2,1.25,14354,0
20120620,1.25,1.25,1.2,1.25,2619,0
20120621,1.25,1.25,1.2,1.2,1288,0
20120622,1.2,1.25,1.2,1.25,1401,0
20120625,1.25,1.25,1.2,1.2,2595,0
20120626,1.2,1.25,1.2,1.2,4696,0
20120627,1.2,1.25,1.15,1.25,12837,0
20120628,1.25,1.25,1.15,1.25,4081,0
20120629,1.15,1.25,1.15,1.15,8920,0
20120702,1.15,1.25,1.15,1.2,2031,0
20120703,1.2,1.25,1.2,1.25,2082,0
20120704,1.2,1.3,1.2,1.3,16225,0
20120705,1.25,1.3,1.25,1.25,4435,0
20120706,1.25,1.3,1.2,1.25,2247,0
20120709,1.2,1.3,1.2,1.25,17146,0
20120710,1.25,1.25,1.2,1.25,6166,0
20120711,1.2,1.25,1.2,1.25,4023,0
20120712,1.2,1.25,1.15,1.2,6702,0
20120713,1.2,1.25,1.15,1.25,2207,0
20120716,1.15,1.2,1.15,1.2,8031,0
20120717,1.2,1.2,1.15,1.15,17269,0
20120718,1.2,1.25,1.2,1.2,13512,0
20120719,1.25,1.25,1.15,1.2,3720,0
20120720,1.15,1.25,1.15,1.25,3719,0
20120723,1.25,1.25,1.15,1.2,6316,0
20120724,1.2,1.2,1.15,1.2,5282,0
20120725,1.15,1.2,1.15,1.2,9309,0
20120726,1.2,1.2,1.15,1.2,5760,0
20120727,1.15,1.15,1.15,1.15,2000,0
20120730,1.15,1.2,1.15,1.2,2002,0
20120731,1.15,1.2,1.15,1.2,142,0
20120801,1.15,1.15,1.15,1.15,5526,0
20120802,1.15,1.2,1.15,1.2,4032,0
20120806,1.2,1.2,1.2,1.2,1200,0
20120808,1.15,1.2,1.15,1.2,4522,0
20120809,1.15,1.2,1.15,1.2,974,0
20120810,1.15,1.2,1.15,1.2,663,0
20120813,1.15,1.2,1.1,1.2,4602,0
20120814,1.1,1.15,1.1,1.15,2000,0
20120816,1.1,1.15,1.1,1.15,4441,0
20120817,1.15,1.15,1.15,1.15,7304,0
20120820,1.15,1.15,1.1,1.15,5062,0
20120821,1.1,1.1,1.1,1.1,9146,0
20120822,1.1,1.15,1.1,1.15,24691,0
20120823,1.15,1.15,1.15,1.15,8824,0
20120824,1.15,1.2,1.15,1.2,322,0
20120827,1.1,1.15,1.1,1.15,2580,0
20120828,1.15,1.15,1.15,1.15,1420,0
20120829,1.15,1.15,1.1,1.1,5277,0
20120830,1.1,1.15,1.1,1.15,431,0
20120831,1.1,1.15,1.1,1.15,12614,0
20120903,1.1,1.15,1.1,1.15,6100,0
20120904,1.1,1.1,1.1,1.1,950,0
20120905,1.05,1.05,1.05,1.05,5071,0
20120906,1.1,1.15,1.1,1.1,19094,0
20120907,1.15,1.2,1.15,1.2,4702,0
20120910,1.1,1.15,1.1,1.15,8862,0
20120911,1.1,1.2,1.1,1.2,541,0
20120912,1.15,1.15,1.1,1.15,43,0
20120913,1.1,1.15,1.1,1.1,20680,0
20120914,1.15,1.25,1.15,1.25,54655,0
20120917,1.25,1.3,1.2,1.3,50035,0
20120918,1.25,1.35,1.25,1.35,24867,0
20120919,1.3,1.35,1.25,1.3,32686,0
20120920,1.3,1.3,1.2,1.25,42691,0
20120921,1.25,1.25,1.2,1.25,15973,0
20120924,1.25,1.25,1.15,1.25,30735,0
20120925,1.2,1.25,1.2,1.25,28439,0
20120926,1.2,1.25,1.2,1.25,14443,0
20120927,1.25,1.25,1.2,1.25,10070,0
20120928,1.25,1.35,1.2,1.3,126189,0
20121001,1.3,1.5,1.3,1.4,61152,0
20121002,1.45,1.5,1.4,1.5,37339,0
20121003,1.5,1.6,1.45,1.55,115943,0
20121004,1.55,1.55,1.45,1.5,26838,0
20121005,1.4,1.5,1.4,1.45,26993,0
20121008,1.45,1.45,1.35,1.45,35511,0
20121009,1.4,1.45,1.35,1.35,13984,0
20121010,1.4,1.4,1.3,1.4,19969,0
20121011,1.4,1.45,1.3,1.4,42880,0
20121012,1.35,1.4,1.3,1.35,92665,0
20121015,1.35,1.35,1.25,1.3,39253,0
20121016,1.3,1.4,1.3,1.4,24673,0
20121017,1.35,1.4,1.3,1.3,42690,0
20121018,1.3,1.5,1.3,1.5,117017,0
20121019,1.4,1.75,1.4,1.65,320951,0
20121022,1.65,1.65,1.5,1.6,47032,0
20121023,1.55,1.55,1.45,1.45,49588,0
20121024,1.55,1.7,1.5,1.65,181025,0
20121025,1.6,1.85,1.55,1.85,175433,0
20121026,1.75,1.9,1.7,1.8,112728,0
20121029,1.75,1.8,1.7,1.7,29691,0
20121030,1.65,1.75,1.65,1.7,26876,0
20121031,1.65,1.8,1.6,1.8,43793,0
20121102,1.7,1.9,1.7,1.85,119843,0
20121105,1.8,1.9,1.8,1.85,48300,0
20121106,1.8,1.85,1.7,1.8,63353,0
20121107,1.75,1.85,1.7,1.7,281750,0
20121108,1.75,1.8,1.7,1.75,269863,0
20121109,1.7,1.7,1.65,1.7,46181,0
20121112,1.65,1.7,1.6,1.7,15678,0
20121113,1.6,1.65,1.55,1.65,102188,0
20121114,1.65,1.7,1.6,1.7,25816,0
20121115,1.65,1.75,1.6,1.6,52030,0
20121116,1.65,1.65,1.5,1.55,87070,0
20121119,1.5,1.65,1.5,1.6,94452,0
20121120,1.65,1.75,1.6,1.75,39581,0
20121121,1.65,1.7,1.6,1.7,43286,0
20121122,1.65,1.7,1.6,1.6,51079,0
20121123,1.6,1.6,1.5,1.6,94352,0
20121126,1.6,1.65,1.55,1.65,27726,0
20121127,1.65,1.65,1.5,1.5,136923,0
20121128,1.45,1.5,1.4,1.45,99580,0
20121129,1.45,1.5,1.4,1.5,45475,0
20121130,1.45,1.5,1.4,1.4,40606,0
20121203,1.4,1.45,1.4,1.45,31410,0
20121204,1.45,1.45,1.35,1.4,52671,0
20121205,1.4,1.45,1.35,1.4,15728,0
20121206,1.4,1.45,1.35,1.4,20467,0
20121207,1.35,1.4,1.35,1.4,15692,0
20121210,1.4,1.5,1.4,1.5,52939,0
20121211,1.5,1.5,1.45,1.5,15608,0
20121212,1.45,1.5,1.4,1.5,3750,0
20121213,1.4,1.45,1.4,1.45,42479,0
20121214,1.4,1.45,1.35,1.4,26862,0
20121217,1.4,1.4,1.3,1.35,21898,0
20121218,1.35,1.4,1.35,1.4,1311,0
20121219,1.35,1.45,1.3,1.4,22554,0
20121220,1.35,1.5,1.35,1.45,46912,0
20121221,1.45,1.45,1.4,1.45,13612,0
20121227,1.4,1.4,1.35,1.4,8993,0
20121228,1.4,1.4,1.35,1.4,40102,0
20130102,1.4,1.45,1.35,1.45,33872,0
20130103,1.45,1.45,1.4,1.4,22213,0
20130104,1.4,1.45,1.4,1.4,9575,0
20130107,1.4,1.45,1.4,1.45,6855,0
20130108,1.45,1.45,1.4,1.45,19535,0
20130109,1.4,1.45,1.4,1.45,6029,0
20130110,1.45,1.55,1.4,1.5,79943,0
20130111,1.5,1.55,1.45,1.55,38362,0
20130114,1.55,1.55,1.5,1.55,13940,0
20130115,1.45,1.5,1.45,1.45,25982,0
20130116,1.45,1.5,1.45,1.5,18216,0
20130117,1.45,1.45,1.4,1.4,47109,0
20130118,1.45,1.5,1.4,1.45,13523,0
20130121,1.4,1.5,1.4,1.45,4285,0
20130122,1.45,1.5,1.4,1.45,10444,0
20130123,1.45,1.5,1.4,1.45,12909,0
20130124,1.4,1.45,1.4,1.45,12859,0
20130125,1.45,1.5,1.4,1.4,16109,0
20130128,1.45,1.45,1.4,1.4,19705,0
20130129,1.4,1.45,1.4,1.45,6940,0
20130130,1.4,1.45,1.4,1.45,4737,0
20130131,1.45,1.45,1.35,1.45,8222,0
20130201,1.35,1.45,1.35,1.35,57085,0
20130204,1.35,1.45,1.25,1.4,114420,0
20130205,1.4,1.4,1.35,1.4,52615,0
20130206,1.4,1.6,1.35,1.55,377881,0
20130207,1.55,1.6,1.45,1.5,220275,0
20130208,1.5,1.55,1.45,1.5,66046,0
20130211,1.5,1.5,1.45,1.45,27546,0
20130212,1.45,1.5,1.45,1.45,10639,0
20130213,1.45,1.45,1.4,1.4,14107,0
20130214,1.4,1.45,1.4,1.45,11338,0
20130215,1.4,1.45,1.4,1.45,2815,0
20130218,1.4,1.5,1.4,1.5,40627,0
20130219,1.5,1.55,1.5,1.55,61391,0
20130220,1.55,1.75,1.55,1.7,300524,0
20130221,1.7,1.7,1.65,1.65,50272,0
20130222,1.65,1.9,1.65,1.8,460023,0
20130225,1.8,1.9,1.8,1.85,105459,0
20130226,1.8,1.85,1.75,1.85,208955,0
20130227,1.8,1.85,1.8,1.85,31387,0
20130228,1.85,1.9,1.8,1.8,62094,0
20130301,1.75,1.85,1.7,1.75,53334,0
20130304,1.9,2.05,1.9,2.05,391681,0
20130305,2.05,2.35,2,2.15,377029,0
20130306,2.15,2.2,2.1,2.1,57719,0
20130307,2.1,2.35,2.1,2.35,171563,0
20130308,2.3,2.4,2.2,2.25,63406,0
20130311,2.3,2.4,2.25,2.35,35276,0
20130312,2.35,2.65,2.3,2.6,188360,0
20130313,2.65,2.75,2.4,2.5,160668,0
20130314,2.6,2.6,2.4,2.5,33885,0
20130315,2.5,2.55,2.4,2.4,32223,0
20130318,2.35,2.35,2.2,2.3,49521,0
20130319,2.35,2.35,2.05,2.1,55870,0
20130320,2.05,2.35,2.05,2.3,50812,0
20130321,2.3,2.3,2.1,2.1,50758,0
20130322,2.2,2.2,1.9,2.15,62128,0
20130325,2.15,2.2,2,2,30097,0
20130326,2.05,2.05,1.9,2.05,30132,0
20130327,2.05,2.1,2,2.1,45360,0
20130328,2.05,2.2,2.05,2.2,15200,0
20130402,2.2,2.35,2.2,2.3,50195,0
20130403,2.35,2.55,2.35,2.4,98242,0
20130404,2.45,2.55,2.4,2.5,22406,0
20130405,2.55,2.65,2.55,2.6,102566,0
20130408,2.6,2.6,2.45,2.45,46531,0
20130409,2.45,2.5,2.35,2.45,22118,0
20130410,2.45,2.5,2.4,2.5,20449,0
20130411,2.45,2.55,2.45,2.5,18770,0
20130412,2.45,2.5,2.35,2.5,43254,0
20130415,2.5,2.5,2.4,2.4,22265,0
20130417,2.35,2.35,2.25,2.25,37063,0
20130418,2.2,2.2,2.1,2.2,33226,0
20130419,2.15,2.25,2.1,2.1,13537,0
20130422,2.2,2.25,2.1,2.15,13226,0
20130423,2.1,2.15,2.05,2.1,10885,0
20130424,2.1,2.15,2,2.05,3221,0
20130425,2.1,2.1,1.95,2,26411,0
20130426,2,2.1,2,2.05,7481,0
20130429,2.15,2.15,2.05,2.05,30981,0
20130430,2.05,2.05,1.95,2,20842,0
20130502,1.95,2.05,1.9,2.05,6841,0
20130506,2,2,1.95,2,9552,0
20130507,1.95,2.2,1.95,2.2,33537,0
20130508,2.25,2.35,2.25,2.3,19363,0
20130509,2.3,2.3,2.2,2.25,17048,0
20130510,2.15,2.25,2.15,2.25,13134,0
20130513,2.25,2.25,2.15,2.25,2238,0
20130514,2.2,2.2,2.1,2.15,11639,0
20130515,2.05,2.1,1.95,2.05,57091,0
20130516,2,2.05,1.95,1.95,27725,0
20130517,1.95,2.1,1.9,2.1,38108,0
20130520,2.05,2.1,2.05,2.1,10860,0
20130521,2.1,2.1,2.05,2.1,6065,0
20130522,2.1,2.1,2,2.05,11904,0
20130523,2,2.05,1.9,2.05,23904,0
20130524,2,2.05,1.95,2.05,26798,0
20130527,2,2.1,2,2.1,23199,0
20130528,2.05,2.2,2,2.15,36845,0
20130529,2.1,2.1,2.05,2.1,42641,0
20130531,2.2,2.2,2.05,2.05,29423,0
20130603,2.05,2.05,2,2.05,16473,0
20130604,2.05,2.1,2.05,2.05,21895,0
20130605,2.05,2.15,2,2.15,50219,0
20130606,2.15,2.15,2.1,2.1,13246,0
20130607,2.1,2.1,2,2.1,35938,0
20130610,2.1,2.1,2,2.05,6030,0
20130611,2.05,2.1,2.05,2.1,22072,0
20130612,2.05,2.35,2.05,2.25,150881,0
20130613,2.2,2.25,2.15,2.25,87059,0
20130614,2.2,2.3,2.2,2.2,32432,0
20130617,2.2,2.25,2.15,2.2,23784,0
20130618,2.2,2.2,2.1,2.15,8500,0
20130619,2.15,2.15,2.1,2.15,11171,0
20130620,2.1,2.15,1.9,1.95,111856,0
20130621,1.9,1.9,1.8,1.85,66737,0
20130624,1.85,1.95,1.85,1.95,15408,0
20130625,1.95,2,1.9,2,31595,0
20130626,2.05,2.05,1.9,2,14685,0
20130627,1.95,2,1.9,1.9,10571,0
20130628,1.9,1.95,1.9,1.95,5880,0
20130701,2,2,1.9,1.95,5417,0
20130702,1.9,1.95,1.9,1.95,1626,0
20130703,1.9,1.95,1.85,1.95,21322,0
20130704,1.9,2,1.85,1.95,26610,0
20130705,1.9,1.95,1.9,1.95,8314,0
20130708,1.9,1.95,1.9,1.95,7826,0
20130709,1.9,1.95,1.8,1.9,23011,0
20130710,1.8,1.9,1.8,1.85,15557,0
20130711,1.85,1.9,1.8,1.9,4805,0
20130712,1.85,1.9,1.8,1.85,12570,0
20130715,1.9,1.95,1.9,1.95,32866,0
20130716,2,2,1.9,1.9,3758,0
20130717,1.9,1.95,1.85,1.9,10663,0
20130718,1.9,1.95,1.8,1.9,11684,0
20130719,1.8,1.9,1.8,1.9,9954,0
20130722,1.9,1.9,1.85,1.9,11934,0
20130723,1.9,1.9,1.8,1.9,8487,0
20130724,1.85,1.85,1.85,1.85,9000,0
20130725,1.85,1.85,1.8,1.85,10667,0
20130726,1.9,1.9,1.75,1.8,19896,0
20130729,1.8,1.9,1.8,1.8,9982,0
20130730,1.8,1.85,1.8,1.85,560,0
20130731,1.85,1.85,1.8,1.85,6130,0
20130801,1.8,1.9,1.8,1.9,7029,0
20130802,1.9,1.95,1.9,1.95,35787,0
20130805,1.9,1.95,1.85,1.85,20046,0
20130806,1.9,1.9,1.85,1.9,4159,0
20130807,1.85,1.9,1.85,1.9,8522,0
20130808,1.9,2,1.8,2,68402,0
20130809,2,2.05,1.95,2,38159,0
20130812,2.1,2.3,2.1,2.25,275940,0
20130813,2.25,2.3,2.2,2.25,29478,0
20130814,2.25,2.25,2.15,2.25,43452,0
20130816,2.2,2.3,2.2,2.25,16960,0
20130819,2.25,2.25,2.15,2.2,13218,0
20130820,2.15,2.2,2.15,2.2,13270,0
20130821,2.15,2.15,2,2.1,35508,0
20130822,2,2.2,2,2.2,20112,0
20130823,2.2,2.25,2.15,2.2,18437,0
20130826,2.2,2.2,2.2,2.2,4200,0
20130827,2.15,2.25,2.15,2.15,20658,0
20130828,2.1,2.15,2.1,2.15,13500,0
20130829,2.15,2.2,2.1,2.15,19618,0
20130830,2.2,2.2,2.1,2.15,7861,0
20130902,2.1,2.15,2.1,2.1,9665,0
20130903,2.05,2.1,2,2.1,9413,0
20130904,2.05,2.15,2.05,2.15,8008,0
20130905,2.1,2.1,2,2.05,10413,0
20130906,2.05,2.1,2.05,2.1,8643,0
20130909,2.05,2.1,2,2.1,14260,0
20130910,2.1,2.2,2.05,2.2,35416,0
20130911,2.2,2.2,2.1,2.1,22684,0
20130912,2.15,2.15,2.05,2.15,16713,0
20130913,2.15,2.15,2.05,2.15,6187,0
20130916,2.05,2.1,2,2.05,44444,0
20130917,2,2.05,2,2.05,7557,0
20130918,2.05,2.1,2,2.1,20694,0
20130919,2.1,2.1,2.05,2.1,10393,0
20130920,2.05,2.15,2.05,2.1,24616,0
20130923,2.1,2.1,2.05,2.05,7575,0
20130924,2.05,2.1,2.05,2.1,5890,0
20130925,2.05,2.1,2.05,2.05,4983,0
20130926,2.05,2.1,2,2,45106,0
20130927,2,2,1.95,2,13309,0
20130930,2,2,1.85,1.9,73024,0
20131001,1.95,2.05,1.95,2,32114,0
20131002,2.05,2.05,1.95,2,9182,0
20131003,1.95,2.05,1.95,2.05,20081,0
20131004,2.05,2.05,2,2.05,4244,0
20131007,2,2,2,2,13482,0
20131008,2.05,2.05,1.95,2,31850,0
20131009,2,2.05,1.95,2.05,32544,0
20131010,2,2.05,1.95,2.05,15729,0
20131011,2,2.05,1.95,2.05,11884,0
20131014,2,2.05,1.95,2.05,11742,0
20131015,2.05,2.2,2.05,2.15,113286,0
20131016,2.2,2.2,2.1,2.1,32853,0
20131017,2.1,2.15,2.1,2.15,18848,0
20131018,2.1,2.15,2.05,2.15,18898,0
20131021,2.15,2.2,2.1,2.15,4445,0
20131022,2.2,2.3,2.2,2.25,151156,0
20131023,2.25,2.3,2.2,2.25,10143,0
20131024,2.25,2.25,2.2,2.25,24325,0
20131025,2.25,2.25,2.15,2.2,58415,0
20131028,2.25,2.25,2.2,2.25,13229,0
20131029,2.25,2.35,2.2,2.3,74439,0
20131030,2.3,2.35,2.2,2.2,35874,0
20131031,2.2,2.3,2.2,2.25,47004,0
20131104,2.25,2.35,2.2,2.35,63093,0
20131105,2.35,2.5,2.3,2.45,146573,0
20131106,2.45,2.45,2.4,2.45,21615,0
20131107,2.4,2.5,2.4,2.45,25463,0
20131108,2.45,2.45,2.4,2.45,46087,0
20131112,2.45,2.5,2.35,2.35,21882,0
20131113,2.35,2.4,2.25,2.3,68365,0
20131114,2.25,2.3,2.1,2.15,147594,0
20131115,2.15,2.15,2,2.1,121025,0
20131118,2.05,2.1,2,2.05,35594,0
20131119,2.1,2.1,2.05,2.1,25996,0
20131120,2.05,2.1,2,2,32684,0
20131121,2,2.15,2,2.1,48113,0
20131122,2.1,2.1,2.05,2.05,31739,0
20131125,2.05,2.1,2.05,2.1,29741,0
20131126,2.1,2.15,2.05,2.1,11382,0
20131127,2.15,2.15,2.05,2.1,4178,0
20131128,2.1,2.15,2.05,2.15,12842,0
20131129,2.1,2.15,2.1,2.15,7855,0
20131202,2.15,2.2,2.1,2.15,43419,0
20131203,2.15,2.15,2.1,2.1,24203,0
20131204,2.1,2.1,2.05,2.1,24200,0
20131205,2.05,2.1,2.05,2.1,300,0
20131206,2.05,2.1,2,2.1,9238,0
20131209,2.05,2.1,2.05,2.1,8372,0
20131210,2.1,2.15,2.05,2.1,25275,0
20131211,2.1,2.1,2.05,2.1,8382,0
20131212,2.05,2.05,1.95,2,35489,0
20131213,1.95,2.05,1.95,2.05,16136,0
20131216,2.05,2.05,2.05,2.05,3106,0
20131217,2,2.05,2,2.05,8454,0
20131218,2,2.05,1.95,2.05,4696,0
20131219,2,2,1.95,2,11634,0
20131220,1.95,2,1.9,1.95,68867,0
20131223,1.95,2,1.9,2,9458,0
20131227,2,2.05,1.95,2.05,4634,0
20131230,2.05,2.05,1.95,2,6043,0
20140102,2,2.05,2,2,8931,0
20140103,2,2.05,2,2.05,10937,0
20140107,2.05,2.1,2,2.1,1403,0
20140108,2.1,2.1,2.05,2.1,3518,0
20140109,2.05,2.1,2,2.05,9824,0
20140110,2,2.05,2,2.05,6690,0
20140113,2,2.05,2,2,5051,0
20140114,2.05,2.1,2,2.1,8714,0
20140115,2.1,2.1,2.05,2.05,12999,0
20140116,2.05,2.1,2.05,2.1,801,0
20140117,2.05,2.05,2,2.05,10468,0
20140120,2.05,2.05,2,2,1378,0
20140121,2,2.2,2,2.15,87995,0
20140122,2.15,2.2,2.1,2.15,41450,0
20140123,2.15,2.15,2.1,2.1,9135,0
20140124,2.05,2.15,2.05,2.15,9637,0
20140127,2.15,2.15,2.05,2.1,7179,0
20140128,2.1,2.1,2,2,86014,0
20140129,2,2.05,1.95,2,10685,0
20140130,1.95,2.05,1.95,2.05,4328,0
20140131,2.05,2.1,2.05,2.05,18610,0
20140203,2.1,2.1,2,2.05,5208,0
20140204,2,2.05,2,2.05,4306,0
20140205,2.05,2.05,2,2,5953,0
20140206,2.05,2.05,1.95,2.05,13623,0
20140207,2,2.05,2,2.05,7140,0
20140210,2.05,2.1,2,2.05,81310,0
20140211,2.05,2.1,2,2.05,23808,0
20140212,2.05,2.1,2,2,32629,0
20140213,2.05,2.2,2,2.15,202743,0
20140214,2.2,2.35,2.2,2.25,202413,0
20140217,2.3,2.4,2.3,2.35,180627,0
20140218,2.35,2.4,2.25,2.3,79603,0
20140219,2.2,2.3,2.2,2.3,17878,0
20140220,2.25,2.25,2.2,2.25,32067,0
20140221,2.2,2.25,2.2,2.25,35306,0
20140224,2.25,2.25,2.2,2.25,30628,0
20140225,2.2,2.25,2.2,2.2,22569,0
20140226,2.2,2.25,2.15,2.15,31638,0
20140227,2.15,2.2,2.15,2.2,8465,0
20140228,2.2,2.2,2.15,2.15,475,0
20140303,2.15,2.15,2,2,70570,0
20140304,2,2.2,2,2.2,119612,0
20140305,2.15,2.35,2.15,2.3,145920,0
20140306,2.3,2.3,2.2,2.2,12718,0
20140307,2.25,2.25,2.15,2.25,21860,0
20140310,2.2,2.25,2.2,2.25,2000,0
20140311,2.2,2.25,2.15,2.25,13628,0
20140312,2.2,2.2,2.1,2.2,24942,0
20140313,2.15,2.15,2.05,2.15,22943,0
20140314,2.1,2.1,2,2.1,36014,0
20140317,2.05,2.15,2.05,2.1,47965,0
20140318,2.1,2.1,2.05,2.05,26069,0
20140319,2.1,2.15,2.05,2.1,6456,0
20140320,2.1,2.15,2.1,2.15,12179,0
20140321,2.1,2.15,1.95,2.05,192177,0
20140324,2,2.05,1.95,2,59682,0
20140325,2,2.05,1.95,2.05,51775,0
20140326,2,2.05,1.95,2.05,83695,0
20140327,2.05,2.05,1.95,1.95,71909,0
20140328,2,2,1.9,1.95,68418,0
20140331,1.95,1.95,1.85,1.9,96780,0
20140401,1.95,1.95,1.95,1.95,2604,0
20140402,1.9,1.95,1.9,1.95,13512,0
20140403,1.95,1.95,1.9,1.9,2907,0
20140404,1.9,1.95,1.9,1.95,3969,0
20140407,1.95,1.95,1.95,1.95,2394,0
20140408,1.95,1.95,1.95,1.95,9110,0
20140409,1.95,1.95,1.95,1.95,8848,0
20140410,1.95,1.95,1.9,1.9,3504,0
20140411,1.9,1.95,1.9,1.95,10400,0
20140414,1.9,1.9,1.85,1.85,13523,0
20140415,1.85,1.85,1.8,1.8,7743,0
20140416,1.8,1.85,1.8,1.85,9347,0
20140417,1.85,1.85,1.85,1.85,5112,0
20140422,1.85,1.85,1.85,1.85,9011,0
20140423,1.9,1.9,1.85,1.85,13454,0
20140424,1.85,1.85,1.85,1.85,1719,0
20140425,1.85,1.85,1.85,1.85,949,0
20140428,1.8,1.8,1.8,1.8,23577,0
20140429,1.8,1.8,1.8,1.8,7662,0
20140430,1.75,1.75,1.75,1.75,8055,0
20140502,1.8,1.8,1.8,1.8,3682,0
20140505,1.8,1.8,1.8,1.8,1356,0
20140506,1.8,1.8,1.8,1.8,8590,0
20140507,1.8,1.8,1.75,1.75,6380,0
20140508,1.75,1.75,1.75,1.75,3418,0
20140509,1.8,1.85,1.8,1.85,7420,0
20140512,1.8,1.85,1.8,1.85,4836,0
20140513,1.85,1.9,1.85,1.9,5343,0
20140514,1.9,1.9,1.9,1.9,6232,0
20140515,1.9,1.95,1.9,1.95,9874,0
20140516,1.9,1.9,1.9,1.9,11310,0
20140519,1.9,1.9,1.9,1.9,10476,0
20140605,1.89,1.89,1.85,1.85,12581,0
20140606,1.77,1.77,1.75,1.75,17268,0
20140609,1.7,1.7,1.7,1.7,21991,0
20140610,1.72,1.73,1.72,1.73,4736,0
20140611,1.73,1.73,1.73,1.73,7515,0
20140612,1.71,1.71,1.71,1.71,2400,0
20140613,1.71,1.71,1.71,1.71,11946,0
